0.320908
0.358949
0.289323
0.344701
0.222116
0.463496
0.338819
0.276479
0.23857
0.284216
0.333447
0.241438
0.267896
0.29835
0.318634
0.301988
0.35119
0.297005
0.291871
0.270349
0.3086
0.303458
0.30768
0.233609
0.342797
0.277483
0.314948
0.394877
0.254198
0.352357
0.238948
0.275509
0.392255
0.245967
0.296161
0.271423
0.3458
0.287708
0.467878
0.262744
0.293789
0.470502
0.373877
0.264873
0.308561
0.324895
0.283366
0.327839
0.302957
0.29274
0.314601
0.300948
0.292459
0.334535
0.273335
0.220822
0.297053
0.504316
0.34138
0.253952
0.452726
0.2723
0.258034
0.353137
0.291754
0.301922
0.42628
0.349989
0.260279
0.238323
0.291195
0.351564
0.331105
0.308419
0.353771
0.375535
0.358699
0.279927
0.236007
0.289816
0.277421
0.348386
0.329871
0.256012
0.315921
0.28293
0.258701
0.405671
0.333803
0.237729
0.387867
0.255131
0.358178
0.290003
0.290164
0.346118
0.290222
0.265768
0.301872
0.317666
0.243129
0.29132
0.283414
0.309493
0.27015
0.219496
0.342308
0.313479
0.307257
0.361879
0.314786
0.314577
0.235016
0.259096
0.30326
0.285703
0.28215
0.324007
0.27618
0.330389
0.290875
0.297555
0.291876
0.340584
0.38777
0.341076
0.308857
0.387017
0.301091
0.351547
0.331516
0.367396
0.253303
0.29586
0.38547
0.349009
0.320977
0.328564
0.279399
0.34663
0.185936
0.24684
0.273949
0.313758
0.248404
0.302444
0.289092
0.339806
0.321988
0.252568
0.344365
0.240097
0.323816
0.313908
0.312849
0.252023
0.35623
0.309388
0.278499
0.272836
0.425198
0.265484
0.257027
0.391297
0.293431
0.272645
0.323656
0.272757
0.343929
0.244811
0.339972
0.296238
0.309882
0.333902
0.281001
0.348809
0.297829
0.380227
0.285874
0.338661
0.282872
0.362785
0.33785
0.305803
0.249757
0.290918
0.351337
0.316411
0.286411
0.268476
0.355934
0.286176
0.397999
0.336071
0.334188
0.224398
0.279223
0.241595
0.27813
0.282215
0.231989
0.301441
0.240046
0.362674
0.353756
0.356732
0.342369
0.23856
0.293013
0.312209
0.300865
0.294546
0.316341
0.236692
0.380346
0.320199
0.46025
0.338963
0.314418
0.316216
0.251672
0.465829
0.378402
0.264061
0.243396
0.346101
0.358308
0.287261
0.352233
0.375508
0.223979
0.279765
0.319281
0.37534
0.277438
0.32184
0.280362
0.256199
0.274197
0.256788
0.27608
0.278851
0.274005
0.260593
0.515101
0.28516
0.406071
0.295213
0.298001
0.363887
0.247287
0.324611
0.24941
0.293149
0.346229
0.266432
0.263931
0.24576
0.240156
0.361608
0.308602
0.296317
0.321008
0.318633
0.326402
0.318448
0.373474
0.353779
0.235776
0.419668
0.423667
0.258281
0.438964
0.346092
0.320057
0.295325
0.422805
0.335572
0.281149
0.472928
0.317992
0.335477
0.285757
0.201586
0.291846
0.325871
0.374223
0.248603
0.331869
0.481611
0.284393
0.342571
0.283285
0.239991
0.309323
0.297319
0.31482
0.271053
0.292675
0.250412
0.346812
0.273111
0.399722
0.446189
0.294867
0.270761
0.403121
0.285515
0.263138
0.281083
0.290614
0.398885
0.304348
0.281959
0.30252
0.276614
0.29937
0.2906
0.314555
0.283985
0.23636
0.273404
0.273434
0.331527
0.443193
0.323917
0.365365
0.262453
0.276091
0.253078
0.279697
0.37689
0.280372
0.326276
0.426414
0.399329
0.255869
0.320713
0.26805
0.242587
0.331581
0.269777
0.242804
0.29075
0.289407
0.3402
0.283028
0.285297
0.409554
0.295899
0.359255
0.329706
0.283019
0.270453
0.306939
0.343297
0.301181
0.302609
0.283895
0.261271
0.298903
0.376069
0.306996
0.340187
0.300117
0.283269
0.264794
0.292486
0.270544
0.281938
0.375142
0.299811
0.287385
0.324288
0.513217
0.353046
0.314614
0.290434
0.226148
0.305064
0.25733
0.285823
0.290585
0.485748
0.343271
0.337628
0.298118
0.234116
0.317483
0.333717
0.332361
0.219515
0.321223
0.303616
0.267356
0.413775
0.345618
0.319132
0.310141
0.409879
0.299237
0.347736
0.239517
0.342587
0.474334
0.35183
0.307687
0.257297
0.3025
0.273029
0.241976
0.258007
0.292589
0.306667
0.259732
0.29074
0.354797
0.301659
0.316255
0.252355
0.242303
0.375492
0.351393
0.264283
0.262296
0.269066
0.273103
0.3489
0.325411
0.273393
0.321028
0.286441
0.243356
0.444213
0.240176
0.399912
0.31104
0.289984
0.292423
0.321946
0.227133
0.494689
0.249865
0.381171
0.313121
0.314048
0.295012
0.268344
0.210786
0.295698
0.32935
0.381685
0.31382
0.29929
0.38235
0.286028
0.286388
0.309467
0.257595
0.268521
0.44826
0.252971
0.306233
0.273963
0.312002
0.301647
0.330496
0.30441
0.325693
0.221993
0.281586
0.34501
0.397746
0.303998
0.326007
0.310651
0.298148
0.346951
0.395159
0.243058
0.341371
0.237255
0.358364
0.315226
0.430178
0.277993
0.273119
0.248301
0.318681
0.271472
0.283268
0.256535
0.353568
0.272317
0.307426
0.305162
0.316624
0.296107
0.30984
0.32408
0.294858
0.268753
0.347466
0.340879
0.433402
0.281329
0.274057
0.300612
0.324253
0.320328
0.297165
0.305449
0.294964
0.294415
0.257994
0.301945
0.367978
0.280377
0.26242
0.316677
0.308906
0.382576
0.307883
0.289559
0.251538
0.299441
0.282363
0.318454
0.321636
0.281469
0.284759
0.424814
0.254498
0.311481
0.378539
0.398828
0.39956
0.320438
0.279438
0.371718
0.260674
0.369472
0.293477
0.29935
0.358292
0.225415
0.240056
0.404263
0.316613
0.306656
0.221236
0.269074
0.29503
0.433686
0.29319
0.300688
0.342398
0.382737
0.272259
0.233259
0.37213
0.334539
0.269875
0.272162
0.323929
0.420068
0.454312
0.310174
0.285325
0.267988
0.284732
0.251983
0.350349
0.402718
0.319653
0.289331
0.3378
0.308068
0.305796
0.256448
0.423953
0.514552
0.280131
0.367378
0.313869
0.305313
0.280344
0.357765
0.392845
0.300673
0.299846
0.288794
0.307516
0.35243
0.307717
0.27094
0.370647
0.273661
0.266177
0.323462
0.279565
0.364376
0.311414
0.173739
0.430733
0.296452
0.346288
0.33276
0.30825
0.341804
0.287742
0.372024
0.364857
0.310672
0.33746
0.290208
0.396303
0.307351
0.344113
0.288106
0.277795
0.228956
0.302191
0.439601
0.268941
0.269912
0.303258
0.321034
0.301289
0.307517
0.251521
0.310509
0.246566
0.296029
0.309898
0.34605
0.327961
0.302658
0.345986
0.260841
0.361762
0.374426
0.422836
0.497198
0.387097
0.3076
0.343471
0.330562
0.405965
0.438733
0.30885
0.531637
0.293008
0.297742
0.28912
0.314083
0.27606
0.31187
0.382864
0.281108
0.27803
0.32287
0.293773
0.325194
0.272854
0.37863
0.309209
0.24635
0.39875
0.467518
0.293418
0.498361
0.274004
0.407722
0.288482
0.358211
0.263817
0.31743
0.303619
0.335936
0.291435
0.299619
0.290022
0.244685
0.320196
0.361762
0.270115
0.280864
0.252835
0.246763
0.237161
0.294214
0.351559
0.287887
0.295861
0.301803
0.299718
0.251012
0.304886
0.242382
0.381702
0.274311
0.321658
0.506492
0.317286
0.536873
0.325492
0.236582
0.258389
0.331497
0.286221
0.231834
0.312519
0.299805
0.308014
0.268291
0.384166
0.279773
0.322072
0.28937
0.382946
0.369273
0.292334
0.319513
0.300538
0.242671
0.371547
0.350944
0.366563
0.29359
0.277036
0.297158
0.223513
0.324288
0.303654
0.339402
0.369157
0.242107
0.265125
0.33083
0.283254
0.321805
0.263886
0.26111
0.281248
0.338591
0.242507
0.388053
0.305632
0.293809
0.274106
0.255827
0.500464
0.315678
0.280704
0.28345
0.347025
0.2883
0.335452
0.249895
0.371635
0.338418
0.250015
0.285073
0.287375
0.33689
0.358966
0.291244
0.295965
0.430973
0.316708
0.330591
0.314134
0.255006
0.278627
0.294076
0.423891
0.305533
0.293084
0.296402
0.279266
0.25182
0.287574
0.318128
0.255399
0.260285
0.340322
0.299285
0.351149
0.31163
0.291915
0.211568
0.343293
0.406733
0.30146
0.242268
0.37159
0.341165
0.296261
0.436616
0.264635
0.301209
0.338501
0.307242
0.259815
0.322785
0.301185
0.367045
0.371924
0.250615
0.357615
0.422887
0.333558
0.283686
0.293302
0.268494
0.310784
0.282255
0.287089
0.321962
0.338988
0.382763
0.313572
0.326557
0.387847
0.360454
0.327988
0.359812
0.333333
0.331978
0.271365
0.27493
0.335137
0.332166
0.418788
0.293564
0.309344
0.280266
0.42752
0.252046
0.319684
0.359469
0.295006
0.362649
0.285151
0.38238
0.26697
0.283852
0.309527
0.233281
0.319253
0.37389
0.324977
0.275593
0.350369
0.369293
0.282463
0.278528
0.305728
0.321149
0.29985
0.313914
0.361328
0.342075
0.326002
0.405216
0.33865
0.310631
0.304889
0.29355
0.247415
0.224982
0.388893
0.285574
0.623587
0.283793
0.282343
0.324988
0.328307
0.303168
0.299986
0.284552
0.259483
0.310868
0.363384
0.310649
0.242642
0.355598
0.29541
0.292274
0.271334
0.256666
0.246242
0.23788
0.335451
0.295906
0.295693
0.317819
0.304072
0.305707
0.458486
0.38034
0.304565
0.291761
0.290673
0.272479
0.231845
0.296458
0.254691
0.34789
0.360329
0.361593
0.255274
0.325575
0.287102
0.359325
0.243791
0.369146
0.320488
0.265276
0.308359
0.254247
0.272075
0.367584
0.233045
0.31868
0.275673
0.354836
0.322835
0.275568
0.323097
0.305009
0.219494
0.335908
0.291601
0.315117
0.260873
0.302909
0.27751
0.217551
0.381671
0.392022
0.292145
0.321274
0.255701
0.286754
0.277464
0.277727
0.215389
0.33999
0.364311
0.236547
0.524123
0.327239
0.270484
0.290311
0.316195
0.353945
0.251678
0.362295
0.327207
0.348665
0.339635
0.357363
0.282177
0.481712
0.280837
0.225412
0.355371
0.33268
0.290126
0.379104
0.337485
0.392425
0.292511
0.269964
0.288148
0.335032
0.435264
0.296667
0.348128
0.277611
0.29588
0.253755
0.26706
0.271485
0.289872
0.481013
0.280006
0.49833
0.196824
0.383824
0.454545
0.279812
0.304154
0.429148
0.348155
0.381321
0.286569
0.350258
0.420419
0.343745
0.390502
0.26123
0.337563
0.285446
0.39573
0.285053
0.365366
0.347626
0.2487
0.343323
0.293489
0.298897
0.451346
0.288791
0.398962
0.307081
0.283556
0.279653
0.279988
0.290357
0.30076
0.418703
0.339566
0.282096
0.305092
0.342866
0.369883
0.299759
0.309015
0.283043
0.329628
0.313783
0.384262
0.311235
0.258337
0.492791
0.275203
0.288038
0.293505
0.288239
0.353651
0.209873
0.2936
0.236357
0.300737
0.247592
0.277609
0.332629
0.320411
0.273292
0.289241
0.395815
0.327182
0.268576
0.297667
0.40969
0.407766
0.263599
0.344238
0.409642
0.294802
0.323849
0.274803
0.298232
0.413196
0.303479
0.262928
0.331015
0.367953
0.471021
0.321574
0.42313
0.287563
0.314384
0.296571
0.309599
0.407752
0.298921
0.346189
0.327248
0.440918
0.373753
0.306677
0.306202
0.305839
0.269824
0.246966
0.271962
0.260548
0.317216
0.258501
0.380368
0.347414
0.278133
0.408243
0.313338
0.364032
0.245475
0.31746
0.244454
0.324656
0.24509
0.361562
0.370889
0.268486
0.251405
0.322345
0.359019
0.285998
0.268205
0.338151
0.287551
0.271225
0.33134
0.311116
0.314711
0.378239
0.307937
0.357237
0.217402
0.320058
0.402483
0.288232
0.282436
0.261956
0.307129
0.296964
0.27072
0.307635
0.381727
0.289975
0.332317
0.284873
0.262501
0.338948
0.270225
0.27676
0.258931
0.257054
0.27792
0.367647
0.404569
0.294248
0.299016
0.371263
0.271735
0.437677
0.318697
0.49448
0.376622
0.264942
0.382245
0.364392
0.333603
0.239431
0.320196
0.286323
0.313305
0.368058
0.335256
0.337905
0.438677
0.346479
0.373657
0.327953
0.299953
0.439375
0.292463
0.362761
0.380072
0.321804
0.337562
0.30647
0.329643
0.284334
0.247928
0.334016
0.284123
0.299334
0.320068
0.424578
0.278
0.252961
0.439019
0.413061
0.294059
0.255985
0.281234
0.240172
0.258447
0.270956
0.327922
0.256582
0.285152
0.387966
0.256614
0.411491
0.287136
0.269012
0.307626
0.36234
0.310948
0.315358
0.269364
0.256178
0.320218
0.28223
0.285682
0.291138
0.257411
0.403074
0.290749
0.290766
0.392005
0.399863
0.321115
0.379245
0.330865
0.265775
0.59025
0.317539
0.350311
0.199296
0.332598
0.402905
0.396867
0.26896
0.232411
0.281297
0.351293
0.257006
0.279489
0.303183
0.426805
0.283953
0.254898
0.28354
0.358768
0.402448
0.284517
0.244682
0.402434
0.334195
0.308922
0.248273
0.370332
0.348303
0.281397
0.305936
0.391491
0.319133
0.271069
0.301695
0.264469
0.241124
0.308132
0.258035
0.271742
0.356898
0.281624
0.376604
0.248718
0.354891
0.265585
0.291486
0.330772
0.230798
0.286702
0.293521
0.329968
0.262106
0.263347
0.280328
0.305378
0.272947
0.344619
0.24002
0.319641
0.262546
0.274219
0.293612
0.292687
0.326373
0.436957
0.298319
0.307403
0.365752
0.354733
0.322052
0.285404
0.343167
0.300677
0.275065
0.272913
0.263068
0.345781
0.347088
0.339101
0.380753
0.328014
0.320428
0.313739
0.359389
0.310489
0.366723
0.345978
0.325059
0.269079
0.240453
0.329077
0.279714
0.324383
0.341828
0.240484
0.402353
0.300801
0.307466
0.234072
0.374321
0.313338
0.312046
0.374214
0.283332
0.274101
0.498146
0.393331
0.266521
0.332803
0.290316
0.27139
0.289466
0.270947
0.509184
0.275546
0.286025
0.297874
0.261092
0.267999
0.260386
0.281226
0.328279
0.39278
0.358688
0.256281
0.27163
0.432269
0.308656
0.302164
0.398954
0.353715
0.339412
0.284296
0.296812
0.277248
0.285377
0.245394
0.283891
0.334036
0.438629
0.201131
0.270386
0.250054
0.203531
0.32655
0.259086
0.241944
0.34693
0.340093
0.238792
0.428119
0.257178
0.309225
0.331285
0.327006
0.312176
0.307815
0.334994
0.281675
0.330207
0.381381
0.300057
0.258929
0.36091
0.30303
0.256239
0.295578
0.224672
0.295805
0.259631
0.429692
0.297299
0.344477
0.463558
0.282993
0.268828
0.30223
0.308529
0.304014
0.348322
0.27691
0.254937
0.270838
0.292113
0.328682
0.254517
0.309855
0.264052
0.39848
0.296334
0.36175
0.421673
0.347624
0.42401
0.276198
0.27981
0.29618
0.243881
0.269615
0.307174
0.275395
0.296179
0.255817
0.264755
0.264613
0.299875
0.351393
0.344467
0.498645
0.356446
0.280245
0.29817
0.41738
0.350641
0.250692
0.30222
0.330473
0.255714
0.298472
0.264548
0.330965
0.342596
0.41344
0.251867
0.270322
0.344309
0.318712
0.422627
0.314645
0.306175
0.376881
0.323914
0.297462
0.367201
0.263671
0.365253
0.354734
0.305443
0.310563
0.318611
0.242607
0.310064
0.30457
0.333048
0.232505
0.271452
0.308726
0.347189
0.292286
0.309829
0.348295
0.349749
0.322788
0.333809
0.304663
0.307372
0.301787
0.329113
0.359742
0.293032
0.371583
0.337789
0.285303
0.343538
0.272447
0.316999
0.262679
0.336019
0.299858
0.333889
0.368886
0.3472
0.359897
0.282493
0.330273
0.309112
0.311475
0.329365
0.355914
0.330694
0.251776
0.281426
0.319165
0.308943
0.226721
0.331107
0.310149
0.326546
0.333502
0.365625
0.333239
0.28964
0.25156
0.289085
0.283676
0.305302
0.311819
0.264079
0.287444
0.242608
0.310434
0.346067
0.29886
0.367223
0.371749
0.366237
0.349254
0.311941
0.245963
0.329274
0.32765
0.314307
0.244783
0.325579
0.241682
0.250409
0.265141
0.383935
0.280562
0.287218
0.385178
0.361922
0.298129
0.228931
0.404877
0.307915
0.322725
0.322887
0.189582
0.278542
0.27397
0.313216
0.3118
0.259764
0.296409
0.321141
0.234074
0.296412
0.294556
0.326567
0.272692
0.263577
0.296476
0.380173
0.277947
0.275201
0.368051
0.27282
0.315865
0.339799
0.337656
0.400517
0.326465
0.348161
0.287357
0.363435
0.271117
0.396383
0.315341
0.260754
0.330817
0.303615
0.270552
0.269646
0.279254
0.285228
0.254008
0.309432
0.360036
0.333867
0.342161
0.319848
0.297708
0.311016
0.284897
0.321671
0.304975
0.296342
0.298452
0.272888
0.271064
0.38076
0.364297
0.444294
0.299524
0.296076
0.303981
0.268778
0.338141
0.247776
0.277796
0.277176
0.356334
0.280901
0.359594
0.339382
0.312999
0.286931
0.337326
0.330935
0.202901
0.290002
0.408529
0.520956
0.284904
0.295242
0.279345
0.302758
0.271884
0.34809
0.394154
0.27876
0.273292
0.44142
0.397071
0.28152
0.281888
0.272234
0.277713
0.307928
0.285614
0.359511
0.257831
0.305597
0.414842
0.36168
0.339628
0.280464
0.313056
0.267261
0.307883
0.313819
0.284875
0.183703
0.314179
0.424233
0.256224
0.358501
0.287294
0.38682
0.289647
0.295495
0.406645
0.235973
0.263801
0.410936
0.341801
0.362556
0.339621
0.320097
0.29904
0.336966
0.262344
0.31183
0.312825
0.318189
0.419965
0.34186
0.426241
0.375551
0.281211
0.349837
0.326493
0.264294
0.297781
0.271331
0.270865
0.300597
0.323628
0.297383
0.342092
0.262241
0.305445
0.275217
0.308608
0.300672
0.278543
0.456936
0.264015
0.227884
0.258012
0.346546
0.28191
0.271416
0.335857
0.337298
0.365431
0.35355
0.393558
0.292877
0.301413
0.281441
0.316713
0.335238
0.238863
0.328386
0.313033
0.353494
0.269234
0.361154
0.333485
0.282901
0.268456
0.331775
0.305462
0.315664
0.277354
0.278913
0.298423
0.400286
0.25208
0.253335
0.339179
0.271208
0.276368
0.321738
0.315734
0.33769
0.265445
0.230256
0.292949
0.30021
0.343559
0.363128
0.270858
0.284743
0.386368
0.263485
0.32154
0.325324
0.295412
0.315357
0.336501
0.252429
0.324141
0.281536
0.307796
0.302716
0.305663
0.437816
0.260334
0.330488
0.262285
0.292331
0.283354
0.316356
0.372401
0.299813
0.270008
0.329802
0.361001
0.314441
0.264169
0.314463
0.283225
0.259851
0.302593
0.293122
0.263395
0.281558
0.338754
0.318475
0.355932
0.435827
0.259496
0.268061
0.329886
0.361722
0.25751
0.395628
0.334782
0.307343
0.323126
0.474651
0.278458
0.299953
0.339189
0.275377
0.330838
0.314117
0.305616
0.229697
0.32102
0.276868
0.329223
0.227425
0.316722
0.285818
0.326254
0.3551
0.305627
0.26734
0.276941
0.35935
0.303761
0.267954
0.415539
0.339002
0.187247
0.273238
0.386669
0.262487
0.327819
0.28132
0.339131
0.257883
0.316455
0.325908
0.278632
0.257817
0.40795
0.325213
0.391964
0.268217
0.376527
0.310882
0.39994
0.470826
0.294258
0.297866
0.408275
0.304022
0.243906
0.309489
0.285965
0.325961
0.273928
0.306695
0.299058
0.226105
0.372391
0.312184
0.365739
0.280755
0.318872
0.291235
0.407817
0.35368
0.223891
0.294265
0.395394
0.272715
0.280028
0.357258
0.282051
0.304266
0.344595
0.387318
0.418323
0.232406
0.250456
0.344828
0.33276
0.294265
0.262663
0.37732
0.279982
0.195128
0.319275
0.301936
0.489032
0.35624
0.313644
0.302807
0.284513
0.299666
0.317156
0.268444
0.268978
0.320285
0.289528
0.295568
0.346985
0.251787
0.252559
0.224882
0.25136
0.319362
0.253862
0.305002
0.24489
0.351337
0.337404
0.294409
0.249654
0.363985
0.282383
0.344256
0.285984
0.341212
0.270487
0.259525
0.403884
0.37765
0.318414
0.27301
0.269085
0.287406
0.271178
0.424963
0.324673
0.496923
0.344761
0.266733
0.302329
0.302863
0.324517
0.341896
0.502457
0.453224
0.246614
0.324975
0.37459
0.285769
0.25172
0.335078
0.267521
0.261294
0.382744
0.248219
0.444278
0.366399
0.411121
0.313736
0.278021
0.457475
0.274065
0.30896
0.29222
0.246683
0.345248
0.470877
0.311976
0.332415
0.26956
0.359421
0.329673
0.3499
0.304715
0.316381
0.346846
0.310551
0.3238
0.366336
0.268082
0.248906
0.229047
0.35605
0.29379
0.22597
0.327831
0.242017
0.304614
0.288989
0.256864
0.307576
0.290991
0.290995
0.329917
0.300926
0.324481
0.238159
0.313065
0.384161
0.262682
0.394911
0.293306
0.280063
0.257087
0.298614
0.341388
0.317621
0.268205
0.301486
0.353693
0.252788
0.263155
0.354753
0.303298
0.333586
0.309576
0.265782
0.254376
0.392909
0.352545
0.290549
0.287483
0.349219
0.301837
0.2826
0.237602
0.354712
0.296958
0.281105
0.286844
0.224744
0.338866
0.299406
0.29308
0.258343
0.396867
0.331242
0.332794
0.280039
0.406395
0.330458
0.326239
0.336624
0.305372
0.322048
0.26866
0.253916
0.22069
0.298405
0.347294
0.248946
0.286375
0.285696
0.348461
0.327799
0.388933
0.313843
0.334176
0.426657
0.302573
0.31612
0.364011
0.371223
0.325219
0.438179
0.317377
0.273379
0.332175
0.374423
0.290577
0.304479
0.258533
0.292238
0.246303
0.272549
0.278386
0.285997
0.301756
0.195843
0.290692
0.276435
0.28095
0.275502
0.254212
0.321331
0.27636
0.279463
0.283621
0.259501
0.451133
0.369677
0.27617
0.317359
0.27822
0.268289
0.402185
0.31592
0.247421
0.308281
0.261474
0.431462
0.273471
0.260731
0.289513
0.337964
0.24441
0.320837
0.443624
0.300541
0.28987
0.270406
0.275083
0.240906
0.319326
0.33908
0.410925
0.322534
0.297967
0.265659
0.317389
0.309197
0.228906
0.431479
0.286336
0.339653
0.287451
0.33428
0.248816
0.316782
0.339577
0.282083
0.276099
0.273341
0.290318
0.29994
0.29607
0.303901
0.279042
0.487324
0.319625
0.289312
0.271263
0.295863
0.31917
0.261949
0.247857
0.277678
0.404486
0.293487
0.351208
0.410411
0.30031
0.37192
0.314668
0.425132
0.357148
0.328465
0.283558
0.297133
0.310421
0.233926
0.28054
0.264228
0.273546
0.329782
0.264208
0.384941
0.275655
0.270909
0.2482
0.277062
0.299939
0.226419
0.322721
0.310757
0.291991
0.334329
0.281812
0.286794
0.275782
0.295724
0.242381
0.285014
0.276035
0.336094
0.312528
0.272822
0.292925
0.493037
0.277543
0.282043
0.338788
0.282176
0.314761
0.313633
0.375659
0.33341
0.288874
0.283077
0.317626
0.280109
0.246812
0.413291
0.273914
0.30145
0.273815
0.345254
0.291598
0.342055
0.324256
0.301575
0.323997
0.300606
0.284615
0.386397
0.297033
0.376753
0.305575
0.292983
0.379622
0.331332
0.504645
0.376816
0.33909
0.273408
0.276829
0.29549
0.261236
0.280309
0.402701
0.298172
0.385861
0.253251
0.288529
0.281399
0.293577
0.264955
0.275061
0.594271
0.381325
0.302769
0.257249
0.339713
0.351836
0.300709
0.315419
0.308514
0.693361
0.431265
0.288971
0.312528
0.354448
0.327566
0.268808
0.218665
0.267382
0.374265
0.271074
0.297709
0.242344
0.38571
0.275358
0.284208
0.305432
0.33309
0.209128
0.315399
0.320355
0.287355
0.248715
0.193135
0.300811
0.389717
0.321637
0.384293
0.266905
0.262815
0.337426
0.301943
0.251087
0.420837
0.34335
0.261751
0.332945
0.302331
0.270997
0.29313
0.298595
0.413903
0.325211
0.316533
0.248926
0.298296
0.443883
0.246304
0.319673
0.450802
0.316439
0.322506
0.314818
0.269306
0.29216
0.293743
0.275429
0.274899
0.395559
0.332681
0.310627
0.342165
0.288943
0.304672
0.221983
0.282135
0.333796
0.280388
0.239528
0.272933
0.258729
0.407299
0.276516
0.404707
0.396568
0.280483
0.269094
0.313648
0.287564
0.243636
0.276931
0.280517
0.276855
0.302247
0.335543
0.290176
0.243912
0.342149
0.417914
0.378264
0.340214
0.256999
0.596115
0.332088
0.250244
0.2751
0.244279
0.279014
0.315264
0.27083
0.31808
0.326062
0.287715
0.285333
0.297459
0.395833
0.283275
0.315006
0.291398
0.301949
0.293837
0.277501
0.208993
0.274107
0.282175
0.418896
0.269118
0.293534
0.350959
0.405716
0.233847
0.341624
0.302734
0.338404
0.274052
0.33062
0.320826
0.272167
0.256843
0.390264
0.273743
0.349707
0.269546
0.287047
0.415112
0.429367
0.27491
0.210053
0.374456
0.285931
0.245918
0.333609
0.299223
0.316468
0.269253
0.303017
0.257249
0.318113
0.301206
0.291931
0.25874
0.255956
0.209272
0.303903
0.489204
0.37825
0.306989
0.290722
0.3031
0.382394
0.339512
0.317248
0.405852
0.290374
0.297936
0.38674
0.345618
0.284594
0.321097
0.286006
0.268287
0.417822
0.361937
0.287933
0.279769
0.246239
0.268135
0.311043
0.283488
0.316588
0.422811
0.303037
0.300029
0.219512
0.325012
0.281046
0.404958
0.382199
0.286934
0.343961
0.297495
0.412606
0.311705
0.292879
0.308848
0.421323
0.359313
0.292806
0.358369
0.388999
0.296846
0.268832
0.268061
0.316868
0.378188
0.406796
0.288235
0.276139
0.312338
0.337739
0.294475
0.375149
0.395681
0.409604
0.37703
0.32582
0.374961
0.340996
0.272434
0.300772
0.29919
0.260924
0.397943
0.369187
0.319515
0.358501
0.341159
0.229612
0.271332
0.280693
0.30184
0.274666
0.318979
0.409921
0.256015
0.273627
0.293202
0.229111
0.401436
0.266192
0.307676
0.261237
0.317894
0.321246
0.270521
0.301273
0.371173
0.24971
0.307415
0.300234
0.472522
0.297536
0.276209
0.161639
0.315031
0.281972
0.268172
0.292827
0.347164
0.302708
0.247166
0.395411
0.326693
0.321792
0.245734
0.276022
0.254209
0.41698
0.30051
0.343062
0.317693
0.332318
0.265249
0.335435
0.483484
0.237194
0.354036
0.405759
0.26339
0.433434
0.245266
0.323775
0.27786
0.447534
0.342924
0.281481
0.292119
0.283077
0.330583
0.286551
0.270411
0.350489
0.282161
0.236027
0.287215
0.322502
0.287634
0.240263
0.303351
0.351764
0.519083
0.332557
0.362573
0.248987
0.3684
0.293784
0.285907
0.277638
0.304124
0.3017
0.307941
0.275927
0.421492
0.345271
0.327343
0.280606
0.297644
0.228013
0.390474
0.307573
0.507852
0.321613
0.275912
0.341238
0.299163
0.296764
0.308058
0.289001
0.321275
0.324295
0.405746
0.277035
0.345481
0.300855
0.310824
0.28142
0.557387
0.352156
0.221225
0.235282
0.305891
0.35368
0.410749
0.280791
0.300271
0.290842
0.259581
0.279563
0.35617
0.291141
0.230456
0.301132
0.247885
0.338535
0.338614
0.356795
0.345099
0.278879
0.26428
0.266093
0.274189
0.327363
0.23868
0.359158
0.333957
0.334701
0.269039
0.261402
0.307966
0.299431
0.244839
0.327003
0.307774
0.324478
0.353965
0.330117
0.283478
0.304152
0.346489
0.261598
0.370265
0.364963
0.275722
0.304883
0.29517
0.358129
0.244924
0.295609
0.333281
0.306606
0.283476
0.309453
0.298959
0.337455
0.370973
0.399221
0.365483
0.311824
0.324499
0.372585
0.359777
0.306032
0.276775
0.375813
0.242358
0.24411
0.519001
0.36185
0.392181
0.361097
0.319533
0.288727
0.348876
0.257982
0.334336
0.32909
0.417999
0.332515
0.235714
0.262831
0.280608
0.28137
0.317759
0.254432
0.318393
0.240421
0.308867
0.33294
0.323135
0.253671
0.313469
0.389288
0.259885
0.348405
0.281561
0.333833
0.306883
0.324647
0.279357
0.254762
0.298411
0.276416
0.441695
0.448823
0.327455
0.404002
0.334128
0.254964
0.274181
0.363061
0.257675
0.297416
0.410496
0.484856
0.298355
0.33908
0.257411
0.253892
0.275943
0.259162
0.255981
0.279165
0.330289
0.300865
0.369216
0.366628
0.386674
0.534221
0.307655
0.299934
0.240106
0.367291
0.294941
0.31047
0.325632
0.31863
0.320786
0.30697
0.421468
0.373889
0.2617
0.484507
0.248843
0.275052
0.210633
0.352199
0.28158
0.313762
0.361691
0.396109
0.242014
0.31907
0.267451
0.284856
0.28262
0.300594
0.445653
0.418276
0.304595
0.233353
0.327076
0.261534
0.311657
0.315569
0.311421
0.271033
0.403434
0.370892
0.338108
0.382519
0.332974
0.249641
0.282457
0.255462
0.256931
0.334213
0.338409
0.310101
0.364999
0.300303
0.43312
0.384749
0.26007
0.291417
0.324008
0.272699
0.260351
0.219994
0.265977
0.281103
0.278728
0.374865
0.27465
0.347617
0.311936
0.337883
0.406715
0.299628
0.277249
0.371187
0.255809
0.25842
0.354951
0.276649
0.352191
0.311193
0.372805
0.261304
0.290862
0.263252
0.288142
0.374617
0.399779
0.331634
0.329455
0.269897
0.259657
0.307929
0.401984
0.300156
0.309531
0.252477
0.364326
0.279743
0.276197
0.351597
0.275089
0.275468
0.223479
0.277513
0.312188
0.282547
0.399215
0.276903
0.31209
0.285084
0.377492
0.310574
0.301333
0.321468
0.304402
0.336243
0.390199
0.31434
0.261943
0.280258
0.292686
0.23829
0.302787
0.2943
0.25005
0.301628
0.267273
0.277851
0.277744
0.346041
0.291436
0.288066
0.294607
0.318319
0.240768
0.293057
0.360371
0.285426
0.300521
0.281869
0.25316
0.348535
0.32214
0.273226
0.293137
0.30875
0.401675
0.258325
0.29752
0.246519
0.226074
0.290438
0.330353
0.314172
0.268194
0.335413
0.274281
0.294397
0.261104
0.365306
0.30493
0.271668
0.249775
0.355588
0.268863
0.300711
0.297831
0.411295
0.306063
0.242763
0.299247
0.321795
0.316817
0.279906
0.299827
0.303205
0.284714
0.291234
0.339782
0.327007
0.312408
0.30988
0.403537
0.315833
0.333388
0.312359
0.364304
0.343279
0.277443
0.291679
0.313836
0.288438
0.289756
0.37554
0.285878
0.336887
0.28678
0.317825
0.468658
0.266494
0.227656
0.305378
0.303203
0.310339
0.359476
0.273469
0.404363
0.281753
0.32629
0.266708
0.322349
0.368938
0.314388
0.302736
0.277572
0.358623
0.435528
0.324354
0.354278
0.294601
0.270649
0.307935
0.273162
0.266468
0.308008
0.272447
0.269676
0.31832
0.240752
0.267696
0.287772
0.382594
0.262456
0.238951
0.320254
0.378617
0.428872
0.298219
0.290756
0.596527
0.430007
0.316351
0.415562
0.290671
0.284177
0.32345
0.295183
0.289462
0.352375
0.325112
0.260807
0.366555
0.260956
0.306131
0.291234
0.285477
0.297509
0.404485
0.355633
0.351344
0.28984
0.256939
0.312212
0.244383
0.440325
0.27225
0.300196
0.369654
0.269615
0.266947
0.32992
0.290168
0.217632
0.29679
0.30236
0.340275
0.273908
0.383464
0.342551
0.258903
0.289489
0.37845
0.519986
0.396655
0.263334
0.364266
0.291404
0.344001
0.353027
0.269673
0.265387
0.227239
0.26876
0.342906
0.406056
0.319572
0.278161
0.385637
0.265472
0.285095
0.262084
0.368404
0.276963
0.276093
0.312782
0.309998
0.316022
0.319544
0.262704
0.30928
0.325657
0.29269
0.244819
0.322297
0.258312
0.249441
0.310406
0.299978
0.3
0.570174
0.250329
0.310813
0.262893
0.309643
0.290719
0.331507
0.306191
0.274238
0.323084
0.336681
0.279907
0.360765
0.298267
0.253095
0.293959
0.313626
0.304608
0.317168
0.287722
0.286586
0.332581
0.33385
0.310782
0.229653
0.269079
0.316443
0.337738
0.279923
0.332418
0.334668
0.258211
0.335815
0.265006
0.303736
0.301585
0.290494
0.27445
0.324848
0.308689
0.42478
0.24872
0.347538
0.270816
0.377851
0.276057
0.288726
0.287114
0.363336
0.276088
0.322277
0.424571
0.318598
0.28928
0.369061
0.291087
0.274862
0.272827
0.381467
0.417457
0.317472
0.265876
0.266657
0.231491
0.242804
0.264103
0.291294
0.248678
0.299248
0.325403
0.380834
0.31588
0.298689
0.285765
0.272086
0.313558
0.346847
0.174109
0.285395
0.290574
0.377405
0.279574
0.309442
0.295764
0.292538
0.41943
0.330429
0.279221
0.294939
0.330038
0.375785
0.289402
0.382598
0.252476
0.334815
0.250152
0.27808
0.348918
0.249945
0.310994
0.299548
0.314252
0.351164
0.251043
0.235533
0.274088
0.304608
0.357548
0.250238
0.291136
0.370787
0.255352
0.266208
0.255377
0.414882
0.360821
0.350991
0.291103
0.301975
0.266992
0.314628
0.417824
0.282896
0.30426
0.294572
0.287197
0.263728
0.33299
0.293982
0.318997
0.291602
0.38123
0.319997
0.336817
0.25619
0.282941
0.338239
0.258931
0.355424
0.249805
0.308148
0.337421
0.298015
0.31926
0.452558
0.277936
0.226388
0.259146
0.288827
0.310982
0.293306
0.269854
0.365684
0.2471
0.36426
0.478934
0.284248
0.257133
0.252983
0.246032
0.269705
0.531647
0.345486
0.332156
0.273658
0.397849
0.314806
0.298929
0.365181
0.261637
0.279652
0.304879
0.335611
0.243621
0.33169
0.233119
0.269835
0.309669
0.280122
0.322742
0.3491
0.374627
0.375217
0.311171
0.286839
0.215586
0.340382
0.250825
0.261884
0.364825
0.516766
0.312805
0.24595
0.240057
0.3186
0.293914
0.296395
0.292009
0.266667
0.269659
0.273184
0.303667
0.327514
0.248786
0.364426
0.230131
0.283971
0.312763
0.371977
0.305944
0.2566
0.424007
0.366582
0.46395
0.29766
0.279056
0.319854
0.414874
0.366919
0.310677
0.29228
0.374846
0.320098
0.306994
0.32969
0.259199
0.301582
0.304368
0.363538
0.29176
0.401097
0.257983
0.29763
0.266264
0.295512
0.396325
0.286377
0.252787
0.288948
0.300171
0.353963
0.280458
0.303611
0.330214
0.338925
0.27753
0.507402
0.378423
0.295471
0.402154
0.38671
0.304045
0.516072
0.339611
0.322193
0.245869
0.247023
0.267371
0.295839
0.371247
0.268715
0.291583
0.273135
0.314869
0.354684
0.283851
0.334705
0.254314
0.317139
0.358773
0.341303
0.260721
0.337769
0.290074
0.275723
0.312782
0.27123
0.3113
0.436194
0.314505
0.295613
0.289048
0.379686
0.253288
0.314387
0.337659
0.295943
0.292927
0.306977
0.267422
0.284083
0.287229
0.258685
0.413625
0.305248
0.377669
0.280742
0.440475
0.36336
0.211007
0.294726
0.305027
0.231829
0.304806
0.343122
0.303276
0.306154
0.485891
0.286005
0.299067
0.258733
0.324511
0.316413
0.253997
0.332799
0.29359
0.29695
0.306575
0.260325
0.307046
0.285082
0.278919
0.327227
0.296672
0.311286
0.311045
0.270447
0.377878
0.333893
0.315972
0.271717
0.267298
0.319742
0.302662
0.280501
0.287113
0.314963
0.295614
0.278351
0.251666
0.31225
0.377099
0.466264
0.236332
0.269946
0.290029
0.305021
0.322488
0.267073
0.25493
0.285445
0.268141
0.411204
0.300599
0.303664
0.245134
0.329248
0.264848
0.297779
0.309759
0.359897
0.271806
0.28131
0.368989
0.293524
0.355271
0.275559
0.256117
0.369879
0.293918
0.31962
0.297362
0.363037
0.274977
0.36376
0.326496
0.221327
0.284073
0.331679
0.257313
0.354413
0.280382
0.270863
0.249814
0.333053
0.414916
0.246753
0.285515
0.318051
0.296624
0.275323
0.322568
0.359176
0.265602
0.245907
0.272556
0.38385
0.263966
0.345346
0.244453
0.258305
0.389352
0.242311
0.266357
0.344117
0.380753
0.205093
0.336933
0.281374
0.222011
0.311402
0.369424
0.329318
0.26438
0.235429
0.498279
0.28561
0.348958
0.317829
0.258929
0.382723
0.304162
0.493881
0.470876
0.330475
0.280984
0.293374
0.31878
0.258104
0.391571
0.365251
0.397019
0.31915
0.306661
0.302229
0.243561
0.303474
0.315702
0.300096
0.457984
0.292299
0.240385
0.264118
0.272135
0.383836
0.347787
0.357595
0.356216
0.247251
0.279011
0.245404
0.483309
0.287021
0.484532
0.321325
0.32738
0.271619
0.287344
0.330731
0.312397
0.347933
0.29845
0.252148
0.315225
0.322043
0.218345
0.393596
0.320657
0.240496
0.268552
0.416475
0.290495
0.235315
0.302569
0.307633
0.308418
0.303186
0.239292
0.309543
0.286584
0.426654
0.288487
0.342095
0.3475
0.297504
0.360284
0.30943
0.304165
0.377873
0.400578
0.263946
0.406485
0.307672
0.298615
0.291042
0.41484
0.289417
0.293094
0.252789
0.325342
0.25748
0.344478
0.340309
0.271087
0.379708
0.35075
0.294914
0.392419
0.306568
0.306663
0.331283
0.281274
0.37851
0.277974
0.268179
0.286373
0.327585
0.351803
0.351038
0.258229
0.34098
0.259896
0.28662
0.278123
0.29186
0.294163
0.270799
0.359219
0.319977
0.294036
0.266477
0.345592
0.591723
0.391575
0.278549
0.341307
0.396522
0.305623
0.253047
0.381264
0.297936
0.415583
0.257408
0.268399
0.285525
0.303129
0.347584
0.28494
0.338418
0.262748
0.356684
0.252099
0.37907
0.391457
0.353717
0.313525
0.267989
0.291532
0.335391
0.351978
0.259743
0.218286
0.316878
0.32017
0.333796
0.329637
0.369444
0.309234
0.403693
0.261761
0.306704
0.245053
0.350425
0.343778
0.319796
0.263839
0.323268
0.326334
0.455949
0.34649
0.373751
0.210678
0.295676
0.272277
0.317557
0.27337
0.409601
0.208213
0.366109
0.303433
0.235733
0.246027
0.269932
0.289266
0.321187
0.322707
0.30517
0.276706
0.275985
0.322385
0.259272
0.363693
0.377275
0.294322
0.361285
0.367332
0.314933
0.395654
0.430524
0.335084
0.374033
0.298167
0.273728
0.287337
0.396255
0.286397
0.356678
0.352048
0.310163
0.337601
0.280094
0.306482
0.326841
0.278007
0.280492
0.313774
0.260106
0.234123
0.242143
0.281563
0.367213
0.303293
0.32092
0.446059
0.243281
0.357679
0.30486
0.233819
0.282869
0.288524
0.293487
0.360172
0.40167
0.450209
0.245685
0.387477
0.249063
0.334536
0.355876
0.295201
0.307614
0.299607
0.225765
0.343313
0.299126
0.281705
0.225681
0.366942
0.283343
0.349647
0.298493
0.326938
0.383524
0.339213
0.285449
0.289911
0.196415
0.333333
0.255205
0.31672
0.266355
0.28779
0.308124
0.289086
0.280705
0.394803
0.276543
0.281298
0.355268
0.302826
0.28613
0.296513
0.352852
0.369117
0.242551
0.302877
0.219043
0.368722
0.262191
0.348136
0.322506
0.502867
0.32286
0.246137
0.293388
0.27684
0.339009
0.264781
0.266163
0.272218
0.29503
0.295842
0.391246
0.274829
0.307735
0.323441
0.365338
0.27626
0.382908
0.251589
0.392615
0.258819
0.271602
0.281712
0.242228
0.241414
0.290307
0.26325
0.243895
0.354136
0.279334
0.280239
0.255139
0.299679
0.300766
0.353146
0.211825
0.376653
0.300953
0.278142
0.395362
0.31649
0.384551
0.294365
0.313756
0.300649
0.260823
0.329169
0.25262
0.241164
0.356445
0.294313
0.381079
0.291525
0.312923
0.346912
0.395136
0.317022
0.276808
0.40109
0.297581
0.377372
0.267779
0.30929
0.301607
0.489079
0.411782
0.222084
0.329803
0.259596
0.379369
0.262486
0.365179
0.315119
0.228214
0.245189
0.233971
0.280703
0.347385
0.452437
0.315331
0.324606
0.25438
0.24881
0.238427
0.343678
0.257381
0.32166
0.32074
0.267563
0.28078
0.269437
0.570043
0.393067
0.311398
0.237392
0.330554
0.288593
0.288071
0.379109
0.439792
0.319297
0.366156
0.314018
0.283861
0.315227
0.360154
0.349074
0.293381
0.329195
0.357628
0.284189
0.227429
0.286129
0.33228
0.258464
0.36125
0.272692
0.336964
0.278732
0.295766
0.325697
0.275749
0.325214
0.316371
0.387552
0.273033
0.2433
0.261207
0.344938
0.322731
0.260342
0.413824
0.27842
0.267655
0.327755
0.37634
0.310032
0.396508
0.45346
0.265123
0.252111
0.258622
0.292419
0.287321
0.363782
0.293013
0.267915
0.278144
0.325268
0.371239
0.325733
0.307206
0.2709
0.256648
0.279772
0.407116
0.366881
0.286693
0.237906
0.335863
0.264282
0.387714
0.289866
0.308533
0.443009
0.270001
0.272599
0.343006
0.300939
0.245605
0.324814
0.279259
0.296849
0.267637
0.209143
0.31177
0.268336
0.36096
0.494325
0.204929
0.238808
0.330126
0.271808
0.291307
0.445786
0.268036
0.176153
0.372298
0.303808
0.322952
0.279578
0.310205
0.328391
0.332308
0.305785
0.307754
0.334149
0.30819
0.304689
0.5079
0.318489
0.271096
0.298313
0.332093
0.237407
0.329193
0.313466
0.249455
0.344677
0.288688
0.236777
0.316115
0.26052
0.497377
0.280771
0.291065
0.247076
0.278422
0.241417
0.357086
0.241116
0.252039
0.364134
0.41232
0.330387
0.288214
0.433948
0.364967
0.318965
0.373057
0.337954
0.31939
0.384836
0.257978
0.321289
0.26119
0.354676
0.25809
0.329149
0.314356
0.320221
0.341203
0.314125
0.218804
0.417473
0.327632
0.408472
0.283032
0.372839
0.341144
0.299659
0.395641
0.292709
0.410683
0.363251
0.380866
0.262797
0.234781
0.32066
0.341971
0.329381
0.261564
0.281231
0.289635
0.2671
0.304929
0.302204
0.326884
0.270597
0.330595
0.307907
0.324771
0.25188
0.28493
0.279796
0.334284
0.38814
0.305031
0.464885
0.35321
0.226964
0.291729
0.353655
0.286717
0.404108
0.374255
0.41967
0.249782
0.301818
0.268707
0.305419
0.279214
0.335071
0.287865
0.42915
0.277388
0.339488
0.236576
0.295245
0.264093
0.299762
0.299418
0.246877
0.30539
0.262083
0.24906
0.351414
0.305779
0.321197
0.282876
0.325769
0.300448
0.296503
0.33476
0.290006
0.283755
0.221741
0.320993
0.384943
0.317203
0.271901
0.212237
0.339588
0.29625
0.516175
0.271328
0.259138
0.441022
0.272627
0.269101
0.32617
0.291423
0.289733
0.319147
0.293123
0.310587
0.355071
0.286673
0.250952
0.294922
0.327962
0.297231
0.205689
0.348114
0.313572
0.275469
0.303539
0.305191
0.283233
0.316218
0.363994
0.361254
0.291698
0.372698
0.279263
0.324604
0.282028
0.269826
0.251343
0.392393
0.262861
0.375297
0.273007
0.339298
0.224991
0.290217
0.296966
0.269482
0.31182
0.346513
0.332711
0.305374
0.293731
0.354982
0.305352
0.3017
0.40087
0.260696
0.286688
0.272753
0.435962
0.25467
0.296887
0.265993
0.253303
0.338068
0.294461
0.385852
0.279118
0.318924
0.32178
0.305564
0.349312
0.240829
0.261144
0.313256
0.295243
0.313237
0.300061
0.295419
0.294058
0.286815
0.310823
0.248567
0.273555
0.300853
0.260713
0.253126
0.318966
0.282225
0.28688
0.237834
0.327002
0.412904
0.31185
0.376339
0.288759
0.410322
0.302889
0.318686
0.309834
0.330009
0.302086
0.279307
0.295118
0.256166
0.296163
0.295141
0.400751
0.266464
0.424685
0.235401
0.320877
0.263586
0.381015
0.301993
0.286706
0.33907
0.229314
0.242803
0.289401
0.225924
0.280222
0.263125
0.230026
0.343074
0.220185
0.266939
0.384361
0.259685
0.28536
0.398544
0.317322
0.307137
0.266432
0.371057
0.36147
0.309425
0.294058
0.314552
0.221727
0.424691
0.244251
0.490533
0.338804
0.269401
0.274443
0.367566
0.245181
0.270037
0.280915
0.3625
0.313801
0.320168
0.246133
0.377564
0.297999
0.295309
0.304694
0.361673
0.340355
0.305174
0.294062
0.237005
0.40617
0.282746
0.319605
0.280044
0.653768
0.319307
0.301394
0.26085
0.295921
0.302614
0.272826
0.295646
0.287998
0.427197
0.309459
0.269669
0.300699
0.323609
0.307356
0.333897
0.309638
0.35245
0.277072
0.299513
0.285084
0.377466
0.360184
0.331502
0.245711
0.346743
0.282473
0.215029
0.270784
0.33433
0.286204
0.470344
0.34698
0.282607
0.350008
0.254734
0.304574
0.295428
0.284097
0.413885
0.379474
0.377604
0.227094
0.253633
0.464349
0.321862
0.316558
0.407788
0.277805
0.344748
0.328479
0.313383
0.461558
0.374462
0.301224
0.406865
0.294776
0.286614
0.225694
0.306619
0.438376
0.332172
0.246288
0.278535
0.303637
0.284721
0.306471
0.276953
0.289199
0.249376
0.289812
0.303892
0.292914
0.244665
0.333364
0.262227
0.297273
0.300811
0.383751
0.327102
0.318161
0.288035
0.282368
0.270186
0.357986
0.256627
0.301163
0.295628
0.271112
0.291191
0.249105
0.27442
0.273953
0.317491
0.314279
0.28193
0.373412
0.34844
0.355723
0.222261
0.290702
0.340372
0.272403
0.294157
0.422164
0.258052
0.285965
0.28536
0.27752
0.272513
0.282898
0.29773
0.253538
0.398556
0.300557
0.292584
0.294853
0.263686
0.285236
0.336645
0.374176
0.293605
0.314961
0.261007
0.269898
0.388182
0.314398
0.280092
0.251315
0.304225
0.349056
0.327624
0.240872
0.307262
0.305973
0.375138
0.287969
0.25068
0.297049
0.303723
0.253221
0.372722
0.276433
0.269191
0.423749
0.245195
0.319709
0.262332
0.262848
0.499542
0.2843
0.321174
0.376508
0.314209
0.504039
0.254371
0.299817
0.367416
0.416948
0.298561
0.357377
0.492741
0.297015
0.359454
0.411329
0.248351
0.333333
0.345662
0.24717
0.40204
0.237914
0.317577
0.269371
0.304329
0.366185
0.280154
0.353385
0.279545
0.350329
0.322431
0.265481
0.265137
0.30461
0.376269
0.289369
0.379762
0.402114
0.282075
0.243802
0.321938
0.26913
0.280262
0.246051
0.414601
0.240565
0.229494
0.304978
0.305039
0.323716
0.21207
0.439517
0.272707
0.275736
0.258336
0.34967
0.279034
0.359513
0.452682
0.303973
0.325266
0.295262
0.251242
0.38245
0.271344
0.294765
0.318141
0.286579
0.347371
0.296216
0.359448
0.302006
0.249225
0.33061
0.282163
0.318133
0.280579
0.3337
0.225177
0.298916
0.292707
0.409198
0.336419
0.267341
0.377463
0.266365
0.343081
0.341396
0.345223
0.275865
0.248379
0.365314
0.30712
0.287456
0.236444
0.35399
0.308381
0.342375
0.30278
0.370987
0.285603
0.359519
0.363729
0.337941
0.32824
0.342446
0.367119
0.295327
0.331716
0.259535
0.33236
0.394591
0.257667
0.456565
0.372479
0.308812
0.333333
0.3418
0.302378
0.31932
0.317992
0.322722
0.368498
0.260908
0.320996
0.286692
0.357582
0.344817
0.319311
0.333894
0.473923
0.229763
0.73744
0.3631
0.397067
0.288599
0.351818
0.267597
0.276169
0.2956
0.284498
0.290194
0.216913
0.319356
0.303655
0.389894
0.38134
0.27716
0.273521
0.282779
0.35073
0.47806
0.290518
0.402704
0.302997
0.333333
0.355509
0.325658
0.314792
0.396144
0.362453
0.306578
0.294901
0.461391
0.308456
0.4239
0.37041
0.301106
0.284874
0.280507
0.199098
0.290876
0.241097
0.250832
0.318895
0.280592
0.292222
0.333675
0.29946
0.284858
0.294383
0.295196
0.338572
0.276547
0.313128
0.270481
0.412306
0.305661
0.236669
0.27546
0.257824
0.288301
0.303571
0.321743
0.309174
0.26159
0.362837
0.335656
0.298319
0.216214
0.280622
0.274998
0.300557
0.249981
0.270953
0.311991
0.300008
0.304921
0.330121
0.280547
0.274042
0.274427
0.232449
0.32019
0.300016
0.35667
0.296101
0.26671
0.323127
0.250148
0.283154
0.300527
0.321834
0.245192
0.327058
0.326085
0.317645
0.438803
0.334736
0.359876
0.30309
0.33867
0.331956
0.243222
0.337296
0.290745
0.303186
0.289844
0.300211
0.329732
0.45726
0.463392
0.29336
0.36382
0.294898
0.293387
0.333509
0.417669
0.383242
0.319846
0.257229
0.294306
0.383258
0.290107
0.301885
0.330448
0.364384
0.271715
0.272459
0.270608
0.350994
0.344278
0.330548
0.347101
0.264971
0.328349
0.280949
0.373474
0.272001
0.234995
0.289757
0.344003
0.297124
0.295276
0.395069
0.310138
0.28418
0.305507
0.278273
0.272949
0.299505
0.295729
0.25441
0.358047
0.35007
0.296526
0.337373
0.389606
0.331948
0.265287
0.402459
0.261299
0.303008
0.384682
0.263061
0.318178
0.324406
0.294997
0.362868
0.279925
0.261126
0.244147
0.287292
0.300131
0.304222
0.267326
0.283966
0.299082
0.234886
0.229385
0.434947
0.283842
0.354003
0.263486
0.313913
0.303849
0.303897
0.30809
0.344569
0.262013
0.47285
0.348914
0.30475
0.263933
0.249694
0.41232
0.358576
0.372186
0.269231
0.248176
0.356917
0.368571
0.317574
0.280027
0.318106
0.285724
0.322877
0.259315
0.340608
0.332239
0.404949
0.29706
0.307394
0.260278
0.360052
0.313538
0.310306
0.280392
0.385482
0.314614
0.330823
0.274834
0.251127
0.297337
0.249136
0.28855
0.309245
0.326121
0.390133
0.348832
0.356815
0.337325
0.333674
0.288924
0.283828
0.304482
0.303642
0.385115
0.298264
0.272956
0.344156
0.259172
0.309441
0.305843
0.318293
0.228153
0.324287
0.390397
0.324099
0.328328
0.301556
0.329663
0.217164
0.229154
0.311692
0.258806
0.262418
0.336476
0.311772
0.345886
0.357473
0.289523
0.269017
0.290996
0.288687
0.346206
0.385812
0.321958
0.30743
0.310747
0.339025
0.404964
0.264023
0.370247
0.327618
0.285016
0.296858
0.349466
0.270764
0.292508
0.304288
0.284164
0.242004
0.345621
0.278889
0.353259
0.266817
0.259215
0.271266
0.548951
0.247153
0.285862
0.299048
0.242452
0.269491
0.340733
0.299702
0.285268
0.301386
0.325188
0.247475
0.267297
0.286302
0.260801
0.343464
0.28023
0.326843
0.271543
0.422212
0.284901
0.360143
0.242878
0.407014
0.255881
0.311435
0.299993
0.315237
0.315823
0.266998
0.325365
0.341626
0.421126
0.288522
0.286226
0.265395
0.295286
0.275587
0.328841
0.271833
0.297085
0.325812
0.25206
0.297524
0.255951
0.254481
0.324617
0.255358
0.324595
0.295047
0.299153
0.247842
0.241083
0.331573
0.361453
0.341811
0.289694
0.349865
0.368634
0.261601
0.266274
0.286409
0.256012
0.504487
0.312887
0.228574
0.286498
0.312009
0.300391
0.336068
0.352829
0.2426
0.319249
0.27748
0.340485
0.277688
0.353617
0.270628
0.265995
0.364381
0.409621
0.353935
0.283166
0.43754
0.283728
0.270975
0.377637
0.377909
0.261728
0.249602
0.328699
0.306239
0.416832
0.237609
0.336146
0.444276
0.356439
0.309101
0.293329
0.36515
0.270609
0.293388
0.250893
0.274626
0.366438
0.274703
0.283375
0.292131
0.25607
0.297672
0.27312
0.292615
0.320769
0.370612
0.278758
0.363471
0.300989
0.275331
0.256857
0.290759
0.331844
0.380855
0.293006
0.305477
0.395645
0.312342
0.514641
0.371755
0.30694
0.288736
0.235014
0.43014
0.329676
0.336768
0.340911
0.312324
0.293047
0.276237
0.31868
0.296348
0.418875
0.331349
0.292957
0.294786
0.243491
0.286579
0.285067
0.246453
0.269015
0.298899
0.355641
0.279877
0.286752
0.294572
0.334582
0.290803
0.257857
0.281019
0.40653
0.273109
0.54244
0.302993
0.279026
0.294485
0.243932
0.26482
0.288301
0.302795
0.255022
0.409106
0.298085
0.273211
0.250214
0.351303
0.357271
0.305512
0.296826
0.326776
0.290902
0.332278
0.311506
0.280106
0.55542
0.376251
0.254243
0.311315
0.314288
0.309557
0.31993
0.281556
0.297497
0.254103
0.260686
0.312748
0.282677
0.297581
0.269423
0.232327
0.316721
0.363292
0.273758
0.254685
0.23298
0.370095
0.4125
0.27419
0.351449
0.287449
0.343679
0.328202
0.319211
0.288858
0.384833
0.373861
0.3334
0.282237
0.327977
0.374011
0.28607
0.39682
0.289648
0.266974
0.247601
0.252187
0.274325
0.307367
0.45873
0.38362
0.30938
0.321982
0.353199
0.259267
0.312363
0.61756
0.323683
0.259552
0.303394
0.284825
0.297284
0.276856
0.340513
0.240715
0.331327
0.351726
0.29871
0.233648
0.390783
0.295055
0.342588
0.299393
0.289466
0.310442
0.280528
0.267584
0.274
0.318071
0.255846
0.259529
0.270791
0.254731
0.230602
0.256818
0.274543
0.274452
0.303189
0.22778
0.293312
0.348735
0.251463
0.320999
0.399333
0.308119
0.268431
0.337476
0.274949
0.265639
0.412129
0.324107
0.287459
0.225351
0.305866
0.223837
0.309608
0.281784
0.417571
0.288437
0.406491
0.274998
0.43057
0.291868
0.299563
0.242037
0.278273
0.33563
0.376691
0.306266
0.28175
0.40522
0.332987
0.252339
0.317435
0.289204
0.312575
0.406511
0.570762
0.371202
0.33268
0.253976
0.244062
0.386919
0.275629
0.340826
0.276651
0.249944
0.438422
0.282111
0.269556
0.261271
0.307025
0.368004
0.306341
0.366657
0.281834
0.259219
0.278816
0.272524
0.326637
0.259798
0.433246
0.311899
0.309011
0.375549
0.292502
0.334593
0.300763
0.304808
0.354668
0.293078
0.25469
0.333253
0.331001
0.262435
0.202163
0.299441
0.310692
0.33244
0.342981
0.312291
0.39017
0.309869
0.387745
0.232728
0.306834
0.341684
0.249496
0.397849
0.374348
0.316939
0.249255
0.358002
0.242135
0.333184
0.293863
0.399966
0.286129
0.341294
0.327186
0.264864
0.335323
0.314746
0.349712
0.27046
0.245012
0.317031
0.25057
0.31563
0.315699
0.425309
0.265478
0.430606
0.360118
0.239848
0.188588
0.271282
0.345813
0.272499
0.221107
0.329026
0.355021
0.410237
0.335756
0.343532
0.254665
0.294945
0.351314
0.261019
0.294833
0.325309
0.323207
0.316671
0.309333
0.267078
0.295838
0.366833
0.404996
0.382896
0.317845
0.223631
0.309776
0.299562
0.313526
0.30174
0.259778
0.301819
0.319064
0.387483
0.311276
0.303454
0.228282
0.303171
0.441881
0.248036
0.290642
0.296514
0.421635
0.488497
0.265077
0.273047
0.223648
0.281622
0.308718
0.282778
0.243194
0.357639
0.305391
0.309424
0.332514
0.301212
0.297942
0.387619
0.299585
0.290973
0.33862
0.354886
0.313465
0.401247
0.36661
0.268567
0.23865
0.352632
0.526613
0.310727
0.297452
0.329368
0.284339
0.297249
0.310715
0.398707
0.529511
0.266416
0.343543
0.306947
0.312338
0.30559
0.344547
0.511567
0.223072
0.323426
0.256402
0.341671
0.286502
0.300354
0.351424
0.347733
0.270486
0.305254
0.427718
0.275865
0.348062
0.312156
0.245097
0.278405
0.333333
0.344468
0.273976
0.380906
0.336486
0.275851
0.342774
0.402926
0.279851
0.283156
0.392643
0.258518
0.353041
0.30451
0.3908
0.331193
0.315802
0.297338
0.328744
0.269706
0.296279
0.586117
0.422703
0.361879
0.359588
0.292101
0.316768
0.3033
0.233962
0.35978
0.431559
0.298485
0.263611
0.281429
0.274096
0.36374
0.318343
0.311683
0.437686
0.243859
0.321434
0.322864
0.3613
0.293559
0.315354
0.350283
0.244869
0.255456
0.293583
0.265319
0.395622
0.286739
0.311335
0.341506
0.298703
0.268961
0.356754
0.533255
0.283455
0.359518
0.313486
0.278329
0.347271
0.266612
0.311731
0.341576
0.262313
0.22534
0.324926
0.290993
0.271921
0.312163
0.284137
0.283951
0.286367
0.290391
0.276981
0.323593
0.333465
0.295806
0.309513
0.659722
0.353734
0.259451
0.333413
0.413873
0.316212
0.447682
0.355772
0.297555
0.39713
0.436862
0.302409
0.359337
0.273154
0.318414
0.262689
0.267859
0.268587
0.288472
0.307141
0.251165
0.262191
0.372076
0.310105
0.481461
0.28267
0.289465
0.315689
0.294097
0.261494
0.320639
0.308403
0.412175
0.400799
0.266365
0.2955
0.375046
0.312086
0.306355
0.28484
0.221905
0.332996
0.307364
0.293828
0.37309
0.316437
0.369447
0.268968
0.435875
0.273961
0.325913
0.407027
0.310068
0.328369
0.266755
0.410564
0.269558
0.378245
0.462374
0.280407
0.27524
0.267748
0.372733
0.279209
0.312716
0.229982
0.365465
0.2773
0.315839
0.283581
0.325326
0.311212
0.328836
0.286751
0.249884
0.25191
0.313119
0.315898
0.264908
0.322778
0.2646
0.337361
0.310142
0.263322
0.288197
0.282358
0.273554
0.257412
0.333759
0.242317
0.281983
0.243975
0.288736
0.229054
0.253675
0.278966
0.304888
0.477529
0.320132
0.346911
0.347077
0.354598
0.302146
0.334816
0.29161
0.398136
0.307829
0.196101
0.309725
0.353677
0.360405
0.272693
0.326331
0.3641
0.30631
0.263193
0.260507
0.351081
0.331303
0.354409
0.281288
0.440234
0.443575
0.308548
0.280939
0.286984
0.326595
0.244025
0.259311
0.340904
0.373119
0.295951
0.256439
0.248085
0.2661
0.463013
0.317366
0.327577
0.278893
0.274559
0.282308
0.357973
0.289271
0.305097
0.437542
0.236256
0.343078
0.361797
0.281925
0.277019
0.305024
0.3097
0.229159
0.288149
0.367061
0.285423
0.319873
0.452417
0.375302
0.343139
0.256884
0.357509
0.327886
0.322562
0.300796
0.268956
0.290227
0.300666
0.342212
0.319748
0.289581
0.345872
0.262279
0.332172
0.316242
0.362275
0.276946
0.251662
0.273931
0.270061
0.369407
0.277921
0.287449
0.320517
0.376127
0.250632
0.29632
0.344056
0.358615
0.35858
0.283424
0.306705
0.289911
0.213631
0.32223
0.239421
0.293069
0.384453
0.217755
0.404137
0.319307
0.32033
0.420167
0.311267
0.246985
0.370845
0.373338
0.25294
0.360541
0.302312
0.290243
0.273629
0.318103
0.338911
0.282114
0.325884
0.31384
0.313685
0.338199
0.261663
0.270636
0.424009
0.356123
0.198961
0.334375
0.29788
0.265251
0.389473
0.282366
0.385894
0.273864
0.36766
0.30091
0.302131
0.280169
0.313858
0.368564
0.281195
0.293319
0.325366
0.282018
0.248163
0.258563
0.309806
0.370486
0.270967
0.266198
0.328452
0.262977
0.247022
0.323069
0.274135
0.283715
0.282159
0.31284
0.37005
0.297043
0.308277
0.313897
0.283114
0.289396
0.27823
0.287053
0.251907
0.337889
0.32318
0.50454
0.375132
0.360074
0.271732
0.368478
0.267119
0.33869
0.305777
0.272457
0.293252
0.342517
0.307112
0.266863
0.300234
0.273111
0.298275
0.302724
0.35364
0.363778
0.383502
0.26976
0.317449
0.297791
0.309735
0.320505
0.285137
0.255989
0.394796
0.274916
0.351974
0.352837
0.436213
0.324816
0.31689
0.319952
0.299203
0.425835
0.310537
0.293578
0.265601
0.261481
0.304991
0.384824
0.305066
0.242208
0.271303
0.268575
0.299541
0.283572
0.294356
0.275575
0.31866
0.333894
0.362645
0.316175
0.288757
0.248615
0.307811
0.25738
0.275363
0.390121
0.326545
0.295478
0.303913
0.336553
0.299813
0.270979
0.365099
0.392732
0.347088
0.382707
0.31543
0.213872
0.345824
0.320233
0.322428
0.365856
0.301917
0.29779
0.257202
0.340883
0.339447
0.301086
0.340487
0.277052
0.264296
0.266688
0.464104
0.288279
0.223204
0.263495
0.281424
0.307338
0.296403
0.270023
0.321395
0.334177
0.248173
0.271249
0.345226
0.237307
0.269392
0.290622
0.310191
0.273297
0.303462
0.460283
0.305303
0.314446
0.282555
0.292159
0.46544
0.230984
0.258984
0.298419
0.284175
0.414551
0.319223
0.312953
0.403099
0.36627
0.330658
0.275874
0.291064
0.268766
0.279733
0.319963
0.290659
0.325701
0.339681
0.343127
0.2253
0.380599
0.411685
0.374561
0.270058
0.286927
0.256504
0.291914
0.35644
0.281578
0.271809
0.451358
0.272881
0.409887
0.30103
0.308679
0.279346
0.271047
0.267491
0.296874
0.345941
0.316821
0.333581
0.360633
0.361371
0.304846
0.265177
0.281539
0.277287
0.31185
0.300327
0.204925
0.345638
0.22791
0.276101
0.256483
0.330138
0.316267
0.342505
0.239404
0.318779
0.345752
0.29741
0.25968
0.245723
0.29618
0.289114
0.336548
0.304257
0.276931
0.331459
0.298248
0.26302
0.324252
0.356357
0.296092
0.267028
0.357599
0.305396
0.336928
0.406742
0.285481
0.293083
0.28848
0.332031
0.289074
0.242214
0.465068
0.204676
0.2358
0.308417
0.28481
0.3904
0.295127
0.284996
0.490787
0.331968
0.264835
0.303617
0.331784
0.277824
0.310209
0.302457
0.280124
0.270631
0.465499
0.314665
0.246875
0.321362
0.293152
0.374279
0.323577
0.385159
0.271565
0.353692
0.293289
0.378011
0.330307
0.297069
0.519248
0.366492
0.29336
0.366778
0.330029
0.280868
0.187802
0.336136
0.32315
0.297561
0.285104
0.29058
0.329582
0.403956
0.263307
0.238213
0.348802
0.355587
0.247014
0.297872
0.45533
0.254081
0.357465
0.281388
0.261865
0.29743
0.358322
0.268716
0.29499
0.327266
0.285039
0.283546
0.289872
0.365637
0.45761
0.254652
0.291789
0.237353
0.297034
0.272356
0.273334
0.323325
0.267365
0.270333
0.392937
0.384057
0.312413
0.316971
0.259291
0.342362
0.312963
0.271733
0.379989
0.351146
0.261627
0.270918
0.333749
0.267267
0.342498
0.408731
0.269032
0.282745
0.278303
0.425432
0.323488
0.330511
0.259018
0.364317
0.365304
0.356829
0.264192
0.39097
0.282303
0.224375
0.315931
0.41694
0.316531
0.31317
0.282137
0.257751
0.290153
0.383392
0.310107
0.332809
0.198376
0.29959
0.304696
0.318557
0.290271
0.275483
0.266448
0.262604
0.429398
0.361155
0.386323
0.279223
0.285814
0.308958
0.406175
0.333307
0.223887
0.368967
0.328991
0.32537
0.297631
0.308073
0.197577
0.307467
0.360636
0.270462
0.342069
0.331898
0.373244
0.278995
0.283563
0.263202
0.281813
0.42782
0.282543
0.34632
0.366687
0.418956
0.235668
0.311039
0.272044
0.253155
0.344618
0.358154
0.350769
0.342798
0.295574
0.2727
0.402811
0.323863
0.370639
0.292772
0.244923
0.286745
0.398254
0.351441
0.30131
0.311507
0.321748
0.232556
0.371223
0.274244
0.329147
0.30699
0.2759
0.280216
