2.4105
1.8697
2.342
2.419
2.3637
2.2452
2.0412
2.4382
2.3069
2.401
1.2619
2.154
1.9863
1.9286
2.1224
1.9177
2.28
2.325
2.362
2.2649
2.4215
2.2222
2.1568
2.2272
2.1895
2.1747
2.4224
2.1771
2.2187
1.9155
2.4576
2.1286
1.7568
2.3523
2.4375
2.4252
2.4815
1.7052
2.1824
2.0769
2.1965
1.9159
2.3818
2.3081
2.2941
1.8569
2.4204
2.0432
2.3631
1.8306
2.1238
2.3099
1.4349
2.2571
2.1418
2.3395
2.1805
2.321
2.25
2.2794
1.881
1.7606
2.2436
2.2994
2.4613
1.8745
2.3772
2.0049
2.3702
2.3872
2.3772
2.1016
2.0587
2.0563
2.3485
2.3288
2.4748
2.4608
2.2844
2.1335
2.3912
2.3512
2.4357
2.3884
2.3728
2.2645
2.2222
2.3559
2.1353
2.3566
2.2494
2.3418
2.1859
2.4618
2.3864
2.4007
2.4476
2.1755
2.3673
2.2182
2.2464
2.2975
2.1703
2.4752
2.152
2.2386
2.2747
1.8493
2.2861
2.1878
2.0395
2.1551
2.4955
2.378
2.2686
2.0821
1.661
2.2624
2.0409
2.0266
2.3875
2.2864
2.0806
2.254
2.2897
2.0791
2.119
2.2417
1.4362
2.3368
2.4134
2.0016
2.3601
2.4423
2.2381
2.0946
2.4476
2.4297
2.1854
2.3934
2.423
1.8388
1.4851
2.3893
2.051
2.3489
2.3814
2.1366
2.3828
1.8515
2.4469
2.0194
1.6006
2.2363
1.2785
2.2617
2.2626
1.7496
2.1949
2.2694
2.052
2.3392
2.3923
1.5421
2.3235
2.0844
2.2218
2.082
2.1459
1.4929
2.413
2.4169
2.1081
2.4281
2.2215
2.2441
2.2555
2.334
2.3598
1.3934
2.3353
2.5128
2.2537
2.358
2.1269
2.3547
1.6788
1.7736
2.0229
2.3338
2.212
1.7919
2.3026
2.2367
2.3325
1.997
2.4086
1.3585
1.777
2.2992
2.3799
2.2786
2.369
2.4097
2.3441
2.4568
2.0784
2.1184
2.3241
2.4506
1.9941
2.3459
2.2073
2.2131
2.1672
2.0776
2.4064
2.4116
2.3423
2.2005
2.1009
2.1273
2.3426
2.2452
2.1824
2.3886
2.3036
2.2511
2.4195
2.2441
2.347
2.0361
2.2679
2.4293
2.1129
2.1475
2.1862
2.2848
1.7149
2.4127
1.7268
2.184
2.3452
2.0898
1.6924
2.4224
2.0451
2.2893
1.7085
2.2797
2.3325
2.1067
2.2891
1.8509
2.2549
2.1395
2.2745
2.3528
2.0243
2.3032
1.8254
1.9872
2.3712
2.0875
2.393
2.3948
2.236
2.156
2.3413
2.3936
2.3542
2.3685
2.0484
2.3608
2.3712
2.4347
2.0164
2.4903
2.4636
1.852
2.2692
2.4335
2.2765
2.0287
2.4842
2.1897
2.3837
2.2605
2.1752
1.9507
2.1948
1.7482
2.406
2.312
2.3675
2.405
1.9777
2.0037
2.2796
2.1615
2.3468
2.2369
2.2629
2.3731
2.0967
1.8248
2.2325
2.0616
2.0578
2.0954
2.2799
2.3601
2.4272
2.3904
2.2213
2.448
2.082
2.3253
2.3366
2.4628
2.3391
2.364
2.3628
1.3577
1.5676
2.0238
2.2785
2.1587
2.2795
2.1277
1.9839
2.1618
2.4152
1.7069
2.3735
2.4124
2.1149
2.2365
2.0339
2.0773
2.3712
2.1071
2.471
2.2751
2.254
2.1812
2.3775
1.9868
2.2178
2.2112
2.3986
2.2932
2.3614
2.2559
2.4075
2.3573
2.0314
2.2435
1.809
2.2849
2.2039
2.0251
2.3604
1.9985
2.0165
2.144
2.3289
2.1486
2.2195
2.0827
2.313
2.3716
2.5124
2.1874
2.3438
1.9996
1.9619
2.2559
2.1236
2.3828
2.2345
2.2552
1.8976
2.1871
2.2881
2.3059
2.0469
1.3796
2.0843
2.0892
2.3624
2.3378
2.3434
2.0214
2.4276
2.1947
2.1608
2.3978
2.2874
2.3828
2.2145
2.2994
2.4967
2.1701
2.41
2.2318
2.1418
2.1229
1.775
2.1463
1.5593
2.2448
2.2388
2.1632
2.1652
2.1445
2.2512
2.228
2.3205
2.0836
2.4616
2.3691
2.2315
1.8506
2.0347
2.3161
2.4335
2.2811
1.9681
2.281
2.431
2.3268
2.2094
2.2216
2.1973
2.2101
2.3748
2.3941
1.9548
2.4695
2.3232
2.3124
2.0473
2.3796
2.3794
2.1541
2.1917
2.1831
2.0358
2.2074
2.1476
2.4243
2.1831
2.4104
2.1937
2.1312
2.446
2.0331
2.124
2.1846
2.1572
1.7489
2.3433
2.3343
2.0695
2.2464
1.9723
2.2752
2.386
2.2902
2.4715
2.3555
2.3404
2.0587
1.3846
2.0233
1.4799
2.0758
2.0568
2.2619
2.4015
2.2358
2.3542
2.4047
2.2111
2.2918
2.1356
1.9966
2.4991
1.6744
2.4839
2.4665
1.9705
2.0456
2.3971
2.3971
2.377
2.2661
2.0805
2.1454
2.1652
1.8253
2.3225
2.3721
2.3513
2.3251
2.1179
2.278
2.2494
2.3999
2.4514
2.2658
2.1208
2.2205
2.2886
2.2988
2.2437
2.3285
2.1469
2.1112
2.4364
2.2421
2.3836
2.2415
2.3066
2.1477
2.122
2.3975
1.8579
2.1264
2.3885
2.4775
2.4367
2.2524
2.4271
2.1802
2.1475
2.1406
1.6598
2.3386
2.3959
2.3215
2.0882
1.8899
1.6636
2.3664
2.2277
2.3446
2.3467
2.2692
2.3586
2.2651
2.4626
2.3077
2.1735
2.271
1.8306
2.1271
2.4815
2.2318
1.4477
2.4012
2.0723
2.4019
2.0615
1.3671
2.3712
2.2684
1.9134
2.2142
2.0707
1.9102
2.341
2.3312
2.0085
2.2929
1.8374
2.0847
1.9696
2.1744
2.0698
2.292
2.1301
2.4192
1.6557
2.2622
2.2627
1.8218
2.1659
2.3603
2.389
2.0129
2.2164
1.9385
2.0968
2.1422
2.1545
1.9765
2.2738
1.955
2.2969
2.4273
2.3404
1.6901
2.0904
2.0756
2.3803
2.3335
2.2322
2.299
2.1919
2.3578
2.3149
2.2342
2.1387
1.8516
1.9886
2.1937
2.1944
1.8863
2.1697
2.444
1.6502
2.4226
2.4553
2.3185
1.5227
2.2364
2.4072
2.1963
2.0047
2.3799
2.1711
2.4737
2.1324
2.4438
2.3309
1.7813
2.2414
2.2889
2.3897
2.1934
2.3272
1.4807
1.7892
2.4359
2.3452
1.7936
2.1448
2.2768
2.2285
2.0565
2.3486
2.3287
1.7643
2.3815
2.4069
1.5845
2.2792
1.9524
2.2386
2.366
2.1929
2.0281
2.369
2.3811
1.4682
2.3361
2.4247
2.4008
2.2681
2.3785
1.9048
2.1404
2.3831
2.1901
2.0989
2.3719
2.0197
2.3423
2.2672
2.3613
2.0869
2.3084
2.2492
2.412
2.3917
2.4349
2.3694
2.2171
2.1859
2.2793
2.0746
1.5918
1.9569
2.1666
2.4744
1.7587
2.2408
2.4088
1.9727
1.8002
2.3044
2.0643
2.4078
2.3675
2.4201
2.4102
2.2892
2.3145
1.9701
2.1464
1.7194
2.338
2.2228
2.4151
2.0576
2.3672
1.9906
2.2053
1.8291
2.3995
2.2957
2.414
2.4175
1.7534
2.2281
2.144
2.1198
2.1106
2.0449
1.8174
2.2834
2.3637
2.3671
2.4219
2.1661
2.159
2.3094
2.401
2.1054
2.0283
2.2886
2.4524
2.3646
2.3928
2.1618
2.3591
2.2274
2.2408
2.0889
2.3459
2.3038
2.326
2.1708
2.389
2.342
1.7128
2.3521
2.2638
2.1757
1.8338
1.9583
2.2597
2.4148
1.8646
2.2681
1.9754
2.083
2.5488
2.3339
2.3061
2.3124
2.2872
2.385
2.0484
2.3211
1.73
1.9812
2.3291
2.3272
2.2044
2.2701
2.1414
2.221
2.2441
2.4224
2.3715
2.3092
1.8216
2.4166
1.7084
2.1612
2.3484
2.3744
2.2302
2.3069
1.6715
2.2717
1.9803
1.9451
2.2999
2.1908
2.387
2.1384
2.4045
2.143
2.3486
2.4365
2.3231
2.201
2.3931
2.2496
2.4342
2.3375
2.2074
2.446
1.4715
2.2043
2.4026
2.3534
2.156
2.3897
2.3575
2.4228
2.2847
2.4738
2.1267
2.4624
2.1486
2.2934
2.3559
1.6161
2.4405
2.336
2.335
2.0025
2.3851
1.4883
1.9817
2.1874
2.2614
2.0877
2.3775
2.1031
2.1347
2.4178
2.2064
1.8911
1.5843
2.0828
2.1038
2.2746
2.2768
2.343
2.4261
2.4226
2.1966
2.124
2.3767
2.3248
1.978
2.3654
2.3284
2.1915
2.2543
2.1282
2.3708
2.2071
1.9238
2.1318
2.281
2.333
2.4615
2.3016
2.1801
2.2327
2.2998
2.2054
2.2759
2.4742
2.2173
2.3625
1.9972
2.3345
2.3265
1.9074
1.7721
2.3854
2.1599
2.2382
1.8189
2.3494
2.4093
2.2295
2.1322
2.4112
2.3857
2.386
2.2701
2.3134
2.1903
1.5471
2.2522
2.3926
1.8885
2.3999
2.192
2.3588
2.1831
2.3925
2.4334
2.3485
2.1559
2.2654
2.1956
2.3789
2.4872
1.8821
2.2575
2.2878
2.1073
2.1578
2.2949
2.3763
2.3475
2.206
2.1347
2.4257
2.2925
2.0107
2.1594
2.1603
2.4155
2.19
2.2885
1.9393
2.2903
2.1363
1.9346
2.2635
2.3595
2.3888
2.3023
1.9643
2.4355
2.387
2.3959
2.5478
2.2861
2.433
1.9324
2.1043
2.3974
2.1045
2.4663
2.368
1.6757
2.4608
2.3693
2.2469
2.4475
2.342
2.2541
2.4319
2.3655
2.3743
2.2424
2.3908
2.2165
2.2363
2.4666
2.2569
2.3615
2.3569
2.3042
2.5113
2.2301
2.102
2.1138
2.3235
2.3877
2.4169
2.2264
2.4108
2.3252
2.2328
2.2235
2.5071
1.6534
2.3339
2.1912
2.3668
1.6083
2.3547
2.3849
2.2154
2.3354
2.2287
2.4179
2.0859
2.4164
1.7555
2.3173
2.3438
2.3671
2.1205
2.2329
2.3857
2.3877
2.2853
2.299
2.1705
1.733
2.2033
2.1373
1.8716
2.3335
2.3178
2.4095
2.435
2.0652
2.3297
2.4215
2.3854
1.8395
2.2186
1.6393
2.3213
2.2754
2.3357
2.0387
2.1518
2.481
2.2965
2.0777
1.5039
2.0967
2.3498
2.3073
1.5123
2.2239
1.9584
1.9647
1.7754
2.5281
2.1791
2.4823
1.7621
1.9682
2.3125
2.2775
2.096
2.2545
2.2998
2.2309
2.3141
2.1211
2.065
2.4598
1.5698
2.3229
1.9201
2.3224
2.2893
2.3667
2.2906
2.1733
2.1496
2.0785
2.0471
2.471
2.2976
2.1136
1.7234
2.4214
2.276
2.3777
2.3603
2.1308
2.1997
1.7952
2.3113
1.7587
2.4649
2.2457
2.1737
2.2373
2.3045
2.3571
2.3447
2.1997
2.4242
2.2191
2.3595
2.0956
2.1334
1.7658
2.3946
2.3722
2.3187
2.2647
2.3886
2.5041
2.3788
2.3835
2.2153
2.3878
2.3765
2.4441
2.3318
2.3599
2.4105
2.3849
1.9293
2.3689
2.3357
2.3673
2.2711
2.4083
1.826
2.4057
2.1839
2.4163
2.1938
2.3079
2.3483
2.2448
2.4312
2.2178
1.9663
2.3914
2.3649
2.2857
2.4688
2.0631
2.2917
2.4554
2.1925
2.2797
2.1101
1.8958
2.1019
2.3698
1.9039
2.0329
2.2638
2.0598
2.4797
2.2994
2.1074
2.3657
2.3281
2.4144
2.4003
1.9169
2.4606
2.3218
2.19
2.4097
2.4096
2.4678
2.3375
2.1639
2.2828
2.1511
2.3457
2.2127
0.9647
2.0109
2.4807
2.3836
2.4099
2.2994
2.4226
1.9985
2.1365
2.2574
2.2028
2.367
2.3119
1.6727
2.4065
2.2986
2.3862
2.232
2.3003
2.2365
2.5399
2.465
2.2878
2.0943
2.3399
2.2231
2.0085
1.5789
2.2393
2.1977
2.184
2.3286
2.2866
2.305
2.0791
2.2779
2.1559
2.4244
2.207
2.4936
1.2367
1.895
2.2484
2.4097
1.6293
2.3495
2.2307
2.3163
2.3333
2.2516
2.2827
2.1387
2.357
2.0811
2.1735
2.5404
1.2573
2.3748
2.0516
2.4653
2.4482
2.4079
2.5335
2.2813
2.0479
2.1016
2.3516
2.2623
2.2526
2.3009
2.3586
2.5151
2.4506
2.3319
2.1066
2.41
2.3376
2.3806
2.3699
2.1866
2.2441
2.3104
2.296
2.3131
1.9697
2.3195
2.0973
2.4194
2.4285
1.9145
2.3018
2.3823
2.1023
1.5162
1.5673
2.3004
2.2095
2.3
2.4337
2.038
2.3314
1.5428
2.0256
2.373
2.2357
2.4296
2.3367
2.2471
1.5056
2.0332
1.8825
2.1928
2.4808
2.4293
2.1981
1.2594
2.2464
2.3372
1.8235
2.4096
1.9003
2.2805
2.3404
2.3678
2.1517
2.4763
2.142
2.4208
2.2287
2.428
2.0995
2.3214
2.3888
2.3531
1.8237
2.4677
2.0912
2.2416
2.2037
2.4305
2.4267
2.4321
2.0817
2.3782
2.4479
2.3556
1.4295
2.2932
2.4152
2.3467
2.3833
2.3113
2.2367
1.2734
2.3197
2.3238
2.0983
1.9412
2.4466
2.3496
2.3038
2.2101
2.2485
2.3076
2.1342
2.2188
2.2026
1.9196
2.313
2.3866
2.4742
2.3211
2.2286
2.0439
2.0401
2.1936
2.033
2.4731
2.3118
2.1311
2.4156
2.3669
1.9469
2.4867
2.3112
2.4086
2.2149
2.4295
2.3192
1.896
2.2976
2.3951
2.1165
2.0663
2.1053
2.4455
2.3843
2.3099
2.331
2.4127
2.3985
2.1783
2.0411
2.1706
1.9883
2.0448
2.0917
2.1499
2.2726
2.36
2.0415
2.249
2.2852
2.2484
2.3728
1.9613
2.2665
2.2254
2.1517
2.2374
1.8488
2.0846
2.2455
1.5131
2.3537
1.7773
2.4293
2.3505
1.9907
2.2384
2.2317
2.4535
2.4981
2.4129
2.4515
2.2027
2.3897
2.1738
2.2551
2.1827
2.1118
2.1183
2.1379
2.1963
2.3246
2.2283
2.4073
2.3353
2.1015
2.4092
2.1217
2.2631
2.0922
2.3779
2.2983
2.4812
1.9443
1.9112
1.6499
2.3938
2.199
2.242
1.9547
2.3695
2.4253
2.2909
2.1489
2.2439
1.969
2.104
1.8249
2.3787
1.805
2.2613
2.2481
2.1759
2.2321
2.1595
1.8282
2.0123
2.3421
1.9938
2.3043
1.4556
2.253
1.8151
2.2338
2.1636
2.2166
2.2078
2.4205
2.2643
2.3081
2.2811
2.3843
2.3785
2.1833
2.3281
2.1812
2.0884
1.7668
2.0909
2.0575
1.9294
2.2736
2.13
2.4083
2.0477
2.3309
2.1725
2.4761
2.2021
2.3016
1.8973
1.9393
1.877
2.4618
2.5217
1.9612
2.3803
2.1897
2.3215
2.4115
2.3866
2.0066
2.1108
2.2787
2.2848
2.2838
2.117
2.4252
2.3719
2.2368
2.3286
2.2079
2.3859
2.3384
2.0293
2.2676
2.3995
2.3742
2.3636
2.3588
2.1167
2.2437
1.414
2.4131
2.1867
2.2817
2.2292
1.6555
2.1122
2.3787
2.2321
2.1642
2.4225
2.3272
2.2936
2.4165
2.1989
2.1941
2.5051
2.2665
1.6462
2.3874
2.2653
2.1809
2.2604
2.2874
1.523
2.4131
2.0002
2.3697
2.0341
1.9217
1.914
2.3911
2.2429
1.8007
2.2112
2.0398
2.1699
1.8834
2.3855
2.3919
2.2869
1.3802
2.4889
2.1366
2.2411
1.6462
2.4143
2.5024
2.4886
2.2955
2.401
2.4281
2.1366
2.4558
2.3289
2.2664
1.7599
2.253
2.1505
2.1556
2.3672
2.222
2.3537
2.1575
2.3468
1.9222
2.4736
2.0498
2.2078
2.4554
2.0308
2.0367
2.3276
1.8154
2.2805
2.3718
2.225
2.1435
2.3323
2.2274
2.1043
2.2232
2.4188
2.3259
1.443
2.3971
2.0878
2.3046
2.3668
2.3512
2.2114
2.442
1.7248
2.3598
2.1975
2.367
1.9005
2.1335
2.2895
2.1392
2.2904
2.205
2.213
2.2782
2.1537
2.369
2.2251
2.3709
2.3453
2.3846
2.204
2.0044
2.0671
2.3495
2.2293
2.2655
2.3554
2.3128
2.3951
2.2989
2.2661
2.1928
2.3956
1.8394
2.0544
1.8033
1.8565
2.2568
2.1611
1.8084
2.2464
2.3241
2.3318
2.2895
2.3571
2.4123
1.6025
2.1311
2.1542
2.3738
1.9415
2.4523
2.0788
2.385
2.2765
1.5651
2.0174
2.2637
2.3103
2.4128
2.3655
2.2387
2.2556
2.0741
2.1731
2.4719
2.3989
2.3321
2.4418
2.3734
2.1322
2.4499
2.163
2.2579
2.4004
2.4306
2.1469
2.0952
2.3031
2.0577
2.1184
2.2266
2.0021
1.6985
2.4204
2.2674
2.4204
2.2263
2.3284
2.3734
1.8056
2.0315
2.232
2.3851
2.1352
2.3941
2.4145
2.298
2.4156
2.4762
2.0775
2.1939
1.5129
2.1972
2.3235
2.1534
2.3117
1.4905
2.3966
2.1143
2.3329
2.3187
2.4877
1.7518
2.2877
2.3994
2.4056
2.4269
2.3545
2.1544
2.356
1.5185
2.4213
2.1234
2.3948
2.1953
2.3149
2.2192
2.2762
2.3442
2.3234
2.3426
2.3703
2.1387
2.3568
2.0618
2.2835
2.2828
2.2906
2.3717
1.3838
2.467
2.3876
2.3205
2.3596
2.0267
2.385
2.1088
2.0528
2.169
2.1921
2.3519
1.7807
2.0851
2.0509
2.3638
2.4453
2.2603
2.3019
2.3557
2.3628
2.1025
2.3626
2.0284
2.226
2.3267
2.4164
2.1774
2.0851
1.888
2.1633
2.3184
2.2799
2.4641
2.3669
2.3797
2.3354
2.2455
1.4048
2.0597
2.0316
2.3353
1.4905
1.7107
2.1298
2.3522
2.289
2.3043
2.2877
2.0037
2.3183
2.1825
2.3242
2.3042
2.2768
2.3225
2.503
2.411
2.3378
1.904
2.3141
2.044
2.3821
1.5416
2.3937
2.4123
1.6931
2.3115
2.1959
2.1186
2.4857
1.6434
2.3546
2.3979
2.3105
2.3162
2.3134
2.3514
1.4346
2.3682
2.3659
2.3289
1.8727
1.4942
2.3098
2.3353
2.2115
2.1088
2.287
1.4568
2.2647
2.1933
2.0874
2.3751
2.4188
1.7491
2.2228
2.0011
2.3502
2.3898
2.224
2.2227
2.2771
2.3947
2.4476
2.3257
2.3819
2.2017
1.9815
2.1414
2.277
2.1289
2.407
2.41
2.318
2.4489
2.2955
2.2914
2.2424
2.244
2.2467
1.5677
2.3055
2.1574
2.2734
2.4316
2.3627
2.1809
1.3601
2.3459
2.2843
2.4001
1.9744
2.0622
2.1275
1.3956
1.7314
2.2295
2.4228
1.4265
2.1208
2.4201
2.3439
2.2726
2.3428
2.364
2.35
1.9287
2.2832
2.3197
2.4164
2.0896
2.1212
2.3425
2.37
2.3303
2.149
2.0805
2.0922
2.0226
2.0532
2.1934
1.9892
2.1814
1.8295
1.5659
2.2075
2.4318
1.9185
2.0717
2.2702
1.8741
2.3826
2.3902
2.3029
2.378
2.3654
2.0494
2.1316
2.1668
2.1498
2.2246
2.3055
2.2533
2.3359
2.3255
1.6212
2.3304
2.1659
2.1315
2.3748
2.1518
2.3185
2.3441
2.2275
2.0311
2.3035
2.3687
2.1458
1.7261
1.9215
2.2797
2.1195
1.4088
2.3705
2.3611
2.3859
2.1756
2.245
2.3866
2.1697
2.3349
2.2141
2.3597
2.2343
1.8629
2.2308
2.1089
2.3751
2.3713
2.3703
2.005
2.3164
2.2278
2.3466
2.4625
2.223
1.9835
2.3864
2.5722
2.335
1.607
2.1645
2.3468
2.4375
2.2104
1.4529
2.2577
2.3712
2.2951
2.2308
2.3904
1.8097
2.2372
1.7921
2.2317
2.221
2.4098
2.4815
2.2781
2.1366
2.1651
2.2985
2.295
2.3585
2.3061
2.3809
2.1145
2.3772
1.9502
2.2841
2.2721
2.3721
1.637
2.4772
2.3527
2.3407
2.3841
2.3287
2.0866
2.3431
2.1852
1.9912
2.2622
2.3415
2.0929
2.3528
2.2981
2.3683
2.3524
2.3286
2.1492
2.3225
2.1709
2.3679
2.2916
2.3291
2.0958
2.1003
2.1157
2.3069
1.743
2.3243
1.9409
2.2764
2.433
2.3466
2.4081
1.7641
2.2127
2.4746
2.3588
2.3226
2.1089
2.4223
2.1532
1.9687
2.428
2.0696
2.0846
2.3714
1.5714
2.3926
2.2784
2.315
2.3161
2.3644
2.1767
1.9962
2.4144
2.3319
2.2958
2.1832
2.2965
2.3483
2.1313
2.3503
2.3376
2.1177
2.2376
2.2228
2.2535
2.3199
2.3599
2.4106
2.158
2.2919
2.3315
1.9116
2.3764
2.274
2.445
2.3979
2.2747
2.1296
2.214
2.223
2.1765
2.3937
1.7765
2.068
2.1456
2.3072
2.4283
1.8034
2.1035
2.4257
2.1946
2.4824
2.4003
2.4712
2.0332
2.2036
2.1408
2.2209
2.4061
2.2614
2.3511
2.2764
2.3645
1.7886
2.4092
2.1339
2.3419
2.36
2.3491
2.2887
2.3368
2.2344
2.0819
1.5004
2.3157
2.1147
2.3451
2.3208
2.3902
2.332
2.3211
2.436
2.4628
2.2437
1.8869
2.2551
2.2537
2.4036
2.4915
1.3998
1.9182
2.5265
2.0516
2.1625
1.6382
2.1747
2.4085
1.4728
2.3547
2.1753
2.2025
2.1169
2.1296
2.4219
2.299
2.1152
2.0418
2.2803
2.3761
2.1801
2.3457
2.368
2.4204
1.3996
2.1163
2.1854
2.2944
2.1299
2.1995
2.4318
2.3218
2.3418
2.2542
2.0361
2.3557
2.3189
2.4537
2.3824
2.3787
2.0912
2.283
2.4505
2.357
2.1933
2.4498
2.3651
2.3239
2.2575
2.0749
2.2212
2.0541
2.3932
2.1433
2.3792
2.1139
2.0651
2.3357
2.497
2.2705
2.2662
2.3304
2.437
2.3697
2.1686
2.1812
2.3495
2.1812
1.636
2.332
2.241
2.1147
2.0507
2.3972
2.3118
2.4322
2.0997
1.485
2.3772
2.1457
2.1919
1.8484
2.4049
2.4486
2.4747
2.29
2.2588
1.435
2.1762
2.1437
2.0244
2.3233
1.9469
2.2911
1.9563
2.2876
2.3071
2.2916
2.3025
2.1688
1.6692
2.4735
2.1876
2.0828
1.9054
2.3204
2.3214
2.1794
1.768
2.4827
1.6857
2.1188
2.3363
2.4023
2.4221
2.3161
2.106
2.3301
2.3816
2.287
2.1791
2.4739
2.3014
1.7757
2.4529
2.0953
2.2806
2.4082
2.4169
1.9739
2.273
2.286
2.3426
2.3712
2.4373
2.4177
2.3655
2.285
2.3567
2.2771
2.1941
2.4094
1.9534
2.4723
1.5667
2.079
2.3178
2.3546
2.2745
2.3386
2.3611
2.0884
1.7979
2.2213
2.3314
2.2382
2.146
2.302
2.3684
2.3598
2.3218
2.0453
2.2434
2.1613
2.3476
2.419
2.3789
2.3123
2.4074
1.6784
2.2716
2.275
2.2942
2.3842
2.2493
2.3175
2.0852
2.415
1.868
2.1596
1.8271
2.2895
2.212
2.1944
2.3896
2.2284
2.2408
2.2987
2.2095
2.3041
2.4243
2.4307
2.3979
2.1334
2.0824
2.1783
2.031
2.1323
1.994
2.0841
2.4201
2.3411
1.3915
2.0373
2.3954
2.1951
2.4581
2.2434
2.0643
2.4358
2.3487
1.4948
1.5987
2.3733
1.8166
2.409
2.1961
2.3178
2.1688
2.182
2.3309
2.27
2.4228
2.2815
2.3881
1.9408
2.2699
1.4871
1.7393
2.1195
1.6676
2.2692
2.4058
2.2563
2.0156
2.3567
2.2995
1.6984
2.4174
2.3256
2.5016
2.017
2.317
2.129
2.1899
2.2019
2.4311
2.1336
1.9276
2.2448
2.2203
1.9929
2.3004
2.1091
2.4105
2.401
2.3313
2.1475
2.3517
1.601
2.1695
2.1526
2.2762
1.3939
2.1329
2.2544
2.3802
2.233
2.2424
2.2225
2.3347
2.2806
2.2449
2.42
2.2997
2.3991
1.801
2.4164
2.3735
2.145
2.2775
2.4128
2.091
2.1772
1.6984
2.2218
2.3113
1.4221
2.4816
2.416
2.1867
2.2227
2.2408
1.574
2.3632
2.1103
2.03
2.2501
2.3661
2.2523
2.1671
2.2281
2.3239
1.6073
2.2422
2.3995
2.4677
2.0113
2.0881
2.0749
2.3637
2.3286
2.3921
2.2957
2.0667
2.0407
2.2353
2.1812
2.3798
2.3013
2.0245
2.1421
2.2968
2.4262
2.3663
2.2193
2.0732
2.3757
2.2622
2.1986
2.3613
2.1698
2.2558
2.0962
2.1779
2.4761
2.2657
2.257
2.2897
2.2873
1.9056
2.0894
2.0922
2.3952
2.2484
2.2612
2.2495
2.2952
2.0355
2.254
2.4429
2.1009
2.1611
2.2807
2.2449
2.3748
2.2386
2.1368
2.3852
2.1576
2.5177
2.3353
1.5499
2.436
1.772
2.2304
2.0492
2.4056
2.2021
1.9806
2.3495
2.2541
2.1057
2.4409
1.8849
2.2652
2.2783
2.1455
2.3603
2.1054
2.3362
2.3701
2.164
2.1263
2.2104
2.3051
2.392
2.2189
2.2524
2.2253
2.3043
2.4397
2.267
1.9919
2.3945
2.3257
2.3709
2.0654
1.7543
1.2268
2.3611
2.4046
2.2849
2.3442
1.748
2.4059
2.2011
2.4152
2.3534
2.2736
2.0135
2.333
2.2538
2.381
2.2126
2.0864
2.4634
1.2338
2.2134
2.3946
2.3709
2.4593
1.8213
2.3935
2.1791
2.1285
2.1956
2.3296
2.3282
2.25
1.966
2.292
2.3013
2.3947
2.1512
2.4867
1.7425
2.1586
2.2009
2.1153
2.0029
2.4772
1.8429
2.0955
1.553
1.7467
2.3799
2.39
2.3703
2.3751
2.1905
2.1108
2.1661
2.0586
2.3734
2.0836
2.0737
2.1252
1.9754
2.3338
2.4077
2.3661
1.8969
1.3802
2.094
1.723
2.375
2.2476
2.3816
2.0973
1.9408
2.1367
2.2975
1.8226
2.4497
2.2582
2.2888
2.2198
2.2258
2.3721
2.3299
2.266
2.2108
2.3872
2.2696
2.3873
1.4517
2.2596
2.012
2.3675
2.3438
2.4005
2.1485
2.172
2.2024
2.24
2.371
2.2286
2.3812
2.292
2.2403
2.1771
2.3907
2.1918
2.2606
2.1549
2.2654
1.7875
2.4074
2.3116
2.3522
2.3267
2.1983
2.3049
2.0588
2.22
2.0097
1.5867
2.4108
2.3988
2.3653
2.1751
2.1282
2.3847
2.3187
2.3845
2.2998
2.1932
2.2217
1.4513
2.191
2.3737
2.3115
2.3237
2.0546
2.3208
1.8444
2.2866
2.3696
2.2389
2.471
2.0976
2.3356
1.5121
2.463
2.3776
2.1595
2.3856
2.417
2.1428
2.218
2.1118
2.3882
1.9014
1.8556
2.3044
2.0644
2.2119
2.4454
2.3312
2.126
2.3211
1.5073
1.9257
2.2576
2.2582
2.0973
2.3484
2.4119
2.3888
2.2658
2.3232
2.3844
2.3401
2.4392
2.3453
2.406
2.0581
2.4473
1.533
2.1104
2.4559
2.4369
1.7108
1.6573
2.3477
1.8774
2.2291
2.4042
2.2119
2.4131
2.3951
2.1342
2.4031
2.2472
2.1891
2.3119
2.4375
2.19
2.1806
2.337
1.9532
2.3839
2.1173
2.0912
2.5181
2.4533
2.4073
1.8568
2.1125
1.8378
2.3357
2.2515
2.1958
2.0897
2.0431
2.4466
2.109
2.4545
1.9465
2.198
1.695
2.3347
1.7622
2.2419
2.3541
2.4263
2.2636
2.1907
2.2075
2.0884
2.0034
2.2352
2.1894
2.2647
2.3569
2.5031
2.0093
1.8533
2.1368
1.9445
2.2102
2.3285
1.6357
2.3585
1.8691
2.444
1.9634
1.7714
2.3679
2.359
1.5745
2.2809
2.0941
1.5262
2.3131
2.176
2.3566
2.2875
2.1549
2.3736
1.5491
1.1536
2.2855
1.8254
1.905
2.4244
2.3021
2.3764
2.2455
2.3065
1.8721
2.2142
1.7663
2.048
2.3559
2.2858
2.3165
1.8187
2.4239
2.0889
2.1032
1.7857
2.1453
2.3503
2.0844
2.2877
2.2654
2.0487
2.3622
2.2012
2.3164
2.2318
2.3625
2.0474
2.2819
2.3062
2.2713
2.1821
2.0391
2.452
1.5942
2.285
1.9639
2.4572
2.3839
1.9235
2.4228
2.4367
2.4779
2.2309
2.3895
2.2667
2.2642
2.3199
2.2822
2.1278
2.0224
2.344
2.1754
2.3855
1.5334
2.4881
2.3147
2.2157
2.4214
2.1505
2.3632
2.1616
1.9281
2.3469
2.3445
1.9838
2.1669
2.3001
1.4682
1.6477
2.414
2.2432
2.2216
2.1902
2.1762
2.4045
2.4038
2.0264
2.3705
2.3965
2.4473
2.1976
2.1046
2.3514
2.188
2.4139
2.4445
1.5335
2.4351
2.2593
2.4248
1.971
2.1934
2.1911
2.1431
2.4216
2.3784
2.1179
2.3787
2.2125
2.3903
2.2218
2.3612
2.279
2.252
2.3987
1.8705
2.2717
2.1198
2.2914
2.434
2.0716
2.3158
2.4682
1.7475
1.5128
2.1877
2.361
2.3896
2.4172
2.2118
2.369
2.4254
2.4294
2.3045
2.0959
1.5138
1.8588
2.2464
2.4076
2.3041
2.1566
1.9001
2.1493
2.3841
2.0498
1.4898
2.4723
1.9843
2.267
2.2758
2.1991
2.4167
2.2756
2.3411
1.9637
2.2533
2.1148
1.7457
2.4167
2.2802
1.7621
2.345
2.2332
2.2336
2.2749
2.1992
2.0557
2.4158
2.174
2.2182
2.4106
1.9643
2.2036
2.4163
2.0816
2.216
2.3054
2.2174
2.4503
2.3738
2.2252
2.2908
2.0811
2.2403
2.2723
2.2086
2.0656
2.343
2.0915
1.9619
1.9952
2.4439
2.2112
2.3711
1.8619
2.3933
2.4553
2.3469
2.2773
2.1751
2.2696
2.4725
2.1873
2.4386
2.2167
2.3195
2.2258
2.3853
2.3219
2.3572
2.4169
2.222
2.0234
2.4539
2.2132
2.3802
2.2411
2.2366
1.489
2.0065
2.3349
2.3768
2.2142
1.6167
2.3131
2.1727
2.2859
2.1883
2.2858
2.362
2.2141
2.3922
2.4291
2.3103
2.2196
2.2044
2.3505
2.4441
1.3374
2.4137
2.204
2.038
2.4674
2.2767
2.1274
2.2174
2.3031
1.87
2.307
2.4476
2.3015
2.1346
2.0954
2.0685
2.2486
2.0099
2.4363
1.4678
2.4631
2.3518
2.2037
2.1674
2.0857
2.4026
2.4392
2.2929
2.3902
2.2359
1.9545
2.4731
2.1595
2.3322
2.1452
1.9566
2.431
2.2645
1.9522
2.1989
2.3382
2.2055
2.221
2.3809
2.4782
1.5646
2.3737
2.3627
2.2091
2.3794
2.2104
2.3423
2.1594
2.337
1.8717
2.3401
2.2071
2.3625
2.1193
2.0072
2.323
2.4873
1.7859
2.4119
2.0406
1.4643
2.451
2.3409
2.1377
2.0459
2.1805
2.1906
2.321
2.2137
2.4772
2.3947
2.3816
2.2065
2.4166
2.1869
2.334
2.3494
2.1133
2.1045
2.3134
2.4489
2.35
2.3517
2.2674
1.8645
2.2379
2.5028
2.3792
2.3783
1.9636
1.8462
2.2539
2.3359
2.3618
2.289
2.2697
2.029
1.8601
2.0092
2.3614
2.3048
2.155
2.3101
2.4536
2.2247
2.1036
2.3589
2.4363
2.3724
2.1684
2.017
2.1152
2.168
2.4046
2.4116
2.2313
2.1574
2.1384
2.4349
2.0982
1.6524
2.1884
1.9963
2.3372
2.2248
1.6984
2.4328
2.005
2.0577
2.369
2.2716
2.0802
2.0648
2.4645
2.2453
2.3435
2.2784
2.2782
2.4589
2.4245
2.0427
2.4803
2.0255
2.1326
2.034
1.6266
2.3168
2.3906
2.3575
2.2022
2.4526
2.229
2.2175
1.9074
2.043
2.3964
2.3745
2.1038
2.2775
2.0143
2.4053
2.3926
2.1339
2.3478
2.3158
2.5026
2.4112
2.1285
1.6674
1.4885
1.4731
2.3591
2.3458
2.334
1.7862
2.2083
2.2975
2.4539
2.4166
2.2856
1.5206
2.2574
2.2075
2.3365
1.4822
2.1785
2.4313
1.7833
2.4709
2.3216
1.9264
2.3617
1.9584
1.9961
2.4613
2.361
2.3883
2.3469
2.4312
2.3855
1.9144
2.418
2.3453
1.2875
2.0268
2.3364
2.1716
2.3941
2.4468
2.4186
2.3938
2.4075
2.4275
2.344
2.2689
2.2057
2.372
2.4376
2.398
2.3284
2.3934
2.3564
2.2715
2.3443
2.3302
2.424
1.9359
2.0772
2.3792
2.0217
2.305
2.3136
2.1735
2.218
2.2534
2.4606
2.2399
2.1344
2.378
1.7094
1.8504
2.0953
2.4822
2.3069
2.3998
2.312
2.3816
2.3689
2.3609
2.0091
2.159
2.1933
1.5371
2.3876
2.2995
2.2547
1.9725
2.4373
1.9433
2.0893
2.4581
2.0417
2.2148
2.0551
1.8019
2.4753
1.7638
2.0476
2.3828
2.3403
2.1753
2.2258
1.8071
2.3124
2.1204
2.3934
2.4102
2.4479
2.3972
2.237
2.1304
2.3305
2.2935
2.2097
2.4138
2.1051
2.1208
2.2533
2.3528
2.3132
2.2575
2.3582
2.3619
2.277
2.032
2.1781
2.4037
1.8714
2.0944
2.1108
2.2104
2.3152
2.1161
2.3284
2.3432
2.3703
2.4171
1.4224
1.8726
2.1599
1.5266
2.2623
1.95
2.516
2.3082
2.2929
2.3025
1.9469
2.4154
2.1857
2.2775
2.3716
2.4774
2.2854
2.4946
2.3502
2.2884
2.2547
2.3495
2.275
2.4979
2.1624
2.3579
2.3381
2.3484
2.1379
2.1888
2.4082
2.309
2.2763
1.4852
2.3981
2.388
2.2923
2.2139
2.0748
2.1422
2.3242
2.3609
2.0106
2.0275
2.4057
2.394
2.1621
2.2428
2.3778
1.8896
2.1785
2.3787
2.0824
2.0933
2.3446
2.4049
2.4232
2.3503
2.1509
2.3095
2.16
1.4907
2.225
2.244
2.319
2.1402
2.3516
2.2095
2.3179
2.339
2.3211
2.3749
2.3141
2.436
2.2196
1.4337
2.1593
2.3759
2.1632
2.23
2.399
2.4238
2.3929
2.5427
1.7963
2.0848
2.318
2.348
2.3437
2.2676
2.3645
2.1861
2.3027
2.4277
1.626
2.0333
2.2391
2.0998
2.4626
1.8985
2.5484
1.9749
2.3415
2.3745
2.3118
2.2369
2.2647
2.3794
2.3942
2.3432
2.2925
2.4097
2.2696
2.3792
2.1634
2.3567
1.989
2.2323
2.1261
2.3194
2.1257
2.3956
2.1099
1.851
2.2054
2.3533
2.3577
2.1882
2.5353
2.1058
2.2663
2.2798
1.4075
1.4079
2.3043
2.4277
2.4067
2.3527
2.3464
2.2752
2.3333
2.4505
2.3723
2.0998
2.4071
2.446
2.334
1.2677
2.283
1.824
2.2454
2.1141
2.3481
2.2385
2.3427
2.2505
2.4118
2.3269
2.1411
2.1512
2.2877
2.2389
2.1977
2.2978
2.3495
2.3824
1.7625
2.4015
2.1609
1.6751
2.5382
2.37
2.3293
2.3703
2.0837
2.1085
2.4006
2.2403
2.3464
2.0141
2.2779
2.3658
2.272
2.2857
2.2338
2.3083
2.4049
2.1878
2.3761
1.2201
2.1857
1.4468
2.342
2.3081
2.2652
2.3249
2.3525
1.7187
2.1005
2.1527
2.336
2.3789
2.3477
2.394
2.0834
2.2235
2.2471
2.4243
2.3294
2.4503
2.2785
2.3612
2.4872
2.157
2.3404
1.3585
1.4717
2.2488
2.1554
1.9892
2.141
2.3211
1.7033
2.2646
2.2259
2.3484
2.0014
1.9428
2.3661
2.3577
2.4654
2.1947
1.8849
2.4836
2.2101
2.1431
1.9461
2.3174
2.2866
2.4147
2.1305
2.275
2.3265
2.3396
2.3073
2.2531
2.0773
1.893
2.0793
2.1092
2.2777
2.3823
1.9914
1.7494
2.3785
2.4442
1.6315
2.392
2.3576
2.0468
2.3707
2.0386
2.1417
2.2965
2.3244
2.4201
2.3292
2.0859
1.7899
2.3427
2.2639
2.3032
2.418
2.3081
1.7325
2.2025
2.2941
1.8122
2.3945
2.0478
1.548
2.3653
2.1745
2.323
2.2943
2.2607
1.3307
2.311
2.2258
2.4329
2.3113
2.4136
2.3695
2.0284
2.4464
2.3592
2.2005
2.2911
2.3061
2.168
1.6737
2.4494
2.5014
2.3738
2.3159
1.7086
2.181
1.4058
1.5347
2.3159
2.0212
2.1346
2.3285
2.2448
2.2484
2.4007
1.9062
2.5082
2.1198
2.0243
1.7658
2.3979
2.4221
2.3274
2.2225
1.7411
2.2659
2.082
2.4045
2.1802
2.0019
2.2551
2.3979
2.0796
1.6735
2.3461
2.0113
2.3709
2.2793
2.5067
2.4497
2.2095
2.3642
2.0234
2.4388
1.9076
2.3838
1.4978
2.4745
2.1272
2.2346
2.3255
2.2598
2.0638
2.4434
2.2063
2.3279
2.2027
2.1572
1.1029
1.8774
2.2898
2.3316
2.1479
1.8653
2.298
2.0916
1.9339
1.7516
2.3666
2.3098
2.2499
1.8797
2.4462
2.3101
2.3368
1.4477
2.1927
2.2029
2.3075
2.1918
2.3056
2.2192
2.3103
1.3882
1.9635
2.1622
2.139
2.415
2.294
2.4164
1.8288
2.3659
2.2443
2.3646
2.0138
2.0794
1.8666
2.2066
2.1612
2.2787
2.424
2.3763
2.2766
2.1234
2.2155
2.2401
2.4626
2.3722
2.0277
2.3277
2.0002
2.1384
1.3409
2.3577
2.1855
1.0084
2.3142
2.3728
2.187
2.2296
1.8188
2.3922
1.978
2.3703
2.5288
2.4008
2.2382
2.3927
2.3766
2.3613
2.0757
2.4029
1.7866
2.4315
2.3951
2.3831
2.3847
2.4279
2.3646
2.2222
2.367
2.3503
2.3155
2.2591
2.3372
1.946
2.3038
2.103
2.3004
2.2967
2.3111
2.3673
1.5365
2.2971
2.3264
2.4248
2.2541
2.4258
2.1784
1.6119
2.3055
2.4488
2.3357
2.2627
2.3658
1.9929
2.3506
1.355
2.3514
2.0393
2.4072
2.1902
2.3985
1.5364
2.15
2.297
2.2415
2.0568
2.1622
2.3719
1.5646
1.9846
2.415
2.1297
2.0185
2.3965
2.0321
1.366
2.2212
2.4707
2.0283
1.5502
1.9434
2.3238
2.0851
2.4087
2.4435
2.277
2.2601
2.0925
1.815
2.2645
1.9732
2.3743
2.4826
2.3953
2.1706
1.4662
2.2711
2.0917
2.1148
2.2081
1.8685
2.3549
2.3297
2.1861
2.4076
2.3219
1.9309
1.5186
2.2047
2.3872
1.8072
2.3572
1.6995
2.3352
2.3003
2.4367
2.1454
2.1091
2.354
2.4993
2.4678
2.4042
2.1694
2.3297
2.236
2.3849
1.4888
2.3823
2.0307
2.3277
2.1936
1.9674
2.2759
2.4746
2.4337
2.4213
2.186
2.3534
2.4566
2.1289
1.9168
2.2946
2.4094
2.3174
2.3284
2.3311
1.5549
1.5047
2.4126
2.2711
2.2091
2.3887
2.436
2.1306
2.4665
2.2147
2.3112
2.4386
2.2854
1.8904
2.371
2.3322
1.9597
2.1317
2.3209
2.3966
2.231
1.7744
2.1661
2.3212
2.3492
2.3931
2.3192
2.2491
2.3818
2.311
2.3548
2.3683
2.3693
2.1296
2.2435
2.1701
2.1885
1.702
2.3118
2.3562
2.3078
2.2525
2.3215
1.4709
2.0763
2.1862
2.3161
2.3367
2.2903
2.1293
2.2947
2.2955
2.41
2.3202
1.9753
2.1989
2.3399
2.2504
2.2345
2.3743
2.0871
1.5463
2.3761
2.249
2.3142
1.8269
2.292
2.3797
2.3963
2.3681
1.9243
2.1925
2.2836
2.143
2.1993
1.5591
1.4847
2.4472
2.1739
2.1863
2.2627
1.9126
2.3905
2.0745
2.3948
2.2936
2.2984
2.461
2.3314
2.3425
2.3255
2.2367
2.238
2.1562
1.6625
2.0944
2.1772
2.2658
2.2882
2.1629
2.2778
2.2503
1.8964
2.3717
2.469
2.2501
2.3548
2.1365
2.109
2.5081
1.5474
1.9954
1.9993
2.2244
1.7503
2.2331
2.2305
1.7941
2.2167
2.3342
2.2471
2.0045
2.3614
2.3874
2.3019
1.4809
1.917
2.3855
2.2369
2.2307
2.0576
2.0756
2.1306
1.4747
2.1215
2.419
2.3391
2.4379
2.2566
2.2606
2.3123
2.4717
2.3808
1.5155
2.2397
2.5027
2.3467
1.5248
2.1975
2.3468
2.3354
2.2264
1.6177
1.9399
2.2944
2.4319
2.3821
2.4616
2.276
2.3415
2.4027
2.3864
2.1761
2.3363
2.1384
2.2365
2.2507
2.4246
2.1801
2.3452
2.3017
2.0966
2.1894
2.4744
2.4737
2.3617
2.2019
2.3612
2.3254
2.383
2.0882
2.3102
2.2478
2.3044
2.3449
2.4671
2.2639
2.0782
1.815
2.4348
1.5324
1.966
2.2537
1.8545
2.2643
2.3026
2.2421
2.3438
2.1507
2.1296
2.342
1.8776
2.2691
1.8236
2.2564
2.3733
2.4182
2.3675
2.3963
2.3587
2.3633
2.1466
2.0479
2.1473
2.3544
1.608
2.4315
2.4323
2.334
2.4358
1.2146
2.2051
2.2883
2.4794
2.3298
2.2997
2.4452
2.1679
2.2764
2.4232
2.3368
2.3588
2.1979
1.9414
2.0155
2.4314
2.2465
2.1622
2.4761
2.3613
2.0438
2.3302
2.3286
2.1155
2.0981
2.4809
2.1866
2.287
2.2565
2.4092
2.2275
2.1978
2.3706
2.1011
2.4492
2.4179
2.2055
2.0108
1.8433
1.812
2.2658
2.3193
2.3601
2.3869
2.2841
2.341
2.3449
2.2587
2.3658
2.3004
2.2163
2.1657
2.2309
1.8488
2.3394
2.286
1.9885
2.1118
2.3951
1.9414
2.4117
2.2193
2.3771
2.1933
2.2504
2.4014
2.2626
1.9756
2.1602
2.301
2.4074
2.0117
2.1295
2.4324
2.3195
2.4448
2.1313
2.4321
2.2514
2.351
2.3507
2.3089
2.4159
2.0704
2.2053
2.2896
2.4034
2.316
2.3455
2.2913
2.4132
2.4022
2.1263
2.3483
2.0498
2.3853
2.0082
2.3606
2.4098
2.298
2.0573
2.1294
2.4146
1.4181
2.3989
2.499
2.2049
2.4185
2.28
2.1471
2.2366
2.1282
2.335
2.3268
2.2455
2.3909
2.0045
2.4591
2.338
2.2497
2.3377
2.4398
2.4384
2.4613
2.508
2.0446
2.4311
2.3764
2.4459
2.0543
2.0531
2.1079
2.164
2.4558
1.7894
2.4131
2.4085
2.2394
2.1144
2.0924
2.3286
2.3314
2.3535
2.3001
2.3447
2.2526
2.042
2.1677
2.1988
2.0808
2.263
2.0741
2.4107
1.6936
2.177
2.4419
2.2416
2.0864
2.2824
2.095
2.0814
2.4013
2.3346
2.3833
2.3814
2.2622
2.3305
2.1649
2.2828
2.3904
2.15
1.9856
2.2352
2.4841
2.2719
2.3883
1.982
1.5811
2.2061
2.3373
2.2415
2.2736
2.2234
2.3699
2.1223
2.3703
2.4161
2.4184
2.3383
2.3785
2.2992
2.2117
1.7089
1.9986
1.8691
2.0798
2.1432
2.3501
1.9792
2.3749
2.3412
2.2129
2.2965
2.3899
2.4578
2.2012
1.8534
1.8992
2.0401
2.3303
2.4961
2.0308
2.2829
2.3561
1.61
2.0929
2.4952
2.1928
2.2061
2.0318
2.0521
2.2369
2.3397
2.4494
2.3038
2.4502
2.3487
2.4662
2.0286
2.3394
2.445
2.2964
2.4118
2.3114
2.1828
2.2901
1.6075
2.1287
1.9326
2.3469
2.0691
2.353
2.4544
2.2337
1.1438
1.6989
2.3892
2.3539
2.3055
2.1897
2.353
2.3945
2.2812
2.4868
2.042
2.3962
2.3605
2.455
2.3215
2.4679
2.2896
2.2864
2.3681
2.0063
2.2974
2.4539
2.4457
2.4044
2.2975
2.3445
2.3367
2.2562
2.3683
2.4311
2.2336
2.4292
2.2155
2.1255
2.3644
2.3331
1.4235
2.1095
2.1591
2.2029
2.0067
1.8644
2.2812
2.1828
2.3389
2.198
2.3372
2.1346
1.9714
2.1182
2.2311
1.7209
2.4216
2.2047
2.5007
2.1713
2.0295
2.3874
2.3392
2.3481
2.2241
2.4572
2.183
1.9994
2.3951
1.9239
2.1244
2.4025
2.2917
2.4071
2.2477
2.1167
2.3576
2.439
2.3449
2.4773
2.3936
2.4504
2.0997
2.4214
2.4261
1.877
2.2764
2.3323
2.339
2.3548
2.4157
2.2193
1.9927
2.1343
1.8548
2.2605
2.3941
2.2955
2.4497
2.0054
1.7299
2.4525
2.186
2.2579
2.3017
2.3921
2.0235
1.5841
2.1059
2.2934
2.2458
2.412
2.2916
2.3106
2.2081
2.3809
2.276
2.3795
2.3959
2.2911
2.1601
2.2875
2.2357
2.2017
2.3007
1.5427
2.3932
2.1659
2.4677
1.7501
2.2045
2.2713
2.1918
2.1124
1.3079
2.0134
2.2989
2.2527
2.3707
2.0572
2.1249
2.2819
2.2028
2.4131
2.1168
2.2729
2.2882
2.1245
1.9787
2.411
2.3886
2.2077
2.3648
2.2391
2.3751
2.1416
2.2047
2.3322
2.3247
2.2783
