1.8968
2.3719
2.18
2.3658
1.6756
2.2437
2.136
2.0662
2.282
1.5075
2.1416
2.2534
1.7388
2.3286
2.1307
2.1899
2.1733
1.8734
2.4706
1.9017
2.1651
2.1346
2.102
1.6727
2.3082
2.4712
2.2011
2.3627
2.2071
2.346
2.1617
1.9569
2.2717
2.3515
2.1545
2.4203
2.4528
2.3331
2.4566
2.1797
2.4445
2.1607
2.2723
1.4661
2.4095
2.3965
2.0959
2.2858
2.0462
1.4816
2.1579
2.414
1.4618
2.3365
2.2338
2.419
1.9641
2.3488
2.4622
1.5289
2.1
1.4759
2.4317
2.4282
2.3844
2.4508
1.8645
2.237
2.4509
2.3884
1.6302
2.2377
2.3344
2.1216
2.216
2.0683
2.354
2.0243
2.3176
1.7552
2.1282
2.4522
2.3124
2.3462
1.9632
2.4074
2.2028
2.2233
2.3793
1.7472
2.3422
2.1565
2.3072
2.0673
2.417
2.4066
1.4062
2.2206
2.2463
2.3311
2.335
1.7955
2.3356
1.9923
1.5387
2.1874
2.1312
2.3165
2.2027
2.068
1.9847
1.9967
2.3751
2.3506
2.4179
2.2679
1.7383
2.3873
1.9046
1.5702
2.3601
2.2578
2.2418
2.3984
2.4091
2.3671
1.4958
1.7942
2.353
2.2144
2.1941
2.2958
2.3924
2.1293
2.287
2.1965
2.3443
2.4061
2.228
2.3108
2.3538
1.6261
2.4054
2.3084
2.3646
2.3343
1.7404
2.4028
2.3508
1.7325
2.3727
1.4153
2.2416
2.3877
2.3539
2.1281
1.8803
2.2716
2.3648
1.9114
2.1163
2.376
2.3111
1.786
2.3472
2.3904
2.3781
2.1411
2.0786
1.8822
2.3277
2.3051
1.2436
2.2827
1.5754
1.6307
2.3608
2.3824
2.4511
2.2104
2.4016
1.951
2.3826
2.0591
1.9594
2.4157
2.3848
1.6733
2.3422
2.4396
2.3209
2.2202
2.3764
2.3684
1.5804
2.4041
1.9065
2.5023
2.2336
2.2233
2.1544
2.2842
1.4568
1.7258
1.5709
2.3315
2.3936
2.4103
2.3743
2.2594
2.2003
2.3031
1.7663
2.2869
2.2337
2.2574
1.9924
1.4245
2.3429
2.0969
1.5719
2.2243
2.1741
1.4127
1.5561
2.3466
2.3847
2.4646
2.3654
2.2562
2.3935
2.4067
2.3312
2.3378
1.424
2.011
2.1844
2.1741
2.4464
1.9953
1.772
2.0861
2.4135
2.3229
2.316
2.0009
2.4387
1.9938
2.3145
2.3491
1.7033
2.3402
1.8782
2.035
2.2498
2.1164
2.2426
2.3362
2.3532
2.2674
2.2571
2.2086
2.4236
2.2979
2.282
2.3672
1.3782
2.0682
2.5014
1.7667
2.159
2.3507
2.3192
2.1841
2.2034
2.2567
2.2267
1.3495
2.251
2.4617
1.3963
2.3213
2.1439
2.2519
2.0181
2.2508
2.3587
2.367
2.2944
2.4533
2.3289
2.2511
2.232
1.7866
2.0889
2.2614
2.3306
2.23
2.1764
2.2351
2.3389
2.0411
2.0311
2.4207
2.1492
2.2511
1.809
1.935
2.1488
2.2782
2.1502
2.3495
2.4054
2.3344
1.3819
2.0469
2.2376
2.2662
2.3327
1.4616
1.3178
2.2907
2.3505
2.2128
2.3042
1.4225
2.3049
2.4303
2.448
1.9932
2.2854
2.3404
1.6175
2.387
1.5734
2.122
1.9519
2.3314
1.8353
2.1452
2.2325
2.1507
2.2247
2.3645
2.3585
2.312
2.2451
2.3061
2.3996
2.4227
1.7335
2.2657
2.0521
2.277
1.4654
2.0753
1.8897
2.2413
2.2986
1.4752
2.0455
2.459
1.8602
2.4935
1.5873
2.0693
2.3457
2.3295
2.3476
2.4531
1.6681
2.4407
2.218
2.2253
2.4183
2.2213
2.361
2.1561
2.0348
2.2874
2.2674
2.3709
2.4185
1.9784
2.3616
2.2261
2.3964
2.1806
2.4057
2.3491
1.4913
2.1127
2.2407
1.6386
2.4467
1.334
2.3181
2.1846
2.208
2.2946
2.3708
1.8471
2.2817
2.0923
2.1172
2.377
2.1531
2.4581
2.0975
2.2861
1.3621
1.8679
2.409
2.1223
1.634
2.0793
1.5667
2.1853
2.309
2.2325
2.1891
2.4693
2.3842
2.3415
2.3973
2.311
2.2721
2.3457
2.4699
2.3622
1.8013
1.7553
2.3259
1.8322
1.8397
2.3365
2.3869
2.1885
2.4301
2.3427
1.5816
2.5373
1.6378
2.3255
2.3872
1.9843
2.2578
2.306
2.3354
2.3368
2.4966
2.3506
2.3617
2.2866
2.4617
2.4549
2.3514
2.3756
2.2612
2.2722
2.2787
1.4803
2.3829
2.0691
2.3137
1.5747
2.429
2.3769
1.5911
2.3345
2.3079
2.061
2.2505
2.1778
2.352
2.1995
2.2507
2.2104
2.2145
2.432
2.1529
1.8977
2.4985
2.2261
2.2707
1.7804
2.4242
2.0544
2.2916
1.8923
1.1927
2.195
2.0332
1.8183
2.423
2.5218
2.4585
2.286
2.3014
1.9422
2.1584
1.5514
2.3956
2.2919
2.1847
2.1041
2.3266
2.2229
2.3311
2.2076
1.5221
2.1183
2.4365
1.9778
2.301
2.0661
2.3753
2.3128
2.1745
2.2625
2.3235
2.2156
2.2301
2.4219
2.2769
2.2855
1.9393
2.2222
1.8719
1.7173
2.2749
2.3801
2.2951
2.1785
2.141
1.469
2.3643
2.3344
2.3304
1.7531
2.4494
2.2805
2.5054
2.1321
2.1712
2.1972
2.1901
2.3245
2.2442
2.4457
1.4806
2.435
2.3394
1.9601
2.4547
2.4168
2.2153
1.6211
1.5126
2.2218
2.1947
2.3038
1.9241
2.134
2.3923
2.0989
1.478
2.4733
2.129
2.34
2.3697
2.2894
2.0116
2.3078
2.4395
2.2325
2.3431
2.3254
2.2244
2.0693
2.3005
2.1399
2.2778
2.2825
2.1072
2.2219
1.7412
1.8218
2.1321
1.798
2.3512
2.4437
2.2279
2.232
2.3572
2.1433
2.3354
1.4673
2.4057
2.2319
2.2874
1.6403
2.2282
2.4061
2.2927
2.3208
1.2843
2.3256
1.9475
2.3803
2.4267
2.4783
2.3999
2.3895
2.2224
2.3897
2.2018
1.2435
2.4568
2.3393
2.3832
2.1296
2.2763
1.5322
2.3246
2.1528
2.2974
2.3697
2.1695
1.4635
2.4252
2.4586
2.0577
2.3592
1.9321
2.2802
2.3236
1.7098
2.3096
1.3733
1.9869
2.3345
1.3728
2.365
2.378
2.2158
1.4694
2.2488
2.4776
2.3191
2.3275
2.3978
2.3769
2.2158
2.2426
2.3868
2.0526
2.2276
1.5508
2.4063
2.197
1.2013
1.9863
2.3096
2.4227
2.4836
2.4635
2.4438
2.0975
2.349
2.2846
2.3612
2.1288
2.3752
2.3585
1.4342
2.2408
2.3571
2.1507
2.5334
2.2374
2.3239
2.188
2.4269
1.8244
2.2473
2.4631
2.2498
2.3156
2.2117
2.1553
2.2829
2.2792
2.1719
2.2899
1.9777
2.4827
2.2985
2.4293
2.3573
2.262
2.2327
2.2207
2.2285
2.2993
2.4301
2.3431
2.2904
1.4681
2.0054
1.9032
2.2097
2.2137
2.1675
2.198
2.3358
2.0197
1.7093
2.3268
2.1549
2.3943
2.3067
2.3594
2.1877
2.4478
2.3959
2.349
2.0213
1.7552
1.4318
1.5724
2.3119
2.0987
2.2783
2.0912
2.3518
2.3134
2.4118
1.9433
2.4036
1.3569
2.3693
2.1792
2.1098
2.4061
2.0723
2.2095
2.0889
2.07
2.0212
2.3609
2.4582
2.3879
2.3922
2.3926
1.4031
2.1968
2.0089
2.1403
2.3742
2.4074
1.8528
2.4119
2.2651
2.4003
2.2035
2.4591
2.2616
2.3793
2.2211
2.2439
1.3654
2.0694
2.2714
2.4466
2.2266
2.2763
2.3344
2.2707
2.4389
2.1208
2.444
2.2486
2.341
2.3534
2.411
1.3637
2.498
2.4036
2.017
2.2825
2.1274
2.4256
2.3294
1.7878
2.1055
2.3521
1.9268
2.1952
2.3282
2.3889
2.3641
2.3255
2.422
2.133
1.4956
2.3599
2.2331
2.284
2.1925
2.0801
2.3146
2.3801
1.7336
2.3712
2.4676
1.9531
2.3201
2.2298
1.9099
2.2034
2.4324
2.4119
2.3681
2.0625
2.378
2.1271
2.3556
2.3311
2.1277
2.2468
2.2208
2.4333
2.4251
2.2807
1.8821
2.1714
2.4167
2.0442
2.3916
2.1654
1.9458
2.3588
2.2282
2.2687
1.9088
2.3486
1.911
1.8656
2.3814
2.3292
2.2853
2.4938
2.4208
2.4271
2.1843
2.2569
2.2249
2.253
1.7655
1.3802
2.4543
2.2588
2.1772
2.2087
2.3785
1.731
1.9987
2.3561
1.4454
1.9254
2.357
1.2378
2.236
2.3513
2.0755
1.3472
2.3898
2.2305
2.389
2.2423
2.2277
2.1715
2.3715
2.3819
2.3264
2.3961
1.9279
2.4013
2.2113
2.1312
2.4425
1.3684
2.1338
1.8608
2.4486
1.6606
2.0074
2.1926
2.2911
2.4234
2.1637
2.2262
1.5761
1.3932
2.1755
2.1809
2.2313
2.3754
2.1397
2.3426
2.3495
2.3672
2.2098
2.1514
1.5052
2.3838
2.4174
2.302
2.0143
2.0183
2.4116
2.3393
1.8745
2.2338
2.1814
2.3717
2.3135
2.4156
2.2308
2.3553
1.4549
2.3641
1.4874
2.3596
2.2113
2.1351
2.1671
2.447
2.351
1.9059
2.2355
2.3488
2.11
2.4133
1.942
2.3836
2.3408
2.3182
1.4017
2.1788
1.9479
2.347
2.4399
2.4081
2.2368
2.3624
1.8783
2.2011
2.2058
2.2182
2.3099
2.1223
1.9702
2.3943
2.05
2.1719
2.2804
1.5572
1.8004
2.2089
2.0321
2.3881
2.3003
2.2899
1.8846
2.2554
2.4473
1.4382
1.8282
2.3475
2.3768
1.925
1.5702
2.4096
2.2738
1.2843
2.4613
2.1024
1.4278
1.8485
1.9868
2.2605
2.1568
2.329
2.1171
2.3397
1.3197
2.2891
2.4512
2.2936
2.4447
2.4232
2.2345
2.0493
2.2693
2.4589
2.4059
2.3302
2.2423
2.2543
2.3536
2.0023
2.1374
1.4388
2.4773
2.2704
2.1867
2.2728
2.3488
2.3135
2.226
2.1013
2.4053
2.3299
2.0161
2.2113
2.3127
2.4687
2.4159
2.2235
1.6967
2.2672
2.4528
2.2017
2.44
2.0596
1.8934
2.2238
1.4829
2.2693
2.3294
1.8762
1.7989
2.1921
2.1818
1.9242
2.4219
2.1224
2.3303
2.1436
1.6692
2.4172
2.2225
1.5809
1.4821
2.1141
2.1965
2.213
2.2584
2.1897
1.941
2.1184
2.2104
2.4504
1.5387
2.405
2.2924
1.869
1.7377
1.6968
2.3445
2.3555
2.2471
2.3911
2.3804
2.294
2.3692
2.1679
2.3982
2.4836
2.2825
2.2177
2.4664
1.9473
2.15
1.6798
2.255
1.4442
2.2387
2.3397
2.1733
2.3434
2.4166
1.5191
2.2154
2.1226
2.1273
1.5588
2.3077
2.2529
2.251
2.2176
2.0952
2.3263
2.3648
1.9056
2.4253
2.3787
1.9251
2.0453
1.4321
1.7239
2.4021
2.25
2.243
2.3995
2.346
2.3042
2.4288
2.3423
2.1732
2.0928
2.285
2.315
1.3156
2.424
2.2059
2.3947
2.4581
2.3323
1.9727
2.3054
2.0565
1.458
2.2578
2.389
2.2357
2.3962
2.1096
2.4398
2.2148
2.4448
2.2373
2.2573
2.3294
2.2627
1.9173
2.4196
1.9544
2.172
2.2254
2.0667
2.035
1.8727
2.2789
2.2701
2.1517
1.6883
2.36
2.3988
2.3545
2.4028
2.3652
2.372
2.2297
2.0735
2.2902
2.0685
2.3214
1.9441
2.1737
2.0217
2.2979
2.3899
1.392
2.3844
1.9887
2.3622
1.9852
1.9724
2.3504
1.9669
1.5068
2.4244
2.3874
2.401
2.3586
2.2273
2.3377
1.9873
2.1189
2.1338
1.9151
2.3793
2.26
2.2669
2.4007
2.2781
1.95
1.9625
2.4191
2.4441
1.6261
2.1581
2.3552
1.8523
2.3154
2.3179
1.4217
2.1146
2.3592
1.3725
2.25
2.4094
1.9282
2.2953
2.4047
2.3993
2.4591
1.83
1.6482
2.4302
2.332
1.5124
1.9647
2.1241
2.3357
1.3774
2.1648
2.4371
2.3773
2.2674
2.3223
2.261
2.4518
2.3973
2.1544
2.2184
2.4085
1.7712
2.4911
2.1943
2.2846
2.2851
2.4124
2.0289
2.0414
1.6108
1.3048
2.2961
2.2759
2.4499
2.1007
1.4438
2.2439
2.2515
2.4166
2.4254
2.3691
2.277
2.2853
2.3449
2.3576
2.3891
2.3851
2.2996
1.7999
2.146
2.4091
2.3868
2.0826
2.3248
2.4161
2.2757
2.189
2.009
2.3668
2.0729
2.36
1.5206
2.3797
2.4239
2.3694
2.3707
2.2754
2.3349
1.9297
2.2861
1.9527
2.2318
1.6125
2.3771
2.3339
2.2744
2.2063
2.3309
2.2375
2.1321
2.2295
2.2403
2.1348
2.1469
2.3779
1.4074
2.3308
2.1691
2.4278
2.3986
1.7811
2.0434
2.2022
2.1082
2.4583
1.4319
1.9842
2.3862
1.9305
2.174
1.4566
2.3081
2.391
1.8492
2.3728
1.9613
2.2553
1.9333
2.3741
2.1269
2.4287
2.5459
2.3667
2.2845
2.4236
2.1611
2.3905
2.3271
2.2815
2.2273
2.3041
2.347
1.4013
2.2879
1.4576
2.1403
2.3376
2.3392
2.0908
2.3668
2.3277
2.3316
2.4122
2.0812
2.0846
2.2773
2.4692
2.3324
2.2999
2.2209
2.1333
2.2871
2.3374
2.4185
1.5419
1.2062
1.3335
2.2843
2.2014
2.0484
1.758
1.4632
2.2865
1.8027
2.3251
2.1657
2.2873
1.1551
2.2299
2.1185
2.3382
2.2356
2.4047
2.1925
2.2923
1.9553
1.614
2.2361
2.3668
2.0149
2.413
2.3784
2.41
2.209
2.3643
1.4261
2.3217
2.3678
2.2275
2.179
2.277
2.3755
2.4289
2.0507
1.9089
2.4189
1.8069
1.6744
1.9737
2.1197
2.4317
1.7799
2.3192
2.0723
2.3436
1.1924
1.6865
2.2461
2.174
2.3766
2.2424
2.4675
2.3307
2.1415
2.2904
2.2291
2.2715
2.3075
2.3063
1.9524
2.2669
2.3715
1.4423
2.0099
1.9987
2.3017
1.3041
2.2336
2.2169
2.1648
2.1958
1.8742
2.3924
2.2747
1.6848
2.3401
2.4183
2.0873
2.202
2.3281
1.9019
2.4417
2.2897
2.4525
1.411
2.3757
2.3056
2.3255
2.1511
1.4423
2.2253
1.9786
2.3419
1.6443
2.3897
2.4598
2.0722
2.3689
2.1744
1.2762
2.2747
2.3675
1.4885
2.0779
2.2154
2.1736
2.0979
2.2879
1.7303
2.3634
2.0911
2.3365
2.2927
2.1585
2.1757
2.3349
2.2522
2.3524
2.2818
2.3242
2.2643
2.4062
2.2607
2.3707
1.5961
2.3479
2.3191
1.3059
1.6985
2.2267
1.4538
2.3331
2.067
2.3684
2.1791
2.3114
2.3762
2.3265
2.3329
2.2106
2.1365
2.4147
2.2709
2.1337
1.2228
2.2677
2.379
2.379
2.1154
2.3732
2.4077
2.4308
2.2155
2.1206
2.2389
2.0757
2.2047
2.2868
2.1612
1.9851
2.4787
1.9392
2.2431
2.1146
2.1941
1.468
2.07
2.4196
1.7656
2.3045
2.2606
2.3919
1.4723
2.2884
2.3166
2.2235
2.1144
2.3447
2.0981
2.015
1.612
2.3166
2.3569
2.0461
2.4957
2.293
2.1784
2.4322
2.3459
2.3313
2.1196
2.4173
2.1841
2.292
2.1366
2.1911
2.2671
2.2658
2.1771
2.3604
2.4836
2.4185
2.2247
2.2858
2.414
2.2934
2.4071
1.8962
2.29
1.5116
1.5046
2.0744
2.4078
2.3245
2.2651
2.1769
2.2257
2.3621
1.3736
2.1785
2.3812
1.419
2.1351
2.3991
2.3385
2.0795
2.2398
1.9084
2.4329
1.8337
1.9134
1.5529
2.3605
1.4394
2.2497
2.059
2.3584
2.017
2.3874
2.3295
2.2416
2.347
2.151
2.3905
2.2455
2.1363
2.2353
2.2485
1.9053
2.359
2.1094
2.3352
2.3299
1.9031
2.3962
2.4356
2.3211
2.4803
2.4676
2.2015
2.2987
2.411
1.3997
2.0012
2.0126
2.3168
2.4748
2.2954
2.2687
2.1359
1.1944
1.4825
2.3117
2.3331
1.3979
2.188
2.0586
1.4938
1.987
2.2775
2.2329
2.3507
2.4604
2.1821
1.542
2.346
1.8507
1.9903
2.377
2.0823
2.3197
2.0598
2.0977
1.9994
2.0648
1.9294
2.1848
2.3717
2.3976
1.6143
2.3831
2.3106
2.4134
2.4211
2.2473
2.0051
2.4066
2.3287
2.4427
2.0103
2.4061
2.322
2.4372
2.2111
2.2636
2.1769
2.3648
2.4142
2.1682
2.1989
1.375
2.279
2.3674
1.4555
2.1534
2.4981
2.1571
2.44
2.2885
2.1149
2.2404
2.2601
2.1278
2.4135
2.4722
2.4917
2.1755
2.3737
2.4192
2.2885
2.143
2.3888
2.1892
2.1275
2.3489
2.1716
2.2783
2.3988
2.2331
1.5278
2.0432
2.383
2.3328
1.5731
2.3259
2.1441
1.5543
1.3549
2.3919
2.2097
2.2014
1.4806
2.5063
2.2715
2.3191
2.0479
2.0675
2.3945
2.3617
2.2172
2.2989
1.6931
2.3557
2.1224
2.3782
2.218
2.3943
2.426
2.1385
2.0564
2.1653
2.3248
2.0993
2.4121
2.3075
2.3467
2.2578
2.2536
2.3879
2.3155
2.2746
2.4015
1.9071
1.3669
2.3486
2.3786
2.2425
2.1795
2.1442
2.0303
1.6133
2.4126
2.0795
2.4158
2.3525
2.249
1.361
2.2741
2.3616
2.3082
2.3545
2.3916
2.1282
2.1076
2.3742
2.3962
2.1967
2.1415
2.4502
2.3836
2.3625
1.7023
2.3695
1.6941
2.04
2.3026
2.2116
2.2321
2.2116
2.4204
1.5213
2.3884
2.474
2.0852
2.1796
1.9765
1.6464
2.3293
1.529
2.0551
2.1814
2.4509
2.5205
2.1923
2.112
2.399
2.4325
2.3757
2.1851
2.0303
2.1388
2.2459
1.8228
2.0894
2.1791
2.4372
2.224
2.4427
2.1476
2.1665
2.3327
1.544
1.8522
2.2099
1.6211
2.3416
2.4262
1.4279
2.2842
2.2567
2.0123
1.8036
1.3406
1.4723
2.3742
2.3437
1.8117
2.3155
2.3686
2.2144
2.1549
2.3073
1.9572
2.4091
1.4387
2.3842
2.264
2.3592
2.1247
2.3082
1.6383
2.1896
2.2934
2.1668
1.6587
2.2901
1.7055
2.2851
1.3661
2.2583
2.318
1.5013
1.3227
2.1613
2.3209
1.7776
1.9816
1.9198
1.9695
2.3349
2.3538
2.4274
2.261
2.3183
2.2923
2.3016
2.2731
2.0682
2.379
2.5031
2.3105
2.2769
2.2735
2.3315
2.1236
2.3422
2.3711
2.0407
2.3036
2.3285
2.0102
2.3378
2.2815
2.2202
2.3176
1.9926
2.1871
1.4141
2.1318
1.7622
2.3505
2.3305
2.318
2.4072
1.9797
1.5346
2.0465
2.1389
2.4376
2.1843
2.3572
1.3262
2.1512
2.3326
2.2282
1.4486
2.3366
2.4274
2.1294
2.2922
1.8545
2.1508
1.4906
2.0816
2.1351
2.2032
2.4174
2.1792
1.4248
2.2764
2.2322
2.1851
2.3356
2.0058
1.4754
1.8796
2.0106
2.3853
2.3834
2.2473
2.1078
2.263
2.223
2.1676
2.4274
2.1387
2.3424
2.4578
2.3289
2.1082
2.2816
1.5227
2.3966
2.1834
1.2921
2.1162
1.9979
2.182
2.3491
2.3372
1.5182
2.1513
2.1408
2.3399
2.4109
2.1715
2.2215
2.3055
2.4338
1.5355
2.0648
2.2384
2.3325
2.2125
2.093
2.2947
1.7722
1.4783
2.0315
2.27
2.1545
2.2894
1.2989
2.4075
2.3643
2.1827
2.2217
2.3891
2.1945
2.0714
2.4018
2.3784
2.0592
1.4039
2.2832
2.3974
1.9503
2.373
2.2532
1.768
2.3231
2.3213
2.2624
2.4414
1.9169
2.4805
2.3416
2.3809
2.1265
1.7511
2.2678
1.2001
2.3892
1.9153
2.3589
2.0406
2.3431
2.4538
2.3211
2.168
2.2488
2.1416
2.2691
2.2035
1.9536
2.2355
2.3242
2.3989
2.2243
2.2173
2.1874
2.3156
2.2933
2.1774
2.13
2.296
1.8998
2.1054
2.1834
2.0645
1.388
2.1592
2.4168
2.3684
1.5015
2.317
1.3435
1.6039
2.4622
2.3606
2.2607
1.591
2.3646
2.3521
2.2104
2.2228
2.0753
2.4303
2.2507
2.3895
2.4158
2.1879
2.1299
2.0914
2.2059
2.2503
2.3361
2.2878
2.3654
2.39
2.2421
2.1427
2.4168
1.7548
2.1297
2.4467
2.3015
2.1388
2.4043
2.1028
2.2811
2.2057
2.1059
2.3346
2.2689
2.2154
2.2977
2.0368
2.4175
2.4229
2.2853
2.3283
2.1767
2.0141
2.0417
1.4051
1.4821
1.3276
2.2146
2.3804
2.3102
2.1375
2.1173
2.3309
1.9942
1.9849
2.1302
2.2924
1.713
2.2492
2.0356
2.3279
2.4597
2.2786
2.3828
2.3722
2.2201
1.8138
1.9415
2.4578
2.3838
2.2097
2.3707
2.0954
1.1707
2.1446
2.4561
2.4741
2.4502
2.2589
2.2416
2.3094
1.4023
2.3327
2.2857
2.424
1.2361
2.2951
2.4241
1.8991
2.3973
2.381
2.288
1.9558
1.4232
2.4157
2.2651
2.3404
2.349
2.331
2.0677
2.3966
2.2995
2.1933
2.1224
2.516
2.4017
1.4225
2.0058
2.3347
2.3177
1.6893
2.2506
2.3503
1.4052
2.3594
2.2712
2.2167
2.3793
1.9964
2.1467
2.2995
2.204
2.3444
2.379
1.872
1.9556
2.2429
2.4056
2.0055
2.23
1.5105
2.4055
2.1358
1.7033
2.3992
2.3585
2.217
2.264
1.886
2.249
2.2172
2.3373
2.1594
2.3722
2.2949
2.1242
2.2675
2.4179
2.2915
1.9329
2.3515
2.113
1.7764
2.173
1.6124
2.3449
2.4053
2.348
2.3488
2.1718
2.3917
2.2081
1.5118
2.5009
2.1598
2.348
2.1378
2.226
2.3897
1.9355
2.2322
2.3954
2.1824
1.5816
1.8643
2.1912
2.3923
2.3353
1.7851
1.436
2.2597
2.3654
1.4118
1.9594
2.4033
2.4419
2.1594
2.4736
2.3292
2.2079
2.2304
2.4059
2.4711
2.1343
2.2758
2.3736
1.505
1.2192
2.2901
2.3902
2.3959
2.1356
2.1439
2.2275
2.1936
1.9454
1.9792
1.4874
2.2624
1.5505
2.3445
2.415
2.449
2.0861
2.0949
2.3193
2.3686
2.3725
2.4375
2.136
2.4262
2.3171
2.3785
1.9766
1.5104
2.318
1.1681
2.3375
2.378
2.502
2.3255
2.2164
2.3408
2.1684
2.1324
1.759
2.1475
2.231
2.1397
2.0691
2.5175
2.0581
2.2401
2.0907
2.2233
2.3837
2.2428
2.3508
1.5302
2.2562
2.412
2.1338
2.1589
1.3723
2.0375
2.2201
2.4828
2.2374
1.9474
2.302
2.4367
2.2443
2.4288
2.3991
2.3771
2.3667
2.2983
2.324
1.4721
2.0424
2.3904
2.4389
2.0654
2.4663
2.0573
2.3899
2.2405
2.179
2.3297
1.9669
2.2918
2.2166
1.929
1.6009
2.1293
2.2249
1.2423
2.3277
2.3881
2.1474
2.2804
2.1892
2.1343
2.1845
2.1042
2.4261
1.8586
2.3724
1.8735
2.0455
2.2673
2.4442
2.2741
2.3662
2.1202
2.2868
2.1264
2.254
1.6473
2.3478
2.3713
2.4283
2.2051
2.2958
2.4786
1.4148
1.4156
1.6803
2.1403
2.0203
2.227
1.8118
2.4483
1.4139
2.2285
2.2529
2.3569
1.8432
2.4654
2.3577
2.358
1.4814
2.1911
2.3858
2.1173
2.3325
1.7727
2.2621
1.5053
2.4025
2.1542
2.4251
2.4307
2.0876
2.2394
2.1517
1.516
2.2705
2.2664
2.4229
1.9082
2.1546
2.3698
1.5474
2.3847
1.7854
2.2214
1.6748
2.3817
2.4253
2.4155
2.3717
1.3887
2.2917
2.4174
2.407
1.4936
2.3082
2.2138
1.4113
2.3235
2.3195
2.2554
2.1647
2.489
2.1328
2.2126
2.3178
2.3722
1.7621
2.2191
2.3706
2.4325
2.0311
2.0734
2.3953
2.4591
2.4524
2.2758
2.1138
2.2067
1.5088
1.4156
2.2661
2.3228
2.2948
2.0256
1.7552
2.2533
2.4131
1.9318
2.0925
2.3341
2.1543
2.1945
1.3799
1.9151
2.0491
2.1251
2.2735
2.2641
2.3941
2.1179
2.4155
1.6931
2.2159
2.3002
1.3423
2.3243
2.2698
2.259
2.0092
2.3641
1.862
2.4182
2.3795
1.4685
2.0807
2.2758
2.1512
2.0013
1.5079
2.3535
2.0964
2.4001
2.0041
1.945
2.3156
2.2561
1.994
2.0364
1.4998
1.8104
1.4197
2.2955
2.1455
2.1541
1.7939
2.336
1.7066
2.2974
2.3807
2.5428
2.2885
2.3219
2.291
2.035
2.3836
2.2875
2.3591
2.3219
2.4981
2.3054
1.6018
2.3331
1.4738
2.3426
2.2588
2.372
2.2773
2.3589
2.3578
2.2801
2.1892
2.2118
2.2969
2.3064
2.4058
2.3835
1.9422
2.3853
2.0043
2.2661
1.4871
2.401
2.3843
1.9095
2.3897
2.3368
1.7695
1.7127
2.1895
2.4473
2.2639
1.9187
2.3061
1.8091
2.3179
2.4166
2.0339
2.388
2.223
2.1896
2.3176
1.9867
2.0697
2.3551
2.4004
2.313
2.2256
2.3803
2.0086
2.3613
2.3989
2.3417
2.2756
1.8522
2.3203
1.865
2.2945
2.3027
2.3233
1.2027
2.2903
2.1323
2.3288
2.4819
2.5019
1.8243
2.1634
2.4471
1.683
2.4473
2.1445
2.1741
1.4305
1.3924
2.3508
1.9289
1.7753
2.0077
1.4226
2.1643
1.5382
2.3694
2.0037
2.2692
2.3246
2.3891
1.5017
2.4047
2.3892
2.3118
1.454
1.8781
2.3972
2.3009
2.1365
2.1395
1.4951
1.3321
2.4269
1.87
2.1609
2.1477
2.4891
2.317
2.1726
2.1888
2.1486
1.9859
2.4774
2.2451
2.2265
2.4805
1.6293
2.2203
2.4266
2.4832
2.4677
2.3707
2.3254
2.2951
2.322
2.228
2.2754
1.3922
2.1233
2.4635
2.3895
2.3822
1.4798
2.3323
2.244
2.3835
2.3539
2.2435
2.3939
2.2545
1.8154
2.2905
2.0661
1.4693
2.4333
2.3368
1.6424
2.3814
2.2785
2.2749
2.3501
1.4676
2.2949
2.335
2.1385
2.3214
1.8342
2.1748
2.3235
2.497
1.9819
1.4635
2.448
2.1384
2.4651
2.3017
2.2633
1.6987
2.3673
2.0877
2.2493
1.8242
1.4116
2.0465
2.3591
2.0803
2.1437
2.138
2.3116
2.0177
2.4607
2.4018
2.2496
2.3162
2.0697
2.2884
2.3783
2.2747
1.7343
2.1258
1.9833
2.2982
1.4613
2.1859
1.6283
2.1986
2.2941
1.6299
2.3773
2.2797
1.7196
2.3847
1.915
2.0787
2.0013
2.2529
2.1025
1.721
1.47
2.2176
2.3611
2.4372
2.1418
1.8327
1.6888
2.4319
2.1126
2.3688
1.3609
1.3743
2.4923
2.4156
2.3291
2.1432
1.8213
2.3656
1.9336
2.1786
2.3785
2.1858
2.2712
1.3489
2.1868
2.3355
2.3272
1.7972
2.2977
2.2349
2.0273
1.9789
1.4749
2.2775
2.3161
2.2327
2.2694
2.3664
2.0864
2.4439
2.3685
2.2301
2.1881
2.3796
1.8901
2.2722
2.4079
2.362
2.3046
1.3558
2.206
2.3135
2.3817
1.4836
2.0368
2.4406
2.0657
2.3998
1.8277
2.3802
2.4109
2.1996
2.3327
2.2008
2.3939
2.1854
2.3066
2.482
2.2011
2.4803
2.0684
2.2032
1.5612
2.3834
2.0337
2.3539
2.3121
2.2023
1.8457
1.4108
2.3605
1.3973
2.3523
2.4026
1.6714
2.2628
2.0614
2.4616
2.0322
2.2715
2.2131
2.3998
2.3152
2.4176
2.3773
2.2501
2.3206
2.4038
2.1278
2.3386
2.0278
2.1552
2.1544
2.0975
1.7586
2.3449
2.3471
2.0725
1.9709
1.5384
1.4786
2.3076
2.2878
1.8716
2.3449
2.4406
2.1899
2.5408
2.2543
2.2225
2.0362
2.3016
2.367
1.5563
2.338
2.4326
1.4916
2.3322
1.7433
2.4062
2.3802
1.7137
2.1686
2.4045
2.0059
2.3351
2.3299
2.41
2.1376
2.3877
2.019
2.3752
2.4562
2.2832
2.3564
2.3541
2.112
1.5228
2.1974
2.2319
2.2604
2.2997
1.652
1.4939
2.0672
2.2212
2.3003
2.3289
2.1328
2.4235
2.2995
2.2341
2.4485
2.269
1.4768
1.3232
2.4494
2.3457
2.3855
2.3722
1.5023
1.8567
2.1788
1.273
1.8603
2.2366
2.3573
2.4371
2.2353
2.297
2.3689
2.3329
2.336
2.1332
2.1326
2.3365
1.5244
2.3594
2.2934
2.3364
2.3261
1.4176
2.2542
1.8776
2.3031
2.2889
2.239
2.2158
2.0987
2.3575
2.4279
2.4213
2.2836
2.3497
2.2446
2.4105
1.4275
2.2496
2.2884
2.364
2.2805
2.4552
2.4517
2.3139
1.9257
2.0414
2.0478
2.2704
2.0883
2.3758
2.3467
2.458
1.6448
2.2354
2.3054
1.7517
2.1188
2.0872
2.4172
2.0765
1.9819
2.3027
2.2905
1.3508
1.7979
2.1779
2.4056
2.3217
2.373
2.4937
2.4967
2.2644
2.441
1.4542
2.3969
2.185
2.3322
1.962
2.3718
2.2783
2.3995
2.4016
2.4192
2.1785
2.0919
2.0752
2.1246
1.4211
2.259
2.3098
2.1499
2.3598
2.387
2.0902
2.1505
2.2185
2.1599
2.1804
2.5041
2.3511
2.2011
2.4594
2.1209
2.0054
2.3011
2.098
2.0836
2.1034
1.3953
2.2532
2.1191
2.1995
2.4306
2.3504
2.3496
2.2738
2.3208
2.3483
2.2932
1.5113
2.4741
2.3962
1.8326
2.343
2.3192
1.3456
1.6483
2.3917
2.3995
2.3766
2.3575
2.4028
2.1809
1.7308
2.1187
2.2805
1.415
2.2859
2.4685
1.7239
1.8722
1.4852
2.3669
2.4266
2.192
2.288
1.6471
2.4002
2.3558
1.7363
2.3825
1.4712
2.1397
2.3135
2.3778
1.4124
1.8747
2.1302
2.1022
2.3657
2.3384
1.7604
2.355
2.2303
2.4286
2.3811
2.4817
2.3343
2.0273
1.4597
2.1355
2.2919
2.28
2.1949
2.3708
2.159
2.2344
1.4711
1.8944
2.0614
2.3191
2.3488
2.2659
1.723
1.606
2.3908
2.2117
2.3408
2.4638
2.2061
1.9004
2.1325
2.1335
2.3783
2.3281
2.3915
2.3441
1.937
1.9705
1.41
2.2879
2.1449
1.9251
2.3782
1.5165
2.4563
2.2729
2.4281
2.3159
2.1464
2.3517
1.5351
2.2
2.2994
2.2455
2.3457
2.2416
2.379
1.6841
2.1822
2.2431
2.1629
2.5377
2.0868
1.5092
2.3847
2.2259
2.1835
2.1572
1.4458
2.245
2.3854
2.2368
2.3133
2.3849
1.4816
2.1352
2.312
2.3438
2.0235
2.0482
2.1228
2.2458
2.3586
1.6174
2.2843
2.3423
2.2747
2.4234
2.4207
2.3663
2.2958
2.3421
2.3313
1.6943
2.3715
2.4316
2.3747
2.0934
2.141
2.2409
1.9797
2.4389
2.3783
2.2427
1.477
1.1609
2.3822
2.0456
1.48
2.1408
1.9264
2.4456
2.3181
2.2301
2.4836
1.8564
1.3939
1.8291
2.3549
2.4146
2.4319
2.3097
2.4184
2.2385
2.3432
2.5214
2.3791
1.916
1.9269
2.3282
2.267
2.0029
2.2655
2.2971
2.3392
1.5322
2.2908
1.3903
2.3811
2.1321
2.271
1.7904
2.3161
2.1273
2.1396
1.4639
1.7793
2.4373
2.2471
2.0771
1.8928
1.8216
2.3954
2.4673
1.3389
1.3617
2.3761
2.3338
2.1382
2.3357
2.3609
2.2263
2.0607
1.5597
2.1902
2.1643
2.4528
2.3009
2.2162
1.8011
2.4929
1.555
1.4872
2.4573
2.3222
1.9034
2.2818
2.3383
2.3245
2.4197
2.2689
2.0657
1.4614
2.2952
2.1099
1.955
1.3956
1.8881
2.337
2.3435
2.1029
1.9879
2.4017
2.404
1.98
2.0101
2.5014
1.8394
2.4057
1.5105
1.9698
2.4463
1.5925
2.1527
1.8478
1.6617
2.2667
2.3441
2.0617
2.3508
2.4731
2.2753
2.2302
2.1466
2.2665
2.1006
1.9478
2.3134
2.1553
2.3281
2.1175
2.0712
2.2622
2.1201
2.1265
2.4521
2.3327
1.9598
2.0646
2.2957
2.2658
2.3714
2.3614
2.3991
1.2487
2.3108
1.5696
2.3543
1.586
2.3809
2.0056
2.0292
2.2471
2.253
2.3749
2.2795
1.3811
1.9956
2.3747
2.3806
1.7241
2.2662
2.3302
2.0756
2.4701
2.1351
2.2594
1.8608
2.4114
2.3429
2.1783
2.3761
2.2787
2.4229
2.4172
2.3216
2.2442
2.1078
2.3706
2.3448
1.4982
2.0644
1.4334
2.3185
2.4651
1.9811
2.0991
2.362
2.1506
1.8081
1.9706
2.119
2.3413
2.1049
2.3717
1.7797
2.0869
2.2794
2.0951
2.2356
1.5367
2.2508
2.2171
2.0372
2.4703
2.1604
2.2705
2.0793
2.3088
2.2552
2.2598
2.4266
2.2438
1.6022
1.5
2.3994
2.3652
2.3698
1.9999
2.2341
1.998
2.4401
2.0171
2.2692
2.4205
2.1866
2.387
2.1388
2.3634
2.4005
2.2325
2.1008
2.1455
1.8644
2.1345
1.4307
2.3093
2.3383
2.2021
2.3777
2.1294
2.3337
2.1076
2.4011
1.3835
2.3965
2.2969
1.8607
2.154
2.3218
2.3338
1.7688
1.604
1.9861
2.2381
1.9126
2.4055
2.1999
2.4817
2.3985
2.0601
1.395
2.3772
2.4364
2.4259
2.3282
2.3335
2.2321
2.4228
2.3957
2.3394
2.2094
1.6607
2.3192
2.3327
2.1234
1.6896
2.1134
2.3147
2.2995
2.2451
2.3711
2.199
2.4122
2.3591
1.396
1.3655
2.3939
2.3577
2.3683
2.4206
2.1553
2.3759
2.3515
2.2638
2.2746
2.4597
2.3529
2.3264
2.176
2.1333
2.4112
2.2009
2.2282
1.9729
2.176
2.2266
2.386
2.4034
2.341
2.5039
2.3357
2.2158
1.476
1.4599
2.2627
1.4228
2.3242
2.2378
2.3814
2.4656
2.4178
2.3593
2.1095
1.7921
1.7282
2.4612
2.3335
1.4724
2.49
2.3761
2.3917
2.4205
1.6058
2.4085
2.0947
2.3231
2.2452
2.3638
2.3321
2.3375
2.2714
2.2409
2.2989
2.4249
2.3964
1.9383
1.7922
2.3742
2.4309
1.9052
2.364
2.2629
2.3649
2.3369
2.2654
2.2295
2.3879
2.367
2.4883
2.0816
2.3201
2.3717
2.2445
2.1243
2.2727
2.3906
1.1719
2.3743
1.4404
2.2498
2.2681
2.1363
2.4452
2.2128
2.2801
1.4814
2.0056
2.3964
2.4706
1.9776
1.5242
2.3445
1.4187
2.2945
2.5444
2.2208
2.3008
2.3168
2.2885
2.2951
1.7785
2.3224
2.4424
2.2822
2.3289
2.2473
2.3588
2.1468
1.5166
2.2868
2.2365
2.4898
2.4194
1.657
1.5897
2.2517
2.4342
2.3752
2.406
2.3201
1.8563
2.3654
2.157
2.1552
1.5419
2.3584
2.2336
2.14
2.3218
2.4375
2.015
2.3973
1.9847
2.4509
1.8619
2.3592
2.1182
2.0469
1.6007
2.112
2.1641
2.5022
2.355
1.4554
2.2747
2.3894
2.218
2.2943
1.5224
2.1659
2.2845
2.4125
2.4542
2.471
2.2787
2.306
2.111
1.3854
2.2323
2.4452
2.4683
2.3563
2.4331
2.3229
2.3659
2.406
2.3598
2.5649
1.3964
2.1054
2.4211
1.3169
1.5771
2.1404
2.4138
2.4057
1.7351
2.3656
2.393
2.4028
1.6928
2.3714
2.3322
2.3662
2.1254
2.4186
2.2262
2.3555
2.0236
2.2575
2.2366
2.2326
2.0715
1.39
2.3564
1.2306
2.0091
2.2921
1.409
1.938
2.3226
2.2728
2.4262
1.4015
2.3064
2.2354
1.2922
2.0931
2.0305
2.2333
2.1923
2.2531
2.1479
2.1505
2.0599
2.1975
2.4749
2.1119
2.34
1.4833
2.3803
2.405
1.4544
2.35
1.943
1.7699
1.9584
2.374
2.3514
2.2818
1.9134
2.3095
2.3387
2.3489
2.2731
2.1913
2.2926
2.2395
2.0415
2.1628
2.3739
2.3528
2.3215
2.4409
1.6594
2.2596
2.294
2.0719
2.1003
2.0595
2.402
2.413
2.2017
2.0444
1.636
2.2587
2.4138
2.3428
2.1342
2.3594
2.1998
2.3124
2.1544
2.3514
2.4047
2.3069
2.1378
1.9521
2.3149
2.4179
1.92
2.3143
2.444
1.7308
2.4553
2.4644
2.2825
2.3901
2.4126
2.0145
2.1025
2.3339
1.404
1.7497
2.2504
2.4139
2.2175
2.0734
2.2853
2.431
2.3208
2.3237
1.7425
2.2198
1.3324
1.4476
2.2626
1.8922
2.3392
2.2827
2.2375
2.1009
2.3512
2.444
2.2219
1.4933
2.3532
2.1703
1.6685
2.432
2.4636
2.3055
2.2116
2.0169
2.3347
2.1859
2.1674
2.215
2.1754
2.3132
2.2292
2.2814
2.4404
2.1594
2.2708
2.4161
2.1736
1.3673
1.6637
2.3824
2.3823
1.9984
2.3555
2.2439
1.3936
2.3771
2.0967
2.1793
2.2267
2.0616
2.0295
2.2885
1.9965
1.8723
2.4829
2.2559
2.3724
2.3819
2.3909
1.8494
2.3316
2.2016
1.4794
2.3585
2.1994
1.5233
2.3737
1.7176
2.1586
2.1675
2.3477
2.2729
1.6704
2.1826
2.5284
2.1039
2.2381
2.1814
1.3824
2.289
1.9726
2.4183
2.3655
1.4322
2.4061
2.2752
1.8431
2.2589
2.484
1.6958
2.2258
2.0229
1.9853
2.4317
2.1213
2.3598
2.0916
2.3605
2.3241
2.2563
2.1306
2.1683
1.5448
1.8681
1.7854
2.3197
1.7948
2.1941
2.3575
2.2778
1.7094
2.4134
2.3837
2.3975
2.34
2.3811
2.0635
2.2237
2.2798
2.4921
2.2618
2.1672
2.186
2.2882
2.1452
2.3949
2.3454
2.1954
2.413
2.4588
2.4161
2.1348
2.27
2.219
1.9483
2.3117
2.4753
2.1284
2.3124
2.2687
1.8517
2.3089
2.4008
2.3342
2.1574
2.2668
2.3477
2.2101
2.3829
2.4171
2.1976
1.4535
2.344
2.1602
2.3336
2.199
2.3825
2.3772
2.3108
2.3564
2.0306
1.3879
2.3465
2.3928
2.2506
2.0637
2.2871
2.2742
1.3619
2.2752
2.2936
2.3987
2.3917
2.2203
1.8537
2.0862
2.2443
2.1571
1.5207
2.3539
2.095
2.2898
2.1285
1.6606
2.3876
2.2942
2.2093
2.1366
2.2905
2.237
2.402
2.3545
2.3955
2.3988
2.2203
2.3798
1.4551
2.1042
2.2816
2.2959
2.1361
2.3319
2.1246
2.4085
2.023
2.3885
2.3833
2.3668
1.3875
2.2821
2.3797
1.6537
2.3773
2.3034
2.2724
1.3655
2.4918
2.3531
2.2217
2.3623
2.4166
2.4048
2.3846
2.2509
2.1405
2.0816
2.2777
2.0948
2.2922
2.2541
2.246
2.258
2.3548
2.4206
2.1152
2.2477
2.3955
2.2824
2.2576
1.9903
2.0725
2.0918
2.2582
2.0467
2.1235
1.4478
1.4703
2.1039
2.2655
2.4279
2.2146
2.1473
1.3529
2.3569
2.1861
2.2939
2.116
1.8837
2.3871
2.209
2.3561
2.3498
1.5049
2.4522
2.2437
2.4153
1.7352
2.4311
2.2373
1.3743
2.3745
2.1732
2.2597
1.5531
2.2277
2.3674
2.2489
2.2886
2.2264
2.2623
2.3185
2.1407
2.2397
2.4202
2.3374
2.1624
2.0971
2.3096
2.2375
1.6548
2.1507
2.3719
2.4093
2.3619
2.2302
2.3694
2.2337
2.1493
2.1409
2.379
2.4066
2.4428
2.2825
1.8594
2.3542
2.1532
2.4105
2.031
2.4978
2.3709
2.3681
2.3096
2.2654
2.266
1.4322
2.2841
2.0018
2.4814
2.0245
2.045
2.3712
2.4641
2.3476
2.364
1.9942
2.4083
2.2254
2.1691
2.3646
2.4072
1.8966
1.7726
1.3629
2.3827
2.3443
2.3817
2.3444
2.167
2.163
2.4552
1.9655
1.8236
2.3048
2.3788
2.0038
2.0094
2.3791
2.255
2.3417
2.3119
2.249
2.3652
2.3032
2.3535
1.8713
2.2197
1.8321
1.8088
2.3559
2.323
2.4124
2.3909
2.1737
2.2659
2.1199
2.1387
2.0416
2.3313
1.7986
1.7028
2.3032
2.3676
1.5273
2.423
2.3944
2.1024
2.0832
2.175
2.4023
2.3606
2.2911
2.3844
1.7748
2.3766
1.4995
2.3712
2.4243
2.345
1.4622
1.4831
2.3498
2.3425
1.2807
2.3938
2.4491
2.3325
2.2561
2.236
2.2651
2.2419
2.1335
2.2989
1.5117
2.09
2.3131
2.2391
1.4512
2.4409
2.2185
2.2502
2.1929
2.3895
1.352
2.3663
2.2788
2.4797
2.2706
2.3435
2.3806
1.1462
2.357
2.3047
1.8717
2.4209
2.3043
1.5491
2.0396
2.3847
2.1532
2.4689
2.3614
2.3566
1.6661
2.297
1.8442
1.633
1.9687
2.3812
2.1296
2.1077
2.1589
2.2649
2.2229
2.1498
1.8785
2.3122
2.3544
2.3151
1.3771
2.4041
2.4314
2.4615
2.3757
1.6673
2.3849
1.888
2.2115
2.1292
2.4155
2.0599
2.3795
1.9923
2.2758
2.3294
1.7303
2.2298
2.0376
2.3699
2.058
2.0871
2.1331
2.2215
2.2044
2.2838
1.4626
2.4159
2.3476
2.1216
1.8259
2.0443
2.3711
2.4362
2.1557
2.418
2.2317
2.2166
2.2972
2.0446
2.294
1.418
1.3762
2.3517
2.1876
2.3622
2.1914
2.3571
2.4346
2.1146
2.3636
1.595
2.4487
2.3602
2.1139
1.3844
1.7326
2.3799
2.1118
2.3131
2.0839
2.206
2.2865
2.3481
2.4171
2.4535
2.1956
2.2166
2.2502
1.8092
2.2979
2.4134
1.398
2.3317
2.4407
1.9526
1.5139
2.2817
2.3433
2.3736
2.2794
1.7967
2.2282
2.3538
2.1342
2.4289
2.2151
2.167
1.754
2.1475
2.1476
1.5115
2.3626
2.0413
2.2017
2.2187
2.4161
2.3829
2.3786
2.3135
1.799
2.3379
2.3346
2.3492
2.2814
2.3492
2.0827
2.1535
2.4002
1.4558
2.0074
2.3709
2.2784
2.3638
2.5175
2.2712
2.2267
2.124
2.5108
2.1101
2.4236
1.8575
2.1668
2.117
1.9437
2.1395
2.3558
2.1348
2.025
2.191
2.3425
2.0353
2.1053
2.4613
2.2828
2.281
2.0889
2.1024
2.4456
2.2765
2.1981
2.4132
2.4359
2.4056
1.6113
2.1545
1.5142
2.443
2.413
2.1374
2.3955
1.9009
2.1413
2.363
2.2897
2.2771
1.9846
2.442
2.2079
2.2941
2.1999
2.4864
2.3765
2.4222
2.127
2.2644
1.4077
2.1888
2.3585
2.3784
2.2824
2.2281
2.3093
2.2567
2.1953
2.3673
2.2955
2.2251
2.3643
2.3256
2.3206
2.3161
2.3455
1.9008
2.1176
2.0797
2.2653
2.316
2.3241
2.2361
2.3233
2.1863
2.4556
2.3876
1.4079
2.2929
2.3875
2.4189
2.2927
2.2553
2.423
2.2187
2.1908
2.1962
2.0985
2.3729
2.0676
2.2651
2.0201
2.215
2.4402
2.3466
2.1119
2.2346
1.7422
2.0895
2.2122
2.2399
2.3209
2.338
2.3628
2.3859
2.4756
2.3424
2.315
2.3401
2.375
2.1447
2.296
2.02
2.028
2.339
2.2778
1.5172
2.0429
2.212
2.3607
2.3098
2.1894
1.939
2.1497
2.2469
2.2624
1.8727
2.0648
2.183
2.3299
2.2923
2.3238
2.3637
2.063
2.357
2.0405
2.5016
2.3071
2.4172
2.3744
2.1514
2.3627
2.1638
2.2813
2.3532
1.938
2.1007
2.3922
2.352
2.4198
1.8571
2.3609
2.4304
2.3122
2.2732
2.3658
2.0217
2.372
2.3363
2.3787
2.3493
2.0823
2.337
2.0884
2.0879
2.3785
2.3228
1.3973
2.413
2.3169
2.3919
2.4202
2.2917
2.1964
1.4093
2.0822
2.1821
1.5053
2.2644
1.8003
2.0651
1.8923
2.4273
1.4817
2.0437
2.3672
2.0208
2.341
1.9684
2.2658
1.9467
2.0821
2.1917
2.4545
2.1324
2.4457
1.6324
2.2293
2.0646
2.4163
2.2901
2.032
2.3514
1.534
2.1521
2.2446
2.3493
2.2903
2.4292
2.127
2.4525
1.9548
2.3721
2.3231
2.2592
1.9255
2.357
1.4113
2.3307
2.2466
2.2264
2.223
2.411
2.2403
2.1682
2.2891
2.0773
1.9826
2.3439
2.4791
2.4766
2.371
2.3372
2.3096
1.9673
2.3461
2.4061
2.4291
1.8994
2.2515
2.4417
2.4234
2.3136
1.8942
2.4147
2.317
2.3598
2.4767
1.7289
2.1405
2.3993
2.0133
1.9636
2.175
2.2968
1.8048
2.2547
2.1585
2.321
2.3442
2.2336
2.4718
2.1533
1.6519
2.2949
2.3941
2.4157
1.6092
1.7137
1.4594
2.2206
2.1361
2.1868
2.3724
1.9594
2.2178
2.3548
2.196
2.2547
2.2956
1.4919
2.345
2.0968
2.1733
2.4586
1.4379
2.1581
1.6157
1.4172
2.1317
2.3006
2.3542
2.3142
2.4529
2.4402
2.3553
2.445
2.4523
2.0753
2.2344
2.2156
2.0655
1.414
1.8455
1.9786
1.9589
2.4637
2.3393
2.2423
2.3927
2.3357
1.9553
1.2528
1.5638
2.2412
2.3515
2.3816
2.3465
2.1402
2.4146
2.391
2.4005
2.1951
1.507
2.0996
1.9006
1.7051
2.1736
1.7629
2.3344
2.1519
2.2386
1.3777
2.2243
2.209
2.418
1.9167
1.6739
2.1375
2.0525
2.3391
1.9846
1.5338
2.2486
2.3414
2.3592
2.3033
2.2946
2.4937
2.2025
2.0716
2.2041
2.1421
2.4012
1.9101
2.3676
2.2761
2.4533
2.4128
2.3175
1.4875
1.9997
1.7057
2.2247
2.3361
2.5023
2.3812
2.366
2.317
1.9727
2.4063
2.4305
2.2656
2.1175
2.3832
2.352
2.427
2.2009
2.1041
2.1473
2.1207
2.3034
2.3374
1.5532
2.1656
2.3005
1.6207
2.2921
2.5079
2.3506
2.4723
2.4376
2.3476
1.4175
2.354
1.984
2.2209
2.1014
1.9111
2.3459
2.2672
2.2864
2.0003
2.3573
1.509
2.385
2.2479
2.2805
1.5207
2.2667
2.1957
2.3807
2.3287
2.1382
2.1302
2.1208
2.4379
2.0604
2.4685
2.423
2.2585
2.3809
2.019
2.4385
2.4688
2.2308
2.1368
2.1452
2.3595
2.4022
2.3871
2.4137
2.253
2.4897
1.5497
2.5163
2.207
2.0708
1.8312
2.4231
2.2875
1.466
2.336
2.3641
1.9703
2.424
2.3144
2.2068
2.3191
1.3418
2.2488
2.0775
2.3427
2.0895
2.2566
2.257
2.217
2.4179
2.0823
1.546
2.2316
2.2206
2.4341
2.2235
2.2692
2.3945
2.169
2.3935
2.4326
2.4275
1.9626
2.4168
2.2084
2.1607
2.2278
2.2514
2.3818
1.405
2.236
2.2438
2.2625
2.2249
2.1078
2.2457
1.7311
2.3487
1.7233
2.0684
2.1539
2.0855
2.1976
2.0695
1.7128
1.7515
2.0506
1.7784
2.1008
2.3084
2.3988
1.4718
2.0245
2.2
1.8359
2.2483
2.2307
2.4102
2.2146
2.3011
1.8374
2.3291
2.3623
1.7862
2.23
2.1049
2.3091
2.4004
2.22
2.1452
2.1887
1.3848
2.374
2.5119
2.5218
2.2078
2.1831
1.4205
1.9187
1.8315
2.2448
2.364
2.1325
1.7871
2.4506
1.8014
2.2045
2.5009
2.4169
2.3059
2.3105
2.4452
2.4193
1.6633
2.3648
2.3672
2.2483
2.3384
2.3288
2.2877
2.3945
1.8833
2.4512
2.1518
2.1479
2.4732
2.1403
2.2485
2.092
2.0236
2.46
2.1145
2.2009
1.6631
1.7122
2.4294
2.1936
2.238
2.4174
2.3024
2.3022
1.755
2.4624
1.4409
2.3902
2.3309
2.0613
2.2717
2.2695
2.2299
2.121
2.406
2.4241
2.3112
2.1109
2.0592
2.4119
2.4082
2.1159
2.2432
2.3369
2.3412
2.3859
2.3064
2.1896
2.4222
2.2409
2.1297
2.2227
2.1575
2.3727
1.7455
2.263
2.2245
1.5148
2.4259
2.4385
2.1957
2.3312
2.0308
1.8028
2.3697
2.4202
2.3798
2.3261
1.4791
1.182
2.2088
2.2657
2.3976
1.4416
2.2573
2.2787
2.0209
2.3954
2.344
2.348
1.9657
2.3511
2.0745
2.1446
2.4019
2.238
2.4203
2.2611
1.7469
1.5475
2.0901
2.341
2.2841
2.2422
2.0941
2.0384
1.5077
2.0709
2.3913
1.4173
2.137
2.3989
2.0122
2.4232
2.3305
2.2492
2.1981
2.377
2.2939
2.2151
2.3695
2.365
2.0737
2.1612
2.2614
2.3259
2.2193
2.233
2.4147
2.2472
1.3932
1.4473
2.3954
1.567
2.2482
1.6928
1.8793
2.4373
2.1355
2.0911
2.4165
1.8194
1.7133
2.3349
2.2252
2.3967
2.3654
1.5701
1.6979
1.458
1.7526
2.2597
1.796
2.354
2.5224
2.4049
1.5691
2.2748
2.2262
2.4353
1.8969
1.8088
2.427
2.2164
2.2632
1.4906
2.242
2.3723
2.145
2.3273
2.2827
2.1277
2.3333
2.1658
2.2333
2.3161
1.2995
2.3269
1.4709
2.2334
2.2445
2.2529
2.2723
2.385
1.8304
2.4455
2.3408
2.3099
2.0301
2.1492
2.3042
2.215
2.3698
2.4295
1.5352
2.1362
1.4508
2.2792
2.3872
1.9838
2.2872
2.4221
2.2955
2.3827
2.4118
2.4124
2.2146
2.3554
2.2171
2.141
2.4084
2.3949
2.2658
2.4329
2.3535
1.8672
2.277
2.3204
2.2623
1.4164
2.4273
2.095
2.3215
2.0404
1.8774
2.1654
2.2259
1.7332
2.4393
1.9059
2.3531
2.1674
2.0325
2.3006
1.9492
2.3278
2.362
2.3842
2.4012
2.1924
1.9927
2.0708
2.3628
2.115
2.4766
2.1871
2.042
2.291
2.2843
2.0724
2.4207
2.2204
2.3027
2.377
2.4259
2.3804
2.2197
2.3224
2.2155
2.4386
2.2435
2.2626
2.4233
2.131
2.4475
2.383
1.5266
2.1804
2.4503
2.146
2.3184
2.3673
1.9988
2.4268
2.4141
1.5541
2.3592
1.9534
2.3914
2.294
1.9606
2.3383
2.1323
2.3998
1.6762
2.2678
2.3694
2.3823
2.2798
1.754
2.0858
2.4016
2.2653
2.3801
1.8312
2.1698
2.4241
2.095
1.7141
1.4929
1.8117
2.3812
2.0701
2.3486
2.3567
2.1282
2.3073
2.3404
2.2232
2.5075
2.3517
1.8685
2.3199
2.2295
2.0145
2.2799
2.3737
2.3791
2.3988
2.0609
1.8664
2.1387
2.3803
2.3167
1.9622
2.2651
2.4512
2.1
2.3637
2.2225
2.3079
2.4119
2.417
1.4612
2.3069
2.4286
1.113
1.9951
2.317
2.1748
2.3585
2.3101
1.523
2.3538
2.3403
2.2622
1.1844
2.3656
2.398
1.6316
2.0085
2.3862
2.3023
2.1605
1.5169
2.4184
2.3387
2.4073
1.7437
2.4285
2.3923
2.3752
2.0915
2.4806
2.4013
2.3418
1.9512
2.3088
2.2102
2.3917
2.1403
1.9872
2.4795
1.9255
1.8182
2.0418
2.2824
2.4077
2.419
2.3874
1.9134
2.4239
2.297
2.3561
2.2136
1.8171
2.2633
2.3052
2.3935
2.1018
1.8554
2.3217
2.292
2.1793
1.914
2.1097
2.3978
1.4424
1.4506
1.0832
2.213
2.2893
2.4315
1.5077
1.9504
2.4302
1.9733
2.2977
2.1893
2.2277
2.2786
1.5859
2.349
2.4593
1.772
1.7649
2.2332
2.0534
1.8838
2.1772
2.321
2.3433
2.3279
2.335
2.4068
2.3314
2.1175
2.1036
2.1183
2.3801
2.1474
1.178
2.138
2.2829
2.1723
2.1363
1.7897
2.1949
2.3612
1.3666
2.3377
2.451
1.5887
2.2783
1.3739
1.8999
2.319
2.1123
2.0534
2.5047
2.4905
2.272
2.3049
1.3655
2.3867
2.238
2.3725
2.2566
2.3326
2.4566
2.2296
2.3712
1.4152
2.0347
2.3566
2.2096
2.2986
2.0208
2.387
2.2144
2.3747
2.0691
1.4718
2.3917
2.1939
1.9239
2.0949
2.327
2.0671
2.312
2.4574
2.4513
2.2183
2.1604
2.4586
2.2413
1.6102
1.8838
1.4848
2.4221
2.3457
2.1645
2.339
2.218
2.3387
2.1587
2.348
2.3774
2.324
2.4017
2.2452
2.1769
1.9644
1.7647
2.419
1.9096
2.3437
2.2601
2.1681
2.3435
2.1226
1.7846
2.0565
2.4405
2.3083
1.974
2.2341
1.624
2.3425
2.345
2.3371
2.3257
2.4338
2.2111
2.4663
2.5135
2.339
2.3059
1.736
2.2247
1.5058
2.3068
2.3486
2.2005
2.3959
2.209
2.3994
2.3673
2.3153
2.3861
2.2361
2.3382
2.156
2.2991
2.2844
2.4402
2.108
2.2662
2.3358
2.3141
2.2489
2.3354
2.0721
2.2129
1.4467
2.0475
2.4808
2.206
2.4211
2.2845
2.0523
2.3161
1.8264
2.3036
2.0562
2.0718
1.4991
2.3755
2.206
1.7638
2.354
2.3666
2.3159
1.859
2.1844
2.4193
2.2257
2.2614
2.3543
2.3739
2.3554
2.2492
1.7558
2.3389
2.3109
2.3976
2.412
2.3484
2.2938
2.4016
1.5045
2.3325
1.7793
1.9913
2.3514
1.9573
1.5086
1.7853
2.4492
1.4469
1.4875
2.3535
2.2962
2.4291
1.2529
2.3999
2.3353
2.0932
2.0891
2.3488
2.0805
2.4703
2.4467
2.2425
2.3228
2.32
2.378
1.7511
2.4985
1.8161
2.3466
2.2981
2.2861
2.2427
2.3649
2.4647
1.5104
2.269
2.129
2.4338
2.3878
2.3581
2.0265
2.2102
2.3976
2.4388
2.4078
1.9061
2.4499
2.247
2.4445
1.964
2.2944
2.2962
1.8474
2.017
1.8949
1.789
2.0657
2.2111
1.3943
2.3134
2.0866
2.1829
2.4414
1.8177
2.3585
2.2995
2.4747
2.3627
2.1356
2.4209
2.4868
2.3052
2.3964
2.4639
2.4039
2.3242
2.3069
2.3863
2.0347
2.2696
2.2196
2.222
2.2508
2.4461
2.2885
1.9905
2.2213
2.0797
2.036
2.137
2.1247
2.3447
2.4523
2.3238
2.351
2.4083
2.2977
1.8348
2.3088
2.3833
1.7602
2.2394
2.046
1.1904
2.416
2.3722
2.3936
2.3068
2.3389
1.786
2.3539
2.3071
1.2095
2.3049
2.4325
2.4209
2.4939
2.2407
2.3293
2.1426
2.3743
2.1636
2.3055
2.3189
2.3903
2.4427
2.3798
2.3191
2.1598
2.1281
2.3459
1.383
2.2867
1.6079
2.4088
2.1645
2.3149
1.9942
2.1712
1.9063
2.3213
2.3095
2.366
2.3073
1.8853
2.3378
2.0221
1.8617
2.4193
1.9953
2.3922
1.9814
2.2393
2.4624
1.1412
2.3069
2.4994
2.2322
1.521
2.3727
2.2572
2.1769
2.1447
2.4489
2.1083
2.3942
2.1814
2.3478
2.3078
2.3292
2.2767
2.2617
2.0116
2.4978
2.4775
1.4887
2.3403
2.2769
2.3766
2.1213
2.4268
1.5961
1.4497
2.3042
2.2095
2.26
2.2572
1.9503
2.3564
1.7647
2.1712
2.0988
2.2382
2.4141
1.9739
2.3359
2.4045
2.344
2.4074
2.3208
2.0074
2.2262
2.5274
2.1495
2.1767
2.3108
2.0127
1.4355
1.7554
2.1833
2.3258
1.825
2.3523
1.7443
2.3934
2.1963
2.1156
2.435
2.3429
2.217
2.286
1.5437
2.3069
2.061
2.0568
2.1005
2.1042
2.2119
2.173
2.2906
2.49
1.8107
2.3922
1.8726
2.2721
2.4148
2.3253
2.2537
1.9318
2.1589
2.2759
2.0794
2.0117
2.3217
2.1872
2.3415
2.4396
2.3049
2.1902
2.3569
2.3987
2.3569
2.1844
2.0023
2.0282
2.2542
2.3154
2.4029
2.1259
2.2765
2.2831
2.0708
2.2932
2.1638
2.3188
2.1078
2.3463
2.3526
2.1034
2.4434
2.3013
2.3977
2.4991
2.3902
2.2341
1.8064
1.4284
2.1961
2.5455
1.8717
2.1844
2.3369
1.3989
1.9856
2.2391
1.5956
1.4782
2.4147
2.0695
1.9893
1.7472
1.4532
1.9506
2.1688
2.3369
2.3888
2.3461
2.0439
2.2439
2.2892
2.3496
2.3026
2.3528
2.3206
1.8491
2.3708
