2.43
2.3542
2.2887
1.8017
2.4452
2.3799
2.3997
2.317
2.3705
2.3202
2.4589
2.1744
2.4135
2.3467
1.826
2.3984
1.9009
2.1844
1.8888
2.0364
2.3095
2.1992
2.2129
2.4224
2.4029
2.4436
2.1005
2.3521
2.3513
1.4164
1.9914
2.3401
2.2587
2.2686
2.3275
2.2921
2.4568
2.427
2.0622
2.2983
2.4552
2.3208
2.131
2.1748
2.2307
2.4218
2.253
2.2729
2.3245
2.3245
2.1926
2.4814
2.1662
2.2554
2.147
2.2871
2.1574
2.3926
2.0685
2.0433
2.3708
2.1248
2.0254
2.3364
2.0373
2.466
2.3568
2.153
2.3882
2.4028
2.2188
2.4012
2.3235
2.5252
2.4767
2.2942
2.4846
2.4556
1.8801
2.0253
2.3522
2.1961
2.3711
2.091
2.3187
2.3349
2.2688
2.4653
2.3475
1.6666
2.0214
2.3516
1.774
1.9421
2.3354
2.0558
2.3812
2.3717
2.327
1.3611
2.0788
2.5053
1.8528
2.1545
2.2826
2.2908
2.1521
2.364
2.196
1.6461
2.2705
2.3922
2.1965
2.3459
2.329
2.3447
2.2457
1.6825
2.4307
2.0454
2.1509
2.2576
2.317
2.3955
2.1656
1.6765
2.3213
1.4753
1.859
2.2288
2.3584
2.2655
1.6395
1.9048
2.3213
2.3286
2.0109
1.9478
2.4323
2.2467
1.8662
2.3741
2.4975
2.365
2.2539
1.9226
2.4231
2.0694
2.4235
2.2014
2.3918
2.2625
2.3101
2.4083
2.3016
2.3864
2.35
2.3776
2.3745
2.5388
2.4316
2.3801
2.3582
1.7131
2.0412
2.4152
2.291
1.848
2.1849
2.2605
1.6087
2.248
1.7186
2.3922
2.1394
2.3972
2.4861
2.0751
2.3775
2.4501
2.4202
2.3097
1.8474
2.3993
2.4766
2.3434
1.3405
2.2736
2.2243
2.2958
2.3808
1.9795
2.1719
2.1646
2.3945
2.3218
2.3055
1.9773
1.9112
2.3605
2.2906
2.1804
1.8199
2.3154
1.4714
2.4453
1.1592
2.4455
2.3635
2.4597
1.7586
2.2824
2.4053
2.3074
2.045
2.4012
2.4522
2.3957
2.2064
2.2003
2.3363
2.1943
2.3482
2.4807
2.2733
2.2158
2.5291
2.0703
2.2136
2.3388
2.2673
2.0276
2.3123
1.7507
1.3859
2.3223
2.359
2.3446
2.3418
2.3743
2.3434
2.1353
2.308
2.5443
2.0515
2.1166
2.2666
2.4332
2.4375
2.3549
2.0147
2.2924
1.5954
2.287
1.9868
2.2115
2.3821
2.2886
2.2526
1.9043
1.8691
2.197
2.3647
1.3159
2.1459
2.2236
2.0214
2.2595
2.4475
1.6674
2.2552
1.6067
2.3812
2.2327
2.3808
1.6896
2.3191
2.2221
1.3897
2.4528
2.2215
1.9548
1.308
2.3184
1.9298
2.2259
2.1206
2.2887
2.4434
2.283
2.3744
2.1583
2.3215
1.8297
1.3684
2.3949
2.0798
2.3576
2.3768
2.0654
2.1045
2.3906
2.4591
2.0877
2.4598
2.0668
2.5062
2.1916
2.2049
1.6452
2.2763
2.3664
2.1179
2.284
2.3354
2.4575
2.4056
2.3581
2.1193
1.7762
2.4807
2.343
2.4876
2.2348
2.3988
2.3124
2.3626
2.3222
2.4439
2.3213
2.3989
2.4049
2.1249
2.1688
1.7533
2.3334
2.4324
2.3217
2.4174
2.271
2.3958
2.3298
1.6981
2.2347
2.1445
2.1996
1.7635
2.3
2.3588
2.1754
2.3419
1.8372
1.399
2.4424
2.1313
2.2448
2.387
2.3983
2.3227
2.4082
1.8397
2.4009
1.8917
2.3052
2.2419
1.3496
2.3068
2.3107
2.3722
2.3265
2.2681
2.0959
1.7244
2.1847
2.0906
2.3551
2.4311
2.2213
1.4816
1.7914
2.2692
1.7222
2.0593
1.4124
2.4169
1.9902
2.1329
1.4278
2.0364
2.4079
2.5521
2.0813
2.2608
2.1753
1.9337
1.9026
1.906
2.3467
2.1917
2.2853
2.5147
1.8757
2.1934
1.9806
2.4337
2.3135
1.9075
1.6159
2.0902
2.2168
2.2036
2.3774
2.1328
2.3889
2.3334
2.4495
2.4088
2.326
1.8291
1.8588
2.4101
1.4058
2.4365
1.6944
2.4359
2.3399
2.3949
2.1952
1.815
2.3179
2.3102
2.3407
1.8821
1.9983
1.4597
1.9342
1.8111
1.9494
1.9937
2.1445
2.3039
2.1672
2.4273
2.2636
2.1405
2.3194
2.3553
2.1716
2.1699
2.0673
2.3633
2.3753
2.1637
2.0576
1.3591
2.5133
2.4412
1.9001
2.4125
2.3358
2.3591
1.8072
2.3935
2.2906
2.4686
2.2888
2.3077
2.1482
2.2903
2.3053
2.1951
2.4373
2.3945
2.325
2.1197
1.6065
2.4318
2.4528
2.4382
2.3437
2.2981
2.4712
2.4421
1.4591
2.4237
2.3234
2.4272
1.316
1.9221
2.1259
2.3733
2.4355
2.4564
2.4212
2.4106
2.0871
2.231
2.443
2.2895
2.3727
2.0485
2.1539
2.3913
2.0775
1.4467
2.1963
2.4034
2.35
2.3309
2.2875
1.9395
1.8002
2.3835
2.3398
1.6589
2.3807
2.142
2.3189
2.2153
2.3451
1.3603
2.1582
2.3192
2.1598
1.9487
2.4406
1.9186
1.5365
2.0093
2.1307
2.124
2.086
1.9551
1.5233
2.124
2.0861
2.3175
1.4259
1.7838
2.0857
2.3632
2.5106
2.3983
2.4379
2.4529
2.2488
1.5621
2.3362
2.1326
2.1585
2.3371
2.3076
1.9791
1.7116
2.0592
2.1067
2.3131
2.053
2.2946
2.1309
2.2951
2.3517
2.3719
2.0753
2.2397
1.6914
2.1771
2.0369
2.4252
1.7065
2.1007
2.2681
1.9285
2.033
2.3074
2.0717
2.2943
2.4347
2.077
2.3855
1.3051
2.4744
2.2942
2.395
2.0531
1.8748
2.3669
2.4017
2.0759
2.2161
2.3593
1.5526
2.2755
2.3051
1.2723
2.0488
1.6854
2.2808
2.4432
2.356
2.4144
2.3951
2.4534
2.4886
2.4501
2.3217
1.6254
2.1433
2.3747
1.8867
1.7132
2.2962
2.3589
2.3779
2.268
2.2174
2.2929
2.4725
2.1551
1.848
2.246
2.257
1.9518
2.1115
2.263
2.3872
2.0962
1.7072
2.0335
2.3627
2.5135
2.3473
2.2143
2.2939
2.3999
2.1549
2.3615
2.2974
2.5061
2.3498
2.3621
2.2753
2.2878
1.5082
2.3077
2.3037
1.7345
2.3792
1.8965
2.1958
2.312
2.0278
1.6473
2.3812
1.8689
2.0794
2.4388
2.0126
2.37
2.1289
1.5808
1.4529
2.0994
2.3786
2.4337
2.4392
1.9715
2.3437
2.3697
1.2812
1.3286
1.9446
1.5077
1.8499
2.0723
2.2053
2.0389
2.3922
1.6985
2.0138
2.3916
2.4643
2.3228
2.373
2.4402
2.2531
2.0027
2.4719
2.3555
2.195
2.3979
2.3109
2.4114
2.0922
2.2691
1.6709
2.3292
2.3858
2.1632
2.4063
2.0148
2.2472
2.4718
1.6414
2.3115
2.5523
2.1847
2.296
2.4735
2.2801
2.0677
2.1549
1.1923
2.1158
2.4262
2.3064
2.2713
2.1299
2.3648
2.0412
2.5298
1.7768
2.2487
2.3278
2.3443
2.3602
2.3544
2.3342
1.9373
2.4418
2.23
2.2147
1.9803
2.3463
2.3382
2.3793
1.9749
2.2918
2.3684
2.3983
2.2466
1.896
2.3012
2.1025
2.3484
2.3868
1.9026
2.3601
2.0192
2.4183
2.3966
2.225
1.9659
2.3306
2.3287
1.3914
2.2236
2.3573
2.389
1.8458
2.1425
2.3473
2.3986
2.098
1.9415
2.3137
1.9118
2.2636
2.0686
2.3405
2.3185
2.0629
2.3549
2.3443
2.2884
2.3589
2.2375
2.3382
2.365
2.2363
2.4654
2.1368
2.3816
1.6006
2.3777
1.6636
1.952
2.3322
2.2192
2.3788
2.0858
2.1073
2.2546
1.331
2.0688
2.4174
1.5099
2.2807
2.4448
2.3526
2.3672
2.377
2.3372
2.1718
2.2143
1.3416
2.3604
2.304
2.1873
2.2202
2.3276
2.3922
2.2584
1.5404
1.9648
2.4854
2.4554
2.3927
2.2965
1.8873
1.361
2.2458
2.2682
2.4227
2.4168
1.704
2.1679
2.4158
1.9972
2.3634
2.178
1.4622
2.3106
2.3377
2.3382
2.1746
2.3671
1.3961
2.1395
1.8233
2.413
1.4561
1.9927
1.8889
2.3055
1.5656
2.4675
1.6143
1.6405
1.882
1.4644
2.4021
2.1108
2.4251
2.2925
1.8905
2.3649
1.5588
2.4997
1.4899
2.0533
2.1481
2.2067
2.3106
2.3672
1.7479
2.3194
2.4447
2.291
2.0816
2.3542
2.186
2.2214
2.3373
2.0552
2.3256
2.0354
2.3715
2.1675
2.1581
2.2477
2.175
2.4029
2.1833
2.4118
2.2647
2.4206
2.0892
2.2057
2.383
2.3643
2.3476
2.36
2.2836
2.4456
1.3907
1.8356
1.4233
2.2718
2.3536
2.3353
1.5128
2.4027
2.3804
2.3969
2.114
2.3655
2.0888
2.2383
2.2206
2.4349
2.0697
2.4211
2.043
2.3396
2.2362
2.4339
2.0753
2.1495
1.9557
2.4859
1.6738
2.307
1.4756
2.3654
2.2228
2.1287
2.3395
1.9683
1.9878
2.4276
2.2483
2.3823
2.12
1.4561
2.3959
2.1814
1.955
2.4128
2.2134
2.3275
1.8733
2.3852
2.3442
2.3673
2.3512
2.2993
2.4093
2.3807
2.269
1.3766
2.4137
1.8569
2.3612
1.6125
1.4243
1.9106
2.2278
2.1129
2.1201
1.9304
2.1826
2.3403
2.391
2.3143
2.0748
2.4058
1.9922
2.4077
2.1117
1.9441
2.3557
2.422
2.3701
2.3224
2.1865
1.7874
2.2396
2.3146
2.385
2.3048
2.3376
2.3765
2.3563
2.4084
2.4229
2.138
2.412
1.997
2.3758
1.899
2.4129
2.1321
2.433
1.9091
2.3294
1.9263
2.3834
2.4759
2.3618
1.9417
1.8878
2.4543
1.4868
1.4534
2.4642
1.6966
2.0656
2.4835
2.3001
2.2172
2.4172
2.4301
2.4024
2.1383
2.243
2.382
2.0514
2.3241
2.2288
1.986
2.3897
2.2906
2.4179
2.2864
2.3017
2.4068
2.3788
1.9534
2.1031
2.3367
2.3767
2.0866
2.4917
2.3477
1.6341
2.3122
1.763
2.1576
2.3353
2.4016
2.4265
2.3826
2.3504
1.8591
2.3635
2.2728
2.44
1.9888
2.2234
2.2816
2.3944
2.4797
2.0101
2.4071
2.3412
2.2431
2.4293
2.1931
2.1732
2.3117
2.4322
2.3147
2.4241
2.4833
2.0096
2.4565
2.4814
1.4581
2.3084
2.452
2.0957
2.1612
2.4977
2.4364
2.2231
2.2344
2.4214
2.3589
1.4921
2.1273
2.1258
1.848
2.3539
1.9742
2.0284
2.412
1.5253
2.3763
2.4385
2.3902
2.1807
2.3913
1.9838
2.4349
2.1319
2.215
2.3303
1.9882
2.4563
1.8526
2.4292
2.3814
2.1302
2.2451
2.3201
1.8741
2.0451
2.3457
2.4044
2.4101
2.3514
2.3603
2.2545
1.8175
1.8817
2.3925
2.2405
2.3548
2.4075
1.8795
2.2177
2.3065
2.2004
2.4048
1.4813
2.3731
2.391
2.4169
2.3725
1.4904
2.4212
2.4236
2.2084
2.2027
1.5659
1.9969
1.4884
2.399
2.2658
2.3051
2.4207
1.9719
2.2958
2.2386
2.1793
2.3861
2.4041
2.0491
2.2897
2.1541
2.2723
2.2922
2.4198
2.3029
1.4453
2.2512
1.6524
2.2994
2.1439
2.0643
2.3274
2.4852
2.4326
2.1788
2.1114
2.0986
2.3803
2.4367
2.251
2.3799
2.4159
2.3577
2.3587
2.4017
2.2391
2.2708
2.3506
2.3427
2.3128
2.3363
2.4796
2.1673
2.4222
1.8823
2.2856
1.6265
2.1267
2.2577
2.3078
1.7619
1.6758
2.3785
2.1995
2.221
2.3842
2.4463
2.424
2.2118
2.2333
1.6668
2.0009
2.4103
2.422
2.3763
2.3721
2.1218
1.9567
2.0843
2.1619
2.2018
2.4265
2.4577
2.3758
2.1533
2.1798
2.3113
2.2467
1.9723
1.9701
2.2716
2.284
1.5878
2.4232
2.3195
2.3524
1.8576
1.5629
2.359
2.0526
2.5319
2.364
1.8102
2.0068
2.3639
2.2809
2.2905
2.3268
2.3053
2.3122
2.4266
2.3863
2.3773
2.3676
1.8886
2.025
1.7993
2.0447
2.256
2.2088
2.3579
1.9294
2.3577
2.262
2.433
2.3246
2.139
1.6346
2.3608
1.7362
2.0988
2.1731
2.1931
2.1318
2.3657
1.7544
2.4502
2.2979
2.3467
2.1831
2.346
2.4277
1.9307
2.3425
2.4285
2.3222
1.9873
1.3258
2.4862
2.2211
2.3017
2.3404
1.3148
2.1829
2.0976
1.8468
2.4082
2.4219
2.4778
2.4174
2.0428
2.1503
2.3809
2.319
2.4691
1.6153
2.4018
2.1811
2.4123
2.3897
2.3604
2.1403
2.0421
2.3823
2.1974
1.8495
2.3961
1.6808
2.4317
2.3591
2.4039
2.4857
2.2951
2.1406
1.8495
2.4542
2.3424
2.3046
2.1262
2.1791
2.4145
2.3872
2.3363
2.1775
1.8528
2.3376
2.3835
2.3663
2.0618
2.188
2.2008
1.9521
2.2141
2.2639
2.4191
2.4241
1.8459
2.3653
1.644
2.2964
2.2021
2.2911
2.3719
1.5141
2.2711
2.4625
2.4184
2.1729
2.4211
2.3852
1.3942
2.293
2.4024
2.4346
1.7921
1.6088
1.3406
2.3692
2.1612
2.4312
2.278
2.4382
1.8724
1.7553
2.3344
1.8763
2.4933
2.3471
2.4587
2.2141
2.3318
1.5856
2.2268
2.4408
2.3618
2.3459
2.2825
2.3976
2.1173
2.4301
1.9624
1.3943
2.2799
2.3942
1.6692
2.2023
2.2246
2.3971
2.3041
2.0903
2.1348
2.2499
2.1574
2.3822
2.242
2.4208
1.598
2.4179
2.3868
1.5414
2.019
2.3271
2.4128
2.3235
2.4044
2.0186
2.3148
2.1354
1.7381
2.0295
1.6513
2.3651
2.2354
2.3794
2.3178
2.3974
2.37
2.2992
2.283
2.1229
2.401
1.768
2.4261
2.3842
2.4244
1.7953
2.4135
2.44
2.2169
2.3744
2.3645
2.4603
1.9341
1.5276
2.4022
1.3797
2.3421
2.1559
2.2933
1.669
1.4382
2.0151
2.3579
1.9207
1.9262
2.3367
2.0059
2.0584
2.1333
2.3249
2.3895
2.401
2.3558
2.432
1.7746
2.3762
2.4087
2.3363
2.4319
1.6071
2.2292
1.7146
2.3178
2.1019
2.3912
2.4421
2.3754
2.2258
2.0803
2.1667
2.3024
2.4534
2.3681
1.9102
2.1541
1.9629
2.3637
2.0593
2.1114
2.2206
2.3037
2.2728
2.3109
2.38
2.3944
2.3331
2.1373
2.4172
2.3226
2.4566
2.3309
2.133
2.4955
2.3532
1.6875
1.7552
2.1468
2.2796
2.2791
2.307
2.4258
2.2912
2.1375
2.2755
1.9183
2.3583
2.29
1.2893
2.3453
2.0892
2.1136
2.2549
2.389
2.3652
1.5018
2.342
2.4449
2.3583
2.3259
2.1065
2.3028
2.4493
2.3569
1.5699
2.2229
2.3726
2.3959
2.3893
1.5874
2.0818
2.3282
2.2879
2.3833
2.3889
2.1765
2.2908
2.2534
1.9434
2.422
1.891
2.3146
1.8292
2.2836
2.4039
2.1237
2.4431
2.2869
2.4253
2.323
2.2574
2.3249
2.3428
2.3301
1.7461
2.0617
1.8666
2.344
1.9677
2.0857
1.9633
2.505
2.3337
2.1415
2.4222
1.7745
2.2552
2.1655
2.4526
2.3464
2.361
2.0794
2.3999
2.2944
2.316
2.1023
2.0757
2.1888
2.4488
2.2183
2.1391
2.4128
1.4297
2.2606
2.4197
2.378
2.3613
1.9862
2.3467
2.2701
2.3555
2.3834
1.5452
2.3736
2.2991
2.182
2.3175
2.4246
2.3416
2.2574
2.426
2.2229
2.3541
