2.237
2.1288
1.5905
1.677
1.395
1.2655
2.145
2.3221
1.9958
2.2557
1.6633
2.3754
1.9538
2.2463
2.138
2.0194
2.0468
1.7057
1.4897
2.321
2.3112
1.3468
1.7843
1.7194
2.0108
1.8006
2.0178
1.7013
2.0503
2.2447
2.4047
1.6213
1.6308
1.5775
2.199
2.0365
2.0304
2.387
1.5013
2.183
1.2882
2.1103
1.9599
2.2389
2.3995
1.4597
2.3777
1.4876
1.4734
2.1632
1.7282
2.4281
2.3546
1.8616
1.6508
1.4216
1.6458
2.3123
2.2943
1.9617
1.5177
2.1651
1.2063
2.1532
1.7842
2.1382
2.0443
1.3662
2.0979
2.145
2.1873
2.3097
2.0133
2.103
2.1177
1.4962
1.5325
1.9898
2.312
2.3956
1.2527
1.9062
2.2952
1.6795
2.4519
2.1026
1.4933
1.5859
1.4315
1.9874
1.1932
1.9087
1.6071
2.2576
1.4529
2.3203
2.3595
2.3479
2.218
2.2575
2.1638
1.7838
2.3095
2.3459
2.1944
2.1961
2.3882
2.3135
1.8897
1.645
1.619
2.463
1.9464
1.6943
2.081
2.364
1.6938
1.7491
1.6586
2.177
1.3102
1.738
1.977
1.9774
1.8008
1.9691
2.3949
2.0937
2.1898
1.6616
1.8222
1.7958
1.7505
2.1947
2.08
2.2255
2.1346
2.2825
1.8351
1.6645
2.071
2.0952
2.3467
1.6935
2.3026
1.8819
2.2005
1.4636
1.4151
2.1431
2.3333
1.6247
2.432
2.2405
2.347
2.382
1.9159
1.6342
1.9167
1.823
2.0175
2.1621
1.1582
2.4096
1.7027
1.5559
1.9672
2.1361
1.4865
2.4266
2.3859
1.4013
2.5129
1.9856
2.4296
1.802
2.3328
2.2728
2.1527
2.2454
1.8464
2.1873
2.3595
2.345
1.7614
2.4387
2.2109
1.73
1.5585
1.9311
2.0089
1.6994
2.0677
2.0612
2.2076
1.7457
2.1396
1.8698
1.8456
2.3844
1.5907
1.7835
2.1774
2.2949
1.8037
1.6399
1.4949
1.7769
2.2875
1.1405
1.8087
1.605
2.1028
1.2073
2.3872
2.1638
1.7966
1.5438
1.4397
1.2331
1.9537
1.3933
2.4088
1.5722
2.0816
2.1423
2.3312
2.0221
2.0883
2.3415
1.9324
2.4528
1.6459
2.2188
1.5929
2.2552
2.0442
2.2728
1.899
1.9784
2.0856
2.098
2.0162
2.4597
2.1247
2.3973
1.8822
2.0506
1.384
2.3582
2.3401
1.2913
1.3187
1.5921
1.6973
1.7403
1.7605
1.3148
1.8314
2.2557
2.3305
2.3798
1.8599
1.3287
2.398
1.2831
2.3784
2.0987
2.1738
2.2453
1.7478
2.2785
2.2069
2.075
1.9787
2.2975
2.3198
2.3781
1.3919
2.3647
1.9541
2.0273
2.223
2.0959
1.1985
1.6556
2.1883
2.0967
2.2192
2.1241
1.7728
2.3826
1.9756
2.4124
1.5449
1.3732
1.6538
1.6297
1.8902
1.3975
2.4061
2.0913
2.1745
1.2418
2.0378
1.3074
2.2217
1.7579
2.1417
2.2372
1.5706
2.0667
2.1516
1.7612
2.3152
2.3411
1.8186
1.5913
2.4226
2.097
2.2275
2.4487
2.0766
1.9837
2.3308
1.9557
1.9397
2.0336
2.0932
1.8679
2.168
2.289
1.8294
1.7229
1.9546
2.3139
2.4107
2.0554
1.3285
2.2227
2.1866
1.6343
2.3671
1.4937
1.8864
2.3015
1.269
2.2263
2.2065
1.6714
1.8717
2.2314
1.2165
2.3957
2.2534
2.1441
1.3923
1.8755
1.9135
2.0952
1.4042
1.4264
2.0756
1.6183
2.1696
1.72
1.7856
1.2735
1.6883
1.6638
2.0793
1.7341
1.845
2.0258
2.1888
1.3662
1.5626
2.3528
2.3657
1.7891
2.3334
1.3341
1.6908
2.0123
2.2234
1.9226
1.2331
1.9427
2.2787
1.9366
1.7355
1.3162
2.2031
1.3263
1.9918
2.2789
2.1569
2.2236
2.3828
2.2506
1.9076
2.3309
1.319
1.8795
2.1965
1.8136
2.2597
1.2625
1.731
2.2806
2.1497
2.3417
1.632
2.3664
2.0824
2.166
2.4132
1.471
2.0439
2.3385
1.7006
2.2116
1.9397
2.1799
2.1561
2.4352
1.1563
2.1762
2.0344
1.8579
2.2404
2.1685
2.3984
2.1291
1.4219
1.3926
2.4478
1.8792
1.9439
2.1487
2.1273
2.3981
2.2572
2.2146
1.3736
1.752
2.0757
1.7752
2.1726
1.2348
1.7332
1.8984
2.0992
1.5814
2.0699
2.253
1.889
1.7803
1.4086
2.0593
2.3351
1.3067
2.3092
1.981
2.3546
1.5651
2.0012
1.4457
1.3165
1.91
2.5351
1.8298
2.2191
2.3766
1.6128
2.3457
2.2677
1.917
1.7502
1.4551
1.3644
2.2108
2.1784
1.9708
2.0018
2.0439
2.3864
1.8851
1.2444
2.1544
2.1807
2.0504
1.7374
1.7118
1.9299
1.1739
2.2507
1.6716
1.7349
2.1821
1.236
2.0277
2.2051
1.3651
1.3053
1.6213
1.4482
1.3944
2.3178
1.5186
2.2387
1.7114
1.8646
2.2534
2.283
2.1532
2.3594
2.1861
2.1791
2.3167
2.3346
1.3574
2.0518
1.9727
2.0485
1.9761
1.9969
1.4023
1.2959
2.0827
2.0688
1.743
2.0942
1.9695
1.81
2.3792
2.2526
1.4234
1.8389
1.7837
2.3763
2.0529
1.6511
2.3881
1.3819
1.3478
2.4567
2.2521
1.5163
1.7272
2.0342
2.0812
1.8987
1.788
2.292
1.3297
1.4702
1.9094
2.4834
2.1009
2.099
1.3742
1.7627
2.2582
1.8272
2.102
1.236
2.2102
2.3616
1.6963
1.683
2.123
1.9553
1.9368
1.8076
2.4789
2.0753
1.4234
2.4022
2.4308
2.0653
1.302
2.0241
2.1822
1.6477
2.4284
1.9583
2.2186
2.0326
2.0963
1.3343
2.3564
2.2481
1.5116
2.477
2.3991
2.1459
1.7224
2.2378
1.3333
2.0465
2.2683
2.3094
1.7645
2.378
2.3832
1.9738
2.3143
1.5617
1.7978
2.3241
1.6691
2.2165
1.2614
2.0219
1.79
1.7071
1.2604
2.3328
1.3167
2.4129
2.1386
2.2228
2.4763
1.2069
2.1781
1.9889
1.4523
2.1564
2.2827
1.8275
2.2569
1.5041
2.3893
2.395
2.4706
2.2542
1.9757
1.8934
1.9457
2.1809
2.3397
2.3321
1.8654
1.9312
1.5732
1.9888
2.0047
2.252
1.5972
2.4325
2.3525
2.4255
1.9145
2.3928
1.7307
2.3736
2.339
2.0028
2.2838
2.2344
1.9363
2.0662
1.7982
1.8717
1.804
2.3306
1.5922
2.3146
1.8007
2.2258
1.7969
2.4017
2.0339
1.3942
1.5972
2.3723
1.5837
2.3201
1.949
1.5283
1.9956
1.4221
2.0111
2.3505
2.259
2.2348
2.0339
2.3858
1.2528
2.004
2.1862
1.5467
1.24
2.0936
2.2521
1.9528
2.1363
2.4354
1.4776
1.3342
2.0813
1.9161
1.9389
2.3395
2.0436
1.5923
2.1422
1.5457
1.878
2.1797
2.1227
1.9392
1.8479
2.1148
2.0422
2.2232
2.0287
2.2542
2.2106
1.3086
1.8344
2.0357
2.2778
2.1016
2.2649
1.9076
2.1866
2.0444
2.2758
2.2891
2.1892
2.295
2.354
1.3026
2.2244
2.1354
1.8354
1.6197
1.4865
1.5492
2.2943
2.0916
2.0183
2.2087
2.4241
2.1522
2.0119
2.1816
2.4087
2.3851
2.4353
2.1565
1.6293
2.1472
1.3201
1.9946
1.8241
1.7931
1.2236
1.8729
2.3483
1.7656
1.8192
1.4961
2.4261
2.0429
2.308
2.341
2.2774
1.9747
2.3203
1.2902
1.8459
2.1086
2.1708
2.3946
2.3769
1.2252
2.0616
2.1787
2.2627
1.5507
2.3149
1.8285
2.3369
1.3713
2.367
2.3984
2.2472
2.494
1.8808
2.3266
1.4961
1.9556
2.3277
2.3048
1.8598
1.4184
2.0946
2.2387
2.4773
2.4238
2.1922
2.3571
2.011
1.2485
2.195
1.3001
1.2671
2.3264
2.0563
2.4332
2.3297
1.9952
1.5183
2.0999
2.1301
1.4645
2.1211
2.0419
2.2113
2.4176
2.0625
2.0119
2.3037
1.8925
1.1934
1.5361
2.0727
2.158
1.7047
2.2177
2.1833
1.7302
2.025
2.1731
2.2452
2.0914
2.1387
2.3788
1.8966
1.6133
2.2986
2.181
1.7265
2.1799
1.4502
2.3787
1.7561
2.0875
1.3334
2.1748
2.1324
2.281
1.8995
2.2564
2.4602
1.8786
2.3472
2.371
2.3668
2.1739
1.2319
2.2164
1.785
1.3576
1.9952
1.9176
1.16
2.119
2.2474
1.784
2.2019
2.0145
2.2457
2.2093
2.3614
2.3879
1.8268
2.1311
1.6854
2.3367
2.1844
1.5466
1.3365
1.9955
2.0233
2.0917
1.9155
1.5939
1.1687
2.4688
1.7749
1.2552
2.2578
2.1013
2.2863
2.0589
2.13
2.1197
1.6274
2.0231
2.3096
2.3498
2.2152
2.2774
2.118
1.622
2.2185
2.2453
2.4218
1.6998
1.9023
2.1278
2.3876
2.3366
1.3375
2.37
2.1686
1.6241
2.3238
1.5566
2.1603
1.6562
1.4555
2.3095
2.2959
2.0557
1.8979
2.2152
1.7349
1.665
2.337
1.8287
2.2584
2.0521
1.8903
2.4102
2.0824
2.2922
1.5575
2.3854
1.6237
1.77
2.2129
2.3127
1.756
1.7629
2.3205
1.3244
1.6417
2.3916
1.9693
1.7012
1.6492
1.505
2.3656
2.2889
2.3032
2.0145
2.1959
2.4057
2.2356
2.382
2.2446
1.4955
2.2163
1.7647
2.0547
1.2174
2.0723
2.4311
2.3141
2.3613
2.3331
1.2628
2.3211
1.9263
1.9821
2.3045
2.4038
2.1546
1.5959
2.1127
1.7458
2.025
2.1448
2.2306
2.3476
2.1648
1.9748
2.0109
1.3235
2.1567
2.1436
2.363
2.2993
1.8142
2.3046
1.9464
1.8952
2.1369
2.0953
1.7154
2.2448
1.42
1.8907
2.1826
2.371
1.6308
1.9859
1.8289
2.1957
1.319
1.727
2.2287
2.252
1.5218
2.1004
1.2366
2.3036
1.3653
2.2304
2.1986
2.2274
2.2846
2.1449
2.3804
2.0999
1.9152
1.4647
2.0346
2.2579
2.2899
1.9741
2.0527
1.6344
2.5004
2.1093
2.3139
1.3498
2.2512
2.0395
2.2319
2.3661
2.4242
1.8283
2.08
2.2046
2.1743
2.3862
1.9871
1.4928
1.5154
1.144
1.8747
2.1884
1.3763
1.8337
2.4118
2.0487
2.1531
2.3716
2.2904
1.3452
2.3728
2.3847
1.719
1.5484
2.157
2.1389
2.3734
1.3439
2.2268
2.0072
1.3435
1.5201
2.3023
2.1366
1.7468
2.2228
2.0237
1.7825
1.6895
2.2905
2.0581
1.4197
2.1711
2.1421
1.318
1.717
1.8273
2.2902
1.5912
2.063
1.8865
1.4494
2.1541
2.1545
1.8337
1.6795
2.243
2.2981
2.2557
2.4024
1.9864
2.3788
1.9785
2.357
1.6345
2.0474
2.181
2.2815
2.3579
1.3199
2.2615
1.7672
1.8369
2.3806
1.8078
1.5336
2.4706
1.6349
2.1574
2.353
1.4416
1.7516
1.3086
2.2112
2.4177
2.2868
2.3514
2.4622
2.2857
2.3451
1.2637
1.3602
2.2766
2.1757
1.3802
2.3913
2.2242
2.1576
2.3608
2.0102
1.8159
2.0325
1.4547
1.3925
2.2674
2.1979
1.4208
2.4182
2.3503
1.2172
2.2669
1.9071
1.9832
1.9055
2.4102
1.9481
1.6914
1.8448
1.6898
2.062
1.2991
2.2655
2.2781
1.8937
1.9641
1.2384
1.7863
2.1725
2.0859
2.2271
1.9386
2.4408
2.066
1.7306
1.6432
1.9207
2.3776
2.1418
2.2245
2.3441
1.9992
1.5506
1.2879
1.2711
1.5433
1.3047
1.4121
2.4038
1.7314
1.9354
2.3481
2.331
2.3449
2.0949
2.2644
2.1214
1.3862
1.8076
1.4262
2.3938
1.4128
2.2914
2.116
1.4309
1.9684
2.3877
2.2416
1.6516
2.0526
1.9004
1.874
1.5572
2.0983
2.3057
1.2583
2.0047
1.4619
2.2332
1.8251
1.9758
1.6094
1.6933
2.0679
1.4257
2.0689
2.2821
2.4685
1.6278
2.0418
1.9188
2.3579
1.6178
2.203
1.7517
2.1353
2.3458
2.0488
2.2254
2.3097
2.3258
1.9083
2.1487
2.478
2.2188
2.2394
1.7869
2.4379
2.3729
2.1176
2.3518
1.8075
1.8356
1.7118
2.2814
1.2888
2.274
2.0943
2.3226
1.6306
1.9642
1.7381
1.9483
1.2393
1.6197
2.3557
1.6314
1.9562
2.2261
2.2203
1.3505
1.9495
2.4277
2.1803
2.0737
2.2603
1.5612
1.9086
2.2308
2.1155
2.0848
1.798
1.3956
1.8787
1.442
2.141
1.753
2.181
1.3277
2.4354
2.2247
2.3447
2.1915
1.3774
1.9232
1.4754
1.9553
1.3689
1.3981
2.1154
2.3775
2.2077
2.1974
2.2134
1.6018
2.0888
1.5203
2.4297
1.8599
2.3546
2.4691
2.3159
1.2691
2.2651
2.4058
1.4773
2.1483
2.1525
2.0409
1.3902
2.2585
1.3891
1.514
2.2909
2.2253
1.8691
2.3827
2.0155
1.3768
2.1913
1.3731
2.1729
2.2171
2.2041
1.8185
2.0324
2.1435
2.3385
1.821
2.1596
1.8258
2.0348
1.2288
2.084
2.2863
2.0659
2.0081
2.2213
1.47
2.0046
2.2032
1.7441
2.0882
2.0735
2.0586
2.3179
2.242
2.3389
2.1942
1.4937
2.1058
1.9948
2.2899
1.48
1.8358
1.3434
2.41
2.2115
2.2908
2.0754
2.2337
2.3498
1.3263
2.4741
2.1281
2.3896
1.9137
1.8486
2.2003
1.9458
1.8072
1.947
1.3824
2.3175
2.0412
1.8194
2.1888
2.4578
2.4747
2.1126
2.3282
1.8181
1.8608
1.4217
2.3666
1.691
1.8938
2.2688
1.73
2.4264
1.8545
2.1646
2.2402
1.738
1.6277
1.4397
2.2783
2.3428
2.044
2.3102
1.6386
2.0998
1.6527
2.3665
2.5072
1.4517
2.3911
2.3361
1.2023
1.8483
1.7671
1.2089
1.6056
1.6199
1.4165
1.2391
1.2289
2.422
2.3092
1.1662
1.9599
1.2885
2.4155
1.5983
1.9536
1.9489
2.0318
1.6525
2.2483
1.5346
2.3052
2.3527
2.34
2.0847
1.9639
2.0209
2.3534
2.2275
2.345
2.2453
2.2313
2.1734
1.8613
2.2694
2.0706
1.9787
2.3698
1.9443
1.6092
2.044
2.0598
2.4272
1.6203
1.6287
2.094
1.6409
2.2514
2.1153
2.1766
1.732
1.4969
2.1598
2.4539
2.2877
1.7671
2.4719
1.3672
1.8145
2.2521
1.9037
2.3685
1.8111
2.0686
1.3485
1.6772
2.143
2.2499
1.9016
2.0471
2.0856
2.3888
1.6893
1.9836
1.2529
1.8197
2.2301
1.3723
1.7947
1.707
2.414
1.1905
1.7248
2.3932
1.947
1.4567
2.2883
1.9367
1.5882
1.7978
1.8251
2.1337
1.6264
2.3515
1.8469
1.9543
1.5285
1.7195
2.192
1.8315
2.0865
1.4246
2.1326
2.4617
1.835
1.9814
1.7675
2.0623
2.3719
2.4149
2.1345
2.1433
2.0405
2.1042
1.3784
2.2
2.1897
2.0803
1.436
2.2076
1.5736
2.2506
2.3112
2.3189
1.2974
2.2613
2.1474
1.8438
2.1392
1.8645
1.9964
2.0758
2.2018
2.2834
1.5398
1.5803
2.0785
2.2762
2.5223
1.4147
1.3677
1.5699
1.2655
1.4318
1.2721
2.1245
1.5349
1.5899
1.2378
1.9534
1.2437
2.2096
2.3245
1.7169
2.2313
1.1802
1.782
2.0459
1.9768
2.1503
2.063
1.7235
1.3834
1.6809
1.1777
2.2658
2.1573
2.3244
1.9893
2.0152
1.6243
1.4798
1.7926
1.6803
2.1995
1.3257
2.3621
1.8926
1.5263
2.1773
2.0369
2.3239
2.2081
2.4045
2.468
2.2737
2.373
2.1616
2.3089
1.7029
2.2386
2.0992
1.7109
2.2425
1.9243
2.2772
1.9327
2.1246
2.1335
2.1825
2.03
1.4758
1.8336
1.2915
2.0726
2.292
2.0776
1.5989
1.5778
2.4313
1.6372
2.1592
2.335
2.3939
2.1851
2.3747
2.4865
2.1004
2.1849
2.1092
2.2721
1.8937
2.1623
2.4275
1.7002
2.3132
1.913
2.2436
2.1628
2.0661
2.0271
1.8552
2.1679
1.9597
2.1298
1.3527
2.3801
2.2967
1.889
1.9812
1.9317
1.2426
1.7565
2.0325
2.1948
1.9259
2.1561
2.1953
2.086
2.3877
2.2776
1.7329
2.23
1.7955
2.2008
1.9375
2.1066
1.9453
1.9661
1.5252
2.1439
1.6197
2.3735
1.2588
2.3198
1.6145
1.2337
2.2732
1.4963
2.2794
2.036
1.9748
1.2145
2.2053
2.432
2.2662
2.3496
2.4358
2.4441
2.0279
2.2523
2.0966
2.2709
1.9997
2.2108
1.1784
1.7407
2.4314
1.7221
1.8896
1.6941
1.4528
1.8874
2.3791
1.7225
2.3249
1.8849
2.0607
2.0165
2.2519
2.2311
1.7166
2.205
1.9755
1.4833
2.2936
2.2188
1.342
1.7025
2.2089
2.4096
1.2208
1.7409
1.4087
2.4453
1.7166
2.0152
1.7823
1.3168
1.9585
2.3474
1.4296
2.3946
2.2575
2.2362
2.4907
2.2383
1.4536
2.3301
2.3725
1.7268
2.3327
2.2952
2.1096
1.4141
2.3405
1.6878
2.3249
2.3011
2.3267
1.4918
2.2739
2.1126
2.1692
1.3138
1.8131
1.5897
2.2857
2.3445
2.2953
1.4604
2.3231
2.1889
2.1714
2.3523
1.9282
2.3198
2.0114
2.2014
1.9007
1.9068
1.9134
1.9218
2.0024
1.7738
2.229
2.1595
1.4337
1.8639
2.1113
1.9236
1.181
1.3565
2.406
2.2447
2.3148
1.9517
2.3586
1.3378
1.5971
2.1932
1.3374
2.0804
1.6488
1.9351
2.2533
1.4441
1.1103
2.0608
1.9365
1.9046
2.1711
1.9011
1.6904
1.5536
1.8653
1.688
2.0713
1.4955
2.532
1.4105
2.2222
2.0534
1.861
1.922
2.2785
2.349
1.5908
1.9857
2.1959
1.9694
2.4563
1.766
2.2259
2.0059
2.2989
2.021
2.0634
1.5191
1.3338
2.147
2.1251
2.2835
2.0169
2.1623
1.5291
1.9013
2.1741
2.2482
1.8981
1.9339
1.8813
1.6101
2.0676
2.3287
2.1468
1.5304
1.5379
1.9272
1.2524
2.0489
1.9248
2.0768
1.9825
2.342
2.1084
2.2967
1.5683
2.118
2.3817
2.0136
2.2746
2.0865
2.1445
1.7255
1.8301
2.4356
2.1826
1.7247
2.1752
2.1473
2.1724
1.927
1.315
2.1925
2.242
2.2315
2.5283
1.555
1.5035
2.1423
2.2352
1.85
1.2084
2.265
2.2863
1.9959
2.1309
2.2963
1.3895
2.2118
2.2949
1.4497
1.2397
2.2156
1.8786
2.2344
2.3686
2.4301
2.1594
1.805
2.3637
2.0251
1.7881
2.2586
1.3034
2.1382
1.3978
2.0167
2.3684
1.8968
2.4029
2.1331
2.2269
1.7615
1.4373
1.4029
2.402
2.1263
2.0925
1.9032
1.7364
1.6295
2.3529
1.8426
2.3973
2.3659
2.3046
2.177
1.7798
1.9155
2.1284
2.2147
1.378
2.0318
2.2484
2.1658
2.3893
2.3768
2.1865
2.3357
1.7488
2.2347
2.1788
2.2991
2.3327
1.8717
1.961
2.0099
2.4467
2.15
1.976
2.0898
2.0555
1.7835
2.2353
1.4156
1.6506
2.2085
1.9093
1.9481
2.2067
2.421
2.4385
2.0537
2.4355
2.387
1.9419
1.9578
2.308
1.8197
2.3265
1.9226
2.3107
1.519
2.3509
1.7073
1.7512
2.4166
1.7329
2.4272
2.2763
2.2005
2.2768
2.1885
1.5247
1.3798
2.3328
2.0791
2.2251
1.6457
2.0167
1.8462
2.301
1.9737
1.8569
2.2107
1.7673
2.2103
1.1761
1.3985
2.2771
2.2791
1.9141
1.9725
1.9816
1.4998
1.5259
1.307
2.1726
2.1127
2.3467
2.3958
1.8672
2.3832
1.8928
2.232
2.073
2.4373
2.3403
2.0495
1.9713
2.0723
2.0556
2.013
1.7223
2.263
2.307
1.8674
1.4973
2.2622
2.4257
2.124
2.3445
2.3805
2.2662
2.4139
1.3819
2.0265
1.5486
2.2968
1.3666
1.8916
1.6684
1.2397
2.1917
2.3685
2.2105
1.4915
1.734
1.9352
1.3014
1.9406
1.7438
1.6369
1.9046
2.2436
2.0124
2.2855
1.3615
1.4379
1.8717
2.018
1.9801
1.7679
2.2249
2.3565
1.8489
2.4301
2.2051
2.0349
1.311
1.912
2.2295
1.6672
2.2602
2.2188
2.358
2.2111
2.0135
1.1828
2.0196
1.8163
2.3708
1.2578
1.2242
2.0926
1.7946
2.1131
2.0959
1.9419
2.1987
2.3614
1.6505
2.0637
1.9829
1.2668
2.2658
2.252
1.4912
2.172
2.0554
1.7314
2.3336
2.2607
1.2089
2.4378
2.0941
2.0834
1.4397
2.2922
1.9295
1.5873
2.3027
1.298
1.8307
2.3305
2.2212
2.2944
2.358
1.8153
1.6606
2.3266
2.4888
1.3921
2.1719
1.9271
2.2115
1.6474
1.5102
1.6575
1.8638
2.0523
2.273
1.5918
2.2643
2.0986
1.4484
1.8246
2.2683
2.316
2.3116
2.1373
1.4031
2.3504
2.3339
2.3745
2.0568
2.0851
2.1238
1.8419
2.4528
2.0409
2.5083
2.4119
2.174
2.3436
2.0656
1.8829
1.7182
1.2174
2.1825
2.3213
2.1028
1.6683
2.1629
1.4683
2.4346
2.2052
2.3106
1.7149
1.8812
1.5662
1.5639
2.1355
1.3837
2.3867
1.8756
1.4335
1.9161
2.3466
2.4156
1.9594
1.7059
2.3707
1.6262
1.8005
2.3276
1.7832
1.5526
2.3613
2.3694
1.7396
2.1435
2.1655
1.4895
2.3864
2.2017
2.3189
1.3882
1.8414
2.1455
1.8301
2.0812
2.0302
2.3039
2.1661
2.1286
2.4289
1.7778
2.141
2.3004
1.3451
1.8658
1.5315
2.0111
1.8732
1.6981
2.2875
2.3324
1.9351
2.2866
2.2146
2.3742
2.2033
1.8514
1.9193
2.2585
2.1921
1.4145
2.0207
2.05
1.7569
1.5114
2.3321
2.3156
1.8656
1.6527
1.2249
1.504
2.2825
1.7095
1.6931
2.0706
2.1718
2.2649
2.3724
1.3807
2.2102
2.4151
1.8344
2.1816
2.0709
2.3245
2.0394
1.8413
2.4188
1.4809
2.0757
1.608
2.3189
2.2695
2.2146
1.2123
2.4002
1.7653
2.209
2.2061
2.1151
2.2312
2.0534
1.8843
2.3339
2.3564
1.8801
2.211
1.8994
1.4104
2.2724
2.0601
1.3918
1.5257
1.1774
2.3627
2.1253
1.8737
2.3874
1.8545
1.252
1.9754
1.9945
2.083
2.0891
1.5817
2.2286
1.2224
1.8567
2.3457
2.0134
1.4684
1.814
1.7458
2.0693
1.6831
1.8566
2.4494
1.2367
2.4631
1.9191
1.7868
1.9611
2.2949
1.198
1.9704
1.6998
2.0952
1.457
1.9841
2.1377
1.4133
2.339
2.2467
2.3537
2.4195
2.2245
2.0695
1.6991
2.3848
1.2452
2.2333
2.4237
2.1757
1.6221
1.9267
2.4233
2.2705
2.317
1.9992
2.3344
1.8966
1.9759
2.1788
2.3494
2.1239
1.8098
2.1151
2.0655
1.6191
1.7651
1.937
1.6051
1.8476
1.9197
2.1705
2.5217
2.0039
1.4983
2.3992
1.3274
2.3428
1.3654
1.9485
1.8435
2.2812
2.2104
1.998
2.3476
2.41
1.7822
2.0145
2.2788
1.684
2.1776
1.2869
2.3073
1.367
2.3569
2.4009
2.1882
1.2937
2.3989
2.2407
2.3539
1.8971
2.1948
2.2883
2.1779
2.2592
2.2
1.9129
1.9666
2.0579
2.2819
1.8418
2.0847
2.2523
1.8623
2.1817
2.3783
1.9549
2.1217
2.1968
2.349
1.7662
2.4189
1.8653
2.1648
1.6602
2.1301
1.9583
2.2122
1.9269
2.197
1.9386
1.2779
1.2657
1.9613
2.0484
1.9815
1.253
2.1196
1.2444
2.3165
1.4404
2.2725
1.9322
1.8457
2.2143
2.0591
1.2768
2.2458
1.4255
1.5804
2.1616
1.488
1.5585
1.3495
2.3348
1.5792
2.2061
2.2438
2.2702
2.0445
2.2144
1.846
1.5461
1.9509
2.2666
2.379
1.7245
2.33
1.8799
1.6069
2.3218
2.2223
2.1185
1.772
2.11
1.3718
2.1758
2.1277
1.887
1.7868
2.2605
2.2364
1.6689
1.7645
1.6696
2.3325
1.6804
2.0322
1.3838
1.9778
2.0525
2.0143
1.2097
2.139
1.267
1.5458
1.8409
2.2275
2.1228
1.3949
2.3242
1.9795
2.348
1.89
2.3517
2.293
2.2744
2.103
2.2421
2.221
2.3153
2.3903
2.0713
2.1477
2.0933
1.4423
2.0895
2.086
2.0309
2.291
2.065
2.197
2.2809
2.2141
1.9927
1.6323
2.0417
2.3494
2.2338
1.6397
2.1581
2.2241
1.9356
2.2838
1.1897
2.1362
1.9841
2.2095
2.418
2.3244
1.8855
2.2178
1.8116
1.5042
1.5541
2.3082
2.3814
1.7185
1.3904
1.2722
1.8255
1.1446
2.1575
2.4509
2.1454
1.8039
2.0466
1.4974
1.4338
1.5729
1.9897
1.8022
1.646
2.2426
2.292
1.8128
2.392
1.3658
2.1907
1.5045
2.3368
1.8612
2.1143
2.4077
2.0587
2.2245
2.1672
2.087
2.2024
2.2288
1.6836
1.7536
1.8179
2.094
1.1794
1.4812
2.3868
1.9966
2.1877
2.4385
2.3443
2.3451
1.8397
2.3752
2.3883
2.3618
2.1359
1.86
2.1186
2.3436
2.3265
2.1318
2.2862
2.078
1.8679
2.3464
1.4942
2.1782
1.5514
2.2166
1.4251
1.5488
2.1411
2.2598
1.7005
1.424
2.3862
1.8594
1.7832
1.5641
2.0297
2.3219
2.2675
2.3558
1.4553
2.2815
2.3094
1.5687
2.2237
2.1015
1.9499
1.336
2.3861
2.0901
1.5827
1.9004
2.1617
2.3254
1.9649
2.1
2.409
2.3716
1.7984
2.4206
1.9934
1.7213
1.2025
2.2977
2.1344
2.3431
2.4787
2.0174
2.3816
1.6526
1.8308
1.4482
1.684
2.2221
1.2582
1.7666
1.3785
2.1205
1.6588
2.0432
1.6674
2.3087
2.0179
2.3129
1.7252
1.7058
2.0654
2.3418
2.1874
1.9855
1.823
1.948
2.4454
1.7757
2.1817
2.3003
1.5766
2.3406
1.7413
2.2429
2.0774
2.0875
1.3744
1.0962
2.2006
2.2265
2.0793
2.2552
2.2206
1.4321
1.4668
1.8401
1.7556
1.8239
1.8602
2.1598
1.5372
1.9891
2.3903
1.9484
2.3197
2.2072
1.9876
2.45
2.0275
2.2517
2.0504
2.3272
2.354
1.6579
2.248
1.7772
1.8376
1.9018
2.1393
2.2735
2.11
2.1402
1.8737
2.2817
2.161
2.2858
2.1687
1.33
1.9061
2.3332
2.26
2.2833
2.2964
1.1439
2.0865
2.2663
2.2468
1.9773
2.1913
1.8081
2.0778
2.1232
1.9735
2.3155
2.3144
2.113
2.2626
1.9449
1.431
1.2802
1.3467
2.0403
1.8539
1.6258
1.9819
2.1094
2.0806
2.3802
2.4063
1.2201
2.333
1.4621
2.277
1.8862
1.9739
1.8535
2.1559
2.378
2.0659
2.4397
1.8989
1.7666
2.343
2.3498
2.1084
1.9723
2.3655
1.2763
2.2713
1.6163
2.3137
1.6771
1.7116
1.9654
2.323
1.8343
2.1209
1.6787
1.5741
2.0198
2.0153
1.9806
2.2187
2.0561
1.6663
2.2843
2.2339
2.1762
1.2057
2.2062
1.8446
1.6027
2.3374
1.7358
2.0877
1.7412
2.0814
1.7492
1.4311
2.2784
2.1138
1.7112
2.2441
2.2218
1.5946
1.9336
1.4356
1.6119
1.8607
1.9279
2.0272
1.9932
2.0393
1.7593
1.4207
2.2941
1.9324
2.2039
2.144
1.768
2.0467
1.8935
1.5241
1.9844
2.3527
1.8071
1.6005
1.8035
2.0855
2.2388
2.2866
2.4215
1.5284
2.1579
2.1992
1.2823
1.8428
2.1157
2.2055
2.4261
1.7122
2.1638
1.4367
2.3669
1.8194
2.4194
2.4446
2.0213
2.3578
2.2125
1.3647
1.5937
2.2552
2.2091
2.4346
2.0474
1.4442
1.67
2.1365
2.2747
1.9302
1.2407
2.0409
1.9858
2.3545
2.2714
2.1673
2.0656
1.5136
1.9292
2.2905
2.1318
1.413
2.3347
2.2865
1.2792
2.3935
2.2678
2.1853
2.2473
2.0052
1.8918
2.1027
1.8109
1.8467
2.1532
2.1327
2.1714
2.0494
2.3477
2.0359
2.0861
2.3014
1.6865
2.3253
1.3802
2.2733
2.3036
1.6315
2.1255
1.8587
1.5896
2.0651
1.5241
1.8827
2.1213
2.1011
1.2555
2.2556
2.2092
1.5033
2.0044
1.9441
2.1569
2.3869
1.4576
2.4242
2.2478
1.2712
1.8293
2.1226
2.3632
2.0191
2.1723
1.5892
1.9241
1.3943
1.5424
1.2564
2.2438
2.2912
1.1873
2.095
1.9559
2.2043
2.348
2.1077
2.0566
1.4966
2.0042
1.7966
2.1059
2.0739
2.2718
1.7327
2.3436
2.2112
1.7985
2.1953
2.3282
2.2431
2.1043
2.2226
2.178
1.5829
2.3866
2.3743
1.5655
1.7838
1.5714
1.9209
1.8894
2.2872
1.6976
1.4167
1.3879
2.0836
2.2428
2.2375
2.409
2.1615
1.7678
1.8149
1.9973
1.4328
1.5378
2.4568
2.0091
1.6847
2.1119
1.2734
1.1404
2.2591
1.6813
2.4055
2.2322
1.6601
2.0109
2.0566
2.3949
2.0878
2.4327
1.3275
1.3195
2.4569
2.2962
2.1307
1.6103
2.0174
1.6938
2.2736
2.097
2.1899
2.2889
2.3122
1.9995
1.7902
1.9697
2.2605
2.2723
2.0223
2.3103
1.7839
2.1975
1.8063
2.2306
2.2471
2.1999
2.3354
2.3232
2.2027
2.0366
1.3374
1.9465
2.4074
2.0812
1.9796
2.5407
2.0888
1.7181
2.1683
1.3199
1.2107
2.1401
1.765
1.6105
1.8955
1.5198
2.2906
2.116
2.2327
2.3545
2.1392
2.306
2.3814
1.5141
2.2135
2.2488
2.452
2.223
1.6392
1.8903
1.8483
1.3042
2.1894
2.0721
2.1678
2.2744
2.0022
1.9056
1.6091
2.4645
2.2762
2.3593
2.2526
2.2932
1.8682
2.2512
2.2079
2.0649
1.3969
1.3749
1.9492
2.2214
1.6283
1.5907
1.9998
2.2607
1.4856
2.3069
1.8024
1.9374
1.7417
2.3231
2.1662
1.5803
2.2092
2.3162
2.0554
2.3169
1.2699
1.3497
1.9733
2.336
2.0846
1.846
1.9522
1.2157
2.1131
1.9183
2.0209
1.923
1.508
1.9218
2.3561
1.6327
1.8589
2.1528
1.5972
2.4151
2.23
2.1588
1.8572
2.178
2.3115
1.376
2.0793
1.934
2.302
2.4254
2.2029
1.9106
1.8813
2.0406
2.0833
1.8009
1.5492
2.1141
2.0559
2.1562
1.7209
2.3005
2.2242
2.1997
1.8846
1.7685
2.1687
2.1068
2.2144
2.1305
2.3662
2.1005
2.0606
1.9293
2.1441
1.6663
1.9691
2.0249
1.8188
2.3167
1.9158
2.1169
2.2009
2.2139
1.9625
2.106
2.398
2.4128
2.3299
2.2017
1.5554
2.1019
2.3649
2.0094
2.1169
2.258
2.1471
2.1221
1.6228
2.0724
2.0454
2.0498
1.7898
2.1757
2.1801
1.954
2.0063
1.9012
2.398
1.642
1.9024
2.1586
2.1779
2.3949
1.4744
2.4314
1.8755
2.2547
2.4344
1.6604
1.8922
2.3496
1.4008
2.1002
2.2749
2.1433
1.5953
2.2703
1.1297
2.3012
1.9883
2.2083
1.7278
1.6066
2.0874
2.2146
1.8397
1.597
2.1193
1.3453
1.9021
2.0439
1.8601
2.3109
2.009
2.313
2.0757
1.9368
2.2214
1.9622
1.8098
2.3242
1.7311
1.5218
2.1953
1.9655
2.3109
1.7245
1.7786
2.3715
2.2023
1.3386
2.3115
2.2793
2.2078
1.3219
2.3418
2.1948
1.6622
2.3033
2.2535
2.0876
2.2303
2.0671
2.4027
1.7088
1.6817
2.2682
2.0569
2.4062
2.3054
2.1668
2.0963
1.7943
1.4149
1.8738
2.319
2.2
1.529
2.092
1.4787
2.3477
2.1075
1.9189
1.8284
2.0977
2.1541
2.1529
1.9026
1.2393
1.4678
2.3597
2.331
1.4361
2.3069
2.0839
2.0088
2.0189
2.2611
1.9932
1.7456
1.7207
2.1286
2.0855
2.1761
1.9079
2.0221
1.941
1.8715
2.3423
1.6274
2.2695
2.2392
2.2753
1.209
1.7879
2.0342
1.9983
2.0548
2.2344
2.0603
2.1773
1.8183
1.5442
1.4852
1.4536
1.7591
1.9156
2.2541
1.8758
1.952
1.5292
1.6074
2.0409
2.4172
2.3047
1.9008
2.1961
2.2082
2.2868
1.2219
1.8236
2.2092
1.7972
2.1491
2.322
1.5878
1.308
1.8773
2.2386
1.8809
1.1937
1.3529
2.2013
2.3538
2.295
1.9468
2.0905
2.1036
2.0829
2.1913
2.2704
2.1852
2.4133
1.794
2.414
1.9136
1.602
1.3805
1.7874
1.963
2.2031
1.9142
1.9956
2.2065
2.4161
2.0036
2.1095
1.8996
1.7837
1.2257
1.3097
1.3836
2.0686
2.1837
2.2019
2.2285
2.3783
1.9728
2.1186
2.307
1.8818
1.1823
2.033
2.2112
2.3258
1.9402
1.5411
2.3988
2.4108
1.6271
2.2264
2.1075
2.3466
1.5917
1.1975
2.2028
1.8536
1.9166
2.4637
2.4635
2.132
2.1338
2.0513
2.0187
1.4716
2.0965
1.9383
1.3191
2.3861
2.1167
2.2374
1.5932
1.9729
2.1333
1.926
1.253
1.4481
1.6776
1.5301
2.0962
1.9691
2.0092
2.1451
2.3055
1.8926
1.7857
2.1923
2.3803
2.0911
1.9873
1.7325
2.1514
1.86
1.3407
2.304
2.101
1.7838
1.1448
1.4528
1.3228
1.5929
1.3731
1.7104
2.2496
1.8027
1.9371
2.3335
2.0379
2.4046
2.176
2.3639
2.2469
1.5444
2.2503
2.1989
2.2181
2.1678
1.9131
2.3974
1.8455
2.2421
2.367
2.1718
2.3099
2.2241
1.5185
2.0106
1.605
2.3276
1.2378
2.2617
2.0919
1.7789
2.3781
1.4347
1.9901
2.0676
2.1734
1.274
1.84
1.2945
2.4589
2.0537
1.9997
1.1626
2.3177
1.8983
1.9661
2.0191
2.2641
2.1866
1.9337
1.7182
1.563
2.1327
2.0298
2.1978
1.5598
2.2618
2.1022
1.6288
2.3565
2.2614
1.9976
2.0155
1.7664
1.829
2.3948
2.1898
1.8581
2.1065
2.4139
1.2236
2.0104
2.3891
2.4618
2.2264
2.0813
2.2874
2.1895
2.0964
1.5026
2.0961
2.2504
2.3366
2.4079
1.3797
1.4278
1.476
2.3684
2.322
1.7039
2.3303
1.6228
1.6653
2.2204
1.6934
2.0994
2.2821
1.8991
2.3808
2.1703
2.3178
1.4785
2.1031
1.3962
1.584
2.098
2.1261
1.8946
2.1018
1.9537
2.3758
2.1652
2.2649
2.3008
2.139
2.2392
2.1996
2.2295
1.9462
1.8286
1.2971
2.1249
2.0789
1.7689
2.3707
1.9905
2.1465
2.0865
2.3257
2.1291
2.0455
2.0969
1.4254
1.7273
2.0437
1.5743
2.1145
1.8604
2.2041
2.2498
2.1117
1.7029
1.9358
1.9478
2.2553
1.4604
1.8737
2.2625
2.1226
2.3224
2.1838
1.9245
2.0759
1.7363
2.36
2.2737
1.9856
2.0632
1.9608
2.3855
2.3364
1.8804
2.3404
1.9859
1.8838
2.2975
2.2147
1.5948
1.7843
1.9819
1.3615
1.3714
1.8309
1.2969
2.1452
2.1098
2.1145
1.515
2.0158
2.1715
2.196
1.3914
2.0149
1.9375
2.1659
2.3067
1.6454
2.0415
2.3633
1.5557
1.8554
1.5209
2.1291
2.3224
1.556
1.9982
1.6151
2.0273
2.0476
1.9251
2.0169
1.8777
1.2619
1.7328
1.9588
1.338
1.6996
1.8863
2.1172
1.3532
2.196
2.1677
2.3804
1.708
2.1457
1.9502
2.3562
2.3178
1.847
2.3363
2.0977
2.3014
2.2444
1.232
2.3418
1.2889
1.3716
2.0265
2.2421
2.3042
2.0318
2.2263
1.5791
2.3234
2.2596
1.2216
2.2579
2.0391
2.0827
2.0771
1.2299
2.4177
2.2322
2.2493
2.4173
2.4373
1.4662
1.3417
2.1223
1.6198
1.6563
2.2585
2.3554
1.7388
1.7152
2.2369
1.2017
2.3207
2.2092
1.7111
2.1914
2.2297
1.4868
1.9401
2.2891
1.2847
2.37
2.3263
2.1217
1.9538
1.747
1.2612
1.692
2.0152
2.0124
1.7249
1.1745
2.2282
2.4875
2.3461
2.2513
1.9521
2.2224
1.7864
1.7667
2.4183
1.6936
1.3733
2.1069
1.3231
2.1383
1.3668
2.0438
1.2879
2.0419
2.2572
2.3827
2.0722
1.6775
2.3059
1.2866
2.3302
2.2432
2.2302
1.7737
1.4327
1.5258
2.0148
1.7481
2.0958
2.2529
1.7961
2.0893
2.0992
2.2782
2.3961
2.1013
2.3992
2.0994
1.8183
1.9455
1.8132
1.656
2.0332
1.8112
2.2869
1.8874
2.244
2.1306
2.3148
1.7305
1.9887
1.5384
1.5455
2.321
2.2885
2.3167
1.4025
1.6866
1.8981
1.8613
1.7848
1.3229
2.2992
2.182
1.5235
2.3297
2.2782
2.1948
1.7559
1.5343
2.1137
2.1509
1.6466
2.3881
1.5099
2.1787
2.2165
2.3534
1.413
1.3474
2.1161
2.1597
2.2589
1.4169
1.3363
1.8152
2.2168
1.9483
2.3731
2.3965
1.4889
2.1064
1.7218
2.0728
2.1348
1.4472
2.1919
2.374
2.4526
1.5513
2.0603
2.1781
1.9979
2.3499
2.258
2.2842
1.7741
1.2696
1.7894
2.06
2.125
1.6754
1.8755
2.0104
1.7806
1.9193
2.1487
1.5322
1.9513
2.0418
2.2199
1.9445
2.3247
1.484
2.0271
2.2274
1.7202
2.1219
1.9025
1.4477
1.9338
1.4398
1.4035
2.3427
1.7269
1.615
2.2022
1.4659
1.6392
1.7994
1.7993
2.149
2.3657
2.2123
2.1564
2.5079
2.1577
2.1776
2.0265
2.2194
1.8371
2.0373
2.1919
2.2976
2.0566
2.4033
2.2252
1.891
1.9776
2.2871
2.2434
2.1625
2.0623
2.3963
1.9454
2.1773
1.3274
1.8913
1.6849
1.8244
2.1543
1.3327
2.0978
2.3198
2.3784
2.2548
2.2707
2.2693
1.7796
1.4157
2.3574
1.721
2.2364
1.6488
1.7707
2.3205
2.1148
1.8553
1.2481
2.1448
2.0462
1.8956
1.8398
2.0909
1.7596
1.7992
2.2106
2.1447
1.6731
1.806
2.3878
1.9535
2.3817
2.3019
2.3143
2.4693
2.242
2.2514
1.4146
1.7465
1.8703
1.9697
1.7254
2.0177
1.7465
1.7001
1.4259
2.2231
1.9212
1.2598
1.8639
2.2133
1.7568
2.2423
2.1024
1.7802
1.9532
1.3228
1.5905
1.6974
1.2569
1.5852
2.166
1.7312
2.0204
2.2945
2.2254
1.3141
1.9016
2.5319
2.1745
1.3088
1.3396
1.9982
2.0152
1.3607
1.9606
2.1193
2.3415
2.1842
2.2727
1.4725
2.341
2.1202
1.9711
1.977
1.5328
2.2888
1.4425
1.5575
1.5529
2.3344
1.9325
2.3373
1.8266
2.2154
1.3738
2.0393
2.3424
2.0819
2.1346
1.7665
2.255
1.1696
2.0044
1.6619
2.1767
2.1352
2.1386
1.7993
2.187
1.9185
1.3589
1.9047
2.3319
1.1586
1.7116
2.1909
2.3134
2.1167
2.2049
2.1385
2.439
1.9468
1.5289
2.4855
2.4665
2.129
2.0485
2.3436
1.9994
1.7609
2.1043
2.1953
2.1117
2.196
1.7324
1.9251
2.3941
2.0115
2.2581
2.4241
1.6378
2.2002
1.6992
2.4019
2.2207
2.1974
1.9181
2.3311
2.2327
1.4499
2.383
2.2732
1.6054
1.9882
2.0154
1.6001
2.3283
2.494
1.7546
2.0079
2.2957
2.3158
1.4098
1.8078
2.4252
2.2434
2.1063
2.1608
2.4019
2.2854
2.1699
2.3434
1.9101
1.728
2.4176
2.2575
2.2734
1.8749
2.0189
1.8326
2.3822
2.2318
1.9851
2.4468
1.7187
2.1637
2.3407
1.6745
1.8847
1.9052
2.1735
1.4968
2.459
2.4292
2.3045
2.1725
2.2745
2.185
2.452
2.2585
1.411
2.2352
1.6077
1.5116
2.2292
2.0523
2.1693
2.1915
2.2893
1.7721
2.3615
1.8184
2.1195
1.4045
2.1763
1.737
2.1333
2.3033
1.4149
2.1396
2.4013
2.1177
2.0097
1.6785
2.1406
2.2133
2.2402
2.3473
2.543
2.1481
2.2811
1.9993
2.2204
1.4171
2.2485
1.3863
2.266
2.1023
1.9356
1.5419
1.5055
2.0334
2.1109
2.0443
2.1587
2.2136
2.0022
2.2954
1.8275
1.3256
2.1016
2.1354
2.4195
2.3952
1.9698
1.9201
1.9257
2.2479
2.2217
1.7366
1.7692
2.364
2.2105
1.7293
1.9808
2.2509
2.2869
2.0927
1.6545
2.4196
1.9374
1.6994
2.3636
2.1109
1.4842
1.8477
1.7838
1.2885
2.2772
1.229
1.4653
2.1754
1.938
2.2905
1.2811
2.1332
1.9022
1.8408
2.3117
2.4051
1.8838
2.2406
1.5324
1.8682
1.2477
2.1667
2.1992
2.1656
2.3577
1.9982
1.4979
2.1506
1.4857
1.5063
2.3557
2.2235
1.5442
1.9773
2.255
1.7631
2.0218
1.1694
2.0332
2.1064
1.7008
2.0809
1.5797
2.0278
2.0921
2.0949
2.0165
2.4045
2.0662
2.2723
1.7257
1.7998
2.4007
1.9299
1.8066
2.0502
1.7278
2.1481
2.2554
2.3994
1.7219
2.2507
2.4201
2.37
1.4189
1.8224
2.2282
2.1532
1.3865
2.2086
2.1655
2.2077
1.7428
1.6815
2.1212
1.5554
2.0452
1.2934
2.2725
2.2542
2.0314
2.3571
2.2775
2.3472
2.185
2.165
2.2928
1.4015
1.4571
2.0978
2.1552
2.2173
1.8278
1.4264
2.3293
2.1312
1.4715
2.1003
1.3055
2.07
1.973
1.5036
1.5443
1.3983
2.295
1.7432
1.9827
1.5804
1.4064
2.1558
2.2177
1.905
2.3177
2.31
1.7051
2.2745
2.4555
1.9629
2.2285
1.9756
1.7233
1.3569
1.8407
1.1757
2.3587
2.416
1.536
1.4104
2.0455
2.2071
1.9723
2.3657
1.7534
1.2589
2.243
1.7124
2.2661
2.3393
2.5101
1.8879
1.9617
2.4158
1.3474
2.0072
2.3407
2.1124
1.511
1.6518
1.2773
1.8321
1.8213
1.5954
1.5529
1.8987
2.4631
2.3412
1.8723
1.366
2.329
1.9995
2.3498
2.1544
2.3735
1.82
1.3738
2.4834
1.3932
1.5199
1.7927
2.3737
1.369
1.4822
1.8515
2.3758
2.0237
1.8629
1.6646
2.1288
2.3496
1.9011
2.1758
2.3896
2.0541
2.0517
1.2989
1.9007
2.0666
2.4316
2.2737
2.2776
2.2583
1.9264
1.7798
2.4393
1.4051
2.0869
1.9034
1.8807
1.9445
2.1691
1.4695
1.5893
2.3427
1.4088
2.2265
2.3975
2.1122
2.1524
2.3631
1.7026
1.319
2.2731
1.9823
1.9598
2.1491
2.175
2.4033
2.1476
1.3349
2.1088
2.1604
2.2884
1.885
1.6547
2.323
2.1625
1.7457
2.0704
2.186
2.5348
1.5873
1.9074
1.1975
2.2633
2.3457
1.3406
2.2406
2.1857
2.24
2.2582
2.1593
1.5697
2.0237
1.6233
1.6435
1.8639
1.4269
1.8475
2.078
1.3839
1.8561
2.2952
2.0666
1.9429
2.4114
2.1712
2.3594
2.0068
2.3612
1.5326
2.2129
2.1598
2.3187
2.3296
1.9491
1.643
1.5774
1.9616
2.0526
1.6935
1.4682
1.6087
2.2836
1.3216
2.0315
1.6364
2.132
2.2024
2.0336
2.3471
2.3687
1.7677
2.2418
2.0424
2.2363
2.2199
1.6579
2.1189
2.2429
1.9898
2.0364
2.0858
1.937
2.2221
1.7993
1.5856
2.2648
2.2202
1.6391
2.3785
1.7284
1.8376
2.083
1.7674
1.3633
1.7069
2.3716
2.1329
2.0228
2.4585
2.3509
1.4922
1.9759
2.1358
2.4073
2.0275
1.5656
2.2559
1.4602
2.2495
2.1226
2.3632
2.2183
1.8697
2.3205
2.0508
2.0822
1.5013
2.3974
1.7461
1.5676
2.3751
1.5376
2.0197
1.4687
1.8735
2.3521
2.2786
1.755
1.3337
1.8619
1.9592
2.0164
2.2239
1.4308
2.3238
2.3408
1.5225
2.1732
2.2457
2.201
2.1139
2.2909
2.1971
1.3943
2.1206
1.4548
2.2003
1.9988
2.0697
2.4313
1.5576
2.301
1.4725
1.5434
1.8233
2.1696
2.348
2.1563
2.0667
2.057
1.4215
1.711
2.3685
2.0528
2.3608
2.3196
1.6594
1.4308
2.0186
2.0808
1.3555
2.2065
2.0431
2.3824
2.0009
1.6955
2.2694
2.1151
2.1579
2.0305
2.3686
2.3592
2.0148
1.4284
1.9476
2.0346
1.367
1.9135
2.2351
1.8054
2.3219
2.0142
2.3575
1.7839
1.9983
1.337
1.8931
2.3702
1.9478
2.3786
1.9026
2.2234
2.1733
1.3447
1.3093
2.0978
2.3217
1.3305
1.9519
1.3928
1.9655
2.3196
1.5315
2.403
2.2914
2.4129
2.2274
1.4723
1.7588
1.7854
1.9479
1.9011
2.3212
1.4341
2.2161
2.5011
2.1483
2.3168
1.2804
1.6063
1.4097
1.2939
2.2009
2.141
1.3293
1.9981
2.1831
1.9935
1.5176
1.4114
1.7562
1.6297
1.2752
1.4015
1.7901
1.9989
1.843
2.1942
1.6521
1.7714
1.9655
2.3528
1.2472
2.4233
1.9404
2.1194
1.7825
2.0194
1.631
1.5332
2.349
1.8069
2.0125
1.4732
1.5089
2.3541
2.3507
2.0587
1.8621
1.6482
2.0905
1.8853
1.6619
2.2472
1.5941
1.9718
2.1075
1.7735
2.3083
1.8965
1.8874
2.0422
2.2702
2.1456
1.7645
1.9042
2.2811
2.0371
1.7047
1.8045
1.8682
2.0632
2.0982
1.4026
1.9307
1.5181
1.6732
1.3462
2.3656
2.2633
1.8626
2.2235
2.2699
2.4078
1.6749
2.4046
2.0454
2.3448
2.2772
2.1605
1.7859
1.4543
2.1601
2.3677
2.1341
1.7945
2.1043
1.227
2.2213
1.6507
2.1824
2.2538
1.7165
2.2443
2.1094
1.7582
1.3489
2.1325
1.6047
2.0491
2.0756
1.6066
1.8178
1.4535
2.1299
2.3921
2.0489
1.5682
1.6309
2.2954
1.5214
2.1538
1.2826
2.4065
2.3207
1.9961
2.1114
2.0628
2.0877
1.6844
2.3468
2.2781
1.9303
2.2156
2.0841
1.2634
1.9455
2.336
1.5907
1.5257
1.5274
1.9478
2.1861
2.1807
1.8215
1.978
2.333
1.8147
1.9211
1.5536
2.2866
2.2937
2.1098
1.877
2.1279
1.8975
1.5916
2.2067
1.3845
2.3692
2.2833
1.4233
1.7881
1.8741
1.7582
2.3301
1.5736
1.4963
2.3074
2.2077
1.6255
2.1189
2.2237
1.7192
1.3006
2.3408
2.2811
2.1237
2.4134
1.8652
2.0121
1.9794
2.0953
2.1135
1.984
1.6173
2.2027
1.4474
1.6239
2.2576
2.058
2.0879
2.0634
2.1912
1.683
1.8335
2.2234
1.6338
1.1861
1.7115
2.2223
2.289
2.3234
2.1243
1.8675
1.8521
2.2057
1.8575
2.4201
1.4925
2.2585
1.2844
2.2557
1.3152
1.5822
1.7998
1.3905
1.9168
1.7498
2.2343
1.7752
1.7514
2.3752
1.4744
1.9651
2.1895
2.3117
2.3748
1.6431
2.4054
2.4443
1.9008
2.1412
2.4399
1.8281
2.1064
1.9793
1.9081
1.7811
2.3641
1.7448
1.9188
1.2888
1.5123
1.993
2.2143
1.601
2.2982
1.9146
1.7941
2.1132
2.1361
2.1158
1.6919
2.4155
1.9556
2.2665
1.2125
1.832
2.1538
1.709
2.1927
2.2538
1.8951
1.7137
1.8289
2.2101
2.2673
1.8169
2.0036
1.7852
2.3308
1.8043
1.5478
1.7742
2.0626
2.1984
2.021
2.2797
1.918
2.1054
2.2326
1.8914
2.1749
1.4237
1.3802
2.2289
2.3991
2.4166
1.8806
2.0069
2.3217
2.2304
1.9314
1.7887
1.9999
2.0845
2.1051
1.5753
2.1944
2.341
1.4023
2.2386
1.6784
1.7951
1.1375
1.6786
1.6607
2.18
2.1391
1.6375
2.1701
2.0522
2.2175
1.2857
1.6858
2.3458
2.3586
2.0317
2.3022
1.3985
1.7008
1.5285
1.9239
1.4463
2.3805
2.0488
1.661
1.7721
2.1619
1.3888
1.8769
1.2861
1.9442
2.3113
2.3112
1.874
2.0443
1.8252
1.5393
2.4497
2.4102
1.9276
1.4849
2.1154
1.9988
2.0906
2.3433
1.3947
2.0995
1.5342
1.5818
1.6558
1.8476
2.1023
2.2994
1.8139
1.796
2.2155
2.4086
1.908
1.2842
2.2361
2.167
2.0161
2.0522
1.5336
2.0966
1.8492
1.196
1.4404
2.0742
2.3939
1.6567
1.4943
1.8947
2.0775
1.7012
2.4028
2.0506
2.5289
1.3298
2.0418
2.2587
2.3593
2.1667
2.5054
2.1218
1.423
2.3538
2.1035
2.4249
1.8749
2.3784
1.8207
2.4371
1.3547
2.2068
1.2964
2.3403
1.269
2.4356
2.3486
2.1746
2.1477
1.7144
1.6988
2.1281
2.0914
2.164
2.0367
2.355
2.4276
1.3551
2.4146
1.9072
2.2496
1.242
2.3029
1.9226
2.3719
2.074
2.2233
2.1682
2.3082
2.4625
2.2027
2.266
1.8377
2.1528
2.35
1.4765
2.2199
1.5317
1.6056
1.7903
2.1551
2.264
2.4925
1.7046
1.8909
1.2109
1.2257
1.2236
1.3686
2.3264
2.1721
2.2872
2.1635
1.7425
2.3928
2.0063
1.6535
2.164
1.9407
1.3839
1.269
1.9025
1.6473
1.8415
2.3894
2.4093
1.3191
1.2616
2.3788
2.27
2.3929
2.0597
1.9418
2.1177
1.9429
2.1537
1.5991
2.2774
1.9124
1.9463
2.138
2.2347
2.2978
2.2864
1.9716
2.3579
2.0265
1.9926
1.9585
2.2589
1.4205
2.0684
2.2668
1.7922
2.2281
1.2905
1.3722
1.4623
1.4672
1.5073
2.3451
1.5974
2.283
2.2352
1.9574
2.2823
2.1791
2.4366
2.2075
1.8573
2.124
1.8175
1.7562
2.2262
1.3038
2.2601
2.2422
1.4074
1.8179
2.0261
1.8171
2.3806
2.1733
1.7387
1.8739
2.3264
2.1574
2.1019
1.4939
2.3951
2.2302
2.3029
2.1282
2.0006
2.4032
1.4038
1.785
2.2832
2.2521
2.024
2.1328
1.204
1.644
1.4153
2.0439
2.0592
1.5315
2.2075
2.2711
2.4559
2.3013
2.4653
1.5985
2.4877
1.7164
2.2002
2.003
2.1855
2.2106
1.9533
2.4428
2.0337
2.2676
2.0235
1.4886
1.2816
1.3191
2.2691
1.9797
2.0047
2.2821
2.3228
1.6139
1.8807
1.8038
1.5673
2.2774
2.3345
2.1485
2.1238
2.1302
1.5372
2.2097
2.2815
1.6563
1.6928
2.0637
2.2444
2.145
2.1383
1.9221
1.6435
2.4241
2.1417
1.2741
1.9649
2.0298
2.2144
1.977
1.5956
2.3808
1.6451
2.1321
1.9677
2.2473
1.9995
2.1253
2.2638
2.2784
2.4624
1.5355
1.3636
1.4618
1.9804
1.8422
2.1907
2.2262
1.3551
2.1122
1.5062
2.3759
2.2511
2.0302
1.8912
1.934
1.8722
2.1129
2.1815
2.038
1.8935
1.4812
1.7923
2.3086
2.3268
2.1737
2.2013
2.1431
1.7619
2.1623
2.3464
2.1465
2.4016
2.3129
2.3594
1.6338
1.4806
2.1283
2.3526
1.4632
1.5607
1.684
1.2678
2.3722
1.8258
2.1803
1.5579
1.93
1.3052
2.1511
1.6613
2.0028
2.3429
1.5999
1.952
1.7751
1.7622
1.541
1.5723
2.3189
2.4034
2.0678
1.4098
2.0198
1.8873
2.2638
2.2508
2.2195
2.268
2.3721
2.3735
2.062
1.9485
2.262
2.0435
1.6266
1.8688
2.1991
2.1175
2.1308
2.118
1.8181
1.8998
2.1751
1.7315
2.281
2.1124
1.3057
1.1722
2.1012
1.3517
2.1178
2.138
1.6947
2.3084
1.4597
2.1344
2.2797
2.3419
1.7256
1.793
2.3484
2.1204
2.2281
1.2436
1.3904
1.5783
1.9533
2.3287
1.9283
1.3321
1.7968
1.7453
2.2943
1.098
2.0792
1.9664
2.1819
1.7137
1.2419
1.6772
1.5316
2.3609
1.2208
2.4136
2.0581
1.4478
2.336
1.3333
2.1522
1.1962
1.6886
2.2706
1.7459
1.7141
1.4529
1.907
1.9685
2.368
2.289
1.761
1.922
2.1905
1.3261
2.3238
1.4432
2.2892
1.4256
1.95
1.4445
2.3479
1.67
1.6125
1.3647
2.2305
2.3134
1.8657
2.1188
2.0714
1.7745
1.3263
2.2526
1.9164
2.1176
1.83
2.2719
2.1198
1.2238
2.2616
1.49
1.4382
2.0408
1.3117
2.35
1.6562
1.8738
1.9205
2.2743
2.4082
2.316
2.1768
2.3695
1.9297
1.9961
1.914
2.1552
1.2673
2.0536
2.0279
1.9578
2.1376
2.1687
1.7913
2.2432
2.1817
2.3184
1.2843
2.2128
2.2193
1.7848
2.3572
1.4782
2.1875
2.1645
2.3492
2.2879
2.0177
2.22
1.7418
2.1867
2.053
1.8702
2.3208
1.8032
2.1197
2.0415
1.9684
2.2617
2.173
2.0285
1.9489
2.2872
1.9059
1.1289
1.4959
2.2975
2.2065
2.2544
2.3292
1.9266
2.0752
2.3022
2.1318
1.971
1.8128
2.3631
1.354
2.1425
1.979
2.2179
2.2001
2.086
2.3272
1.8064
2.3147
2.0762
2.175
2.0841
2.4827
1.5302
1.4091
2.3097
2.2547
1.5754
2.3066
2.2018
2.3766
1.534
1.2693
1.9997
2.1692
2.2597
1.9788
1.8428
1.9464
2.2813
2.2375
1.8494
2.3105
1.9668
2.3019
2.0898
1.4035
2.0333
1.4385
2.1731
2.1863
2.2044
1.5463
2.1623
1.9562
2.3764
2.2366
2.3021
2.3298
2.36
2.0302
1.3606
1.8604
2.1475
2.1365
2.4547
1.4309
2.3223
2.3734
1.5712
2.1456
2.353
2.3445
1.7597
1.3949
2.261
2.3112
1.3345
1.2329
2.1446
2.3846
2.1256
2.3021
2.3729
2.2065
2.3311
1.9414
2.2718
2.3704
2.0603
2.363
2.0053
2.1241
2.2401
2.251
2.0365
1.8388
1.9749
1.1732
2.3005
2.013
1.2905
2.2251
1.3264
2.2537
2.0954
1.8067
1.4572
2.2505
1.4494
1.3905
2.3566
2.1161
1.6093
2.2366
2.4714
2.4093
2.3345
1.2066
2.3826
2.352
2.2312
1.2397
1.2937
2.3501
1.9055
2.0164
2.4603
1.8587
2.2056
1.4165
1.446
1.9914
1.7493
2.1442
1.4757
2.2938
2.2724
2.165
2.2276
1.1728
2.0667
1.897
1.4604
2.1931
2.3476
1.7826
2.3918
2.1512
2.3427
1.6826
1.19
1.7229
1.5146
2.1924
2.3444
2.1542
2.2384
1.324
2.1898
2.3878
1.9908
1.9983
1.7331
1.9202
2.2388
1.5614
2.127
2.197
2.055
2.2639
1.387
1.748
1.313
2.3521
2.2585
1.9482
2.2289
1.6265
1.5835
2.1424
2.3263
2.009
2.3518
2.2376
1.6343
2.226
2.0793
2.2734
2.0239
2.3945
1.8616
1.6707
1.9925
1.4837
2.1343
2.2355
2.3734
2.106
2.2744
2.2554
2.2001
1.2476
1.857
1.675
1.9484
1.2236
2.1895
2.4312
1.2925
2.434
1.9536
2.1358
2.4272
2.0626
2.341
2.3532
1.2301
2.434
1.9447
2.2334
2.119
2.3899
2.4189
2.08
2.3295
2.0093
2.2351
2.3764
2.0571
2.2084
2.3382
1.974
2.2677
2.3173
1.9004
1.4467
2.2472
2.1802
1.3183
2.211
2.3323
1.5727
1.7523
1.2024
1.9457
1.2263
1.9939
1.9078
2.3659
1.2079
2.3111
2.0522
2.2263
1.5362
2.3411
2.0331
1.3185
1.678
2.1045
2.0668
1.8388
1.299
2.0877
1.9159
2.1783
2.2865
2.2602
1.7359
2.1867
2.0698
2.1805
1.6573
2.2443
1.3809
1.4649
1.6586
1.7481
1.9493
1.892
2.4389
1.5385
1.5134
2.2249
1.6733
2.0568
2.0377
1.7359
1.5146
2.1138
2.1164
2.373
1.506
2.3274
2.0185
2.328
2.1605
2.2129
1.9995
2.1968
2.3273
2.0788
1.6659
2.2191
1.3371
2.3623
1.9146
2.372
2.2589
2.3444
2.483
2.0137
2.3649
1.5543
1.4335
2.3598
1.5304
2.1309
1.5655
2.3625
1.4082
2.0804
1.794
2.3819
1.9389
2.1945
1.7732
1.8737
1.445
2.4227
2.0667
2.3203
2.1352
1.7128
1.5001
2.2114
2.2782
2.1797
2.3867
2.0651
2.0588
2.1353
2.1514
1.658
2.1953
2.3238
1.9859
2.0278
2.4521
1.5977
1.8329
1.7356
2.077
2.1568
2.4021
2.4245
2.3471
1.3501
1.471
1.8194
2.4515
2.0905
2.2575
1.3129
1.4871
2.3575
2.2994
2.1726
2.1213
2.301
2.2429
2.0771
2.3867
1.5304
1.2845
2.1197
2.1642
2.1295
1.9953
1.5241
2.1209
2.0593
2.2159
2.2933
1.5213
1.5901
1.5881
2.2645
2.2582
1.9225
2.1033
1.3678
2.2419
2.0338
2.0705
1.2013
1.5409
1.38
1.7786
1.9009
2.4189
2.1847
1.5115
1.4582
2.1065
2.1292
1.93
1.9902
1.8416
2.3249
2.2697
1.6004
1.8623
1.8665
2.405
1.3669
2.3401
1.2777
2.1352
2.1625
1.8359
2.2504
1.6288
2.3945
1.9593
2.4201
1.5379
2.2697
1.9325
2.1504
1.8663
2.4018
1.9733
2.1739
1.1921
1.525
1.933
1.8088
2.4302
2.3311
2.025
2.2842
2.4413
1.7525
2.3652
2.2659
2.4527
2.1886
1.9013
2.1057
2.1063
2.4566
1.8354
2.1817
2.3558
1.9916
2.4351
1.5343
1.4088
2.2401
1.5504
2.035
1.8364
1.8482
1.1987
2.3154
1.922
2.4368
2.2031
2.0151
1.8161
1.5816
2.3406
2.2788
2.349
1.6036
1.9602
1.8293
2.1772
2.4794
2.1839
2.2228
2.2885
1.6026
1.6503
2.2779
2.4318
1.6
2.1283
1.5
1.7206
1.3123
1.7293
2.2936
2.3368
2.3907
1.3893
2.3945
2.1767
2.1595
1.8923
2.0504
2.2822
1.8714
1.3756
1.5361
2.2284
1.2691
1.4987
1.8748
2.0337
1.5676
2.1213
1.2854
2.0235
1.9742
2.3813
1.5553
2.0077
2.4515
2.0108
1.8615
2.1307
1.9217
2.5034
1.3131
2.0828
2.0231
1.972
1.519
2.2033
2.2359
2.0167
2.135
1.4763
1.9595
2.2215
2.1953
1.8401
2.1082
1.7395
2.3376
2.2529
1.761
1.76
2.3781
2.1704
1.2723
2.2891
1.3354
1.731
2.3548
2.1432
2.1256
2.2751
2.386
1.9058
2.2705
2.1074
1.7535
2.3036
2.3742
1.9628
1.2059
1.2478
2.1021
2.0866
2.2379
2.0098
1.9088
1.7048
2.2716
2.1131
2.2101
1.5129
2.3759
2.3343
2.0962
2.1741
2.135
2.1954
2.1325
1.5676
1.6136
1.9296
1.8396
1.8651
1.5517
1.3819
2.2717
2.3559
2.1303
2.3021
1.8037
2.3844
1.7729
2.0271
2.1435
1.9474
2.1275
1.2812
2.3071
1.3203
2.1011
1.2593
1.9438
1.452
1.274
2.1554
2.0296
1.6365
1.8976
1.9592
2.2035
2.3842
1.9456
2.2997
2.0867
2.2513
2.2077
2.4573
2.3515
1.973
2.1786
1.7701
2.2704
2.2342
1.6621
2.098
1.4759
1.8457
2.1911
2.3309
2.3264
1.8289
2.1145
1.6778
1.8059
2.3811
1.7806
2.1832
1.8599
1.5918
1.725
1.9082
2.2193
1.389
2.4056
1.4848
2.4016
1.8274
1.9941
2.2115
2.3417
2.4269
1.4719
2.2396
2.3292
1.8986
2.1882
2.1171
1.4118
1.8882
2.1306
1.4523
2.1413
1.4279
2.1043
2.2964
2.2834
2.3408
2.4387
1.2144
2.0513
1.867
1.7046
2.3556
2.1696
2.3291
2.3935
2.1311
1.7419
1.3431
2.4207
2.2787
2.1912
1.7181
1.8002
2.1204
1.9038
1.9829
2.2295
1.8777
2.2433
2.432
2.1068
2.3878
2.1522
2.349
1.6164
1.5206
2.2043
2.2011
2.2063
2.0864
2.4142
1.6193
2.1433
2.1865
2.1568
2.2856
1.6132
2.0741
1.6418
1.7325
1.957
1.6985
2.417
2.322
1.2244
2.369
2.0541
2.1464
1.4537
2.19
1.5944
1.9658
1.4576
1.4587
1.8025
1.4207
1.2346
2.0861
2.1096
1.3808
1.6227
1.2302
1.3579
1.3982
2.2199
1.366
1.8407
2.5049
2.3448
1.4182
2.3412
1.8606
1.3317
2.19
2.2946
2.1123
2.2881
1.214
1.6768
1.6811
2.4217
2.226
2.0535
2.184
2.2373
1.4275
2.4074
2.0475
1.9823
1.321
2.1948
2.1561
2.3458
1.822
2.0505
1.9549
2.041
2.2225
1.7022
2.0551
2.0628
2.1165
2.4496
1.8711
1.8923
2.3796
2.2547
2.3414
1.7663
2.3676
2.3492
2.4284
2.1398
1.8444
2.343
2.4292
2.2727
1.9844
1.8642
2.0167
2.4338
1.9849
1.1981
1.4998
2.3628
1.8427
1.4439
1.3772
2.3545
1.3981
2.1604
2.3857
1.8255
2.0858
1.827
2.3394
1.7314
2.3139
2.1386
2.2511
1.725
2.1961
2.1376
1.2309
2.3186
1.7021
1.328
2.1206
2.0802
2.3358
1.4
2.1359
2.3631
1.8711
1.5891
2.3221
2.436
2.2751
2.0697
2.3174
1.4155
2.2278
2.299
1.806
1.4486
2.3581
1.4921
1.9797
2.3815
1.6353
1.1571
2.4467
2.518
2.1966
1.648
1.6187
1.6087
2.0848
1.4858
1.4666
2.066
2.1391
1.4447
1.9412
1.2756
1.4688
1.9074
2.357
2.3435
1.4466
1.9663
2.1306
1.5136
2.185
2.2158
2.345
2.0502
1.4655
2.0253
2.1483
1.7515
1.483
2.1322
2.0968
2.2607
1.4908
1.3111
1.8878
2.3877
1.7037
2.1158
2.278
1.3896
2.3284
2.4058
1.1808
2.164
2.3599
1.3797
2.4419
2.3531
1.8219
1.5804
1.6001
1.5728
2.0085
2.4278
1.796
1.4579
2.2506
1.294
2.0002
1.8215
2.0455
1.9919
1.3313
2.3337
1.4628
1.634
2.324
1.238
2.0847
1.9625
2.4568
1.4875
1.3412
1.4652
2.2659
2.2123
1.7253
2.152
2.1368
2.2758
1.8413
2.2571
1.872
2.2106
1.6277
2.4518
2.1804
2.1905
2.3734
2.3289
2.3394
1.9158
2.3107
1.1986
2.4062
1.3692
1.4589
2.0017
2.2345
2.1409
1.8173
1.712
1.992
1.9174
2.0013
1.9853
2.1922
2.2376
1.9912
2.1433
2.1132
1.1286
2.0243
2.3561
2.144
1.1752
1.4625
2.1719
2.3982
1.7683
2.4173
2.0031
1.6772
1.6781
1.5315
2.1453
1.8678
2.0858
2.3247
1.6829
2.175
1.3572
2.1646
1.1181
2.4054
2.3368
2.2264
1.7028
2.0932
2.1715
1.7121
1.8793
2.322
1.3639
2.2471
2.09
1.7175
2.3141
2.3309
2.3322
2.0949
2.0711
2.1542
1.8697
2.2509
2.1822
2.0792
1.3916
1.8168
2.2827
2.3586
1.8655
1.3517
2.2678
2.2908
2.2875
2.2659
2.1156
2.3564
1.9041
2.1201
1.2833
1.3903
2.0305
2.1328
1.7807
2.442
1.9816
1.8601
2.056
2.1728
1.7855
1.9426
2.1361
2.3306
2.3672
2.0983
2.2383
2.1596
1.5713
2.0659
1.253
1.4287
1.6398
2.289
1.4013
1.5104
1.5337
1.6376
2.1342
1.9094
2.3792
1.4173
2.1494
2.403
1.7593
2.304
2.2437
2.3392
2.0133
2.4605
1.9135
2.2664
1.8617
2.0413
1.3341
2.3924
2.1618
2.2964
2.191
2.3825
2.4064
2.29
1.4014
2.231
2.4019
2.316
1.2251
2.2969
2.1019
2.4189
2.3034
1.5584
1.5991
1.3734
2.1174
2.3142
2.1473
1.7477
1.473
2.3935
1.7139
2.3667
2.3444
1.8645
1.4822
1.6497
1.2852
2.241
2.3544
1.2431
2.0577
2.1495
2.412
2.4797
2.4652
2.2604
1.2767
2.3712
2.2044
1.603
2.379
1.8976
2.1767
1.4455
1.3104
2.3146
1.4584
1.7774
1.584
2.1002
1.973
2.2461
2.1225
2.1976
1.6869
1.8429
2.3706
2.166
1.5525
1.522
1.1816
2.1503
1.6669
2.3804
2.4477
2.2623
1.8807
1.7879
2.2064
2.3087
2.2507
1.8373
1.219
1.3099
1.6703
2.1504
2.0322
2.1292
2.1913
1.8784
2.4404
2.3213
2.3376
1.8474
2.0412
1.2358
1.6075
1.8934
1.4452
1.8882
2.1417
2.3698
1.2694
1.3074
1.191
1.2245
1.3332
2.2598
2.1517
2.3696
2.3193
2.3078
2.0625
1.3641
1.6878
2.1884
2.0532
1.8353
1.9541
2.0317
1.9532
1.8635
2.2241
1.8726
2.0096
1.5092
2.2735
2.3966
2.0898
1.8654
2.2045
2.2125
1.3762
1.7516
1.3775
2.4138
1.7365
1.8438
2.2656
1.6225
2.1447
2.0012
1.8953
1.8853
1.4711
1.9432
1.6532
2.1957
1.8058
1.3853
2.1177
1.6365
2.1033
2.0894
2.3648
2.3956
1.9597
2.3619
2.1603
2.1188
1.6358
1.4634
1.7728
2.0457
2.3168
1.8772
2.1824
2.2895
2.4184
1.5086
2.1745
2.2373
2.2507
2.3332
1.8883
1.5183
2.3539
1.7031
1.6584
2.1166
2.365
2.3329
1.2282
1.8175
2.187
2.103
2.3395
2.0851
1.825
2.3847
1.5612
1.4493
1.4278
2.1968
2.0817
1.8991
2.1537
1.5469
1.9656
2.1002
2.3653
2.3694
1.8011
2.3578
2.383
1.7492
2.2323
1.711
2.2222
1.9778
2.3252
2.0121
1.3119
2.1563
2.4479
1.2755
1.9531
2.3303
2.1129
2.2159
1.8376
2.296
1.4134
2.3007
2.3577
1.9342
2.3622
1.9599
2.3469
1.5145
2.1734
2.3596
1.8688
2.0065
2.3474
2.1031
2.1155
1.701
2.2537
1.3767
1.4162
1.4407
2.2693
1.433
2.234
2.1523
1.7955
2.0624
1.2832
2.3217
2.2162
1.7671
1.919
2.3698
1.7919
1.277
2.1172
1.851
1.5711
2.3029
2.1999
2.0862
2.1321
1.9025
2.0229
2.0607
1.6868
2.133
2.1697
1.8819
2.3899
1.9487
2.3735
2.0516
1.6482
1.9638
2.4208
1.8938
1.769
2.2971
2.3097
1.7617
2.3279
2.2022
2.2031
1.873
2.1243
1.9887
1.9494
2.169
2.3041
2.1073
2.328
1.6376
1.7334
2.2442
1.5752
2.1253
1.5735
2.2731
2.1176
2.1891
1.7986
1.2541
2.0526
1.6386
1.9982
1.8466
2.0474
1.9671
1.5113
2.3359
2.2304
1.5407
2.2844
1.7394
2.2708
2.177
2.3635
2.2149
2.2301
1.6106
1.5727
2.1079
2.3806
1.8772
1.6415
1.33
2.4179
2.1058
1.5837
1.2809
2.1312
2.305
2.2167
1.763
1.6731
1.368
2.076
2.355
2.2922
2.2724
2.3321
1.766
1.6934
2.1282
1.7662
2.4114
1.4274
1.2291
1.6617
2.0199
1.8718
2.0611
2.0508
2.0512
2.1095
2.3202
2.2425
1.9379
2.3349
1.4047
2.1618
2.0299
1.926
1.9376
1.9965
1.4854
1.7902
1.8335
2.3822
2.1665
2.2717
2.241
2.0509
2.1781
2.2438
2.0581
1.9878
1.9584
2.3954
2.3659
2.2089
2.2012
1.8406
2.4784
2.2944
1.3699
1.5539
1.9241
2.2398
2.1158
1.9235
2.1842
2.0331
1.7673
1.9432
1.6076
2.0549
2.1066
2.2859
2.0465
1.6005
1.7553
2.3492
2.006
1.9734
2.2202
2.2332
1.5383
1.6707
1.4955
1.6593
1.7906
2.3305
2.0045
1.7019
2.1127
2.4189
1.4883
2.084
2.3391
1.6567
2.175
1.3858
1.1067
1.5102
1.7584
2.0151
2.3163
1.5665
1.8785
2.3621
1.7213
1.8242
1.8974
2.3352
2.0899
2.4465
1.582
2.3296
2.16
2.144
1.5653
1.9607
1.5303
1.1356
2.3537
1.543
2.2316
2.3673
1.363
1.7345
2.2996
2.166
2.0334
1.3238
1.8348
1.6719
1.3184
1.736
2.4212
2.2398
1.6318
1.7704
2.3794
2.0736
2.2974
2.0408
2.3302
1.2682
2.4421
2.426
1.6763
1.5826
1.9506
2.1258
2.2243
1.2221
2.4017
2.2946
1.4191
2.1214
1.8364
1.883
1.6275
2.0326
1.173
2.3514
1.5034
2.2449
2.121
2.1759
1.9765
1.4535
2.3064
1.8493
1.9821
2.3407
2.2887
1.9844
1.3479
2.2432
1.8582
2.1362
2.0332
2.4073
2.036
2.2921
2.2793
1.6147
2.3461
1.533
1.2644
2.2522
2.1851
2.3059
2.3418
1.8044
2.4527
1.7577
2.3254
1.5584
2.217
2.295
1.639
2.2391
1.8034
2.3311
2.0915
2.2201
2.2638
1.4916
2.025
2.0215
1.8658
1.1735
2.1029
1.7624
2.1027
2.0695
1.7409
1.7567
1.9559
2.2892
1.7246
1.5856
1.531
1.6714
1.9742
1.956
2.1694
2.1706
1.9158
2.2636
1.4027
2.2399
1.5307
2.5066
1.9769
2.3131
1.9023
1.7802
2.0514
1.89
2.2142
2.2299
2.3966
1.6337
2.2727
2.2687
1.2317
2.145
2.31
1.474
1.3661
1.7574
2.1973
2.2881
2.0496
2.228
1.524
1.6881
2.3069
1.9024
1.66
2.2782
2.1457
2.3804
1.7511
2.2983
1.7401
1.7962
2.473
2.3611
2.471
1.4707
2.3373
2.1265
1.4854
1.7353
1.5264
1.1776
2.1717
1.8614
2.0581
1.4526
2.3272
1.3915
2.1759
2.1608
2.1342
1.8325
2.3061
1.8603
1.8468
1.8119
2.0964
1.736
2.1649
2.07
1.9502
2.0127
1.4411
2.0113
1.9798
1.6188
2.0619
1.7043
2.3544
2.375
1.2623
2.3915
1.388
2.0826
1.9507
1.2378
2.06
2.3175
2.4368
2.3744
2.2779
1.5759
2.1856
1.7746
2.1085
2.4008
1.7757
1.7836
2.0395
2.0629
1.6529
1.8112
1.8393
2.0996
2.0698
1.8967
2.2867
2.351
2.445
2.1943
2.1181
2.1234
1.7818
1.6406
2.1165
1.3266
2.3628
1.9757
2.4556
1.9214
1.7215
2.0776
1.9605
2.2271
2.288
2.3893
1.4407
1.6339
2.2047
2.2372
2.5226
2.1229
1.8237
1.8881
2.3546
2.258
1.7274
1.3319
2.1644
2.1815
1.9019
2.1258
2.2718
2.3887
2.0232
1.2971
1.5873
2.1905
2.2494
1.9429
2.0122
2.2273
1.9217
2.2828
1.4608
1.3081
1.4214
2.2572
1.7706
1.4498
1.8356
1.323
1.9591
2.0276
2.2517
1.9422
1.5768
2.0316
1.5979
2.241
1.4707
1.9309
1.793
2.314
1.8865
1.9976
2.0613
2.3787
2.0096
2.1893
2.0494
1.5248
2.2537
2.3429
2.2259
1.5374
1.1633
1.6765
1.6125
2.1383
2.3404
2.136
1.9601
2.4458
2.0302
2.0356
2.1952
2.2896
2.0726
2.2169
2.346
1.3305
2.2347
1.7763
1.9574
1.2084
1.6358
1.7674
1.9944
2.0744
2.1936
2.3442
1.2449
1.757
2.2736
1.2693
2.3458
2.2203
1.3801
2.3282
2.3262
2.182
2.506
1.437
1.9902
2.0133
2.2667
1.4335
2.0191
2.2176
2.24
2.4418
2.3708
2.1221
1.3296
2.3204
2.1827
1.8389
1.6135
2.3861
2.0656
2.2884
1.7912
2.1477
2.0072
2.1934
1.4671
1.893
2.4067
1.6851
2.0175
2.3585
1.665
1.2972
1.723
1.9964
1.8085
1.1923
1.8958
1.4482
2.3304
2.2129
1.7333
2.2863
1.3849
2.3107
2.3448
1.721
1.8612
2.1405
2.0178
2.0937
2.1543
2.2149
1.6745
2.3055
2.1944
2.2896
2.2116
2.1803
2.2762
1.9716
1.6255
2.1606
2.1872
2.3932
2.4095
2.3192
1.6581
1.9949
2.0112
2.0537
1.3938
2.3293
2.3555
2.2493
1.5863
2.1143
2.426
2.2431
1.7575
1.9035
2.3447
2.3161
2.2403
2.2509
1.5126
2.0702
1.7823
1.3719
2.1285
1.6311
1.3895
2.2556
1.4536
2.2756
1.8648
2.351
2.1574
2.1575
2.1147
2.1897
1.3575
1.9878
1.6443
2.3189
1.4517
2.2596
1.6645
2.2125
1.4692
2.0643
2.2397
1.6142
1.8639
2.1293
2.0917
1.8454
2.3423
1.3492
1.2843
2.1252
2.0356
1.9265
1.9442
1.9345
1.8399
2.2878
2.0337
2.3195
1.664
2.1902
2.3096
2.3202
2.0086
1.9
1.9466
2.4721
2.3609
1.9278
1.5363
1.5283
1.3967
1.6516
1.8893
1.8332
1.522
2.3591
2.24
1.8022
2.1538
2.2391
2.4012
1.913
2.3409
1.3068
1.6466
1.9425
2.2394
1.3438
1.8197
1.9118
1.9424
2.2476
1.7741
2.0699
2.1683
2.4188
2.3372
1.5063
1.7159
1.5064
1.9246
1.4356
1.9498
2.4262
2.0942
1.6352
2.1
2.0698
1.2721
1.7186
2.2532
1.1839
2.2951
2.1358
2.2873
2.3847
2.2712
1.8826
2.2975
1.8568
2.1862
2.4135
2.3844
1.5282
1.8387
1.3396
2.1372
2.2845
2.0326
2.192
1.934
2.3429
2.0701
1.6575
2.2321
2.3358
2.1699
2.0303
1.9639
2.3403
2.1603
2.1959
2.1138
2.054
2.2472
1.7211
1.9313
1.8892
2.3071
2.0628
2.4061
2.2191
2.3408
1.9693
1.8733
2.177
1.222
1.9834
2.2403
2.4136
2.3382
1.4309
1.6093
2.0239
2.3546
2.2714
1.7587
1.7229
2.1767
1.8331
2.0814
2.3137
2.3517
1.7468
1.4024
1.6136
2.4262
1.7803
2.1467
2.3703
2.4099
1.532
2.0485
1.9068
1.4502
2.2675
2.013
2.2296
2.1616
1.6001
2.2826
2.5014
2.1463
1.969
2.2475
2.1095
2.0278
1.4987
2.054
2.082
1.586
2.2754
2.2003
1.8626
1.401
2.3367
1.4643
2.0994
1.6194
1.7168
1.9435
2.3553
1.9521
1.7075
2.1046
1.8458
2.3212
2.3482
2.0394
1.8017
2.3973
2.2621
2.3174
2.4677
2.1569
2.2287
2.0249
1.7976
2.2895
2.3664
2.367
2.1486
1.4735
2.3926
2.3944
2.0913
2.1216
2.1475
1.3919
1.6858
1.8151
1.6051
1.4736
2.1558
1.5278
1.3149
2.1852
2.0933
1.7371
1.8871
1.2588
1.9111
2.1609
1.9358
2.2171
2.3817
1.6819
2.3264
1.3745
1.5024
1.629
2.1329
2.0461
2.3675
1.3227
1.9853
2.1847
1.8921
1.8535
2.4294
1.7408
2.4299
2.1318
2.1529
2.1617
1.9767
1.2273
1.8733
2.2562
1.7704
1.8103
1.3544
2.1343
1.2533
2.2927
1.502
1.6576
1.7845
1.6206
1.6316
1.7079
1.8544
2.2134
1.8367
1.7746
2.3391
2.2655
1.2756
2.2714
2.0259
2.0978
2.3021
2.406
2.2099
1.8665
2.1311
1.147
1.9118
1.446
1.236
2.0833
2.106
2.2973
1.9474
2.1052
1.8078
1.9201
1.5519
1.6819
1.8048
2.4074
2.3151
1.5323
2.1887
2.1208
1.2882
2.2868
1.1655
1.665
2.2656
2.3202
1.6029
1.3578
2.185
1.5022
2.363
1.515
1.5779
2.1577
2.3734
2.0273
2.3491
1.848
1.7886
2.1355
2.0933
1.4212
2.371
2.352
1.9437
1.8462
2.2713
2.3215
1.792
2.3176
2.3083
1.5495
1.3367
1.3638
2.4994
2.0104
1.8749
2.2048
2.3837
1.8419
1.1764
2.2393
2.2141
1.7104
2.2036
2.0704
1.4057
1.4301
1.7561
2.2514
2.2707
1.4013
2.1338
2.3511
2.1441
2.4367
1.8547
1.3734
1.9042
2.3529
1.553
2.0713
2.3978
1.6424
1.9955
2.268
2.3071
2.2972
2.0887
2.1766
2.2547
1.8482
2.035
2.3653
1.8626
2.4077
2.0636
2.4116
1.5855
1.2088
1.3394
2.3565
2.2673
2.2709
2.0666
1.9568
1.6662
2.0653
1.5796
1.6616
2.3136
2.3999
2.0132
1.383
1.4864
2.221
2.457
1.5195
2.2448
1.8465
1.485
2.2053
2.3662
1.8025
2.2475
2.2414
1.8535
2.059
1.7311
2.0487
2.3143
1.7463
2.0518
2.2647
1.8996
1.297
1.9902
2.3848
1.511
1.4243
1.5903
2.1761
2.1197
2.4034
2.2501
2.3684
1.8372
2.47
2.202
2.0269
2.3284
2.1431
2.0002
2.3793
1.3154
2.1657
2.1188
2.3808
2.2182
2.1784
2.1823
1.5222
2.1804
1.9754
2.2969
1.9356
2.3721
2.2078
1.357
2.0348
1.3256
1.6773
2.0928
2.2985
2.3661
1.4653
2.1399
2.0147
2.0103
1.987
1.879
1.617
2.3623
2.1536
2.2557
2.1823
2.2297
2.0667
1.9021
2.3968
2.2663
1.8826
1.8726
2.1083
1.4131
2.1819
1.4679
2.0035
1.6789
2.2777
2.3572
2.3216
1.74
2.1539
2.4157
2.2222
1.8572
1.1252
2.0938
2.3463
1.3467
1.3043
1.6765
1.9901
1.6139
1.5766
2.0079
1.2268
2.061
2.0035
2.4313
1.7408
1.3528
2.2914
2.0334
1.8866
1.729
1.2831
1.371
2.3857
1.7982
1.6181
1.2459
1.7128
2.3044
1.8734
2.1707
2.3909
2.2495
2.4145
1.8942
1.5248
1.5399
2.0842
1.756
1.2935
1.6973
1.5157
1.1998
1.9624
1.5447
1.7843
2.1047
2.1469
2.0499
1.2537
1.6311
2.1307
2.2131
2.2237
2.3159
2.0812
2.0158
1.7989
1.5968
2.4665
2.0812
2.3869
1.7672
1.8116
2.3529
1.9955
2.0853
2.0804
2.3175
1.6133
1.2307
2.2178
1.7191
2.4019
1.7348
2.2344
2.3274
1.479
2.063
2.0267
1.8819
1.1785
1.2137
2.2082
1.4392
1.4877
1.4838
2.1289
1.5114
2.1126
1.6109
2.2933
2.3189
1.8635
1.9718
2.2703
2.3417
2.107
2.254
2.2204
1.8038
2.0457
1.1073
1.3829
2.1875
1.4226
1.8438
2.3045
2.2469
2.3074
1.2497
2.3048
2.161
1.9555
1.4461
2.3293
1.8486
2.2357
1.3931
2.2155
2.337
2.051
1.2884
2.3278
2.0801
1.6606
2.3437
2.0996
2.2639
2.1547
2.3931
2.1418
2.1063
2.2918
2.4214
1.3717
1.6103
2.0344
1.7328
1.9525
1.9147
2.1449
2.2391
1.2379
2.2658
2.2046
2.3626
1.2022
2.3751
1.8252
2.0873
1.4059
2.3256
2.3641
2.0925
2.317
2.1786
1.3887
2.3709
2.3778
2.3474
1.6101
1.2175
1.9072
2.0484
2.3022
2.2281
1.8199
1.9475
2.0761
1.5925
1.4113
2.0138
1.2911
1.8473
2.1429
2.0014
2.3061
1.7096
1.8874
1.9917
2.1898
1.9123
1.4695
2.2737
2.0533
2.1306
1.8634
2.2913
2.0591
1.4281
2.1908
2.1463
1.5769
2.0762
2.4713
2.2799
2.339
2.3069
2.3463
2.3808
1.6354
1.6095
1.3245
1.8608
1.9455
1.6874
1.5147
2.4208
2.4311
1.9457
2.2835
1.5229
1.9322
1.2534
1.8809
1.3156
2.2688
2.1663
2.1618
1.9553
2.2641
2.4781
2.1574
1.4148
2.2808
2.2171
1.2367
2.287
1.8451
1.9316
2.2875
1.8502
1.4488
2.383
2.254
2.0126
1.4409
2.0627
1.8666
2.2859
1.6401
1.9448
1.5738
1.3415
1.8837
2.1626
2.3479
2.2847
2.2509
1.6523
1.3161
2.0618
2.4507
1.3555
2.3925
2.0762
2.3393
2.2358
2.425
1.8392
1.5381
2.1684
1.8562
2.0984
2.39
2.3463
1.4587
2.2082
1.4736
2.0617
2.1046
2.3308
2.1363
1.4989
2.175
2.2987
2.0593
2.4592
1.4379
2.1663
1.5898
2.3118
1.991
1.4046
2.3164
1.7838
2.2372
1.4742
2.0376
2.0208
1.8485
2.3796
1.1627
1.4792
1.5271
2.3126
1.8213
2.1924
2.063
2.3989
2.1405
1.8611
1.8951
2.0184
1.5109
1.5946
1.9943
2.0977
2.0128
1.6833
2.3005
2.2259
1.7794
1.8985
2.3896
1.1448
2.1239
1.9812
1.2377
2.2175
1.6748
1.9001
2.3236
2.0251
2.2173
2.1286
2.1165
1.7127
2.3592
2.1673
2.2957
2.334
2.1463
2.3291
2.3046
1.7517
2.1812
2.3834
1.2783
1.4446
1.3253
2.294
1.533
2.4014
1.3355
2.0998
2.2733
2.2616
1.5401
2.0794
1.5544
1.2629
1.86
1.7629
1.759
2.2959
2.1882
2.4703
2.4823
1.8937
2.3541
2.1709
1.7897
2.0643
1.4761
1.7214
1.7969
2.3158
1.6296
1.8239
1.7658
2.2896
2.1157
1.8677
2.3757
1.2596
2.1026
2.1258
1.6625
2.3233
2.369
2.4414
1.4253
1.7108
2.2966
1.9314
1.8218
2.1649
1.2234
2.3623
1.8769
2.4461
2.4483
1.195
1.8187
1.96
2.0314
1.6874
1.4412
1.8764
2.3026
2.3116
2.078
2.1796
1.9422
2.296
1.7148
2.3897
1.8726
1.7543
2.3321
1.6981
1.3233
2.3306
2.2481
1.4639
2.4507
2.147
2.1265
2.039
2.3397
1.881
2.1881
1.7902
2.3039
1.7817
1.6199
2.0589
2.325
1.7298
2.044
2.2408
1.9448
2.1092
2.2605
2.3044
1.4938
1.6186
2.3144
1.9049
1.6181
2.3595
1.7626
1.4123
1.7821
1.5597
1.7195
1.8759
1.9003
1.7358
1.3591
2.0124
1.6324
2.4022
2.2135
2.0888
2.2782
2.0108
1.883
1.7374
2.3545
1.5481
1.6556
1.745
2.3973
2.3146
2.3852
2.1378
2.3027
1.6855
2.1537
2.2806
2.1524
2.2558
2.2065
1.8569
1.7291
1.2628
2.0394
1.8726
2.3128
2.4957
1.4824
2.0366
2.2736
1.7639
2.1932
2.2139
1.1256
1.8241
2.3924
2.3091
2.055
1.8927
1.457
1.4129
1.7834
1.9126
2.1792
2.3511
2.3436
2.0104
1.8687
1.9886
2.278
1.9701
2.3681
1.6246
2.1786
2.1743
1.9299
1.5026
1.8907
2.0491
1.374
1.89
2.0977
1.9377
2.2486
2.081
1.659
2.2877
2.4376
2.1943
2.2166
1.5854
2.1742
1.5047
2.092
2.1769
2.1239
1.9794
2.2641
1.9219
2.2489
2.3091
1.5506
1.6546
2.3561
2.2802
2.35
2.0028
2.1495
1.5178
2.2691
2.3297
2.1486
1.6849
2.0363
1.4626
1.4526
2.3502
1.982
1.3499
1.8715
1.4722
2.391
1.8266
2.0467
2.3139
2.0173
2.3095
2.3191
1.8881
2.1247
1.9159
2.1609
2.3163
2.1788
2.246
2.1171
1.2986
2.2409
1.9741
1.627
2.2528
2.1558
1.1925
2.3283
1.3782
1.9536
1.7429
2.2029
1.5641
2.2074
1.8508
1.4143
2.2058
2.5015
1.9566
2.1759
1.2916
2.2325
2.4248
2.2813
1.9204
2.2141
2.0491
2.2172
2.3631
1.7839
2.0098
2.2074
1.7699
2.2592
1.7024
2.2243
1.7396
1.929
1.5622
1.9138
2.3019
1.9303
2.3693
2.2451
2.1276
2.0557
1.4013
2.4549
2.3154
1.938
2.419
1.8295
2.0927
2.164
1.5639
1.3867
1.4887
2.2842
2.2461
2.447
1.901
2.1886
2.0476
1.3943
1.2464
2.2185
1.8975
1.6362
1.646
1.9639
2.1918
2.3706
2.0455
1.6998
1.5409
2.2108
1.5653
2.0946
2.2236
1.7937
1.8384
2.3558
1.4047
2.1778
1.9225
1.7508
1.3418
1.7464
2.2348
1.9544
1.7319
2.3722
2.3
1.4561
1.4305
1.3976
1.7601
2.3079
1.4992
1.884
2.0569
2.2995
2.0354
1.787
2.2557
2.4059
2.3078
2.0064
1.3333
1.8789
2.4092
2.3935
2.3729
1.9242
2.2115
1.6473
2.3313
1.5613
1.8548
2.1197
1.8573
2.2628
2.3337
2.052
1.6233
2.1656
1.7165
2.1118
2.0954
1.9062
2.1306
2.1843
1.5324
2.2445
2.047
1.4821
2.0627
1.8176
2.1605
1.4198
2.1508
2.1601
2.0302
1.9403
2.1373
2.1727
1.7151
2.0015
2.1808
1.9824
2.3399
2.2809
1.5677
2.3717
2.2937
1.678
2.3718
2.0731
2.3301
1.8565
1.9105
1.9139
1.9097
2.0635
1.287
1.158
2.3728
2.189
1.4188
1.8233
2.264
2.3529
1.2561
1.4462
1.9976
2.3205
1.5204
2.1779
1.9781
2.0933
2.1045
1.4086
1.877
1.3396
1.9171
1.8579
2.0574
1.8802
2.1214
2.4058
2.2951
1.1947
2.044
2.3907
1.0783
2.4429
1.8246
1.3283
2.2536
1.7793
1.3471
2.1138
2.4252
2.1592
2.4774
2.3832
2.4276
1.3781
1.5689
2.1053
2.383
1.7645
2.2101
1.8649
2.1568
1.5604
2.2318
1.918
2.0239
2.0248
1.6427
1.7542
2.2028
2.2615
1.8909
2.2594
1.6113
2.3514
1.8404
2.2016
2.2984
2.3945
2.3213
2.4204
2.1067
2.2874
1.9094
2.1671
2.1917
2.2391
2.2378
2.3404
2.0378
2.37
2.4221
2.1901
1.9425
2.2258
2.0367
1.8344
2.0637
2.3827
1.315
2.2805
1.3891
1.7617
1.7682
1.9766
1.8864
2.1496
2.2491
1.4506
2.3817
2.4576
1.1579
2.062
1.1966
2.2995
2.1163
2.3216
1.9379
2.2344
1.43
1.9895
2.3057
2.0286
2.419
1.8508
2.1521
2.2024
2.1839
1.741
1.7696
2.1661
1.6439
1.5737
1.9696
2.2681
2.0155
2.4934
2.0797
2.3793
2.0578
2.0952
1.727
2.2164
2.2377
2.3541
2.3236
2.1181
1.414
2.013
1.5187
2.4388
1.6764
1.8878
1.6999
2.0777
1.9813
2.1724
2.0013
1.5806
2.0815
1.385
1.8094
2.1947
1.2823
2.0466
1.8819
2.3527
1.5094
1.2717
2.2793
1.526
1.8248
2.2898
1.4024
2.2174
2.2009
2.3009
1.2578
2.0683
1.3529
2.2972
2.3585
2.3898
2.2369
1.8831
2.0771
1.8872
2.1802
1.6015
2.3061
2.0385
1.9347
1.8341
1.3877
1.9042
2.0321
2.2086
2.2409
2.172
2.2581
1.7516
1.3437
1.9844
2.3537
2.2857
1.7135
2.3244
2.0624
1.988
1.743
2.2304
2.0653
1.7758
2.066
1.8282
2.3803
2.1731
1.582
2.0813
1.434
1.9881
1.7437
1.224
2.099
2.1747
2.3348
2.0549
1.5719
2.063
2.3114
2.1748
2.4452
1.2894
2.2638
2.0336
1.2013
1.9015
1.8644
2.3879
2.0569
1.2681
1.7497
2.1905
2.1205
2.3741
1.9743
2.1375
1.5726
2.2829
2.2692
1.6243
2.2909
2.3365
2.1246
1.762
1.986
1.8846
2.218
1.8928
1.3675
2.1641
1.8817
2.1883
2.1727
1.1391
2.1311
1.9617
1.672
1.7795
2.2481
2.0519
1.2769
1.1698
1.707
2.1963
2.2457
1.5788
2.3078
2.3469
1.6486
1.8652
1.225
1.8048
2.0839
2.1931
1.2901
1.856
1.9293
2.0898
2.0487
2.1263
1.5055
1.8313
1.9025
2.1961
2.067
2.1366
1.7407
2.1129
2.1892
2.4162
1.5071
1.7834
2.085
2.3702
1.8883
2.2073
2.2742
1.5849
2.2909
2.1653
1.7783
1.5661
2.0581
1.9783
2.257
2.1301
2.3444
1.4114
1.8469
1.9891
2.2781
2.1714
1.6312
1.7054
1.9755
2.06
2.3345
1.4742
2.1983
2.396
2.4382
1.8648
1.7176
2.245
1.7594
2.3246
2.399
1.3801
2.4738
1.6521
2.1284
1.8619
1.8774
2.0241
1.6815
2.0512
2.3244
2.0912
2.2095
2.3465
1.9031
2.3849
2.104
2.1848
2.1527
2.2089
2.3898
1.9507
2.1972
1.6591
2.0471
1.8699
1.837
1.6683
2.1235
2.1746
1.9872
2.3942
2.4485
2.3311
1.7868
1.6417
1.3856
1.7722
1.8496
2.051
2.2121
2.2567
2.2572
2.0141
1.3354
2.0641
1.7457
1.7822
2.3204
1.9988
1.3086
2.0857
2.3319
2.1512
1.5272
1.495
2.2315
1.6267
1.3612
1.8391
2.3539
1.2501
1.3717
2.1512
1.899
2.3275
1.6771
2.0139
2.0285
2.349
1.6
1.4041
1.3432
2.0792
1.615
2.1972
2.1865
1.6447
1.9076
2.001
2.1377
2.4305
1.3425
2.1008
1.6744
2.3971
1.9476
2.3404
1.6697
2.2851
1.988
2.2088
1.7623
2.081
2.057
2.1661
2.2815
1.9636
1.9034
1.9286
1.3409
1.4029
1.2415
1.6863
1.9196
2.3661
2.2517
2.1684
2.2713
1.4308
2.2351
1.8284
1.6669
2.0366
1.7082
1.898
1.9711
2.2298
1.4819
2.0522
2.3324
2.2709
1.6067
1.7918
2.1645
1.9709
2.0667
2.0403
2.1344
2.3129
1.8424
2.3924
1.4932
2.0844
1.7862
1.2809
2.3393
2.0568
1.3833
2.1018
2.3423
2.3674
1.9636
1.4904
1.8228
2.2093
2.332
1.4175
2.4265
2.0805
1.6967
2.1017
2.383
2.2866
2.2633
2.4763
2.2682
2.3403
2.3961
2.125
2.3322
1.7517
1.8089
2.1373
2.1383
2.3915
2.3249
1.8408
1.8092
1.7
2.0877
1.365
2.3876
1.7272
2.3174
2.4051
1.8981
1.4042
2.1429
2.2777
2.4525
2.0975
2.272
2.06
2.1383
1.4931
2.2803
1.5823
2.1743
2.2204
1.3118
1.6869
2.0033
2.1355
2.214
2.2772
2.2674
1.8375
2.4609
1.8189
2.2496
2.3963
1.9764
1.3101
2.0945
1.9109
2.2825
2.1208
1.7218
1.9731
1.9406
1.4361
2.2177
2.0095
2.4173
1.61
1.3908
1.8665
2.2123
1.4867
1.6398
2.1538
2.3285
1.4823
2.3433
2.2633
1.8087
1.6649
1.8138
2.1199
1.8774
2.1732
2.2108
2.291
2.2592
2.3059
1.6483
1.9911
2.3082
1.7648
2.3445
1.76
1.9951
2.3495
2.3536
2.3131
2.2122
2.2202
1.4181
1.8854
1.9372
1.8609
1.5992
2.1878
2.1347
2.1747
2.4756
2.2088
2.3448
2.1934
1.8876
2.329
1.6559
2.3607
1.3821
2.1203
2.0313
1.287
1.8812
2.1146
2.2318
2.3538
2.0236
1.703
2.2853
2.0771
1.507
2.3356
1.6342
1.3024
2.1611
2.3319
1.9551
1.2426
1.4971
2.343
1.8715
1.986
2.2361
1.5856
2.187
1.4217
2.3815
2.4237
2.1225
