2.3403
1.6903
1.8157
2.1827
1.9331
2.1272
2.2512
2.4113
2.0219
2.167
1.9074
2.2787
2.2529
2.4895
2.1906
1.5389
2.1806
1.4572
1.3681
1.9836
1.6343
2.2184
1.6679
2.3021
2.1827
2.3184
1.785
1.8228
2.1465
1.6332
1.9622
1.7376
1.8829
1.3612
1.9945
2.0357
2.2774
2.0892
2.0053
1.8782
1.9011
2.2912
2.2923
1.779
2.3298
2.046
1.5677
1.8253
1.443
1.7857
1.9837
2.3559
1.6508
2.2545
2.0757
1.5535
1.8801
2.3205
2.0711
2.23
2.1431
1.5917
2.1024
1.1854
2.2186
2.0189
2.263
2.2589
2.2179
1.2637
2.2686
2.3171
2.1687
1.9901
2.2628
2.3659
2.3205
1.9237
2.2581
2.0527
1.2564
2.083
2.3252
2.0422
2.1549
2.1796
1.7652
1.9319
2.1346
1.9898
2.3369
1.8869
1.8192
2.0788
1.1772
2.0059
1.7451
2.3633
2.2327
2.1856
2.0421
2.2574
1.9757
1.5537
1.7154
1.8337
2.4216
2.0401
1.8925
1.885
2.3521
1.5836
1.4593
1.396
1.8715
2.3196
1.7423
1.6293
1.9169
2.1417
1.4841
2.1596
1.6367
2.215
1.7866
2.1154
1.9213
2.2879
2.277
2.2599
2.0522
2.2744
2.3081
2.2477
2.0361
1.1951
2.2058
1.7386
2.0095
2.0601
1.82
2.1213
1.9425
1.8496
2.0329
2.1921
1.8853
2.2732
1.6483
2.0686
1.9374
2.1687
1.999
2.2032
1.6798
1.957
1.3275
2.3267
1.3303
1.3176
1.9448
1.5173
2.1966
2.4044
2.0236
1.2491
2.0403
2.1684
1.4174
2.1766
1.5827
1.2865
2.2058
2.3276
2.1435
1.3804
2.293
2.4708
2.1416
1.9025
2.2831
2.1956
2.3587
2.1258
2.0125
1.4607
1.7937
1.9306
2.2195
1.8455
2.1778
1.8023
2.161
2.0647
1.8776
1.9535
1.7851
2.0873
2.309
2.2226
2.4376
1.3771
2.4364
1.7212
2.298
1.621
2.3975
2.4258
1.9447
2.2315
2.3369
2.1603
1.76
2.045
2.1028
2.2741
2.3976
2.0888
2.2577
1.9475
2.0849
2.2764
1.4009
1.4697
2.1081
2.4173
2.3799
2.0452
1.5356
2.345
2.3233
2.0502
2.2563
2.2414
2.0206
2.2069
2.2452
2.0423
2.1512
1.9286
2.2321
1.2451
2.2159
1.9809
1.4258
2.0777
1.4436
2.3481
1.9835
1.8311
1.7618
1.7255
2.3008
2.3748
1.8773
1.5287
2.0525
2.0897
2.2124
2.2429
1.5874
2.3924
2.0926
2.251
1.7945
1.2078
2.2896
1.6146
2.1808
2.4059
1.444
2.1402
2.0562
1.3691
2.3103
1.9753
2.0581
1.971
2.1717
1.2947
1.6369
2.4026
2.251
1.2518
2.3848
2.0303
2.1062
2.3156
2.3232
2.168
2.3516
1.6095
1.7911
1.5877
2.3258
2.3276
2.228
2.2773
2.2835
1.6915
2.3634
2.2067
2.1098
2.3441
2.2357
1.313
1.2724
2.3315
2.0331
1.9193
1.4594
2.4321
1.833
2.1664
1.8369
2.3609
1.8318
1.9292
1.7394
2.1185
2.0921
2.0317
1.275
1.9309
2.006
2.3649
2.1972
1.4519
2.3712
2.4287
2.3035
2.0168
2.2079
1.7144
2.4029
2.2201
1.8781
2.1954
2.0525
1.2109
1.7864
2.3477
1.9349
2.3804
2.3782
1.9891
1.8254
2.2434
1.4298
2.1014
1.8658
1.2988
1.6038
2.246
1.628
2.3177
2.0535
2.0292
2.1614
2.2279
1.9189
1.9871
1.4316
2.3829
1.8536
2.2304
2.0415
2.182
2.1049
2.3583
1.6789
1.4647
1.5491
2.1776
2.2762
1.8237
1.3758
1.8158
2.1612
2.1703
1.4136
2.2822
1.4215
2.3872
2.0682
2.1385
2.2123
2.1334
1.5157
2.2323
2.4591
2.0248
2.3061
1.1262
1.801
2.1771
2.0146
2.0132
2.3707
2.2173
2.2583
2.2936
2.1047
2.1765
1.9726
2.127
2.3752
1.4662
2.1365
2.251
1.9519
1.5128
2.0701
1.765
2.0287
2.3195
2.4165
1.8191
2.0786
1.6024
1.2679
2.0156
2.2946
2.0501
1.8683
1.3139
2.4173
2.2812
1.2651
2.3009
1.7016
2.0885
2.3422
1.7239
1.6236
1.5917
1.4587
1.561
2.4606
2.393
2.2705
1.763
1.8429
1.9368
1.665
2.2715
2.4493
2.2309
2.1149
1.3563
2.2888
2.2086
2.4527
1.2554
2.1977
2.2431
2.3593
1.4966
1.8664
1.6789
1.5194
2.4213
2.3419
2.2768
1.9347
2.3087
2.4323
1.7944
2.2352
2.2765
1.8743
1.4412
2.1604
1.9687
2.3165
2.3489
2.164
2.2705
2.1071
1.9799
2.4379
2.2217
1.7225
1.5056
1.7072
2.353
2.1597
2.1191
1.5116
1.8269
1.5178
1.8477
1.8072
2.3394
2.3494
1.9711
2.1013
1.7021
2.2502
1.9294
1.7299
2.2423
2.1904
2.3231
1.2208
1.5679
2.3102
2.2363
2.2905
1.5202
2.1357
2.004
1.274
2.1352
1.6685
2.3004
1.8381
2.0042
2.3595
1.4356
1.9493
1.3583
2.2253
1.1313
2.0499
1.6845
2.0361
1.8636
2.2274
1.8031
2.1424
2.1425
1.7999
1.3227
2.2322
2.0861
1.9541
1.3384
1.5127
1.3369
2.4542
2.283
2.3562
1.4343
2.2803
2.1613
2.2288
1.7757
2.3743
2.273
1.4262
2.2623
2.2904
2.1944
2.0629
2.1097
2.4102
2.1947
1.8901
1.8607
2.2739
2.1064
1.1734
2.018
1.7068
2.3159
2.352
2.3026
2.0074
1.4161
2.183
1.3286
2.1989
2.2424
2.1254
1.5473
1.8531
1.8141
2.0209
2.22
2.0272
1.6976
2.3486
2.0565
1.7058
2.1407
1.556
2.391
2.2114
2.1055
1.3873
1.5219
1.3335
1.9952
1.8255
1.5735
2.1386
1.4568
2.4562
2.0629
2.4216
1.8985
1.9354
2.1774
2.184
2.1428
2.2589
1.9199
2.2113
2.0161
2.0715
2.2617
2.0645
2.0151
2.2933
2.1613
2.3713
2.2881
1.6867
1.1377
1.5404
2.2894
2.1808
2.0198
2.2491
2.329
1.9529
1.624
2.276
1.2372
1.7908
1.8545
2.3235
1.5972
2.1144
1.341
1.3734
1.9519
2.362
2.0911
1.5646
1.9237
2.2061
2.4815
2.2603
1.3671
2.0975
2.1377
2.5182
2.4115
2.131
1.7722
1.5482
2.275
2.2769
1.7576
1.9758
2.3154
1.4682
2.1734
1.7352
1.7499
1.9729
2.3053
2.3766
2.228
2.2453
2.1999
2.4015
1.6842
2.2127
2.1404
2.2319
2.1425
2.0201
2.2936
1.447
2.2181
2.2174
1.3183
2.1203
2.2217
2.2449
1.7194
1.7517
1.8112
1.8042
2.2228
2.1324
2.1794
1.9293
1.7145
1.9506
2.3518
2.296
1.9604
2.3461
2.0376
2.3267
2.043
1.936
2.1858
1.3911
2.3418
2.0763
2.1562
2.2701
1.4709
2.2052
1.6085
2.3264
2.0683
2.3579
1.9606
2.2185
2.2043
1.6552
2.0865
2.1961
2.3049
1.1609
2.0764
2.2605
1.8095
2.1667
2.2983
2.3459
2.2383
1.2577
1.7691
2.4392
2.3772
1.503
2.2491
2.1186
1.415
2.2574
1.6732
2.42
2.4349
2.0131
1.8704
1.2946
2.3071
2.3703
2.2736
2.0652
2.3096
2.222
2.3198
1.9828
1.2708
1.9814
2.0512
2.1864
1.2627
1.3316
2.2967
2.1804
2.0742
2.2254
2.2855
1.8155
2.065
2.0591
2.1755
2.0572
2.1109
2.0197
2.4288
2.111
2.3593
2.2403
1.7796
2.1429
1.7036
2.2468
1.7531
1.3134
1.191
1.7528
2.3169
2.1447
2.3781
2.2255
2.1204
2.1446
2.0603
1.8828
2.3547
2.0678
2.2611
1.9241
2.4215
1.8606
2.2428
1.814
2.3473
2.3905
1.5917
1.9852
2.1
1.9509
1.7462
2.0535
2.2967
1.9357
2.0773
2.0925
1.9619
2.1497
1.9302
2.0523
1.9234
1.9644
2.3542
1.4826
2.2803
2.1283
2.0823
2.118
2.2551
2.2855
1.9358
2.147
1.9899
1.1712
2.1088
2.2282
2.0537
1.4414
2.1301
2.3136
1.5521
2.3774
1.2792
1.8619
2.0241
2.241
1.5591
1.6367
1.874
1.8404
2.1356
1.3335
2.1041
2.0913
2.1617
2.3146
1.7789
1.8888
1.5031
2.3135
2.3762
2.4367
1.7286
2.2865
1.4533
2.2796
1.6078
1.3893
1.8937
1.9286
2.2296
2.429
1.975
2.0205
1.8294
1.862
1.8077
1.7349
2.0039
1.9651
2.0946
1.6818
1.9057
2.259
1.6622
1.9062
1.5455
2.0794
2.2874
2.3664
1.9471
1.3161
2.2993
1.3734
1.7019
2.2967
2.0106
1.4554
1.1613
1.6845
2.0408
1.8061
2.1067
2.2094
2.0818
1.9252
1.4037
2.0801
1.2314
1.955
2.3599
2.376
1.6677
1.8474
2.0083
2.2743
1.8292
1.4098
1.7772
2.0946
2.2559
2.3299
1.782
2.2956
1.6011
2.1274
2.0602
1.626
1.5145
1.9074
2.089
2.3448
2.1025
2.232
1.9615
2.3045
1.9612
1.1878
2.2906
1.5265
1.3799
1.3319
2.1208
1.8356
2.1928
2.3653
2.4411
1.4676
2.1038
2.2072
1.4356
2.3234
2.2446
1.3155
2.0532
1.5419
1.1816
2.0788
1.3267
2.0084
2.0047
1.2827
1.2623
2.0662
2.038
2.0882
2.2935
2.0242
1.4431
2.3471
2.1827
1.6577
2.1564
2.3387
1.5998
2.389
1.958
2.1052
2.287
2.1658
1.4172
2.0852
2.0251
2.0638
2.1242
2.1718
2.1821
1.9327
1.453
2.3637
2.2189
2.3265
1.5363
1.906
2.3816
2.285
1.9922
1.3734
2.2583
2.4343
2.4183
1.2554
2.3897
1.7902
2.2106
2.2235
1.933
1.5504
1.5086
2.274
2.3042
1.6155
1.556
2.0387
2.024
2.1278
2.0195
1.471
2.3842
2.2915
1.972
1.6714
2.1692
2.2809
1.3693
2.1954
1.5835
2.2877
1.74
2.2155
2.3055
2.276
2.1216
1.9712
1.3272
2.0952
2.091
2.3662
2.1565
2.2432
1.7465
2.4377
2.1928
2.2427
2.4191
2.2333
2.2677
1.5232
2.1728
2.1396
2.2815
2.1926
2.2356
1.6068
2.1059
2.3728
1.5218
1.1412
2.1206
2.053
1.7512
2.0407
2.2362
2.3093
2.2997
2.3545
1.6748
2.1203
2.3034
1.8376
2.008
1.5004
2.0348
2.2608
1.9978
1.9104
1.459
1.7799
2.1604
1.6527
2.3151
2.162
2.3087
1.9973
1.7475
1.4433
2.3273
2.0527
1.4686
1.5471
1.4941
1.7315
2.2378
2.2451
2.2923
2.1543
2.283
1.5936
2.0622
2.3703
2.1788
1.8587
2.3913
2.4267
1.5166
1.8785
2.1147
1.9106
2.2825
2.2319
1.2498
2.1585
1.4012
2.0135
1.9542
2.298
2.1454
2.1129
2.3023
2.1797
2.1452
1.3639
1.7287
1.4301
2.4499
2.1267
1.444
2.168
2.3676
1.4924
2.1547
2.1493
2.1898
2.3705
2.2296
2.174
1.8424
2.1475
2.0941
2.2282
2.1583
1.6772
2.2953
2.0308
2.0635
2.4503
2.1161
2.1747
1.7129
1.3311
1.4936
1.9874
2.2512
2.2108
2.2847
2.1141
2.0407
1.9783
1.4504
2.3473
2.2404
1.7518
2.2351
1.598
1.7612
1.9681
2.1684
2.0629
2.1273
2.2664
1.6173
2.3115
2.0899
2.233
1.6914
2.1596
1.3793
1.8792
1.6658
2.1155
1.3025
2.4152
2.0093
1.296
2.1487
1.6846
2.382
2.1861
2.1118
2.2167
2.2888
2.1707
1.2915
2.1641
2.1287
2.014
2.1884
1.9311
2.0585
2.3636
2.0126
2.222
1.9485
2.3131
2.3395
1.5576
2.3983
2.3075
2.1511
2.3916
1.6695
1.8413
2.393
1.9234
1.8527
1.2607
2.1825
1.9314
2.1398
2.3029
2.4696
1.7919
2.38
2.0579
1.4335
1.5334
1.649
2.0575
1.5994
2.2278
1.584
2.2318
2.2764
1.4062
1.2861
2.3699
2.3231
2.0604
1.7584
2.1281
2.1665
2.2082
1.8924
2.335
1.6336
1.6341
1.4603
1.9859
1.6885
2.2824
1.5252
2.1953
2.1209
1.6765
2.4176
1.6905
2.4086
2.408
2.0343
2.3853
1.8402
1.8017
1.8041
1.4161
1.4266
1.5929
2.1393
2.162
1.5168
2.1084
1.7561
2.1404
2.3874
2.0691
1.9425
2.285
2.1505
1.8304
1.9488
1.9878
2.2195
1.5133
2.2175
2.2087
1.9444
2.1903
2.3253
2.3811
2.3304
1.9
1.8815
1.9302
1.4978
1.5466
2.3125
2.0201
1.6219
2.3367
2.0479
1.945
2.3668
2.3811
1.3663
1.791
2.1097
2.0534
2.3677
1.4061
1.7905
1.9648
1.4499
1.7609
2.1057
2.249
1.8421
2.1879
1.6737
1.6744
2.113
1.8329
1.9427
2.4033
2.1199
2.2199
1.8531
2.1957
1.9261
2.0039
2.3967
2.0436
1.4135
1.9091
2.3119
2.0809
1.4054
2.1607
2.4324
2.28
2.0926
2.4008
2.2762
1.9752
2.1701
1.429
2.1168
2.2249
1.1935
2.1629
2.2079
2.3194
1.3996
1.4987
1.7356
2.1755
1.9458
2.2205
1.4953
2.3022
1.8983
1.6442
2.4342
1.869
2.1746
2.0464
1.2542
1.6994
1.6789
1.604
2.3445
2.4101
2.5459
2.4231
2.3641
2.1034
2.1234
1.597
2.2326
1.992
2.2885
2.1444
2.2055
2.1525
1.3672
2.1278
2.2646
1.501
1.6471
1.8625
2.1766
1.8007
1.496
1.645
1.4828
1.9083
2.2444
2.0801
2.0213
2.177
2.3091
2.0394
1.9619
2.0644
1.9468
2.0925
1.956
2.3362
1.8866
1.3175
2.1281
2.3182
1.9116
1.1702
2.2877
2.1925
2.3641
2.4305
1.9601
2.3272
1.5597
1.4637
2.249
1.6739
1.8105
1.6718
2.1035
2.201
2.2045
1.4717
2.3295
1.5096
2.2829
2.1146
1.6641
2.0629
2.0955
2.3831
1.9839
1.9657
1.9039
2.1491
2.4062
2.1191
1.2741
2.2742
1.9821
2.1495
2.222
2.1156
2.0423
1.6437
1.9659
1.3933
2.1247
1.353
1.6346
2.2246
2.0304
1.5253
2.1275
1.953
2.1627
2.2143
1.2943
1.8473
2.3619
2.3731
2.4048
1.8273
1.7931
2.2691
2.2009
1.8709
2.0396
2.3543
2.2352
2.0394
1.8036
2.3369
1.7886
2.3626
1.3728
1.454
2.4109
2.1772
2.2854
2.2277
2.3607
2.0614
2.1157
1.1987
2.4218
1.9416
2.2721
2.4021
1.2584
2.0498
2.4076
2.1997
2.2202
1.6286
2.301
2.2471
2.3305
2.4104
2.4035
2.304
2.2334
1.9291
2.0963
1.1554
1.5236
2.1397
1.6059
1.9452
1.4859
1.8859
2.3513
1.6333
1.6915
2.208
1.718
2.0733
2.1104
1.2497
2.2162
1.8255
1.9663
2.3698
1.8473
1.9322
1.6252
2.0401
2.1048
2.3593
2.2695
1.2542
2.0217
1.8706
2.427
1.363
2.1652
2.2146
2.1333
1.8592
1.9625
2.3264
2.1605
1.4931
2.3267
2.3712
1.9189
1.8412
2.1885
1.5941
1.6456
2.2385
2.1367
2.1348
1.939
2.3798
2.2887
2.105
1.985
2.1088
2.3731
2.0813
1.6983
2.2194
2.3177
2.44
2.0093
1.7428
2.1506
2.1125
2.2599
2.3356
2.3695
2.2735
2.2973
2.0135
1.4702
2.1046
1.8645
2.0938
1.5647
2.1994
2.3769
2.2013
2.2385
2.1062
2.1331
1.6078
1.2907
1.762
2.2769
2.3086
1.9511
1.866
1.9293
2.1931
1.5577
1.7633
1.6636
2.117
2.3467
1.6231
2.219
2.0998
2.3819
1.9635
2.15
1.7788
1.7001
2.3021
2.2884
1.8687
1.5679
1.925
2.3287
1.4815
1.4606
2.1338
1.6222
2.2918
2.3349
1.9662
1.9869
2.1226
2.2769
2.024
2.3089
1.509
1.8361
2.0205
2.2601
2.2937
1.9348
1.1575
2.2168
2.2819
2.3327
1.9116
1.4496
1.9034
2.2063
2.247
1.817
2.1425
2.3756
1.4607
2.1244
1.9415
1.9715
1.6841
2.1592
2.1282
1.3683
2.4112
1.7033
2.0872
2.31
2.4464
1.2361
1.1868
1.5831
1.9782
2.1686
1.901
2.0327
2.2876
1.8878
1.6229
2.0621
2.2131
1.9724
2.4143
1.6214
2.2688
2.2465
2.1873
2.0131
1.9466
1.5972
1.3864
2.5285
2.2636
1.7814
2.1573
2.1836
1.7508
2.1415
1.7453
2.1817
2.2355
1.8222
2.2696
2.1223
1.8565
1.4417
2.0831
2.0006
2.3127
2.1458
2.2461
1.5729
1.4019
2.2573
2.0442
1.8639
1.7281
2.3057
1.5003
2.1411
2.0021
2.1634
1.4828
1.6678
1.3296
2.2496
2.3517
1.8849
2.0175
1.254
2.0316
1.7387
2.0938
2.115
2.2908
2.1159
2.0922
2.1103
1.4674
1.7099
2.2449
2.262
1.9443
1.7248
2.2404
1.8457
2.3575
2.1514
1.975
2.2648
1.7244
2.0263
1.8488
2.0459
2.1507
2.3328
1.7919
2.0326
1.9221
1.2364
2.3136
2.0305
2.1988
2.1063
1.9308
1.4114
2.173
2.2412
2.2679
2.2623
2.4167
2.2967
1.829
2.0303
1.5166
2.1775
1.4713
2.0438
2.2807
1.6694
2.2589
1.5036
2.3215
2.3167
2.2312
2.2864
1.5096
2.0935
2.0745
2.0915
2.3165
2.3397
1.653
2.0975
2.1707
1.4747
2.2878
2.1575
1.3706
2.3295
2.1045
2.1899
2.3166
1.3286
2.0454
2.4034
2.1449
1.9712
1.4856
1.4193
1.5482
2.1149
1.8817
2.0905
2.0032
2.2932
2.0368
2.1095
2.0977
2.1698
2.1119
1.817
2.0157
1.8569
1.6744
2.2556
1.5231
2.3537
2.1061
1.7588
1.8165
2.078
2.2724
1.9417
1.5571
2.0522
1.9101
2.3923
2.1567
1.5061
1.8619
2.2977
1.6956
1.8993
1.4337
2.1035
2.2298
2.2159
2.2231
2.1768
2.2666
1.9052
2.4121
2.0666
2.2786
1.8612
2.0419
2.3416
1.5993
1.7197
1.3198
2.2944
1.8343
2.351
2.2714
1.9903
1.217
1.7382
2.1456
1.7885
2.1031
2.0309
2.1122
2.1619
2.0854
2.217
2.4614
2.08
2.1638
2.2122
2.2371
2.2657
1.7489
1.2351
1.8683
2.3806
2.0823
2.1659
2.4579
1.649
2.1723
2.2713
1.4335
2.3294
2.0924
2.2352
1.9205
2.2581
2.0293
1.4062
1.8343
1.4681
2.1553
2.2575
1.4788
2.265
2.0895
1.5812
2.2157
1.975
1.4452
1.4666
2.3539
1.9489
2.1155
1.7306
2.1752
1.5863
1.2272
2.2375
1.832
2.412
2.2415
1.8212
2.2707
2.2824
2.3049
2.4059
1.3705
1.6085
2.3163
1.955
1.3191
1.6619
1.9527
2.2769
2.2698
2.047
2.0158
1.8707
2.385
1.7277
1.8364
2.1641
2.1062
1.4256
1.8998
2.3628
1.5582
1.7499
1.762
2.1959
2.1889
2.2491
1.5167
2.2082
2.1891
2.3605
1.4077
1.9797
2.1244
2.1483
2.1805
2.3742
2.4643
1.8396
1.7052
1.5383
2.2958
2.1686
2.1579
2.2419
2.0883
2.4289
1.5854
2.3165
2.0819
1.6596
2.0962
1.2187
2.1554
1.9874
2.2553
1.9891
1.8708
1.9431
2.0958
2.3471
2.3031
1.2969
2.1922
1.9566
1.866
1.2491
2.1693
2.2247
2.1743
2.019
1.8792
1.909
1.5693
1.4696
2.2111
2.0511
1.8486
2.2666
1.5765
2.1523
2.1815
1.7441
1.4411
2.2988
2.3563
1.4651
1.8893
2.269
1.4637
2.3601
2.4176
1.7556
2.3881
2.3499
1.9618
1.4906
2.2911
1.3681
2.312
1.7992
2.3529
2.319
2.2159
2.133
2.0974
1.3375
1.5062
1.8568
1.8697
1.9882
2.2347
2.0191
2.4099
2.3097
2.195
2.3377
1.6517
2.1806
1.8943
1.5771
2.0276
2.1178
2.0785
1.1687
2.2935
2.1084
2.3018
2.1322
2.2487
2.0572
1.9128
1.4414
1.4536
2.2996
1.7392
2.354
1.8313
2.3557
2.2339
2.1676
1.9295
1.5836
1.9727
1.7456
1.7801
1.7514
1.7569
1.8706
1.9181
1.7693
2.3117
2.4104
2.3918
2.0604
2.394
2.2468
1.9478
2.2224
2.0398
1.9593
2.0166
2.2527
2.2864
2.4025
1.9017
1.8537
2.2126
2.0252
2.082
1.4298
2.2812
1.9279
2.2534
2.1114
2.3934
1.706
2.2221
2.0348
1.3866
1.8054
1.9025
1.7624
2.3657
1.4481
1.7047
2.0959
2.1244
2.2757
2.0944
1.8694
1.576
1.7433
1.9527
2.0949
1.7014
1.2658
1.3398
2.4086
2.2577
2.232
2.2379
2.3537
2.2499
1.678
2.3497
1.6903
2.0584
2.1518
1.2108
1.8452
1.8171
1.5819
2.3183
2.1969
1.4136
1.5421
2.3785
2.102
2.3601
2.3275
1.5533
1.7113
1.4936
2.259
2.0748
2.1245
2.3358
2.3683
1.7736
1.7532
2.1305
2.4143
1.6282
2.0782
2.2318
2.0539
1.3145
1.404
2.3685
1.3806
2.3245
1.4996
1.8708
2.3644
1.767
2.2412
1.6929
2.2965
2.0178
1.7936
1.5931
1.5066
2.2852
2.1169
1.9936
1.9362
1.5511
1.6217
1.3961
2.3196
1.6236
2.4
2.2341
1.6558
2.1537
2.2995
2.0285
2.3033
1.7396
2.0759
1.8608
1.4262
1.8127
2.3654
2.4565
1.8156
2.1496
1.7249
2.3531
1.7906
2.3089
1.9908
2.2011
2.2676
2.3348
2.1054
2.0941
1.5592
1.9712
1.933
2.4188
1.5738
2.1458
1.8947
2.1955
2.3047
1.9029
2.3046
2.1914
1.6076
1.8898
2.2115
1.3081
2.177
2.2066
2.1011
1.5241
2.3223
1.5691
1.2439
1.6984
2.0314
2.0542
1.9385
1.9951
1.311
2.051
1.5734
1.72
2.2786
1.7552
2.3156
1.5395
2.2837
1.9085
2.1999
1.6524
1.4345
1.8553
2.1791
2.2831
1.653
1.5586
1.5162
2.3216
2.5
2.207
1.6997
1.8565
1.9208
2.2167
1.4123
1.96
1.7939
2.1584
1.8462
2.1333
2.3161
2.3539
1.8826
2.2282
2.1319
2.0579
2.2188
2.4324
1.3119
1.8434
1.7845
2.3111
2.0851
2.135
2.1114
2.0641
2.2319
2.2374
2.2463
2.4716
1.9899
2.3091
1.6068
1.6043
2.2136
2.3678
1.9466
2.2554
2.1298
1.2054
1.9194
1.6669
2.335
2.3153
1.9833
2.3222
2.1171
2.2515
2.496
2.2001
2.4134
2.4578
2.4229
1.3956
1.5976
1.998
2.332
2.2543
2.006
2.1204
2.2932
2.1781
1.4806
2.3304
1.9024
1.5269
1.5196
1.4591
1.7639
2.1763
2.2468
2.3474
2.3873
1.7747
2.3618
2.3578
1.3441
1.4941
1.6698
2.3698
2.0235
2.2932
2.3693
1.3191
1.9455
2.2476
1.9224
1.7883
2.2897
2.2502
1.6161
1.8189
1.6269
2.2026
2.1541
2.406
2.1649
1.4261
2.4425
2.2812
1.5539
2.2335
1.7584
2.1659
2.0377
2.3367
1.9379
2.1661
1.9025
2.2261
1.7511
2.0844
2.4138
1.5696
2.1882
1.9035
1.3564
1.9556
2.0149
1.5152
1.8994
2.2733
1.9564
2.1327
1.9792
2.24
1.9596
1.8395
2.279
1.2921
2.3025
1.7927
1.3632
1.5345
1.468
2.1334
1.8355
1.5103
2.3229
2.1046
2.4084
1.9999
1.9705
2.0235
1.2118
2.2559
2.421
1.4921
2.1532
1.3592
1.7857
2.0561
1.8618
1.543
2.0034
1.8284
2.1726
1.9735
2.0429
2.3497
2.379
1.9408
1.9926
2.379
1.9141
2.049
2.2745
1.5749
2.0352
2.4632
2.2217
2.2716
2.3329
1.3233
2.3422
2.1154
2.1434
2.3697
2.2279
1.8317
2.1363
2.1984
2.2476
2.087
1.6476
2.4201
2.0172
1.3349
2.1523
2.2079
2.3693
2.1924
1.6658
2.3771
1.8655
2.3287
1.9534
2.3929
1.4425
2.1386
2.0908
2.3488
2.0077
1.6417
1.7027
2.2833
1.8974
1.2979
1.8041
2.1084
1.2945
2.062
1.8928
1.3087
1.6203
2.1281
2.4978
2.2122
2.2
1.8586
2.0351
1.4862
1.6853
2.0209
2.2219
2.3377
2.2163
2.1137
2.2066
2.2373
2.2765
1.6438
1.9729
2.2122
2.2284
1.821
1.9984
2.3348
2.1583
2.1986
2.3247
1.7514
1.6368
1.9159
2.46
2.2072
2.1816
1.5388
1.732
2.039
1.9728
2.3428
2.1054
1.2472
2.2082
2.0161
2.1462
2.1318
2.06
2.2532
2.0412
2.2055
2.0455
1.595
1.8617
1.9416
2.1593
2.2729
1.6132
2.2748
2.0393
2.2227
2.3042
1.6799
1.3713
2.2426
2.3401
1.9847
1.8005
2.0722
2.1998
2.0659
1.7823
2.4143
2.2581
1.9202
2.1759
2.2792
2.2132
2.2526
2.3144
2.3802
2.1241
1.8722
2.2868
2.205
1.2669
2.4003
2.1399
2.0792
1.7439
2.2454
2.2215
1.9098
1.6136
2.1353
1.9977
2.0319
2.3851
1.9572
2.2523
1.2884
1.4019
2.0294
2.3748
2.2918
2.1694
1.5569
1.8421
1.9279
1.6916
1.4115
1.6438
2.2879
2.2953
1.7863
2.2853
2.3831
1.4689
2.2674
1.8539
2.0581
2.3351
2.1576
1.8801
1.4635
1.5755
1.8905
2.1459
2.208
1.8879
1.9851
2.1288
1.7047
1.737
1.385
1.3916
2.3801
2.1828
1.7685
2.2423
2.2905
1.9795
2.2399
2.0736
1.911
1.5059
2.1547
1.595
1.729
2.2183
2.0749
1.4317
2.3631
2.0451
2.3788
1.5318
1.5122
2.0368
1.8246
2.2634
1.7453
2.2842
1.547
1.5463
2.2909
1.6269
2.1342
1.545
1.7612
2.3719
2.2903
2.3361
2.377
2.3585
2.3507
2.3094
1.9105
2.2191
1.3531
2.0662
2.2078
1.9044
1.6231
2.037
2.0368
1.3975
2.207
2.4112
2.3527
1.5042
1.2954
1.4241
1.4365
1.4843
1.5709
1.7158
2.1063
2.3899
1.999
2.3102
2.3162
2.2728
2.2502
2.2139
1.7994
1.7696
2.2643
1.6499
2.3786
1.9555
2.0728
2.2713
2.177
2.2226
1.6471
1.5202
1.7776
1.8952
2.1477
1.2806
1.7396
1.867
2.1733
2.3513
1.4734
2.1559
2.1785
1.7809
2.1886
2.2262
2.3765
1.7962
1.7597
2.0035
1.9495
1.7852
2.3103
2.3289
1.8986
1.9904
2.2918
2.2909
2.3614
2.253
1.7203
1.9803
1.8563
1.2269
2.2029
2.1162
2.0576
2.2825
1.7246
2.2545
1.9387
1.3938
2.0176
2.3188
2.1383
1.8112
2.1724
2.2035
1.9409
1.5255
2.1972
2.2469
1.6325
2.1741
2.0525
1.8778
1.8262
1.6377
2.2861
2.1583
2.3545
1.5273
2.0609
2.3249
2.235
1.5768
2.3105
1.4043
1.2385
1.678
1.3004
1.4925
1.7212
2.2254
1.7689
2.1888
1.7677
1.8664
2.2031
2.061
2.2103
2.0203
2.0121
1.7904
2.2706
2.1492
2.2925
2.5012
2.3084
2.2632
2.2469
1.6202
2.3255
1.8638
2.332
2.3033
1.2867
1.8921
2.2354
1.9924
2.009
2.2532
2.0296
2.0268
2.113
2.0127
2.1649
1.8816
2.2108
2.1741
1.7507
2.2974
2.0723
1.8326
2.1108
1.3334
2.3314
1.5877
1.729
2.0565
2.2221
1.9451
1.9091
2.232
2.1951
2.0057
2.1846
2.2541
2.117
1.3174
2.1848
1.8267
1.75
2.251
1.9573
1.5882
1.1315
2.3929
1.4822
2.3334
2.3423
2.1994
1.9794
2.1514
2.1442
2.319
2.2573
1.9438
2.4144
2.0098
2.3656
2.3747
1.3986
2.2561
2.0661
1.565
1.4592
2.1513
2.0426
2.2251
1.5044
1.6776
1.7783
2.2323
2.1807
2.3366
1.6839
2.0365
1.7371
2.1432
1.6283
2.0651
2.2535
2.075
2.0799
1.6632
2.1232
1.8607
2.2089
2.2307
2.3118
1.4783
2.2401
2.1661
2.1585
2.0277
2.0688
2.1167
2.1307
1.3545
2.3713
2.2421
2.2516
1.9548
1.8044
2.3201
1.5893
1.5166
2.3856
2.2017
1.8598
2.3384
1.9219
2.0861
2.2558
2.2244
1.8577
2.1678
1.9075
1.9426
1.4634
1.7612
1.4957
2.4566
1.3565
1.5694
2.3181
2.1557
2.3478
1.543
1.9011
2.2093
2.374
1.9409
1.5605
2.3609
1.7718
2.2133
2.353
2.3212
1.9405
2.1396
1.6915
1.1843
2.2595
2.1981
1.8777
2.3106
1.6117
2.4212
2.0137
2.0875
2.4437
2.3243
1.5512
2.3065
2.3362
2.1644
2.3292
1.3846
1.4585
2.3124
2.077
1.753
1.7801
2.3778
2.2215
1.9548
2.3624
2.0756
2.2934
1.985
1.2328
2.0997
1.1952
2.3426
2.1386
2.4047
2.3155
1.9402
2.1219
2.339
1.9254
1.6928
2.3599
1.9552
1.7016
2.4648
2.3246
1.7674
1.9394
2.0987
2.042
1.7166
2.3283
1.9843
1.5749
1.719
2.2815
2.1564
1.1581
2.0604
2.143
2.0209
1.7389
2.1616
1.8956
1.9613
1.1964
2.3136
2.1357
1.4286
1.4017
2.3345
2.0798
2.3631
2.0148
1.6657
1.8489
1.2664
1.7192
1.3554
1.2663
2.3373
1.8763
1.3711
1.4555
1.454
2.3203
2.2708
2.2493
2.3923
2.223
2.1903
2.2195
2.1485
2.2842
1.9563
2.1942
2.1871
1.2759
2.1095
1.5709
1.8737
2.0493
1.1628
2.2569
2.4831
2.3341
2.0247
1.8825
2.1753
2.314
2.3575
2.0629
2.1272
2.3878
2.2463
2.2873
2.0224
2.1611
2.0111
2.355
1.8902
2.3463
2.1899
1.7261
1.8954
2.4067
2.0101
2.3051
2.1548
1.2169
1.6416
2.3104
2.0349
2.1914
2.3896
2.1001
1.9151
1.4704
1.4954
2.2052
2.2186
1.9319
2.1505
2.3375
2.1249
2.0183
1.3867
2.435
1.4806
2.1032
2.2181
1.6007
1.3479
2.3374
1.9304
1.8073
1.9911
1.5949
2.3677
2.3843
1.6593
1.5129
2.0531
1.7899
2.4465
2.3174
2.2362
2.2418
2.188
2.1705
1.5181
2.3514
2.1427
2.0726
1.5466
2.2411
2.3685
2.2487
2.3302
1.4753
1.3006
2.0911
2.0078
1.2789
1.8778
2.1896
2.4003
1.3868
1.3701
2.1741
1.6271
2.0713
2.1984
2.3997
1.9046
1.4283
2.2219
1.7404
2.1192
2.061
1.6088
1.6976
1.7133
1.4293
2.2718
2.3928
2.3394
1.9512
2.2296
2.3118
2.2652
2.1415
2.1663
2.419
2.0383
1.282
1.9155
2.3648
2.3311
2.2308
2.1962
1.3932
2.1453
2.2899
1.945
2.1098
2.4022
2.3085
2.3363
2.3503
1.1879
2.3651
1.8701
1.6053
1.6073
2.2855
1.3043
2.2849
1.5211
2.3834
2.3749
2.365
1.9077
1.9073
1.9151
2.0356
2.1725
2.2346
1.8816
2.1389
1.8574
1.6586
1.9114
1.798
1.4438
2.3212
2.2804
2.2132
1.2482
2.2169
1.8272
2.1789
2.088
1.3807
1.7774
2.2126
2.0902
1.9214
1.6546
2.2673
1.1424
1.5164
2.0353
2.1549
1.8785
2.3637
2.2672
2.2022
2.3481
2.0152
1.8497
2.3058
2.167
2.0591
2.3003
2.3335
1.8602
2.3185
1.7303
2.3143
2.3681
2.2098
2.0065
2.2748
2.2867
2.1579
2.3296
1.2426
1.7886
1.7286
2.2376
2.2365
2.0106
2.0274
2.266
2.0951
2.2261
2.1104
1.5842
2.152
2.2269
2.0637
1.6786
1.6249
2.2902
1.7975
1.692
1.6592
2.3154
2.0137
1.9789
1.7915
2.3976
2.0587
1.6402
1.1972
2.2389
2.1213
1.8669
2.4418
1.9534
2.3744
1.8185
1.3828
2.4516
1.5088
2.3943
2.3214
1.8659
2.0674
1.3795
1.9499
1.5354
1.5559
2.2043
2.019
2.4117
2.2739
1.4106
2.2364
2.1653
1.8642
1.582
1.9776
2.3328
2.3085
1.2235
2.0707
1.6924
2.2973
1.932
2.1222
1.8616
1.5237
1.8069
1.7654
2.1066
1.9887
2.1581
2.2646
2.0197
2.1164
2.2766
2.3636
2.0206
2.2437
2.1589
2.0255
2.4171
2.2357
2.1405
1.8015
1.8329
2.3016
1.4252
1.978
2.2645
2.0716
2.2942
1.8077
1.6682
2.1063
2.095
1.4101
2.1521
1.9894
2.3646
2.2053
2.2497
1.3401
2.2005
2.3019
1.8281
2.3486
2.3254
2.4021
2.1941
1.4127
2.2582
2.3392
2.3385
2.0661
2.1628
1.2688
1.9124
2.1638
1.9343
2.4021
1.4231
2.3595
2.0894
2.2557
2.0898
2.3739
2.2339
2.4165
1.5805
1.7565
2.2652
1.9407
2.0431
1.5919
2.0373
2.005
1.7931
1.4061
1.9967
1.5528
2.1698
2.1339
1.4247
1.7023
1.9701
1.6511
1.5753
2.1702
2.2384
2.3136
2.365
2.1682
1.9446
2.078
2.2077
1.5779
2.1222
1.5341
1.9879
1.8296
2.0351
2.1734
2.0319
2.0648
2.0726
1.4408
2.3647
2.2821
2.1621
1.5098
2.2965
1.525
2.2847
2.1745
2.2624
2.0756
2.1707
2.436
1.327
2.0899
1.6721
2.1753
1.65
1.4847
1.8055
2.4379
2.2491
2.1418
1.1817
1.46
2.2375
1.414
2.1903
2.447
2.1979
1.4505
1.4268
1.3831
2.1074
2.2178
1.8195
2.2269
2.0603
2.238
1.5301
2.007
2.3468
1.8463
2.3578
2.1648
2.3962
1.4754
2.09
1.9286
2.3541
1.5706
1.2229
2.3464
1.5502
2.0569
2.2098
2.2342
1.6175
2.0564
1.9473
2.301
2.2828
2.0936
1.5365
2.3561
1.981
2.1548
2.2774
2.2394
2.1749
2.4501
1.7353
2.0916
2.3895
2.0575
1.2852
2.4585
2.1464
2.0603
1.1963
1.8238
2.1619
2.1055
1.9427
2.3061
2.1057
2.1774
2.3208
2.3118
2.2726
1.4383
1.9936
2.4564
1.9033
2.2271
1.932
2.2112
2.3136
2.1632
1.9513
2.242
2.2141
2.1029
1.8426
2.4061
1.8678
1.3825
1.9603
1.1746
1.9227
1.7996
2.2894
2.4401
2.0378
2.0753
2.2092
2.2935
2.2594
1.98
2.4604
2.173
2.2796
2.0579
1.9518
1.4699
2.0486
2.0624
1.6194
2.0993
1.3283
1.4283
2.2199
2.4557
1.9982
2.1739
1.167
2.3901
1.5507
2.3346
2.1788
2.3022
1.9772
1.7267
1.5807
2.2576
2.0824
1.9618
1.8087
1.6601
1.5375
2.1093
2.2563
2.2817
1.8184
2.243
1.2619
1.9186
1.503
1.5898
1.702
2.1175
1.6311
2.3115
1.9124
1.8325
1.3681
2.2707
1.9397
2.2733
1.679
2.2571
2.2606
2.3197
1.8846
1.5531
2.3798
2.3324
2.0989
2.3356
1.3726
2.2423
1.8015
2.301
2.3944
1.739
1.2565
2.2128
2.0492
1.986
2.1331
2.088
1.9954
1.9204
1.8119
2.2063
1.9475
1.9127
1.8353
2.2943
1.2159
2.1309
1.2494
2.1111
2.2901
2.1367
1.4656
1.9711
1.9689
1.9182
2.3516
2.0189
1.8446
1.3146
2.1673
2.0112
2.2559
2.2183
2.048
1.7372
1.5923
2.3544
2.2145
1.446
2.3095
2.0576
1.733
2.2143
2.3229
1.7696
2.2626
1.2906
1.5297
2.3472
2.4309
2.381
2.2006
2.4162
2.2882
2.1281
2.1928
1.3929
2.2876
2.3043
2.282
2.4124
2.1731
2.1251
2.3919
2.0187
1.7091
2.1887
1.7056
1.8219
2.0066
1.8958
1.6809
1.8195
2.4239
1.945
1.1148
2.3016
2.3502
1.2726
2.1514
2.4153
2.2051
2.3423
2.0999
1.4722
1.7535
2.2604
2.0072
2.2662
2.1137
1.9464
2.1385
1.4193
1.7805
1.7036
2.2965
2.0799
2.0173
2.1552
1.7533
2.0095
1.9605
2.3416
2.377
1.4839
1.7089
1.2743
2.2632
2.1573
2.1264
1.6653
2.2664
1.9115
1.393
2.3304
1.8083
2.2675
1.8512
1.9954
1.3398
1.528
2.2766
1.9034
2.0008
1.7696
2.293
2.2484
2.2645
2.3951
2.2428
1.8935
2.401
2.266
2.0431
2.1989
1.8748
2.3192
2.1602
2.2461
2.2063
1.5692
2.1529
2.0636
1.1577
2.3327
1.5539
1.4832
2.2298
1.9895
1.9141
2.204
2.0159
1.621
1.9969
1.88
2.4247
1.606
1.7884
1.8034
1.9983
1.9132
2.158
2.2377
2.145
2.154
2.288
2.2518
2.1713
1.5141
2.3359
1.9577
2.3902
2.3511
1.7625
2.321
1.661
1.5956
1.8745
2.2343
2.2181
1.6035
2.256
2.3631
1.7486
1.4583
2.3328
1.6515
1.9423
2.1127
1.833
1.8708
2.2988
2.2468
2.1744
2.1714
1.2684
2.1734
2.3
1.2924
1.5039
1.5767
2.1989
1.9219
2.2261
2.3139
1.5716
1.3931
2.3425
2.2836
1.6684
1.582
2.1813
2.1446
2.2584
1.7115
2.3903
2.2084
1.8872
1.5937
2.2599
1.6505
2.206
1.7431
2.176
1.7144
2.525
1.2913
2.276
2.2376
2.2568
2.3751
1.5384
2.1406
2.3451
2.3921
1.2319
1.7173
2.4201
2.105
1.5276
2.1808
2.2528
1.9963
1.9033
1.9998
2.3301
1.7784
2.184
1.3254
1.1525
2.2874
1.7851
2.0478
1.5001
1.5933
2.3013
1.5692
2.3077
1.3953
1.2618
2.1978
2.0979
1.8998
2.2661
2.285
1.8742
1.9061
1.8658
1.5919
2.1769
2.1228
2.3985
2.1128
2.3165
1.5164
2.1082
2.0621
2.0921
2.0714
2.2113
2.0135
2.2248
1.7809
1.2973
2.2261
2.2017
2.0768
1.5943
2.2622
1.2118
2.1759
1.1271
2.143
2.2469
2.254
2.3769
2.1946
1.7499
1.1321
1.8651
2.1527
2.0003
1.2816
2.1641
2.1479
2.3525
1.6675
2.2524
1.4967
2.3799
1.9683
2.2946
2.0078
2.3218
2.3302
1.6377
1.9419
1.7027
2.4127
2.4514
1.8094
1.5413
1.5003
1.5015
2.329
1.2713
1.9304
2.2633
2.1162
2.0933
1.8474
2.06
1.9684
1.6199
1.927
2.3813
2.1061
2.1465
1.8295
2.0174
2.1373
2.1598
2.0021
1.5124
2.1596
2.3796
2.0326
1.4763
2.3922
2.0643
1.7571
2.2289
2.3462
2.4256
1.7294
2.1225
1.4568
2.4458
1.984
1.983
1.8038
2.1403
1.597
2.248
1.8367
1.9715
2.0075
2.1614
1.902
2.049
1.8293
2.1962
2.3767
1.8394
1.6232
1.8009
2.1088
2.1126
2.0844
1.5197
2.1417
2.1821
1.2141
1.5519
2.3886
2.1129
2.0591
2.4212
2.3594
2.2592
2.3814
1.6746
1.7248
1.3252
1.9509
2.249
2.2946
2.1563
1.895
1.8189
2.1469
1.4623
1.4189
1.9658
1.8794
2.4388
1.9655
1.973
2.2873
2.0795
2.2669
2.1302
1.5318
1.8711
1.6391
1.9557
2.1703
2.1088
2.1609
2.1599
2.539
2.1977
2.1046
2.3794
2.0476
2.2693
2.178
2.4248
1.7987
1.7124
2.0189
2.3832
1.5691
2.0489
2.3818
2.3158
1.8514
1.66
2.1295
1.8054
1.9612
2.3681
2.156
1.8769
1.4759
2.1896
2.1499
1.7791
2.296
1.9319
2.0502
2.1137
1.4453
1.8028
1.4017
2.1641
1.8455
1.8718
2.1996
1.5118
2.3539
1.7577
2.1273
1.7381
2.2958
1.2995
2.1259
1.9465
1.746
2.0436
1.8952
2.1041
1.4643
2.2809
2.2267
2.0361
2.0908
1.5733
1.2214
2.282
2.343
1.3694
1.9648
1.615
2.077
2.2475
2.1937
2.3203
2.3872
1.9864
2.1257
2.3387
2.0667
1.945
1.9436
1.729
1.5018
2.1196
2.0825
1.6927
2.2505
2.0208
1.9775
1.3007
2.2777
1.3553
2.1898
1.5263
1.7284
1.6311
2.163
1.3998
2.1258
1.5963
2.3199
1.6951
1.9017
1.3516
2.1486
1.3475
2.0445
1.93
2.0743
2.0394
2.4396
2.3265
1.986
1.937
2.2066
1.5379
2.0789
2.3654
2.19
2.4765
2.1823
2.1177
1.7162
1.98
1.4995
2.0004
1.9184
1.45
2.0623
2.2137
1.5365
2.1616
2.2165
1.2748
2.0359
2.1115
2.2505
2.3018
1.5241
2.2511
2.3943
1.8493
1.6748
2.0763
1.6243
2.1301
1.743
2.2584
1.5954
1.9043
1.532
1.687
1.3538
2.3252
1.9232
2.3047
2.2363
1.9757
2.2778
1.5358
2.1264
2.3596
2.3692
2.1848
1.8537
2.2189
1.6493
2.0415
1.8571
2.1911
2.2067
2.1693
1.9544
1.3675
1.3587
2.0707
2.157
2.4152
2.0488
1.6991
2.3634
2.1379
2.2053
1.8229
2.0772
2.0874
2.4492
2.3046
2.2782
2.3114
2.162
1.9383
1.9774
2.3206
2.2253
1.7402
2.1085
2.3949
2.3746
1.6072
2.1792
1.3405
2.2467
1.4192
2.0578
1.4908
2.1271
1.9145
2.3402
2.1069
1.7308
2.3336
1.565
2.0248
1.6803
1.6248
1.4358
2.1205
2.3932
1.3232
2.0762
2.0021
2.1479
2.1813
1.3793
2.2014
1.4989
1.8981
1.3733
2.4005
2.3331
1.2484
2.0422
2.1823
2.3799
1.6391
1.8802
2.1053
2.2862
1.6419
2.0294
2.4393
2.0835
2.1654
2.2978
2.2967
2.2041
1.5013
1.4273
1.7386
2.2435
1.9718
2.2156
2.2705
1.7976
2.4664
2.0157
2.3243
1.6199
1.6368
2.0192
1.8133
2.3592
1.8932
2.0086
2.4578
1.8588
2.2868
1.8576
2.0499
2.3382
2.0802
2.3445
1.6473
2.1972
1.337
2.376
2.2401
2.3403
1.8331
1.9717
2.1984
2.3586
2.1949
1.9934
2.1413
1.9732
2.3612
2.1348
1.7319
2.2625
1.5584
2.2477
1.9574
2.1971
2.4066
1.9023
1.2963
2.2566
1.7311
2.2506
2.1249
2.3476
2.1764
2.2862
1.9928
2.2445
1.5521
1.6995
1.6322
2.035
2.1702
2.2737
1.5331
1.7189
2.1105
2.2262
2.3243
2.126
1.2761
1.622
1.5831
1.9041
2.3811
2.3135
2.1425
2.1154
2.0297
1.691
1.6191
1.731
2.4028
2.0277
2.104
1.8104
1.8377
2.1895
1.1315
1.9433
2.0646
2.1319
2.1475
1.2465
1.9353
1.9744
1.853
2.2126
1.6723
1.8644
1.6816
1.4126
2.0761
1.7046
1.9851
2.1128
1.5646
2.3943
2.1842
2.3888
2.0004
1.6785
2.3415
2.0269
2.0576
1.5069
1.4974
1.5245
1.9921
2.3876
2.2952
1.8357
2.2953
1.931
2.1244
1.9045
2.2049
1.2831
2.3056
2.3881
2.2245
1.8597
2.4116
1.153
1.8032
1.9572
1.4776
2.2519
1.6236
1.2185
1.4904
2.2456
2.2836
1.4088
2.0055
1.6666
2.3024
1.9643
2.0196
1.9038
2.0982
2.1076
1.8702
1.8747
2.0086
1.91
1.4898
2.0483
2.0357
2.0897
2.2424
1.9835
1.9605
1.8149
2.283
2.3331
2.0553
2.3215
2.3363
1.1599
1.6412
1.7919
1.8565
2.4003
1.6146
2.4156
2.2568
1.6762
2.1208
2.3817
2.1121
1.8644
2.1379
1.7177
2.3509
1.7894
2.3879
2.1814
1.5147
1.8649
2.3059
2.0516
2.2019
1.9403
1.8135
2.2241
2.256
2.2649
2.2212
2.1078
1.8104
2.4293
1.9492
1.8116
1.81
2.5002
2.1362
2.228
2.3567
1.6252
2.3024
2.2595
1.6434
2.2619
2.3806
2.0156
1.2831
2.2669
2.1031
2.1622
2.4057
1.9171
2.3849
2.2801
2.2041
1.4715
1.5282
2.0334
2.2769
1.9771
2.4091
1.9419
2.3676
1.3847
2.2206
1.9685
2.3465
2.1514
2.3855
1.7859
2.0029
2.211
2.2673
2.0589
1.741
2.3195
1.9629
2.1744
2.225
2.3349
1.9205
2.0446
2.5036
1.5415
2.1373
2.0094
1.8515
2.4225
1.3226
1.5665
2.1907
2.2553
2.2723
2.0469
2.3477
2.3417
1.5283
2.3625
2.4366
1.5028
1.9518
1.5447
2.2581
1.9225
1.1856
2.536
2.2561
1.6283
2.2461
1.5388
2.2838
1.8175
2.3122
1.9671
2.2372
1.6525
1.4751
1.9343
2.051
2.3223
2.3143
1.5357
2.0946
2.3219
2.1018
1.5277
1.858
2.0975
1.67
1.5101
1.7865
2.3674
1.4545
2.2225
1.946
1.4601
2.0082
2.1563
1.3733
2.3303
1.779
2.3992
1.7483
1.1353
2.4133
2.2569
1.47
1.5323
2.0483
1.7626
2.2975
2.1257
1.6926
1.833
2.1084
2.2137
1.2428
2.374
1.526
1.8944
2.1005
1.4355
1.474
2.1027
2.1747
1.2377
2.0691
1.9676
2.2259
2.0864
2.051
1.5546
1.8185
1.573
2.2772
2.2882
1.7129
2.3888
2.1777
2.2615
2.3093
2.2279
2.1903
1.1971
2.2359
2.2639
1.8824
1.4748
2.3112
1.7742
2.3491
2.0519
2.0215
2.2356
2.1897
1.5163
2.1398
2.1823
2.2898
1.8074
2.2701
2.0088
2.084
2.2352
1.389
2.0876
1.6497
1.684
2.3089
1.9893
1.2339
1.6213
1.8174
1.5963
2.2328
1.8327
2.3015
2.3701
2.2033
1.5817
1.7019
2.1808
2.3172
2.0244
2.2024
1.7841
2.1704
1.3382
2.0214
1.9992
1.525
2.2442
2.0935
2.1368
2.0258
2.307
2.2099
1.4688
2.0963
1.4823
2.0672
2.1907
1.4283
1.8582
1.9415
2.2027
1.3438
2.3166
2.145
2.1547
2.3639
1.5478
2.2534
1.8644
2.0943
1.606
2.3009
1.9822
1.3405
2.0633
2.4051
1.3407
2.3859
1.4944
2.1841
2.2891
2.3775
2.3513
1.4689
2.0465
1.3398
1.9594
2.0663
2.3762
1.814
2.0662
1.4153
2.2691
2.0043
1.4457
1.5952
2.1319
1.5077
1.4605
2.3888
2.1784
1.6465
1.4925
2.1691
1.8416
1.6718
1.3903
2.3375
2.3001
2.3361
1.5561
2.1585
1.959
2.4114
1.9005
2.4824
2.208
1.321
1.2024
1.4119
2.3184
2.2062
2.2565
2.1841
1.9105
2.2561
1.3004
1.882
1.2459
1.795
2.1053
2.3291
2.0317
2.1265
2.0705
2.0988
2.3921
2.292
2.2143
1.9774
1.3832
2.3997
2.377
1.6704
2.0888
2.2023
2.0499
2.2203
1.5994
2.2874
2.0
2.268
1.554
2.2188
1.2416
2.1866
2.415
1.9598
2.022
2.2622
2.2582
1.7334
1.7896
2.3505
1.9194
2.2634
1.8324
2.0667
2.3072
1.6575
2.0824
2.2222
1.4081
1.5358
2.1738
2.1819
2.3162
2.3115
1.7173
2.0854
1.7083
2.1859
1.4082
2.1115
1.8898
2.3996
2.2783
2.0796
1.9115
1.9145
2.17
1.5402
1.7583
2.1652
2.1757
2.4302
2.0571
1.9994
1.872
2.0687
2.2818
1.8169
2.0383
1.8715
2.2936
1.9582
2.4246
2.3386
2.3669
1.7492
1.2035
2.285
2.1381
1.7514
1.9112
1.6885
1.6956
1.2146
1.7318
2.4099
1.4606
1.8044
2.1572
2.0049
2.4047
1.7244
1.5258
1.5438
1.5699
2.3838
2.2266
1.1943
1.6251
2.2787
2.3558
1.8962
2.2736
1.9159
1.2146
1.9529
2.2515
1.162
2.0439
2.2386
1.5692
2.2297
2.4055
1.8688
1.234
2.4397
1.8839
1.9628
1.9574
2.2551
2.254
2.1559
2.3452
2.1844
1.3858
1.791
1.6926
2.3769
1.3786
1.9639
1.5951
2.086
1.3868
2.2986
1.9867
2.2365
2.057
1.7325
1.9232
1.3662
2.1468
2.2942
2.0707
2.2236
1.9279
2.1637
2.3496
2.1888
1.5488
2.0907
2.269
2.1101
2.2382
1.2435
1.9393
2.3317
2.1092
2.1453
2.1263
2.1715
1.9877
2.2201
1.9632
2.0666
2.0735
2.2808
2.2515
2.0751
1.9357
2.1102
1.2832
2.4162
2.2292
2.2072
2.2943
2.4064
2.4084
1.3106
2.2931
2.2348
1.9
2.0221
1.4545
1.5828
2.3511
1.7986
2.2377
2.2667
2.1697
2.0675
2.2184
2.3655
2.3512
2.0254
2.1071
1.8842
2.4007
1.7448
2.0982
2.2344
2.1514
2.2453
1.7845
1.3298
1.4592
2.2895
2.2738
2.3187
2.195
1.938
2.2843
1.6833
2.3217
1.8265
2.195
2.3534
1.4695
2.1871
2.3464
2.2778
1.4149
1.9508
1.9279
2.3622
2.1817
2.1211
2.3543
1.9975
1.8339
1.6099
1.9883
2.4102
2.1987
2.1826
1.8492
1.5482
2.3636
2.0255
1.9981
2.1089
2.2123
1.8254
2.0381
2.3288
1.5559
1.9593
2.2533
1.8438
2.2731
2.0305
2.4417
2.3262
2.1552
2.3063
2.1043
2.4044
1.2554
1.9882
1.5918
2.1559
1.8807
1.3212
2.0069
1.7894
2.1604
1.7933
2.1124
2.1877
2.2785
1.9052
2.0475
1.5496
2.1406
2.1461
2.0949
2.0129
2.2904
2.1929
1.733
2.2927
1.6869
1.8952
2.3973
2.2883
1.7641
1.6726
2.4021
1.7342
2.1698
1.2694
1.8235
2.0676
2.1637
2.2972
2.1623
2.0666
2.2752
2.0431
1.9132
1.549
1.8944
1.584
2.1781
2.455
2.4175
2.2637
2.2291
1.9335
1.9749
2.2867
2.2206
1.3311
1.7622
1.8154
2.0651
2.3057
2.1148
1.8076
2.2435
2.3259
2.2819
1.3317
1.6948
2.3175
1.7124
1.9441
2.2511
2.3167
2.2604
2.3101
1.5962
1.623
2.2494
1.9757
1.6768
1.5523
2.2307
1.4378
1.79
2.1528
1.4801
2.1162
2.2335
2.4651
2.1679
2.164
2.1401
1.7025
1.5042
2.4682
2.001
2.4065
2.4647
2.0361
2.4217
2.4624
2.157
2.2246
2.3012
2.2593
1.6694
2.1793
1.7531
1.5038
1.464
1.8346
2.2654
1.8125
1.7432
1.933
2.3138
1.3346
2.3204
2.1934
2.3936
2.4232
1.7014
2.2407
1.3328
1.7993
2.1247
2.1449
2.2214
2.4063
1.2107
2.2321
2.2097
2.0264
1.7722
2.2234
2.3816
2.3481
1.9372
2.2035
2.1333
2.0471
1.8157
2.2241
2.2004
1.9127
1.6723
2.32
2.3955
1.4403
2.0581
1.7154
2.1266
1.9149
1.1865
1.4986
1.3442
1.9356
1.5405
2.1439
2.3367
2.3236
1.239
2.0641
1.8514
1.449
1.6898
2.2965
1.6555
2.0708
2.2802
2.1901
2.1903
2.3357
1.9076
2.0874
1.9434
1.4945
1.7396
1.2442
2.3089
2.3131
1.9495
2.3122
2.2768
2.1158
2.2187
1.5771
1.9288
1.7364
2.4099
2.1602
1.8041
1.9927
1.4364
2.2634
2.0248
2.3126
2.2016
2.2641
2.2398
1.5001
1.732
2.2917
1.6053
2.2609
1.8359
2.1494
2.4812
2.4893
2.3466
2.196
2.3291
1.6903
1.7567
2.0609
2.3624
2.2267
2.3701
2.1523
1.8444
2.0893
1.8495
2.3048
2.1797
1.681
1.6583
2.2839
2.3301
1.4877
2.4048
2.1701
2.1128
1.8108
2.1385
1.5636
1.6455
2.1426
2.299
1.2528
1.9883
2.186
2.2197
2.2172
2.155
2.251
2.2004
2.4007
1.9916
1.9351
2.1552
1.5286
1.4925
1.8076
1.5443
1.7182
2.0661
1.8649
2.062
2.2377
1.4884
2.1765
1.7345
1.6684
2.0632
2.3774
1.2686
1.6434
2.0449
2.1137
1.8931
1.4826
2.1506
2.1435
2.098
2.1613
2.0888
1.6667
2.02
1.9908
2.2028
1.9414
2.2383
2.1373
2.0944
1.8522
2.4078
1.1059
2.4446
1.3536
1.7659
1.9866
2.253
1.8851
2.1943
2.3026
2.264
1.4989
2.1128
1.8169
1.8219
1.5401
1.8474
2.3206
1.4477
1.838
2.2903
1.5201
2.1382
1.9117
1.5044
2.0099
2.1855
1.3717
2.1526
1.4558
1.7509
2.0501
2.06
2.2546
2.1682
1.8666
1.9122
1.7925
1.7265
1.5183
2.3868
2.3015
2.177
2.261
1.8701
1.8864
2.4422
2.1315
2.2458
2.1512
1.4871
2.3238
1.6336
1.8883
2.3171
1.9715
2.2851
2.0559
2.3316
1.3504
1.48
2.0571
1.9332
2.1511
1.6769
2.075
1.5655
2.3601
2.0902
2.3006
1.9489
1.8467
2.2518
1.8858
1.3661
1.5284
1.8603
2.3921
1.6804
2.1973
1.7781
1.8133
2.1965
2.4005
1.7391
2.2494
2.3932
1.5792
1.8794
2.2588
2.1606
2.2801
2.1942
1.38
1.7617
2.2224
2.0017
2.1855
1.4441
2.3932
1.3097
2.0719
1.8278
1.801
2.1432
2.2447
2.2846
2.171
2.2576
2.1568
2.2342
2.1426
1.8685
1.9658
2.4827
1.5806
1.9849
2.1739
1.3146
1.7425
1.923
2.091
1.5145
2.0322
1.6459
1.969
2.2425
2.3218
1.8192
2.2471
1.5454
2.147
1.3888
1.737
1.5073
1.7403
1.8101
2.3745
2.1899
2.2547
1.8918
1.6444
1.6554
1.6955
2.1849
2.503
2.2416
2.2266
2.2858
1.9538
2.193
2.2445
2.2987
2.3405
2.3506
2.0456
1.8345
2.2189
1.8745
2.0089
2.374
1.5288
1.9579
1.7112
2.1824
1.7804
1.8722
1.8742
1.8595
2.2143
1.9308
2.1239
2.211
2.1611
1.3595
1.96
1.8296
1.77
2.0474
1.5438
1.7938
2.213
1.9486
1.842
2.2775
2.3109
2.0955
1.3977
1.8496
2.4019
1.7218
2.0389
2.4042
1.1697
2.174
1.814
2.0975
2.3702
1.4979
2.2918
1.7365
2.0452
1.5328
2.332
1.8613
1.9961
2.028
2.1354
2.2887
1.7488
2.4282
1.7229
1.9621
2.3203
2.16
2.0354
2.0748
2.2846
1.6047
1.7576
1.4861
2.4058
2.3288
1.8858
2.3763
2.1766
2.254
2.3483
1.5839
1.9446
2.1713
1.873
2.2593
1.8131
1.3204
2.0406
1.7599
2.1757
1.9998
1.457
1.6213
1.1415
1.9271
1.7153
2.0826
1.546
1.8122
2.1278
2.2991
2.1975
2.4204
2.0998
2.3197
2.1852
2.0112
2.3218
1.8112
1.6707
2.2021
1.9786
2.1494
2.4033
1.8282
2.3694
2.0866
1.8755
1.4844
1.4339
1.9562
2.0347
2.0598
1.9907
2.3969
2.1999
2.0628
1.637
2.3085
2.2661
2.2556
2.3089
2.1338
2.3664
2.0727
1.795
2.229
1.9969
2.1978
1.5988
2.239
1.1547
2.3849
2.2624
2.0426
1.9064
2.0526
2.3867
1.523
1.9007
1.883
2.3429
2.3368
2.3146
2.3951
2.3007
1.7603
2.3264
1.4217
1.5858
1.6118
2.4493
2.1539
2.0608
2.2007
1.983
2.0097
2.1776
1.4449
1.9865
2.1748
2.2207
1.7408
2.3484
1.609
1.5912
2.3015
2.2913
2.3407
1.7314
1.4854
2.3288
2.2988
1.6677
2.3841
1.8323
2.0079
2.2477
2.312
1.3101
1.5841
2.148
1.7984
2.1973
1.7814
2.3096
1.7221
1.645
2.2665
1.8228
1.5919
1.4339
1.7613
1.4876
2.0299
1.9825
1.4511
2.1143
1.8066
1.4634
1.7284
2.2953
2.2078
2.323
2.0848
2.2144
1.8483
1.513
2.0349
1.4463
1.5714
2.2706
2.1874
1.7302
2.429
2.2647
2.3179
2.4016
1.8686
1.7904
1.3241
1.2738
1.9753
1.8899
1.3171
2.2237
2.2426
2.1953
1.9205
2.0504
1.7856
1.8347
2.3056
2.4772
2.2187
2.1901
1.7437
2.186
2.452
1.9202
2.3461
1.613
2.0726
2.4822
2.0057
1.7799
2.2767
1.8732
2.3468
2.3753
1.7459
1.7348
2.0808
2.3208
2.1621
2.3126
2.0631
1.6326
1.2712
2.327
1.5809
1.8302
1.5838
1.4398
2.3977
1.7916
2.1025
1.9405
2.3183
2.2517
1.7104
2.3962
2.2006
2.4142
1.7322
2.0567
2.1181
1.9991
1.9997
2.2755
1.4084
2.4022
2.0083
1.4439
1.6737
1.6586
1.8907
1.5472
1.2975
2.236
2.1091
1.822
2.3626
1.6623
2.3123
2.1247
2.2315
1.8864
1.5634
2.0943
2.0227
1.6747
2.0968
1.5914
1.7627
1.5292
2.4427
2.0707
1.8496
1.9432
1.3331
2.1876
1.8868
1.7956
2.293
1.8894
2.188
1.1605
1.9945
2.1581
2.4684
1.7413
2.1613
1.4449
1.9192
1.6287
2.064
2.1363
1.9697
1.674
1.7286
2.2104
2.2034
1.8485
1.5119
2.1406
1.9412
2.0781
1.4765
2.0707
2.1811
1.4611
1.5612
2.16
2.1953
2.1885
1.5762
2.2319
2.0568
1.975
2.0385
2.0133
1.4214
1.9603
2.0503
2.3887
2.1639
2.025
2.0824
1.9583
1.3261
1.2643
2.2196
1.9314
2.1449
2.1679
2.0302
1.6742
2.1732
2.092
1.7731
2.2201
2.0904
2.0856
2.0064
2.0155
2.3132
1.9011
1.4191
1.9155
1.9323
1.8571
2.2041
1.7033
2.3514
2.2434
2.2816
2.3865
2.167
1.6313
1.5048
2.0867
2.4419
2.2998
2.1616
2.3546
2.37
2.338
1.979
1.3967
1.5862
1.4663
2.1206
1.893
1.9184
2.3406
1.7799
1.7364
2.2087
2.0717
2.165
2.1794
2.0927
2.2011
1.5295
1.9959
1.6768
2.2502
1.7191
1.6272
1.4645
2.3026
2.4403
2.1962
2.0627
1.9195
1.8349
2.3921
2.3973
1.77
1.6779
1.5896
1.7946
2.2136
1.9197
1.5387
1.4527
2.1213
1.6374
1.7401
2.3212
2.3245
1.4794
1.2429
1.9903
2.1176
2.4024
2.2235
2.101
1.5806
2.325
2.345
1.303
2.1846
1.5109
1.3799
2.339
2.0075
2.1728
2.1937
2.3026
1.3838
1.5866
2.0528
2.1605
2.3498
1.97
1.7665
2.3928
2.279
2.3422
2.2735
2.1985
1.7563
1.6343
1.2211
2.2079
1.7909
2.1088
2.0225
1.4676
1.5787
1.7771
2.2978
1.5124
1.697
1.7631
2.3318
2.4647
1.5521
1.8985
1.4544
2.351
1.5156
2.0908
2.1334
1.9463
2.2846
2.1826
2.216
1.4064
1.4652
2.1842
2.2212
1.8836
1.5225
2.4403
2.2754
2.3822
2.2791
2.245
2.3654
2.2109
2.2497
1.8629
2.2769
2.4097
2.2079
2.2246
2.3069
1.5181
2.3563
1.85
2.2935
1.4823
1.9106
1.6579
1.5127
2.1636
2.0984
1.9862
2.1406
2.1526
2.2863
1.2664
1.211
1.7968
2.0906
2.1374
2.1682
2.2867
2.2287
2.2319
2.4148
2.2014
2.0974
1.9329
2.2729
1.5096
2.2182
2.1379
2.2672
1.9487
1.8436
1.9338
1.8355
1.7596
2.3903
1.7604
1.8085
2.4327
2.2005
1.4581
1.6451
1.7542
2.2595
1.4824
1.9398
1.8807
1.5235
1.8781
2.0084
1.7317
1.5894
1.6061
2.2231
2.1703
2.1249
2.0717
2.2258
2.3304
1.8502
2.376
1.7744
2.1316
2.2576
2.3473
2.3728
1.4532
2.0797
2.3341
2.189
2.048
1.6003
2.2875
1.3615
1.5583
2.3795
1.7789
2.2283
1.8343
1.9109
1.9468
2.2377
2.0527
2.1979
1.2518
2.0711
2.2963
1.9563
1.4496
2.0767
1.8895
2.2745
2.3978
2.0354
1.1812
2.2933
2.0867
2.13
1.4217
2.2666
2.2988
1.6383
2.2921
1.9495
2.2965
1.3267
1.4269
2.0525
2.1564
1.6592
2.3811
1.441
2.3221
1.9288
2.0738
2.1372
1.9857
1.9714
1.8804
2.3185
2.0595
1.3877
2.319
1.3134
1.5531
1.9711
2.0531
1.6351
1.557
1.9926
1.4605
1.7349
2.1338
2.1625
2.2519
2.086
2.1553
1.6903
1.5144
2.3641
1.5147
2.2846
2.3324
1.5088
1.7993
2.2571
2.2451
1.6782
1.3028
1.9884
2.3911
2.1585
1.3655
1.9053
1.9394
2.3606
2.3565
2.4639
2.1015
2.3144
2.149
2.1366
1.7467
1.9411
1.741
2.1111
2.2739
2.0716
2.3589
1.5633
2.2571
1.6767
1.7527
2.211
1.3951
2.2721
2.1802
1.3645
2.2441
2.1248
1.9576
1.604
2.1493
2.2268
2.2853
2.4155
1.5168
1.9851
1.9531
1.4744
2.0694
2.0176
1.6669
1.9328
1.6991
1.8504
1.4956
1.7228
1.7538
1.6545
2.3098
1.2374
1.5734
2.3103
2.02
1.838
2.2141
1.7534
1.3078
1.9605
1.961
2.2835
1.7031
1.788
2.1013
1.7613
2.0137
1.6633
1.8253
1.9794
2.3829
1.9739
2.0958
2.1699
1.9885
2.3077
1.7858
2.0655
2.171
2.0774
2.1901
1.9492
2.0709
1.5905
2.2812
2.0788
2.2411
1.4902
1.8649
2.3215
1.7591
1.4594
1.6824
2.2608
2.2261
2.3611
1.6939
1.9061
1.5162
1.4085
2.3014
2.3599
2.0081
1.8953
2.0451
2.0405
1.8491
1.6322
2.1288
2.1854
2.3006
1.5701
1.7464
2.3028
2.3276
2.4361
1.5872
2.0792
1.9438
2.0328
2.053
2.1138
2.4714
1.9789
1.6132
2.0439
2.1171
2.0182
2.1061
2.3702
2.2041
2.1615
1.5596
2.2935
1.9424
1.854
2.2208
2.1387
1.9987
2.475
2.064
1.5076
2.247
2.385
2.2568
2.2276
1.7693
2.2255
1.516
2.3077
1.8048
2.1035
2.1779
2.1252
1.5731
2.2573
1.9489
1.866
1.9827
1.5668
1.5777
2.1236
2.3418
2.2107
2.3512
2.1274
2.0281
1.7051
2.0869
1.5319
1.9814
1.3141
2.1189
1.8569
2.162
2.2038
1.8847
2.2408
1.7366
1.2286
1.8867
1.785
2.2701
1.3434
1.6511
1.7899
1.5975
1.6003
1.5781
1.9491
1.8703
1.9033
2.2958
1.3785
2.0983
1.851
2.2149
2.1652
2.2719
1.422
1.9477
2.0974
1.9208
1.6184
2.2468
2.1166
2.235
2.1682
2.1581
2.1935
1.4707
2.3305
1.8939
2.3393
1.927
2.356
2.178
2.4492
2.2159
1.803
2.3701
2.13
2.2111
2.0433
2.2814
2.1691
2.1235
2.0446
2.1104
1.8792
1.8831
2.1143
2.3302
2.3906
2.307
1.4594
1.904
2.0422
1.933
2.0868
1.7772
1.8059
2.1848
2.0946
2.0569
1.4738
1.5602
1.9345
2.2776
2.2934
1.5817
2.2179
2.0686
1.8764
2.112
1.5159
2.2302
2.2861
1.3975
2.41
2.0705
2.4157
1.3764
1.5311
2.3197
1.6257
2.0314
2.1019
2.383
2.1183
2.2188
1.6994
2.2137
2.223
2.1
1.8802
2.1225
2.3196
2.1525
2.05
2.1992
2.0698
2.39
2.0049
2.138
2.1436
2.2357
2.2837
2.3718
2.2274
1.5601
2.1959
2.2942
2.0218
2.4436
2.1973
2.0015
1.7984
2.071
1.6256
2.119
2.2847
2.3371
2.4143
2.1962
1.4488
2.3088
2.0985
1.5122
1.5321
2.0794
2.1686
1.6692
1.3872
1.8099
2.1999
2.3131
1.8494
2.2065
1.5806
2.2366
2.1674
1.7402
1.6888
1.1587
1.4678
1.8617
1.3529
2.2792
2.3164
1.5282
1.8965
1.737
1.7645
1.526
2.1863
1.7744
2.0685
2.1737
1.5661
2.2995
2.088
1.8831
2.2672
1.428
1.8484
1.6699
1.4504
2.0479
2.2278
2.1986
2.263
2.1443
1.9959
2.0235
2.0037
2.0498
2.3014
2.0299
2.3961
2.1708
2.1114
2.2168
1.4675
2.2661
2.2194
2.2293
2.0998
1.471
2.1628
2.1853
2.0532
2.0735
1.5924
2.021
2.0816
1.7983
2.2139
2.2539
1.6889
1.8071
2.2974
2.1869
1.3663
2.0116
1.2666
1.8017
2.287
1.8039
2.126
2.1024
2.1093
2.4028
1.555
2.2268
1.9586
1.8865
1.6715
2.0909
1.6635
1.7305
2.0561
2.1724
2.4851
2.4527
2.1741
2.0916
1.9292
2.2504
1.6624
2.396
2.2288
2.3295
2.2941
2.1277
1.9531
2.0254
1.963
2.2835
1.5111
2.0773
2.2954
1.6455
1.6528
1.9276
1.9386
1.9636
2.1309
2.0659
2.1017
1.8888
1.6747
1.7701
2.2527
2.2076
2.0419
2.3471
1.7188
1.7352
1.7027
2.0155
1.8824
1.1927
2.1414
2.3609
1.3971
2.1971
2.3014
2.2452
1.3157
2.0491
2.0207
1.517
2.2465
1.7594
2.2521
2.2888
2.2004
2.0156
1.5232
2.0962
1.7827
2.1965
1.9658
2.0999
2.2492
2.4097
1.996
2.4413
2.1016
2.0331
2.0045
2.3852
1.8608
1.7546
1.9635
2.2849
2.1002
2.2945
2.2615
1.257
2.1792
2.3644
1.973
1.8856
2.4491
2.1125
2.2573
2.1018
1.6921
2.2478
2.2358
1.9669
1.6572
2.4219
1.9802
2.2587
2.1669
1.396
1.9037
2.3752
1.8957
1.6127
1.5664
2.3653
1.147
2.1936
1.6037
2.2601
2.2449
2.2136
2.1847
1.663
2.1793
2.2553
2.2401
2.3095
1.4474
2.1925
2.0184
1.5648
1.736
2.23
2.4056
2.2338
1.8236
2.2886
1.5345
2.1731
1.8708
2.1847
2.1622
2.198
2.099
2.1731
1.7515
2.0299
2.2767
2.114
2.0423
2.3864
2.1826
1.4317
2.2736
1.5631
2.3895
2.143
1.662
2.2929
1.4824
2.1014
1.8686
1.8765
2.3526
2.2275
1.8721
1.3836
2.0358
1.9991
1.9978
1.1649
1.8485
2.1247
1.7328
1.4604
1.5342
2.4215
1.4883
2.0572
2.0766
1.9221
2.0784
2.2611
1.5922
1.4973
2.2655
2.2149
2.0673
2.0562
2.2072
2.342
1.4828
2.3153
2.2748
2.3956
1.2872
2.3315
2.3858
1.7756
1.6939
2.0082
2.3001
2.2686
1.9074
2.0921
1.6945
2.306
2.2484
2.4029
2.2319
2.4372
2.1339
2.174
2.0758
2.4697
2.2088
2.3657
1.9217
1.8128
2.0603
2.4616
1.4875
1.9714
2.1359
1.5922
1.6138
2.3966
2.3044
1.8964
2.3187
1.5446
1.8187
1.2995
2.0115
2.4145
2.4299
2.0594
1.5229
2.2046
1.9788
2.3903
2.2143
1.7984
2.319
2.2068
2.4225
2.2511
1.7173
2.2804
1.4749
2.2634
2.1876
1.9319
2.1355
1.7236
1.5177
2.4579
1.5507
1.4364
1.2362
1.4967
2.3272
2.1411
2.0727
2.2701
2.3495
1.4753
1.4089
2.2007
2.2557
1.6361
2.3294
2.3019
1.1734
2.2132
1.7742
1.9474
1.9928
1.8958
1.8406
2.1569
2.3787
2.3122
1.7348
2.2122
2.3341
2.2974
1.9806
2.0434
2.1556
2.1416
1.9567
2.2551
2.1858
1.1905
2.1515
2.1264
1.3995
2.0563
2.1356
2.1007
2.2499
2.0805
1.8672
2.4112
2.3493
2.0402
2.06
1.8145
2.279
2.0325
1.5075
1.5136
1.3282
2.3436
2.3901
2.15
1.8533
2.0785
2.2591
2.2548
2.1286
1.9346
2.3914
1.7801
2.4002
2.3455
2.1554
1.9849
2.466
2.0574
1.3765
1.6791
2.0557
1.8718
2.1623
1.9307
2.2307
2.2063
2.2174
2.116
2.3423
1.6626
1.8664
2.0538
2.318
2.2205
2.3842
2.0583
2.3278
1.9307
1.7485
2.3404
2.3387
1.4188
1.391
2.3419
1.9571
1.9731
1.7966
1.7958
1.4609
2.2041
2.0795
1.7634
2.2755
2.221
1.9884
2.1064
1.7414
2.4188
1.2259
2.1231
2.2798
2.2928
1.7851
2.2136
2.2028
2.3368
1.7029
1.7005
2.3131
1.7178
2.0367
2.0419
1.1473
1.9214
2.3076
1.6328
1.9647
1.7722
1.5015
1.9207
1.9638
2.0602
2.1795
2.0092
2.231
1.7969
2.0191
1.3334
1.906
2.07
2.0278
1.3651
2.131
2.152
1.6327
2.0461
1.9708
2.1855
1.8493
2.3382
2.1488
1.9493
2.2411
2.3835
1.3542
1.4957
2.0181
1.6923
2.3019
2.2221
2.1848
2.2739
1.842
2.2536
2.1418
1.5937
1.6957
2.069
1.869
1.9812
1.2817
1.7426
1.7807
1.9885
2.1709
2.1043
1.7824
1.7366
1.8035
2.3407
2.199
2.0345
1.4966
1.1102
1.8371
2.328
2.2193
2.3291
2.2836
2.3679
2.3607
2.1541
2.1046
2.1861
2.447
2.2254
2.1605
2.3099
2.0933
2.1283
1.7319
1.9716
2.138
1.5215
2.0365
2.336
1.592
2.2663
1.8451
1.4321
2.1769
2.4555
1.9667
2.3555
2.0037
1.6935
1.2523
1.9302
2.2394
2.26
2.3095
2.3823
2.3849
1.554
1.9135
2.2538
1.9874
2.2597
2.3626
1.9816
2.3476
2.3183
2.0654
1.8722
2.405
1.6428
2.3185
1.2528
1.6143
1.882
1.5707
1.6731
2.0779
2.1898
2.3071
2.3695
2.3616
2.1388
2.1848
2.3436
1.6046
1.9266
2.1665
2.2729
2.4312
1.5237
2.207
1.5561
1.8178
1.7905
2.185
1.2796
2.1388
1.5066
2.3335
1.7744
1.9258
2.1802
1.4324
1.9095
2.322
2.0701
2.1656
2.3326
2.1793
2.0757
2.1621
2.3184
2.0486
2.4477
1.9055
2.1979
1.7588
2.2973
2.1067
2.3254
2.1282
2.3857
1.5735
2.4531
1.4664
2.2343
1.8643
2.3765
2.1249
2.2102
1.4925
1.5782
1.4652
1.5195
1.6753
2.2974
2.1726
2.0438
1.963
2.0709
1.2415
1.8606
1.4769
1.9171
1.9858
1.3847
1.9831
2.2769
2.1527
2.1353
2.1874
2.3137
2.3582
2.0867
1.4012
2.2076
2.1693
2.3032
2.3445
1.5037
1.7672
1.9457
2.1598
1.961
1.5511
1.4543
2.0152
1.7065
1.801
2.1081
1.8724
2.0899
2.2607
2.1502
1.8152
2.3442
2.3062
1.8732
2.1191
2.0774
2.4175
2.3097
1.2999
1.7424
1.1923
1.606
2.4125
1.9998
2.293
2.1539
2.166
2.3317
2.2794
2.4218
2.3462
1.993
1.397
2.2942
1.4203
1.8208
2.3243
1.9466
1.8584
1.6086
1.3088
1.9476
1.6086
2.0105
2.1275
2.0221
1.4722
2.0908
2.1617
2.1154
2.2411
1.3488
2.1496
2.3709
2.0092
1.4883
2.1986
2.4481
1.8091
2.1942
2.2203
1.5752
2.1208
1.4161
1.7057
1.6117
1.1662
2.0448
2.1226
1.5589
1.8737
1.877
2.2402
1.257
2.0867
2.3807
2.1266
2.2163
1.8631
2.417
2.0798
2.3072
1.7436
2.1509
2.0265
1.9109
1.729
1.371
2.236
1.9574
1.9027
2.0467
1.2191
1.9257
2.3218
2.3277
2.4523
1.8227
1.9792
1.3166
2.0741
2.1164
2.1277
1.4863
2.4084
1.8878
1.9123
2.3783
2.1149
1.755
2.2867
2.1293
1.4995
2.283
2.3604
2.3373
1.3922
1.6365
1.9433
2.2623
2.1288
2.1066
2.0298
2.4575
1.4862
1.6466
2.2185
2.3025
2.3436
2.3116
1.4705
1.5836
1.9339
1.8205
1.7466
2.3027
2.1095
1.2934
2.1146
1.7992
2.0218
1.8549
2.2542
1.833
2.1686
1.9672
2.1538
2.0174
2.1739
2.0095
1.9555
1.9202
2.1545
1.9084
1.4815
1.7833
1.1801
2.4054
1.5143
1.548
1.9231
1.563
2.2113
2.3098
2.2228
1.9971
2.2599
2.1499
1.6643
1.6839
1.988
2.2532
2.3163
2.3526
1.4636
1.9204
2.3804
2.1269
2.3476
2.2381
1.9903
1.7938
2.3239
2.0233
2.1407
1.6256
2.3491
2.179
1.5486
2.2196
2.3466
1.9066
2.2879
2.3804
1.4131
2.3026
1.6411
2.3006
2.0514
1.4076
2.3325
2.1595
2.017
1.4961
2.3977
2.2735
2.1071
1.9582
2.1377
2.0425
2.3482
1.3743
2.4377
1.7813
2.1871
1.6266
2.0072
2.1017
2.1916
2.1173
1.5896
1.8019
2.1772
1.4282
2.1637
2.1278
2.0669
2.2442
2.2146
1.4369
1.969
2.1844
2.0537
2.3826
1.6674
1.7393
2.37
2.0911
2.2247
2.3097
2.3264
1.8563
1.3653
1.9466
2.2399
2.2597
2.3412
2.2753
1.67
2.25
1.4959
1.8835
2.3006
2.3468
1.7691
2.2403
2.3349
1.9925
1.329
2.1246
2.0221
2.2324
2.1269
1.7986
1.8943
1.9944
2.1031
2.0643
2.3305
1.6777
2.0544
2.3656
2.0201
2.1325
2.2585
1.9076
1.9575
2.1622
2.1659
2.2223
2.2047
2.1111
1.9587
1.9551
1.5711
2.278
1.8208
1.8651
2.3421
1.7677
2.1575
2.0381
2.3663
2.1643
1.979
1.1635
1.8088
1.9847
1.8268
2.2186
2.1143
2.4771
2.442
1.4347
2.3994
1.7565
2.1826
2.0429
2.261
1.3237
2.3541
2.2505
2.1069
1.7758
2.1632
1.6104
2.3004
1.544
2.4458
2.3381
1.5858
2.0572
2.1617
2.0009
2.406
1.792
2.2047
2.0894
1.7931
2.283
1.3206
2.1286
1.8895
1.9982
2.2746
2.1472
2.1699
2.1839
1.376
2.2617
2.0345
1.5367
2.2674
2.4253
2.2055
2.3915
1.4659
1.3929
2.2815
1.9552
2.0117
1.1424
2.2611
2.3948
2.1825
2.4174
1.4988
1.2746
2.2545
1.8594
2.3518
2.1995
2.3463
1.8728
1.5914
2.1823
1.6935
1.1894
1.642
1.94
2.376
2.0555
1.972
2.3927
1.6531
2.1928
2.2413
2.3805
2.3727
1.9006
2.3333
1.9256
2.3772
2.2457
2.1368
2.1099
2.2103
2.0936
2.3974
2.3658
2.2731
2.2212
2.3571
1.6813
1.7519
2.1153
1.4127
2.4267
2.3548
1.6919
2.0819
2.2416
2.3416
2.361
1.7546
1.1731
1.3213
1.9035
2.0363
2.1831
1.3706
1.8548
2.0425
1.7604
1.5976
1.9717
2.417
2.0465
1.8159
2.2966
2.0745
2.214
2.0155
2.1602
2.2021
2.1005
2.1421
2.4554
1.9234
2.1794
1.8582
1.2673
1.2649
2.3169
1.8898
2.3825
2.0614
2.365
2.2812
2.2318
1.7845
1.6352
1.6051
2.2476
2.007
2.1691
2.1789
2.0351
2.3478
1.8965
2.2976
2.2864
1.9978
1.1488
2.1251
1.7951
2.4595
1.9387
2.4131
2.295
2.0261
2.0294
2.2851
2.0005
2.1052
2.111
2.3193
2.1132
2.2313
2.2296
1.2329
2.4374
1.5186
2.4187
2.0543
2.2352
1.8594
2.0771
2.1797
2.1887
1.6473
2.3412
1.3606
1.6667
2.2036
2.1316
1.4428
1.3776
2.088
2.5133
1.5379
2.1591
2.3328
2.3047
2.3128
1.7805
2.1576
2.3058
2.128
1.627
2.0501
2.4056
1.9946
2.2084
2.2624
2.3927
2.1532
2.135
1.2411
2.4409
2.2209
1.7157
2.2032
1.6914
1.3319
1.9022
2.1119
1.744
2.2731
1.6707
1.5689
1.8667
1.9358
2.2178
2.1729
1.4966
2.0255
2.0241
1.9013
2.2287
2.1134
2.236
2.3351
1.8168
2.359
2.2341
2.0055
2.3667
1.8956
2.1373
2.1902
2.4169
1.6006
2.235
2.3278
1.2609
2.0529
2.0174
2.2229
2.2437
1.6612
1.3822
2.2934
1.6704
2.1626
2.1117
1.591
1.4539
1.5192
1.3923
1.9951
2.2223
1.8096
2.3381
2.4027
2.2419
1.776
1.3147
1.2533
1.866
1.937
2.2661
2.3036
2.2504
2.2232
2.1377
2.2629
2.1647
1.7519
1.4011
2.1415
1.571
1.513
1.8388
1.4434
2.4569
2.1697
2.1813
2.2579
2.0053
1.4887
2.1785
1.6213
2.2928
2.4009
1.6059
2.2106
2.1464
2.4349
2.0616
2.175
2.1331
2.3388
1.9109
2.0725
2.3057
1.5217
1.589
2.0584
2.0008
2.1923
2.0908
2.4326
2.0887
1.9291
2.3358
2.3051
2.2175
2.1532
1.5461
1.6201
1.5274
1.8905
1.5036
2.0518
1.9458
2.3278
2.2269
1.8317
1.9888
2.2426
1.3634
2.3941
1.2178
2.122
1.8616
2.0069
2.2615
2.2435
2.1962
1.7868
2.285
2.3453
2.1585
2.0458
1.8824
2.0926
1.6001
2.1083
2.2985
2.3352
2.3435
1.2765
1.3204
2.141
1.5973
2.1855
1.8236
1.3289
2.4139
1.4283
1.8926
2.2004
1.5301
1.5122
2.3139
2.2192
2.1941
2.2551
1.8241
2.0874
2.1661
2.0878
1.8637
2.2812
1.9839
2.4779
2.1393
2.2565
2.3299
1.833
2.1889
1.1539
2.0744
2.0441
2.2461
1.883
1.8514
2.1443
1.9312
2.2754
2.125
1.5826
2.4209
1.5669
1.7623
2.1671
1.9435
1.8119
2.2315
1.7493
2.298
2.1313
2.3629
1.917
2.1004
1.5552
1.9735
1.9983
2.348
2.3022
1.6384
1.697
1.5253
1.705
2.3595
2.2512
2.2864
2.0976
2.1982
1.3613
1.9975
2.394
2.1061
2.1344
1.567
1.6499
1.8236
2.3006
1.7217
1.9451
2.2093
2.4438
2.4163
1.3161
1.5346
2.0743
1.8373
2.1554
2.279
1.322
1.6732
2.2698
2.1285
1.7903
2.3885
2.0362
2.2848
2.0164
1.5505
2.0282
1.5076
2.3355
2.3612
1.7099
1.3198
2.3339
1.7978
2.2751
1.9397
1.656
2.4735
2.3548
2.2391
1.6998
1.884
2.2283
2.2447
1.8594
2.2388
1.5762
2.2554
1.9463
1.8482
1.9735
2.1907
1.9824
2.4839
2.2284
1.6476
1.7097
2.2303
2.2137
2.2294
1.7556
1.7231
2.0531
1.5599
1.6295
2.2736
2.056
2.1668
2.3385
2.0255
2.1957
1.3991
2.1115
2.459
1.1365
2.2505
1.4509
2.3403
1.6462
2.1455
1.8056
2.1738
1.3318
2.2975
1.7131
2.2707
2.1996
2.2651
1.6772
2.3027
1.8419
2.2119
2.0297
2.2529
2.3826
2.2391
2.2198
2.1633
1.8945
1.9408
2.4374
1.725
1.8766
2.1807
1.7151
1.6338
2.0328
2.165
2.3023
2.2971
2.2696
1.5333
2.4102
1.4742
2.1343
2.0528
2.0794
1.934
2.2469
1.3116
1.9386
1.8418
1.9194
2.1416
2.0155
1.6909
2.3651
2.069
2.1461
1.6857
1.5177
1.7668
1.2605
1.6547
2.3268
1.9087
1.9713
2.3183
2.136
