2.3207
1.5377
2.3515
1.7919
2.0835
2.2685
1.9444
1.2622
1.9507
1.927
2.4812
1.5398
2.3431
1.3297
2.0722
1.6358
2.471
2.1441
2.3248
2.4207
2.2606
1.6342
2.4119
2.3922
2.1981
2.1004
2.3891
2.2159
2.0174
2.3047
1.4652
2.1949
2.0653
1.953
2.4373
1.8471
2.003
1.1643
1.785
1.9155
2.451
1.5011
2.4585
2.3325
1.4968
1.4265
1.9495
1.6134
1.4115
1.8617
2.2648
1.2286
2.4083
2.4042
2.4554
2.4701
2.3781
1.8358
2.1406
2.3867
1.9902
2.1807
1.8092
1.6466
1.7758
2.0996
2.0418
2.0952
2.0874
1.8508
2.3376
2.4514
2.1365
2.3781
1.8388
2.1703
2.4142
1.8748
2.3722
1.9837
2.43
2.3649
1.9436
2.4309
1.4581
2.3789
1.4673
1.7019
1.4894
2.3974
2.2036
1.9758
2.2653
1.5302
2.3689
2.4711
2.4312
1.5335
1.506
1.8433
1.9922
2.258
2.2323
2.1809
2.4662
2.3878
1.7907
2.2076
1.8025
2.3507
2.1235
2.0996
1.5664
2.2724
1.6879
2.0164
2.3168
2.3688
2.1472
2.0331
1.2192
1.7577
1.7261
1.3441
2.3452
2.4323
1.3187
2.26
2.1741
1.9953
2.5071
1.4804
2.302
2.1323
1.8989
1.8197
2.3708
1.9743
2.2009
2.2068
1.9526
2.2601
2.3212
2.2404
1.8757
2.3616
2.4426
2.0907
2.0509
2.1227
2.147
2.4343
2.1081
2.3441
1.4941
1.8851
1.8917
1.9762
2.2714
1.9942
1.5349
2.4178
2.2171
2.3307
2.3234
2.2956
1.8107
2.3329
1.9278
1.6078
1.7361
2.0697
1.4218
2.0295
2.2918
2.3169
2.1907
1.4002
1.8984
2.111
2.3005
2.3834
2.3632
2.347
2.474
1.3849
2.312
2.0224
1.2953
1.2846
2.0884
1.9391
1.7297
1.6254
2.5218
2.2753
2.1545
2.0262
2.3413
2.3795
2.324
2.3357
2.2578
1.8262
1.6643
2.4255
2.3167
1.9878
1.3183
2.2205
1.998
2.4061
2.0953
2.2017
2.3576
2.2614
2.1178
1.8176
2.2635
2.3561
2.364
2.1454
2.3562
1.5744
1.5543
2.1578
1.8212
1.4772
2.3797
2.4051
2.081
2.3837
1.9854
2.2973
1.8619
2.3164
2.3349
2.3747
2.2685
1.9868
2.3524
2.3441
2.4134
2.1398
2.0511
2.3563
2.1769
2.2464
2.3881
2.1624
1.976
1.7175
1.1538
2.0045
2.3156
1.8403
2.2516
2.4469
2.0417
2.2778
1.5896
2.3351
2.394
2.379
2.2479
1.7598
2.3206
1.7703
2.4308
2.3725
1.7749
1.5559
2.236
2.372
1.8581
1.8934
2.2137
1.5121
2.0724
2.3449
1.9849
2.4028
2.297
2.4742
2.2084
1.7949
2.2034
2.1761
2.3721
2.3939
2.4519
2.3043
2.1221
2.0314
2.4384
2.2012
2.1865
2.2706
2.2802
1.8634
2.026
1.8184
2.4484
2.4281
2.3555
2.3702
2.1023
1.6583
2.1152
2.3735
2.0388
2.3071
2.36
2.426
1.484
2.3507
1.7717
1.9618
2.1467
2.1233
2.4244
2.0398
2.4637
1.8651
2.1517
2.1069
2.1848
2.3544
2.3944
2.3159
2.1402
2.2349
2.302
2.1225
2.1242
1.1726
2.1706
1.5894
2.3906
2.3597
2.0894
2.1984
1.5416
2.3573
2.2274
2.0174
2.2406
1.4668
1.4476
1.6594
2.4006
2.2767
2.1389
1.9539
2.3986
2.394
2.1231
1.9577
2.2511
2.3257
1.9493
1.7607
1.9891
2.2194
2.2855
2.14
2.3065
1.9131
2.2902
2.2905
2.2856
2.3736
2.3542
1.6303
2.4933
2.0424
1.6772
2.0259
1.4715
2.2625
2.3169
2.5011
1.501
2.1288
2.2908
2.174
2.3068
2.4386
2.1597
2.2747
2.2239
1.536
1.8617
2.2704
1.2804
2.4638
2.2104
1.5854
2.1945
2.1226
2.2397
1.933
2.1337
2.1254
1.9992
1.6111
2.246
2.242
1.4831
1.2681
2.2437
2.3237
1.7735
2.0181
1.8287
2.4324
1.6579
2.2773
2.4195
1.561
1.9046
2.2556
2.0393
2.0648
1.6692
2.0702
2.0515
1.9946
2.4196
1.7986
2.1169
1.5248
2.3494
2.3615
1.4769
2.1654
2.3111
1.5147
2.0718
1.3131
2.3106
1.9757
2.1192
2.3573
2.0785
2.4441
2.0443
2.2899
2.2088
2.4229
1.5051
2.3467
2.4916
1.3136
2.2647
2.2642
2.3552
1.9898
2.086
2.4196
2.0546
2.5236
2.0809
1.7729
2.2817
2.2078
1.6299
1.9412
2.4158
2.3109
1.8129
2.2747
2.2486
2.2194
1.3924
1.6546
2.1871
2.5228
1.299
1.9992
2.3477
2.2726
1.334
1.6836
1.9551
2.4674
2.2487
2.1028
2.0578
1.4491
2.315
1.8713
2.2397
1.5584
2.2966
2.1633
1.7405
2.1773
1.1989
1.6688
2.3332
2.2166
2.3634
2.4272
1.3968
2.2923
2.0237
2.3695
1.9104
2.2863
2.3467
1.9084
1.5393
2.2748
2.1116
2.3873
2.3937
2.1476
1.9762
1.9914
2.3414
2.4087
1.7382
2.3673
1.9442
1.8136
2.2848
2.1321
2.3295
1.3708
1.4901
1.9315
1.5225
1.2237
1.5169
1.9352
2.1935
2.2434
2.2448
1.6356
1.997
2.2363
2.4609
1.3106
2.232
2.2895
2.3403
1.2188
1.3528
2.1635
2.0463
2.3494
1.7561
1.3662
2.1394
2.1266
2.0422
1.619
2.3755
1.6909
2.1197
1.8232
2.3473
1.8232
2.3687
2.4188
1.3587
1.7235
2.3091
1.8109
1.3886
2.3797
2.3411
1.5038
2.4337
2.3246
2.3587
2.079
2.2313
2.319
2.4302
1.9583
1.4584
2.1241
1.4457
1.5481
2.389
2.34
2.3255
2.3152
1.9305
2.1662
2.3732
2.2391
2.2937
2.3188
1.7549
1.8169
1.7863
2.0955
1.9468
1.4708
2.3075
1.8064
2.089
2.1832
2.2268
2.3715
2.2323
2.3012
1.5496
2.0393
2.2899
2.1913
2.2857
2.4173
1.9203
1.2934
1.7682
2.009
2.4365
2.3624
2.1191
2.0809
1.2651
1.5591
2.3924
2.3349
1.5747
2.2289
2.3938
2.3931
2.2664
2.0292
1.8974
2.216
2.407
2.2515
2.1232
2.3398
2.1662
2.3702
2.4813
2.0447
1.871
2.3946
2.2667
2.4257
2.0956
2.244
2.3312
1.475
2.3772
2.293
2.1756
1.2428
2.2843
1.4664
2.1199
2.3608
2.3816
1.6558
1.4451
1.9945
2.335
2.4531
2.0871
2.2078
1.3747
2.4561
2.2505
1.6525
2.1551
2.3142
1.8315
2.3678
1.3899
2.3743
2.465
2.3343
2.4184
2.3626
2.2202
1.8898
1.6339
2.0601
1.6457
1.9129
1.7423
2.2641
2.336
1.2066
1.8718
2.2319
2.0371
1.4447
2.4232
1.2244
1.516
2.143
2.3693
1.9005
1.7821
2.3687
2.3712
2.3147
1.7349
2.4097
2.2444
2.0188
2.435
1.8254
1.9494
1.9452
2.2106
2.334
2.4839
1.7084
2.1886
2.2127
2.2737
2.3372
1.3454
1.9695
1.365
1.7364
2.3226
2.2398
2.2345
2.1474
2.3254
2.3158
2.0282
2.2876
2.3312
2.3063
2.0199
1.3125
2.4271
2.1772
2.1113
2.4499
2.1836
2.0766
1.4012
2.3723
1.7511
1.2262
2.2477
1.251
1.6085
1.1745
2.381
2.192
2.0314
2.1946
2.0986
2.1358
2.0589
2.2282
1.4871
2.2205
2.291
2.3872
1.5746
1.183
2.1901
2.4805
1.9146
2.3
2.2834
2.2179
2.1623
1.6486
2.3647
1.4821
1.8795
1.5497
2.3201
2.1209
2.2691
2.2661
2.1952
1.9634
1.6799
2.1975
1.8289
2.215
2.2967
1.9156
2.3054
2.0335
2.1671
1.7672
2.0423
1.2676
2.264
2.4438
1.7795
2.2456
1.7951
2.3842
1.4843
2.4874
2.4443
2.1238
2.383
1.8703
2.3908
2.2947
2.453
2.2666
2.1168
2.3905
1.3937
1.3835
2.0156
2.2265
2.2386
1.7806
2.1073
1.5034
2.3604
1.8151
2.057
2.0939
2.2908
2.1993
1.4661
2.4318
1.3038
2.1949
2.191
2.2318
2.4128
1.9594
2.2886
2.1693
2.1384
2.2547
1.6832
2.3955
1.594
2.2283
1.2685
2.3842
1.4602
2.0399
2.3378
1.6908
1.8709
2.3784
2.3104
1.9276
2.4121
2.4475
1.9698
2.3272
1.6245
2.2158
2.1079
1.5087
2.2405
1.9582
2.1671
2.3475
1.7106
1.2032
1.7873
2.1585
2.3594
1.6319
2.1891
1.2955
1.9068
1.6414
1.7619
2.3761
2.4981
1.5934
1.2875
2.4058
1.2353
2.2047
2.1147
2.3987
2.4046
1.6062
2.11
1.668
1.967
2.4062
2.1039
2.4001
1.6151
2.4241
2.3107
1.9454
1.7825
1.4337
2.1958
2.3525
2.4291
1.4613
1.7814
2.4856
2.3
2.3859
2.1494
2.2599
1.7857
2.1556
2.1846
2.5007
2.4179
1.8042
2.1563
2.4045
2.0625
1.5847
2.294
2.2771
2.3201
2.3746
1.4799
2.4452
1.1914
2.3695
2.3064
2.2874
2.4349
1.128
1.6589
2.3279
2.3151
2.4185
2.0381
2.0366
2.4486
2.4673
2.1472
2.2265
2.1072
1.7728
2.1869
1.4071
2.3171
2.2929
2.3303
2.0944
2.2791
1.7788
1.9466
2.2066
2.3354
1.4274
2.0583
2.1569
2.219
1.9098
1.4577
2.3351
2.197
2.3723
2.3892
2.17
2.2084
1.1925
2.2339
2.2362
1.7407
2.3393
2.4528
2.357
2.2629
1.3493
1.7306
1.8102
1.9719
2.1795
1.4611
1.2811
2.3836
2.1631
2.1877
1.7789
1.7347
1.5187
1.3597
2.2039
2.2871
2.0148
2.3645
2.4236
1.5875
1.6719
1.8969
2.4429
1.1408
2.1275
2.2327
2.3621
2.2584
2.2986
2.3811
1.8066
1.7196
2.0877
1.9492
2.0944
2.0389
2.2051
1.7397
1.9192
2.1331
2.1752
2.1551
2.1305
1.9144
2.0527
2.1837
1.1659
2.0026
2.3363
2.055
1.7526
2.3037
1.266
1.8819
2.4825
1.2628
2.2349
2.0015
2.4211
2.3592
2.1643
2.1029
2.0812
2.0081
2.2782
2.1732
2.0469
2.2562
2.2398
2.1631
2.3053
2.1369
2.3343
2.0654
1.5775
2.1971
2.3408
2.2683
2.0995
2.3228
2.3204
2.3032
1.8268
1.8931
2.4033
2.3077
2.1694
2.3057
2.3784
2.1542
1.9783
1.2552
2.4122
2.1998
2.0307
1.806
1.2497
2.2471
1.9766
2.202
1.9522
2.149
2.4238
2.3845
2.2465
2.3543
1.2051
2.3346
1.5738
2.1433
2.1233
2.3205
2.3442
1.553
2.2578
2.2277
1.4621
2.0719
2.1619
2.4502
1.7231
2.4444
2.456
2.133
1.5489
2.4473
1.8331
1.7495
2.2526
2.0034
1.2572
1.3022
1.822
2.2792
2.4404
1.3719
2.3463
2.1343
2.1822
1.2986
2.1633
1.6108
2.0625
2.0513
1.2631
2.2996
1.9043
2.0232
2.0066
2.3973
1.2173
2.3106
2.1408
2.4031
1.3278
2.3259
1.5659
2.456
1.9241
1.7001
2.1073
2.1148
2.1085
2.3936
1.7384
1.8449
2.4218
2.4336
1.3
1.5824
2.2221
2.2002
2.051
2.0221
1.214
2.2003
2.2763
2.108
1.2825
2.4164
1.2216
2.36
1.9105
2.2508
2.3335
2.3504
1.6266
1.7439
2.2253
2.4494
1.5077
2.3723
2.0359
2.3147
2.2258
2.4685
1.9454
2.1609
2.258
1.3618
1.8255
2.0847
2.155
1.6768
1.7419
2.3891
1.4138
2.421
2.1146
2.3498
1.5196
1.4876
2.3559
1.7735
2.3562
1.813
2.3049
2.2975
1.7429
1.7078
1.6779
1.7196
2.1751
1.9633
2.179
2.2537
2.2543
2.216
1.9231
2.1529
2.1798
2.1033
1.5722
1.5239
1.6033
1.6486
2.1266
2.172
2.2753
2.3388
2.3705
2.2423
1.3509
1.3856
2.0095
1.5622
2.283
2.2761
1.5255
1.708
2.2644
1.9095
1.6479
2.2045
1.2432
1.4614
2.3335
2.1286
2.1798
2.2513
1.7803
1.7928
2.0354
1.6404
2.0633
2.4095
2.3885
2.4505
1.5431
2.0715
2.2191
2.3166
1.4172
1.3097
2.3497
2.139
2.1123
2.0908
2.1121
1.4398
2.3548
2.3429
1.6379
2.1967
2.5083
2.2947
1.4137
2.2489
2.1153
1.9292
1.3059
1.7063
2.4688
2.329
2.2043
2.0985
1.763
2.3378
2.2378
2.4056
1.3212
1.8685
1.7128
1.5757
2.2501
2.1267
2.3166
1.8934
1.889
1.9448
2.3427
2.4137
2.2507
1.794
1.8922
2.3376
2.2983
1.3462
1.4394
2.328
2.0682
2.1762
1.5108
2.0546
1.7777
2.0624
1.9426
1.4537
2.3616
2.2978
1.7671
2.3683
1.5933
1.8358
2.0265
2.3591
1.3716
2.3602
1.8758
2.1585
2.2431
2.0244
1.9556
2.4291
2.2736
2.2658
2.0117
1.8844
2.0841
1.3575
1.8689
2.2238
1.8269
2.3278
2.3894
2.3072
2.1678
2.3982
2.3584
2.0221
1.3296
2.2734
2.3469
2.025
2.0952
2.4722
1.2939
2.0199
2.3036
2.3497
2.3888
1.9411
1.9341
1.1939
2.3058
2.2908
1.9441
1.6289
2.3198
1.5789
2.1082
2.2938
2.1189
1.6157
2.22
1.2948
2.0419
2.1058
2.3159
2.3599
2.2973
2.342
1.7016
2.4444
1.9413
1.3662
1.3913
1.9192
2.1897
2.414
2.3105
1.4283
2.2001
2.4685
2.4381
2.387
1.7603
1.8749
2.3664
2.2408
1.913
2.2451
1.6483
2.2032
2.3615
2.292
2.3546
2.1981
2.3519
2.2132
2.2021
2.4241
1.9632
1.1765
2.3542
2.1737
2.3678
1.988
1.7303
2.341
2.2803
1.419
1.7528
2.3082
1.8969
1.4225
2.4204
2.1493
2.4327
2.1177
1.3786
2.2766
1.8414
2.273
2.3048
2.1941
2.4491
2.127
2.2812
1.4608
1.516
1.955
1.6826
1.806
2.3397
2.2592
2.0236
2.0555
1.4041
2.1741
2.2268
1.3638
2.3314
2.3153
1.4731
2.2668
2.0646
2.1341
2.4707
2.4257
2.1589
2.3304
2.4336
2.431
1.9423
2.4864
1.226
2.2553
1.4788
2.0277
1.902
1.8884
2.2433
2.2124
1.9981
2.2428
2.3595
2.3648
1.4677
2.3644
2.0138
1.5448
2.2182
2.2888
1.5938
1.7205
2.3585
2.1203
1.6845
1.7013
2.0884
2.2456
1.8853
2.3883
2.1876
2.143
1.7363
1.6724
1.6551
2.138
2.3044
2.1813
2.4243
2.0297
2.0709
2.2164
2.1776
1.938
2.277
2.1045
2.4783
1.9215
2.3635
2.0547
2.1664
1.9218
1.9554
1.8686
2.0396
2.3063
2.2154
1.568
1.5658
1.5185
2.0533
2.3338
1.8989
2.3485
2.2662
2.3861
1.8026
1.9307
2.4283
2.3984
1.2404
1.9253
2.1197
2.4072
2.191
2.434
1.34
1.5936
1.8656
1.5138
1.3772
2.1126
2.2754
2.3489
1.3673
2.437
1.8674
2.2244
2.2069
1.5551
2.4145
2.3889
1.2175
1.4893
2.3621
2.289
1.6373
2.2842
2.2362
2.2873
2.1394
1.2545
2.5052
1.569
2.047
1.2855
1.4185
2.4246
2.0266
2.4169
2.1494
1.9991
1.4668
2.1946
2.1697
2.4667
2.3722
1.6987
1.8173
1.3276
1.8644
2.3498
1.98
2.1573
2.3112
2.06
2.0025
2.2668
2.3142
1.8605
2.3316
2.0065
1.5833
1.7856
2.403
2.3537
1.2457
2.2231
2.3489
1.2472
2.4451
2.3501
1.9207
2.1869
1.8666
2.0387
2.0692
2.3433
2.2656
2.1557
2.3081
2.4462
1.7314
1.596
2.3815
2.145
2.3381
2.243
2.3024
2.3913
2.0532
2.3298
2.2332
1.8583
2.3831
2.4047
1.4605
2.3759
1.9642
1.996
2.1912
2.5525
2.2859
1.6608
1.2992
2.2056
1.8925
2.1706
1.4408
1.7912
2.3546
2.1465
1.9611
2.3847
2.297
1.4953
2.0198
2.4211
2.0857
2.4837
2.3174
2.2729
2.2049
1.5793
1.3752
1.6716
2.3543
2.2211
2.2799
1.9848
2.4691
1.1035
1.9864
2.4147
2.4538
1.3424
2.0741
1.4592
2.325
2.3231
2.0533
1.2366
2.3275
2.0081
2.3293
2.393
1.6457
1.1619
2.3617
1.9259
2.2586
1.6276
1.975
2.0718
2.333
1.7902
2.4335
1.6958
2.3146
2.22
2.3705
1.3484
2.0465
1.6415
2.4478
2.0755
2.2501
2.0997
2.0835
2.3766
1.6333
1.9561
2.3934
2.0756
1.4062
2.3128
2.2381
1.7773
2.4632
2.3806
1.4077
2.3423
2.3556
1.9492
1.1891
2.0382
2.2704
2.3307
1.976
2.351
2.0666
1.7466
1.252
1.9541
2.0164
1.9829
2.2459
1.7404
2.287
2.3436
1.2559
1.7998
2.2156
2.2962
1.274
1.7564
1.8014
1.8262
2.0125
1.4805
2.0329
1.586
1.717
2.3189
2.4518
2.111
2.3779
2.378
1.8733
2.2282
2.0927
2.289
2.4439
1.8402
2.379
1.8849
2.2859
2.2207
2.0359
2.3609
1.667
1.6676
1.3149
2.2513
1.9512
2.0823
1.4062
2.0187
2.0212
2.126
1.3513
2.4041
1.3225
2.4407
1.8616
2.4167
2.4211
2.4699
2.2377
2.2765
2.2707
2.2158
2.3362
1.7175
1.8196
2.3699
1.4547
2.272
2.2024
2.3312
2.0117
2.394
1.7401
2.4123
2.2984
2.0824
2.3734
2.2847
1.8702
2.3441
2.4092
2.2971
2.0419
2.0491
2.3397
2.1681
1.2645
2.3249
2.1542
2.4289
2.2915
2.0071
2.3426
2.4479
2.2243
2.0693
2.373
2.4506
2.3369
2.2663
2.219
2.2985
2.4679
2.2674
2.454
2.3288
2.2152
2.3681
2.0108
2.2086
2.3535
2.3703
2.0124
2.3256
2.386
1.6339
2.2266
2.1422
2.3266
1.695
2.3307
2.2648
1.5245
1.4845
1.3551
1.8049
1.9521
2.2094
2.2236
2.4547
2.1822
2.1255
2.3073
1.7933
2.1345
1.5655
1.961
2.1868
2.0242
1.9206
1.6981
1.7446
1.738
2.1993
2.1442
1.8279
2.3319
1.763
2.3731
2.1554
2.2994
1.417
2.3684
1.5247
1.7571
2.0547
2.2995
1.3674
2.4619
1.2144
1.9431
2.3195
1.4429
2.1374
1.7665
2.489
2.397
1.4631
2.2384
2.2614
1.4323
2.3347
1.8145
2.4028
1.3453
2.3576
2.3837
2.0792
2.0898
2.3443
1.9639
2.3609
2.0826
2.3352
1.8384
1.9525
2.3572
2.3509
2.2098
2.2127
2.3934
1.9276
2.2369
2.3168
2.3961
2.3125
1.2225
2.209
1.8124
2.0352
2.4571
2.2726
2.2881
2.4171
2.042
1.3521
2.1059
2.3449
2.1359
2.1563
1.4101
2.3225
2.3585
1.7401
2.0389
1.2151
1.1766
2.1795
1.3874
2.482
2.3548
1.3206
2.1246
2.3491
1.8152
2.3038
1.6406
2.4372
1.7778
2.1128
2.3447
2.3437
2.1855
2.1189
1.3947
2.3796
1.5946
1.7977
2.1942
2.1138
1.4864
2.3953
1.4494
2.2768
2.4331
2.1248
2.3309
2.5122
2.2291
2.1961
2.315
1.6283
2.4206
2.2873
2.1596
2.1812
1.8974
2.1449
2.0308
2.2282
1.892
2.2117
2.4574
2.1389
1.6934
2.29
2.2905
2.1905
1.8596
2.1041
2.2709
2.219
2.3809
2.2278
2.1306
1.4593
2.1542
2.1187
1.2989
2.1054
2.3819
2.3648
2.2759
1.8096
1.8735
1.5896
1.1298
2.2931
2.3387
2.2647
2.2981
1.9108
1.9314
2.2008
2.0242
2.3655
2.2755
2.2616
2.3403
2.4404
2.1681
2.0601
2.1444
2.2567
1.4906
2.2061
2.3913
1.853
2.3309
2.2263
1.2202
2.374
2.2362
1.9838
1.3922
2.4397
2.1501
1.401
2.3833
1.9809
2.3557
1.7826
1.8043
2.3899
2.4256
1.8103
2.1597
2.237
2.198
2.0116
1.3802
2.048
1.7687
1.8795
1.6462
2.3398
1.5116
2.0454
2.0174
2.2825
2.2353
1.8286
2.4037
1.6557
1.9547
2.265
1.2615
1.6924
2.3734
1.7056
1.6929
1.6474
2.3943
2.1733
2.18
2.3067
1.3641
2.2567
2.3241
1.6098
2.4572
2.1684
2.3737
2.058
1.6322
2.2838
1.4888
2.0012
1.8587
2.3863
2.4246
2.1782
2.3801
2.3514
2.1887
2.3724
1.3969
2.1147
1.9559
2.3107
2.1188
2.4151
2.4677
2.0562
1.6704
1.7772
2.4465
1.7059
2.0851
2.1117
2.2115
1.7437
2.2918
1.282
1.2818
1.6897
1.8764
2.1715
2.1961
2.1429
2.4039
2.1325
2.2667
2.3254
2.2514
1.1845
2.3304
2.2199
2.4146
2.4203
2.1269
1.9667
2.0259
2.0967
1.9853
2.2186
1.9963
1.6427
2.4402
2.3784
2.1114
1.4371
1.9111
2.0064
2.403
2.1594
1.1866
2.4447
2.1707
2.2615
2.2603
1.9189
1.5991
1.7832
2.4066
2.2076
1.3825
2.2972
2.2216
1.1581
1.7503
2.0934
1.6275
1.6834
1.6875
2.3683
1.6815
2.4144
1.5739
2.1714
2.3745
2.2694
2.2845
1.8463
2.3869
1.4332
2.3385
2.5086
2.2692
2.2627
2.2912
1.4171
2.1948
2.1271
2.2638
2.2853
1.8889
1.9336
1.4402
1.9058
2.0381
2.4252
1.8719
1.9594
2.2048
1.5404
1.2374
2.1914
1.6867
2.2196
2.2335
2.235
2.2624
2.0598
1.7403
2.3446
2.2016
1.2818
2.1389
1.7831
2.4839
1.4778
2.0213
2.2274
1.9721
2.2412
2.1985
2.3275
2.2016
2.0869
2.296
2.3589
2.1348
1.4114
2.2477
2.1604
1.8861
1.7364
2.0091
2.3788
2.3573
1.9865
2.0318
1.9555
1.5926
1.2844
2.3032
2.2192
1.7557
2.378
2.0377
1.2558
2.3518
1.4875
1.9533
2.3379
1.2459
2.2832
1.4399
2.3797
2.3925
2.2129
2.2269
2.3111
2.0294
2.3651
2.3526
2.3961
2.2241
1.6987
2.3407
1.4424
1.4523
1.6726
2.1384
2.2099
2.2416
2.1445
2.4039
1.5571
2.1721
2.1747
1.3825
2.309
1.6456
2.43
2.3593
1.7562
2.3502
2.2688
2.3823
1.7469
2.0237
1.5909
2.2401
2.4809
2.271
1.3111
2.197
2.17
1.9028
2.1845
2.3042
2.3749
2.264
2.2606
2.415
2.2454
1.3398
1.8889
1.5889
2.0562
2.2075
1.7048
1.4264
2.4789
2.3067
1.4134
2.054
2.3295
1.9146
2.3208
1.9676
2.4422
2.2279
2.1924
2.2627
1.8629
2.0346
2.3569
2.0986
2.2599
1.2811
1.685
2.3637
2.0019
2.4463
1.5777
2.2084
1.5597
2.4573
2.1676
2.3819
1.8706
2.4092
2.0828
2.2035
2.3802
1.8693
1.987
2.4241
2.2031
1.9562
1.8584
1.3511
2.1855
2.4258
2.1574
2.4484
2.4424
1.3034
2.3829
1.4291
1.9372
1.4195
2.2634
2.2672
2.4607
1.2804
2.3845
1.6269
1.2874
2.356
2.3746
1.3126
2.4041
2.3825
1.3906
1.8772
2.2427
2.4068
2.2779
2.2095
2.4181
2.1979
2.341
2.3172
2.3309
2.205
1.9068
1.9439
1.874
1.2604
1.877
1.8461
2.3469
2.17
2.3638
1.8447
2.4126
1.5509
2.2653
2.1514
2.4281
2.304
2.3358
1.9958
2.1209
2.2657
2.0098
2.3104
1.8853
2.1541
1.7166
1.2053
2.3799
2.4105
2.3423
1.9483
1.9425
1.3391
2.3256
2.1122
2.384
2.393
2.3085
2.3996
1.2553
2.2551
2.0985
2.0765
2.2162
2.4603
2.2727
2.3025
2.2075
2.2956
2.3581
2.4563
2.3045
2.4017
1.9362
2.4148
2.3327
1.9146
1.8088
1.9784
1.697
2.1451
2.3897
2.1563
2.389
2.1703
1.287
2.2725
1.9237
1.6299
2.2622
2.0282
2.3502
2.348
1.5985
2.525
2.3953
2.3495
1.883
1.791
2.3542
2.2943
2.3665
1.8336
2.3051
1.4971
1.9315
1.6085
1.7783
2.1609
1.8314
1.8216
1.5252
2.391
2.1887
2.3178
2.4472
2.4826
2.2528
2.2766
2.3705
1.948
2.3661
2.2981
2.2795
2.4536
2.4001
2.3403
2.2863
2.147
1.7852
1.8168
1.445
2.0788
1.9588
2.1372
1.6673
2.4062
2.1544
2.2937
1.5591
2.1964
2.1282
2.3421
2.413
2.0554
1.987
1.7506
2.1408
2.1638
2.1361
1.7759
2.1877
2.1988
2.4389
1.9138
2.3279
2.0916
2.2767
2.179
2.4277
1.6381
2.2962
1.8289
1.471
2.0902
1.5339
2.1057
2.0812
2.1191
1.2442
1.5105
1.6925
2.1697
1.6126
2.4185
1.7899
1.3171
2.4434
1.9647
2.0865
2.3808
2.4252
2.1075
1.312
2.2333
2.4418
1.2773
1.2991
1.8643
2.309
2.0874
1.861
1.631
1.4978
1.7089
1.5779
1.4713
2.2227
2.2962
1.849
2.4286
2.3459
1.2694
2.2164
2.3429
2.3667
2.368
1.9263
2.1945
2.0261
1.7488
2.3984
2.1863
2.253
1.6712
1.7842
2.1055
1.8451
2.0261
2.3879
2.3832
1.2702
1.5658
1.8449
2.2103
2.2956
2.1173
1.9999
1.5742
2.0337
2.0051
1.6731
1.7132
1.8502
1.8744
1.7917
2.3721
2.3717
2.1097
2.4358
2.4035
1.5144
2.3394
2.3916
1.7247
2.2875
1.7587
2.15
2.1068
2.3168
2.0968
2.2911
2.219
2.0302
2.1281
1.6839
2.2369
2.3964
2.1724
2.3142
2.1568
1.7992
2.0262
2.4251
2.3606
1.3787
2.1997
2.2115
1.998
1.5607
2.1486
2.3608
2.3727
2.4738
2.2298
1.9643
2.2981
2.2915
2.294
2.0591
2.1985
2.4171
2.2354
2.0334
2.0373
1.2197
2.431
2.5092
1.6515
2.1846
1.5535
1.387
2.3709
2.3412
1.8474
2.5226
1.2821
2.1265
1.9731
1.4582
2.1888
2.26
2.289
2.1742
2.0458
1.7748
1.997
2.0153
1.7049
2.3352
2.2178
2.3299
2.3138
2.3784
2.4623
1.6497
2.4084
2.3256
1.9951
2.3401
2.4434
2.0545
2.1841
2.1536
1.4503
1.7852
1.9588
1.7154
1.5555
1.7685
1.8959
2.407
2.1631
1.6967
1.8798
1.553
1.534
2.3039
2.2404
2.4046
1.5949
1.1692
2.0982
2.3772
2.3255
2.3755
2.0628
1.7798
2.3948
1.8765
2.3739
1.9937
1.8314
1.9575
1.801
1.2317
1.239
2.2023
2.3721
1.9205
2.0842
2.2603
2.4349
1.354
1.9306
1.7288
2.3993
1.9703
2.1152
1.8057
2.3404
2.2017
2.2621
2.4209
1.4656
2.1879
2.3701
2.1849
1.228
1.8874
2.0245
2.2877
1.5636
1.7822
1.5912
2.0861
2.0698
2.3225
1.4982
2.217
2.2166
2.1062
2.0986
2.2817
1.9085
2.4718
1.8838
2.2043
2.0727
2.348
1.4513
2.4101
2.2721
2.3841
2.352
1.6463
2.2029
2.1319
1.4989
1.6128
1.7909
2.2594
2.0758
2.4164
1.9137
2.4411
2.2509
1.9164
2.0754
2.0406
2.3013
2.3799
1.302
1.8995
1.428
2.4125
2.2349
2.2898
1.2691
2.1518
1.2747
2.2344
2.2571
1.6132
2.071
2.1064
2.283
1.9891
2.3937
2.4624
1.1916
2.0309
1.8733
1.2806
2.4222
2.2403
2.1961
2.2374
1.9808
1.9675
1.7075
1.7958
2.3415
2.4855
2.157
2.1359
2.3191
1.3926
2.2477
1.882
2.288
2.3945
1.9215
2.2664
2.2927
2.0452
2.3164
2.2527
2.4069
2.4068
2.2906
2.0455
2.0395
2.1239
2.1956
1.3567
2.0704
2.3498
2.2542
2.1933
2.3185
2.0504
2.1173
2.424
2.2574
1.8975
2.274
2.0734
1.8772
2.1654
2.0721
1.8687
2.4067
2.1629
1.7633
1.7175
2.1254
2.434
2.4127
2.1115
2.3958
2.132
2.2524
2.1142
1.975
2.0847
1.1973
2.3413
2.2371
1.6556
1.959
2.4312
2.5353
2.4008
2.3831
1.1993
1.8866
2.0927
1.2759
2.0265
1.4501
1.929
2.0867
1.3319
1.7919
2.2572
2.2426
2.4136
1.5896
2.2849
1.6688
2.3655
1.2545
1.8721
1.2702
2.519
2.3916
2.2072
2.1019
2.3699
2.2349
1.3938
1.8982
1.5981
1.1527
2.1058
2.3008
1.9243
2.3449
1.3747
2.4338
1.6927
2.3002
2.3194
2.0176
2.0697
2.2557
1.5483
1.9031
1.7012
2.2911
1.6841
1.8924
2.3912
2.4551
1.9892
1.9438
1.4968
2.2779
2.3655
2.3669
2.4329
2.3819
1.7234
1.4567
1.707
2.4293
2.3479
1.1199
2.178
2.1431
1.6659
1.1461
2.1753
2.0419
2.2209
2.0863
1.5987
1.6788
2.2551
2.3079
1.9504
2.3251
2.1348
1.9988
2.2797
2.1079
1.8442
1.623
1.8701
2.2949
2.2928
2.3505
2.1413
1.366
2.4268
1.4845
2.3446
2.0863
1.6607
2.4643
2.3014
2.2782
2.2891
2.2867
1.6963
2.2268
2.1155
1.9605
2.3444
2.3194
1.4049
2.4605
1.851
1.6015
2.2736
2.0958
1.7735
1.9506
2.1895
2.4808
2.4413
1.894
1.993
1.9951
2.4213
2.3207
2.3895
2.3761
2.388
2.1155
2.4014
1.6958
2.3826
2.3938
1.8975
2.3375
1.9911
2.1528
1.9433
2.12
2.3286
1.9047
1.8236
2.2238
1.632
2.2904
2.386
2.1256
2.3775
2.3772
2.2758
2.1515
2.1754
2.3581
1.6711
1.1772
1.861
2.3386
2.1352
1.9378
2.2524
1.7105
1.5973
2.0987
2.384
1.9951
2.1234
2.1446
2.23
2.0924
2.4327
2.394
2.0362
2.3083
2.4204
2.4739
2.0577
2.1496
2.2132
2.4577
2.429
2.3635
1.9264
2.3894
2.4246
1.6602
1.2471
1.4673
2.3503
2.3644
2.1479
2.0953
2.3691
2.0299
2.148
1.3511
2.1441
2.3384
2.3392
2.1544
1.3298
2.3118
2.3616
2.4277
2.3432
1.3964
1.2479
2.2584
2.1896
2.3767
1.8534
1.2357
1.6089
2.2512
2.3321
1.5922
1.995
1.3453
2.3399
2.3739
2.4759
1.8753
2.3052
2.2401
1.3771
2.2378
2.2035
2.1501
1.8391
1.9281
1.408
2.0223
2.3435
1.8893
2.4129
2.469
2.3503
2.1634
2.1673
2.3565
2.06
1.5555
2.2908
1.3435
2.078
2.3204
2.3458
2.0377
2.0729
2.4111
2.2651
1.6078
2.4438
2.3159
2.3966
2.3251
2.4808
1.5645
2.2346
2.1155
1.5759
2.0919
1.5046
2.2615
2.0145
1.4126
2.3338
1.5318
2.2715
2.4079
2.3178
2.2015
2.0223
1.689
1.9178
1.6151
2.2589
2.3154
2.3462
1.5577
2.4642
1.9371
1.4636
1.7609
2.3154
2.4014
1.8205
2.0939
2.4174
1.9816
1.4933
2.0611
2.1386
2.1979
1.5643
2.0621
2.4178
2.0579
1.3561
2.2995
1.4632
2.5167
2.1615
1.9374
1.7965
1.6782
2.1257
2.1187
2.4325
2.0771
2.3861
1.5186
2.436
1.3893
1.1661
2.221
2.0045
1.4046
2.273
2.2406
2.361
2.2762
2.2687
2.0718
1.2682
2.5044
1.3792
2.325
2.4182
1.5879
2.1031
1.9629
2.3558
2.4272
2.0971
1.951
1.3727
1.4207
2.3921
2.4394
2.3968
2.3495
2.1975
1.9735
2.2544
2.2858
2.1528
2.2687
2.0784
2.3736
2.2951
2.3051
1.8463
2.3983
2.2549
2.1777
2.2719
2.1989
2.4038
1.5382
1.833
2.3046
1.581
1.9165
2.3309
1.7991
2.3848
1.9427
2.4134
1.805
1.8868
2.4721
2.1085
2.1717
2.3427
2.184
1.5075
2.3162
2.113
2.3955
2.2971
2.1844
1.4838
2.1763
2.4024
2.2656
2.4833
1.4084
1.7571
2.3778
1.7027
2.0331
2.091
2.0868
2.2811
1.8939
2.372
1.8781
2.2929
2.4203
1.8586
1.9846
1.5449
2.4241
2.1098
1.3165
2.1539
2.4765
2.3302
1.9868
2.3366
1.7593
1.9903
1.6628
2.4064
2.4469
1.82
2.1217
2.152
2.1542
2.3184
2.4506
2.432
1.8824
2.1868
2.1113
2.0828
2.1831
2.1434
1.9097
2.1867
2.2672
1.0713
1.6499
2.2327
2.2938
2.179
2.3235
2.1944
2.0647
1.5712
2.3077
2.3822
1.2767
2.378
2.2033
2.4016
1.4673
1.6305
2.3664
2.3524
2.4395
2.3886
1.4391
2.3487
2.1124
2.4002
1.958
2.1604
2.1803
1.5645
1.6426
2.3409
2.145
2.2998
2.3342
2.2872
2.049
1.7247
2.1744
2.0859
2.2515
2.1999
2.3221
2.2178
2.0077
1.9512
1.7361
2.004
1.3114
2.11
2.4602
2.1405
1.6937
2.0294
2.3097
1.9901
2.098
2.3993
1.3029
2.2286
1.9331
1.9655
2.2555
1.4576
1.6931
2.2227
2.2885
1.3978
1.8871
1.8415
1.9946
2.3658
2.3252
1.8281
2.3401
1.8698
2.4152
1.4099
1.1338
1.5214
2.2269
2.0467
2.3476
1.7559
1.5883
2.2337
2.248
1.6797
1.1882
2.2466
2.0787
1.6395
2.0363
2.437
1.6919
2.2527
2.3608
2.1431
2.0774
2.4336
2.2651
2.2251
1.8831
2.1936
1.3783
2.1519
1.6021
1.1648
2.4555
2.2739
2.0095
1.9349
1.8726
2.4615
2.3197
1.8616
1.2681
1.2772
1.9496
2.4249
2.1694
2.2108
1.5467
2.4052
1.4383
1.5461
2.4199
1.9856
1.8719
2.2392
1.6378
2.3947
1.5772
2.4319
2.1953
2.3651
2.0787
1.8105
1.6892
2.3191
1.3381
2.381
1.929
2.3462
2.4304
2.1464
1.9838
2.2311
2.3024
2.3043
1.6539
1.3231
1.4508
2.3582
1.9415
2.1318
2.377
2.0995
2.4124
1.9761
1.834
2.3919
1.5662
1.7451
2.0519
1.8243
2.3401
1.4605
2.3673
1.3146
2.1276
2.2502
2.2982
2.3635
2.2091
2.1045
1.913
2.3997
2.1684
1.5719
2.3228
1.9279
1.444
2.0966
2.3635
2.4104
2.4639
2.4228
2.411
2.1681
2.476
2.1804
1.9237
2.4853
2.4449
2.3565
1.7376
1.2145
2.4112
1.3792
1.7261
2.2568
2.3038
1.3992
2.3558
1.5538
2.4071
1.3827
1.468
1.6302
2.4456
1.6506
2.1864
1.7941
1.7247
2.3797
2.3394
2.1333
1.6236
1.5702
1.5378
2.3089
1.6548
2.0933
1.6015
2.3396
2.4665
2.1813
1.6248
1.6431
2.0572
2.5151
2.1641
2.4338
2.3576
2.2633
2.3456
2.2881
2.0214
2.2692
2.2714
2.0652
1.9128
2.083
1.9986
1.9373
2.0427
2.3784
2.3887
1.535
2.2182
2.2545
2.4138
1.8906
2.4386
1.6094
2.1821
2.0632
1.753
2.1339
2.0533
2.1993
2.3151
2.1945
1.6761
1.8062
1.7592
1.8713
1.4738
2.5114
2.033
2.2186
2.3147
1.5119
2.3974
2.2806
2.2925
2.3842
2.1044
1.9702
2.2323
1.8995
1.4628
2.3308
2.4749
2.405
2.001
2.3216
1.8693
2.4005
1.8026
2.273
1.2283
2.2432
2.2305
2.0796
1.9325
2.3916
2.3936
1.9835
1.7692
2.085
2.3366
2.1785
2.3299
2.3869
1.7254
1.9784
1.9565
2.1718
1.379
1.2303
2.2309
2.3861
2.3747
2.3511
1.7211
1.9345
2.1825
1.2256
2.3779
2.0571
2.1505
2.1014
2.2597
1.943
2.1004
2.4296
2.4009
2.2233
2.3202
2.1417
1.7132
2.4282
2.2615
2.3739
2.0804
2.3743
2.3187
2.1617
1.9413
2.2074
2.3628
2.4093
1.7603
1.4665
1.2953
1.5109
1.5255
1.9686
1.9025
1.9062
2.3009
2.1045
2.3276
1.565
2.3547
2.0702
2.2045
1.9857
2.4284
1.9674
2.0199
1.6303
1.2785
2.3034
2.3682
1.4198
1.8242
1.799
2.2809
2.3567
1.5696
2.1749
1.9293
2.1267
2.3412
2.4517
2.1846
2.3108
2.3373
2.1806
1.528
2.2433
1.9533
2.4549
2.335
2.3743
2.3126
1.2942
2.2907
2.301
2.3537
2.0599
2.1872
2.0471
2.1505
2.0684
2.2732
2.4527
2.3643
2.2612
2.4089
2.3953
2.3012
1.4492
1.7198
2.3783
1.863
1.3758
1.3799
1.4036
1.8514
2.2127
1.6084
2.3958
2.2926
2.4702
1.6305
2.3197
2.397
1.4184
1.5355
2.4394
2.2768
2.129
1.8785
1.5689
2.4193
1.3386
1.5515
1.2826
2.2818
1.9709
2.0656
2.2738
1.785
2.2444
1.7042
1.3355
2.2668
2.2385
1.3886
2.0527
2.2627
2.0907
1.8809
2.2674
1.9579
2.395
2.214
2.4099
1.8973
2.3152
1.8142
1.8007
2.3888
2.1041
1.9757
2.3825
1.7726
2.4055
1.9536
1.8723
1.3089
2.4639
1.1846
1.9651
2.2685
2.0729
2.3678
2.3188
2.3788
2.2576
2.2502
2.2472
2.3383
2.1678
1.8017
2.3939
1.2393
2.1357
2.1884
2.4938
2.0672
1.4973
1.8431
2.3876
2.3935
1.7496
2.1745
2.3195
1.5583
1.942
2.0631
2.351
1.3815
2.3825
2.3994
2.2266
1.8067
2.041
2.0105
2.2829
1.2432
2.1161
1.3359
1.8139
2.3851
2.3019
2.2817
2.241
2.2279
2.4245
2.0501
2.2137
2.1748
2.2093
2.4026
2.2157
1.7147
1.1924
2.3902
2.074
2.2085
1.3029
2.3741
1.7776
2.3493
2.4515
2.2053
1.9206
2.233
1.8654
2.4369
2.3769
2.1762
2.3075
2.2432
2.2931
1.8988
2.475
1.9599
1.9662
1.5906
2.3256
2.2968
2.2633
2.3108
2.0502
1.9966
1.5947
2.0143
1.9457
2.3101
2.0395
2.2294
2.0793
2.3831
2.2258
2.2976
2.1935
2.0287
1.9888
2.1459
1.8974
2.2737
1.7983
1.916
2.2147
2.3887
2.4839
1.4274
2.3446
2.2977
2.0811
2.4533
2.2345
2.301
1.8848
2.3226
2.2071
2.3692
2.4222
2.3532
1.4734
2.4024
2.2812
1.169
1.8997
2.4284
1.7469
2.0052
2.2787
1.9673
2.4222
2.2918
1.4268
2.1824
2.2376
2.3839
2.338
1.9277
2.4727
2.2827
2.3869
2.1764
2.1043
2.0097
2.093
2.2692
2.1481
2.0954
2.1051
2.3997
2.1603
1.7741
2.2743
2.458
2.3635
2.0227
1.3668
1.6594
1.8384
2.4352
1.5754
2.1393
1.2164
2.5013
2.3932
2.307
2.3678
1.9397
2.4736
2.0252
1.7129
1.7767
2.4092
2.3533
1.6037
2.1215
2.4526
1.3193
1.9816
1.486
1.8572
1.555
1.8347
2.1552
1.8628
2.1917
2.2128
2.3112
1.744
2.0617
1.9297
1.8988
1.6286
2.1429
2.3153
1.2982
2.4825
2.3333
2.4567
2.2944
2.2918
2.4424
2.3505
2.2661
2.3736
2.2663
2.0225
2.3967
2.3555
1.8342
2.4229
1.8166
2.328
2.0913
2.2372
2.0692
1.2738
2.0018
1.8773
2.4226
2.4472
2.0231
2.0113
2.2397
2.1035
1.8597
1.9955
2.0871
2.2615
1.745
2.132
1.9872
1.3631
2.1929
2.4265
2.3927
2.1907
2.1238
2.32
2.4072
2.1513
2.3063
2.3837
2.3822
2.2715
2.1042
2.3964
2.3151
2.2605
2.0218
1.4634
2.3927
1.5874
2.2773
2.3216
2.4149
2.4943
2.24
1.1479
2.2035
1.977
2.336
2.5005
2.3858
2.2572
2.1756
1.2193
2.3498
2.2025
2.2956
2.155
2.0692
2.305
2.439
1.9981
1.8286
2.3093
2.2496
1.7823
1.9301
2.3329
2.4304
1.9779
2.4208
1.5932
1.9225
2.2256
2.0956
2.4827
1.8375
2.2145
2.2226
2.3691
2.1966
1.7625
2.3442
2.0767
2.314
2.4119
1.9586
1.5878
2.4037
2.3769
2.0607
1.5587
1.8826
1.9418
2.0454
1.6934
1.2539
2.117
1.8665
2.2913
2.3423
1.2753
1.1818
1.8993
2.2922
2.0874
1.8285
2.3635
1.8787
2.0249
2.2505
2.4319
1.9428
2.4285
1.8876
2.1394
2.0297
2.199
2.3674
1.3286
2.1032
2.2801
2.2759
2.0664
2.3854
1.8554
2.1692
2.1103
2.2394
2.1915
2.1135
2.2186
2.134
2.211
2.3616
1.9742
1.6679
2.291
2.2226
1.4959
1.6521
2.3883
2.2729
2.4052
1.9879
2.2717
2.0243
2.3852
1.7811
2.1057
2.3745
2.2133
2.0288
2.2626
1.5805
2.4718
1.2527
2.4205
1.2808
1.891
2.3198
1.1939
2.4122
1.6771
2.1584
1.3101
2.2867
2.3878
2.0359
2.0038
2.4279
2.3037
2.3079
2.3952
1.7988
2.1973
2.3988
2.2786
2.0689
1.975
1.9522
2.2107
2.4754
2.0894
2.0698
2.3595
2.2254
2.0408
2.481
2.4696
2.1371
2.2154
2.4674
2.1396
1.9374
1.85
2.2238
2.4274
1.5197
1.6177
1.9832
1.4394
2.2825
2.1004
2.4072
2.3748
1.9808
1.7757
1.4733
1.6796
2.3582
2.1432
2.1932
2.3117
1.9901
2.2739
1.8714
2.3304
2.2614
2.3423
2.3005
2.0478
1.5746
1.8575
2.2382
2.3547
1.8343
2.1081
2.4243
2.1735
2.3581
2.3422
1.2434
1.4289
2.3366
2.0966
1.844
1.2555
2.4173
1.8626
1.2672
2.1646
2.0558
2.3674
2.2331
2.1197
2.0256
2.0414
1.8435
2.291
2.1254
1.8144
2.0107
2.1623
2.2106
2.3161
2.2556
2.1264
2.3949
2.1325
2.3134
1.3705
2.2054
2.2035
2.3709
2.3001
2.1581
2.1174
2.1837
2.4149
2.1179
2.4563
2.2555
2.1961
2.1823
1.295
2.3391
2.0973
1.6032
1.5689
2.3412
1.2915
2.3856
2.1639
1.9257
2.4876
1.6485
1.9195
2.3338
1.1236
2.1652
1.8412
1.943
2.2673
1.8096
2.2985
2.4072
1.7154
1.6103
2.0333
2.3142
2.1453
2.3749
2.3049
1.9926
2.1638
2.3149
2.4559
2.2542
2.2538
2.3854
1.5453
2.0411
2.2476
2.2512
2.2914
2.2811
2.2602
2.1316
2.1931
2.4839
2.3235
2.2785
2.3541
2.2377
2.1786
1.8813
2.2681
1.9679
2.1531
2.2858
2.2655
1.9896
2.2659
2.3936
2.3625
2.0976
2.199
2.043
1.7085
1.4015
2.2896
1.7095
2.3878
2.182
1.2646
1.3566
1.9104
2.2558
1.6297
2.395
2.257
2.2154
2.2038
2.2953
2.3511
2.3315
2.0584
1.6906
2.0854
1.7952
1.2418
2.3198
2.4713
2.1084
2.1802
2.1977
1.648
2.1842
2.1645
1.797
2.1491
1.7762
1.6333
2.0487
2.3627
2.3108
1.2033
1.8612
1.373
2.3352
2.3357
1.3202
2.2733
1.9109
2.332
1.9331
2.2434
2.1012
2.2691
2.427
2.2817
2.2535
1.2734
2.2998
2.0736
2.0148
2.2083
2.2003
1.7413
2.3591
2.3774
2.4772
1.9596
1.718
1.9651
2.5041
2.1548
1.8913
2.2519
1.961
2.1686
2.4229
1.8931
1.7715
2.4644
2.2617
2.3588
2.3202
1.9283
1.5877
1.8558
1.566
2.097
1.7178
2.4276
2.3772
2.1587
1.6629
1.533
2.2527
2.3706
2.2528
2.019
1.7686
1.8738
1.739
2.2456
1.4019
2.371
2.0532
2.0249
2.5073
1.18
2.4093
2.0635
2.4817
1.345
2.1736
2.2927
1.5605
2.4252
2.3839
2.3494
1.9841
2.3689
2.4172
2.3409
2.4223
1.9075
2.3123
2.3298
2.2076
2.3759
2.2839
2.1615
2.0757
2.337
2.2742
2.018
2.2432
2.0767
2.2163
1.5613
1.6788
2.4685
2.2397
2.2629
2.4401
2.3802
1.7454
1.5338
2.3591
2.3763
1.2322
2.3724
2.3871
2.4369
2.0991
2.0832
1.9914
2.3783
1.8174
2.3677
2.2711
2.328
2.3201
2.0147
1.8707
1.2973
1.455
2.063
2.2161
2.086
2.0067
2.3507
2.226
2.1329
2.3742
2.387
1.5018
1.9712
1.7772
2.3156
1.4518
2.2093
1.7267
2.0347
1.2543
2.1679
2.2858
2.1563
2.364
2.325
2.0485
2.0775
2.2427
1.8108
1.7222
2.0682
2.4987
2.3266
1.1341
2.0192
1.6254
2.3013
2.2601
2.2082
2.2334
2.1585
2.3732
1.8828
1.9165
2.0805
2.3968
2.123
2.0717
1.8177
2.3726
2.3634
1.887
2.2649
1.4722
2.1267
2.1443
1.892
1.6644
2.2386
2.1952
2.2308
2.0958
2.3583
2.1647
2.0089
1.8978
2.1749
1.9294
1.91
2.067
1.131
2.5234
1.4162
1.7022
2.2963
2.1171
1.9784
2.45
1.2092
1.5426
2.3984
2.4087
1.5153
2.0837
2.3173
2.4107
1.9794
2.1979
2.1395
1.8333
2.3236
1.7179
2.2973
1.6023
2.0296
2.2971
1.2324
2.2588
2.2512
1.1861
2.3963
1.9411
1.8425
2.2287
2.385
2.1825
1.3814
1.5072
1.945
1.4962
2.0017
1.4939
1.6363
1.818
1.5373
2.1727
1.3038
2.2274
1.4034
2.4358
2.2242
2.363
1.9141
2.0764
1.4153
1.417
2.3511
1.9396
2.1747
2.398
2.0013
1.8827
2.2319
2.4015
2.2262
1.5444
2.161
2.0524
2.2276
2.4133
1.3377
2.0417
2.1159
2.2422
1.4146
2.4979
2.0833
1.9397
2.4451
2.0107
1.9469
2.0464
1.1707
2.2012
2.1398
2.276
2.0739
2.0648
2.0728
2.3447
2.066
2.2744
2.1723
2.3522
2.1639
2.3088
2.2196
1.0841
2.3885
2.3743
1.8993
2.1538
2.3662
2.2225
2.314
2.1768
1.9604
1.3415
2.215
1.986
2.4839
1.1645
1.8462
1.6663
2.3954
1.5378
2.3786
1.8421
2.2431
1.9412
2.1049
2.3397
1.6183
2.3307
1.6843
1.473
1.6168
2.1363
2.4242
1.6877
2.4742
2.3314
2.4173
2.3169
1.8125
1.7038
2.3495
1.8722
1.4175
2.2896
1.2769
2.3198
1.4712
1.5358
2.4361
2.3071
2.1373
1.821
2.4073
2.3433
1.7632
2.0969
2.3121
2.3933
2.3615
1.4983
2.3857
1.3879
2.2035
2.3688
1.9912
2.3989
1.9063
2.1356
1.3236
1.9952
2.0757
2.3973
1.5487
1.8244
2.3001
1.9807
2.1425
1.8032
2.1787
2.3869
2.226
2.1843
2.1167
1.6761
2.1105
2.4219
2.273
2.1448
2.4221
2.3638
2.379
2.4286
2.1237
1.7817
2.1834
2.2748
1.7135
1.9956
2.2111
1.3718
2.1177
2.2512
2.3811
1.8032
2.3365
2.4174
2.3467
2.2929
1.5488
2.1252
2.4496
1.4458
2.3873
2.3596
2.0958
2.3808
2.3914
2.2805
2.1946
2.1923
2.0039
1.9634
1.2508
2.0667
2.2234
1.6469
2.3771
1.903
1.3412
2.2618
2.5159
2.169
2.1462
1.8585
2.2068
2.2259
2.1918
1.8821
2.1461
1.6256
2.1126
2.2227
2.3287
2.3645
2.2559
2.3092
2.3454
2.1928
1.7669
1.9795
2.4453
2.0545
1.9618
2.1127
2.2187
1.9977
2.3898
1.2633
2.3189
1.7938
1.4953
1.3918
2.32
1.2726
2.1688
2.2759
2.4092
2.147
2.4754
1.9891
2.3833
2.0165
2.201
2.0468
1.5939
2.3994
1.3807
2.4243
2.4486
1.3024
2.2446
1.3823
2.3283
1.4079
2.2846
2.3894
2.1364
1.832
2.2725
2.1605
1.873
2.4104
1.7102
2.2303
1.5122
1.2255
1.566
1.888
2.4516
2.158
2.1066
2.4296
1.5992
2.3557
2.2206
1.9348
1.9805
1.4272
1.7824
2.4138
2.1546
2.4085
2.313
1.7953
2.1507
2.1838
2.3315
2.054
2.2946
2.1126
1.3363
1.4168
2.099
1.7628
2.2425
1.7037
2.3542
1.6048
2.2311
2.2004
2.2865
1.8751
2.3636
1.6372
2.4234
1.8547
1.7019
2.0065
1.7687
2.1256
1.9314
2.3044
2.3962
1.3361
2.272
1.3215
2.3354
2.0418
1.2396
2.2386
2.2538
2.445
1.7567
2.2001
2.3447
2.3436
1.9391
2.1883
2.1454
1.2306
2.2944
1.7045
2.4073
2.4071
1.9256
1.8632
1.5967
1.2154
2.314
2.4008
1.4017
2.3175
2.492
2.3736
1.3793
2.1802
2.1935
2.2732
2.4154
2.2382
1.9533
2.3889
1.2773
2.2429
2.1598
2.2693
2.1256
2.3443
2.1081
2.3521
2.1709
1.87
2.1669
2.2608
1.9403
1.8669
2.2344
2.207
2.0561
1.5319
1.6145
2.3147
2.4298
1.6579
2.3472
2.2527
1.4676
2.2295
2.4144
2.331
2.2732
1.7068
2.1011
2.2463
2.1646
1.972
1.9784
2.3156
1.8324
1.5399
2.3046
2.382
1.9513
2.0354
1.2882
2.3514
2.1442
1.9032
2.2135
2.0333
2.2563
1.498
2.2596
2.2575
2.2971
1.6164
2.3438
2.1236
1.2968
2.3781
1.2062
2.3452
2.3072
2.3938
1.7147
2.344
2.4482
1.8978
2.2591
2.0904
1.7408
2.0405
1.7062
1.8156
2.023
1.2974
1.8236
1.5545
2.2645
1.5439
1.9583
2.435
2.2308
2.1531
2.236
2.1358
2.0776
1.4816
2.2774
1.2714
2.5128
1.6635
1.1548
2.0602
1.8042
1.8518
2.4262
2.0986
1.4652
1.6043
2.3961
2.3862
2.3808
2.4172
1.9134
1.5087
2.3765
2.3338
2.2316
2.1866
1.6648
2.2965
2.0272
1.3661
2.4483
2.3402
2.319
2.3224
2.1002
2.1554
1.8964
2.2974
2.396
2.0635
2.4171
2.3031
2.1707
2.09
2.2164
2.2443
2.3781
1.9848
2.2096
2.4545
1.7207
1.8087
1.6527
1.8288
2.2552
2.2882
1.5002
2.3015
1.5878
1.8843
2.2758
2.2603
2.4964
1.5977
2.0466
1.866
1.8994
1.327
1.732
1.785
1.7102
1.9555
2.3993
2.2843
2.4244
2.2627
2.4155
1.2286
2.4066
2.0236
2.3638
1.8253
2.3643
2.2722
1.4724
2.261
2.1122
2.3562
2.3764
2.2787
2.2653
1.7615
1.9004
1.8073
2.0714
2.177
2.261
1.3949
1.6829
2.441
2.0599
2.4536
2.4142
1.9763
1.3395
1.256
2.283
2.1974
1.9715
1.8854
1.6844
1.6365
1.2985
2.1639
2.2249
2.0554
2.3029
2.3069
1.682
2.4021
2.131
2.3464
2.3225
2.246
1.3154
2.3721
2.4632
2.3127
1.5548
1.8695
1.8198
1.9362
2.4421
2.2429
1.9325
2.1976
1.9135
2.1919
1.5058
2.1802
2.0277
2.1982
2.3186
2.1836
2.034
2.2598
1.7111
1.5321
1.9507
2.0784
2.1495
2.4269
2.4159
2.4369
2.2895
2.42
2.1667
2.0974
1.9077
2.064
1.5316
2.3228
1.8949
1.2043
2.2139
2.3541
2.2577
2.3136
2.3304
1.7747
2.2217
1.6852
2.1662
1.5891
2.4376
1.9221
1.6212
1.9311
2.3879
2.3429
2.3251
2.25
1.9902
1.8856
2.1991
1.4715
2.2106
1.509
2.2133
2.2534
2.0061
2.2722
1.2616
1.2721
2.3361
2.3521
1.2702
2.2275
2.3139
2.039
2.2462
1.4003
2.1746
2.3359
1.633
2.0396
2.3195
1.5871
2.2375
1.9173
2.3268
2.1215
2.4159
2.0049
2.0607
1.4426
1.9368
2.1489
2.3852
1.5636
1.7149
1.6141
2.2307
1.454
2.2874
2.0418
1.5881
1.4238
2.2136
2.0253
2.3203
1.785
2.0775
1.6579
1.8827
2.2513
2.1906
2.1027
2.0809
2.208
1.7828
2.045
2.2004
1.9088
2.0368
2.3773
2.388
2.0206
2.0099
2.3711
2.0691
2.1185
2.0369
1.4389
1.5118
1.398
2.2027
2.2685
2.2648
2.3297
1.7434
2.2854
1.6676
2.1042
1.7684
2.2765
2.1546
2.4008
2.3359
2.1464
1.4687
2.2915
1.2121
2.2278
1.6437
2.436
2.3846
2.068
2.2047
2.3963
2.3221
2.0674
2.2113
2.0697
2.0236
2.3651
1.6207
2.0508
2.1849
2.0413
1.3896
1.209
1.8577
1.5824
2.1547
2.0659
2.0449
2.2443
2.3773
2.4703
1.895
1.2309
1.6214
1.8655
2.1274
1.6948
1.889
1.6539
2.0466
1.9149
1.4078
1.8681
1.8086
2.0439
2.1919
1.8838
2.1573
2.1158
2.1562
2.4092
2.3111
2.1402
2.4072
2.0676
2.0413
2.3232
2.2718
1.4462
1.731
2.2006
2.0967
1.3772
2.212
1.9388
1.4625
2.0576
2.2905
1.9166
2.2393
2.3221
1.3115
1.9873
2.3709
1.7622
2.2726
1.7601
1.625
1.2859
1.8661
2.155
2.4015
1.7894
2.4398
2.3823
2.3508
2.3388
2.1101
2.3214
1.7252
1.954
2.148
2.259
2.2908
2.1436
2.3687
2.1428
2.3371
2.1886
2.4778
2.4199
1.809
2.3174
1.6924
2.2888
1.7317
2.451
2.4082
2.3382
2.208
2.3037
1.8438
2.018
2.3955
2.2905
2.4072
1.6027
2.0825
2.3172
2.2181
2.1036
2.2012
2.2057
2.2745
2.1725
1.5162
2.3376
2.2364
2.0479
1.4812
2.423
2.436
2.2176
2.394
2.3221
2.3541
1.9538
2.0049
2.39
2.4144
1.7122
2.2091
2.4202
1.8137
2.361
2.3137
2.2769
1.301
1.6627
2.0983
1.6671
1.9703
1.6714
1.9987
1.6019
2.0154
2.3361
1.7396
2.0304
2.4269
1.9567
1.46
2.2715
1.8773
2.3605
2.2468
1.7513
1.8779
2.0527
2.068
2.011
1.9881
2.1005
2.392
1.4476
2.0477
1.8987
2.1796
1.5045
1.926
2.3411
2.3745
1.335
1.5093
2.1544
2.4019
2.2444
2.0475
2.3374
2.389
2.3558
2.2421
1.9602
1.9475
1.6631
2.4063
1.8867
2.4579
2.2661
2.3649
2.0624
2.0639
1.6253
1.9737
1.58
2.1411
1.5592
1.7604
2.4385
2.2974
2.1123
2.313
1.4647
1.7864
1.9509
2.0356
2.0886
2.156
2.3434
2.1722
2.4613
1.2159
2.365
2.3089
1.0902
2.3545
2.184
1.2885
1.8564
2.1466
1.5553
2.093
1.4818
2.3622
1.7452
1.7844
1.7898
2.4251
2.3724
2.4006
2.4365
2.3356
2.407
1.5986
2.3195
2.2292
2.0304
1.6393
2.2113
1.3907
1.7958
1.7846
2.3271
2.3831
1.5496
1.3657
1.4445
2.0556
1.6979
2.2857
2.2831
1.9468
2.3831
1.4914
2.32
2.2423
2.4047
2.3404
2.3897
2.2096
2.1496
1.1552
2.0707
2.006
1.8428
1.943
2.4343
2.1522
2.2624
2.4954
2.2705
1.9531
2.293
2.3653
2.1184
2.4286
2.0327
1.8041
2.0873
1.386
1.6186
2.1144
2.171
1.8383
1.4119
2.1257
2.2594
1.9616
2.3124
1.5515
2.0783
2.3737
2.2029
2.1961
1.4674
1.9884
1.5873
2.1649
1.615
2.2497
2.3069
1.8086
1.6762
2.0518
2.1361
2.1831
2.3392
1.7315
2.4588
2.4499
1.473
2.2319
2.2781
2.209
2.1718
1.6223
2.1281
2.1456
2.3443
1.3561
2.3638
1.9333
2.1255
2.4496
2.1435
1.1511
2.3797
2.408
2.1778
2.0335
1.7138
1.3688
1.9546
1.1882
2.5261
2.454
2.4226
2.2697
2.1304
2.3729
2.1655
1.9309
2.3137
2.133
2.3038
2.5097
2.4606
2.2655
2.2622
1.6402
1.8656
2.3675
2.294
1.9644
1.9891
2.4534
2.1751
1.476
2.3191
2.1852
2.4614
2.2308
1.9388
2.0789
2.3791
2.3329
1.4533
1.6964
2.2164
1.7247
2.3042
1.8968
1.4999
2.2166
2.2758
1.827
2.2656
1.431
1.9368
2.3789
1.3798
1.987
2.4431
1.5566
2.1056
2.139
2.1538
1.7805
2.2471
2.5336
1.3098
1.8697
2.4012
2.3822
2.4264
2.4379
2.0894
1.9364
2.055
2.379
1.7819
2.2722
2.3322
2.2966
2.1632
2.3354
2.4712
1.3342
2.1626
1.6999
2.147
1.5412
2.2336
2.0422
2.3527
2.0399
2.1128
2.3597
2.3069
1.8376
2.303
1.7924
2.4232
1.7178
2.0947
1.557
2.4176
1.7164
1.347
2.0844
2.2769
2.1526
2.1675
2.0162
1.8317
2.3117
2.3554
2.1087
1.2779
1.8139
2.3283
2.3878
2.4223
2.2496
2.1762
1.5549
1.3508
2.31
2.2259
1.7772
2.3845
1.6138
1.9268
1.637
2.3051
2.1629
2.0693
2.1172
2.3962
2.4429
2.1068
2.4071
2.2837
2.2742
2.3432
1.3118
1.8431
1.8692
1.86
2.2088
1.2929
2.3202
2.0533
2.1995
2.1359
2.0512
2.4411
2.4306
2.3628
2.4769
2.203
1.9702
1.3323
2.4679
2.2758
1.7883
1.8553
2.2419
1.2968
1.9733
2.3508
2.3426
2.2847
2.2505
2.4302
2.1838
2.0426
2.284
1.7263
1.6317
2.1092
1.9606
2.1628
2.172
2.1777
2.3261
1.5186
2.3261
1.9994
2.2149
2.3898
1.527
2.433
2.0125
2.2257
2.0272
2.1705
2.0375
1.8678
2.1347
2.2549
1.9101
2.4255
2.3201
1.3384
1.363
1.577
2.2205
2.3224
1.8131
2.1129
1.1028
2.392
2.4356
2.3096
1.351
2.0876
2.2209
2.2477
2.2039
2.1291
1.7574
1.5009
2.1407
1.5434
2.1107
2.3609
1.94
2.1299
2.4465
2.2986
2.1642
2.2436
2.4048
2.2589
2.3344
2.431
2.3569
2.3625
1.5014
1.5699
2.4381
1.7255
1.2581
1.8607
1.9941
2.1244
1.9259
2.2061
2.2889
1.5919
2.1987
1.9454
1.6526
2.1124
2.3075
1.5364
2.3628
1.6162
2.2854
2.1555
2.2019
2.0558
2.3578
1.9929
2.2919
2.3407
2.1855
2.0399
2.1503
2.1883
2.3268
2.1731
1.3082
2.0998
1.2886
1.5206
2.1532
2.2632
2.4673
2.0345
2.3463
2.241
1.3282
2.3083
1.2876
2.3807
2.2647
1.9228
1.5861
2.3008
1.332
1.923
2.3353
2.0334
2.4772
2.2711
2.346
2.2599
1.3649
2.1484
2.1908
2.366
2.2787
2.3607
1.8313
1.9019
2.3825
1.5508
1.4365
2.4274
2.3489
1.6079
2.4488
1.6682
2.2635
2.052
1.7034
2.2556
2.2086
2.2095
2.1914
2.1468
1.5358
2.319
2.0518
1.5612
2.436
1.598
1.3904
2.2441
2.385
2.1727
2.2586
2.0707
2.1168
2.4668
2.0856
2.2308
2.3254
1.6281
1.5405
2.1891
1.2278
2.2236
1.9973
2.189
2.1492
2.3751
1.9551
2.2178
2.4298
1.5038
2.1374
2.2133
2.4521
2.2025
1.8677
1.9116
2.2184
2.4137
2.2777
1.8511
2.1728
2.1552
1.5922
1.3394
1.4142
1.2129
1.4617
2.2338
2.2016
2.261
2.1054
2.0691
2.1152
1.9266
2.4125
2.0678
1.4652
1.6788
2.002
1.7803
2.2736
2.087
2.2694
2.3013
1.5723
2.4556
2.2366
1.9744
2.0436
2.0561
2.1616
1.8104
2.2342
2.3416
1.6422
2.3449
2.1664
1.4799
2.2263
2.1025
2.2146
2.2792
2.2899
2.3905
1.2291
2.3314
2.026
2.2687
2.0854
2.4426
1.8553
1.3117
2.3495
1.9437
1.6214
2.242
1.7096
2.4274
2.1817
2.3437
1.3846
2.4496
2.3522
2.4061
1.4681
1.8113
2.0381
2.1369
2.5499
2.2807
2.0354
2.3012
1.8526
1.5141
2.0573
2.0129
1.6062
2.1474
2.4867
2.4195
2.346
1.9266
1.6429
1.8628
1.8579
2.1011
2.1152
2.3715
2.3987
2.4184
2.2929
1.2595
2.1898
2.2253
1.7459
2.3815
2.4056
1.5867
2.3456
2.4197
2.0354
1.5676
1.7131
1.6909
2.3296
2.3152
1.8491
2.1303
1.9314
1.782
2.2785
1.3245
2.0723
1.1682
2.4119
1.8733
2.1196
2.1789
2.3049
1.4252
1.9437
2.4999
1.8325
2.3391
1.7027
2.3606
2.4132
2.2239
2.0443
2.0041
2.3653
2.2306
2.3037
1.9678
1.9155
2.0392
1.7916
2.2009
1.3888
1.7433
2.2533
1.9939
2.1487
1.8638
2.3655
1.3813
2.3982
1.6499
2.4093
2.3004
2.1367
2.2902
1.8818
2.1259
2.2676
2.4009
2.39
1.7421
2.213
1.2947
2.4654
2.2072
2.0721
2.3266
2.3268
2.2542
1.5568
2.0047
1.8649
2.3801
1.2544
2.1036
1.8488
2.3883
2.4617
2.4603
1.8285
2.4072
2.2437
2.3788
1.4371
2.3407
2.2072
2.3222
1.464
1.6111
2.3195
2.2248
2.2527
1.2595
1.5267
2.2456
2.2434
2.3873
1.5462
1.9857
2.2652
1.9808
1.9854
2.2953
2.3373
1.3634
2.4769
2.3901
2.2677
2.4545
2.2722
1.9685
2.1506
2.1557
2.0153
2.1012
1.6397
2.0673
2.1965
2.477
2.2213
2.0302
1.9431
1.5607
2.2362
2.1763
1.9864
2.1434
2.2291
2.3728
2.3389
2.2689
2.3961
2.3303
2.38
2.1552
2.042
2.3147
2.1451
1.9096
2.0083
2.0801
2.1608
2.1605
1.9101
2.4046
1.493
1.1611
2.1861
1.3912
2.3391
2.4267
2.1005
2.261
2.4129
2.1652
2.3852
1.8704
2.3058
2.3765
2.3697
2.1779
1.4417
1.979
2.2758
2.0811
1.8349
1.7925
2.1059
2.3749
2.451
1.9583
2.4376
1.5336
2.2293
2.3557
1.8905
2.1827
2.0347
1.8628
2.3607
2.0816
1.9923
1.5123
2.2891
2.3202
1.253
2.4854
2.3864
1.4106
2.3903
1.4165
2.2342
2.3016
1.7337
2.213
2.3791
1.4649
2.1201
1.7507
1.7718
2.4751
1.5151
1.9899
2.3481
1.7248
2.4136
1.61
2.4733
2.3503
2.4366
1.6847
2.3464
2.4005
1.6394
2.1076
2.01
1.5763
2.2787
1.2912
1.8442
2.399
2.3599
1.4227
2.4303
2.227
2.439
2.3238
1.969
1.8996
2.0397
2.2545
1.7309
2.0132
1.2139
2.0189
1.5456
1.8727
2.1887
1.5459
2.4129
2.3641
2.1448
1.9727
2.1826
2.4157
1.9005
2.3135
2.0865
2.331
2.339
2.2813
2.2017
2.3777
1.7344
2.1654
2.1954
1.2921
2.4325
2.4395
1.4078
2.4282
1.598
1.3826
1.4379
2.4006
2.0711
2.3569
2.0214
2.0452
1.9202
1.5544
2.2209
2.0944
2.2095
2.0685
1.4275
2.2309
1.43
1.9972
1.9771
2.3168
2.431
2.4084
2.2389
1.9376
2.3796
2.0236
2.287
2.3724
2.4274
2.0646
2.3265
1.7344
2.3307
1.6138
2.2976
1.1646
2.0929
2.2993
2.2652
1.4592
2.2028
1.7973
1.8572
2.1878
2.1179
2.2544
2.092
1.3924
1.8861
2.3316
1.4365
2.4314
1.9422
1.6025
2.1224
2.1553
2.0227
2.2697
1.485
2.2721
2.3426
1.9444
2.0532
2.085
2.3616
1.9733
2.0893
1.5888
1.9031
2.1061
2.0685
2.2911
2.2368
2.3294
1.4439
2.361
2.4288
2.3685
2.4259
1.3835
2.3081
1.5192
2.2821
2.2427
1.9499
1.2828
2.0073
2.1395
1.458
2.0618
1.8659
2.0239
2.3828
2.0408
1.5797
2.1768
2.0138
1.6646
2.4821
1.9237
2.1132
2.0793
2.4189
1.8416
2.0632
2.1335
1.3437
2.2143
1.3415
2.2816
1.832
2.1345
1.2999
2.0268
1.4875
2.3304
2.3259
2.4321
2.1697
1.925
2.4809
2.3851
2.4841
2.2383
2.3407
2.0142
1.9157
1.8439
2.4367
2.2439
2.3646
2.4044
2.4007
2.2978
1.9413
2.0746
1.467
1.4619
1.7313
1.47
2.0951
2.3544
2.1564
1.6034
1.947
2.3939
1.9701
2.0258
2.3856
1.1261
2.1624
1.374
2.3768
2.3388
2.4414
1.7133
2.3342
2.4363
2.4461
1.8996
2.3923
1.3055
1.9168
2.125
2.0695
2.3675
2.3294
2.086
2.1071
2.3201
2.2488
1.8517
2.1962
2.0317
2.4701
2.0176
1.5808
1.4298
2.0385
2.1247
1.7075
1.5214
1.3223
2.3397
1.6679
2.267
2.4561
2.1392
2.4256
2.051
2.4648
2.0817
2.0577
1.7669
2.1494
2.3512
1.9386
2.3734
2.3378
2.3334
2.2808
2.5011
2.3889
2.1671
1.8393
2.4033
1.6276
2.2371
1.9317
2.2262
1.4325
2.0317
1.5317
2.3566
1.738
1.5892
2.4389
1.4934
2.2976
2.117
1.9792
2.4823
2.4642
2.3688
2.4292
2.108
2.0648
2.2747
1.3515
2.3928
2.3525
2.262
2.2831
1.7776
1.5765
1.5401
2.3818
2.1426
2.0655
1.8077
2.2296
2.4208
2.3005
2.3388
1.4051
1.5138
2.3889
1.9839
1.6242
2.3138
2.1683
1.734
1.7948
2.2683
1.43
1.5582
1.6492
1.972
2.3284
1.7608
1.7818
2.1178
1.3946
1.1743
2.3656
2.2828
2.0402
1.9863
1.9009
2.2156
2.2157
2.0883
2.0115
2.4098
2.4297
2.3523
2.0805
1.9492
2.3904
1.9773
1.7761
2.1218
1.3041
1.8721
2.181
1.2451
2.3621
2.2756
2.004
2.3355
2.1084
2.3852
2.3215
2.0506
1.2609
1.9174
2.051
2.356
1.1946
2.445
2.3879
2.453
2.1988
1.3993
2.0623
2.0716
2.1783
1.1662
2.2716
2.1812
2.3679
1.9825
2.1818
1.6254
2.3114
1.8154
1.8161
1.5242
2.3313
1.4346
2.4102
2.226
1.8932
2.2604
2.4452
2.3861
1.4458
2.3094
1.3335
2.3556
1.6108
2.4318
1.7107
1.4145
1.3654
2.3439
2.2413
2.424
1.7515
2.3217
1.9367
2.4475
1.2508
1.4907
2.4033
1.9665
2.1803
1.8249
2.2564
2.3525
1.6495
1.5551
1.9579
2.2462
1.8096
1.7738
1.824
1.3689
1.3594
1.8558
2.1041
2.2534
2.1349
2.3753
1.4895
2.3919
2.3434
2.3522
2.3754
2.3266
1.9886
2.5071
2.2327
2.0493
2.3097
2.2193
2.0909
1.9104
2.0625
2.2836
2.1766
1.8541
1.7951
2.0772
2.177
1.9548
1.3352
2.1932
2.377
1.2327
2.0249
2.2824
1.7556
2.0764
1.8947
2.0037
2.418
1.7614
2.3594
1.779
2.4456
2.204
2.4313
2.2529
2.2766
2.16
2.3787
2.2811
2.3478
2.0915
2.3847
2.2476
1.8136
2.44
2.0593
2.354
1.3414
1.0883
1.462
2.1586
2.3902
1.2333
2.0629
2.1743
1.6982
2.3015
2.2899
2.3703
2.3706
2.1836
1.9212
2.3182
1.9876
2.3924
1.6172
2.0282
2.1182
1.4844
2.421
1.7094
2.4216
2.2781
2.0676
2.1107
2.1855
1.9967
1.8752
2.3302
2.1341
2.2274
2.3886
2.4347
2.4349
2.1689
2.1839
2.2321
2.0371
1.3332
2.3647
2.3786
2.381
2.3426
2.1001
2.1315
2.5081
2.171
2.2361
1.82
2.2735
1.8842
1.6512
2.2702
1.8776
2.2616
2.2149
2.383
1.2756
2.2524
1.7334
1.5271
2.2977
1.4973
2.0873
2.3627
2.4526
2.1796
1.9624
2.4437
2.429
1.4039
2.0571
2.413
1.5531
2.1283
2.2095
1.4099
2.1729
2.3963
2.2397
2.0627
2.3177
2.0493
2.2926
2.1989
1.9862
2.2095
2.3226
2.2429
2.1318
1.8742
1.9923
2.3416
1.7339
2.3031
1.4409
1.8938
1.3337
1.5378
2.1966
1.7657
2.4931
2.3173
1.7248
2.142
1.835
2.112
2.28
2.4022
2.4311
1.6338
2.1796
2.3512
2.2206
2.0309
2.46
2.222
2.4262
1.8356
1.7756
2.2549
2.1826
2.4375
2.1609
2.2672
1.5711
2.3084
1.2088
2.3008
2.3388
2.3002
1.3361
2.1886
2.1524
2.1725
2.1819
2.2255
2.1119
2.437
1.4673
2.1631
2.3746
2.3459
1.6143
1.8265
1.6631
2.1364
2.459
2.0223
2.4479
2.2625
2.0878
2.3406
2.4367
2.4492
1.2849
2.3511
2.2668
2.26
2.2288
2.0816
2.0374
2.0613
1.9204
1.843
1.9683
2.368
2.2459
2.4196
1.8679
2.0564
1.3579
2.3279
1.9575
1.6193
2.2768
2.1648
2.3886
1.3546
2.3403
1.491
2.0245
2.2815
2.249
2.1886
2.3211
1.9219
2.1158
2.1317
2.353
1.2676
1.8997
1.9236
2.0075
1.7093
1.4043
2.3108
1.6839
1.3188
2.328
2.2046
2.3198
2.3995
2.0329
2.2804
2.4046
2.3752
1.6567
1.4981
2.1219
2.4225
1.9088
2.4468
1.9471
1.6117
2.3839
1.9233
1.5623
1.7937
1.7947
2.1115
2.2673
1.9876
1.8248
2.3
2.0441
1.9354
2.2883
2.1276
1.9725
2.2245
2.0166
2.1324
2.3352
2.3475
2.0255
2.3475
1.4575
2.2851
1.8608
2.2532
2.3915
2.3498
1.6319
2.0814
2.0043
1.8827
2.4547
2.2582
1.5151
2.4859
2.1165
2.3874
2.2659
2.0658
2.0826
2.0965
1.7096
2.0485
1.9227
2.341
1.8885
2.2437
2.4296
2.1534
2.2051
2.3862
2.3598
2.406
1.9109
2.4577
1.6911
2.3491
2.1366
2.2287
1.9502
1.6597
2.1788
2.3738
2.3329
2.2148
1.7606
1.5236
1.8563
2.0794
2.3946
2.0306
2.3875
2.0778
1.8476
1.6095
1.421
1.6857
1.8715
2.0949
2.3304
2.0155
2.281
1.7279
2.3205
2.3717
2.3201
1.3779
2.4966
2.0698
2.2652
2.3917
1.7439
2.3619
2.3174
1.3036
2.3649
2.2759
1.6886
1.3215
2.3503
2.4908
1.7517
2.2065
2.2964
2.4001
2.0802
2.3361
2.4067
2.0887
1.9884
1.6563
1.5198
1.4941
2.4277
2.332
1.9595
1.6947
2.296
2.3421
1.728
1.8689
1.8015
1.8768
1.933
1.2766
2.3129
1.3505
1.189
2.3292
1.7008
2.3613
2.4549
1.9706
2.254
2.2289
2.4798
2.2225
1.9434
2.2908
2.2852
2.3891
2.2169
1.869
2.51
1.962
2.0957
1.8979
1.9239
1.8465
1.7829
2.3068
1.6682
2.0477
2.3965
2.0663
1.729
2.2256
1.8404
1.3246
1.6043
1.8296
2.4553
2.2213
2.3879
2.4543
2.2089
2.1645
2.2972
1.6614
2.1878
2.2466
2.0228
1.4318
2.3065
2.3397
2.3134
2.379
1.6976
2.2998
2.3709
1.6248
1.7505
2.1666
1.9583
2.191
2.1813
1.6802
2.213
2.2479
1.3767
1.995
2.2956
1.5018
1.9637
1.3917
2.3364
1.4102
2.4892
1.4198
1.861
2.2366
2.3954
2.0326
1.6214
2.1095
2.1549
2.3154
1.4249
2.325
2.2998
2.4052
2.4162
2.049
2.4549
1.3152
2.3753
2.3543
2.3219
1.4106
2.3158
2.3487
2.1596
2.2013
2.4605
2.2103
2.1013
2.3548
1.9627
2.2099
2.2257
2.036
2.1716
2.2243
2.045
2.1314
2.3403
2.3104
2.177
2.3039
2.0386
2.2469
2.3881
2.1011
2.2507
1.7566
2.3518
2.0169
1.8325
2.3231
2.43
2.2784
2.341
1.4613
2.401
2.4084
2.3339
2.3422
1.9466
2.1821
1.8437
2.3257
2.248
2.4049
2.4748
1.415
1.5782
1.7222
1.1928
1.8639
2.0809
2.2843
2.2554
1.6315
2.3305
2.1672
2.2433
2.3217
2.274
1.7399
2.291
2.0733
2.0248
1.7282
1.3834
2.1812
2.0669
2.2544
1.2428
2.3928
2.2086
2.5248
1.7594
2.4347
2.1253
1.2486
1.7434
2.2404
1.9956
2.3751
2.1032
2.2694
2.3593
2.3723
2.3708
1.8764
2.2754
2.2555
2.3482
2.4184
2.3666
2.1152
2.2015
2.0359
2.3644
2.2892
2.1209
2.2979
2.4359
1.8465
2.2116
2.1427
2.2986
2.2443
1.6436
2.1815
2.4031
2.075
2.3653
1.6214
2.4381
2.3389
1.4139
2.2442
2.0865
2.1004
2.2261
1.4312
2.5004
1.6884
1.6826
2.3418
2.1739
2.159
2.4433
2.1805
2.1464
2.0896
2.3602
2.3375
1.751
2.1513
2.2478
2.2075
2.2926
2.2439
2.158
2.1806
1.9206
1.9881
2.3664
2.4721
2.3906
1.9109
1.7455
2.3334
2.3037
1.9487
2.0122
2.0919
1.4161
1.9642
1.5253
1.2529
2.4568
2.394
1.9732
2.0395
2.3617
2.0551
2.1471
1.9691
1.8201
1.7352
1.7443
1.5094
2.3163
2.1933
1.6531
2.3232
1.6228
2.0884
1.584
2.3013
2.3632
1.7838
2.3218
2.3298
2.1127
1.3371
2.0241
2.1972
2.3064
1.2408
1.9398
2.344
2.3203
1.9844
2.2909
2.2972
2.2578
2.228
1.9007
2.2797
1.9959
2.3406
1.7288
1.4863
2.244
2.1411
2.0717
1.8151
2.2002
2.2395
2.4478
2.2195
2.072
2.227
2.411
1.8008
2.3151
1.6958
2.3565
2.3434
2.1136
2.0343
1.6947
1.8292
2.4294
2.4069
2.1872
2.0165
2.0917
2.1446
2.2892
1.679
2.3253
1.5828
2.1588
2.058
1.9103
2.3421
1.4164
1.9903
2.423
2.2665
2.2001
2.3298
2.2111
1.6865
2.3243
2.2779
2.2067
1.9011
1.4691
2.0504
2.2998
1.5587
2.1551
1.8987
2.3412
2.142
1.2741
1.7317
2.0804
1.9334
2.171
2.3744
2.352
2.2917
2.4181
1.9727
2.3518
2.0912
2.0403
2.0913
1.3955
2.3455
1.9088
2.368
2.2124
2.334
2.342
2.1712
2.3299
1.6387
1.9777
2.2433
2.3779
2.1174
2.1231
2.4587
1.8536
2.2754
1.4624
2.4126
2.2211
2.4004
2.2431
2.3725
2.2922
2.2374
2.1918
1.9317
1.9362
2.3988
2.2179
2.2675
1.954
2.406
2.1785
1.2277
2.3552
1.5173
2.0589
2.2337
1.494
1.8958
2.4335
1.6971
2.3058
2.2929
2.3855
2.1214
1.6429
2.199
2.329
1.6716
2.3572
2.3444
2.2349
2.3209
2.3304
2.4275
2.2983
2.3753
2.279
2.2948
2.3974
1.5692
1.9766
2.4653
1.7788
1.3214
1.3375
2.0376
1.4892
2.1701
1.3505
1.6527
2.123
1.8806
1.723
2.1719
2.2109
2.369
2.3829
2.2408
2.0001
2.1122
1.2735
1.1767
1.5268
2.2415
1.8862
2.213
2.1365
1.5812
1.8658
2.2822
2.4187
1.6812
2.1452
2.0092
1.5975
2.3071
2.1044
2.3416
2.1125
2.3782
1.916
2.3807
2.423
2.3626
2.1478
2.3645
2.2855
2.313
1.6
2.2007
1.5537
2.0917
2.1089
1.8562
2.1153
2.2874
2.3906
2.3943
1.3497
2.2814
1.9394
1.5017
2.1965
2.1715
2.3528
2.463
2.0575
2.015
2.1972
1.5426
2.362
1.2652
1.8825
2.297
1.9814
2.1664
2.3659
1.4358
1.4552
1.9216
2.4401
1.8521
1.3281
2.219
2.1549
2.1677
1.6878
1.7752
1.3409
1.9248
2.2412
2.1777
1.5012
2.4031
2.3538
2.4461
2.1628
2.0173
1.6037
1.4579
2.0384
1.3713
1.7739
2.1561
2.1424
2.1517
2.3084
1.4211
2.0532
2.4046
1.9565
2.3717
2.0351
2.0251
2.0921
2.2947
1.8964
2.1431
2.0992
1.9963
2.1945
1.2471
1.6147
1.4801
1.8594
2.2137
2.3174
1.6498
1.7658
2.2915
2.1605
2.1555
2.404
2.269
2.3791
2.2266
1.8589
2.2396
1.8884
1.802
2.2106
2.3517
2.1749
1.8571
2.3783
2.4494
2.1914
2.1447
1.896
2.3383
1.5449
2.2622
2.3463
1.4613
2.344
1.6032
2.2022
2.0109
2.3815
2.3638
2.0687
2.2974
2.414
1.7487
2.3507
2.0601
2.0015
2.4102
2.3815
1.6999
2.4088
2.0131
1.9547
2.473
1.9273
1.2774
2.3091
2.3637
2.3294
2.3493
2.3143
1.9648
2.1905
2.0308
2.2272
2.1065
2.37
1.9356
1.8177
2.3512
2.208
1.8485
1.7912
1.494
2.3715
2.0479
1.3732
1.5017
1.8045
2.4519
1.7155
2.1319
2.0767
2.3047
1.5975
2.1613
1.2223
1.9539
1.5164
2.379
1.4123
2.0114
1.52
2.452
2.2254
1.3939
2.4283
2.0448
1.4034
2.3681
1.386
2.2876
1.3965
2.4218
2.0483
1.9917
1.9783
2.4816
2.0703
2.194
2.4785
2.4129
2.1096
2.1432
2.2957
2.4177
1.7368
2.1436
1.527
2.3793
1.7177
1.5906
2.4446
2.3936
1.2525
2.4122
2.4133
1.2735
1.3949
2.4174
1.8304
2.2918
2.4164
1.2683
2.2894
2.3538
1.726
1.8304
1.6994
1.807
2.1519
1.3985
1.6137
2.4518
1.364
2.429
1.7067
2.4559
1.9706
2.1636
2.0899
2.2404
2.3048
2.264
1.7507
2.385
1.8381
2.3401
2.4501
2.4543
1.8972
2.3483
2.1188
2.0311
1.8834
2.2995
1.772
2.4219
1.9523
2.0679
1.4699
1.9985
2.2143
1.8226
2.0842
2.209
2.2477
2.1932
2.1951
2.4212
2.2123
2.2255
2.3512
2.3458
2.1645
2.2081
2.1867
2.548
1.4804
2.4352
1.8276
2.4715
2.2194
2.3326
1.4876
1.5799
2.1585
2.1208
2.389
2.1873
2.1214
2.139
2.1827
2.3095
1.3116
2.2189
2.3671
2.1154
2.2059
2.1966
2.0022
1.9742
2.4147
1.8585
1.8835
2.316
2.2831
2.3925
1.9054
2.425
1.8621
2.2773
1.4895
1.7488
2.4747
2.4137
2.3384
1.7007
2.3092
2.3002
2.2424
2.0479
2.2654
2.397
2.2662
1.3275
2.1281
2.3043
1.503
2.1334
2.2533
2.2773
2.0224
2.0313
2.0694
2.2975
2.1121
2.4199
2.3679
2.1661
2.3534
2.4034
1.5792
1.2696
2.3671
2.5136
2.2822
2.4023
2.1392
2.264
1.5846
2.3338
2.2151
1.9454
2.3382
1.3065
2.1654
2.4078
1.8611
2.2478
2.3569
2.3645
2.4469
1.632
2.2979
1.7969
1.438
2.4747
2.4246
2.2946
1.6882
1.7253
2.1193
2.1518
2.3905
1.5602
2.077
1.9419
1.6504
1.8749
2.2906
2.3087
2.2157
2.3892
2.0284
2.3722
2.3206
1.8734
1.2786
2.2983
2.0785
2.2732
2.4184
1.7492
1.9195
1.3851
1.8409
2.0078
2.2519
2.4342
1.8355
2.3792
2.3137
1.5254
2.0259
2.3721
1.9271
1.8444
1.7024
1.3073
1.3495
2.0709
2.4629
2.1413
1.8587
1.3592
1.7257
1.3838
2.3785
2.3134
2.3296
2.1397
2.2788
2.4322
2.2201
1.803
2.1662
2.1611
2.316
1.6421
1.6225
2.2399
2.0829
2.0303
2.2786
1.3309
2.2386
2.1699
2.3835
1.9394
2.1233
2.2226
1.2721
2.054
1.8911
2.0678
2.3343
1.7916
1.9618
1.1984
2.2249
1.9566
1.9353
2.3605
2.0354
2.4015
2.3044
2.026
1.4075
2.3973
2.4938
1.3191
1.9666
2.2942
2.3301
2.4606
1.6607
2.064
2.1818
1.9812
1.5672
2.3245
1.4165
2.0036
2.3554
1.5987
2.3316
2.0974
2.2894
2.3544
2.3772
1.449
1.5266
2.2659
1.9139
2.2552
2.1304
2.3076
2.3459
1.7706
2.0776
2.0674
1.7708
2.3255
1.6877
1.4566
2.41
1.7552
1.7815
2.0478
2.1538
2.1081
2.3307
2.3427
1.6908
2.4003
2.289
2.2017
1.6164
1.6385
2.3168
2.261
2.3558
2.2619
1.3885
2.3071
2.3064
2.3456
2.0102
2.327
2.2776
1.5
2.1658
2.2824
2.2094
2.1074
2.2914
2.2937
1.6617
2.1432
2.0753
1.9871
2.3137
2.402
2.0342
2.0807
2.3436
2.0355
1.3237
2.0236
2.2647
2.4113
2.2287
2.264
2.4649
2.3671
2.433
1.296
2.0612
2.3528
2.1262
1.5725
2.2017
2.0944
2.0081
2.3609
2.1945
2.24
2.3342
1.7095
2.0803
1.6717
1.9582
2.1601
2.0288
2.1682
1.8019
1.8678
2.4473
2.3021
1.9369
2.3116
1.3588
2.1366
1.6741
2.3367
1.5732
2.2787
2.0097
2.196
1.8403
2.2151
2.4394
2.3478
2.3418
2.0911
2.339
2.2118
2.4634
2.0698
2.1545
1.8847
1.9514
1.7368
2.3181
1.9598
2.0166
2.26
1.2758
2.2428
2.4207
1.5353
2.0302
1.9153
2.0883
2.3446
2.2308
2.2288
2.2267
2.2969
2.1344
1.4306
2.2163
2.3334
1.7625
2.2053
1.6552
2.4365
2.1856
2.0793
1.6683
1.9256
1.8561
1.2772
1.1429
2.4124
1.6636
1.8732
2.3272
1.8651
2.1642
2.0459
2.1859
1.4154
2.2046
2.376
2.1553
2.3402
1.2001
2.1634
1.6143
2.0911
2.2133
2.0415
1.566
1.9305
2.2907
2.2513
1.7296
2.3119
2.1628
1.7804
1.7445
2.109
1.3389
1.8191
2.3662
1.6456
2.2825
2.1599
2.4649
1.9444
2.3592
2.1611
2.4694
2.3446
2.3831
2.4141
2.2309
2.2311
2.3313
2.4567
2.1597
1.2413
2.3693
1.6245
1.7086
1.8553
2.4509
2.3642
2.401
1.6325
2.0078
2.2898
2.0303
2.3554
1.4359
2.0033
2.1102
2.3003
1.5524
1.8371
2.0958
2.148
1.9887
2.2264
1.9755
2.4083
2.1869
2.4718
1.4948
2.2081
1.7237
2.2058
2.2917
2.3473
2.3922
2.3154
2.3671
2.3686
2.149
2.4514
1.9917
2.0746
2.1199
1.8728
1.8757
1.6791
1.2838
1.9251
2.1973
1.6233
1.9325
2.0988
1.6752
2.4287
1.8947
1.7255
2.1324
2.1908
2.1715
2.2884
2.1857
2.1469
2.0244
1.8073
2.488
1.9591
1.3618
2.1242
2.0354
2.2131
1.7854
1.4624
2.0416
1.6807
2.422
2.1351
2.1903
1.8944
2.0751
2.3114
2.2025
2.1481
1.8653
2.2236
1.8512
1.6529
1.3167
2.3421
2.2597
2.3124
2.2244
1.7816
1.5428
2.4306
1.8022
2.1628
1.6154
2.1159
2.4205
2.1704
2.2163
2.4584
2.2942
1.3389
1.6114
2.2745
2.5265
1.2696
1.8966
2.2074
1.7906
2.0039
2.0629
1.6749
2.3222
2.391
1.1735
2.1356
2.3574
2.0583
2.4051
2.1162
1.8505
1.599
2.0794
2.4748
1.8697
2.3794
1.7629
2.3908
2.3371
1.9729
2.4142
1.408
2.0194
2.3805
2.09
2.3893
1.6543
2.4406
1.9719
2.1493
2.1943
2.2502
1.823
2.1054
2.0615
2.2329
2.2832
2.2455
2.2648
1.9785
2.1585
2.2723
2.0923
2.1386
1.5268
1.3897
2.1014
2.4466
2.448
2.4119
2.0531
2.002
2.3406
1.7382
2.2324
1.6608
2.3412
2.3535
2.0172
2.1413
1.9218
2.2325
1.3163
2.4485
2.4196
2.083
1.2648
1.9285
2.2155
1.4108
2.3631
1.8858
1.6277
2.3142
2.166
2.1386
2.2092
1.8633
1.4273
2.4473
2.2142
2.3178
2.1545
1.7696
2.1413
2.0582
1.4854
2.3704
2.3282
2.1737
2.4122
2.4623
2.303
1.6545
2.3171
2.2124
1.6462
2.3058
1.959
2.2466
1.7573
1.432
2.2031
1.2606
1.8643
1.9644
2.3889
1.367
1.9016
1.8323
1.6764
1.2294
1.6715
2.1578
2.2317
2.0273
2.0044
2.3629
2.3794
2.0424
2.38
2.3658
2.316
2.0578
1.4809
2.4433
1.5074
1.2515
2.2931
2.3648
2.2628
2.4203
1.9091
1.9695
2.3255
2.3462
1.992
2.2463
1.8939
2.3686
2.311
2.0917
1.5342
1.2448
2.3652
2.3952
2.06
2.002
1.9645
2.2376
1.5289
1.6316
2.205
2.3336
2.1525
2.2806
2.3165
2.0444
2.0686
2.1117
2.4348
2.1668
2.2403
2.4655
1.9135
2.1285
2.0672
1.987
2.1893
2.0676
2.0711
2.354
2.1824
2.3751
2.0377
2.012
2.4318
2.1601
2.3359
2.3581
2.4196
2.3679
2.2551
2.377
2.1535
2.1463
2.3378
2.1968
2.2716
2.451
2.3024
1.8487
2.3867
2.3536
2.379
2.3387
2.0296
2.0511
1.9422
2.2365
2.182
1.9666
2.0347
1.682
1.7514
2.1653
2.3134
2.1013
2.0471
1.7178
2.1824
1.6402
2.0612
1.3899
2.2503
2.1765
2.2113
2.1788
1.5518
2.4023
2.0134
2.1249
2.2289
2.2313
1.34
2.3555
2.4683
1.7437
1.9522
1.9918
2.2631
2.301
2.0951
1.3697
2.2007
2.316
2.072
2.3577
2.398
1.8887
2.0655
2.0525
2.1181
1.6398
2.0601
1.9926
1.6215
2.2874
1.9235
1.8142
2.3664
2.3605
2.0843
1.9246
2.2285
2.3025
2.0325
1.3113
2.2435
1.9125
2.3236
2.242
2.0126
1.6155
2.2812
2.3875
2.1629
1.7701
2.0894
1.5354
2.391
2.2422
2.4352
1.4792
1.4054
1.5157
1.1305
2.2254
2.417
2.4094
1.1769
2.3101
2.3804
2.4112
2.2507
2.1361
1.2728
2.3645
2.0765
2.3523
1.53
2.152
2.2606
2.3693
2.2483
2.3504
2.0185
2.1682
2.1647
2.1586
2.1275
2.2769
2.0631
2.1289
1.6623
2.3287
2.2984
1.7959
1.9371
1.9867
1.5191
2.2597
1.933
2.354
2.2176
2.4049
2.3038
1.426
2.0852
2.0541
2.0366
2.1551
1.8569
2.3484
1.3887
2.4878
1.2411
1.7139
2.2124
2.1638
2.406
2.2011
2.3128
2.3909
2.3849
1.6072
1.4426
1.7382
