2.4186
2.4036
2.4064
2.1074
2.2103
2.3193
2.119
2.0468
2.222
2.1791
2.3286
2.2274
2.0514
2.2889
2.3468
2.1519
2.2306
2.024
2.0805
2.2298
2.1685
2.3451
2.2638
1.7144
2.0816
2.3906
2.4209
2.2271
2.2853
2.1024
1.4775
2.2358
2.3079
2.0344
2.3703
2.3378
2.2048
2.0886
2.2674
2.0379
2.386
2.1414
2.4468
2.4429
1.5466
2.1154
1.9069
2.441
2.1702
1.9624
2.0471
2.3546
2.1363
1.9445
2.4403
2.2528
1.5439
2.444
1.695
2.0627
1.7187
2.1116
2.2571
2.1866
2.3055
1.8086
2.0757
1.5359
2.0345
2.3232
2.1004
2.1651
2.232
2.2596
2.3257
1.9319
2.3894
2.0808
2.3962
1.3486
2.3552
2.2437
1.6779
2.4293
2.1202
2.252
1.864
2.2844
2.2283
2.0071
1.7609
2.1152
2.4561
2.2524
2.2259
2.3126
2.349
1.5037
2.388
1.7745
2.2967
2.2759
2.33
2.1146
2.0803
2.3858
2.2547
2.2631
2.29
2.3983
1.662
2.0105
2.337
1.514
1.9616
2.1605
2.2862
2.3434
2.2815
2.0478
2.538
1.4942
2.2845
2.3292
2.1608
2.1757
2.0805
1.7367
2.1197
2.2393
1.8073
2.1619
2.1407
2.1841
1.991
1.7251
2.2111
2.4348
2.2692
2.3942
2.3625
2.0123
2.2026
2.3067
2.2346
2.2957
2.1909
2.1545
2.0898
2.4331
2.3851
2.0948
2.2586
2.2229
2.3713
2.4205
2.1952
2.2335
2.0777
2.3258
1.6144
2.3578
2.1073
2.1622
2.2715
2.2531
1.9842
1.8976
2.1025
1.8969
1.621
2.0561
2.3415
2.2367
2.3449
2.1113
2.3894
2.2395
2.3973
2.4747
2.4234
1.8885
2.3524
2.3334
2.0261
2.2587
2.3031
2.2743
1.8068
2.1297
2.2551
1.9148
2.0085
2.1959
2.2133
2.0889
2.1912
2.0583
2.166
2.197
2.4044
2.3787
2.3655
2.1059
2.1274
2.2059
2.3028
2.3603
2.2556
2.1761
2.2585
2.3562
2.2446
2.1043
1.6381
2.3027
2.4443
2.2452
2.1735
2.1897
2.4271
2.1995
2.266
2.3549
1.9902
2.0969
1.7695
1.5979
1.9583
1.5772
2.1199
2.4385
2.3032
2.4285
2.068
2.1716
2.0373
2.2808
2.2062
2.2224
1.7472
2.1343
2.1218
2.0579
2.1844
2.1925
2.1928
1.9601
2.3617
2.1549
2.3677
2.2295
2.2729
2.238
2.2838
2.225
2.4006
2.2774
2.281
2.38
2.3229
2.0274
2.3962
2.0526
2.51
2.4192
2.0247
2.2638
2.1401
1.4727
1.3938
1.848
2.1085
2.2033
1.9357
2.2277
1.9262
2.1695
2.4045
2.4134
1.9138
1.9859
2.3291
2.3395
2.4297
2.114
2.3363
2.3133
2.1975
2.2363
2.279
2.3586
2.41
2.1994
2.3941
2.2532
2.3779
2.2003
2.0946
1.9282
2.3188
1.8356
2.3102
2.4493
2.3228
1.5018
2.4988
2.2342
2.2084
2.2265
2.3671
2.2525
2.3247
2.3095
1.9823
2.3223
2.3958
2.1244
2.3083
1.9578
2.3417
2.2871
2.3307
2.4208
2.3022
2.1698
2.3171
2.3731
2.3811
2.3582
2.4056
2.2974
2.2257
2.4189
2.2702
2.1419
2.2772
2.0792
2.2966
2.1533
2.2649
2.1671
2.2585
2.3688
2.0316
2.3037
2.3534
2.4103
2.3849
2.2027
2.3367
2.3429
1.8074
2.3461
2.3681
2.2153
2.4593
2.2925
2.0495
2.1345
2.2411
2.2283
2.3639
2.1489
1.8376
1.8836
2.2485
1.4744
2.4338
1.9021
1.8645
2.3563
2.1314
2.333
1.7472
1.4278
2.229
1.6592
2.0702
2.4779
1.9812
2.3605
2.2999
2.2066
2.311
1.5396
2.4396
2.1934
2.0044
2.3644
2.3746
2.3011
2.3935
2.2854
2.138
1.7467
2.0984
2.368
2.0659
2.1801
2.36
2.4492
2.296
2.2149
2.3231
2.3457
2.2179
2.0658
2.2251
1.7704
1.4467
1.5338
2.0958
2.4059
2.0095
2.2297
2.298
2.4271
2.3263
2.1128
1.6173
2.2965
2.2737
2.4335
2.3211
2.2783
2.3625
2.3672
2.3189
2.2802
2.2613
1.7938
1.9568
2.028
2.3764
1.4994
1.4849
2.2225
2.4298
2.3457
1.761
2.3875
2.4158
2.2928
2.443
2.2978
2.1124
2.3919
2.3149
2.4287
1.501
2.4521
2.4268
2.2619
2.1832
2.3639
1.9688
2.0828
2.1186
1.5396
2.3694
1.8932
2.3511
2.2973
2.2856
2.2233
2.326
2.291
2.2461
2.158
1.9204
2.0351
2.1436
1.9757
2.393
2.19
2.3312
2.2418
2.4114
2.1107
2.1483
2.3936
1.457
2.2566
2.2026
2.4183
2.4466
1.8628
2.3367
2.2807
2.2151
2.4288
2.401
2.4092
2.0226
1.9199
2.314
1.9506
1.9874
2.4292
2.4277
2.2251
2.3413
1.9957
2.1779
2.2272
2.0465
1.8333
2.1836
2.3592
2.4573
2.0797
2.3079
1.4378
2.0515
2.1451
2.0471
1.7739
2.3141
2.2911
2.385
2.0468
2.3049
2.2604
2.4334
2.1696
2.4158
2.1976
1.5462
1.5829
2.3227
2.2953
2.3592
2.1631
2.2209
1.7553
2.3186
2.2057
2.2738
2.2963
2.3645
2.4019
2.1441
1.8102
2.2255
1.8043
1.9656
2.3272
2.4094
2.2323
1.8602
2.422
2.3632
2.4581
2.401
2.1019
1.991
2.4451
1.5425
2.1166
2.4247
2.3547
2.1357
1.6682
2.1211
2.1951
2.4138
2.339
2.3859
1.8462
2.1894
2.3446
2.4284
2.3934
2.2709
2.3716
2.1207
2.3022
2.2243
1.9724
2.3038
2.2284
2.3711
2.0256
1.7982
2.3202
2.3984
2.346
1.9754
2.2191
2.2469
2.3997
1.9962
1.9001
1.9418
1.993
2.2401
2.2023
2.3303
2.4583
2.2576
1.6301
2.1608
2.3617
2.3789
2.312
1.9875
2.0939
1.9221
1.5273
2.4097
2.0582
2.3193
2.3744
2.0103
2.0868
1.9424
2.1779
1.8977
2.4265
2.2314
2.1775
2.399
2.2921
2.1521
2.3375
1.7275
2.1
2.1702
2.2997
2.005
2.3572
2.396
2.2857
1.4223
2.0873
2.28
2.3266
2.0997
2.0491
2.2364
2.0406
2.3326
2.1925
2.2713
2.3712
2.0738
2.2154
2.4451
2.4121
2.1958
1.8564
2.2911
2.1427
2.132
2.2958
2.4449
2.3803
2.0964
1.6215
2.1334
2.3048
2.3585
2.4246
2.374
2.4279
2.2255
2.2046
1.7947
1.9607
2.393
1.918
2.3192
1.8135
2.1996
2.1713
1.9802
2.2731
2.0588
2.1295
2.3653
2.1394
2.2603
1.9946
2.2762
1.5687
2.3823
2.2664
2.5304
2.2892
2.2522
1.7267
2.332
2.2759
2.2757
1.4605
2.3442
2.2526
2.1574
2.1687
2.1333
2.179
2.2044
2.1452
2.3684
1.7725
2.0232
1.8364
1.814
2.0278
2.1467
2.1154
2.4535
2.2301
2.2113
2.3499
2.4169
1.7538
2.2966
2.3032
2.2745
2.2443
1.9696
2.2801
2.4699
2.2317
2.3111
2.2933
2.4857
2.1287
1.7112
2.4197
2.2479
1.905
2.2797
2.1715
2.1429
2.211
1.4722
1.4736
2.4284
2.4443
2.2973
2.3539
2.2133
2.099
2.2721
2.1956
1.9479
2.2409
2.1116
2.421
2.2778
2.2514
2.2739
2.0988
2.3469
1.9307
2.3674
2.2033
2.1605
2.1569
2.3611
2.3439
2.2698
2.0115
1.9688
1.9401
1.5726
2.2851
2.3212
1.9662
2.1013
2.2715
2.3077
2.2128
2.3042
2.3698
2.1872
2.1642
2.1872
2.3234
1.982
2.4298
2.3631
1.983
2.4428
1.9969
2.3265
1.9614
2.1108
2.3498
2.2826
2.3935
2.0207
2.1723
2.3466
1.6162
2.3639
1.8742
2.3721
2.3049
2.0489
2.3289
2.2569
2.3465
2.3976
2.3192
2.4308
2.2666
2.1746
2.3635
2.3036
2.3999
2.124
1.7861
2.1152
1.52
2.4201
2.326
2.4458
2.3528
1.4079
1.7792
2.379
2.0481
2.2586
2.2748
2.4149
2.2584
1.654
2.5282
1.882
2.0722
2.3283
2.4362
1.9022
2.246
2.0945
2.4107
2.3454
2.1733
2.1917
2.1439
2.3076
1.7294
2.4576
2.2812
1.9529
2.0872
2.1385
2.1727
2.3657
2.1814
1.9407
2.3181
2.4307
2.3511
2.3826
2.2965
2.1122
2.307
2.3017
1.425
2.2688
2.2333
2.1053
2.4048
2.264
2.1722
2.3731
2.3965
2.0083
2.3498
2.1467
2.0489
2.3396
2.1163
2.2107
2.3957
2.3536
2.2827
2.2715
2.3979
2.1924
2.2559
2.06
2.3046
2.1408
2.4083
2.3271
2.199
2.4222
1.9492
1.9613
2.1177
2.0825
2.388
1.9562
2.2018
2.4406
2.2265
2.3459
2.2626
2.2033
2.2959
2.3985
2.3809
2.3038
2.0836
2.2998
2.3526
2.4214
2.3199
2.392
2.3593
2.0135
2.4436
2.4231
2.4873
2.2766
2.3797
2.406
2.2437
2.414
2.3613
1.7016
1.8611
2.2609
2.2119
2.2695
2.0138
1.9838
2.0741
2.3651
2.2149
2.2082
2.1526
2.281
2.0742
2.2878
1.8052
2.0286
1.9536
2.1879
2.3776
1.9854
1.592
2.1603
2.2548
1.8022
2.1982
2.4466
2.2843
2.2834
2.3091
2.2975
2.1912
2.2009
1.9104
2.1219
2.4323
2.3318
2.4161
2.0238
2.3704
2.1939
2.3523
2.0836
2.4472
2.3254
1.9972
1.9875
2.0502
2.2726
1.8863
2.2853
1.9118
2.3998
2.4237
2.4769
1.8578
2.3915
2.0853
2.0652
2.4395
2.0988
2.3361
1.9275
2.362
2.4311
2.1872
2.1689
2.0126
2.2516
2.2474
2.1642
2.2182
1.7834
2.0304
1.6368
2.1938
1.7476
2.3915
1.676
2.4002
2.305
1.5137
1.8167
2.372
2.2107
2.3307
2.3047
2.1865
1.8665
2.1242
2.474
2.3736
2.4774
2.1481
2.344
2.2495
2.1419
2.3805
2.1524
2.1211
2.3496
2.2498
2.4253
1.8168
2.3239
2.3703
2.3066
2.303
2.1509
1.8479
1.5078
2.4124
1.555
2.311
2.4508
2.3446
2.3666
1.9773
2.0795
2.2926
2.429
2.3758
2.3724
2.4343
1.5879
2.3934
2.1435
2.4047
2.0947
2.3838
2.2826
2.1336
2.4339
2.1713
2.1407
2.2501
2.2085
2.2308
2.3238
2.3515
1.3781
2.4033
2.2047
2.2546
1.6061
2.4278
2.1706
2.1553
2.1359
2.3291
2.37
1.9414
2.49
2.4015
2.2432
2.3388
2.2708
2.3574
1.5364
2.1464
2.1186
2.1638
2.0588
2.2218
2.3322
2.468
1.5353
2.1013
1.9535
2.3144
1.8025
2.3409
1.5771
2.2451
1.4756
2.4654
2.3822
1.7792
2.3187
1.426
2.3448
2.2787
2.3116
2.267
2.0832
2.2498
2.1812
1.9273
1.932
2.2858
2.4508
2.2792
2.3527
2.2477
2.3251
2.1518
2.2748
2.1688
1.8964
2.0975
2.4269
2.5039
2.325
1.4368
1.5908
1.7322
2.2759
2.1962
2.0437
1.6192
2.4471
2.3632
2.4334
2.2802
2.3173
2.4489
2.3571
2.1731
2.4809
2.0796
2.2606
2.3725
2.3949
2.3548
2.3501
2.1444
2.1859
2.1339
1.9638
1.9908
2.3461
2.0966
2.1946
2.1329
2.2306
2.3257
2.1295
2.2128
2.2074
1.972
2.1645
2.4883
1.7248
2.0035
2.4564
2.4291
2.3388
2.3538
2.3005
2.2845
2.0286
2.3183
2.191
2.2436
2.3965
2.3424
2.1345
2.1626
2.2228
2.3642
2.383
2.1757
2.0959
2.3076
2.3783
2.4955
2.2566
2.3846
2.2342
2.0503
1.9564
2.1577
2.2701
2.2718
2.2106
1.7533
2.3178
2.4444
2.3039
2.241
1.839
2.2957
2.1267
2.3136
2.2442
2.3561
2.052
1.8592
2.3382
2.2838
2.0519
1.9897
2.2081
2.051
2.3685
2.0968
2.3965
2.192
2.3321
2.1696
2.032
2.3565
1.9991
1.8664
2.2725
2.2916
1.8089
2.1919
2.163
2.098
1.968
2.2818
1.9499
2.0785
2.2415
2.1062
2.4005
1.8824
1.9919
2.112
2.0647
2.3024
2.3543
2.3424
2.3265
2.3014
1.9868
2.1311
2.3169
2.3835
2.1448
2.1602
2.403
2.417
2.2079
2.1968
2.3044
2.0995
2.069
2.1133
1.8522
2.3205
2.4846
2.4075
1.7109
2.2566
2.0525
2.3122
2.0757
2.164
2.1142
2.447
2.2737
2.3862
2.2793
2.2631
2.2855
2.0996
2.3337
2.3105
2.3017
2.2743
1.8559
2.1988
2.1575
2.1197
1.7442
2.41
2.107
2.1019
1.8784
2.3475
2.3443
2.2475
2.2147
2.3795
2.1071
2.2923
2.1528
2.3577
2.2902
1.8013
2.2736
2.0358
2.4054
2.4002
2.0918
2.3647
1.9084
2.1603
2.3163
2.2456
2.3747
2.3667
2.4688
2.0586
2.2516
2.2583
2.3389
2.199
2.2022
2.3632
2.0339
2.0359
2.3292
2.2147
2.0351
2.1627
2.4696
2.2476
2.3314
2.2463
2.4258
2.3366
2.4246
2.3604
2.2572
2.0214
2.4283
1.7296
2.3232
2.2271
2.0863
2.3794
2.0008
2.3553
2.4243
2.3486
2.4656
2.2744
2.1384
2.0027
2.2757
1.939
1.8019
1.8458
2.3891
2.1916
2.4206
2.0875
1.6359
2.1223
1.9564
2.2709
1.9726
2.3667
2.1858
2.2527
2.3364
2.1971
1.5584
1.691
2.3213
2.1957
2.2719
2.3312
1.7575
2.1781
2.3057
1.8837
2.2497
2.4147
2.1883
1.6321
2.2392
1.7235
1.9444
2.1162
1.4719
2.1476
2.1163
2.3685
2.0086
1.9311
1.5503
2.436
2.3773
2.1525
2.1392
1.8233
2.2198
2.2209
2.3393
2.3038
1.7641
1.9795
2.3326
1.6996
2.1442
2.2608
2.2379
1.8689
2.3884
2.0739
2.0981
2.1103
2.3582
1.5979
1.6361
2.2638
1.4543
1.9645
2.1715
2.1622
2.3436
1.8598
1.6431
2.2531
2.2927
2.1796
2.3626
2.4368
1.5472
2.3792
2.262
2.3286
2.1648
1.3999
2.3869
2.339
2.1665
2.2156
2.137
2.433
1.0993
2.0578
2.3283
2.3487
2.373
2.3063
2.2136
2.519
2.2314
2.1499
2.4792
2.1599
2.0323
2.1939
2.1766
2.2129
2.4095
2.3276
2.2813
1.9342
2.2292
2.333
2.4415
2.2457
2.4083
1.638
1.9217
2.407
2.2695
2.3156
2.0777
2.0625
2.4384
2.4774
1.7645
2.3373
2.1937
2.1461
2.3537
1.6136
2.4616
2.3191
2.2607
2.0043
1.9062
1.8038
2.4059
2.3099
2.1652
2.3974
1.922
2.2562
2.3352
1.92
2.3978
1.7632
1.6968
2.2603
2.3443
2.3657
2.0731
2.2747
2.4141
2.1451
2.0487
2.2116
2.396
2.0989
2.444
2.3671
1.8757
2.1328
2.1705
2.0748
2.306
2.1785
2.3473
2.3703
1.4967
1.8448
2.4807
2.3857
2.2826
2.1332
2.1934
2.4554
2.3739
2.3467
2.2187
1.6312
2.4358
2.2955
2.3697
1.7187
2.366
2.3809
2.1336
2.3733
2.4667
1.9518
2.4143
1.902
2.0939
2.2471
2.3332
2.2648
1.5426
1.9829
2.2983
1.9845
2.0239
2.4134
2.3362
2.3465
2.2942
2.453
2.1632
2.1406
2.3971
2.2937
2.4004
2.4183
2.2614
2.0982
2.185
2.1954
2.2091
2.2548
2.2592
2.2862
2.2216
2.4043
1.7964
2.1781
2.3922
1.5009
2.1851
2.407
2.175
1.4005
2.268
2.055
2.053
1.7894
2.3108
2.3504
2.3768
2.3704
2.3293
2.5237
2.2379
2.4246
2.2983
2.3708
2.1899
2.2723
2.2799
1.9086
1.4714
2.2596
2.2347
2.3444
2.241
2.3952
2.5019
2.3854
1.4071
2.248
1.7353
2.3257
2.3268
1.9473
2.4454
2.3749
2.0247
2.2479
2.0043
2.439
2.0193
2.3
2.0004
2.1971
2.3394
2.3407
2.435
2.3211
2.2082
2.1541
1.9923
2.1197
2.3443
2.2148
2.1483
2.3008
2.2973
2.2074
2.4714
1.9177
2.1359
1.5621
2.3252
2.2775
2.3575
1.536
2.4042
2.1606
2.3253
1.8234
2.4795
2.309
2.2961
2.4359
2.1809
2.0286
1.9842
2.3087
1.9466
2.1585
2.2203
2.3092
1.8576
2.0727
1.453
2.2675
2.3848
2.0043
2.1734
2.3937
2.1104
2.319
2.3127
2.3444
2.276
2.363
2.2969
2.2725
2.2044
2.3694
2.2007
2.4308
2.0704
2.3662
2.1046
2.3039
1.5848
2.4152
2.261
2.1407
2.2334
2.2757
2.2516
2.2056
2.4071
2.2709
2.1655
1.8506
1.8758
2.2225
2.449
2.1307
2.2798
2.2766
2.3101
2.4069
2.4053
2.3856
1.9263
2.3812
2.071
2.2781
1.8899
2.2419
2.4065
1.9592
1.9486
2.3426
2.3871
2.3609
2.3437
2.2179
2.3084
2.3244
2.3973
2.1558
2.1362
2.1722
1.8717
2.4161
2.3072
2.1266
2.3176
2.3405
2.241
2.391
2.1078
2.3335
2.3331
2.3204
2.2025
2.2977
1.9146
1.842
2.3613
2.2692
1.9885
2.2804
2.0899
2.3808
2.368
2.2906
2.3588
2.4279
2.4719
2.1771
1.8879
1.8742
2.3738
1.8658
2.1317
2.1572
2.2839
2.0667
2.2556
1.8125
2.3225
2.3209
1.9568
1.6134
2.4256
2.2992
2.4192
1.8377
1.3526
2.3581
2.2589
2.3607
2.3235
2.3244
1.8781
2.4087
1.9988
2.4172
2.2382
2.1982
2.1415
2.083
1.4543
2.1219
1.716
2.3979
2.1787
2.3498
2.1706
1.8216
2.3565
2.4032
2.3795
2.3225
2.3571
2.1307
2.4113
2.3424
2.2335
1.9652
2.2288
2.4611
2.5027
2.3802
2.3323
1.7429
2.3496
2.1443
2.2891
2.2258
1.9729
2.3822
2.2632
2.1491
2.3854
2.4001
1.829
2.2453
2.3082
2.2211
2.3073
2.3135
2.3615
2.1093
2.1696
2.2965
2.2758
1.8769
2.2893
2.3979
2.1822
2.2372
1.6907
2.3927
2.442
1.9258
2.1018
1.7673
1.6826
1.8943
2.3727
2.3573
2.4749
2.2992
2.3893
2.3731
2.3793
2.3585
2.253
2.1613
2.3896
2.3295
1.8892
1.3907
1.7321
2.4186
2.0104
2.2156
2.3332
2.1409
2.2697
2.2762
1.7983
1.8759
1.9404
1.5481
2.3747
2.0754
2.226
2.4072
2.3436
2.1338
2.2606
2.3115
2.2195
2.2975
1.757
2.2263
2.3382
1.9063
2.1338
2.3486
2.3833
2.3321
2.3641
1.9046
2.0284
1.7032
2.433
2.4202
2.4569
1.709
2.2453
2.2711
2.4201
2.2058
2.303
1.4923
2.4793
1.358
1.8924
2.0841
2.1096
2.2787
2.3025
1.6181
2.3008
2.0762
2.5206
2.3401
2.1395
2.477
2.3297
2.4256
2.2862
2.2854
2.0034
2.3754
2.4105
1.5622
2.1248
2.444
2.4313
2.16
1.8899
2.334
1.8935
2.1851
2.0845
2.3121
2.3522
2.4101
2.3786
2.311
2.0677
2.3406
2.4298
2.1109
1.8774
2.2735
2.3551
2.2315
2.3053
2.4108
2.3081
2.077
2.001
2.3678
2.2667
2.2243
2.3407
2.0806
2.1405
2.3447
1.8194
2.174
2.3269
2.2528
2.1374
2.4021
2.4092
1.9168
2.0416
1.5924
2.1176
2.2681
2.2282
2.2655
2.2483
2.3985
2.051
2.4279
2.2651
2.5016
2.2398
2.0612
2.1514
2.3488
2.1028
2.4022
1.532
2.2797
2.1401
2.0922
2.3597
1.8409
2.2533
2.4596
1.9822
2.0358
2.1634
2.1177
1.7257
2.3143
2.2384
2.2467
2.1917
2.2602
2.2417
2.071
1.9862
2.3891
2.0356
2.2081
2.1698
2.2476
2.0363
2.3811
2.2762
2.3404
2.3527
2.3259
2.1715
2.3698
2.2447
2.4607
2.3596
2.026
2.3139
2.0765
2.1897
2.0291
2.2254
2.1664
2.2236
2.2011
2.1902
2.1843
2.2453
2.2576
2.4039
2.2719
2.2089
2.3355
1.9438
1.5147
2.0416
2.3547
1.9469
2.2422
1.8246
2.2268
2.2844
2.2809
2.1909
2.0984
1.818
2.3015
2.5099
2.2937
2.3463
2.0961
2.2909
2.2881
2.2511
2.4291
2.2443
2.0838
2.389
2.2948
2.2508
2.2134
2.1251
2.217
2.2493
1.8884
2.3177
2.4271
2.0464
2.3265
2.2379
2.0579
2.0377
2.2043
2.2834
2.106
1.9721
2.2399
2.2545
2.401
1.4539
2.4272
2.1176
2.3171
2.1541
1.5098
2.1678
2.4338
2.3891
2.4371
2.3406
1.5054
2.0961
2.1979
1.8681
1.9822
2.2502
2.2961
2.2993
2.2944
2.3766
2.2675
2.3182
2.2288
2.2415
2.4419
2.3264
2.142
2.368
2.1565
2.3997
2.0412
2.3843
2.018
2.2744
1.9506
2.3337
2.3409
2.2985
2.3487
2.4157
2.2485
1.7591
2.3279
2.1213
2.2606
2.4117
2.2155
2.1659
2.205
1.5126
1.6639
2.2278
2.4086
2.1572
2.3296
1.8583
2.1383
1.8895
2.2354
2.3917
2.202
1.9797
1.9756
2.0333
2.4347
2.1276
2.0093
2.3225
2.4075
2.3203
2.2471
2.2856
2.4381
2.268
2.3729
1.4316
2.4123
2.4066
2.1575
1.6114
2.291
2.0952
2.3282
1.7308
2.1494
2.235
2.4248
2.0797
2.3029
2.2644
2.1869
2.2147
2.0377
2.1149
2.3488
2.391
2.3388
1.5362
2.3593
1.9849
2.33
2.0775
2.3426
2.363
2.168
2.0684
2.0174
2.2213
2.2414
2.0545
1.9631
2.0977
2.4342
2.0509
2.1461
2.2197
2.1417
2.3073
2.2645
2.3874
2.4275
2.1639
2.2553
1.9905
2.1813
2.2752
2.4605
2.223
2.0699
2.3569
2.0465
2.1746
2.3659
2.2922
2.3132
2.2329
2.3214
2.4522
2.3756
2.1339
2.3889
2.402
2.175
2.2302
2.3023
2.3292
2.3095
2.1637
2.2908
2.0816
2.1932
2.3322
2.1329
2.0363
2.3225
2.0706
2.3211
2.2167
2.3078
2.2422
2.3931
2.441
2.1578
2.0206
2.254
2.2855
2.3174
2.008
2.1159
2.1539
1.9571
2.3036
2.0712
2.3439
2.3555
2.3387
2.145
2.2499
2.4425
1.7782
2.3365
2.2253
2.2474
2.2203
2.3407
2.0604
2.3931
2.2523
2.3611
2.2812
2.2061
2.4422
2.2502
2.1087
2.0531
2.0924
2.3215
1.9521
2.043
2.4056
2.3618
2.3146
2.384
2.1161
2.2618
2.2203
2.1798
2.2464
1.3952
2.073
1.9932
2.3439
2.2193
2.2987
1.7601
2.0026
2.2089
2.3087
2.0139
1.7465
2.2997
2.2419
2.3252
2.1703
2.3209
2.2001
2.2661
2.2676
2.2347
2.2478
2.3874
1.4819
2.285
2.2047
2.2513
2.3257
1.4741
2.3278
2.2501
2.2117
2.3873
2.0804
2.3498
2.3549
2.3073
2.0187
2.1207
2.4139
2.1932
2.3403
2.2595
2.4215
2.2001
2.2277
2.0833
2.2038
2.4488
2.19
2.3408
1.9543
2.2697
2.1803
2.371
2.3358
1.6113
2.2155
2.1311
2.4091
1.5736
2.1775
2.0616
2.2197
2.0856
2.2383
2.1187
2.399
2.1904
2.1185
2.2339
2.2388
2.2026
1.7485
2.2684
2.4403
2.1867
2.1554
2.412
2.1399
2.316
2.389
2.2949
1.4443
1.5219
2.3325
2.2465
2.4462
2.0173
2.2187
2.413
2.3055
2.165
2.0953
2.24
1.753
2.2939
2.4278
1.6282
2.3293
2.3991
2.3159
2.1976
2.348
2.2779
2.2339
2.3348
2.4066
2.3569
2.2532
1.7632
2.3175
2.2708
2.3748
2.1313
2.1264
1.4621
2.2089
2.2866
2.0741
2.3259
2.069
2.1051
1.8165
1.4566
2.1614
2.2587
2.2688
2.3449
2.4483
2.2916
2.3401
2.2585
2.0884
2.1427
2.2321
2.2819
2.2754
2.4732
1.7874
1.769
2.3088
2.1924
2.0798
2.3632
2.0648
1.4598
2.2683
1.5269
2.2066
2.335
2.3365
2.2731
2.3906
2.4146
2.3365
1.6549
1.8695
2.3271
2.1601
2.172
1.8134
2.2297
2.1867
2.3546
2.411
2.0365
2.2531
2.164
2.2057
2.3698
2.3124
2.0688
2.1703
2.0388
2.152
2.1744
2.2315
1.742
2.198
2.2951
2.3146
2.4571
2.3763
2.152
2.3684
2.2652
2.4618
1.8532
2.1754
2.2917
1.8985
2.0426
2.381
2.191
1.9741
2.2069
2.3455
2.2416
1.2883
2.2238
2.3011
2.0162
2.1818
2.1598
2.4025
2.2547
2.2736
2.2129
2.4251
2.346
1.4545
2.2663
2.1535
1.4356
2.1217
2.3108
2.4211
2.1768
2.1859
1.9957
2.1414
2.0218
2.3753
2.428
2.3543
2.323
2.4149
2.4729
1.9979
2.1528
2.1932
2.1485
2.2786
2.4403
2.4627
2.3133
1.8192
2.4195
1.8522
2.1147
1.7375
1.7017
2.1345
2.2216
2.2416
2.3548
1.4914
1.9016
2.3454
2.1669
2.2867
2.1156
2.2238
2.107
2.3036
2.2833
2.1449
2.03
2.4087
2.129
2.2628
2.3684
2.3573
2.2185
2.3149
2.2026
2.3748
2.2522
1.5665
1.5609
2.4356
2.4015
2.09
2.3915
2.2955
2.1701
2.4422
2.3527
2.3775
2.275
2.2908
2.1159
2.1764
1.5276
2.4194
2.2529
2.3036
2.3217
2.2774
2.2309
2.2559
1.8382
2.3283
2.1621
1.9763
2.1207
2.3497
2.2503
2.1651
2.3413
2.219
2.3208
2.3642
2.4408
2.266
2.261
2.0823
2.2406
2.3173
2.2339
2.4166
2.4062
2.0934
2.0955
2.3318
2.4231
2.1763
2.3216
2.322
2.4035
2.3977
2.2112
2.1588
2.3459
2.3813
2.1636
2.403
2.3584
2.1415
2.1525
2.3706
2.3714
2.4061
2.3007
1.4079
2.233
2.1735
2.3623
1.8102
2.3873
1.8707
1.4803
2.3079
1.4906
2.1008
2.078
2.2518
2.3663
2.3027
2.1005
2.414
2.2329
1.9758
2.0158
2.2808
2.1323
2.1302
2.2286
2.3962
2.0729
2.2733
2.1394
2.3674
2.3344
1.879
1.4113
2.4339
2.4376
2.355
2.1102
2.1207
2.3508
2.091
2.301
2.1855
2.0928
2.0387
2.3765
2.2754
1.785
2.4415
2.3648
2.3851
2.2717
2.3293
2.0416
2.3657
1.9695
1.4999
2.3296
2.2021
2.3987
2.3073
2.2509
2.1265
1.5002
2.1631
2.0858
1.8487
2.2735
2.2102
2.2997
2.336
2.3088
2.3913
2.3407
2.1526
2.2347
1.9099
2.138
2.108
2.4498
2.2535
2.3235
2.2665
2.0942
1.9077
2.2473
2.1439
2.2873
2.2565
2.2576
2.3742
2.4
2.1308
2.2013
2.0485
2.2114
2.4679
2.367
2.4646
2.406
2.4565
1.7061
1.801
2.0897
1.8551
2.355
2.3706
1.4402
2.0371
2.2481
2.4714
2.4341
2.2626
2.3914
2.3717
1.7116
2.1405
2.3239
1.9347
2.2838
2.1604
2.4044
1.934
2.2487
2.3574
2.0839
2.0417
2.2211
1.5206
2.0616
1.983
2.3669
1.9448
1.6649
2.3424
2.4059
2.2505
2.4155
2.2876
2.3692
2.3823
2.3657
1.649
2.3183
2.1746
2.4602
2.2022
2.4256
2.239
2.2302
2.2002
1.5554
1.9861
2.2243
2.3603
2.3798
2.3844
2.1692
2.0401
2.3575
1.8449
2.0079
2.3983
2.2976
2.1594
2.1265
1.9899
2.1596
2.2634
2.2162
2.1794
2.1878
1.9518
1.8223
2.3236
1.4918
2.1945
1.4151
2.3676
2.3663
2.2013
2.2135
2.4128
2.2378
2.398
1.6826
2.2592
