2.4835
2.4619
1.4004
2.032
1.6793
1.7819
1.8404
2.1441
2.4003
1.4868
2.3326
2.2897
2.0827
1.9754
2.4453
2.0874
2.3992
2.0854
2.4448
2.1704
2.4095
2.2239
1.8185
1.7371
1.9882
2.2295
2.1256
2.0886
1.2963
1.7316
1.9079
2.0016
2.0107
2.2704
1.3512
1.3855
2.3212
2.328
1.6083
2.2074
2.0221
2.2336
2.3763
2.3665
1.8336
1.4621
2.2136
1.4856
2.0211
2.3272
2.1432
2.4091
2.0791
1.5317
2.0915
2.3168
1.424
2.2744
2.1154
1.9533
2.1353
2.144
2.1202
2.4454
2.4296
1.5968
2.1036
1.5071
2.3005
1.3779
2.4134
2.0051
1.8093
1.4009
1.7179
2.1358
2.2552
1.6911
2.1838
2.423
1.6205
1.678
1.9282
2.3496
2.1727
2.0334
2.262
1.4604
1.916
2.1736
2.0821
1.546
2.2495
1.9751
1.3575
1.9646
1.5019
1.6364
2.2598
2.1203
2.2337
2.3512
2.1471
2.0093
1.406
1.9601
2.1003
2.1939
2.2111
1.3421
1.8972
2.1032
1.9847
1.9074
1.3785
2.2638
2.3608
1.5088
2.1197
2.2226
1.348
1.3628
2.3651
1.4147
2.4168
2.077
2.1831
1.806
2.2694
2.2475
2.1893
1.6239
2.322
2.084
2.2456
1.9238
1.8327
1.9097
1.6714
1.6643
2.3077
1.4913
2.1975
1.8933
1.4711
2.005
1.8509
2.1705
2.0414
2.1269
2.135
1.3814
2.0237
1.6082
1.9204
1.9482
2.0833
2.4888
2.0915
2.0347
1.6143
2.0237
1.8594
2.2549
1.9321
1.5917
1.5883
2.1349
2.1387
1.4464
2.1072
2.339
2.4332
2.3288
1.8597
1.4675
2.2657
2.1533
2.1336
1.2223
1.7091
1.7579
1.3929
1.9208
2.1958
2.3014
2.0865
2.371
1.7764
1.6532
1.6511
1.3245
2.1678
2.4487
1.2948
1.7479
2.0018
2.1978
2.3576
2.2921
1.7434
1.5526
1.5065
2.2529
1.7634
1.4557
1.5443
2.2389
2.2594
1.8654
2.3363
2.0263
1.7765
2.1101
2.1631
2.2295
1.2837
2.1013
1.749
2.3946
2.2679
1.5362
2.329
2.4592
1.9996
2.0093
1.7271
2.0871
1.2759
2.2241
2.2557
2.1898
1.8739
1.6922
2.0765
1.8115
2.1102
1.4047
1.5013
1.6144
1.9906
1.9148
2.3075
2.0486
2.2802
2.3264
2.345
2.2109
1.4551
2.3092
1.6062
1.7956
1.2466
1.819
1.992
1.6678
1.7507
2.3713
1.5037
2.0087
2.3146
1.4484
2.1777
2.116
1.5553
1.8139
1.9173
2.2586
2.3059
1.7137
1.6784
2.3264
1.4392
1.4894
1.2526
2.0037
1.7613
1.8548
1.2153
2.1887
1.4954
2.2377
2.1313
2.1746
1.9725
2.0606
1.9392
1.9499
1.6499
1.3839
1.3249
2.2738
1.7828
1.5429
1.4416
1.7561
2.1913
2.2328
1.8776
1.6565
1.3924
2.0878
1.5085
2.3012
2.2728
2.1027
1.7266
1.4214
1.9257
1.7909
2.1582
2.0098
2.1136
1.6209
1.8392
2.2317
1.8917
2.0415
1.397
1.8036
2.2265
2.3381
1.2728
1.7849
1.9226
2.2482
1.9653
1.1372
2.3313
1.9091
1.9933
2.1354
2.3544
2.2122
1.9385
2.3296
1.8959
2.0453
1.627
2.3095
2.1152
2.3201
1.9115
2.3032
1.9877
2.2977
2.2693
1.4252
1.3474
1.7286
2.3092
2.1917
2.3343
2.318
2.2321
1.1624
2.3886
1.3225
1.9631
1.5038
2.0954
2.3497
2.3826
2.2915
1.7601
1.5538
2.1676
2.0297
1.7002
2.2348
2.0038
1.9502
2.1866
2.1314
2.0563
2.174
2.4004
2.2637
1.3733
1.4347
2.2789
2.0447
1.7154
2.082
1.5674
1.6292
2.0471
1.8769
1.8015
2.0378
2.2168
2.2103
2.2464
1.9256
2.2408
1.3035
1.24
1.6608
2.1071
2.3586
2.0349
1.6163
1.6058
2.182
1.7377
1.2673
1.955
2.01
2.4294
1.3744
1.6151
2.1497
1.7751
1.4952
1.2395
1.5516
1.7481
1.3892
2.1209
1.6807
2.2075
2.3569
1.5154
2.1476
1.8143
2.3854
2.3018
2.0268
1.8269
1.9958
1.862
2.0544
1.6599
1.4733
1.5195
1.6344
2.1334
1.7964
1.9365
2.1228
1.2991
1.6798
2.1824
2.3247
1.4991
2.1129
2.219
1.9996
1.8998
2.0953
2.173
2.2707
1.8519
2.3579
1.9838
1.9275
2.1487
1.8904
1.7455
1.117
1.7322
2.1295
2.1112
1.4564
1.7924
2.3601
1.3975
2.0297
1.6616
2.1527
2.1714
1.8956
2.1999
1.9804
2.1722
2.1693
2.1027
2.1075
1.4084
2.084
1.4621
1.9213
1.4811
2.0204
2.3611
1.555
1.8021
2.243
2.3247
2.1467
2.1642
2.4046
1.8587
2.1643
2.1368
1.5343
2.2101
1.597
2.2494
2.2169
2.2146
1.9284
1.7387
2.3934
2.369
2.184
2.2281
2.0365
1.6447
1.6527
1.4339
2.2529
1.9467
2.2014
1.7552
1.7389
2.3145
2.2132
2.0351
1.9384
2.0915
1.8064
2.2219
1.4966
2.312
2.2507
2.3815
1.2997
2.0185
2.2449
1.8395
2.2689
1.5288
1.4732
2.1377
2.324
2.1974
1.9982
1.698
2.3724
1.3442
2.0805
2.1326
1.9593
1.7623
2.3126
1.2885
2.0895
2.2062
1.8056
1.5147
1.8445
1.6685
1.8954
1.5438
2.1795
1.2944
1.4662
1.113
2.3085
1.3804
1.775
2.0546
2.1236
2.4007
2.2457
2.3676
1.7302
1.7994
2.2468
1.4132
2.2338
2.2405
2.0903
2.3171
1.972
1.8242
1.7159
2.2009
1.4124
1.8246
1.6352
1.7678
2.1713
1.3106
1.5013
1.8145
1.7602
2.0716
2.4908
2.3692
2.2549
2.2951
2.268
2.1229
2.0527
2.2607
1.3503
1.5618
1.5723
2.3373
2.39
1.8166
2.2056
2.0986
1.4787
2.0452
2.2128
1.7111
1.4942
1.4237
1.1838
2.1038
1.7271
1.594
1.3867
1.5115
1.7142
1.4732
2.2647
1.7316
2.3324
1.5388
1.7327
1.5957
2.1449
2.0146
1.917
2.231
2.0675
1.4406
1.6317
1.938
2.2456
2.4121
1.4377
1.8822
1.5662
1.3886
1.571
2.0141
2.2188
1.2549
1.5527
2.1385
1.7146
1.9522
1.4206
1.4703
2.2756
2.035
1.958
1.9551
1.8541
1.1597
2.1381
1.2036
1.3979
1.9468
2.3085
2.3365
1.8009
2.094
1.7048
1.5866
1.3352
2.2456
1.521
2.2039
2.0511
2.4352
1.5164
2.2956
2.1981
1.2497
2.0068
1.9982
2.1424
2.083
1.8811
1.7712
2.2089
2.1465
1.8823
2.1176
1.4018
1.7581
2.0482
2.0781
1.7492
2.1481
1.475
2.2131
1.5461
2.2346
2.1242
2.3864
1.812
2.2067
1.7767
1.8526
2.2891
1.5917
2.2705
2.3235
2.1501
1.8797
2.3639
2.2683
2.2533
1.4794
1.9854
2.279
2.0646
1.1744
1.4862
2.0109
2.3302
2.1619
2.0294
1.9971
1.7216
1.6828
1.9337
1.1883
2.0775
2.0883
2.3416
1.6233
1.5765
2.2575
2.2352
2.0893
2.3511
2.2432
2.3274
2.2181
2.3478
1.3321
2.3293
2.1603
2.1777
2.0011
1.4126
1.2943
2.1415
2.3754
2.0883
2.2564
2.2883
1.9408
1.6514
2.3568
2.1932
1.1271
2.1738
2.3438
2.1414
1.8594
2.3206
1.4408
1.8514
2.0661
2.341
1.7124
2.0759
1.6972
2.3729
1.6103
2.1175
1.4525
1.671
1.7394
1.6265
1.914
1.2773
1.6769
2.1512
1.5853
2.352
1.9704
2.0013
2.3639
2.1149
1.8054
2.0041
1.9389
2.3107
1.4649
1.4828
1.8429
2.1075
1.7436
1.9374
2.0598
2.1804
1.3588
2.2971
2.0002
2.3704
1.4801
1.8194
1.4061
2.1379
2.334
2.0063
2.2018
1.6657
1.8683
1.916
2.1858
1.8483
1.931
1.8064
2.1986
1.4684
1.5938
1.6366
2.2943
2.1826
2.0568
1.6694
1.4723
2.2484
2.0126
2.1715
2.2939
2.2627
2.1398
1.9058
1.5912
2.0698
1.2866
1.743
1.801
2.18
1.5524
1.3609
2.239
2.1986
2.2876
1.8424
2.1672
1.595
1.9303
2.2724
2.1904
1.82
2.0548
2.1668
2.08
1.7721
2.2706
2.491
1.6684
1.9844
1.5129
1.8029
1.2923
1.5188
2.2304
2.3635
1.8845
2.3689
2.1921
1.939
1.6248
2.2738
1.9172
2.1601
2.2142
2.0713
1.6769
2.0648
1.3597
2.3175
1.4814
2.3652
2.242
1.5805
1.971
1.3216
1.6132
1.7782
2.2807
2.4385
1.8976
1.2758
2.0776
1.905
2.2704
2.2136
2.2716
2.3094
2.2959
1.91
1.782
1.6345
2.3772
1.314
1.5871
1.9951
1.9878
1.9026
2.1923
2.2543
2.2486
1.5249
1.7866
2.1424
2.2413
1.6218
2.286
2.273
1.8189
1.7356
1.9537
1.9925
1.9885
2.2848
2.283
2.1711
1.9354
1.7561
1.5302
1.8354
2.1786
2.3168
1.2348
2.3736
2.1472
1.52
1.4917
2.2176
2.0621
1.4024
2.0798
1.2995
1.4888
1.4942
1.4661
1.6002
2.1441
1.5663
1.4546
2.0702
2.002
1.9001
2.297
2.1247
2.0883
2.0167
2.2396
2.3769
1.8424
1.8567
2.1406
2.2878
1.8583
1.6603
2.2237
1.6612
1.3633
2.2186
1.709
2.0264
2.2753
1.5721
1.8398
2.3518
1.5928
1.4617
1.6467
2.4223
2.048
1.4077
1.3744
2.0409
1.9315
1.3552
2.2396
2.3526
2.2266
1.7859
2.0415
2.1662
1.4551
2.383
2.1707
2.2489
1.5634
1.4496
1.7288
1.6708
1.578
1.9874
1.4561
1.5392
1.9469
2.1501
1.7069
2.4035
2.0174
2.1745
1.7909
2.2308
2.3004
2.1177
2.2862
1.7355
1.5932
2.3119
1.9398
1.3431
1.457
1.6968
2.095
1.5583
2.3515
2.2211
1.965
2.2642
1.4042
2.3673
2.0625
2.0708
2.1767
1.5999
1.265
2.3472
1.972
2.098
1.6603
1.6923
2.2063
2.1774
2.299
1.6072
2.3712
1.9677
1.9464
2.2486
1.4002
1.9946
1.8551
2.0445
2.1118
2.2493
2.1749
2.1889
1.7822
2.1629
2.046
1.3313
2.2511
1.2399
1.7228
2.2533
1.9555
2.3079
1.7353
1.722
2.0857
2.365
1.9951
2.4272
2.0206
1.3855
2.194
1.3619
1.9054
1.8053
1.6475
2.0761
1.5825
1.8153
2.2874
1.8824
1.4758
2.2891
2.4019
2.0992
2.1802
1.5919
1.938
2.3443
1.616
2.4123
2.2606
1.5619
1.9007
1.7686
1.5807
1.4893
2.2745
2.1943
2.2769
2.2412
1.9794
1.5654
2.0626
2.2322
1.6133
2.197
2.232
2.3831
1.3334
2.0864
2.3236
1.1945
2.1243
2.0422
1.8375
2.3707
2.315
1.3902
2.208
1.5411
1.7164
1.9505
2.3408
2.2963
1.7358
2.0508
1.2889
2.2324
1.9243
1.6103
2.4001
2.1338
1.4227
2.2199
1.9481
1.2216
2.0259
1.5869
2.2404
2.0036
1.4491
2.1701
2.2735
1.3821
1.8601
1.022
2.2943
2.1023
2.3437
1.158
2.0615
2.1312
2.1763
2.1817
1.9049
2.3846
2.3447
1.421
2.0569
2.2726
2.1715
2.1243
1.9446
1.3205
2.1584
1.6734
2.2929
1.8916
1.2809
2.2352
1.3604
2.261
1.2546
2.1626
1.864
2.1755
2.2603
1.9194
2.1221
1.4482
2.1768
1.7876
2.0239
2.2514
1.6877
2.4554
1.382
1.5138
2.244
1.5386
2.507
1.9205
2.3191
1.492
1.2882
2.0569
1.7232
1.281
1.815
1.4935
2.3209
1.3872
1.1787
2.1865
1.4226
2.0736
2.191
2.2415
2.0449
1.3565
1.9644
2.2916
1.3981
2.1505
1.3924
1.8454
2.325
1.7492
1.408
2.4377
1.175
2.0851
2.3825
1.851
1.6797
1.8051
2.0176
1.9657
1.7384
2.2448
1.9306
2.1363
2.2678
2.3294
1.2456
1.4854
1.6697
1.8856
2.2697
2.255
1.8504
2.3548
2.207
2.2614
2.0307
1.8345
2.1279
2.3543
2.107
1.8085
1.8133
2.1123
2.3432
2.3459
2.126
1.413
2.2116
2.3347
2.362
1.7595
2.0877
2.2757
1.7499
2.0964
1.8543
1.4786
1.6741
2.1014
2.3586
2.131
2.2531
2.1902
1.4186
2.1409
2.2249
2.2204
1.5646
2.097
1.4712
1.5016
2.3509
1.3856
2.27
2.1797
2.3323
2.0927
2.2687
2.2129
2.4061
1.2281
2.2113
1.8523
1.875
1.8314
1.9462
1.5979
1.7581
1.9162
2.1168
1.4437
2.2102
1.3298
2.1479
2.1324
2.2883
2.0865
1.1383
1.3952
2.1113
1.4531
1.7184
1.6805
1.9043
1.9375
2.0138
1.7481
2.1029
1.9198
1.7419
1.6356
2.1295
1.2532
1.7866
1.4617
2.2524
2.3273
2.1653
2.1181
2.1989
1.8222
2.2336
1.7771
1.3348
1.5182
2.373
1.9443
2.2241
2.4079
1.7601
2.3935
1.2341
1.9873
1.3396
1.8179
2.0636
1.4845
2.3205
2.2876
1.9948
2.1153
1.8713
1.5806
1.91
2.1336
1.9038
1.8055
1.9695
1.9823
2.2019
2.0755
2.2095
2.3578
2.2317
2.0356
2.3443
1.5397
2.3245
1.8736
2.21
1.3401
2.4428
1.8608
1.8367
1.6141
1.7432
1.7245
1.8041
2.3051
2.1516
2.2682
2.3132
2.0735
2.0427
1.9667
2.3034
1.649
2.0565
1.9081
2.2891
2.0568
2.0686
2.2551
2.1456
2.1431
2.4034
2.1523
2.2663
2.1747
1.6447
1.3253
2.1103
2.2199
2.3831
2.2255
1.5211
2.113
1.8476
1.9753
2.3509
1.9556
2.1347
2.1864
1.6886
1.5867
2.3985
2.0527
2.0885
2.209
1.7351
1.7849
2.4412
2.2386
2.0841
2.2908
1.8614
1.7878
2.3138
2.3349
1.3312
2.0767
2.2955
2.3227
1.458
2.0145
2.2383
2.2904
1.6871
1.579
2.2722
2.2275
1.374
2.2202
2.3979
2.1453
2.3802
2.1459
1.3966
2.1128
1.3833
1.4467
2.0157
1.5553
2.3632
2.3407
2.229
1.4141
1.5412
2.1249
2.2175
2.0827
2.1066
1.987
1.7087
2.1899
1.5358
1.5176
1.6812
2.3882
1.4013
2.1242
1.4741
1.7775
1.4447
2.1394
2.1651
1.8525
1.9521
1.9268
1.7404
1.6768
1.6526
2.3818
2.2971
1.8722
2.298
1.732
2.0266
2.2455
2.0569
2.2951
1.6215
1.8275
1.9263
2.2167
2.2362
2.0393
1.8195
2.2032
2.3216
2.0495
2.2502
1.791
2.192
1.8751
2.308
2.1346
1.4541
2.2593
2.1756
1.4137
2.2027
1.838
2.3517
1.5358
2.39
2.0873
1.8482
1.9183
1.6965
1.7552
2.079
2.3625
2.2159
2.3918
2.3922
2.3491
2.2168
1.9973
2.1012
2.0066
2.0953
1.2992
1.5189
1.8823
1.7245
1.9564
2.302
1.6329
2.0308
1.4003
1.4859
1.9575
1.3476
1.8406
1.8318
1.9627
1.8965
1.9131
1.5711
1.6758
2.0807
2.2484
1.7416
2.3368
2.2113
1.8441
2.3348
1.4939
1.7142
1.6043
1.9554
2.2963
2.274
1.8044
1.6528
2.2086
2.1179
2.0354
2.4175
2.1106
1.6727
1.3929
1.4692
2.1298
1.4058
2.3442
1.4037
2.0672
1.502
1.3212
1.8698
1.4414
1.9643
1.7007
2.1163
2.2684
1.3528
1.4432
1.6156
1.7276
2.0339
1.507
1.6498
2.2968
2.0668
2.1793
1.7596
2.4044
2.237
2.3982
1.6703
2.213
1.6779
1.4876
1.2964
2.0988
1.9902
1.7672
2.2551
2.2994
1.2759
2.3148
1.4432
2.1286
1.5022
1.5008
1.833
1.7749
2.0923
2.0513
1.8636
1.7466
2.1898
2.3618
1.2935
1.4095
1.9685
2.3221
1.507
2.322
1.7428
1.3398
1.4895
2.1341
2.1361
1.7873
2.3776
1.8838
2.3624
1.9998
1.1551
2.212
1.1936
1.1493
1.7109
1.9493
1.2619
1.5341
1.9452
1.936
1.6242
1.9047
2.1172
2.2728
1.909
1.3926
1.6032
1.679
2.4009
1.9084
2.0423
2.0295
1.8759
2.0269
1.7043
2.1655
2.1216
1.2008
2.3183
1.3905
2.021
1.97
2.1209
1.3375
1.8449
1.3885
2.318
2.14
1.9939
2.1701
2.2086
2.3193
1.6593
2.3151
2.385
2.161
1.937
2.2902
2.3313
2.1874
2.2504
1.4807
1.322
1.414
1.9726
2.3296
2.2032
2.2053
1.6695
2.1281
1.4164
1.3147
2.0868
1.3308
2.2489
1.6431
1.667
1.3903
2.4007
2.4013
2.1498
1.6804
2.2681
2.3521
1.8332
1.2503
2.2207
1.4407
1.6411
1.8467
2.0607
2.2178
2.3359
2.3507
1.9482
2.2175
2.2097
1.8055
2.2247
1.3265
2.2352
1.8972
1.8888
2.1896
1.7165
2.4215
2.2206
2.1921
2.2005
1.5006
2.2644
1.5051
1.7224
2.174
1.8967
1.5775
2.2301
2.2466
2.2374
2.1713
1.5014
1.994
2.3791
1.8483
2.1405
2.128
1.9171
2.2297
1.5344
1.8105
1.8644
1.3048
2.1234
2.04
1.8246
2.0745
2.0797
2.3186
1.5658
1.1454
2.1326
1.851
2.0863
2.0667
2.2518
2.277
1.5439
1.6794
1.3121
2.131
2.3511
2.3487
2.1786
2.33
2.2929
1.8036
1.6443
1.8343
2.3807
2.0592
2.1105
2.1515
1.7335
2.2223
1.7383
2.172
2.2967
1.9777
1.6444
1.4093
2.4297
1.6433
2.1573
2.2681
1.6726
1.9258
2.2688
1.7736
2.4014
1.4525
2.3566
2.164
2.2145
2.0774
2.1009
2.2541
2.2601
2.117
1.9429
1.3841
1.8541
2.0236
2.2579
1.5099
1.7545
1.6463
1.4247
2.1646
2.0223
1.7242
1.4523
1.2169
2.1376
2.3214
2.1682
2.152
2.2117
2.1977
1.8189
1.3715
2.1567
2.007
2.1321
1.5019
1.4272
1.9013
2.0922
1.3839
1.6509
2.189
2.1672
1.8815
1.5726
1.7664
2.3053
1.8829
2.0414
2.0837
2.2765
1.7725
2.2763
1.9569
2.0357
1.4579
1.5576
1.3873
2.1983
1.2122
1.6856
1.4305
2.0671
1.7573
2.2979
1.7815
1.5699
1.5128
2.0541
2.2472
2.2761
1.8787
1.1036
1.8418
2.1192
2.448
2.2835
2.3466
1.8846
2.1147
1.9855
2.0263
1.9189
1.4493
1.8854
1.6144
1.71
1.366
1.3454
2.4067
2.3079
1.4914
2.0425
2.3508
1.7197
1.6649
1.9432
1.6288
1.1964
2.17
1.9958
1.9989
2.3023
2.0589
2.0991
1.8527
1.4505
2.2609
1.9569
2.277
1.7362
1.6033
1.6188
1.9377
2.0308
2.2752
1.1939
2.2255
2.0395
2.2769
1.7432
1.4744
1.7448
2.2509
2.2225
1.7619
1.5926
2.2921
2.2935
2.3194
1.7422
1.9197
2.2457
2.0407
1.5994
1.6423
1.4899
2.0576
2.283
1.454
1.8719
1.9379
2.4041
2.3493
1.7194
2.2759
2.1131
1.9165
1.7462
2.093
1.4227
1.756
2.137
2.2881
2.3797
2.2222
1.429
2.0604
2.2415
2.095
2.4255
2.0725
2.194
1.5495
1.2565
2.204
1.6063
2.1275
1.9133
2.0664
2.0731
2.2277
1.7853
1.5825
2.3256
2.0314
2.1738
2.0833
2.0296
2.3166
2.2931
2.1178
2.3617
1.9881
2.4076
1.4908
1.7489
2.1916
2.1251
1.7356
1.9124
2.2875
1.9792
2.4051
2.1571
1.4744
1.2779
2.1302
2.1373
2.3725
2.4671
1.4466
1.7872
2.3753
2.2502
2.2338
2.2401
2.0233
2.0783
2.238
1.9756
1.7171
2.0009
2.1382
2.001
1.4951
2.2078
2.1578
1.4657
2.2595
2.205
2.2103
1.3127
2.1721
1.4399
1.4852
1.742
1.9602
1.9605
2.0197
2.1295
1.6234
1.8805
2.2086
1.4336
1.5175
2.2333
2.3689
1.6673
2.235
2.3549
2.2206
1.8136
1.6711
2.0607
1.3565
1.6969
2.0019
1.7097
2.3395
1.1401
2.2392
2.2553
2.4827
1.4475
2.1687
2.2748
1.4714
2.2314
1.8222
1.4219
1.6326
1.6295
2.0717
2.381
2.2527
1.7265
1.3202
1.9966
2.0189
1.8912
2.2512
2.0044
1.7017
2.0735
1.7683
2.1133
2.2006
1.4219
2.2801
1.4177
1.7216
2.111
2.3562
2.2716
1.7898
1.6856
1.2471
2.1807
2.2058
1.5038
1.2842
1.4471
1.8748
1.8718
2.2883
2.3749
2.24
2.1013
1.4752
1.4593
2.2901
1.5782
2.231
1.4713
1.3162
1.5415
2.2058
2.2579
2.2154
1.7672
1.6483
2.2398
1.4689
1.4573
1.3154
1.9166
2.2272
1.9651
1.4534
1.9967
2.1581
1.2709
2.3747
1.7944
1.791
2.0067
2.1547
1.9165
1.4059
2.3327
1.9978
2.3241
1.2357
2.0616
1.8777
2.0115
2.3385
2.3235
1.7645
1.8386
1.9613
1.8239
1.7071
1.4564
2.2718
2.0223
2.1304
1.5267
2.3398
1.5151
2.151
2.0157
2.0855
2.1363
1.2791
2.2722
1.9184
2.0016
2.2492
1.9115
1.9689
2.3644
2.2729
2.1127
1.6194
1.4931
1.8479
1.8615
2.0262
2.4236
2.1296
2.0959
2.3046
2.1699
2.2183
2.0384
2.2151
1.4842
2.2435
2.2936
1.5862
1.3739
1.36
1.5177
2.3091
2.0785
2.1704
1.5373
2.2372
1.0795
1.8328
2.2073
2.0054
1.9557
2.3323
2.0791
2.1306
2.0418
1.6299
1.9911
1.6846
1.2515
2.1973
1.5926
1.534
2.3092
2.3685
2.1942
1.6611
2.2499
2.2591
2.1456
1.9137
1.2269
1.8079
1.9398
2.2638
1.3336
2.305
2.4107
1.9881
1.7541
1.5389
2.2769
2.386
1.7099
2.1755
1.5217
2.0712
1.8525
1.4739
1.3867
1.5799
2.0523
2.048
1.8989
1.3071
2.1948
1.6536
2.3192
1.6554
1.2499
1.7032
1.7259
2.2788
2.0955
1.8886
1.484
2.2037
1.8396
1.5282
2.1855
1.5112
1.151
2.3596
2.3197
1.4478
2.2519
2.2264
2.058
2.1189
1.6592
1.7947
1.7402
2.2213
1.6477
1.827
2.0884
1.7125
1.6933
2.1235
1.775
1.8313
1.6482
2.2663
1.3935
1.4535
2.048
2.2436
1.4498
2.3211
1.8497
2.1395
2.2704
1.7402
2.4005
1.7389
2.0065
1.4954
2.0978
2.0542
1.4975
2.0496
2.1099
1.3835
2.2136
2.1071
2.1083
2.1882
2.1864
1.5319
2.1672
2.2393
1.4713
1.5534
1.5491
1.385
2.3296
1.7696
1.757
2.1856
1.7381
2.4642
2.3617
2.2363
2.1024
2.2345
1.7621
2.1645
2.1866
2.174
2.2829
1.9829
2.255
1.7285
1.457
1.4114
2.0389
1.7079
2.0416
1.8896
2.0858
2.297
2.1071
1.5819
2.3931
1.9488
1.662
1.8219
1.5763
2.3415
2.3522
2.4529
1.167
2.1661
1.7762
2.0988
1.4253
1.4643
2.2163
2.0127
2.2574
2.2797
2.1399
2.2089
2.2096
1.4783
2.4194
1.4241
2.0116
2.2343
1.9519
2.066
1.7389
2.2493
1.1684
2.072
1.9705
1.9941
2.3137
2.343
1.4877
2.1079
2.1771
2.1906
1.8471
1.417
1.5225
2.2143
1.6912
1.71
1.5463
2.2302
1.4118
2.1907
1.4513
2.3204
2.2272
1.5352
1.81
2.1698
2.1605
1.7442
1.9472
2.0561
1.9642
1.7651
2.1079
2.0235
1.7448
1.3525
1.4508
1.9385
1.548
1.8792
2.2512
2.2942
1.6813
1.6656
2.1687
1.6823
1.2683
2.2477
1.4584
1.6535
1.7384
1.9153
2.0826
2.2153
1.9911
1.583
1.4491
1.1781
2.2837
1.9361
2.0912
1.3204
2.0884
2.2394
1.9717
1.6236
2.0599
2.2989
2.3066
1.5403
2.2191
2.1947
1.8677
2.1374
1.6899
1.2511
1.3407
2.0328
1.599
2.1018
1.9294
2.187
2.3593
2.2338
1.5932
2.1747
1.7401
2.1397
2.0466
1.4228
2.1658
1.8905
1.6379
1.7159
1.8867
2.3538
2.3381
1.6934
2.2989
1.7452
1.9797
1.299
1.8062
1.4807
1.7994
1.3612
2.1824
1.9984
2.1699
2.1172
2.3134
2.0608
1.9005
2.1499
1.6604
1.7022
1.8704
2.398
2.2241
2.2033
1.3248
1.7611
2.1617
2.1394
1.9743
1.917
2.2139
1.6582
1.7045
1.626
2.422
1.8725
2.2426
2.3256
1.4181
1.4369
2.1157
1.942
2.1565
2.214
2.0609
1.495
2.2408
1.6798
2.3927
1.6568
1.716
1.3677
1.7496
1.3618
2.3481
1.4062
1.9049
2.3125
1.921
2.0866
2.1969
1.3693
2.076
1.9427
2.2458
2.0167
1.655
2.4295
2.0305
1.6972
1.7157
2.3267
1.8698
1.9489
2.091
2.1856
1.5776
1.4177
1.9568
1.8786
1.3648
2.1438
1.863
2.2611
2.182
1.7276
1.7134
2.3003
2.1474
2.1848
2.1656
2.0985
1.7616
1.9005
2.3183
2.0878
1.6454
2.3408
1.9255
1.739
2.3088
1.6311
1.7592
2.1666
2.2048
1.3352
1.4872
1.8039
2.3945
2.2588
2.3931
2.3876
1.962
2.142
1.5122
2.2028
2.0796
2.0861
1.9392
2.2413
2.3256
1.781
2.1389
1.5463
2.0775
2.2286
1.5436
1.6334
2.323
2.2973
2.0939
1.478
2.397
2.0548
1.5884
1.7925
2.0064
1.5172
1.7172
1.7891
2.1649
2.3561
1.4725
1.4976
1.9016
2.1507
2.2232
2.0124
2.1913
1.9767
1.5262
2.1558
1.4085
2.2234
1.6052
2.3053
2.1538
2.3983
2.156
2.184
1.6612
2.1032
2.1912
1.45
2.2871
2.3672
1.6863
2.2335
2.3025
1.8979
1.7033
2.1011
2.18
2.1199
2.0383
1.8261
1.6458
1.5994
1.9069
2.2145
1.514
1.1725
2.2673
2.1368
2.0433
2.0167
1.6262
2.1527
1.5489
2.033
2.1914
2.3201
1.3856
2.1901
1.8758
1.6835
2.124
2.0637
2.2075
1.7896
2.0489
2.1559
1.8866
1.5717
1.6286
1.8479
1.3552
1.7062
1.435
2.1271
2.2987
2.1886
2.1351
1.6997
2.454
2.0623
2.1757
1.8921
2.1182
1.7427
2.3525
1.6573
2.136
2.0329
2.3062
2.0152
1.3397
1.7531
2.3536
2.0049
2.1824
2.0596
2.3793
2.0353
2.0903
1.6246
1.8233
1.5544
1.4788
2.0735
1.6677
2.379
2.0531
2.117
2.3427
1.3723
2.0093
2.143
1.6087
2.354
1.2826
1.8225
1.4249
2.1656
2.2257
2.3085
2.1661
1.898
2.3248
2.4163
2.3146
1.3271
1.5565
2.0024
2.3068
1.465
2.2808
1.2857
2.2575
1.7801
1.9058
1.3794
1.533
2.1812
2.4082
2.4134
1.5138
1.4857
1.8793
2.2747
1.7654
1.9795
2.3351
2.0382
2.004
1.1064
1.6417
2.0342
1.4893
1.9449
1.4252
1.4155
1.3674
2.2196
2.2901
1.8245
2.2729
2.0492
2.414
1.7435
2.3279
2.219
2.1807
1.3695
1.1607
2.0117
2.0923
1.6099
2.2552
1.9055
2.2337
1.599
1.5985
1.7912
1.4313
2.3094
2.1899
2.3911
1.9503
2.04
1.95
1.2028
1.405
2.1424
1.4315
1.732
2.2968
2.038
2.2168
2.2747
1.9315
2.3502
2.2255
1.784
2.314
2.4177
2.2042
2.345
2.2386
1.6557
2.3292
1.7815
2.0615
1.8379
2.3475
1.6903
2.2357
1.7342
1.5354
1.5242
1.3784
1.7725
1.471
2.1103
1.5801
1.7571
2.1072
2.281
1.3912
1.9264
2.3399
1.9959
2.1738
2.3448
2.2338
2.1846
2.2024
2.2306
1.9335
2.2973
2.1283
2.1865
2.2131
2.2451
2.405
2.2939
1.8854
1.4006
2.0983
1.7188
1.5011
1.7241
1.408
2.3243
1.5814
1.5512
2.4292
1.8665
1.9232
1.4423
1.8199
1.5689
1.7378
1.3473
1.39
2.3164
1.5185
2.2824
2.274
2.0304
1.4699
2.168
1.8218
1.9453
2.177
1.9002
2.2145
1.5333
2.3424
2.3265
1.7985
1.4469
1.9528
2.0824
1.7549
2.1259
1.3225
1.1923
1.3614
1.3912
2.0804
2.3366
1.5056
2.2918
1.9211
1.8223
2.2291
2.2
2.2588
1.4146
1.9838
1.9057
1.2005
2.1522
1.4656
2.3877
2.1879
1.4664
1.3662
1.9694
1.9907
2.1239
2.1699
1.7479
1.9758
2.2042
2.023
2.0129
1.2878
2.1032
2.2102
2.0314
2.0197
2.2635
2.1271
1.9416
2.2145
2.2584
2.2845
1.5686
2.2765
2.2299
2.1342
2.14
2.4208
2.0143
1.8877
2.1262
2.0242
2.1618
2.1735
1.7432
2.1845
1.7175
1.9085
1.4778
2.2333
1.879
1.4945
1.7344
1.4613
1.7565
2.0968
2.4109
1.9406
2.0095
1.9028
2.0665
1.9144
2.342
1.8435
1.981
2.147
1.916
1.8269
1.4461
2.2955
2.3257
2.2328
1.8915
1.3711
2.1918
1.8175
1.9642
2.3147
2.282
2.3599
1.8486
2.4338
1.9263
2.0091
1.2682
2.291
2.2639
2.3061
1.9271
2.1107
1.9526
1.6029
1.9263
1.6516
2.1062
2.2621
2.4021
1.3097
2.0224
1.5481
1.7401
2.2183
2.0397
2.2682
2.225
1.4575
2.3418
1.4257
2.1495
1.6146
2.2221
1.3357
1.5605
2.3128
2.0396
1.6831
1.9253
2.3242
1.5407
2.2446
2.1018
1.5709
2.2275
2.1188
1.9433
1.7087
2.2427
2.0056
2.0927
1.3903
1.6233
1.7651
2.2718
2.2063
1.6133
1.2742
2.1848
2.3364
1.4903
2.2847
2.2356
2.2083
2.2893
1.9678
1.4462
1.3951
1.6674
1.9429
2.186
2.3328
1.7245
2.1987
2.0592
2.4588
1.4865
1.8074
1.8982
1.6295
1.9008
2.2757
2.0754
1.629
1.7155
2.49
2.2148
2.2897
1.9431
2.0005
2.0131
2.0531
1.6769
2.2731
2.2484
2.0801
2.3055
2.1481
1.6613
1.1073
1.4471
2.2459
1.8363
1.9505
1.6604
1.6963
1.9128
1.9351
1.3975
1.9686
1.6715
1.6582
2.0836
1.5935
1.4711
2.0769
2.1219
2.1582
2.311
2.3268
2.0373
1.4479
2.0978
2.0857
1.8028
1.7298
2.3417
2.1166
1.5214
1.5531
1.4366
2.3944
2.1606
1.6662
1.9612
1.8672
2.319
2.2876
2.1989
2.1546
2.3077
1.3628
1.9906
1.9356
1.8286
1.3504
2.1631
2.0443
1.9037
2.0006
1.4052
2.2942
1.9309
2.3632
2.2121
1.7986
2.2205
2.271
2.1376
2.4445
1.3739
2.3302
2.2499
2.3422
2.1638
1.2846
2.0509
2.1918
1.7255
2.0027
2.4305
2.0788
1.9735
2.0612
2.0931
2.3257
2.1427
1.774
2.0809
2.1391
2.2432
1.9729
1.8112
2.039
1.3104
2.0861
1.8176
2.0861
2.0494
2.0671
1.9729
2.0032
1.7157
1.8374
1.7115
2.1711
1.9987
2.0642
2.1078
2.1168
1.7859
2.4347
2.1302
2.0116
1.7401
1.6483
1.9491
2.435
1.9625
1.9018
2.036
1.5183
1.0239
1.8999
2.0808
1.9185
2.3643
1.9649
2.1443
2.3545
1.9316
1.9229
1.4517
1.5051
1.802
2.1729
1.9997
2.2282
1.5267
2.0719
1.8051
1.7963
1.7861
2.3487
1.8386
1.4406
1.7865
1.8924
1.2773
1.3375
1.6945
1.7635
2.1445
2.0762
2.257
1.8656
2.2105
1.4121
1.5167
2.1172
2.0901
1.6668
1.5631
1.9971
1.7499
1.9718
1.6915
2.2549
1.3171
1.9521
2.2157
2.5236
2.2847
1.9317
2.2725
1.5858
2.1815
2.1778
2.3676
2.032
1.3929
1.4145
1.7263
1.8031
2.3502
2.094
1.8759
1.7729
2.178
2.1734
1.5151
1.4062
1.8546
2.3553
2.1298
1.9441
2.0967
1.6935
1.4835
2.1796
2.2612
2.2617
1.4659
2.0004
2.245
2.2059
1.7997
2.0983
2.1171
2.2373
1.4179
2.2632
2.103
2.2259
1.4787
2.084
1.9263
1.4562
1.6208
2.3537
1.8843
1.7378
1.6891
1.7488
2.184
2.1239
2.1875
2.2281
1.4008
2.1317
2.3335
2.2594
1.7905
2.2017
2.4175
2.3035
1.6238
2.2306
2.1658
1.376
2.1217
2.3158
1.6886
2.099
1.4368
2.1754
2.1846
1.2966
2.2578
2.0684
1.6556
1.9575
1.5613
2.0076
2.226
1.5001
2.3273
1.8285
1.8041
2.051
2.331
2.2182
2.1246
1.9281
2.3753
1.7771
2.2636
1.3546
1.6912
1.9815
1.1465
2.014
2.2089
1.9989
1.2279
2.0343
2.3319
2.0981
1.6943
1.5614
2.3257
2.2385
2.3322
2.3776
2.0097
1.2758
1.6423
1.9895
2.2904
2.1581
1.9028
1.7691
2.2695
2.1387
2.2096
1.2357
1.8665
1.2577
1.7248
1.9326
2.1825
1.9398
2.2961
1.8527
2.2183
2.165
1.4378
1.995
1.5964
2.4235
2.1003
1.6868
2.0216
1.8796
1.2805
2.0455
1.6831
2.3546
1.6457
1.4527
2.0469
1.7962
2.0794
2.2421
1.9697
2.0921
2.2482
1.7397
2.3959
2.2794
1.5011
1.7868
1.4557
1.9819
2.4157
2.3476
1.6962
1.983
2.3412
1.7019
1.3685
2.2916
1.7164
2.1857
2.4555
2.1414
1.991
1.2846
1.8903
1.7933
2.0268
1.7568
1.2004
1.854
2.1691
1.548
1.5046
1.5023
2.1368
2.0779
1.5969
1.949
1.8954
2.3152
1.703
2.2666
1.6441
2.3401
2.0301
2.2825
2.087
2.2592
2.2915
2.1236
2.3428
2.3917
1.5845
1.7608
1.7141
1.9889
2.1266
2.1419
1.669
2.2795
2.225
1.6727
2.1063
1.9061
2.3517
2.2431
1.7609
2.1321
1.6724
1.9042
2.3491
2.3849
1.5668
2.2389
2.0829
1.875
2.2381
1.9938
1.5119
2.195
1.2744
2.2976
1.5529
1.5054
2.1597
1.5972
1.3386
1.6741
1.9139
1.7746
1.5517
2.4396
2.0883
2.1428
1.8912
1.9027
2.3416
1.7036
2.1838
1.6763
1.7471
1.921
2.0822
1.6872
2.0628
1.5007
1.8317
2.1163
2.2408
2.1768
1.756
1.3216
1.7275
2.3636
1.8986
1.5626
1.6898
2.3118
1.4988
1.915
2.1176
1.4674
2.066
2.3929
1.7068
2.3152
2.129
1.5732
1.6828
2.3432
2.1696
2.4255
2.3392
1.8981
1.2592
2.2962
1.6252
2.4711
2.0456
1.4899
2.0786
1.9544
2.3364
2.0831
2.2882
2.0986
2.2969
2.0083
1.6397
2.0507
1.7031
2.2822
2.1947
2.06
2.033
1.7092
2.1634
2.0969
2.3959
1.8856
2.2026
2.3019
2.2334
2.0588
1.6776
1.6446
1.3387
2.372
2.3882
1.5753
1.9219
2.2555
1.8279
1.9527
2.1927
1.9435
1.6299
1.3326
1.3439
2.3899
1.4742
2.3322
2.2616
1.7604
1.6029
1.2953
1.5512
2.192
2.3277
1.3998
2.1788
2.0177
2.2621
2.0794
1.9253
1.3276
1.9664
2.183
1.4766
1.2819
2.3701
1.9495
1.5235
2.2545
1.8386
1.7401
2.2629
1.5523
1.9199
2.1371
1.7123
1.9405
1.4936
1.5876
2.359
1.7561
2.084
1.1988
2.0866
2.3094
1.8792
2.1707
2.3139
1.8974
1.7529
1.7951
1.8958
1.5213
2.3308
1.2714
2.1621
2.345
2.3421
2.0585
2.2131
1.4687
2.2192
2.2246
1.4233
2.2789
2.0162
1.4765
1.4706
2.2078
2.2574
1.8728
1.8806
2.2507
1.8596
2.3254
1.4924
2.1638
1.7291
2.0471
2.2705
1.8599
1.6453
2.361
2.07
2.1836
2.198
1.9089
1.9316
1.47
2.3562
1.6718
1.4807
2.4132
1.6682
2.0847
2.4472
2.0974
1.9803
2.0855
2.3596
1.9691
2.2887
1.7016
1.6716
2.0815
2.2116
2.2435
1.3973
2.1702
2.0062
2.234
1.9688
1.8319
2.2972
1.6229
1.9933
2.2697
1.4315
2.1758
1.7849
2.3348
1.9119
2.1816
2.1484
1.6499
1.5555
2.2441
2.1806
1.5161
1.622
2.3072
2.1114
1.7693
2.2523
2.3014
2.0753
2.1358
2.4578
2.0596
1.9311
2.1699
2.0116
1.4666
1.5069
2.2162
1.8963
2.048
2.3481
1.4348
1.7623
2.163
2.3124
2.3965
2.2659
2.2953
1.7447
2.028
2.2969
2.2463
1.5264
2.2188
1.7832
1.7999
2.2736
1.9834
1.2931
1.9742
2.1723
2.0771
1.586
2.3615
2.2323
2.2077
1.5511
2.377
1.8168
2.4685
1.5235
2.0801
1.9954
2.3424
1.517
2.3415
1.4742
1.8059
2.1138
1.4643
2.1713
1.5589
1.2079
2.2282
1.3688
2.3926
1.9583
2.16
1.3526
2.0703
2.1815
2.1982
2.0733
2.0986
2.1609
1.5145
2.1571
1.6352
2.3485
2.021
1.4724
1.8317
2.1886
2.3168
2.0867
2.3056
1.6239
1.919
1.3173
2.2973
1.9704
2.246
2.0695
2.2492
1.0786
1.6859
2.3082
2.159
1.9408
2.2156
1.9874
2.2109
1.9883
2.3049
1.5329
1.9049
2.3598
2.0533
1.3735
1.7177
1.4998
2.316
1.9611
2.2447
1.4852
2.3507
1.4508
1.9296
1.3729
2.2355
2.132
2.1795
2.0197
1.8181
2.1496
2.1852
1.7152
2.2709
2.1582
2.3238
2.4306
2.3245
2.1651
1.9868
2.2768
2.0452
2.0786
2.1099
2.2683
2.3712
1.3186
1.9405
2.185
1.666
1.8615
2.2479
1.7188
2.2526
2.0951
2.246
2.205
1.4711
2.1362
2.1466
1.9757
1.7558
2.217
1.4158
2.0411
1.9778
1.5739
1.4711
1.5718
2.2868
2.2527
1.8453
2.0414
1.469
2.2902
2.0373
1.8309
2.006
2.314
2.2067
1.9749
1.5283
2.3834
1.5828
1.5486
1.6054
2.0987
2.0094
2.3106
2.3239
2.3876
2.128
1.5285
1.431
1.957
2.116
1.7876
2.1636
2.2572
1.4102
1.4254
2.1381
2.2398
2.2256
1.4172
1.849
1.8394
2.2729
1.9499
2.2379
2.2123
1.2675
1.8204
1.4683
2.1238
2.0303
1.6695
1.8739
2.4495
1.9995
2.2875
1.9855
1.7516
2.0286
1.2547
1.4153
2.1001
2.1952
2.062
2.2412
1.7699
1.7148
2.3881
1.6849
1.4948
1.5667
2.1296
1.9874
2.2769
1.5727
2.1269
2.0072
2.2557
2.13
2.3388
2.0007
1.7717
2.424
1.2604
1.3798
2.4202
1.9189
1.5834
1.5232
2.2269
2.1005
2.0009
2.1741
1.7004
2.2558
2.22
2.2514
2.0797
2.3305
2.189
1.6762
1.6649
1.365
1.4814
1.5433
1.2724
2.3265
1.7014
1.6208
1.9465
2.2739
2.1965
2.1628
1.9298
1.799
1.7945
2.0789
2.2553
2.0833
2.1448
2.3727
2.2268
2.0427
1.6906
1.2259
1.4469
2.0324
1.9856
1.3841
1.6824
2.2112
1.8615
1.4618
2.0118
2.3851
2.3725
2.2118
2.2862
2.1688
2.375
2.1886
1.7459
1.421
1.9143
1.7942
2.0382
1.7393
1.4948
1.9457
2.3125
1.4986
1.7638
1.7594
2.3351
2.3725
1.617
2.0159
2.1422
2.3405
2.1094
2.3231
2.5126
2.2937
2.1864
1.4452
1.808
2.1641
2.0136
2.2153
2.2876
2.0403
1.1806
2.246
1.8011
2.0661
1.6829
2.2918
2.0236
2.0644
2.0991
2.4157
1.629
1.3368
2.2221
1.8723
1.4503
1.4442
1.3497
1.7926
1.6375
2.1265
1.7928
1.4408
2.3187
1.3349
2.3583
1.6627
1.8717
1.2108
1.4469
2.0167
1.7846
2.4192
1.6893
1.5552
2.3757
1.771
2.2371
2.3748
2.2935
1.9602
2.0551
2.3746
2.1359
1.7303
2.3421
2.1493
1.7439
1.6232
1.5763
2.2098
2.2271
1.6034
2.0864
2.1861
1.2677
1.5271
1.3313
1.1395
2.228
2.0634
2.1526
1.8794
1.9652
1.6814
2.24
2.2506
2.2556
2.1638
1.9837
2.1154
2.0354
2.0822
1.7288
1.7152
1.5244
1.9106
2.2896
2.097
2.1942
1.8617
1.134
2.0916
2.317
1.8042
2.2702
1.9836
2.0468
1.7868
2.3174
1.7336
2.18
1.9802
2.121
1.4732
1.5087
2.0271
1.8761
1.502
1.9618
2.3045
1.3861
1.2846
2.1333
2.1871
2.0116
2.3514
1.9355
1.3812
1.922
1.952
2.1898
1.2655
2.0363
1.6432
2.3301
1.461
2.1851
2.4421
2.2361
2.325
2.0689
2.2535
2.2507
1.903
2.2915
1.6163
2.1628
2.2164
2.2412
1.7774
1.3627
2.0226
2.3486
2.1043
1.4893
2.085
1.5275
1.9256
1.86
2.2791
2.1476
2.2894
1.5213
2.3172
2.2601
2.1354
2.3153
2.2081
1.5943
2.0786
2.1847
1.5452
1.4111
1.7326
2.0783
2.1651
2.2896
2.1381
2.3723
1.287
2.1374
2.2203
2.2823
2.2317
2.2832
2.2582
1.7901
1.5508
2.0251
2.1795
1.9183
1.7097
2.2309
2.3373
2.3014
2.3224
1.5006
2.3382
1.7381
1.1832
2.3954
2.1206
1.4376
1.9893
1.8988
2.3812
2.347
2.2869
1.4972
2.266
1.8093
2.1753
2.1818
1.8709
1.9787
1.9452
2.3148
1.9893
1.9856
1.9129
2.0132
2.1103
2.29
2.1273
1.5292
2.2519
2.1706
1.9998
1.3742
2.3382
1.7503
1.9962
1.4468
1.439
1.1557
1.9465
1.693
1.4716
1.5833
2.0175
2.1922
2.0002
2.2091
1.4983
2.0677
1.2754
2.3545
1.3978
1.7319
2.18
1.4657
1.8594
1.8513
2.124
1.3924
1.6609
1.7217
1.3676
2.0507
2.0757
2.305
1.9285
2.1859
1.3467
2.1119
2.221
2.2737
2.4066
2.1379
1.8367
2.2233
1.2736
2.3633
1.8154
2.3942
2.1506
1.821
1.625
2.3342
1.9479
2.1623
1.2936
1.6542
2.2741
2.1613
2.3385
1.8512
1.5982
1.9637
1.8795
1.9498
1.8958
1.5867
1.3619
1.84
2.2931
2.0265
2.188
2.0671
1.5088
2.0568
2.085
2.1619
2.0393
1.434
1.655
1.4558
2.3171
2.0319
1.8198
2.2534
2.1788
1.8394
2.2895
1.7668
2.1412
2.2855
1.6356
1.9545
2.297
1.3793
2.1893
1.9804
2.159
1.9316
1.9807
2.1912
2.0106
1.5449
2.1425
1.9699
1.632
2.1835
1.5064
1.931
1.5189
1.6923
1.9636
1.7147
2.3148
1.5962
1.7577
1.9824
2.3907
2.0785
2.2603
2.2147
1.5546
2.1956
1.636
2.3949
2.3704
2.1199
1.8439
2.1224
1.5238
2.122
1.4551
1.9913
2.019
1.5942
2.1435
1.294
1.7713
1.5378
2.1667
1.9224
2.1884
2.2414
2.1853
2.0566
1.9075
1.7569
2.1154
2.2975
2.3802
2.2215
2.189
1.3245
2.1466
2.3717
1.4242
2.239
2.3027
1.9601
2.2877
2.0859
2.2695
1.8237
1.9498
1.4545
2.0811
2.0133
2.2304
2.0041
1.9702
1.6926
1.5029
2.1826
1.4446
2.3445
1.9802
2.2151
1.9133
1.9708
1.7788
2.2722
2.3835
1.3849
1.4723
2.2465
2.2986
1.5158
1.9833
1.6346
2.1849
1.8137
1.5458
1.7715
2.2255
1.6679
1.8063
2.1922
1.474
2.3154
1.7603
1.7502
2.0179
2.0065
2.342
2.3469
1.6301
1.4765
1.3468
2.185
2.0721
1.7778
1.2465
2.2373
2.0597
1.9708
1.1031
2.2464
2.0252
1.4374
1.9267
1.9034
1.9614
2.1614
2.1783
2.4106
2.2978
2.2779
1.968
2.0179
1.9965
2.2131
2.3423
2.06
1.5103
2.2723
1.9327
2.3503
2.2143
1.9269
1.5901
2.3377
2.1706
2.3143
2.0409
2.2773
1.45
2.008
1.7238
1.4552
1.2695
2.2323
2.0706
1.9523
2.4196
2.2905
1.4262
1.9392
1.1876
2.0661
1.5124
1.2704
1.9713
2.1173
1.8725
1.855
1.338
1.8055
2.3218
2.2188
2.0455
2.1064
2.2603
2.1165
2.0517
1.9542
1.8162
2.213
2.33
1.9144
2.3731
1.8821
1.8941
1.2184
1.8775
2.2088
1.2473
2.1929
1.9859
2.3165
2.0979
1.9423
2.3091
2.2702
1.6814
2.0431
2.2757
1.6898
2.3609
2.2634
1.792
2.2599
1.4081
2.3621
2.0834
2.2567
1.5927
2.2722
2.1692
1.8234
1.9417
1.695
2.0435
1.9617
2.1787
2.3074
1.5572
2.3053
2.1167
1.6833
2.3149
2.2735
2.3643
2.3633
2.2846
1.5899
1.716
2.0045
2.0437
2.1828
1.6652
1.7192
2.2234
2.3446
1.4592
1.8419
2.2409
2.0428
1.6332
2.1948
2.0349
2.3712
2.1176
2.2508
1.5072
1.8707
1.625
1.4944
2.2632
2.1062
2.1473
1.8689
1.6321
2.3048
1.4251
1.9248
1.9435
2.3717
1.538
2.2281
2.201
1.8555
2.0356
2.2413
1.4879
2.3567
2.2053
2.387
1.9022
2.2953
2.0028
2.2651
1.4756
1.5265
1.8972
2.146
2.1741
1.9962
1.6442
2.1883
2.1297
1.3559
2.3826
2.399
2.227
1.5249
1.3679
1.726
2.3757
1.2384
2.2409
2.0175
1.8555
1.7321
2.3626
2.2897
1.7027
1.727
1.6177
1.7067
1.8082
1.8608
2.1212
1.3647
2.3817
1.6627
2.3991
2.362
1.6492
2.1734
1.7328
2.1677
2.3029
2.0558
2.4119
1.7457
1.9449
2.2864
2.0463
2.1789
1.9167
2.2092
2.217
2.3716
1.7157
1.3382
1.6963
1.8847
2.1844
2.0779
2.3405
1.3562
1.9304
2.0824
1.593
2.2409
2.2308
2.0484
2.1634
2.0257
2.2135
1.5191
2.275
2.273
2.1141
2.3085
1.883
2.1158
1.5216
1.9781
2.0092
2.2906
1.8146
2.2203
2.1735
2.1765
1.913
1.3129
2.2483
2.2211
1.7736
2.2322
1.756
2.0583
1.9721
1.8473
2.1714
2.2137
2.3242
2.1953
2.1757
2.36
2.2364
1.9818
2.2093
1.1396
1.939
1.6698
1.6894
1.2297
2.3139
2.2982
1.8639
1.7749
1.5445
1.3176
2.0636
2.2473
1.594
1.4792
2.4026
2.2817
1.9822
2.2374
2.0928
2.016
2.2481
1.4321
1.8067
2.0737
1.9707
1.606
1.5453
1.7428
2.1574
2.0981
2.1241
2.2837
2.3936
2.1819
1.9196
2.0468
2.2715
1.9163
1.2616
1.6615
2.1743
2.1376
2.3037
2.3515
2.0749
1.8883
2.2765
2.2688
2.4103
1.7423
2.3033
2.2983
1.8588
1.9831
2.0649
1.6921
1.8831
1.7481
2.2352
1.6651
2.2951
2.1409
1.9446
2.1887
1.6892
2.2254
2.099
1.8647
1.7746
1.6171
1.6378
2.0343
1.5666
2.1951
2.1408
2.3718
2.3394
1.448
2.0453
1.7271
1.4067
2.3544
2.0486
1.8357
1.7844
2.227
1.5536
1.2778
1.4602
2.1497
1.4972
1.422
2.3199
1.4544
1.543
1.9311
1.8489
1.9115
2.2538
2.0049
2.113
2.2832
2.2592
1.8315
2.1694
2.1712
1.8968
1.4129
2.144
1.5001
1.6233
2.2811
1.3814
1.9527
1.537
1.6396
2.1962
1.8339
2.0603
2.1037
2.0097
2.0831
1.2385
1.7046
1.5425
2.2865
2.4262
2.3732
2.2631
2.3677
1.9149
2.1459
2.1211
1.1756
1.6125
1.599
1.4142
2.175
2.2524
2.2156
1.538
1.7128
1.4575
1.824
1.896
2.3648
1.9619
1.6461
1.4642
1.4014
1.8372
1.8867
2.2904
2.3898
2.1537
1.2238
2.1896
2.3654
1.9299
1.5706
2.0804
2.3137
1.907
2.2038
1.5193
1.9989
2.2182
2.3526
1.9195
2.0492
2.0092
1.8447
2.4096
2.3579
1.5391
2.3749
1.497
2.2698
1.7488
2.2462
2.1395
2.186
2.2073
1.4436
1.5004
2.1587
2.3697
2.375
2.193
2.284
2.3553
1.7192
1.5832
1.856
2.1267
2.2412
1.911
2.1642
1.7388
1.4746
2.2179
1.732
1.9943
2.017
1.7878
1.9673
1.3401
2.1284
1.7809
2.2159
1.6092
2.2351
2.0956
1.8783
2.2146
2.0931
1.542
2.3567
2.1497
2.1526
2.1466
1.7209
1.1865
1.7184
2.2412
1.8832
2.2156
2.0979
1.8866
2.2169
2.1143
2.4174
1.9516
2.111
2.2616
2.072
1.696
2.2769
1.4027
2.0358
1.5181
1.9422
2.4108
1.9622
2.3761
1.5116
1.0475
2.0424
2.3139
1.68
1.8047
1.5738
2.0782
1.4964
1.8863
1.8971
1.6226
1.8146
2.2213
1.9631
1.5016
2.3901
2.1498
2.11
2.0047
1.4486
2.0266
2.2198
2.2962
1.9268
1.796
1.9485
1.42
1.9579
1.7445
2.3667
2.2315
1.3891
1.7929
1.7821
2.0068
2.3693
2.4634
2.0173
2.3736
2.3399
2.0978
2.1859
2.1771
2.1842
2.202
1.9118
2.3086
1.8458
2.0623
1.1449
1.4213
1.988
1.8109
1.8192
2.3077
1.9638
2.1973
1.7237
1.907
2.2189
1.5337
1.3523
1.5902
2.0923
2.2662
2.3165
1.9477
2.3263
1.4543
2.2542
1.091
2.2804
2.4509
2.0856
1.6773
2.016
2.3472
2.0911
1.4829
2.1391
2.2362
1.5071
1.8638
1.7203
1.82
1.9875
1.2799
2.0467
2.3803
1.3122
1.7706
2.1836
2.3473
2.0564
2.0931
1.6725
2.2553
2.1029
2.3491
2.3847
2.3466
2.2243
2.2717
2.2495
2.3692
2.1268
2.4122
2.206
1.6613
2.2079
1.9832
1.7442
1.7253
2.3019
2.2201
1.8116
2.1284
1.277
1.9537
1.385
1.8004
2.1575
1.3267
1.8592
2.2031
1.9948
1.6132
1.9008
1.7505
1.6209
1.6287
2.1243
2.0079
1.2497
2.3433
2.0912
2.2469
2.438
2.1515
1.5518
1.3999
2.1458
2.2276
2.1633
2.0122
1.9331
2.2643
2.3097
2.2697
1.4339
2.3063
1.7257
1.536
1.8928
1.7561
2.3013
1.9186
1.8649
2.2549
2.3789
2.1291
1.6407
2.349
1.9156
2.1126
2.3679
2.2256
2.2505
1.9831
1.7637
2.2133
1.4895
1.8236
2.247
2.406
1.3973
2.4088
1.3761
2.3102
1.8511
1.3054
1.7904
2.1878
1.7355
2.3121
1.4748
1.6678
1.7285
2.1445
1.7868
1.3103
1.5833
1.8852
2.2869
2.1492
2.2377
1.4865
2.1332
2.2533
1.9636
1.7014
2.1304
1.4793
1.4271
1.563
2.1426
1.883
1.3273
2.1949
2.1453
2.2653
1.5772
2.0746
1.3341
1.6284
2.1346
2.1862
2.2658
2.0636
2.3132
2.1974
2.159
2.2893
2.2335
2.3803
2.1834
2.1474
2.3884
1.9987
2.056
2.4031
2.2071
2.3806
1.7571
2.2744
2.0959
1.4389
2.1943
2.1741
2.2389
2.0698
1.735
2.2054
2.0284
1.7027
1.6301
1.5478
2.364
2.0514
1.8234
2.0665
2.0189
1.8913
1.8241
1.9766
2.236
2.0041
1.5341
1.9476
2.1806
1.2214
1.6849
1.8051
2.0611
1.7043
2.138
2.0172
2.1139
2.1891
1.9949
2.435
2.2515
1.3933
2.3412
2.2161
1.884
2.2598
1.3908
2.2239
2.1618
1.3121
2.237
2.2875
2.0981
1.4242
1.6128
1.9827
1.7364
1.4437
2.0728
2.327
2.3231
1.6933
2.0823
2.2679
1.415
2.0309
2.3817
2.2073
1.6687
2.2863
1.4711
1.6198
1.8427
2.2143
1.3025
1.5046
1.9312
2.0535
1.2236
2.1926
2.0077
1.3892
1.456
1.828
2.143
1.82
2.0183
1.6418
2.1271
1.7084
2.199
1.2431
1.2926
1.9989
1.4693
1.5426
1.6169
2.3263
2.3471
2.1605
2.1089
1.5367
1.7682
1.9581
1.4563
1.4635
2.3378
2.073
2.1995
1.5073
2.2981
2.3366
2.4129
2.1413
2.3208
2.243
1.5545
2.1729
1.7425
2.2807
1.6713
2.3306
2.1725
2.2858
2.2724
2.0487
2.1704
2.3861
1.7017
2.1952
1.8494
2.2841
2.3504
1.5304
2.2513
1.7761
2.0242
2.4057
1.6353
1.4096
2.1912
1.4462
2.1482
1.8514
1.9317
1.2415
1.4694
1.7042
2.345
2.2337
2.3144
2.0022
1.9658
2.3029
2.221
1.7545
2.0671
1.1021
2.1222
2.2738
2.1201
2.1791
2.291
1.6693
1.4779
2.3057
1.8795
2.2004
2.0326
1.6484
1.6873
1.7016
1.5181
2.2378
1.5897
2.3085
2.0221
2.4015
2.1523
1.6331
1.4752
1.8445
2.0776
2.0091
2.2843
1.9231
2.3396
2.1644
2.3037
1.3643
2.0891
2.0913
2.3246
2.3413
2.1871
1.7781
1.6982
2.2127
2.066
2.1101
1.6702
2.342
2.006
1.7403
2.0687
2.2881
2.034
2.3064
1.7052
2.0007
1.6417
1.5359
1.8565
2.1896
2.4289
1.6438
2.2853
1.7802
1.5841
2.2462
2.3133
1.3095
1.9726
1.5022
2.3293
1.8473
1.6773
1.2679
2.2001
1.6068
1.8225
2.0813
2.2393
1.6452
2.3804
2.2805
2.0022
2.0441
2.1554
1.9275
1.86
1.8982
2.2955
1.5356
1.814
1.7258
2.3612
2.3474
2.3448
2.0853
2.2476
1.7362
2.1432
2.1749
2.3542
1.2385
1.3552
2.3298
1.7991
2.3428
1.4249
2.1822
1.5443
2.075
1.8782
2.016
2.0504
1.4301
2.3993
1.5012
1.9535
1.5297
1.3361
1.8985
1.6569
2.2477
1.7226
1.5486
1.7917
2.2472
2.3439
1.767
1.8737
2.0512
1.4259
1.9593
1.7588
2.3554
2.088
2.2828
1.8585
2.0646
2.1518
2.2349
2.0605
1.841
2.2591
1.5456
1.8021
1.9872
1.4573
2.1112
1.244
2.1513
1.5778
1.568
2.0663
2.3221
1.723
1.428
2.0861
1.9659
2.2126
1.8882
2.2387
2.0916
1.4737
1.9298
2.0408
1.9544
2.1034
2.0745
1.9056
2.2395
2.2653
1.2744
2.0308
1.9742
2.2429
2.0789
1.5328
2.3108
2.0516
2.1362
1.5781
1.3603
2.1965
2.2281
1.937
1.5251
1.8148
2.4409
1.472
2.1084
1.4885
2.3445
1.6785
1.7561
1.8348
2.3498
2.4117
2.2735
2.1073
2.0311
2.1145
2.254
1.1583
1.887
2.2577
1.8929
1.9364
1.9706
2.3748
2.0054
1.6223
1.9514
1.9233
2.1325
2.1967
2.0253
2.2745
2.0306
2.1501
1.8957
1.3162
2.2127
2.123
2.0463
1.9467
1.7284
2.3262
1.3592
1.3618
2.1258
2.35
2.2296
2.184
2.2316
2.0528
1.3148
2.2514
2.0309
2.0863
1.8436
2.2519
2.3657
2.1325
1.3648
2.1393
1.5369
1.4756
1.8201
1.5435
1.4626
2.1607
1.683
1.3749
1.7359
1.5391
2.3256
2.3722
1.7981
2.1257
2.1291
2.1116
1.5704
1.4277
2.3339
2.0468
2.0151
1.7982
2.1437
1.9015
2.3111
2.1324
1.3975
2.2201
1.2458
2.2509
1.9229
1.5844
2.2711
2.2817
2.0536
2.0039
1.9864
2.2979
1.4826
1.602
2.359
2.0037
1.8858
1.735
2.1061
2.1289
1.8371
1.8485
1.3846
1.7469
2.0696
2.3846
2.242
2.4204
1.6444
1.3612
1.8861
1.9437
2.3354
2.2056
1.4364
2.0072
1.4497
1.9436
1.6679
1.5926
2.1496
1.9697
1.325
2.2795
2.0485
1.9604
2.2946
1.4112
1.4829
1.7549
1.5686
1.8447
2.3793
1.7064
1.859
2.3654
1.185
2.2364
1.9849
2.2863
2.1709
1.6853
2.3702
2.3006
2.3421
1.4536
1.4384
2.3084
1.7469
1.4977
2.3301
2.4445
1.8154
2.2613
1.5071
1.9979
2.3054
1.6715
1.5335
2.1041
1.8676
1.6935
1.3519
1.7472
2.0642
1.6089
1.5104
2.0876
2.3419
1.3432
2.2591
1.9571
1.7738
1.4372
1.7021
2.1054
2.1634
1.6341
1.3216
2.0715
1.8497
2.1175
1.6131
1.7301
2.2124
2.0297
1.529
2.3301
1.4484
1.9613
2.0659
2.1457
2.3053
1.8173
1.8004
2.3523
2.4256
1.913
2.1189
1.9461
1.7379
1.7457
2.2113
2.3321
2.2973
1.9875
2.3311
2.3236
2.0824
2.0408
2.1679
2.4305
1.7162
2.1623
1.9704
2.0112
1.4904
1.1677
2.2786
2.3697
1.7317
2.2294
2.2002
2.0945
1.8199
1.9174
1.9686
2.2431
1.8088
2.236
2.1141
2.0724
2.3719
2.3833
1.7906
1.5469
2.3507
1.676
2.1654
1.5563
2.2825
2.221
2.417
1.8102
2.1535
1.6337
1.7947
1.8554
1.5009
2.2412
2.1025
2.1033
2.0536
2.1459
2.2603
2.3695
1.5919
2.0077
2.2594
2.3373
1.9818
2.1924
2.0568
1.3351
1.7769
2.2187
2.3437
1.9519
1.8667
1.513
1.5527
2.368
2.2361
1.5148
2.3976
1.5764
2.1163
2.1499
2.1728
1.8526
2.2587
1.3288
2.1345
1.494
2.1033
2.1256
1.9054
2.2248
2.1223
2.2874
1.4956
2.3046
2.1247
2.2241
1.8341
1.7259
2.0849
2.2953
2.1726
1.2662
1.7394
2.1158
1.5147
2.3271
1.4753
2.012
1.9391
2.162
1.6282
2.2701
1.8571
1.2855
2.3623
2.151
2.0151
2.2638
2.3831
1.375
1.6481
1.4752
2.0369
2.2764
1.9966
2.3026
1.9558
1.6172
1.9197
2.0491
2.1513
1.9013
2.4549
2.3364
2.1846
1.4624
1.5561
2.1778
1.9994
2.2049
2.2225
2.0462
1.6841
1.7255
2.1176
1.6281
2.1937
1.4309
1.55
2.3538
2.0118
1.6216
2.1455
1.5718
2.2721
1.9973
1.849
2.0113
1.1497
2.262
2.467
1.3868
1.6999
1.6816
1.5035
2.2799
2.2387
1.7479
2.1606
2.149
1.4457
2.0653
2.3225
1.9675
1.9785
1.8351
1.6279
2.2294
1.5852
1.957
1.1414
1.3202
2.1563
2.2742
1.9161
2.2595
2.187
1.9258
2.231
2.0849
2.3567
1.8676
1.7404
2.1621
1.564
2.109
2.3005
2.1254
1.9138
1.6607
2.2377
2.1053
2.1332
2.0224
2.1168
1.3765
2.2007
1.3987
1.8123
2.0566
1.5933
2.0465
2.1533
1.5392
1.8332
2.4016
2.065
1.4873
2.2459
2.1432
2.0689
1.2509
2.2011
2.2781
2.1415
1.5891
1.438
1.7449
1.5478
2.18
2.2435
2.2174
1.113
2.3082
1.7335
2.356
2.4046
1.5715
1.5454
1.7196
1.612
2.1857
2.0097
2.4233
1.9075
1.7947
2.3686
2.0456
1.5015
2.2446
1.507
1.6115
1.9942
2.415
1.8444
2.0436
1.9071
1.3365
2.139
2.095
2.0076
2.2401
2.4711
1.7727
1.7062
2.0153
2.0592
1.6157
2.3364
2.114
1.8024
2.0374
2.0944
2.2503
1.9871
1.5273
1.628
1.8229
1.8757
2.1386
2.3131
2.0384
1.6774
1.6765
2.1017
1.3815
2.2568
2.1623
1.8182
1.9343
1.6303
2.0033
2.1449
1.6077
1.5011
1.6663
2.1267
2.1198
2.0911
2.3058
1.9621
2.4124
1.4292
2.1747
1.9966
1.5415
2.246
2.0073
2.1663
1.464
1.5292
2.2946
1.3396
2.2422
1.5344
1.9657
1.4768
1.9449
1.9493
2.1785
1.6506
1.5154
2.4899
1.6681
2.0829
2.3813
2.0364
1.9691
1.2892
1.9399
1.8911
2.4679
2.2261
2.4358
1.9274
1.2074
1.9709
1.4115
1.8502
2.2425
2.0648
1.7067
1.2038
1.3822
2.175
1.9596
2.2802
1.1303
2.2347
2.2544
1.3536
2.067
2.3256
1.8168
1.8927
2.2392
1.415
2.4252
1.8191
2.2579
1.7832
2.0018
1.3023
2.3657
2.1292
2.0964
2.1721
1.8438
2.2743
2.3569
2.3821
1.5245
1.4644
2.2218
2.2654
2.3163
2.2365
2.1199
1.3546
2.3109
2.2079
1.4111
1.9506
2.1607
1.8884
1.8183
1.7667
2.1866
1.8102
1.4964
2.1684
2.2736
2.1024
2.1938
1.9269
1.5485
2.3491
1.7676
2.1975
2.0811
2.0945
1.4687
2.2055
1.7156
1.5577
2.2224
1.5115
2.2557
1.702
2.4332
1.9568
1.659
1.7954
2.2024
2.2132
1.8935
2.3142
2.3584
2.2029
2.2927
2.0699
2.179
2.0434
2.2888
2.0937
2.2265
2.2396
1.4079
2.2146
1.7759
1.308
1.3663
1.8025
1.672
1.5948
1.4337
2.3433
1.7962
2.0452
2.1888
1.6322
2.038
1.9351
1.7922
1.4454
1.5316
2.1646
1.8032
1.3668
1.7976
1.7016
2.3928
1.3781
2.145
1.925
2.3531
1.9927
2.2944
1.8371
2.2286
2.0502
2.2318
2.0168
1.4709
1.422
2.3513
2.2701
1.3621
2.0549
1.4989
2.3056
2.3175
2.3436
2.3705
1.4477
1.7463
1.9013
2.0026
1.402
2.3631
1.2613
1.7687
2.3362
2.1693
2.0955
2.1969
1.7186
2.3079
2.4107
1.7538
2.2937
2.2778
2.3431
2.3004
1.3382
2.1038
1.3509
1.3697
1.7943
1.4388
2.3478
1.991
2.3215
1.8395
1.2878
2.3482
2.1861
2.3882
1.2005
2.3476
2.2833
1.6047
1.3458
2.4102
2.3253
2.3005
2.2211
2.0871
2.3338
2.2348
1.4257
1.5769
1.5037
2.0901
2.1956
2.314
2.1719
2.2104
1.8762
1.806
2.0951
1.8835
1.6879
1.5342
2.3156
1.4662
2.2098
1.6307
2.1304
2.2137
1.6601
1.468
2.4096
2.2643
2.1966
2.3351
1.892
2.1277
2.0849
2.0526
1.8867
2.1684
2.1068
2.179
1.2959
2.2359
2.3839
2.3006
1.8707
2.117
2.2749
2.2703
2.2553
2.1566
2.2459
1.4402
2.3446
2.2906
1.8649
1.8024
2.0486
2.0852
1.1256
2.2566
1.63
2.3528
1.4332
2.0364
2.3344
1.4768
2.3718
2.0486
2.0734
2.217
2.1962
2.2662
2.1782
1.3776
1.2956
2.1322
2.1686
1.4817
2.3573
2.2801
1.8155
1.5141
1.6136
1.4768
1.4512
1.8725
1.9053
2.064
1.5682
1.7305
1.5209
1.9384
2.1475
1.6966
1.7006
1.2948
1.6348
1.8124
2.1048
2.2143
2.0434
1.6278
1.6033
2.1728
2.0045
1.7268
1.4734
1.6422
2.2493
2.0888
1.4731
2.1913
2.0765
1.4329
2.0495
2.2871
2.3709
2.3936
2.2607
1.9461
2.4657
1.8726
1.9799
1.863
1.8918
1.6756
2.0776
1.5831
1.7881
1.2931
1.5834
2.1333
2.0452
2.307
1.8678
1.8628
1.9481
2.2176
2.1297
2.1574
2.3748
2.2191
2.0542
2.1513
2.0085
1.898
2.0237
1.2952
2.1548
2.3309
2.2964
1.548
1.5256
2.1555
1.3617
2.4319
2.3849
2.132
1.9959
1.9858
2.4457
1.0638
2.3424
1.4226
2.0228
2.0887
2.422
1.2853
2.2981
2.3052
1.395
2.1763
1.7481
1.9392
2.1833
2.1905
2.1875
1.3859
2.3295
2.0458
2.2579
2.1577
1.9475
1.5087
2.0671
2.328
1.6904
2.1027
2.3129
2.1559
1.9974
1.5687
2.3896
1.728
1.4802
2.2502
2.4606
2.3218
1.2742
2.3101
1.4257
2.1098
2.2828
1.497
2.2264
2.1783
2.125
1.4537
1.9363
2.2131
2.3263
2.2211
2.2747
1.9639
1.7416
1.7592
2.2364
2.2569
2.1623
1.4096
2.0219
1.8414
1.5369
1.86
2.3777
1.4465
1.7419
1.6966
2.373
2.1219
2.3594
2.1773
2.2102
2.1679
1.8544
1.1601
1.8156
2.3175
1.7086
1.8387
1.4929
2.3913
2.1311
2.0867
1.3048
2.298
2.2887
1.7608
1.836
1.4036
2.3172
1.6836
2.0038
1.9385
2.1666
2.2417
2.2587
1.7011
2.2039
2.0221
2.1865
2.2235
1.4572
2.4229
2.1023
1.5345
2.048
2.2179
1.9205
2.2515
2.3215
1.9801
1.3121
2.1113
2.3102
2.1067
2.3398
2.0887
2.2485
2.1338
1.5983
2.1767
2.045
1.8703
2.1027
1.8433
2.149
2.0004
2.3576
2.1549
1.8494
1.4562
1.9652
2.2152
2.3718
2.0605
2.1386
2.2744
2.0179
1.8008
2.149
2.2401
1.1257
1.7239
2.1125
1.6375
1.8389
2.0611
1.7127
2.3293
2.0494
2.2749
2.1841
1.2822
2.2565
1.4211
2.0781
1.4328
2.0992
2.1632
1.7022
2.1613
2.1583
1.5893
1.8961
2.2477
1.8407
1.9071
1.2766
2.4078
2.2327
2.2338
1.9287
2.157
2.0624
1.9612
1.9875
2.1172
1.4788
2.2982
1.5938
1.6181
2.2097
1.9762
1.9799
1.2447
1.7963
1.8339
2.2256
2.233
2.1015
2.3731
1.9182
1.6673
1.6093
1.8691
1.6927
2.1813
1.5564
1.5519
1.9085
1.4623
1.7707
2.0953
2.2762
1.383
2.019
1.4372
2.2108
1.5983
1.7699
2.3908
2.1183
1.8687
2.4659
2.2879
1.9251
2.3455
1.4323
2.1455
1.9151
1.5675
1.9918
1.7422
2.3712
2.3625
1.3828
2.2112
2.4162
2.0493
1.7685
2.0983
1.4938
1.3018
2.4123
2.1753
1.4433
1.5387
1.5835
1.2754
2.2178
1.7411
2.0514
1.2841
1.7907
2.2612
1.6063
1.4806
1.7393
2.1926
1.9182
2.0533
1.3614
1.5068
1.9247
2.2488
2.0224
2.2483
1.4828
1.7911
2.3301
2.0576
1.795
2.3023
1.9145
1.5419
1.9355
2.1291
1.7298
2.1299
2.3659
1.6841
2.0985
2.2761
2.3013
1.9378
1.6055
1.6161
1.7251
2.2081
2.1707
2.2074
1.2506
2.2395
2.2171
1.802
2.0636
1.8614
1.3439
1.9858
1.5137
2.245
1.911
1.5396
2.3166
2.2271
2.3693
1.3696
2.2248
1.8312
2.3275
1.5085
1.4936
2.215
2.2318
1.8326
1.998
1.4945
1.8271
2.2042
2.3223
2.0345
1.9894
2.336
2.3202
2.1612
1.295
2.2757
2.0287
1.3573
2.1721
2.1914
2.2975
2.266
2.0002
1.3908
2.2074
2.2924
2.1121
1.926
1.9813
2.0546
1.671
2.3692
1.3047
2.068
2.1153
1.3838
2.0731
1.8382
1.9788
1.9659
2.1061
1.8163
1.5874
1.5315
1.5457
1.7591
2.2127
2.208
2.2703
2.4253
2.2507
2.4161
2.0458
1.9935
2.3719
2.3579
1.9938
1.5864
1.8517
2.1851
2.0515
2.3383
1.4655
1.1545
2.4404
2.0219
1.7924
1.2745
2.3265
2.3852
1.3361
2.1375
2.1144
1.3326
1.5098
1.83
1.6815
1.2526
2.1613
1.8577
2.3015
1.9077
1.6258
1.662
2.0554
1.7773
2.4231
2.1625
1.3534
2.2949
1.2369
1.9145
2.2622
1.4569
2.0875
1.8659
2.2888
2.4265
2.1791
2.3697
1.9789
1.7422
1.3235
2.326
1.7497
1.2328
1.3245
2.0179
2.1839
2.1615
1.8973
2.0462
2.1129
2.0408
1.7706
2.1882
1.9918
2.1395
2.0065
1.6569
1.5014
1.4598
2.1437
1.5407
2.3643
2.2206
1.7939
1.46
2.219
2.0198
2.0902
1.4558
2.1614
1.9638
1.3841
2.3501
2.2835
2.3156
1.3625
2.0814
2.2682
2.2386
1.4114
1.8894
1.5782
1.8621
1.817
2.3464
1.8765
2.2803
1.5155
1.5945
2.1963
2.1404
2.3451
1.635
2.0282
1.5211
2.2603
1.5104
2.0143
2.2331
1.9523
2.3371
1.8737
2.1809
2.4402
2.3143
1.4979
1.741
1.7743
2.3606
2.2453
1.5088
2.0032
2.0625
2.1165
2.1536
1.418
1.6101
1.5934
1.2469
2.0558
1.8362
2.3675
1.7222
2.4529
1.4393
1.6285
2.314
2.3283
2.0887
1.5962
1.7362
2.2083
1.8751
2.0204
1.6352
2.2493
1.5168
1.9426
2.2468
1.5404
2.0897
1.2492
2.0379
1.4464
1.3546
2.3818
2.2252
2.2804
2.0507
1.6671
1.5146
2.3369
1.8409
1.8662
2.121
2.2039
1.5164
1.759
2.1534
2.0091
1.3971
1.9868
2.2289
1.4909
2.2446
2.1882
2.2082
2.3057
1.2946
2.0497
2.1765
2.3712
1.9981
2.2132
2.2591
1.5158
2.1017
2.2724
1.7807
1.5731
2.1757
1.8846
1.5803
1.1011
1.7188
2.3686
2.0411
2.3301
2.0594
2.1497
2.2534
2.0705
2.143
1.2094
2.1226
1.3297
1.9607
2.3315
2.2295
2.2673
2.415
1.2781
2.3357
2.2308
2.3919
2.3082
1.8168
1.8854
1.9702
2.1773
1.3715
1.4966
2.2443
1.4116
1.5383
2.181
1.9905
2.3807
2.1839
1.4145
2.1847
1.8127
1.5511
2.0916
1.453
2.0921
1.9297
2.048
2.3562
2.2669
2.0755
2.234
1.8149
2.2365
2.1787
1.8172
2.3503
1.9189
2.2929
1.3857
1.5719
1.505
2.42
2.006
1.3695
2.271
2.2775
1.6064
1.9252
2.1841
2.0278
1.3066
1.7878
2.1366
2.3814
1.5888
2.2558
2.0985
2.1662
2.3614
1.5166
2.1299
2.0754
2.1593
2.2722
1.494
2.169
2.1738
2.0046
1.7844
1.8937
2.458
1.7829
2.3787
1.9729
2.2095
2.1472
1.456
1.3551
1.9787
2.2483
1.2054
1.9824
2.2052
1.6735
2.3517
2.0735
1.7816
2.1518
1.4941
1.5927
2.2991
2.0143
2.2008
2.2769
2.3072
2.2113
2.1999
2.0758
2.2381
1.6826
1.8946
2.1459
2.3322
1.968
2.1191
2.0812
1.3866
2.3663
1.7505
1.4299
1.3738
1.6407
1.8598
1.5643
1.3343
1.3468
2.1408
1.217
2.1593
2.0536
1.9255
2.2948
2.3871
1.7152
2.0057
1.9177
2.2279
2.0239
1.7739
2.1615
2.2635
2.3826
1.5021
2.3137
1.9379
2.3095
2.0452
1.9616
2.0919
2.2811
2.144
2.1357
2.1891
2.0487
1.2973
1.6278
2.1544
2.2443
2.3049
2.3637
2.2593
2.2093
1.9207
2.3376
2.0006
2.09
2.1624
1.82
2.1045
1.7662
2.0909
2.1906
2.0019
2.352
1.4168
1.6134
2.317
1.6895
2.2744
2.0484
2.1378
2.0779
1.7487
2.3763
1.293
1.4502
2.3223
2.3193
1.8633
2.279
1.783
1.9994
2.3949
2.2047
2.3521
2.1243
1.7876
2.1971
2.1068
2.2926
1.5782
1.9277
1.9723
2.3873
2.3643
1.2989
2.0678
2.0667
2.104
2.1489
2.0012
1.8753
1.95
1.5385
1.7257
2.4553
2.03
2.3277
2.2391
2.1462
1.2223
2.169
1.6975
2.2475
1.7503
2.262
1.9442
2.1801
1.4611
2.2869
2.0666
1.8629
1.344
2.0447
1.2937
1.6349
1.3863
1.7211
1.493
2.2888
2.475
2.2171
1.8042
2.2479
2.239
2.3668
1.7681
2.1031
1.588
1.7483
1.8714
2.2025
1.4836
2.1063
2.1817
2.2062
1.7413
2.1292
2.0171
2.1075
1.8001
1.9178
1.5093
2.207
1.4079
2.0366
2.3668
1.2605
2.0851
1.388
2.1289
2.0106
1.8292
1.2388
1.7374
1.822
2.3748
1.5017
2.3348
2.1929
1.6354
1.7562
1.7835
2.2358
2.1413
2.3732
2.0353
1.7392
1.3373
2.4046
2.0607
2.3023
2.0332
2.2519
1.403
2.1828
2.2965
2.4847
1.3553
1.6775
2.0334
2.2001
2.145
2.2617
1.4202
2.3327
1.6642
2.2341
2.1664
2.1408
2.0432
2.3685
2.2645
1.9133
2.2792
2.0714
1.4827
2.345
1.9837
1.4887
2.1262
1.2505
1.7107
2.1379
1.5745
2.3458
1.9108
2.135
2.0078
2.0094
2.3948
1.9939
1.8612
1.8026
2.4954
1.5754
1.4034
2.1181
1.8915
2.3903
1.3774
1.8942
1.7767
1.7977
2.2869
2.2723
2.2458
2.0758
2.0305
2.3966
1.4137
2.0382
2.3699
1.6978
1.4211
1.2119
1.547
2.3633
1.4379
2.3024
2.1665
2.2705
1.6348
2.302
1.9549
2.2812
2.4375
2.1009
2.0526
1.5173
2.3282
2.173
1.6602
1.9049
1.445
2.3518
2.2855
1.512
2.0438
2.1687
1.449
1.7854
2.2327
2.2691
1.7539
2.3835
1.8501
2.3844
1.7499
1.5135
2.0472
1.4952
2.1869
2.1844
1.5084
2.0239
1.5374
2.3393
2.1777
2.3051
1.9992
2.3451
1.5515
2.4383
2.304
1.3191
1.4439
2.1023
1.2792
1.6835
2.3234
2.1999
2.0232
1.8543
1.9019
2.2955
1.3108
1.5045
2.299
1.9145
2.3583
1.399
2.3254
2.1043
2.0063
1.978
2.1762
1.6624
2.0583
2.2408
1.4893
2.1104
2.3007
1.3812
2.2203
2.4248
2.0286
2.2688
1.8207
2.4596
2.3202
1.9621
2.1181
1.4826
2.3055
1.7204
1.45
1.6694
1.5095
1.917
2.2737
2.3888
1.2807
1.4624
2.2485
2.3293
1.0729
1.5417
1.6508
2.1133
1.5955
1.5247
2.0461
1.5949
2.133
2.156
2.0114
1.6255
1.253
1.5582
2.3707
1.5492
2.367
2.169
2.1611
2.2694
2.3144
2.3165
1.6877
2.3095
1.9573
2.1704
2.343
1.5161
2.4197
1.5414
2.3898
2.3775
1.8186
1.2293
1.896
2.3214
1.607
2.1217
1.6949
1.6249
1.3254
2.1295
1.7046
2.0179
2.3688
1.9806
2.3109
1.7839
1.7081
1.3362
1.0679
1.2921
1.827
2.2684
2.3068
2.3491
1.8501
2.2962
1.7832
2.4169
2.1971
2.1358
2.3633
1.84
1.7546
1.7072
2.1098
2.1166
1.8774
2.4274
1.3893
1.9569
2.3589
1.9262
2.1449
2.2422
1.6727
1.6954
1.8885
2.1781
2.352
1.7903
2.2428
1.8343
2.497
2.1378
2.2537
1.8589
1.4838
1.7645
2.3032
2.0834
2.1734
2.412
1.4814
2.1962
2.1366
2.4208
1.5591
2.2764
2.2342
2.4206
1.7542
2.2546
1.1573
1.8205
2.0516
1.575
1.8362
1.6705
2.3363
2.3184
2.3019
1.9588
1.2794
1.9204
2.1656
2.2575
2.2884
1.2689
1.7863
2.3391
2.1877
1.3821
2.1089
2.0143
2.1899
1.4842
1.9234
2.0108
1.62
1.5087
1.9324
2.3953
1.8649
1.9109
1.4465
1.5389
2.1145
2.412
1.5293
2.1568
2.2858
2.0607
2.1212
2.301
1.548
1.8518
1.962
2.05
1.9996
2.1434
1.7346
1.3812
2.3838
1.4226
2.3313
2.1373
1.9431
1.4744
1.4021
2.3872
2.1162
2.2743
2.1592
2.3574
2.355
2.1561
2.1907
2.2315
2.1732
1.5262
1.6921
1.699
1.5148
1.5663
2.0404
1.8724
1.7189
1.4169
2.3142
1.7604
2.2716
2.4495
2.319
2.1389
1.9572
2.305
2.0652
1.9965
2.2222
1.753
2.1309
2.2224
1.9205
2.2451
2.2921
1.4817
1.5323
2.0724
1.6466
1.9571
1.315
1.4981
2.3556
2.3784
1.8299
1.9941
2.2558
1.8718
2.1044
1.7451
1.5023
2.1336
2.1742
1.5894
2.21
1.7794
2.2263
2.2135
2.0343
2.3614
1.8485
1.7224
2.0877
2.3176
2.2589
2.2651
2.2
2.3202
1.6875
1.4875
1.2658
2.2321
2.2379
1.6274
2.3254
1.6482
2.2087
1.4513
2.1364
1.7242
1.8844
1.1297
1.8468
2.0308
2.2362
1.413
1.7115
1.3317
2.3583
2.1137
2.0458
2.1855
2.271
1.5024
2.2503
1.856
1.9675
1.3808
2.0902
2.1959
1.4388
1.4509
2.2944
2.1272
1.2759
1.6527
2.1257
2.267
2.3878
2.1705
1.4207
2.1524
2.0095
1.8974
2.3579
1.746
2.0787
1.381
1.5509
2.0785
2.0198
2.3682
2.1079
2.0246
2.2446
1.2417
2.1476
2.1868
1.8146
2.2881
2.175
2.1714
1.8659
1.7779
2.3479
1.4448
2.2777
2.3569
2.049
2.0794
1.5568
1.2531
2.3194
1.9824
2.1137
2.079
1.6443
1.8661
1.8097
2.0182
1.5591
2.154
2.162
2.1858
1.9276
2.2893
2.3397
1.4992
1.1568
1.5082
1.5819
2.0804
1.2693
1.4058
1.8847
1.9648
2.019
2.1421
2.2338
1.5126
1.4077
2.1407
2.2697
1.4769
2.1753
1.7436
2.2112
1.3554
2.2761
1.5048
1.7916
2.3744
1.5872
2.072
1.6613
2.2553
2.1537
2.1688
2.2757
2.2626
1.7763
1.6987
1.6249
1.612
2.3821
1.6668
2.3208
1.9386
2.3554
2.2634
2.4344
1.8734
1.664
2.325
2.4145
2.3339
2.275
1.2693
1.1719
1.9479
1.4783
2.1869
2.2665
2.0841
1.6318
1.7181
1.883
2.1413
2.3825
1.8042
2.1354
1.8748
1.8647
2.1657
1.3219
2.3892
2.1622
1.4237
1.3991
1.8416
2.2106
1.1993
2.2989
2.1549
1.553
1.8008
2.3534
2.2782
1.5483
2.3622
1.963
1.9692
2.3419
2.2887
1.7939
2.3263
2.2591
1.7709
2.2292
2.0128
1.8981
2.1893
1.7081
2.2287
1.5051
2.3882
1.8511
2.33
2.2189
1.708
1.5426
1.9012
1.7496
2.1209
2.3429
1.8134
2.2712
2.2943
1.396
2.0301
1.4644
2.3633
1.4773
1.7167
2.1985
2.2979
1.4424
2.279
2.2355
2.0684
2.3305
2.0728
1.4952
1.5887
1.9568
2.1578
2.03
2.2218
1.8891
1.6844
1.8477
1.3697
1.642
2.1974
1.3507
2.2052
1.9331
1.4615
1.2759
1.8023
2.1615
2.4379
1.3721
2.1429
1.3859
1.8232
2.0334
2.167
1.9813
1.5318
2.3784
2.2001
1.7967
2.1871
1.8283
2.2291
1.6606
1.9229
2.3475
2.2409
2.0798
1.3895
1.7397
2.0563
1.751
1.4393
1.4948
1.5046
1.0674
2.3524
2.3224
2.1705
2.44
2.3338
2.328
1.2749
2.0245
2.3568
2.1609
1.6214
1.7792
2.3151
2.0776
1.2843
2.1965
1.2331
2.0375
2.3518
1.8381
1.7311
2.0945
1.495
2.2456
1.3599
2.1567
2.382
2.2994
2.2557
2.0744
2.2338
2.1
2.0123
2.0482
2.1761
2.4772
1.3061
1.6915
2.3774
1.2945
2.0468
2.2466
2.2023
1.971
2.019
1.9956
2.0444
1.9096
1.3032
1.8147
1.8695
2.1408
1.7326
1.873
2.2753
1.6175
2.2092
2.2758
1.8892
2.215
1.567
2.2005
1.9128
1.4484
1.4597
1.7364
2.1474
1.7393
2.3035
1.4619
2.297
1.8361
1.9914
1.9971
1.8194
2.2914
2.0856
1.7992
1.4344
1.7272
1.3159
2.1788
2.2883
2.4499
2.3188
1.8893
1.8112
2.0261
1.8882
2.0852
1.6017
1.6065
1.5348
2.2315
2.3621
1.4758
2.0843
2.1608
1.3005
2.4099
1.6967
2.1613
1.9865
1.3524
2.3819
1.4308
2.2678
1.6793
1.304
2.2002
2.164
1.6968
2.1708
2.2404
2.1882
2.2779
1.5845
1.3603
2.2032
2.2648
2.3386
2.0954
1.2664
2.3163
1.6698
1.6213
1.5005
1.6296
2.1216
2.1255
1.5701
1.5616
2.0239
2.187
1.3049
2.2269
2.1285
2.0694
2.0851
2.1205
2.2027
2.2545
1.4451
1.3213
2.077
1.3642
2.0084
1.7666
1.9868
2.321
1.9204
2.1163
2.2332
1.478
2.1791
1.566
2.0613
1.9958
2.202
2.2389
1.4707
1.6954
2.3544
1.9924
2.1428
2.1572
2.1483
1.4122
2.2079
1.9995
2.0929
1.9137
1.302
1.5843
2.1037
2.1764
2.32
1.3799
2.2323
1.6591
1.4444
1.5655
2.0699
2.2182
2.0789
1.6406
2.2062
2.1039
1.6859
2.3267
1.2256
2.1991
2.4039
1.8342
1.9798
2.1288
2.023
2.2336
2.1294
2.0419
1.985
2.1822
2.4092
2.0919
1.3877
1.7444
1.7811
1.218
1.9059
2.3656
2.1866
1.9032
2.0845
1.9845
2.2182
2.1992
1.7463
1.9681
1.7027
2.0324
2.1064
2.1935
1.9175
2.379
1.3761
1.5326
2.14
2.3208
2.1097
2.3244
1.8739
1.4828
2.233
2.0474
1.8311
2.2979
2.1927
1.6642
2.3043
2.2912
1.897
2.3576
1.8566
2.1626
1.5257
1.703
1.5354
2.0121
2.1296
2.1277
1.3164
1.8833
2.1853
1.7864
1.6465
2.1782
1.6176
2.0925
2.3386
2.3834
1.8714
2.1554
2.056
2.2807
2.2885
2.265
1.803
2.0814
2.0299
1.7633
1.9921
1.5985
2.1244
1.7525
2.0959
1.7014
1.7474
1.983
2.1293
2.2011
2.2312
1.4821
2.2678
2.3045
2.0679
2.3039
1.446
2.1696
2.4158
1.3855
1.553
2.3042
1.9671
1.3716
1.4964
1.3671
1.2423
1.7534
1.7362
2.2245
2.28
1.8646
2.0915
2.3581
1.3701
1.3839
1.889
1.8015
1.3125
1.804
1.4834
2.1627
1.4517
2.1254
2.1783
1.7132
1.5678
2.1721
1.8857
1.0598
2.0889
1.6347
2.1498
1.5586
1.6468
2.0945
1.5009
1.8695
1.9033
1.6763
1.8113
2.0169
1.9712
2.2727
2.3817
2.0312
1.473
1.3094
1.4685
2.2209
1.9622
1.6811
2.2007
1.4439
1.4309
1.901
1.4628
1.6623
2.3172
1.8591
1.7412
1.3658
2.4105
1.4223
2.396
2.284
2.3916
2.2124
1.4123
1.4409
2.1451
2.1583
2.2976
2.0336
2.1566
1.7976
2.3591
2.0768
2.0122
2.1106
2.0236
1.503
2.285
2.4089
1.9635
1.5979
2.1908
1.8014
1.7677
2.3501
2.3556
1.2383
2.1426
1.3909
2.2126
1.9005
1.9628
1.6032
1.9167
1.6423
1.5219
1.4976
2.1664
1.9311
1.9842
1.5663
2.1165
1.7512
2.2534
1.63
2.2392
1.9463
1.556
2.2828
1.4768
2.2207
2.2245
2.147
1.9359
2.3756
2.0635
1.9531
2.1103
2.2633
2.4467
1.845
2.3097
1.7595
1.7424
2.2429
1.5352
1.7395
2.1811
2.133
2.0366
2.0716
1.8444
1.2742
1.5184
1.621
1.3638
1.9532
2.0367
1.7841
1.9679
1.5053
1.488
2.1299
2.2512
1.4889
2.0742
1.8433
1.8708
1.8498
2.2438
1.6886
1.938
2.3557
2.2775
2.003
1.5024
2.2771
2.3252
1.5485
1.7476
1.509
2.0325
1.4951
2.4927
2.1474
1.8186
1.5971
2.2645
1.3621
1.9686
1.7895
2.2679
1.7016
2.4397
1.9938
1.3669
2.295
1.8664
2.2663
2.2836
2.2864
1.2585
2.2756
1.2525
1.6585
1.9408
2.4079
1.8235
1.4956
2.0984
2.2317
1.7651
2.2355
1.49
2.1437
2.2673
2.0375
2.0624
2.2403
1.4252
2.0559
2.2812
1.4586
2.3715
1.7972
2.3152
1.6226
1.354
1.4156
2.2926
1.595
1.7267
1.598
2.2451
2.0878
2.0291
2.3354
2.1228
1.4557
1.6178
2.0023
2.3156
1.828
2.0944
2.3453
1.8993
2.2048
1.9859
2.0882
1.1498
1.9634
2.3879
2.0152
1.4654
2.1732
1.7574
2.0805
2.4497
2.2531
1.5976
2.2864
2.3005
1.7664
2.0857
1.5043
1.4181
1.4022
1.8589
1.7202
1.5643
2.2983
1.3227
1.3104
2.2881
1.7011
1.3939
1.5088
2.3139
2.0272
2.173
2.3633
2.1878
1.7644
1.4826
2.3091
1.7938
2.262
2.1535
1.3263
1.9646
2.0462
2.155
1.5785
2.0737
2.1909
1.9254
1.5708
2.0606
1.5774
2.1154
1.5689
1.4798
1.1364
1.9828
2.0992
2.11
1.4403
1.9828
1.4364
2.2727
2.1693
1.84
2.1484
1.7581
1.3875
2.1665
1.8234
2.0944
2.1672
2.3887
2.1117
2.1465
2.258
1.9567
2.3264
1.5157
1.7734
2.0361
1.8103
1.3624
2.1102
2.2839
2.1719
1.4579
2.2975
1.6919
2.0171
1.8629
2.0036
2.1084
2.032
2.2388
2.2545
2.3258
2.1886
1.8379
2.2032
2.3021
2.1956
2.2757
1.9986
2.3015
1.4511
2.186
2.3513
2.3068
2.0386
1.7267
1.802
1.7761
1.4012
1.8897
1.5155
1.6419
1.9329
1.9227
2.0775
1.7738
1.6818
2.1023
1.5109
1.8125
2.1236
2.0511
2.2513
1.871
1.9223
2.2755
2.3358
2.3061
2.148
2.0221
1.9014
1.3439
2.4364
2.0995
1.8258
2.3095
1.4118
2.3356
1.5763
2.1256
2.2699
1.9019
2.3259
1.7878
2.1231
2.143
1.6872
1.8987
2.1542
2.0959
2.0173
2.0083
2.1874
2.1688
1.5285
2.1261
2.4169
2.0863
1.9597
2.1435
2.263
1.7586
1.9353
1.3707
1.8983
2.2143
2.2257
2.3562
2.3198
2.1156
2.306
2.2673
1.9539
1.7934
2.0602
1.9825
2.201
2.2036
2.3598
1.3773
2.1886
1.7131
1.9522
2.1932
2.2751
1.6246
1.3395
2.2731
1.8619
1.9167
2.2121
2.333
2.227
1.4582
2.0428
2.0009
1.9822
1.6486
1.3699
1.8802
1.4466
2.3229
1.6823
1.4951
1.428
1.8817
1.9997
2.2395
2.3413
2.2491
1.3667
2.1695
1.9728
2.1865
2.071
2.2299
2.3971
1.8642
1.5306
2.1006
2.3263
2.3071
2.0761
1.7047
1.9213
2.179
2.1993
1.9384
1.9345
1.4795
1.4264
2.2114
2.2912
2.2211
1.8366
1.763
1.377
2.3539
2.2824
2.171
1.6808
1.6817
2.0878
2.3107
2.2296
1.9397
2.1007
2.0648
2.2287
2.0383
1.6511
2.3088
2.3226
2.0311
2.0058
2.3565
2.325
2.3216
1.9651
2.3473
1.594
2.1853
1.9225
1.772
1.9421
2.2684
2.2526
2.0971
2.2387
1.9925
1.6614
1.1364
1.8132
1.6495
2.0291
2.0243
1.7539
2.1511
2.0811
2.2828
2.2775
1.3718
2.1863
1.9369
1.9593
1.1633
1.8794
2.3502
2.075
1.7144
2.2272
1.107
1.7717
2.111
1.5546
1.2931
1.6151
1.4117
2.0888
1.8539
2.3577
1.5965
1.4984
2.3464
1.9385
2.0634
1.5345
2.3051
1.7715
1.6102
2.0035
2.0555
1.2533
2.2575
1.2476
2.2811
2.1664
2.3973
2.0737
