2.207
2.3762
2.1292
2.3946
1.5204
1.9777
1.658
2.1079
2.1703
2.3549
2.2626
2.3968
1.2433
1.2127
2.2289
2.2272
2.2923
2.4912
2.237
1.3514
2.083
2.0134
2.3674
2.3602
2.4232
1.7941
1.4816
1.4756
1.5437
1.2563
1.3393
2.1719
2.2794
2.1953
2.3706
1.8102
2.2053
2.0858
2.0693
1.8282
1.8295
1.4798
1.206
1.7204
1.359
2.1796
2.1024
1.8154
1.8523
1.9579
2.1629
1.8649
1.8873
1.4432
2.1732
1.6627
2.4187
2.3251
2.3007
2.2639
1.9614
2.1739
2.3153
2.1237
2.1334
2.4799
1.8748
1.5886
2.38
2.0759
2.0541
2.3066
1.6917
2.022
2.3569
2.2768
2.331
2.3176
2.2322
2.4168
2.2316
2.4546
2.0994
2.2402
2.3898
1.4617
2.1668
2.3274
2.2235
1.5117
2.121
1.9598
2.141
2.2929
2.3214
1.8021
2.347
1.5216
1.6216
1.9309
1.9269
2.3933
2.1061
2.1861
2.348
2.1207
2.399
2.3451
2.0306
1.839
1.4106
2.2337
2.0242
2.152
2.395
2.1456
1.7642
2.342
2.1952
2.1919
1.9381
2.2885
2.2024
1.6594
1.3939
2.2434
2.1003
2.0359
2.3827
2.0374
2.1001
1.978
2.3325
1.4432
1.4924
2.4048
1.4972
2.0688
2.298
2.258
2.0993
1.6643
1.8585
2.2722
1.3433
2.1098
1.128
1.8358
2.0348
2.0937
1.2916
2.3742
2.3348
2.3053
2.499
2.2507
1.9133
2.1858
2.3579
2.4538
2.237
2.0958
2.3071
1.5227
1.8693
2.1565
2.161
1.3736
2.4339
1.7492
2.3356
2.1304
2.1473
2.1656
1.5253
1.8962
1.375
1.2699
1.5406
2.406
2.3019
2.5078
2.1567
2.2146
1.3858
1.9637
2.1811
2.4412
1.36
2.1638
1.3927
2.0633
1.3106
1.7567
1.8963
2.0843
1.6625
2.3549
1.7721
2.3764
1.8908
1.6668
2.2512
2.0152
2.0186
2.0126
2.3613
2.4299
2.1484
2.2105
2.2969
1.9737
2.4001
2.3151
2.3245
2.2448
2.0324
2.3896
1.5302
2.2566
2.4188
1.5201
1.6057
2.0893
2.3234
1.5326
1.7882
2.1313
2.301
2.1139
1.9225
1.7335
1.6066
2.2182
1.4642
2.2159
2.29
2.1426
1.7507
1.2889
1.5073
1.9172
2.0245
1.9397
1.9667
2.4356
1.5931
2.0984
2.3627
2.3216
1.6735
2.2422
2.27
2.3675
2.3821
2.2021
2.4009
1.5241
2.2829
2.3067
2.1945
2.1804
1.4759
2.0245
1.4699
1.9664
2.1567
1.4792
2.2282
1.6093
2.4324
2.1843
1.848
2.0144
1.3243
1.487
1.6353
2.2342
1.4294
2.2983
2.3611
1.754
1.3529
2.2244
2.117
1.5156
2.4024
2.2282
1.598
1.6259
2.4494
2.2298
1.9028
1.7914
2.4316
2.2374
2.2953
1.3557
1.9522
2.1717
2.2673
2.0537
1.8964
1.832
1.569
1.7377
1.6226
2.401
1.4105
2.3589
1.2195
2.3941
2.3753
2.3195
1.9621
2.3261
1.838
2.3899
1.6719
2.4166
1.5754
2.2104
2.0321
1.9923
2.2234
1.3943
2.3315
1.907
2.4442
1.7648
1.3937
2.1164
2.4117
2.2127
1.4742
2.3539
2.3702
2.3689
2.3202
1.9323
2.154
2.0571
2.339
2.421
2.1468
1.2061
1.9064
2.3986
1.5631
1.477
2.4029
2.1632
2.2748
2.1303
2.3506
1.4621
1.534
1.3639
1.407
2.3794
2.3502
2.0093
2.4154
1.6074
2.3497
1.6713
2.3854
1.3569
1.7362
2.2716
2.4694
1.1366
1.3171
2.273
1.5339
1.8838
2.2627
2.0507
2.2685
2.2077
2.2571
2.3011
2.1639
2.3946
2.1999
2.4217
1.6783
1.2819
2.1187
1.2132
1.9364
1.2521
2.3331
2.2404
1.6301
2.4183
2.0326
2.1809
2.1082
2.3738
1.3117
2.3892
2.4444
2.3572
2.0687
2.0565
1.1447
2.1259
2.3691
2.0428
2.2318
2.435
2.0252
1.865
2.237
2.403
2.4227
2.3641
2.2273
2.411
2.3661
2.2013
2.4147
2.4581
2.0548
2.2162
2.2367
1.8428
1.8577
1.9555
1.3767
1.5625
1.4822
2.255
1.3912
1.8033
2.1919
1.4968
2.281
2.4148
2.163
2.3367
2.4608
2.1734
2.415
2.1725
1.9999
2.3525
1.7874
2.1657
2.4299
1.8744
2.2369
2.2375
1.6774
2.439
1.2209
2.1545
2.2231
2.329
2.0863
2.2788
2.2514
1.4668
1.5396
1.9296
1.6618
2.3629
2.1055
1.2073
2.3317
2.1228
2.2715
1.7843
2.2526
2.4063
2.2149
1.483
1.5678
2.3433
2.2813
2.3149
2.2421
1.9024
2.4229
1.7626
2.1021
1.766
2.1531
1.6785
2.3824
1.5323
2.4695
2.4344
2.4329
2.4586
2.3677
1.5553
1.7384
2.3405
2.3777
1.3014
2.2507
2.4657
1.5383
2.3335
2.0104
2.3103
1.9403
1.4571
1.84
1.9135
1.5814
2.2505
2.382
1.6147
2.1298
2.1535
1.6221
2.2913
2.4451
1.9632
1.9387
1.8541
2.4599
1.7339
2.4792
1.5979
2.4519
2.3475
1.5993
2.3035
2.3301
2.455
2.2453
2.3146
1.7295
2.0629
1.83
2.1495
2.3024
2.247
2.4116
2.3705
2.1772
2.4243
1.4361
2.0953
2.4315
1.8184
2.4415
1.9232
1.9116
2.141
2.0805
2.1513
1.3744
2.0938
1.7272
2.3709
1.904
1.394
1.5116
2.0894
2.3719
1.9379
1.6863
2.2692
2.1651
1.4223
1.4954
2.1886
2.1476
2.2078
2.3238
2.0551
1.4143
2.0617
1.3803
2.0631
2.3208
1.3458
2.2607
2.3824
1.9952
2.4268
1.2904
2.2878
1.2875
2.3809
1.7497
2.1494
1.9368
2.2108
2.0732
2.1178
1.6791
2.2871
2.1259
2.3935
2.3103
2.1399
2.0401
2.2332
1.9133
2.3201
2.1834
1.9646
2.2211
2.237
2.2588
2.0879
2.466
1.358
1.5887
2.1738
2.3227
2.4085
2.409
2.2055
1.6382
2.3224
2.0807
1.8765
1.7172
1.1884
2.4239
2.3733
2.0878
2.5268
2.377
2.3671
1.4889
1.5665
2.2606
2.1819
2.0778
1.614
2.2938
2.2621
2.4279
1.5581
1.9786
1.4366
2.1128
2.3945
2.2546
1.9832
1.3921
1.6555
1.832
2.2652
2.233
1.9431
2.4399
2.0104
1.2105
1.9813
2.2484
2.3325
2.4062
2.318
2.2175
2.2513
2.3347
2.2715
1.7769
2.3066
1.3296
2.1743
2.4016
1.4695
2.2231
2.226
2.3924
1.7481
1.8725
2.34
2.075
1.3985
1.6773
2.1612
2.1225
1.6176
1.9605
2.4743
1.9174
2.0695
2.1023
2.2301
2.1047
2.1675
2.1987
2.322
2.4031
2.2264
1.4369
2.4122
2.4004
1.6758
2.2889
2.3478
2.4469
2.0612
2.0621
2.1283
2.3546
1.2295
2.3285
1.8606
2.3432
2.3944
1.9348
2.4263
1.8372
2.3082
1.7433
2.2239
2.1171
1.9936
1.6351
1.9525
1.8335
2.1832
2.3558
1.3429
2.0135
2.1207
2.4034
1.7491
1.8411
2.2862
2.3225
2.0809
2.2859
2.2037
2.2019
2.3705
2.4403
1.1782
2.1939
1.5925
2.0069
2.4028
2.323
1.7808
2.3765
2.1737
2.0851
1.4637
1.9633
2.3527
2.1893
2.0771
1.378
2.2895
2.2295
1.3535
2.3233
2.3454
1.9897
1.1806
2.4376
2.3543
2.2397
2.0214
2.3482
2.1828
1.6182
2.0097
1.8403
2.2735
2.2414
2.0531
2.2837
1.4261
2.2575
2.4462
2.2466
2.211
1.6828
2.258
2.0077
2.211
2.3604
2.2939
2.3941
2.1802
2.0899
1.5844
2.4392
1.4184
2.3983
1.3106
2.3384
2.0342
1.8058
1.4293
2.2259
2.3362
2.1465
1.9105
2.281
1.7712
1.2879
2.2234
2.1493
2.1818
1.956
1.9179
1.3992
2.1209
1.9507
1.7787
2.4204
2.2492
2.4222
2.3583
1.2212
2.3465
1.576
1.7587
2.0401
1.6619
1.382
2.4448
2.0525
1.6492
2.2186
1.3078
1.8424
2.395
2.1169
1.9215
2.0754
2.2671
2.0568
1.497
2.3446
2.1597
1.3248
2.1845
2.1215
2.4599
2.3661
1.6705
2.253
2.3096
1.3573
1.4735
1.5403
2.1553
2.0889
1.7027
1.5203
2.327
2.2854
2.2774
2.268
2.4597
2.3685
2.3152
1.5107
2.1148
2.4092
2.3775
1.9308
1.654
2.4389
1.3804
2.4264
1.4044
2.2355
1.6053
2.2023
2.0804
2.463
1.4625
1.891
1.3946
1.8199
1.9973
1.8318
2.045
2.3524
2.486
2.411
2.1248
2.3581
2.348
1.6582
2.3932
2.0883
2.1257
1.8805
2.5299
2.5157
1.6499
2.105
2.2932
2.2948
2.473
2.1417
2.4267
2.454
2.32
2.3493
2.1326
2.0717
2.3487
2.2671
1.6336
1.3923
2.3062
1.7092
2.3385
2.3562
2.4374
2.0105
1.9081
2.3491
2.1429
1.9568
2.27
2.1663
1.5038
1.9891
2.1063
2.0533
2.3014
1.6257
2.4114
2.281
2.297
2.1652
2.3325
2.1698
2.3511
2.0992
2.3838
1.4182
1.83
2.4539
2.0238
2.4571
1.6539
1.3441
2.3066
2.4815
1.4172
1.3809
2.3231
2.3936
1.7136
2.0967
1.9275
2.1763
2.3255
1.9035
2.0133
2.145
2.4125
2.4376
2.3503
2.2843
1.9369
2.113
1.533
1.5159
2.1203
1.9394
2.3777
2.3656
2.3932
2.3133
1.7086
2.4523
2.3487
1.9701
1.916
2.4212
2.2746
2.2704
1.9589
2.374
2.065
2.496
2.3712
1.5575
1.6459
2.411
2.0845
2.2077
1.4371
1.8883
2.3703
2.2944
2.3809
2.1989
1.8464
1.9973
2.3787
1.6847
2.3544
2.0283
1.4023
2.3558
1.4362
1.3689
1.5445
2.2022
1.1504
2.0369
2.2747
1.9931
2.4082
2.2111
1.5759
2.1038
2.133
2.3996
2.0346
1.7583
1.5439
1.6246
1.4961
2.4064
2.4482
2.2656
1.269
2.4283
1.9293
1.7866
2.3191
1.279
2.1728
2.4237
2.4738
2.2752
2.2501
1.7247
2.0301
2.1518
2.3613
2.194
2.1211
1.6588
2.2213
2.1582
2.4014
2.234
2.3989
2.4615
2.1368
2.3313
2.2762
2.2237
1.6659
2.0744
2.3924
1.2932
2.3587
1.3694
2.4993
2.1259
2.3773
2.4112
2.293
1.7557
2.2835
2.4032
2.2151
1.9853
1.9706
2.0538
2.103
1.2139
1.7106
2.3912
2.3738
1.355
2.3959
2.4493
1.5956
1.5897
2.0916
2.2542
2.3314
2.4183
2.0035
2.4522
2.073
2.2439
1.6093
1.4533
1.9008
2.4038
1.9738
2.2421
2.3838
2.0362
1.9765
2.1101
2.3499
2.3118
2.3523
1.63
2.2192
1.6688
1.4296
1.9452
1.8206
2.3418
2.4369
1.508
2.1706
1.9868
2.4689
2.3783
2.1555
1.313
2.174
2.2647
1.4306
2.4012
1.2639
1.7911
2.2573
1.351
1.9413
2.1081
2.2052
2.1554
1.8884
2.3105
2.2936
2.1917
2.3893
1.2214
2.2966
1.8999
1.5807
2.0725
2.3676
1.4156
2.2842
1.6935
2.0176
2.1475
1.242
2.2043
2.2225
1.4792
2.1928
2.1827
1.5767
2.3871
2.3065
2.4034
1.4669
2.3745
1.2702
2.2217
2.3312
2.1434
2.2551
2.0182
2.1579
1.8214
1.9306
2.0008
2.3431
2.1601
1.7446
2.3676
1.4188
2.3137
2.4673
2.0925
1.2561
2.075
1.2995
1.9588
1.6058
1.3346
2.2479
1.945
1.9892
2.2111
2.1476
1.7269
1.648
2.2604
2.2358
1.17
2.1357
1.8966
1.9242
2.2094
2.1365
1.2197
2.3669
2.0557
2.1509
1.538
2.0103
1.3223
2.4585
2.3026
1.3091
1.6949
2.3862
2.3408
1.9961
1.6617
2.4017
1.5466
2.0524
2.2548
2.2989
2.2775
2.3073
2.3957
2.367
2.3098
2.4464
1.7005
2.115
2.2471
2.0886
2.0175
2.4043
2.1413
2.375
2.153
2.3467
1.5337
2.2933
2.2482
1.7254
2.2305
2.2053
2.4294
2.4021
2.3287
1.879
2.3488
2.1762
2.3896
1.7249
1.5518
2.3429
1.1814
2.2252
2.0455
1.8744
2.1049
2.3089
2.3857
2.1855
1.4426
2.199
2.3271
1.5298
1.5366
1.2776
2.3988
2.3953
2.2785
1.7996
1.6933
2.2888
2.3838
2.3342
1.5249
1.4853
1.4791
2.2697
1.5412
2.3394
2.4283
1.9007
2.2934
1.6909
1.4715
1.8338
2.377
2.3811
1.8635
1.9941
2.3345
2.3932
2.3343
2.3467
2.1302
2.1886
2.3469
2.3485
2.4521
1.7934
2.1539
2.3163
2.2871
2.3325
2.1144
2.2511
1.811
1.8163
2.2356
2.1426
2.0751
2.2827
2.259
1.4911
1.7564
1.5697
2.2553
1.6893
2.2629
2.2296
1.8211
2.2849
2.2142
1.8167
2.1951
2.286
2.4544
2.2327
1.9574
1.3854
1.3681
1.7139
1.8979
1.7243
1.8343
2.1684
2.0721
2.3743
2.1218
2.0844
2.2629
2.2767
1.6403
1.9479
1.901
2.2856
2.1624
2.3234
2.1984
2.2777
2.3968
1.6727
2.2657
2.258
1.5206
1.2873
2.2823
2.3893
2.3958
2.462
2.4507
2.3388
2.2635
2.2406
1.513
1.601
1.4082
2.2188
1.5469
1.6706
2.1307
1.2624
1.5257
2.2393
2.1841
2.055
2.204
1.7526
2.0036
1.3732
2.2069
2.1941
2.3922
2.1062
1.99
2.3383
1.8715
1.5154
2.4222
2.3888
1.3383
2.1832
2.3788
2.1903
2.4221
2.235
2.0631
2.3477
2.2368
1.3692
2.282
2.0517
1.2503
2.0901
1.6342
2.4149
1.6379
2.1777
2.3155
2.2279
2.351
2.2174
2.0808
2.302
2.3405
2.369
2.0432
2.0219
2.1397
2.3534
2.2727
1.4845
2.1101
1.4627
2.3901
2.0282
2.3879
2.1545
1.3931
1.8658
2.1418
2.1885
2.1411
2.2833
2.0655
1.876
1.393
1.8862
1.5207
2.0276
2.2641
1.4252
2.1036
1.8429
1.4459
1.9413
2.1295
1.9487
2.2519
2.1962
1.5671
2.1986
2.0952
2.4475
2.197
2.3324
1.4932
1.7271
1.5339
2.1626
2.1569
2.138
2.3048
2.2004
2.275
1.727
2.3156
2.3791
2.512
1.8845
1.6964
1.2762
2.097
1.9318
1.5453
2.342
2.377
1.8766
2.1622
1.4999
2.226
2.1396
2.1727
2.3715
2.3231
2.3579
1.3797
1.6687
2.4531
2.1903
2.1546
2.2672
2.3438
2.3849
2.0774
2.1879
2.3452
2.1587
1.8606
2.0464
2.274
1.6963
2.2274
2.3744
2.3177
1.8356
2.0828
1.9229
1.2564
1.8752
2.1138
2.408
2.0069
1.929
1.9867
2.4593
2.3619
2.2289
1.9856
2.3289
2.43
2.2425
2.272
2.0709
1.7871
2.3334
1.4115
2.1697
2.3492
2.2838
2.343
1.5726
2.062
2.2068
1.9779
1.9828
2.1424
1.9016
2.0426
1.9127
2.1956
2.3998
2.3252
2.187
1.87
2.3849
2.2272
2.2847
1.6798
2.3893
1.4785
1.5435
1.7498
1.9118
2.448
1.9229
2.2545
1.3349
2.3168
2.1358
2.0576
2.2639
2.2929
1.8307
2.3502
2.3983
2.1375
1.7698
2.3101
1.3186
2.0233
2.0547
2.1256
2.3159
1.4076
2.0835
1.2254
1.8057
1.8887
2.2392
2.1755
2.0451
2.4047
1.9789
1.7022
2.2131
1.9548
1.7739
2.1661
2.1982
1.9122
1.2637
1.244
2.2603
2.2335
1.2318
2.0461
2.062
1.962
2.149
2.1481
2.3336
2.4501
2.4252
1.2946
1.4953
2.307
2.4331
2.0264
1.8855
1.1529
2.0533
2.4404
2.2655
1.7373
2.3489
2.3775
2.4785
2.1968
2.0921
2.3456
1.7177
2.2255
2.3189
2.4102
1.2691
2.4631
2.1609
2.0327
2.3869
2.2589
2.2458
1.2864
1.2964
2.1682
1.6758
1.7225
2.0165
2.3556
1.9946
2.3052
2.3891
1.1805
2.1683
2.283
2.1585
2.3921
1.8243
1.6161
2.3251
2.0182
2.1082
2.1825
2.2124
1.6954
2.4165
1.5102
1.7419
1.5959
1.5645
1.7639
1.9729
1.6912
1.9947
1.9373
2.3816
2.3807
2.4443
2.0842
1.3919
1.168
2.3553
2.3456
2.3437
2.2712
2.3438
2.1948
1.3142
2.4386
1.4685
2.2842
2.3333
2.1276
2.0208
2.1854
2.2974
2.2538
1.327
2.1031
1.8799
2.2365
1.7194
2.3891
1.6649
2.1175
1.8981
1.9472
2.1883
2.2679
2.2839
2.3429
2.3492
2.1254
2.4075
2.2696
2.349
2.3921
2.3426
2.1753
1.5961
2.0976
2.2138
2.4098
2.215
2.2907
1.6607
1.3804
2.3711
2.3055
2.032
1.22
2.0104
2.404
2.3417
1.8648
1.609
2.0979
1.8646
1.3997
2.0231
2.2706
2.0441
1.3817
2.3152
1.7047
1.8604
2.4679
2.4641
2.279
2.3347
2.1793
1.8781
2.3234
2.2112
2.0591
2.3653
1.671
2.183
2.2781
2.1632
2.4555
2.088
1.3514
2.2608
2.3894
2.0191
2.4277
2.0682
1.8287
1.8044
2.168
1.7093
2.1905
2.3031
1.3752
1.7342
2.2618
2.3838
1.8458
2.2249
2.2256
2.0356
2.1289
2.469
2.009
1.4651
2.3836
1.3198
2.2831
2.0203
2.1877
1.9628
2.3941
1.9376
2.4058
1.5831
2.2943
2.3797
2.2679
2.1147
2.0563
2.0077
1.7151
2.366
1.9415
2.255
1.9308
2.3512
1.5833
2.1304
2.3211
1.4992
1.7384
1.4327
1.4825
2.3289
1.5855
2.2033
2.3546
1.4385
2.1731
2.136
2.3608
1.9964
2.0938
2.1073
1.9732
1.4283
2.024
1.9204
2.2285
1.7467
2.3093
2.2304
2.2243
1.4048
1.8407
1.521
1.9993
2.4092
1.8368
1.4193
2.3553
2.1944
2.2282
2.2386
2.4305
2.2664
1.5596
1.3094
2.3423
2.2279
2.218
2.312
1.4598
1.5732
2.3015
2.4994
2.2329
1.7816
1.8253
2.2037
2.0333
2.0051
1.5401
2.192
2.1293
2.2825
2.4156
1.9246
2.3423
1.8002
1.9424
2.3025
2.1354
2.1054
2.3221
1.7149
2.416
1.5943
1.1871
2.3973
2.3679
2.1852
2.5055
2.0077
1.9787
1.823
2.1895
1.8801
1.8059
2.3391
1.8112
2.037
2.1449
1.7052
2.0076
1.8781
1.9271
2.1392
2.2366
2.4431
1.607
2.3538
2.3467
2.4403
2.0564
1.6329
1.8718
1.5001
1.7786
2.1765
1.7873
1.2672
2.1965
1.283
1.4758
1.9699
2.4478
1.6954
2.3246
2.1138
2.4356
2.3135
2.2302
2.1339
1.2975
2.3472
1.5556
2.2285
2.0676
1.3835
2.2369
2.0973
2.188
2.2554
1.4369
1.2219
2.1395
2.2723
2.3567
2.3441
2.4056
2.5072
2.3394
2.3516
1.8102
2.2627
2.4556
2.2203
1.9414
2.3273
2.2119
2.1884
1.1821
2.2284
1.5877
1.249
1.6153
2.3543
2.2821
2.3055
1.6273
2.407
2.3138
1.446
2.0165
1.4888
1.9859
2.2424
1.9167
2.0733
2.06
2.4059
2.3728
2.1922
2.4233
1.9833
1.6657
1.4898
1.428
2.135
2.2073
2.3337
2.2074
1.2505
2.1119
1.8494
1.8672
1.5012
1.7526
2.0447
2.3251
2.3382
1.7362
2.3502
1.4959
2.3539
2.3783
2.3288
2.4512
2.2556
1.6794
1.7306
1.3031
1.5348
2.3158
1.9173
2.302
2.4855
1.7469
1.4337
1.6052
2.2036
2.0932
2.4091
2.433
2.0806
2.3394
1.2295
1.563
2.1803
2.2639
2.0781
2.2292
1.6786
2.1604
2.1015
2.379
2.3465
2.078
2.2017
1.7564
2.2806
1.7132
2.3579
2.3905
1.3888
1.2249
2.0515
1.533
2.1408
2.3771
2.3289
1.7022
2.376
2.2554
2.05
2.2628
2.3299
1.2487
2.0034
2.3943
2.0541
2.25
1.3971
1.9137
1.5097
1.793
2.1596
2.3684
2.0258
2.4012
2.3939
2.413
2.1735
1.9064
2.4017
2.4204
2.2532
1.8294
2.3698
2.2349
2.3063
2.2152
1.7747
2.3303
2.4606
2.152
2.0408
2.3788
2.3413
2.4171
2.1112
1.298
2.4086
2.2764
1.5329
1.7189
1.3796
2.1238
1.9992
2.3395
1.7711
2.1506
2.453
2.4416
2.0235
2.2822
1.731
2.3831
2.0628
2.0748
2.3607
2.1408
2.1257
1.3289
2.3484
1.6752
2.3735
2.2726
1.6159
1.6396
1.2868
2.3032
1.6502
2.0598
2.4036
2.1599
1.678
1.6331
1.9474
2.1876
1.5434
2.3385
1.6092
2.1063
2.2644
1.647
2.1373
2.0696
1.5113
1.8802
2.3044
2.4466
2.3317
2.3626
2.3857
2.2953
1.9533
2.3091
1.9684
1.9938
2.2696
1.8586
1.9735
2.0637
1.8883
1.5251
2.3599
2.0178
1.4932
1.758
2.18
1.6175
2.3152
2.2655
1.5103
2.4398
1.5307
2.1409
2.3697
2.3902
1.967
2.3304
2.3161
1.6379
2.2496
2.1499
1.6361
2.2705
2.3077
2.0033
1.7245
2.2631
1.6167
1.7136
2.1704
1.2563
2.3393
2.2223
2.1777
1.6847
2.4557
2.2731
2.5127
1.9657
2.4222
2.2117
1.3175
2.0977
1.7393
2.3182
2.2191
2.1888
1.4695
1.5686
2.188
2.3822
2.3781
2.4053
1.6489
2.2095
1.9472
1.7326
2.206
2.4521
1.843
2.2109
2.3169
1.524
1.7718
2.249
2.4035
1.5775
2.3067
2.0668
1.9852
2.375
2.3513
1.8974
2.069
1.9783
2.02
2.4252
1.9601
1.4456
2.3181
2.1138
2.1264
2.3163
2.42
2.2042
1.9226
1.8526
2.3625
2.3906
2.046
2.1338
1.6036
2.4244
1.9039
2.3411
1.9949
1.4841
2.2812
1.2218
2.1575
2.3592
2.1367
1.8543
2.2541
2.0405
2.1857
2.2641
2.3607
2.1239
2.3131
2.2631
2.3542
1.5464
2.251
2.3619
2.4084
2.3533
2.0025
2.4109
1.956
2.2396
2.4078
2.4311
2.329
1.8506
2.1491
2.1251
2.1724
1.8651
2.3695
2.2516
2.1822
2.3304
2.3581
1.9405
1.9115
1.5786
1.9927
1.9346
2.1896
2.1025
2.2126
1.8452
2.4048
2.4955
2.1907
2.2846
1.6259
1.631
1.5067
2.1098
2.3688
1.4802
2.2019
2.235
2.0263
2.3088
2.3639
1.6133
2.3186
2.5086
2.3837
1.3676
1.6735
1.8963
2.2743
2.2652
2.1457
2.0827
1.7335
2.2281
1.463
1.9431
2.341
1.6308
2.3657
2.3659
2.1447
2.0508
2.0608
2.2586
2.092
1.5219
1.907
2.3513
1.7698
2.0811
2.2088
2.0522
2.3344
2.37
2.3133
2.3741
2.3076
1.9517
1.88
1.9497
2.2206
2.0624
1.2248
2.075
2.278
1.6468
1.1711
2.4469
2.3776
2.2617
1.2614
2.2153
1.8895
2.3124
2.2609
2.2913
2.1255
2.3684
2.0357
2.124
1.5486
2.213
2.1947
2.1001
2.2212
2.2452
2.177
1.7651
2.1729
2.2014
2.4186
2.2738
2.1091
1.8314
1.481
2.063
2.428
2.1495
1.6677
2.0317
1.9831
1.7563
1.3491
1.7164
1.9242
1.2759
1.1486
2.0199
1.3635
2.0912
2.0402
2.0926
2.4387
1.3428
1.3832
2.2749
2.2366
2.1797
2.0392
1.8934
2.4323
1.4606
1.8424
2.2351
1.8092
1.915
1.975
2.3256
2.3309
2.3308
1.7778
1.3629
1.9098
1.8799
2.4308
2.1501
1.9291
2.4332
2.4076
2.24
2.364
2.3607
2.3065
2.3115
1.8534
2.2898
2.0884
1.6088
2.393
1.5634
2.2723
2.1832
2.1075
2.3009
1.9996
2.2289
2.2343
1.617
2.4568
1.9419
2.2689
1.8334
1.9044
2.4222
2.0928
2.0513
1.8033
1.7048
2.3361
1.7767
1.5533
2.4334
2.2051
2.0542
2.2025
1.7363
1.6943
2.276
2.3337
2.0624
2.4206
1.96
1.8244
1.38
2.2819
2.3186
2.2633
2.2404
1.269
1.8231
2.0214
1.6628
2.3211
1.6798
1.5486
2.2773
2.1876
2.0137
2.4837
2.2833
2.5
2.2947
2.3487
2.2886
2.2214
2.064
2.3277
1.9117
1.8398
2.3321
2.2601
2.4086
1.7357
2.3076
1.3905
1.4339
1.996
2.1868
1.4378
2.1894
1.9697
2.4472
1.452
2.2121
2.1525
1.8062
2.2213
2.415
1.8444
2.0601
1.4472
2.1324
2.075
1.3909
1.9357
2.3269
2.3433
2.3244
1.5074
2.1607
1.5858
2.1423
2.0703
2.2084
2.3873
2.2076
2.0581
2.3509
2.2046
2.2469
1.6359
2.3515
2.0906
2.013
1.8659
2.0703
2.0932
2.1722
1.27
2.2225
2.292
2.2316
2.3167
2.1292
2.4365
2.2775
2.0307
2.1401
1.9556
2.2167
2.1378
1.4178
2.1842
1.7515
2.2715
2.2902
1.8938
2.2921
2.3782
1.3012
2.4521
1.6366
1.3043
2.0423
1.9288
2.3312
1.21
2.3369
2.0824
2.0849
1.9694
2.3014
2.3298
2.1834
1.8314
1.7868
2.3211
2.36
2.1335
2.2542
1.87
2.0731
1.9717
1.3342
1.9973
2.0368
1.6201
2.4607
1.6649
2.3246
2.3615
2.4709
2.3627
1.6266
1.3894
2.3768
2.0592
2.2832
1.6635
2.1504
2.2173
1.3147
2.0209
1.8107
2.1897
2.037
2.1354
1.9295
2.3113
1.6569
1.6373
2.0313
1.3082
2.25
2.0424
1.9303
2.2099
2.0121
2.1317
2.1651
1.4786
1.556
2.1101
2.207
1.3113
2.1368
1.4659
2.3337
1.7746
2.4323
2.351
2.3877
2.1413
2.2616
2.3634
2.3754
2.3261
2.4611
2.3799
1.6464
1.8396
2.2888
1.2552
2.1716
2.2825
2.0351
2.3485
2.0434
2.0039
2.1368
1.4602
1.6623
1.9498
1.9429
2.3778
2.3649
2.0578
1.3427
2.3228
2.175
1.973
2.4002
2.3766
1.8869
1.9548
2.4897
1.4132
2.2073
2.4374
2.349
1.407
1.5523
2.3047
2.0048
1.3913
2.2587
2.1361
2.3241
1.6961
1.3842
1.2461
2.1515
1.943
2.2302
1.9105
2.0043
2.1349
1.3848
2.3512
2.3147
1.9376
2.3491
2.3454
2.3627
2.0785
2.4231
2.2959
1.9316
1.4506
2.1539
2.1985
1.2855
1.998
2.0394
1.7686
1.682
1.7456
1.1551
2.4266
2.4347
2.1048
2.2553
2.4198
2.3543
1.9703
2.414
2.4037
1.3774
2.1876
1.5504
1.8748
2.2788
2.2545
1.8739
1.24
2.1954
2.0762
2.2119
2.0257
1.751
1.391
2.4316
1.8781
2.1667
2.1346
2.2421
2.2349
2.1482
2.2926
2.4224
2.4049
2.17
2.2642
2.3568
2.1386
2.3328
1.7915
2.3401
2.0507
1.3607
2.2469
2.4119
2.1997
1.7822
1.9841
2.421
2.1248
1.5341
2.3075
2.3497
2.2675
1.8983
2.1218
2.1755
1.9679
1.7321
1.4158
1.2774
2.1723
1.2525
2.0986
2.4078
1.7413
1.8238
2.2782
1.3802
2.1784
2.4624
2.1729
1.341
2.2218
2.0527
1.8205
2.3394
2.3998
1.3131
2.2696
2.1916
2.2076
2.1088
2.182
1.9518
2.2396
1.9227
2.4287
2.2676
2.3616
2.3142
1.7732
1.9894
1.8699
1.6015
2.2105
1.1363
1.6421
1.2856
2.2784
2.5275
2.2953
2.3787
2.1234
2.3164
2.2203
2.3922
2.254
2.277
1.4209
1.6639
2.3971
2.3581
1.9734
2.3143
2.0728
1.471
2.222
2.2419
2.1379
2.3726
1.3339
1.3689
1.1831
2.3117
2.2022
1.9557
2.3499
2.2823
2.3885
2.3014
1.3855
2.2857
2.2241
1.575
2.0889
2.2819
2.3921
1.2456
1.8568
2.1593
2.3905
2.2944
2.3307
1.6812
2.2947
1.3568
1.6081
2.3085
2.4363
2.0332
2.1246
2.0346
2.1703
2.0937
1.2635
1.8387
2.2178
2.0612
2.3752
2.1302
2.3151
2.4989
2.2218
2.2605
2.097
2.3537
1.5938
1.9068
2.2414
1.7125
2.1851
2.2264
2.3336
1.6394
2.425
2.3445
1.9888
2.3106
1.6645
2.366
2.2378
1.8195
2.4742
2.1607
1.8913
2.3091
2.1518
1.3387
2.3881
2.263
2.4857
1.7747
2.0303
2.4833
2.0326
1.3131
2.3541
2.1127
2.1041
2.3032
2.3537
1.7841
1.3394
2.5184
1.3075
2.35
1.9305
2.3591
2.1564
1.9987
1.656
1.7961
2.2923
2.3449
2.1579
2.4628
1.8537
2.4472
1.971
2.1588
2.3711
1.8208
1.2517
1.2617
1.4159
1.9043
1.661
1.9379
2.3284
2.4211
1.246
1.4789
2.5247
2.1754
2.2716
2.3504
2.3207
1.3106
2.4876
2.0947
1.2339
1.861
2.2377
2.4087
1.6837
2.1666
1.8699
2.1706
1.2818
2.1339
2.1679
2.0271
1.322
1.3895
1.4698
1.525
2.1783
2.0854
2.0885
1.674
2.3146
1.876
2.0807
2.1878
1.4387
2.3749
2.3746
2.1553
2.4136
2.2242
2.285
2.2744
2.023
1.4914
2.2975
2.492
1.9657
2.4063
2.0798
2.3958
2.3913
2.0316
1.8114
1.2109
2.2148
2.3556
2.2719
2.2631
2.3401
2.187
2.4105
2.285
2.2318
2.4229
2.2559
1.9095
2.0078
2.325
2.2367
1.2106
2.1755
2.2595
1.8328
2.3007
2.3182
1.9125
1.8713
2.2037
2.136
2.3182
2.2289
2.3318
2.4278
1.5342
1.4712
2.0952
1.5124
2.4354
2.3487
1.9047
2.0831
2.2102
2.4012
2.0503
2.4026
2.175
2.1689
2.1918
2.2898
2.3878
2.4299
1.8267
1.8374
1.6485
1.3878
2.1278
2.3454
1.7915
2.0957
2.4585
2.2655
2.2922
1.3476
2.1624
2.1461
2.4468
2.343
1.8042
2.1911
2.205
2.0241
2.2061
2.2996
2.0681
2.1917
2.3381
2.076
2.3849
1.2628
2.3317
1.2058
2.0042
2.0662
1.2097
2.2557
1.7734
1.6037
1.9926
1.5233
2.33
1.9795
2.0244
2.3259
2.3903
1.89
2.2858
1.7528
2.2833
2.2834
2.1402
1.3843
2.2067
2.3322
2.4224
2.3602
2.4217
1.486
2.3088
1.3018
1.2602
2.375
2.1669
1.974
1.8754
1.6988
2.4302
1.9033
2.2801
2.2836
1.7269
2.1967
2.1316
2.0375
2.4355
2.3919
2.3569
2.2547
2.414
2.4258
2.4849
1.305
2.271
2.3135
1.6195
2.3699
2.3978
2.1261
1.6117
1.5458
2.2081
2.2647
1.5811
1.3285
1.3961
2.4422
2.3457
2.3071
2.2576
2.2399
2.3271
2.3367
1.9097
1.9239
2.2698
2.2711
1.366
1.8466
1.6963
2.3632
2.4286
2.2919
2.3822
1.4425
2.3645
1.8724
2.3654
2.3095
2.4294
1.1965
2.133
2.334
2.1797
1.4533
1.2191
1.8765
1.9087
2.2878
1.7316
1.9126
2.2083
1.9187
2.4052
2.1002
1.5466
2.3889
1.9006
2.3141
2.0055
2.3479
2.4732
2.0795
1.6768
1.3592
1.408
1.9777
2.1272
2.1032
2.3395
2.3351
2.0023
2.2853
2.3052
2.0969
2.1449
2.2476
1.3738
1.6619
2.3942
2.468
2.2449
1.4578
2.2864
2.1829
2.1449
1.2293
2.2709
2.3505
1.5021
1.7903
2.3188
2.4734
1.8639
2.3247
2.3213
1.474
2.1373
2.3368
2.3684
1.9673
2.0512
2.3218
2.4232
2.2566
2.0203
1.8469
2.2553
2.3832
2.175
1.2539
2.3587
2.3641
2.4088
2.2202
2.2934
2.1569
2.344
2.1981
1.8893
1.9385
1.9805
1.7776
1.8966
2.4008
2.3399
2.3541
2.3695
2.4506
1.3571
1.8462
1.6942
2.0013
2.3455
1.3422
1.4592
1.7342
2.3975
1.4337
1.7233
2.2623
2.2995
1.3388
2.2737
2.4486
1.2876
2.0073
2.1165
2.1901
2.2553
2.2195
2.1366
1.5744
1.2639
2.326
2.3645
1.748
2.2808
2.2062
2.1656
2.2916
2.3485
2.1511
2.2517
2.3019
2.3391
2.456
1.2242
2.1168
1.7355
2.3025
2.441
2.4087
1.9455
2.3624
2.1074
2.2375
2.3615
2.3481
1.388
1.4145
2.2823
2.1403
1.9087
1.8778
2.343
1.7754
2.0719
1.6165
2.2722
2.2534
1.4141
2.1983
2.0959
2.4538
1.5827
1.6249
2.3136
2.0681
2.1182
2.2704
2.3165
1.4667
2.2833
2.41
2.2458
1.2772
2.3535
2.3022
1.2153
2.3345
2.2391
1.4116
2.2612
1.5414
2.3379
1.9476
1.2606
1.8025
2.3622
2.0803
1.9093
2.1453
2.354
2.0065
2.3201
2.2204
2.1899
2.306
2.1772
2.3705
1.1122
2.0589
2.4034
2.263
2.368
2.1549
2.3321
2.3501
2.0028
2.3524
2.1449
1.7897
1.9029
2.3821
1.7081
2.0866
2.3847
1.966
2.175
1.9278
2.2635
2.4353
1.8265
2.2179
2.3187
1.86
2.1901
2.128
1.9256
1.8223
1.6191
2.2917
1.421
2.076
2.1438
1.7933
2.2036
2.1738
1.9286
1.7449
2.2156
2.1331
2.4399
1.8679
2.2366
2.153
2.3759
2.3631
2.0931
2.2159
2.2719
1.5302
1.2468
1.6256
2.1178
2.1817
2.3646
2.2899
1.4201
2.2819
1.5662
1.9371
2.3588
2.2617
2.4112
2.2185
2.3131
1.9952
2.3196
1.8767
2.3543
1.2552
2.3001
2.1496
1.3317
1.8762
2.4248
1.9434
2.3931
1.7082
2.0149
1.2782
2.4158
1.9023
2.3694
2.3019
2.3228
2.3646
1.9565
2.3608
1.9826
1.8548
2.4103
1.2988
2.202
1.7466
2.0328
1.2799
1.9412
2.4173
2.4384
1.8044
2.2082
2.3997
1.7736
1.9927
2.3545
2.1499
2.2225
1.3942
1.2729
1.4029
2.2619
1.9118
2.2976
2.3288
1.4359
2.1548
2.1123
2.1444
2.2647
2.3972
1.8524
2.4043
2.4336
2.2289
1.9353
1.9059
2.0649
1.3429
2.2898
2.3858
2.4851
1.8941
1.5209
2.3199
1.6496
1.9705
1.9637
1.8286
2.1444
2.1664
2.3631
2.3972
1.4719
1.3073
2.3857
1.8452
2.2796
2.2191
2.3032
1.5691
1.2292
2.3737
2.4338
1.9762
1.3313
2.281
2.1666
2.3786
1.3143
2.2162
2.1796
2.2739
1.8021
1.9719
2.4078
2.2308
1.629
1.9967
1.8383
2.3901
2.011
2.3969
1.3508
2.3655
1.7379
2.1669
2.0001
1.8136
2.0307
2.3697
1.9418
2.2423
1.6347
1.6966
1.5619
2.1005
2.3123
2.0506
2.2309
2.5011
2.082
1.6269
2.3623
1.6973
2.4291
1.9529
1.3474
1.8539
2.2839
1.206
1.852
2.3645
2.4267
2.3653
2.3327
2.2454
2.3571
2.3
2.2324
2.1974
1.765
1.6802
2.1608
2.2757
2.2555
2.2508
1.2454
1.9571
2.4164
2.3832
2.4677
2.1452
2.1093
2.5061
2.3356
2.3552
1.5193
1.8859
2.0923
2.2764
2.282
2.2556
1.8838
2.2179
2.197
2.2483
2.3855
2.3846
2.4802
1.3388
1.9107
1.9027
2.0123
1.8309
2.4793
1.7532
2.2944
1.511
2.228
1.5771
2.0173
2.3277
1.6408
2.1015
2.2122
2.3707
2.2357
2.0147
2.3232
1.2488
2.3486
2.1782
2.3142
2.1395
1.6
1.9461
1.8831
2.1243
1.3315
2.0424
2.4073
2.0525
1.8964
2.2316
2.3268
2.3048
2.0106
1.1866
2.0896
1.3133
1.9611
2.431
2.13
2.4683
1.8963
1.8401
1.9972
2.0317
2.031
2.2914
2.4236
1.6514
2.0484
2.4183
2.0285
1.9321
2.1575
2.3788
2.3621
1.828
2.4012
1.9087
2.2843
2.3986
2.2197
1.5521
1.4118
2.2757
2.33
1.3447
2.0739
2.4458
1.2731
2.0015
2.1208
2.4097
2.4258
1.7155
2.0742
2.1103
2.3222
1.2986
1.3954
2.4404
1.3088
1.94
1.8926
2.0218
2.0584
2.0647
2.3091
2.3303
1.5306
1.8482
2.1507
2.3402
1.8661
2.3025
1.7448
1.601
1.8997
1.2736
1.9831
2.3341
2.3635
2.1846
2.1096
2.1799
2.2341
2.075
2.2344
2.1921
1.3834
1.6236
1.4166
2.0059
1.7624
2.3406
2.299
2.493
2.0564
2.1657
2.383
1.578
2.2678
2.039
2.1501
2.2086
2.2523
2.3124
2.4114
1.6892
2.2339
2.1165
2.3489
2.0913
2.2357
2.1829
2.134
2.3774
1.8284
2.0035
1.4407
1.7927
2.2574
2.2903
2.3524
1.8064
1.4691
1.7058
2.3137
1.9468
2.128
1.9392
2.3335
1.7157
1.9087
1.5444
1.8745
2.1725
2.3761
1.9728
2.2238
1.7963
1.7506
1.2653
1.8455
2.4348
1.8428
2.3062
2.3411
1.7287
2.115
1.6238
2.1455
2.2129
1.9459
2.3402
1.2483
2.089
1.9067
1.9466
1.8123
1.7203
2.2168
2.2971
2.2444
2.1923
1.4577
2.1792
2.3788
2.4252
1.3045
2.0603
2.2127
2.3468
1.4067
2.2546
2.3364
2.3816
1.8043
1.2136
2.2337
1.7994
1.2098
2.0786
2.3514
2.3262
2.1484
2.0666
2.3308
2.328
2.065
2.342
2.4172
1.7899
1.8411
2.4094
2.346
2.3274
2.1787
2.4408
2.1167
1.4532
2.4243
2.0105
1.9901
2.2983
2.3268
1.644
2.2725
2.3591
2.0681
2.3992
2.2375
1.6534
2.2828
1.2858
2.1537
2.2201
1.4808
1.5309
1.9068
2.2697
1.8097
1.2715
2.2866
2.3037
2.2772
1.5313
2.2635
2.2538
1.9328
2.3269
2.0699
2.1416
1.8194
2.289
1.6261
2.2109
1.4455
2.2526
2.1917
1.9535
2.4102
1.6605
2.2413
2.4661
2.5409
2.1949
2.2892
2.1644
2.1811
1.7105
2.3814
2.3858
1.6214
2.3053
2.2915
1.349
1.8185
2.3814
1.8578
2.4268
1.6535
2.1583
1.9069
2.1695
2.0547
1.7556
1.8887
1.2668
2.3353
2.087
2.4463
2.234
2.346
1.2531
1.189
2.2302
2.1137
2.2975
1.857
2.1239
2.4155
2.3642
1.7524
1.9772
1.8172
1.7954
2.1851
2.0618
1.2638
2.3016
2.3367
2.2828
2.299
2.4254
1.7836
2.4149
1.8791
2.1009
2.2685
2.0787
1.8101
2.417
2.0798
2.1742
2.2347
2.3677
1.5358
1.9856
1.3522
2.3439
2.3681
2.346
2.2974
2.1728
1.3667
2.3634
2.2301
1.9715
2.0988
2.1145
2.2233
2.3017
2.0913
1.848
1.433
2.3998
1.5478
2.2024
2.4086
2.3264
1.4541
2.2594
2.4474
2.0976
2.2476
2.0503
2.0709
1.2633
1.6105
1.8735
1.8463
2.0674
1.8925
2.3134
1.8483
2.1135
1.9282
1.2202
2.1434
2.3376
1.2764
2.3953
2.2915
2.0652
1.6739
2.18
1.3206
2.306
2.2667
1.5882
1.4186
2.1425
1.2156
2.1223
2.1735
2.4604
2.2672
2.3398
2.2835
1.7111
1.1256
1.4314
2.483
2.2276
1.2024
1.1837
2.433
2.2969
1.4611
2.4317
1.6521
2.229
1.2716
1.5072
2.173
2.2679
2.38
1.5484
2.2054
1.7191
1.4142
2.1441
2.3316
2.0271
2.1795
1.516
1.7641
2.0978
2.1082
2.2606
1.6463
2.4083
1.3966
1.7956
2.4461
2.213
1.4295
2.2447
1.9599
2.2643
2.3664
2.429
2.2389
1.6713
1.9724
2.2788
2.2746
2.3131
1.6362
2.425
2.2504
1.2846
2.3486
1.8188
2.3065
1.9515
2.4364
1.9384
2.3202
1.4305
2.0102
1.4975
1.7255
2.3647
2.3706
2.4064
2.3268
2.0752
2.3676
1.9183
2.3071
1.9606
1.7185
1.6852
2.2849
2.4061
1.7611
1.9529
2.05
2.3343
1.9227
2.0839
1.8164
1.9988
2.0204
2.0267
1.8984
2.1872
2.3148
1.8706
1.2159
2.2061
1.6826
2.2597
2.4224
2.1165
2.2013
1.9934
1.3604
2.36
1.4686
2.3358
2.3191
2.3477
2.3256
2.3808
2.28
2.4065
2.4395
2.0265
2.199
2.2682
2.3721
2.0194
2.0087
2.0995
1.8259
1.3942
2.3815
2.4522
2.4252
2.1671
2.4142
2.0319
2.0811
2.2985
1.6385
2.3263
1.1336
1.5137
2.3151
2.2691
2.3246
1.6968
1.2796
2.2394
2.219
2.1052
1.3892
1.3595
2.4804
2.2143
1.8483
2.2181
2.3602
1.9823
1.9092
2.0987
2.3747
2.284
1.9705
2.2774
2.4169
2.1704
2.4101
1.2973
1.3893
2.2357
1.9447
2.0429
2.0997
2.0213
1.9574
1.894
2.4312
1.9233
1.6377
2.3159
1.9151
2.0051
2.5075
2.1271
1.7133
2.1908
1.9139
2.3759
2.3055
2.0624
2.1595
2.3898
2.4137
2.2995
2.01
2.448
2.4813
2.1651
1.9329
2.4827
2.1848
2.3018
2.4822
1.8007
2.1603
2.2597
2.3695
1.9113
1.9717
2.3403
2.3963
1.7987
2.4917
2.3171
2.0669
2.391
2.1592
2.1737
2.3764
2.1758
2.3767
2.392
2.1341
2.2302
2.1039
2.0124
2.1009
1.6498
2.3766
2.3752
1.205
1.9809
1.4398
2.4969
1.5722
2.3462
2.2283
2.3949
1.9273
2.3771
2.3789
2.2614
2.2993
2.1762
1.9987
2.422
1.5448
2.182
2.3403
2.3928
2.0502
1.8281
2.2522
1.8888
2.0669
2.3616
2.1925
1.2889
2.057
1.5306
1.6513
2.1234
2.0529
1.5079
2.2969
2.3053
1.9821
2.0139
1.9921
2.3652
2.1485
1.6684
2.0752
2.2491
2.1794
1.4967
2.3261
2.1882
2.2974
1.4447
2.1989
2.0578
2.1582
2.4232
2.3194
2.0555
1.883
2.2041
1.9779
2.0958
2.3792
1.4956
2.4109
2.1436
1.8614
2.3822
1.8734
1.3063
2.0701
2.1302
2.1593
2.3505
1.2376
2.3762
2.041
2.5198
2.4105
2.1473
2.0789
1.4939
1.4222
2.3158
1.7793
1.9258
2.266
2.2888
2.0706
1.918
1.2928
2.3466
1.5645
1.3888
1.6916
2.3625
1.741
2.3409
2.3093
2.4096
2.0327
2.2426
2.4593
2.1515
2.1762
2.1648
1.8299
1.4406
2.3605
1.6542
1.9991
1.7966
1.8952
2.2864
1.5019
1.4521
1.6326
1.3752
2.331
2.4318
2.3832
2.3543
2.2033
2.4029
1.4816
2.319
2.3732
2.2865
1.8452
2.1806
1.7582
2.3281
2.2991
2.2291
2.1529
1.4429
2.1572
1.6267
2.2771
2.1085
2.3556
2.3664
2.2687
2.2143
1.5472
2.2889
1.3158
2.385
1.4583
1.5342
1.5287
2.0318
2.3626
1.6404
1.7906
1.7659
2.0687
2.0695
2.0738
2.2508
1.8381
1.979
1.549
1.9778
1.2259
1.7837
1.8059
2.0618
1.8795
2.3502
2.3042
2.2475
2.268
2.2641
1.9974
2.2289
2.3278
1.5099
2.3387
2.3624
2.212
1.4233
1.8091
1.2604
1.7724
1.9995
1.4502
2.2254
2.3644
1.5513
1.3939
2.4156
1.8949
2.1875
2.4029
2.3756
2.1591
2.1834
1.2566
1.396
2.0547
2.4356
1.6235
1.1523
1.623
2.2153
2.3983
1.5271
2.401
2.4031
2.3
1.4698
2.0116
2.3635
2.285
1.4153
2.2705
2.201
1.4209
1.3427
2.1331
2.2019
1.1513
2.0696
1.2839
2.2828
2.3265
1.2066
2.4401
1.851
2.211
2.327
1.411
2.2435
2.4106
1.3217
1.9698
1.6596
1.6578
1.2382
2.4097
1.9838
2.0177
2.0169
1.212
2.2477
1.4761
1.3603
1.6482
2.3041
2.4001
2.1697
2.1524
1.8891
1.768
2.2535
2.0749
1.6536
2.2499
2.0338
1.8055
1.1614
2.2487
2.2735
1.5078
1.8316
2.3478
2.259
2.3612
2.4278
2.3772
2.4644
2.3949
2.388
1.5363
2.3245
2.3913
1.7564
1.9014
2.2844
2.3464
2.3535
1.6619
2.221
1.5945
2.3488
2.1665
2.3761
1.8818
2.3016
2.0887
1.6127
1.3534
2.4609
1.9922
2.2825
2.2803
1.4876
2.1758
1.7171
2.4155
2.2536
2.3267
2.0866
2.3039
2.3156
1.9906
2.2239
2.3941
1.1783
1.3718
2.3693
2.4494
2.0687
1.7086
2.347
1.8332
2.3731
2.0403
1.4305
1.9224
1.5828
2.3558
2.3533
2.2328
1.2953
2.3843
1.2461
2.2354
2.2833
2.247
1.4261
2.1045
2.3195
1.9312
2.4092
1.233
1.3446
2.2609
2.3308
2.2123
2.1778
1.4916
2.3474
2.4173
2.3693
1.7687
1.3562
1.3848
2.3197
2.2177
2.1895
2.4085
2.184
1.9552
2.2847
1.39
1.2769
1.5893
1.9128
1.5258
2.3807
2.182
1.4702
1.2618
2.1634
2.1803
2.1597
1.1129
2.1509
1.7553
1.8318
2.2883
2.0131
1.7829
2.0587
2.2767
1.6212
2.2132
2.246
1.9936
2.3482
2.3323
1.9808
2.3611
1.459
2.2009
2.372
1.5089
1.7499
1.9974
1.9513
2.4453
2.1501
1.3666
2.3683
2.1096
1.9825
2.0191
1.7498
1.4083
2.1364
2.0665
2.0111
1.9911
2.0815
1.9188
1.5504
2.286
2.3078
2.2563
2.1531
1.5264
2.3593
2.4262
2.296
2.4033
1.8604
2.2791
2.4827
1.7786
2.2023
1.7094
1.6785
2.437
1.9059
1.915
1.9178
1.6833
2.0596
2.4997
2.4385
2.1199
2.3724
2.2795
2.3636
2.3624
2.1188
2.3573
2.1458
1.263
1.9156
1.887
2.3097
2.1867
2.3272
1.8964
1.5825
2.1453
1.5141
2.2811
1.4047
2.3094
2.1897
2.1112
2.1648
1.8736
1.5
2.384
2.1552
2.3798
2.3617
1.3903
1.9297
1.7945
1.2297
1.9629
2.2494
1.3132
1.8024
2.1089
2.3594
2.1854
1.7432
2.3559
1.9737
1.9339
2.3549
2.2522
2.275
2.4267
2.3226
1.6566
2.1978
2.2917
2.4673
2.0107
2.2188
2.2302
1.9362
2.2513
2.3349
1.7186
2.3202
2.3279
2.1813
2.2631
2.2974
2.2828
2.3801
2.095
2.0972
2.3231
2.2321
2.0568
2.1598
2.203
2.3253
1.7737
1.9598
1.5643
1.67
2.2765
2.2911
2.1754
1.9939
2.3389
1.9293
1.4517
2.2982
1.0961
2.1894
2.3179
1.7822
2.2451
2.4826
2.3969
1.7848
2.2005
2.3679
2.042
1.4177
2.2185
2.0795
2.2407
1.7717
1.7301
2.3796
2.1131
2.5004
2.1554
2.3241
2.225
2.0425
1.3697
2.4099
2.2529
2.2884
2.4138
2.1636
2.3893
1.9513
1.2089
1.943
2.3943
1.8276
1.4829
2.3575
1.6422
1.6168
2.1829
2.3942
2.4244
2.0846
1.4698
2.3576
2.3157
1.9534
2.1498
2.4078
1.5852
2.2533
2.1061
2.0031
2.1863
2.211
2.0491
2.4904
1.7485
2.1785
2.4791
1.7367
2.1765
2.2729
2.3262
1.2672
2.2454
1.7591
2.2948
1.5823
1.716
2.3916
2.49
2.2857
2.3548
2.3598
1.978
1.716
2.3495
1.3028
2.3405
2.0988
1.3153
1.6652
2.4073
2.1047
1.5792
2.4308
1.5984
1.7246
1.4667
1.2359
2.2458
2.3019
2.1219
2.2077
2.2243
2.273
2.3413
2.3427
2.3757
2.4372
2.1803
2.1927
2.3586
1.8976
2.0295
2.2216
2.3267
1.2571
2.2351
2.3077
1.3975
2.2087
1.9462
1.6405
2.2586
2.0093
2.148
2.1719
2.2612
2.1307
2.3548
2.0402
2.2978
2.3441
2.2403
2.131
2.2988
1.9244
2.4873
2.1591
2.2879
1.716
1.8419
1.3673
2.1897
1.3677
2.289
1.96
1.9039
1.933
2.3646
1.2169
2.1217
2.2608
1.9105
2.4384
2.4073
2.1698
2.3496
1.9925
2.0654
2.0508
1.6718
2.4032
1.6833
2.442
2.1308
2.4275
2.0437
2.3399
1.5641
2.0328
2.1897
1.8335
2.2453
2.4086
2.0274
2.1871
2.2208
2.2549
1.9834
1.553
2.2904
2.2188
2.0582
2.0846
1.9883
2.2968
1.9942
2.2586
1.3285
2.1378
2.5005
2.3738
2.2096
1.6453
2.3837
2.2974
1.9783
2.2767
2.3032
2.3488
1.9467
2.4198
1.9496
2.299
2.0312
2.2552
2.2267
2.189
2.2345
1.4185
2.2632
1.4283
1.9773
1.6066
2.39
1.4769
2.3479
1.3225
1.5449
2.0052
1.7822
2.1466
2.1624
2.1003
2.382
2.1979
2.1902
2.4565
1.5495
2.4056
1.7839
2.2481
2.5256
2.3506
1.9901
2.2756
1.5651
1.9978
2.055
2.3698
2.1141
2.2973
2.23
1.8959
2.2156
2.4566
1.6512
1.4926
2.0952
2.2192
2.1793
2.2348
2.4061
1.4051
2.436
1.491
1.8371
1.4313
2.2987
2.323
2.345
2.3807
1.5157
2.3957
2.1753
2.315
2.1578
2.2586
2.1512
2.4284
2.3823
2.0878
2.1593
2.255
1.8568
2.4534
2.3193
1.9852
1.3461
2.4745
1.8649
2.0637
2.3516
2.1657
2.0338
1.9161
1.1246
2.3731
2.0128
1.6116
1.3981
1.9941
2.3114
1.3945
2.4822
2.4478
2.0039
2.1946
1.7032
1.2896
2.0959
2.1171
2.1713
2.4423
2.373
2.4211
2.2349
1.8838
2.2003
1.264
2.3911
1.4642
2.1756
2.1179
1.4006
1.3875
2.3018
2.2073
1.3943
2.4212
2.0717
2.1236
1.9944
1.9756
1.592
1.2989
2.3651
2.3476
1.286
2.4166
2.0749
2.0827
2.2326
2.0956
2.3428
1.9248
2.1909
2.0527
2.1319
1.9829
2.3643
2.2384
1.9367
1.8609
2.158
1.3249
2.1695
1.8684
2.2253
1.9754
2.2892
2.2147
2.3012
1.8416
1.7792
2.3884
2.3374
2.1698
2.3724
2.1841
1.8019
2.3438
2.2617
2.3119
1.9672
2.0962
2.2845
2.2953
1.4834
2.1642
1.852
1.7896
2.3596
2.3144
2.2234
2.2975
2.009
1.2604
1.9771
2.0305
2.4566
2.1562
2.0341
2.1824
1.718
2.3564
1.8399
1.4017
2.3777
1.9794
2.2643
2.3068
2.3161
2.0587
2.2732
1.2906
1.6724
1.5441
2.166
1.2743
1.4524
2.0098
2.1501
1.9091
2.3182
2.1618
1.713
2.4388
2.1086
2.221
2.1764
2.1862
2.3304
1.7336
2.1243
1.7421
2.2083
2.076
2.3336
2.1948
2.3187
2.515
1.8535
2.2848
2.4289
2.4109
2.5
2.3619
2.4547
1.2107
2.3155
2.2456
2.3056
2.1371
1.7776
1.4956
2.2462
2.209
2.0108
2.3982
2.4628
2.2981
1.3309
1.5261
2.0746
2.4294
2.3374
2.1826
2.0175
2.2434
2.3317
2.2247
2.311
2.2385
2.3329
1.8481
1.8481
2.3312
2.2047
2.1652
1.8021
1.4367
2.316
1.5932
2.4205
1.3772
2.4567
1.4255
1.9109
1.6761
1.1413
2.1827
1.3516
2.0673
1.7772
2.0844
2.291
1.4229
2.2293
2.1569
2.2694
1.965
2.3529
2.0761
2.4324
2.1582
1.8534
1.7993
1.3309
2.3562
2.1043
2.1667
2.1785
2.2444
1.6758
1.8214
2.2333
1.8869
2.2506
2.4529
1.2679
2.3356
2.2657
2.052
2.1586
2.3889
2.3447
1.674
2.053
1.8186
1.7224
1.9121
2.0452
1.9818
2.261
1.8542
2.2412
2.3807
1.7292
1.1938
2.0916
1.4844
1.9609
2.1929
1.715
2.342
2.4826
2.1025
2.0305
2.3408
2.029
1.8713
1.9115
2.3078
2.1586
2.1866
2.2492
2.4314
2.2061
1.6299
1.2359
1.7195
2.2841
2.3909
1.8397
2.3401
2.3335
1.198
2.0366
1.6867
2.2783
2.2674
1.9914
2.0336
2.2256
2.4284
2.4731
1.9774
2.0817
1.8327
2.2879
2.3581
2.4899
1.9294
1.4884
2.3386
2.2292
2.2756
2.0962
2.2157
2.1665
2.1085
2.0583
1.9784
1.9349
2.2949
2.3308
2.3017
2.0417
1.896
2.1097
2.082
2.2455
2.0447
2.3993
2.0714
2.2866
2.2761
2.3387
1.8285
1.8294
2.3552
2.1412
1.471
1.5172
2.1693
1.9697
2.2042
1.4905
1.1624
2.2296
2.0844
2.4094
1.7647
1.909
2.3278
2.313
1.7425
1.6014
2.139
2.1564
2.4187
2.3449
1.9239
2.2648
2.1359
1.4142
1.2933
1.7636
1.4083
2.1674
1.8359
2.4509
2.0098
2.0743
2.275
2.0885
2.2814
1.1776
1.9869
1.6202
2.2951
2.3195
1.4044
2.1871
2.4014
1.3052
2.2502
2.4204
2.3837
2.2246
1.7668
2.0025
2.2532
2.1747
1.5124
2.3541
1.8744
1.2423
2.2978
1.7295
2.3974
2.3491
1.7384
2.11
1.8028
1.1901
1.6473
1.3528
2.3181
2.3651
2.3236
2.4183
1.9489
2.4111
1.8329
2.0195
2.4484
1.5438
2.3349
1.7991
2.112
2.3566
2.3879
2.1665
1.805
2.4186
2.1741
2.4373
1.3565
2.2726
2.3437
1.5557
2.1816
1.9792
2.1425
2.3605
1.7687
2.3174
2.0846
2.0777
2.4666
2.0387
1.4886
2.3397
2.3439
1.9518
2.3423
2.1005
1.8557
2.3188
1.9653
1.4479
1.77
2.0989
2.2276
1.6244
1.8766
2.4504
1.5665
2.1896
2.3509
2.2839
2.2491
2.4539
1.5405
1.3489
1.8887
1.8001
2.3009
2.0528
2.1828
1.9239
2.3814
1.4163
2.4186
2.0874
2.2329
2.0152
2.3067
2.2766
1.8319
2.3275
1.3421
2.407
2.3631
2.2219
2.4093
2.4595
2.3818
1.8533
2.059
2.2268
2.3648
1.2955
1.3475
1.7379
2.3529
2.3769
1.164
2.2523
1.7381
2.1713
2.3545
2.0751
2.1036
1.961
2.3042
2.3032
2.4016
2.3411
1.3451
2.2276
1.2994
1.4029
2.1912
1.5885
2.3401
2.3514
2.2502
2.246
2.2018
2.3431
2.3941
1.3828
2.3513
2.2598
1.4307
2.0674
1.7777
1.6406
2.3958
2.2582
1.951
2.4242
2.2575
1.2987
2.0443
2.2818
2.1187
1.4407
2.3165
1.8708
2.3514
1.5364
2.0719
2.4121
1.4601
2.2792
1.8764
2.2718
2.1196
2.1002
2.1405
2.2529
1.9069
2.2778
2.4063
1.5187
2.1666
2.4662
1.6622
2.131
2.0837
2.3117
2.2498
2.0044
2.3474
2.3058
2.4743
1.2961
1.936
2.1771
1.5263
2.3637
2.3145
1.8031
2.247
2.4465
2.0556
1.5035
1.9929
2.3011
2.1866
2.1334
1.4064
1.6303
2.2839
2.177
2.2409
1.2867
2.186
1.9805
2.2209
2.3018
1.7755
2.3245
2.3507
2.3901
2.1611
2.3567
2.2046
1.9172
1.4328
1.4543
2.3369
2.3533
2.1101
2.2429
2.031
1.79
2.1501
1.5229
2.2475
1.3531
2.2126
2.2098
2.1335
2.0166
2.2583
2.2757
2.3853
2.3146
2.2547
2.4319
2.3725
2.1461
2.2649
2.1363
2.1515
2.3731
2.1391
2.2632
2.331
1.556
2.3435
2.3234
2.3663
2.1393
2.2647
2.4293
2.1604
2.2847
2.3105
2.386
2.3701
1.8139
2.421
2.2539
1.7311
1.6243
2.3637
1.421
2.1531
2.2987
2.1402
2.0668
2.4135
1.8691
1.6949
1.9139
1.593
2.0024
1.8211
1.9982
1.7213
2.0872
1.673
1.4431
2.2264
2.3768
2.3995
1.7837
2.3399
1.6198
1.8768
2.1703
2.2837
1.8406
1.9069
2.2125
1.3945
1.6038
1.6905
2.3758
2.0249
1.3208
1.2849
2.356
2.3261
1.375
2.1175
2.4586
1.664
1.2458
2.2468
1.2421
2.118
2.0259
2.2786
2.1823
1.6305
2.0474
2.1087
2.1541
2.3629
2.3407
2.3507
1.8131
2.0241
1.1553
2.2192
1.9863
1.8077
1.978
1.9832
2.0718
1.2937
1.5486
2.1843
2.3158
1.6177
1.5279
1.9884
1.8926
2.0231
2.0537
2.3222
2.4043
2.0919
1.2158
2.1116
2.3467
2.3812
1.1684
2.0377
2.1187
2.3587
2.2986
1.6549
1.9559
2.2269
2.4095
2.235
1.7456
2.033
2.4025
2.3585
2.1404
2.3961
2.0523
1.5898
1.9933
1.554
2.2511
2.3733
2.2957
1.7888
1.6455
2.332
1.4383
2.1235
2.3375
1.9172
1.3346
2.3961
1.643
1.8592
1.5593
2.2589
2.2085
1.2799
1.8178
2.4846
1.2093
2.0197
2.2087
1.9502
2.1434
2.1054
2.1084
2.3335
1.9647
1.5885
1.6693
2.4425
1.664
2.2906
1.8557
1.2832
1.6238
2.1462
2.3231
1.9017
1.1694
2.3951
1.5793
1.7047
2.3857
1.3906
2.3251
2.0127
2.3718
2.384
2.1949
1.3952
1.6173
1.2524
1.8242
2.3388
1.2155
2.2771
1.9268
2.3316
2.1221
2.2362
2.2357
2.3511
1.9959
2.1987
2.4244
1.7772
2.2748
2.3383
2.3281
2.264
2.3482
2.4031
2.1879
2.3359
2.0452
2.4537
2.1035
2.3957
2.2636
2.3898
2.2753
2.4022
1.8122
2.1217
2.3621
2.2704
1.9542
1.7059
2.2059
2.2548
2.3542
1.2729
2.3966
2.1195
2.2747
2.0583
1.2924
2.4085
2.3832
1.5188
2.1823
2.3414
2.4735
1.6893
2.2135
2.1316
1.2167
1.3547
2.3218
2.0382
1.232
2.1254
2.4167
2.2727
2.0886
1.7984
2.4419
2.5077
2.4349
2.0636
2.1165
1.8646
1.6984
1.3379
1.8594
1.205
2.0232
2.4171
2.4232
2.2842
1.9329
1.3715
2.439
1.9819
1.9847
2.1054
2.3413
2.3273
2.0625
1.5481
1.8964
2.2342
2.1482
1.4095
1.8006
1.8598
1.6419
2.0283
2.3879
1.6211
2.2195
1.1833
2.2908
1.309
2.0361
2.2454
2.2492
1.7358
2.198
1.6082
2.3782
1.902
1.7319
2.2061
2.278
2.3224
1.3925
2.0265
2.0796
2.084
2.3225
2.3419
1.5561
2.2353
1.7473
2.2337
2.1464
2.1063
2.2062
1.6167
2.3785
1.3528
1.7558
1.7581
2.2738
2.3624
1.755
2.3057
1.7506
2.2439
2.17
1.775
2.0244
1.6723
1.534
2.035
1.2759
2.3225
2.1563
2.3165
2.2347
2.0352
2.156
2.0862
2.2157
2.3081
2.352
2.4287
2.1828
2.0574
1.6131
1.8735
2.3794
2.1979
1.8181
2.2193
2.2435
1.8322
1.5438
2.395
2.3126
1.8255
2.0679
2.1238
2.1991
1.6272
1.4169
1.4875
1.9742
2.1506
2.3189
1.3776
2.1582
2.1705
2.149
2.0477
2.2696
2.1863
2.3576
2.3814
2.1875
1.3697
1.2209
1.3938
1.8038
2.3522
2.1242
2.337
2.0893
2.3757
1.8944
2.1793
1.985
2.1596
2.2983
2.0215
1.4491
2.116
2.2285
2.0314
2.0652
1.7182
2.2727
1.8324
2.2359
2.3279
2.1557
2.1092
2.5045
2.1829
1.4361
2.2216
2.3228
2.1434
2.3728
2.3771
2.2556
2.3498
2.1949
1.5302
1.2852
2.0759
1.1959
2.2404
1.6056
2.4047
2.2285
2.3779
2.3254
2.0502
2.0165
2.2587
1.5277
2.4513
2.2694
2.2191
2.4296
2.1605
1.5989
2.4236
2.0368
1.1662
1.4797
2.3697
2.1884
2.3942
2.2185
2.0994
2.3713
1.8507
1.9343
2.3972
1.2427
1.9169
1.9554
2.3349
2.1329
1.9344
2.3279
1.9847
1.5105
1.5899
1.5215
2.0791
1.6717
2.2061
1.4206
2.2496
2.2991
2.4071
2.3693
2.0815
1.4049
2.0317
2.2547
2.2241
1.5852
2.2539
1.9809
1.9397
2.248
1.8945
2.0193
2.2317
1.6078
1.9745
1.8485
1.539
2.2607
2.4025
2.0336
1.2455
2.282
2.4295
1.4737
1.3696
2.0187
2.2045
2.2433
2.2067
2.0941
2.1779
2.4113
2.4271
2.1228
2.1055
2.2466
2.21
2.0889
1.5548
2.2383
2.0868
2.0949
2.2236
2.3209
1.2036
1.3329
1.7816
2.2045
2.0445
2.3281
2.0991
2.1974
2.2364
1.7808
2.3512
2.2357
2.2063
2.3506
1.2167
2.105
1.7633
2.2004
2.158
2.3885
2.3287
2.305
1.4463
2.0922
2.1943
1.7122
2.4043
2.0145
2.0503
1.699
2.367
2.1883
1.8963
2.1511
1.557
2.3763
2.3401
2.3593
2.4749
1.3173
1.9043
2.4006
1.4397
2.3553
2.0353
1.8144
2.2662
1.4965
2.2516
1.8321
1.8701
2.3309
2.1872
2.1128
2.1553
1.4921
2.4012
1.8195
1.891
1.2144
1.9767
1.3091
1.5204
2.0918
2.2141
2.2164
1.9401
2.2032
1.8101
2.3067
2.2971
2.3682
2.2341
2.0761
2.4604
1.2452
1.8858
2.1787
2.449
2.197
2.1434
2.4266
1.89
2.4206
2.217
1.7202
2.3999
1.515
2.3635
2.2288
2.2252
2.2188
1.9301
2.3741
1.5388
2.2094
2.3735
1.688
1.9911
2.3954
1.7137
2.1707
2.3536
1.9396
1.5895
2.1564
2.183
1.9
2.2665
2.0025
1.6898
1.6558
2.341
2.2643
1.8395
2.2669
2.3243
2.2637
2.3422
2.4248
1.3275
1.6687
2.1306
2.0555
2.3371
1.6772
2.3785
2.4282
2.4442
1.9906
1.4991
1.3747
2.3318
2.3753
1.5986
1.7093
1.9806
2.4394
2.357
2.152
2.1819
1.9121
2.0108
1.0765
2.4192
1.3368
1.7692
2.167
2.2832
1.4138
2.3648
1.7057
2.2544
2.2065
2.0595
2.2617
2.3788
2.1688
1.2471
1.8849
2.3326
2.1096
1.4276
2.4114
1.6244
2.268
1.7147
2.2427
2.1141
2.4042
2.0772
1.4389
1.6519
1.7141
2.4475
2.1247
1.6599
1.6552
2.3033
2.352
1.9371
1.727
1.9985
2.2081
2.1013
2.2507
1.6727
1.3603
2.2827
2.1358
2.0873
2.155
1.6795
2.0556
2.272
1.2032
2.1732
2.2256
2.3002
1.9522
1.8837
1.2294
2.4641
2.2733
1.9802
2.2515
2.3796
1.5809
2.2969
2.1473
2.2307
2.1304
2.1341
1.3492
2.3869
1.8076
2.3359
2.3652
2.2782
1.4774
2.1921
2.208
2.344
2.4403
2.2828
1.7714
2.2303
2.4961
1.8469
2.3858
1.9761
1.3264
2.131
2.3081
2.0195
2.1916
2.1796
2.3604
1.4146
2.0396
2.3535
2.2001
1.5918
1.7294
2.1403
2.171
2.2217
1.4322
2.1294
2.4831
2.1113
1.299
2.1866
2.3802
2.0819
1.3167
2.118
2.4423
2.2736
1.7536
2.3781
2.102
2.1508
2.3522
2.1438
2.0652
2.1315
2.0902
2.4048
2.2264
2.3852
2.3716
2.3891
2.0047
2.034
2.4882
1.2605
2.2691
2.079
1.5207
2.1121
1.6336
2.1408
2.4014
2.4774
1.9024
1.9786
2.1766
2.37
2.5274
2.3278
2.1116
1.2872
1.7996
2.0726
2.1441
2.2463
2.2931
2.3416
2.2024
1.5826
1.9966
2.3286
2.1001
1.6468
2.3867
2.1923
2.4356
1.9942
2.3822
2.347
2.0722
1.7791
2.2888
2.2204
2.2082
2.1671
2.429
2.1639
1.3537
2.3339
1.5919
1.4047
2.1007
2.0245
1.5299
2.391
2.0093
2.4249
1.5626
1.6608
1.9859
1.1643
2.2688
2.2813
1.5903
2.2884
1.8166
2.208
2.2696
2.1119
2.1355
2.0304
1.917
2.2047
2.0938
2.0556
2.0362
2.3009
2.3827
1.6323
2.3914
2.123
2.4503
1.4137
1.962
1.8394
2.0981
2.1538
1.7442
1.3203
1.6859
2.308
1.306
1.2519
2.2627
2.2997
2.2708
2.3993
2.0282
1.9567
2.1622
2.3194
2.3374
2.0085
2.0825
2.031
2.4047
2.2906
2.3557
1.7653
2.0721
2.3536
1.5555
2.3774
1.8178
1.5546
1.707
2.3887
2.3619
1.9243
1.6871
2.1186
2.4188
1.8302
1.7814
2.4351
2.3142
1.3747
2.355
2.1805
1.7001
2.3085
2.4476
2.1481
1.8649
2.4239
2.2612
2.0005
1.9331
2.2178
2.2126
1.7688
2.1822
1.234
2.2822
2.2324
2.0759
1.8291
2.3063
1.5927
2.0259
1.4814
1.9523
1.8656
2.1204
2.0547
2.1725
1.3619
2.0695
2.2602
1.5512
2.2477
1.2294
1.5817
2.1404
2.396
2.0344
2.1181
2.2265
2.3356
1.4129
2.3152
2.351
1.2557
2.249
1.8302
2.3581
2.3448
1.6691
2.2024
2.0279
2.181
2.1917
1.6032
1.8424
2.3539
1.7603
2.4405
2.3746
2.377
2.3341
2.2691
2.302
2.317
2.2548
2.2454
1.9885
2.2798
1.1676
2.2634
2.0534
2.2056
1.9714
1.9811
1.8924
1.9539
1.9296
2.1827
1.7385
2.1553
2.0139
2.1802
2.1584
2.3142
1.4019
2.186
1.2731
2.3298
2.3996
2.2017
2.1685
2.0742
2.3211
2.3346
2.16
2.2234
2.3404
1.7852
1.8721
2.4642
2.0315
2.1423
1.9357
2.4057
1.4125
1.8857
1.4814
2.3375
2.4413
2.2165
2.1566
1.6427
1.371
2.2128
2.3699
2.2164
2.0503
1.6922
2.3268
1.9974
2.215
2.1699
1.7542
2.3886
2.3132
2.2916
2.4455
2.1378
2.0612
2.2308
2.3228
2.4228
2.3973
2.1862
1.5102
1.6769
2.3625
2.1342
1.1825
2.4848
2.1122
2.1128
2.3531
2.2462
2.3923
2.1705
1.3525
2.0733
2.2771
2.4332
2.4211
1.8479
2.2336
1.7445
2.3507
2.2819
1.6237
2.1595
2.3226
2.1064
2.361
1.8367
1.6176
1.7161
1.2364
2.3418
1.973
2.2078
2.3757
1.4279
1.3417
2.1663
2.316
1.6357
2.3903
2.1703
2.2408
2.4832
2.2834
2.3894
2.1494
2.1768
1.9971
2.4712
1.5238
1.9616
1.7605
2.1748
2.2287
2.3727
2.4213
2.1809
1.65
2.1254
2.3808
1.6594
1.8712
1.7051
2.2417
2.2486
1.5689
1.392
2.3653
1.9257
1.3663
2.3713
2.3323
2.1174
2.3999
2.2066
2.1914
2.2179
1.9805
2.4081
2.4349
1.658
2.2887
2.2952
2.458
2.345
2.1667
1.2179
2.3401
2.2019
2.3891
1.3729
2.1086
1.3221
2.2257
2.3489
2.3005
2.1299
2.3128
2.0552
1.4121
1.8955
2.3829
1.4755
2.4174
2.3607
2.2394
2.4456
1.4465
2.1402
2.1538
1.7329
1.3023
1.9676
1.955
2.2523
2.2833
2.3026
1.4458
1.7011
2.1776
2.1007
1.6534
2.1344
2.2394
2.0224
1.6853
2.0129
1.6203
1.3264
2.3843
2.3494
2.2525
2.3215
2.0772
2.0498
1.9492
2.1154
2.0624
1.8503
2.4382
2.2422
1.9629
2.2443
2.2461
2.2511
2.3923
2.3653
2.4579
1.6367
1.2985
2.1731
2.3838
2.0493
2.3258
2.2558
2.1649
1.3406
2.3877
1.3095
2.23
1.3437
1.8776
2.2624
1.8903
2.3434
1.8793
2.3538
2.0866
2.3379
1.1767
2.3755
1.7866
2.1948
2.3192
2.4393
1.5566
2.029
2.1126
2.4849
2.2675
2.1768
2.5286
1.7344
1.3354
2.1374
1.7412
2.2344
2.2489
2.3766
1.8754
1.455
2.0608
1.7124
2.0997
2.4169
1.452
1.9883
1.9074
2.1564
1.8689
1.3771
1.6866
2.4718
2.3407
2.3752
1.6922
1.4439
2.3646
2.107
1.803
1.941
2.2846
2.1077
1.3211
1.9866
2.3791
2.3753
2.3333
2.3212
2.0295
2.0341
2.1526
2.1988
2.201
2.4956
1.6398
2.2095
1.2029
2.0947
1.5135
2.204
2.3021
2.4315
2.1645
2.2492
2.2173
2.1194
2.2978
2.2375
2.3654
2.267
1.3989
1.8225
1.3746
2.1423
2.4243
1.999
1.7534
1.8629
2.2206
1.9999
2.3825
1.2589
1.972
2.2664
2.0236
2.0054
2.3368
2.4037
2.0467
2.4022
2.0101
1.687
2.0385
2.4599
2.147
1.9976
1.5861
1.6986
2.2203
2.1993
1.3164
1.9455
2.3307
2.4008
2.4652
2.1588
2.0273
1.3648
2.3414
1.9994
1.4013
2.283
2.1454
2.3296
2.5071
1.8926
2.218
2.3069
2.1388
1.6974
2.2338
2.2454
1.2523
2.2441
2.4007
2.4364
2.2108
1.8854
1.5527
1.4071
2.3033
2.2768
2.3596
2.2243
1.4784
2.2035
1.4032
2.1017
2.4087
2.1419
2.0535
2.1129
1.6415
2.1788
2.247
2.4159
1.5224
2.4004
2.3409
1.5743
1.9607
1.966
2.1003
2.2713
2.3961
1.5892
1.6816
2.1479
2.3621
1.972
2.0972
1.5094
2.2541
2.316
2.2735
1.717
1.4606
1.9731
2.1811
2.2736
2.4124
1.9283
1.9536
1.5669
2.1513
2.2034
2.1279
2.4523
1.416
2.1801
2.1499
1.6629
1.2434
2.2393
2.0799
1.9901
2.2587
2.1727
1.5037
2.3493
1.4091
1.9566
2.1675
2.2964
1.53
2.0658
2.3027
2.1384
2.4317
1.5931
2.2148
2.1417
1.5251
2.2328
2.3099
1.4446
1.951
2.2265
2.2639
1.9992
1.9605
1.6678
1.906
2.3888
1.942
1.5791
1.3709
2.3371
1.3969
1.669
1.7515
2.4402
2.2114
2.2395
1.7475
2.2106
1.813
2.3005
2.3985
1.3813
2.4044
2.0225
2.1624
1.3929
1.9516
2.2015
2.3051
1.9308
2.2558
2.139
2.2815
1.9184
2.1293
1.1968
2.1935
1.2859
1.663
2.0535
1.9289
1.518
1.9653
2.0457
2.3169
1.5271
2.4248
2.0653
2.4109
2.427
1.6069
2.121
2.3321
2.2516
1.878
2.2667
2.2166
2.3552
1.9022
2.1164
2.3802
1.8064
1.561
2.3479
2.1755
1.2645
2.0702
1.8131
2.3991
2.2821
2.4175
2.3941
1.4934
1.3719
2.0485
2.2115
2.278
2.2745
1.6892
1.5289
1.7802
1.7871
2.1646
2.5008
2.375
1.698
2.1056
1.7531
2.3976
1.9296
1.6785
2.4134
2.0661
1.6936
1.5766
2.2821
2.3334
2.3307
1.6913
2.3147
1.5436
1.3146
2.176
1.9751
2.2869
2.1153
1.3842
1.8887
2.4864
2.2784
2.4718
1.4433
2.1218
1.9512
2.3864
2.2008
1.8884
1.5788
2.5095
2.1251
1.7842
2.423
2.3411
2.2846
2.2122
2.1459
2.1187
1.8974
2.1074
2.3088
2.0023
2.3851
2.0944
2.2426
1.6791
1.2533
1.9736
1.8775
2.3411
2.2117
2.4604
1.4171
2.1687
2.332
2.1742
2.279
2.4259
2.1394
2.3134
2.3797
1.4695
2.4524
2.4205
2.3949
2.0956
2.4069
2.1718
1.6772
2.3047
1.8548
1.5569
2.3041
2.2528
2.3913
2.1778
2.4259
2.4507
2.1631
1.9878
2.3856
2.3569
2.0288
1.3028
2.2543
2.1529
2.3562
1.9312
2.358
2.3269
2.137
1.3819
1.5876
2.2396
2.3625
2.406
2.2756
2.0878
2.0884
2.2084
2.3187
2.1545
2.3965
2.0552
2.4506
2.0993
2.1784
2.4173
2.3018
1.7412
1.7738
2.3559
2.3787
2.2666
2.2947
2.033
1.2988
1.2795
2.4611
2.292
1.9567
2.3699
2.4171
2.4277
1.6941
1.6705
1.7512
1.8864
1.5191
1.3511
2.388
2.3106
1.7662
2.1018
1.7602
2.4574
1.7795
2.1898
2.1409
1.9581
2.2304
1.5661
1.8893
1.7144
1.3102
1.3627
2.146
2.3285
2.1432
2.0867
1.3925
2.339
1.6628
2.3937
2.3772
2.3208
2.3276
1.612
2.438
2.4405
1.406
1.7155
2.4837
2.3856
2.1421
2.086
2.1851
2.322
1.7458
2.0958
1.5627
1.4463
2.2888
2.1286
1.4215
2.322
1.3926
2.0355
2.2918
1.8484
2.0008
1.4673
2.3312
2.0769
2.3161
2.3499
1.9265
1.3802
2.4578
2.2796
2.1222
2.1958
2.3317
1.6323
1.6553
2.2369
1.9716
1.4482
2.0189
2.3644
1.7601
1.9391
2.0946
2.3849
2.2227
2.3398
1.7858
2.3678
1.8545
1.9272
2.2947
2.3225
1.3851
2.0562
2.2788
2.332
2.1968
1.9921
2.3208
2.2513
2.1722
1.7613
1.9895
2.3248
1.6426
2.1496
2.4278
1.4033
2.0922
1.3345
2.2744
2.374
2.4208
2.2118
2.1952
1.5485
2.2208
2.2023
1.5935
2.1818
1.9298
2.3101
1.5857
1.3968
2.4185
1.604
2.3877
2.1774
2.049
2.3424
2.3464
2.1481
2.2188
2.363
2.1309
1.7448
2.4412
2.2492
1.919
1.4504
2.2288
2.1999
1.8532
1.5586
1.7101
2.385
2.1921
2.2078
1.8958
2.421
1.3402
2.4015
1.7265
2.3164
2.3432
2.0081
2.074
2.0672
1.3016
1.9409
1.2412
2.3253
2.3483
2.451
1.8585
2.2915
2.0541
2.2839
2.148
2.06
1.9731
2.3673
1.9147
2.3128
2.0097
2.1864
2.2671
2.063
1.7468
1.3128
1.2442
1.8248
1.7704
1.919
2.2041
2.4333
1.7099
2.2972
1.4238
2.4104
2.1925
1.4595
1.8958
2.0975
2.4412
2.1186
2.1205
1.8753
2.3371
2.3321
2.3732
2.2456
1.3011
2.1915
1.5691
1.8464
1.924
1.8632
1.4271
2.301
1.4672
2.0249
2.4537
2.3621
1.7196
2.2296
2.1492
2.1348
2.0005
2.3045
2.135
1.6222
1.8296
1.4967
1.8365
2.3963
2.0699
2.1231
2.1252
1.5262
2.4609
2.2167
2.3925
2.3726
2.1072
2.4755
2.3503
2.3881
2.3793
2.1913
2.13
2.3381
2.3443
2.2254
2.3339
2.3429
1.9625
2.0716
1.439
2.2759
2.2329
2.0144
1.2126
2.3613
2.0857
1.6113
1.4571
1.9252
1.9057
2.3813
2.3767
2.0826
2.2088
2.4077
2.4042
1.9537
2.1793
2.1283
1.9141
1.6822
2.4306
2.3624
1.7511
1.9019
2.238
2.2686
1.7765
2.3054
2.4191
1.5539
2.1984
1.89
2.2623
2.3981
2.168
1.8086
2.4224
2.2542
2.0244
1.8532
1.2951
1.7606
2.0045
2.3238
2.1267
1.8398
2.3916
2.2891
2.1849
2.0501
2.1123
1.3089
1.9097
1.3919
1.4933
1.6091
2.3555
2.4686
2.4491
2.2199
2.4502
2.4278
1.4437
2.2098
1.8904
2.3824
2.3741
2.4692
1.5909
2.2583
2.3036
2.2965
2.1264
1.6903
1.1287
1.8801
1.8427
2.2239
2.3548
2.0777
1.7433
2.077
1.9733
2.1862
2.0072
2.0475
1.7482
1.3872
1.469
1.4647
2.4055
1.8764
2.3907
2.0654
2.3729
1.9013
1.9686
2.0867
2.2766
1.9431
2.2186
2.3986
2.3043
2.3328
1.9412
2.2635
2.2142
2.3451
2.0096
1.2802
2.0449
1.7478
2.4082
2.3843
2.4782
1.2229
1.9795
1.4753
2.3613
2.2628
1.6237
2.395
2.2354
2.2324
2.0329
2.267
1.5105
2.3729
2.3568
2.3057
2.2798
2.4064
1.8704
1.9876
2.0017
2.0892
2.1827
2.2748
1.3623
1.8415
1.7038
2.1331
1.9392
1.4267
1.8386
2.3999
2.3676
2.0335
1.5029
2.163
2.4652
1.8731
2.0082
2.2112
1.6989
2.2671
2.3638
1.4551
2.3068
2.2786
2.2623
2.2688
2.0691
1.8756
1.6657
1.982
1.6024
2.1258
2.1655
2.0386
2.3714
2.2992
2.0954
2.2456
1.4462
1.8818
2.3002
2.0351
1.7214
2.0152
2.271
2.4245
2.1291
2.1925
2.4616
1.7858
1.5926
1.9694
2.2434
1.5441
2.2325
2.234
1.3207
2.3995
2.1701
1.5687
2.4372
2.2532
2.2713
1.8434
2.009
1.257
2.0312
2.3046
2.222
1.3063
2.4196
2.1279
2.1865
1.5229
2.2408
2.1398
2.3162
2.412
2.242
2.3658
2.3729
2.1827
1.8381
2.3335
1.9314
1.7162
1.6159
2.2072
2.4054
2.096
2.2545
1.772
2.3898
1.346
2.3041
1.6528
2.1545
1.5606
2.1016
2.4129
2.3265
2.2274
2.4071
2.33
2.1766
2.323
2.1682
1.9804
1.9554
2.4025
2.3815
2.2694
2.2777
2.4598
1.7057
2.3048
2.0214
1.6387
2.0806
2.1275
2.1113
1.5611
2.2689
2.172
2.1779
2.2502
2.3898
2.0366
2.1331
2.3598
2.4278
2.2893
2.3215
2.1875
1.8619
2.3484
1.7027
1.8025
2.324
2.0151
2.2957
2.2384
1.2995
2.1883
1.9785
2.297
1.8258
2.1693
2.3823
2.4095
2.2858
2.2811
1.8879
2.4234
1.6496
2.0243
2.3166
1.9071
2.2914
2.3958
1.6706
2.1091
1.3635
2.3671
2.265
2.2396
1.4477
2.2613
2.4351
2.2575
2.1304
2.22
1.2448
2.3212
2.4526
1.918
2.4987
1.6597
1.5633
2.4197
2.4181
2.3744
1.7339
1.9776
1.4757
1.7619
2.4712
2.0758
2.3204
1.4302
2.3334
1.3775
2.1639
2.3039
2.1674
2.1217
1.8624
2.3617
1.3896
1.6474
2.0376
1.8527
1.843
1.6915
2.2276
2.2474
2.0312
2.1542
1.4953
2.1542
2.1487
1.85
2.396
2.0107
2.326
1.7396
2.1825
2.3376
2.0321
2.3039
2.2755
2.2364
1.9926
2.1892
1.9149
2.0751
2.48
2.4201
1.3107
2.442
1.5575
2.1727
2.1272
2.0569
2.301
2.3612
2.3977
1.8085
1.9174
2.3113
2.0306
2.4289
1.9982
2.3118
1.9017
1.9673
1.8048
2.0877
2.2766
2.0979
1.3616
2.3727
1.5868
2.4462
2.1946
2.4407
2.2541
2.0697
2.2805
1.341
2.1331
2.3836
1.7085
1.8592
2.2488
2.1747
1.5148
1.2737
2.3917
2.4577
2.4186
2.341
1.2913
2.0481
2.09
2.0732
2.3924
1.4344
1.9712
2.2897
1.7523
2.3992
1.3642
2.1324
2.4785
2.1313
1.3901
2.1368
1.8171
2.367
1.7923
1.7785
2.2024
2.338
2.3267
1.7699
1.9273
2.2102
2.1176
1.5358
2.1297
2.3938
2.3405
2.2018
1.7622
1.5594
2.3732
1.9026
1.4817
2.3984
1.9033
2.4375
1.8251
2.1871
2.1399
1.4154
2.1589
2.3593
2.332
2.2199
2.1117
2.1828
2.1987
2.1147
1.4963
1.8178
2.0105
2.4051
1.9459
1.4531
1.381
2.2093
2.0965
2.2314
1.4324
1.9763
2.1925
2.0909
1.821
2.1918
1.5171
1.5078
2.1691
1.5136
2.134
2.1943
2.2772
1.8546
1.5192
2.1623
2.2423
2.3526
2.1468
1.8351
2.0622
2.4231
1.7519
1.4838
1.7694
1.8801
1.7511
2.2721
1.469
2.1103
2.3295
2.26
1.896
1.3226
2.2393
2.1982
2.3739
2.2945
2.2142
2.3724
2.3433
2.2022
2.4075
2.1867
1.5891
2.2457
1.6574
1.5935
2.3705
2.2939
1.5002
2.3363
1.3341
2.0772
1.9427
2.1895
2.2221
2.2968
1.9518
2.2366
2.3284
2.0901
1.9835
2.1893
2.0252
2.3989
2.4107
1.3049
2.1834
2.0776
1.9525
2.235
1.6406
2.3726
1.3503
2.0896
2.1592
2.3013
2.3571
2.3454
2.0099
2.4338
2.3609
2.2619
2.3771
1.2922
2.3882
2.0175
1.9613
1.7294
2.2435
2.1288
2.2365
2.393
2.2993
2.224
1.987
1.3669
2.1861
1.5425
2.2613
2.2617
2.4004
2.1951
2.3513
1.5231
2.1672
2.4075
2.0293
2.0965
2.286
1.7981
2.3232
1.9661
1.5519
1.7236
1.2877
2.334
2.2423
1.7155
1.7235
2.2758
2.381
2.2607
2.1844
1.6534
1.2163
2.3709
1.3298
2.1984
2.109
2.3265
1.7422
2.4812
2.3183
2.0669
2.1003
2.4037
2.2477
1.7604
1.7495
2.2408
2.1856
2.3411
2.1104
2.1312
2.4477
2.205
1.8584
2.2794
2.0939
2.3264
2.2501
2.3353
2.3819
2.2396
2.2407
1.9495
2.387
1.6527
1.616
2.1703
2.4186
2.1857
2.0649
2.2754
2.147
2.4695
2.0307
2.2487
2.3558
2.2944
2.0441
1.9009
2.1875
1.8768
1.5674
2.2599
2.0248
2.422
2.2625
2.1482
2.1452
1.6021
1.3728
1.8406
2.3309
2.0955
1.794
2.203
2.2107
1.7727
2.2049
1.887
2.3511
2.3824
2.2963
1.0978
1.6241
1.6972
2.3696
1.378
1.5043
2.3534
2.3402
1.7364
1.8751
2.2886
1.5137
2.1875
2.0502
1.9276
2.4194
2.0904
2.1441
2.159
2.1768
2.0972
2.3363
1.929
2.2986
2.1785
2.3752
1.7326
2.1684
1.5166
2.4056
2.3258
2.3211
2.3345
1.6854
1.8831
2.3585
2.2761
2.2951
2.3153
2.1462
1.5606
1.499
2.2511
2.2395
2.2451
1.3032
2.1798
2.0341
1.34
1.9435
2.2794
2.1802
2.2181
1.5662
2.0834
1.5021
2.151
2.441
1.5591
2.1391
2.0907
2.3589
1.8178
2.2354
1.217
2.2983
2.2338
2.2551
2.1805
1.8669
2.0853
1.8072
1.9234
2.4733
2.359
2.4508
2.2917
2.4281
2.1998
2.3182
1.7155
2.0929
2.3373
2.2483
2.0801
1.7931
2.0485
1.5837
2.0634
1.9952
2.0167
2.0453
2.2006
1.8535
1.2941
2.1136
2.2644
2.3711
1.8528
2.2851
1.9682
2.3376
2.0652
1.84
2.3712
2.2003
2.1289
2.1958
1.3863
1.5531
2.3904
1.7952
2.1058
2.3579
1.302
1.9138
1.9504
1.3478
1.9749
1.5662
2.3416
2.3559
2.3229
2.1491
2.3587
1.4066
1.7151
1.9746
2.2768
2.3716
2.3952
2.4666
2.3678
1.3672
1.7153
1.384
2.1996
1.8972
2.3551
1.4517
1.8625
2.298
2.2311
1.5347
2.2783
2.4149
1.8074
2.2752
1.548
2.3379
1.7156
2.2562
1.6799
1.3085
2.2286
2.305
2.2932
1.8895
2.3045
2.1319
2.4181
1.9032
2.312
2.3173
1.5856
2.3817
2.1821
2.3725
2.3785
2.04
2.2518
1.704
1.9538
1.7133
2.3746
1.7022
2.1619
2.3598
2.2199
2.0831
1.7577
2.1642
2.4029
2.2908
2.3596
1.389
1.3739
2.4007
1.5281
2.3958
2.3536
1.7817
2.4797
1.27
1.9468
1.5203
1.244
2.3168
1.9914
2.1839
1.1719
2.3889
2.3353
2.3756
1.773
2.2784
2.3521
2.0502
1.8697
2.2138
2.1816
2.2213
2.4339
1.8995
1.4268
2.1237
2.4444
2.3946
2.4922
2.3303
1.4636
2.4085
2.2666
1.7415
2.2591
2.0469
1.3751
2.1275
2.3659
2.1355
2.2996
2.3626
2.0905
2.4326
2.2627
1.8288
2.4036
1.6227
2.2296
2.4122
1.7923
1.3459
1.953
2.3343
1.9993
1.8499
2.2316
1.5954
2.1354
1.3564
2.0535
2.401
2.1411
2.4362
1.3277
2.4394
1.9858
2.1237
2.318
2.418
2.3934
2.414
2.0946
2.3461
2.418
1.2093
1.9914
1.6606
2.1369
2.2822
2.3952
2.4435
2.2104
2.2301
2.1081
2.1087
2.4251
2.3265
1.3931
1.2475
2.51
1.434
2.4208
2.2449
1.3548
2.0651
2.4848
1.3141
1.7694
2.0664
2.0281
1.5331
1.8226
2.4464
1.2871
1.9885
2.2587
2.1031
1.4133
2.0766
2.3905
2.2021
2.4132
2.3766
2.1408
1.8169
2.4283
2.478
1.4916
2.38
2.067
1.7721
2.4341
2.2816
2.2618
2.2984
2.4414
2.3627
2.1802
1.7295
1.5029
2.3245
2.1419
2.2862
1.6938
2.1331
2.308
2.266
2.1763
1.5893
1.9695
2.056
2.2814
2.0092
1.6153
1.9643
2.3955
1.3689
2.2782
1.9163
2.099
2.3954
2.085
2.35
1.9312
1.9704
2.1978
2.2392
1.4723
1.2978
2.3683
2.156
2.4046
2.3874
2.3821
1.2784
2.0589
2.3851
2.3378
2.4557
1.5821
2.2247
2.2691
1.6476
1.5243
2.1553
1.3187
2.0713
2.3285
1.9849
2.4533
1.8987
2.144
1.4785
2.2666
2.3763
2.3364
1.605
1.2885
2.2507
2.4318
1.4597
2.3168
2.2074
2.2276
2.0287
2.3691
1.4538
2.2476
1.9782
2.3484
2.24
2.0941
2.3184
1.8323
2.1145
1.602
2.3479
1.8344
1.713
2.1089
2.0522
1.3934
1.4895
1.8487
1.9305
2.2998
1.9477
2.0767
2.3515
2.0469
2.0633
2.4375
2.1655
2.0052
2.3188
2.1507
1.7838
2.2842
1.6638
2.3821
1.879
2.0792
2.1235
2.3551
2.24
1.9661
1.2311
1.6997
2.3961
1.6153
1.7711
1.6952
2.3842
2.3808
1.6699
1.9336
2.4164
1.355
2.3927
2.2513
2.4809
1.358
1.7958
1.7466
2.215
1.9438
1.9633
2.4719
2.3743
2.2474
1.9054
2.2711
2.4466
1.7707
2.2034
2.1716
1.9032
2.3232
2.41
1.4644
1.6204
2.4145
1.2949
1.3197
2.2793
2.1647
2.35
1.4943
2.3601
1.3711
2.4383
2.0821
2.2853
1.9285
1.7462
2.343
2.4494
2.2355
1.5201
2.3847
2.1369
2.3233
1.3049
2.2712
2.4474
2.14
1.8929
1.6106
2.0866
2.3314
2.333
1.368
1.9066
2.015
1.2414
2.2376
1.8806
2.3464
1.6756
1.9438
1.8661
1.9228
1.8331
1.3253
1.7478
2.2649
1.9136
2.2203
2.0273
1.705
2.2297
2.157
2.4093
1.4062
2.2932
1.9877
1.9421
2.2981
2.3323
2.4235
2.0949
2.3863
2.4075
2.369
2.1666
2.2052
2.1545
2.4066
1.6002
2.2229
1.2882
2.3835
2.4438
1.6276
2.3679
1.406
1.2174
2.1637
2.4513
2.2823
2.0807
1.8534
1.6564
2.1961
2.1062
2.0036
2.3416
1.4917
2.3564
2.1691
2.0221
2.3936
1.7888
2.2933
2.2161
2.2699
2.4482
1.1422
1.3303
2.421
2.4384
1.2814
2.3695
2.3186
1.5683
2.4203
2.4553
1.9997
1.9967
2.2131
2.1897
2.4034
1.7379
2.3683
2.3571
2.1782
1.4536
2.2264
1.4971
2.1142
2.3132
1.888
2.4235
1.7008
2.3887
2.0613
1.3825
2.1395
2.1773
2.3083
1.7358
1.3297
2.3058
2.2502
2.226
2.4582
2.2263
2.2605
1.3109
2.2763
2.1942
1.3729
2.4961
2.4716
2.3591
2.3738
2.1045
2.4023
2.2679
2.3577
2.1919
1.8003
1.4839
2.0595
2.3012
1.4608
1.9695
1.366
2.3236
1.3377
2.3078
1.8174
1.876
1.5517
2.12
2.3702
2.3575
1.6721
2.3806
2.3654
2.2584
1.7296
1.9453
2.1801
2.164
2.3533
1.7909
2.1255
2.2848
1.7959
1.3619
2.1872
1.9532
2.1458
1.7313
2.074
2.1572
2.0628
1.686
2.1168
2.1748
2.1116
2.3475
2.1286
1.978
1.3992
2.1224
1.5657
2.0735
2.0812
2.4789
2.438
1.8891
2.3318
1.8682
1.419
2.0034
2.3407
1.7006
1.903
2.1893
2.2569
2.2924
1.8966
1.3607
2.129
2.3452
1.3679
2.347
2.1164
2.3167
2.3478
1.6564
2.3007
2.3818
1.7282
1.4748
1.7393
1.5054
1.271
1.9092
2.4621
2.3876
2.3048
1.6717
1.6001
2.1521
2.1079
2.2654
1.4404
1.9805
1.7946
2.2228
2.1701
2.3606
1.6468
2.3777
2.1918
1.9214
2.2921
1.7145
1.2919
2.3645
2.363
2.1698
2.1726
1.393
1.9889
2.3832
2.4138
2.3193
2.2382
2.473
2.2324
2.2725
1.9267
2.2269
2.4285
2.5075
1.3235
2.1408
2.2599
2.3954
2.2503
2.242
1.7255
2.4323
1.4496
1.9055
1.7764
2.3635
2.1495
2.1756
2.1566
2.2953
1.4364
2.3778
2.3112
2.2034
2.3112
2.4485
2.0886
2.2094
2.1799
2.393
2.2443
2.1806
1.596
1.8151
2.0009
2.2865
2.0474
2.4129
2.3482
2.3233
2.1953
2.2969
2.3055
1.9929
1.7909
2.2389
2.292
2.0201
2.1014
2.4201
1.5415
2.4755
1.323
2.4463
2.2383
2.3841
2.4155
1.8343
1.4258
1.9168
2.3714
1.4209
2.3536
1.8482
1.6563
1.9129
2.2342
1.1836
2.1353
1.7605
1.5908
1.5375
2.4051
1.3003
2.2373
2.0306
1.4764
2.3953
2.2848
1.6336
1.444
2.2597
1.63
2.3426
2.403
2.4129
2.0776
2.065
2.1854
2.3924
2.2096
2.1627
2.2551
2.4152
1.7591
2.206
2.4187
2.3414
2.1999
2.3652
1.8217
1.1972
1.4845
2.0518
2.04
1.222
2.0528
2.3871
2.3629
2.3152
2.0538
2.1557
1.9847
1.8272
2.2181
1.568
2.2316
1.4733
1.2202
2.2746
2.371
1.4928
2.0304
1.5826
1.4879
2.0199
2.386
1.4088
2.0148
1.443
2.4282
2.3647
1.9271
2.1682
2.1994
1.8883
1.6336
2.404
2.1235
1.3265
1.9938
1.6911
1.6277
2.0592
2.1927
2.3834
2.2981
2.2893
2.3176
1.9442
1.8355
2.2204
2.1353
2.3868
2.0422
1.9548
1.8922
2.3297
1.5387
2.046
1.9672
2.2854
2.0116
1.8189
1.6944
1.6691
2.3995
1.8191
2.3354
2.4159
2.1941
1.7019
1.7457
2.1867
2.3181
1.8314
1.6164
2.2269
2.3868
1.9356
1.5711
1.3879
1.2042
2.2865
2.1336
2.4308
1.3495
2.3391
1.3505
1.7678
2.0438
1.2503
2.4298
1.3869
2.3348
2.4372
1.7517
2.3318
2.1176
2.2523
2.4179
1.9778
1.269
2.3009
2.0403
2.0328
1.9536
2.3966
2.3468
2.4732
2.18
1.7818
2.3448
2.3496
2.1914
1.4614
1.3272
1.6076
2.3883
2.0683
1.9303
2.1076
2.1418
2.36
2.0436
2.2162
2.1675
2.1834
1.9183
1.9958
2.2842
2.1543
1.9139
2.0019
1.7055
2.2943
2.4056
2.2482
1.8603
2.1703
1.5265
2.1646
2.3946
2.3224
1.9206
2.2546
2.1855
1.2523
2.326
2.4112
2.297
2.1929
2.3866
2.3192
1.757
2.1732
2.1915
2.4485
2.3482
2.0157
2.0313
1.5974
2.3182
2.2369
2.3966
1.6164
1.9518
2.4505
2.2116
1.3145
1.9023
1.9556
1.7544
2.2994
2.1513
1.8243
1.2851
2.2885
2.4331
1.8935
1.534
2.3914
1.7483
2.0781
2.3768
1.6927
2.354
1.8465
1.5041
2.1012
1.7624
1.1901
2.2133
1.9847
2.3621
2.2798
2.1988
2.1515
2.0122
1.6354
2.4692
2.1597
2.2857
2.1794
2.1977
2.3809
1.4075
2.394
2.4105
2.4711
2.3982
2.4333
2.4673
2.0827
1.2217
2.364
2.372
2.1657
2.2335
2.3323
2.203
2.0108
1.8892
2.0328
1.6386
2.3521
2.17
2.0579
1.8291
1.9245
2.2537
2.4874
1.5372
2.2555
2.3974
2.3243
2.3544
2.3867
2.2205
2.4221
2.0582
2.3258
2.1462
1.5841
2.1721
1.7074
2.2863
1.6883
2.4719
2.0076
2.31
1.4272
1.8763
1.3879
2.3316
2.3564
1.494
1.6533
2.4469
2.3127
1.7785
1.2772
2.0177
1.9088
1.2299
2.2518
1.6466
1.2794
2.1465
2.3116
2.1698
2.4209
1.447
2.399
2.396
2.1087
1.3856
2.123
1.9421
2.164
2.4266
1.4043
2.418
2.4897
1.7152
2.0497
2.0482
2.3719
2.2756
2.3737
1.6493
1.9632
2.4165
2.2242
2.3595
2.3932
1.3779
2.356
2.4057
2.1523
2.1052
2.0494
1.7316
2.4692
1.8528
2.2859
2.2704
1.7387
1.6983
2.0691
1.8977
2.3044
1.8722
1.5714
1.2474
2.1049
2.1201
2.4434
2.4583
2.3703
2.1884
2.3686
2.1664
1.9879
1.9573
2.0994
2.385
1.7034
2.3442
2.001
1.8587
2.0635
1.914
2.4109
2.0495
2.155
1.9986
2.2184
1.5828
2.3507
2.3584
1.5637
1.9171
2.2249
1.8165
2.2097
2.1252
2.3451
1.9963
2.1396
1.8597
2.3878
2.1677
1.9986
2.2174
2.1893
2.331
2.0811
1.8852
2.2236
1.9915
1.6947
2.0459
2.2669
2.2137
2.0749
2.1695
2.508
2.3843
1.8613
2.2328
2.2666
2.1518
1.7327
2.3251
2.3136
1.2457
2.2193
1.3379
1.7253
2.3936
1.7354
2.1533
1.259
2.1266
2.329
2.4817
2.2286
2.2694
1.4345
2.3458
2.3562
1.8417
2.1735
2.395
1.3082
2.238
2.2029
2.4147
1.8517
2.5176
2.1705
2.2091
2.3019
2.3666
1.2471
2.2533
2.388
1.7829
2.3755
2.0851
2.1012
1.8968
2.3789
2.1693
1.3395
1.5582
1.6702
2.3465
2.1237
2.3069
2.4124
1.7267
2.1697
2.3219
2.0715
2.3711
2.1326
2.243
2.4759
1.8916
2.2858
2.072
1.4211
1.9435
1.8922
2.3852
2.2181
2.1475
1.308
1.5778
2.466
2.3015
2.2267
2.275
2.4523
2.2916
1.5276
2.2814
2.4175
1.2912
2.3047
1.2271
2.3484
2.1723
2.2526
2.1707
2.2387
2.394
1.8791
2.2562
2.2142
1.9575
1.9067
1.7205
2.3031
2.3496
2.2969
2.0304
2.2161
2.2101
1.5249
2.3535
2.3589
2.2411
2.233
1.2761
1.1814
2.1588
1.9353
1.4341
1.9811
2.4634
1.9573
2.3975
1.7658
1.7064
2.3359
2.2908
2.3834
2.0989
2.3111
2.2278
2.3535
2.244
2.3011
2.344
2.2174
2.2929
2.0737
2.1495
2.25
2.4581
2.3863
1.9909
2.1524
2.4311
2.3814
2.3051
1.3577
1.8884
2.3085
2.3694
2.3812
2.196
2.1224
2.4701
2.225
2.3864
1.6317
2.2021
2.4182
2.3345
1.4749
2.4022
1.9154
1.3722
2.3446
2.1729
1.3312
2.1695
2.3077
1.607
1.4747
1.3978
2.34
2.4309
2.4786
2.3651
2.4619
1.1766
2.1856
2.0878
1.7065
2.0182
2.4128
1.2797
2.3849
2.0618
1.7461
2.3967
1.6447
1.1757
1.9016
2.3148
2.091
2.0622
2.3903
2.4321
2.2486
2.3534
1.6488
2.2732
1.2488
2.2767
2.0692
2.4054
1.8908
1.6425
2.3688
2.2174
1.535
2.2495
1.5316
2.23
1.7176
1.925
1.7215
2.2165
2.128
1.8315
1.2968
2.3402
2.3324
2.0964
2.0094
2.3783
2.0957
1.3606
1.4269
2.2211
1.465
2.2132
1.5127
2.3872
1.6163
2.2503
2.0426
2.1896
2.2373
1.8775
2.1404
1.5403
2.0349
2.2808
1.65
1.7509
1.4355
2.3031
2.3192
2.3214
2.0733
1.3767
1.6319
1.7601
1.6425
1.6914
2.3497
2.3883
2.1254
2.3853
2.1391
1.3143
1.8336
1.7551
2.3273
1.2234
1.6428
1.5192
1.3089
1.964
2.1671
1.4902
1.7288
1.2834
2.2604
2.2902
2.0755
2.0456
2.1369
1.7562
2.1251
2.0004
2.2796
2.3416
1.9193
2.2569
2.1884
2.3272
2.4791
1.5177
2.2985
2.2016
1.9637
1.4985
2.1453
2.3341
2.217
2.1946
2.23
2.1197
2.1372
2.132
1.2646
2.1435
1.8841
2.0334
2.0941
2.36
2.238
1.391
2.3472
2.4077
2.3781
2.1525
2.2646
2.2508
2.1105
1.8535
1.8758
2.0881
1.9606
2.3835
2.0005
1.8652
2.3748
2.2089
2.2791
2.2795
2.3702
1.3872
1.5083
1.2118
2.3155
2.3137
1.9469
1.8081
2.223
2.3329
1.4171
1.4176
2.0812
1.9835
1.725
1.9506
1.5637
2.302
2.1419
1.2893
2.2858
2.2958
2.2778
2.3835
2.2405
2.0092
2.0534
1.682
2.4343
1.9108
2.2755
1.929
2.1236
2.2017
1.5489
2.4607
2.093
1.8884
2.3163
2.0842
2.2998
2.0022
2.0339
1.9503
2.213
2.1069
2.2159
1.5228
2.2467
2.3685
2.2837
1.8295
1.8232
2.049
2.3604
2.29
1.4623
2.4118
2.1244
1.6591
2.2312
2.3819
1.8391
1.4511
2.3966
2.2144
1.3178
2.3465
2.222
2.4533
1.8783
2.3692
2.2676
2.4322
2.4183
2.1581
1.7579
2.2798
1.7866
1.4486
2.4198
2.3049
1.5711
1.8803
2.0965
2.3635
2.3938
2.2087
2.1184
2.2998
2.4067
1.6486
2.0868
1.5483
2.1984
2.2742
2.3486
2.0717
2.3139
1.6454
2.0861
2.0722
2.1846
2.1119
1.7086
2.3314
2.1446
2.1875
2.2677
1.6341
2.1708
1.4484
1.6167
1.3544
2.3262
2.2407
2.4171
2.0911
2.3521
2.2241
2.2525
2.0891
2.3519
2.4148
2.1364
2.247
2.079
1.7178
2.3304
1.5446
1.8418
1.9753
1.3426
1.6463
1.5553
2.3884
2.1435
2.1644
2.0034
2.2412
1.4117
2.3747
2.2683
1.9668
2.4321
1.6228
1.6889
1.3159
2.165
1.9476
2.1971
1.8213
2.3992
2.083
1.7167
1.9969
1.5643
2.337
2.1264
2.4442
2.3518
2.3853
1.932
2.1573
1.7084
1.6619
2.0463
2.216
2.3413
2.1069
2.3221
1.6503
1.9035
2.015
1.6643
2.1531
2.1569
2.3572
1.7499
1.9702
2.4443
2.244
2.3829
2.4487
1.334
2.1559
2.0078
2.3207
1.9461
2.2992
2.3404
1.9507
1.9929
2.1661
2.1389
2.074
2.198
1.7098
2.1741
2.2788
2.0334
2.1358
1.5924
1.3199
2.3508
1.8645
1.1996
2.3422
1.9925
2.0753
1.3176
2.3649
1.5009
2.1224
2.3067
1.7481
1.354
1.8088
1.8942
2.2893
2.2207
2.1435
1.5504
2.2065
2.1571
2.335
2.0419
1.6549
1.6582
2.1256
1.9794
1.935
2.2377
1.8195
2.3164
2.3361
2.2675
2.1456
2.4205
1.9045
2.2934
1.5557
2.3036
2.5059
2.2507
1.2998
1.9611
1.4489
2.4307
2.4916
1.9006
1.4278
2.314
2.3581
2.2894
2.2886
2.0785
1.97
2.2363
2.2639
2.3675
2.1733
2.3665
2.0181
2.2155
2.1577
2.2325
2.2941
1.3137
1.3976
2.1608
2.3086
1.926
2.3046
2.2373
2.0698
1.9208
2.1543
1.7283
2.1483
1.6496
2.4106
2.1044
2.0565
1.8474
2.0277
2.2731
1.3497
2.1053
1.6819
1.6888
1.3197
1.8836
2.1449
1.8163
1.9767
2.3266
2.3176
2.4334
2.1533
2.2364
2.3812
1.2182
1.312
2.2352
2.2542
2.2488
2.2311
2.1822
1.6446
2.0121
1.9656
1.4439
2.3137
1.6167
2.2215
1.3963
2.1768
2.3673
1.4462
1.8988
2.3957
2.3631
2.2351
2.1459
2.3751
2.1177
2.1697
1.9819
1.5468
2.3639
1.7685
2.3098
2.0958
2.3076
2.3219
1.4632
1.8746
1.8417
2.2064
2.333
2.5159
2.4598
2.2064
2.2492
1.5907
2.0525
2.3201
2.1266
2.3379
2.3946
1.8648
1.9833
2.1337
2.3993
1.4154
2.2405
2.1599
2.1512
2.2517
2.3992
2.063
1.9526
2.3206
2.4313
2.4533
2.3625
2.1218
1.8483
2.1893
1.8435
1.4268
2.0531
1.6247
2.2885
2.0421
2.2022
2.1488
1.9026
2.456
2.1898
1.3509
2.1451
2.3879
2.1375
1.901
2.103
2.2148
2.4152
2.327
2.2313
2.3191
1.3489
2.2362
1.9317
2.2538
1.2913
2.1151
2.4564
2.2299
1.4287
2.228
1.6433
2.2901
2.4253
2.3887
1.9931
2.2731
2.0887
2.122
2.4505
1.6811
1.9362
2.3459
1.3127
2.3823
2.1813
2.1233
2.0183
2.1922
2.3186
2.3244
1.4195
2.2122
2.2228
2.3066
1.7429
2.3692
2.1398
1.9803
2.2229
1.4164
2.0506
1.8327
1.1506
1.8569
2.359
1.311
1.8933
2.3568
2.4186
2.4119
2.3731
2.4267
2.3846
2.0577
2.1511
1.7771
1.506
2.3638
2.2193
2.2275
1.3076
2.413
2.4079
1.6795
2.2334
2.369
2.1734
2.2938
2.2374
1.2467
2.335
2.1687
2.4209
2.1486
1.7118
1.3977
2.4234
2.3471
2.3629
1.9969
2.3362
2.1825
2.2764
1.8664
2.1327
2.1021
1.8604
1.8253
2.3253
2.3816
1.7811
2.3355
2.4712
1.3933
1.9336
1.6906
2.3231
2.4244
1.9904
2.2816
2.3229
2.1461
1.3904
2.0916
2.2039
2.0674
2.3046
1.8603
1.8903
2.3916
1.5573
1.783
1.3912
2.2025
2.2426
2.1612
2.5278
1.9781
1.9852
2.421
2.3745
1.7633
2.1385
2.2907
2.1385
2.2528
2.1572
2.1457
1.8128
2.3078
2.3618
1.3695
1.86
1.104
1.4844
1.9296
1.3439
2.1715
1.6759
1.6058
1.9149
1.3913
1.2642
2.3575
1.5692
2.3191
1.71
2.205
1.5944
2.0249
2.2038
1.9502
2.3772
2.2564
1.7379
2.282
1.6907
2.088
2.2497
2.2145
2.1054
1.2427
2.3988
2.3589
2.1967
2.3667
1.429
2.3774
2.1191
1.842
2.3897
2.1111
2.2247
2.0768
2.3718
1.7889
2.2576
2.2738
2.3693
2.3183
1.4709
1.8437
1.5837
2.2636
1.875
1.3229
2.0448
2.3082
1.8407
2.1638
2.056
2.4112
2.4663
2.309
1.6646
2.1344
1.2933
1.5795
2.2929
1.5236
1.7804
1.825
2.0873
2.1254
1.7419
2.1429
2.3483
2.365
1.797
1.899
1.7293
1.5981
2.433
1.7687
2.4033
2.3333
2.1393
2.3013
2.3109
2.4931
2.3269
1.4444
2.1834
2.2962
1.8775
2.23
1.3707
2.2567
2.14
1.7281
1.7672
2.3597
2.1682
1.9743
2.3501
2.1959
2.1736
1.417
2.1418
2.2414
2.0226
2.359
2.0885
1.3917
2.1125
1.1721
2.3368
2.4194
2.0639
2.1027
1.7406
1.5677
2.2609
2.4128
1.6217
1.6098
2.3545
2.0271
2.3913
2.2965
2.2022
1.7902
2.1401
1.9
2.3458
2.3658
2.3472
2.4423
1.8327
1.9901
1.9125
1.7857
1.5115
2.0942
1.9664
2.382
1.6162
2.2866
1.6732
1.9227
2.2471
2.2386
1.5266
2.5306
2.1369
2.0294
1.8723
2.2348
2.1862
1.5564
2.3213
2.2672
1.2292
1.388
1.3005
1.6327
2.0924
1.3725
2.4015
1.3824
2.3198
1.3435
1.2857
2.3876
2.4291
2.3185
2.3493
1.3521
2.4044
2.4132
2.1067
1.2198
1.7821
2.1427
2.2888
2.0728
1.7799
2.1769
1.8191
1.3904
2.2362
2.2088
2.2544
1.9185
2.3511
2.1219
2.1705
2.4084
2.0188
2.2421
2.3875
2.29
1.9012
2.3251
2.0683
2.258
2.4326
2.0942
1.6393
1.8473
2.137
2.259
2.1916
1.5491
2.2673
2.4456
2.1191
1.7824
1.3915
1.4848
1.6018
2.4167
2.2656
2.3391
1.2958
1.6867
2.3723
2.4033
1.4917
1.3817
1.8129
2.3025
2.208
1.82
2.2871
2.3437
2.1046
1.8674
2.3495
2.4178
1.3886
2.1754
1.6191
2.1172
2.0249
1.3529
2.4165
1.2481
2.2375
2.1314
1.4434
2.1872
1.947
2.2282
2.3201
2.1287
2.2061
2.141
2.2075
2.0042
1.7104
2.2096
2.2813
1.9857
2.4462
2.4308
1.4826
1.6847
2.0191
2.458
2.2458
2.095
2.3519
1.7907
2.3442
2.1453
1.6287
1.9058
1.8232
2.1611
2.3144
1.2746
2.4001
1.7031
2.1071
1.8043
1.4442
1.124
1.4177
1.3816
2.3174
2.3226
2.252
2.1862
1.5974
2.1582
2.2521
2.2786
2.2943
2.2538
1.9866
2.3504
1.4848
2.0507
1.6788
1.8186
2.2607
2.3304
1.7933
1.3143
2.3736
2.0862
2.4062
2.1762
1.6133
1.3785
2.0727
2.207
2.267
1.3784
2.3462
1.7861
2.0241
2.3816
2.0209
2.4102
1.5672
2.3358
1.3001
1.411
1.8625
1.8714
2.0503
1.8521
2.1108
2.2676
2.2123
1.5152
2.3652
1.5566
1.4027
2.3044
1.7192
1.8441
2.343
2.1468
1.3117
1.9971
1.9635
1.8245
2.1255
2.4219
2.2631
1.2039
1.7311
2.3684
2.2943
2.3187
2.3586
2.3723
2.1848
2.3437
2.4232
1.9795
2.4496
2.2548
2.1294
2.484
2.3557
2.3599
2.127
2.4023
2.3988
2.2309
2.0337
1.7091
2.4299
2.4077
2.3633
1.9531
2.3628
2.4693
2.282
1.6518
2.1662
1.3679
2.2389
2.4024
2.1222
1.8815
2.0334
2.4227
2.1501
1.9343
1.7704
1.5834
2.3681
1.6991
2.0038
2.1975
1.8848
2.0895
2.3319
1.7896
2.1096
2.3719
2.3654
2.376
1.797
2.0316
1.6984
1.4269
1.4066
1.9327
1.9878
2.0272
1.689
2.2927
1.6808
1.3274
2.3949
2.2718
1.6168
2.3918
1.9145
1.5066
2.2802
2.2751
2.3279
2.0683
1.462
2.4045
2.3205
1.7871
2.3575
2.5079
2.0143
2.3883
2.264
1.9296
2.2405
2.4019
2.0118
2.1063
2.3306
1.4148
2.4149
1.7571
2.2077
2.3344
1.1988
2.4449
2.0163
2.3385
2.0435
2.3706
2.3536
2.3175
1.5063
2.3646
1.2687
1.2948
2.441
2.1421
1.663
2.0898
2.1858
2.3265
2.1764
1.4653
1.9239
1.3932
1.8613
1.9938
2.2221
2.4354
1.2563
1.5944
2.4104
2.0022
2.4236
1.7067
2.1911
2.2787
2.373
2.0619
2.3774
1.2862
2.274
2.0482
1.8754
1.515
2.0395
2.3721
2.066
1.795
2.3207
2.2588
2.3361
1.1876
2.4967
2.2908
2.3002
1.2868
2.2632
2.2551
2.4542
2.4112
2.3549
2.1479
2.0898
2.5184
2.3301
1.9773
2.1934
1.4279
2.3555
2.1214
2.2657
1.9882
2.1425
2.1585
1.4624
2.4004
2.3459
2.4034
2.1447
2.0609
2.1639
2.1635
2.0043
2.3256
1.3734
2.0327
1.515
2.3218
1.6485
2.3147
2.3332
2.3106
1.5052
2.3686
2.2203
1.3928
2.2737
1.9693
2.2858
2.4099
1.9001
2.4154
2.2544
2.3781
2.0086
2.2609
2.1774
2.0825
2.3435
1.8768
2.3025
2.2935
2.0858
1.9023
2.1316
1.6969
1.7027
2.3761
2.1384
2.1247
1.4245
2.3451
1.263
1.7412
1.6714
1.5448
1.8589
2.2887
2.1017
2.1186
2.1701
2.3652
2.126
2.3009
2.1064
2.4136
2.3086
2.2812
2.2346
1.946
2.3296
2.2076
1.4437
1.9421
1.9032
2.2318
2.3667
2.4598
2.3798
2.1226
2.0149
1.1659
2.282
1.891
2.0639
2.3903
2.1432
1.3982
2.3733
2.4002
1.9338
1.9081
1.9137
2.3392
2.4158
2.3465
2.2223
2.3623
2.3244
1.3139
1.4378
2.347
2.0954
2.1383
2.2985
1.9386
2.2342
2.1117
2.1729
2.4504
1.9662
1.896
2.2465
2.2804
1.7245
1.8158
1.5793
1.5003
1.607
1.2624
2.3999
1.7474
2.4393
2.0551
1.5938
2.3333
1.6735
2.1584
2.1952
1.9059
2.5072
2.3818
2.4986
2.1462
1.1167
2.1397
2.3583
2.1491
2.0984
1.9935
2.194
2.3671
2.1041
1.8926
2.247
1.8972
2.3003
1.6295
2.4586
1.9484
1.1874
2.289
1.7477
2.4338
2.3011
2.3503
2.2835
2.2371
2.3031
2.3609
1.3348
2.3933
2.1322
2.2724
1.8552
2.2952
2.1456
2.2333
2.2922
2.2738
2.2217
2.0951
2.3036
1.5162
1.7126
2.4107
2.2941
2.3809
1.9623
2.3959
2.2375
1.8966
1.9878
2.2683
2.3021
2.4708
2.1775
1.2899
2.1053
2.1415
2.1087
2.3992
2.2627
1.3142
2.1855
2.1795
2.3241
2.4453
2.3747
1.3525
2.048
1.4145
1.5347
2.0534
1.9911
2.328
2.0828
2.3666
2.2288
1.5477
2.253
2.463
1.7089
2.0674
2.0912
1.9126
2.3875
2.158
1.3912
1.996
1.374
2.0056
2.0682
2.0673
1.2029
2.1241
2.416
2.4061
2.0998
2.3367
1.7585
2.0913
1.5899
2.3871
2.2728
2.3404
2.499
2.3978
2.404
2.1948
2.1004
1.9362
1.5822
2.2528
2.3428
2.2167
2.4387
2.4056
2.4098
2.1687
1.4878
2.4439
2.2252
2.0737
1.3293
2.3654
1.5521
2.2684
2.2019
1.139
1.9662
2.1979
2.0812
2.0932
1.399
1.2697
2.3598
2.3584
2.4724
1.5647
2.2474
1.4754
2.1693
2.2854
2.0106
1.8634
1.9304
1.5292
2.3799
1.2157
1.7829
2.2606
1.5925
2.0916
1.4434
1.647
2.16
2.1167
2.1635
2.23
2.1514
1.7503
2.2304
1.4258
2.3778
2.3624
2.168
2.021
2.2968
2.2192
2.3612
1.9436
1.7902
2.2144
2.2744
2.1993
2.3394
2.0666
1.8217
2.0077
2.347
1.5372
1.6259
1.947
2.2677
1.0898
2.4183
2.2695
2.248
2.1274
1.8299
1.4388
1.7899
2.4642
2.3464
2.033
1.8895
1.2746
2.0311
2.1946
1.54
2.3341
2.1923
2.3987
2.4119
1.7835
2.3627
2.3911
1.2888
1.4449
1.718
1.4788
1.6035
2.3065
1.9225
2.2245
2.0227
2.1622
2.3873
1.9032
2.3788
1.5552
1.1515
2.3523
1.9663
1.9671
1.3777
1.9993
2.069
1.8831
1.7416
2.0001
2.2694
1.3384
2.2071
1.8428
1.8307
2.2931
2.2921
2.0865
2.4125
1.3679
2.2649
2.2146
2.446
1.3238
1.9008
1.8875
2.016
1.9156
2.377
2.028
1.679
2.0023
2.3923
2.0279
2.3267
2.3649
2.0916
1.9388
2.3458
2.2044
2.4333
1.5734
2.131
1.8104
2.3697
2.1764
1.8442
2.4023
2.3639
1.9708
2.3448
1.9593
2.3654
2.0897
2.1548
1.5331
2.3428
2.0456
1.2575
2.244
2.2235
1.5253
1.3376
2.3987
2.4317
2.3994
2.2728
1.7294
2.2985
2.271
2.4271
1.9251
1.5284
1.4595
1.312
2.3414
2.2749
2.4013
2.0103
2.1002
2.1941
2.1086
2.3279
2.2661
2.2159
2.0467
2.2343
2.295
2.2739
1.4259
1.9435
1.4302
2.1218
2.4664
1.4783
2.1273
1.7199
1.5021
2.4353
1.5625
2.1443
2.0361
2.2945
2.1347
2.2273
2.1761
1.2651
2.3982
1.5019
2.4392
2.3501
1.5772
1.4899
2.1897
2.1509
2.051
2.0461
2.0719
2.324
1.2771
2.1719
2.294
2.1398
1.3146
1.9916
1.992
1.6597
2.3632
2.294
2.1223
2.1222
2.1906
1.1717
