1.8733
2.1639
2.0667
2.23
2.0606
2.0793
2.2183
2.0105
2.339
2.3009
2.3177
2.286
2.0547
2.3809
2.2702
1.8779
2.194
2.1267
2.3034
1.9132
2.0705
2.2155
2.0877
2.1007
1.3183
2.2054
2.1728
2.1178
2.2683
2.0452
2.1979
1.994
2.3689
1.8995
1.676
1.3573
2.1769
2.3838
2.2258
2.0475
2.2142
1.4884
2.1263
1.6428
2.4357
2.3707
1.9204
2.2044
2.1369
1.8036
2.3233
2.0767
2.1226
1.4525
1.613
2.1902
1.9959
2.239
2.1555
2.2172
2.4146
2.3499
2.1824
2.1938
1.303
2.0786
2.3054
1.6247
2.1695
2.2586
1.6015
1.8439
2.2736
2.1644
2.2221
2.0755
1.8846
2.2619
2.2367
2.4324
2.2481
2.5611
2.1528
2.0276
1.8941
1.6723
2.3698
1.9322
1.7258
1.4062
2.2128
2.3174
2.2437
1.7253
2.2726
2.3188
1.6125
1.4429
1.3572
2.1223
2.1227
2.209
1.6475
2.0689
2.2549
2.3608
1.1987
2.1671
1.2318
2.3443
2.321
2.3762
1.8944
1.9067
2.3434
2.0219
1.5327
2.2349
2.1903
1.7278
2.388
2.3569
1.4022
2.2798
2.3557
1.7424
2.1893
2.2761
2.1986
2.3897
2.1799
1.9226
2.3899
2.2802
1.6916
2.1441
2.0451
1.8907
2.0192
1.449
1.3885
2.1252
1.6699
2.2165
2.172
2.4246
1.7587
2.2163
2.2881
2.1607
2.2336
2.2157
1.7765
2.066
2.0373
2.3166
2.4329
1.7076
2.145
2.2983
1.7857
2.023
2.1179
1.9131
2.1065
2.3415
1.3983
2.2457
1.7431
1.7854
2.2921
2.4683
2.3781
1.452
2.2204
1.4073
2.2665
2.3809
1.884
2.3281
2.0396
1.5523
1.914
2.2622
1.5418
2.3817
2.1298
2.3953
2.0584
2.0633
2.3916
2.0081
2.362
1.9709
2.1634
1.3543
1.9808
2.4207
1.6954
2.1999
2.2608
1.8936
1.9271
2.0178
2.1859
1.7886
2.2351
2.1983
2.1899
2.4235
1.8974
1.5364
2.2262
2.2922
2.0416
2.345
2.0019
2.3336
2.2557
2.0662
1.8274
2.1808
2.2412
1.4452
2.2425
1.7918
2.0809
1.9467
2.0231
2.2365
1.4814
2.2124
1.6484
2.1664
2.2474
1.8888
1.5725
2.3479
2.3035
2.2134
2.3876
2.4336
2.4491
2.2154
2.2693
1.9918
2.1683
2.2423
2.0652
2.1671
2.2354
2.0801
1.9957
1.3064
2.1748
2.3145
1.7166
2.0984
2.3893
2.3137
1.2317
2.3699
2.2878
2.2648
1.7067
2.0253
2.188
2.2754
2.3398
1.7819
2.259
2.4326
2.3943
2.0632
1.722
2.1488
2.4151
1.8825
2.1792
2.0291
2.2478
2.2871
2.2378
1.8259
1.3623
2.062
2.215
2.3505
2.1895
2.0423
1.9108
1.8229
2.3688
2.2762
1.7472
1.5614
1.9393
1.9657
2.1301
1.4358
2.3752
1.4575
2.1207
2.2999
2.0297
1.938
1.8339
2.1916
1.9348
1.7613
1.3382
2.2884
1.8692
2.2417
2.0896
1.849
1.5881
2.1031
1.7773
1.3467
2.1651
2.1483
2.0932
2.229
2.3736
1.9
2.1356
2.1716
1.7335
2.0517
1.4458
1.8558
1.6279
2.1419
2.2609
1.8398
2.0418
1.3354
2.1048
2.002
1.9656
2.4376
1.5589
2.292
1.6917
1.504
2.2397
1.5401
2.1431
2.2432
1.4246
2.0591
1.3432
1.5845
1.7168
1.6391
1.4886
2.2546
1.9055
1.8478
2.4276
2.2691
2.0502
2.2088
1.9592
2.1467
2.3044
2.417
2.2731
2.2495
1.8247
1.6127
1.3733
2.2143
1.8544
2.3421
2.0431
1.3173
2.3031
2.1605
1.6775
2.4016
2.085
2.2076
1.9799
2.3087
1.6772
2.1797
2.2068
1.6185
2.2174
2.2192
2.1784
2.1774
2.2659
2.2315
2.0909
2.2679
1.9523
2.398
2.2655
2.074
2.2213
1.9164
2.2403
2.3537
2.1516
2.4081
1.9789
2.2271
2.2905
2.2862
2.4089
2.1855
2.4711
2.4126
2.265
2.1844
2.3925
1.464
1.9373
2.2277
2.0535
1.543
1.4774
2.3677
1.9272
1.8996
1.5036
2.2949
1.7366
2.2518
2.0738
1.4968
2.4119
1.5545
1.9603
2.2566
2.1962
2.312
2.3351
2.0758
2.2612
2.1929
1.5129
2.3934
1.8913
2.0987
2.2733
2.186
2.251
1.4226
2.0951
2.2877
2.212
2.4208
1.9517
2.1928
1.6271
2.1751
2.4119
2.1632
2.4086
1.2252
1.6633
1.2904
2.2657
1.79
2.1215
2.2666
2.1225
2.1637
1.7688
2.3258
2.0886
2.3911
1.677
2.2122
1.7681
2.231
2.381
1.524
2.3578
2.1639
1.6938
2.0698
2.341
2.2844
2.3411
1.8596
2.1593
2.1579
2.174
2.0267
2.2116
1.943
2.1533
1.9329
2.0422
1.9905
2.2574
2.2842
2.0949
1.9787
1.9634
1.8368
2.1383
1.6302
2.0218
1.6365
2.2073
1.6415
1.6134
2.1592
1.5225
2.3104
2.3204
1.2737
1.9405
2.2772
1.945
2.3466
1.9231
1.2396
2.1544
1.8173
2.1765
2.1865
2.3293
1.886
2.1343
2.3767
2.3765
2.3355
2.4315
2.0343
1.4791
2.2561
1.9016
1.8473
1.783
2.3991
1.9733
2.0357
1.4803
1.6405
1.6937
2.307
1.4688
2.2248
1.6557
1.7207
2.3304
2.073
2.2495
2.2882
1.9271
2.2392
2.1436
1.6518
2.3195
2.1167
2.2351
2.3202
2.1938
2.1814
2.2206
1.7563
2.2302
2.1114
2.0422
1.7554
2.4969
1.8363
2.2103
1.5065
2.2269
2.1892
2.0324
1.8401
1.8025
2.4308
1.7858
1.7101
2.0055
2.0128
2.139
2.2068
1.6007
2.2772
1.7846
1.4711
2.1642
2.1394
1.7127
2.05
2.0944
1.5503
2.2845
2.339
1.9836
2.3328
2.1284
2.1517
1.4358
2.202
2.3222
2.2268
2.3363
2.265
1.1967
1.8185
2.2499
2.2521
1.6115
1.5035
1.9546
1.5309
1.7266
1.9282
2.2355
2.3543
2.4905
2.4077
2.397
2.0835
1.8482
1.3254
2.3395
2.4195
2.1483
2.1555
2.133
2.0309
2.2279
1.5573
1.465
2.1568
1.9725
1.3327
2.4448
1.4179
2.3187
2.0705
2.1795
2.3692
2.1379
2.109
2.1701
1.174
1.9942
2.1902
1.7034
1.8728
2.191
2.2448
1.9915
2.001
2.1418
2.3065
2.3148
1.7158
2.1953
1.4419
1.761
1.6524
1.7811
2.2823
2.2542
2.1745
2.21
1.2109
2.0999
1.774
2.128
1.9267
1.5975
1.9762
2.2638
2.0132
1.2529
2.1775
1.8851
2.3803
2.3108
1.765
1.7219
1.5022
2.1123
2.1318
2.1586
2.3047
2.2484
2.2798
2.2578
2.0709
2.3039
1.5922
2.1431
1.9837
1.6257
2.2935
2.3049
2.38
2.259
1.5511
1.9136
2.2219
1.4638
1.8732
2.1857
2.2042
2.1802
2.011
2.3177
1.7262
2.1323
1.3667
2.2254
2.0567
1.6407
1.956
2.2033
2.0576
2.3051
2.1878
2.4157
2.0098
2.4823
2.0218
1.6642
2.2565
2.178
2.2543
1.6071
1.3334
2.398
2.3927
2.3288
2.079
2.2207
2.1152
2.3095
2.1758
1.4187
2.374
2.1014
2.1193
2.262
1.4331
2.3614
2.2033
1.8518
2.2059
1.8748
2.0593
1.3153
2.1084
1.7534
1.2611
2.4119
1.8207
1.2098
1.6915
2.3481
1.9724
1.6127
1.7847
2.1147
1.704
2.0175
2.1787
2.0152
1.7079
2.0695
1.5437
2.1939
1.5291
2.3341
2.3442
2.0641
1.6808
2.1377
1.8427
2.1561
1.7091
2.2868
2.2106
1.8524
2.4087
1.8172
2.3573
1.8221
1.5464
1.7703
1.99
1.3949
1.8091
2.1547
2.0648
2.0935
1.9953
1.803
2.1447
2.2871
1.9259
2.2763
2.1772
2.3543
1.9052
2.0098
2.0229
2.2864
2.2337
2.3855
2.1591
2.3597
2.1282
2.2619
2.2962
1.9973
1.8864
2.2407
1.2179
1.3982
1.4577
2.041
2.1516
2.1155
2.27
2.1552
2.0342
2.1573
2.189
2.1749
2.3401
2.2693
2.0492
1.662
1.8929
2.4458
2.2597
2.1396
1.968
2.0002
2.2458
1.7942
1.3304
2.2989
1.8911
1.749
2.096
2.0094
1.6933
2.1869
2.1096
2.1136
2.0702
1.5062
2.0875
2.0079
2.1635
1.4359
1.6313
2.1311
2.3161
2.0674
2.0048
2.4402
2.3013
1.6456
2.3861
1.4866
2.3108
2.4101
2.4238
2.0816
2.4045
1.7112
2.0898
2.023
1.5737
1.9738
2.3957
2.0245
1.9982
2.1645
2.3043
2.1732
2.3661
2.1027
1.864
1.9793
2.2643
2.2353
1.7677
2.1127
1.7433
2.4106
1.9741
2.0722
2.2986
2.3719
2.0908
2.1642
1.6827
2.292
1.63
1.4305
2.3725
2.1564
2.2813
2.1689
2.1653
2.089
2.2414
2.3482
2.1077
2.1998
2.1507
1.9345
1.5389
2.322
1.9353
1.8581
2.3164
2.2763
1.904
2.3886
2.3756
2.1208
1.935
2.0409
1.8542
2.3055
2.3255
2.3005
1.5477
2.1459
2.2249
2.1428
1.6331
1.4981
2.1224
1.9945
1.6157
2.2332
1.6434
1.8459
2.2245
2.227
1.8685
1.6846
2.2432
1.8801
1.8791
1.9023
1.442
2.0981
1.3895
1.6683
2.1491
2.0552
1.5056
1.985
1.9583
2.0972
1.7714
2.328
2.2019
1.6232
2.23
2.1763
1.3668
1.1392
1.5086
2.375
1.8684
1.8796
2.0095
2.3329
2.2851
2.0339
1.7926
2.0897
2.1937
1.4778
1.5645
2.1682
1.8079
2.378
1.2978
2.0869
2.4209
1.4518
2.1883
2.2102
1.8303
1.8169
1.9643
1.5575
1.9255
2.0609
2.0093
2.2549
1.5313
2.4225
2.2875
1.7924
1.927
2.314
2.2947
2.1508
2.36
2.3722
1.6503
2.2933
2.4295
1.9684
2.071
2.4006
1.9294
1.9323
1.8117
1.8893
1.8354
1.8036
1.8686
2.3236
2.2271
2.2233
2.1973
2.1348
1.9161
2.1886
2.476
1.9687
2.2657
1.8363
2.2267
2.3403
2.3702
1.6416
2.1275
2.1818
2.1733
1.8903
1.8612
2.1476
1.7737
2.308
1.7051
1.9841
2.1397
2.2217
2.3811
1.8481
2.0888
1.4221
2.3165
2.0493
1.8959
2.2415
1.4987
2.0092
2.3018
2.1773
1.4322
2.221
1.9521
1.778
1.673
2.2572
2.1049
2.1127
1.6956
2.2829
2.1189
2.2228
2.1177
2.027
2.095
1.9938
2.2053
2.3014
2.2
2.2541
2.1522
2.5211
2.3465
2.3031
2.2827
2.0411
2.3027
2.2032
2.0315
2.2509
1.8576
1.9547
2.1964
1.7335
2.177
2.0855
2.3966
2.187
1.8639
1.8937
2.166
2.2557
2.3032
1.9295
2.193
2.3939
2.108
2.3916
2.1993
2.1911
1.3761
1.9023
1.5769
2.111
2.0853
2.1242
1.4658
1.9331
2.1534
1.8832
2.3293
2.1756
2.055
2.3116
2.1184
2.2276
1.788
2.3882
1.5783
1.981
2.1514
1.6495
2.1156
2.1864
2.3004
2.3898
2.0421
2.1509
2.1135
1.8165
1.8285
2.1292
1.6645
2.2124
2.3007
2.1875
1.7441
2.4794
2.4318
2.0604
1.8783
2.1418
1.8479
2.3351
1.2157
2.3518
1.769
1.8797
2.1484
2.1552
1.7231
2.2173
2.1756
1.8093
2.2336
2.3158
1.6382
2.1898
1.3695
2.3869
2.0618
1.8886
1.8421
1.9153
1.6679
1.6594
1.1498
2.1959
2.2515
1.9471
2.2335
2.2174
1.9635
1.9426
1.5206
2.1899
1.6374
1.9039
2.2843
1.7199
2.2764
1.8005
1.3945
2.2555
2.193
2.2041
2.2089
2.092
2.3557
2.379
2.1846
2.3233
2.1684
1.313
2.3475
1.2975
2.1182
2.3012
2.2894
1.7953
1.9537
2.1095
2.3094
1.5493
2.3026
1.754
2.251
2.1869
1.874
2.1986
2.1697
1.903
2.2502
1.7443
2.0551
2.2305
2.1574
2.0497
1.8459
2.2538
2.1348
1.9898
2.3208
2.3052
1.7246
2.2108
2.2324
2.158
2.327
2.1049
2.1097
1.3331
1.6293
2.1124
1.4258
2.4115
2.4598
1.8902
2.1303
2.1874
1.5891
1.7057
1.8132
2.2094
2.0427
2.2545
2.1811
2.3422
1.2031
2.2709
2.2101
1.9321
2.1778
1.9763
2.2715
2.1337
2.1705
2.2446
1.7638
2.3141
1.3451
2.2988
2.4763
2.3839
1.8267
2.2465
2.1295
2.323
2.4318
1.9092
1.5652
1.8228
1.6922
2.1546
1.9743
2.3436
1.6878
2.0854
2.3737
2.2559
2.1822
1.9059
2.0989
1.9753
2.2399
2.1466
2.258
1.5093
1.7008
2.1973
2.0601
1.3872
2.1108
1.944
2.2322
1.3072
2.1312
2.2795
2.0051
1.5511
2.2682
2.0359
2.272
1.959
2.2717
2.2466
1.8861
1.6629
2.0346
2.2002
1.7942
2.3871
2.1692
1.7279
1.9724
1.6644
2.3544
2.195
1.8391
2.3717
2.2758
1.9971
2.0406
1.9657
2.2391
2.0069
1.911
1.3113
1.7052
2.1103
1.9407
2.3118
2.3476
2.1037
1.7576
2.1511
2.3943
2.0359
1.9601
1.9622
2.4316
1.6713
1.3726
1.6962
2.1302
2.0835
2.3085
2.2471
2.1908
2.112
2.1785
2.4061
1.3227
2.0367
2.0029
2.1137
2.2987
2.1588
2.1649
2.3779
2.3165
1.956
2.3013
2.1525
1.9723
1.4378
2.3299
2.1743
1.7729
2.1854
2.3887
2.1723
1.8697
2.1213
2.0874
2.3374
1.7718
2.2502
2.3604
2.2502
2.1985
2.3724
1.402
2.2905
2.0078
2.1717
2.2136
2.3621
1.3536
1.9273
2.001
2.1085
2.208
1.7818
2.0167
2.0563
1.9162
2.378
2.2395
2.1687
2.3064
2.2232
2.0859
2.1153
2.2182
2.4
2.0516
2.3885
1.2633
2.2307
1.8609
1.1676
2.0505
2.2496
2.3621
2.1585
1.5748
1.35
2.416
2.363
2.1053
1.8782
1.9186
1.6355
2.2014
2.1618
1.5812
2.2836
2.0722
2.2808
2.3469
2.3987
1.4764
1.611
2.2383
1.8021
1.9883
2.0593
2.3058
2.088
2.0171
1.4636
2.1172
2.2519
1.8377
1.8048
2.4431
1.7767
2.2059
2.1114
1.5858
2.3095
1.955
2.2488
2.2375
2.1885
2.3607
1.9702
2.3702
2.2195
2.0772
2.4813
1.9865
2.1351
1.4747
1.5086
2.3541
2.3943
2.0242
2.0106
2.1406
2.2816
2.0785
2.0136
2.3051
2.2423
2.07
1.1654
2.0888
2.3936
1.8993
2.3254
2.1905
1.9319
2.304
2.0094
1.95
2.1379
2.2664
2.3125
1.6642
2.3322
1.8953
2.2522
1.3831
2.1668
2.2143
1.8073
2.273
1.9793
2.3233
1.9178
2.0275
1.8948
2.4321
1.8729
2.1231
2.1908
2.2855
2.201
2.138
2.2045
2.0962
1.7739
2.2718
2.0895
2.0011
1.8814
2.0164
1.5606
2.2698
2.0855
2.2314
2.1852
1.9072
2.3137
1.8725
1.3593
2.3368
1.5907
2.3479
2.2309
1.8657
2.1319
1.3757
2.1295
2.1381
2.335
1.6339
2.3785
2.2932
1.6948
1.5203
2.2983
2.0813
2.2767
2.3857
1.5991
2.1104
2.3245
1.8169
2.291
2.3098
2.0763
2.1826
1.8733
1.6881
1.8012
1.6125
1.7696
1.6096
1.8355
1.4911
2.3386
1.702
2.2822
1.4109
2.3871
1.6044
2.365
2.3027
1.9217
2.2349
2.3571
2.1962
2.31
1.9682
2.2129
1.8396
2.3564
2.219
2.2139
1.9442
1.9041
2.1522
2.2933
2.37
2.0939
2.3439
1.9629
2.1137
1.263
1.6854
2.4073
2.2179
2.0353
2.1895
2.2706
2.2129
1.7461
1.2096
1.8949
2.0252
1.9666
1.9411
1.6456
2.2036
2.0537
2.0815
2.089
1.8038
2.3481
1.7135
2.2183
2.3356
2.0612
1.8586
1.5041
2.3295
2.2935
2.0321
2.2616
1.2716
1.1052
1.9656
2.3417
2.1156
1.6364
2.2329
2.2029
1.9805
2.2556
1.4222
2.3533
2.3547
2.2095
2.192
2.0551
2.2868
2.2192
2.2171
1.3565
2.2897
1.5589
1.9872
2.0119
2.1217
2.2569
2.1743
1.976
1.5633
1.2644
2.2272
1.9318
1.9746
1.2928
2.3903
2.0879
2.2049
1.979
2.0698
1.4165
2.0512
1.802
2.2969
2.0967
2.3868
2.1181
1.6798
2.1251
2.4435
2.0854
2.2467
2.2003
2.3509
2.2719
1.8345
1.5591
2.2458
2.0641
2.0789
2.2445
2.2577
1.7268
1.4787
2.3037
2.2288
1.4238
2.1753
1.6819
2.0876
2.25
1.2233
2.2157
2.3659
1.9001
2.2429
2.2598
2.2212
2.3164
2.1477
2.4395
1.4128
2.4675
1.8993
2.2141
2.2976
2.1859
1.7083
1.4905
2.0964
1.916
1.6532
2.0215
1.9405
1.9182
2.2538
1.5671
2.3437
2.1392
1.3274
2.1555
2.2155
2.4124
2.1539
2.3013
1.7928
2.1509
2.345
1.9039
2.1166
2.1501
1.9774
1.9803
1.9533
1.6243
1.4727
2.0565
2.2973
2.2607
2.0013
1.4561
2.4126
2.2137
2.2311
1.6371
2.1267
1.6387
2.3446
2.285
2.1976
2.0321
1.3349
2.0085
2.2743
2.1242
2.2633
2.2688
2.3297
1.8678
2.2963
2.2369
2.2287
2.2861
2.1944
1.7192
1.7845
1.8707
2.1188
2.1407
2.121
1.4299
2.1566
2.2088
1.9638
2.1107
1.7937
2.3368
2.2026
2.4021
2.0327
2.0348
1.6109
2.3843
1.9903
1.9342
1.9291
2.1583
2.2298
2.022
2.0281
2.2367
2.2299
2.034
2.1587
1.5496
1.5055
1.9315
2.1187
2.3272
1.3822
2.303
2.156
1.9732
2.4483
2.1372
2.1303
2.1817
2.389
1.792
2.2072
2.4182
2.101
1.8269
2.1757
1.864
2.0849
1.7526
2.1109
1.5136
2.316
1.9274
1.7459
2.2565
2.0633
2.4132
1.8427
2.1631
1.5735
2.1389
1.9402
2.028
2.1995
1.8721
2.048
2.4027
2.3487
1.3644
2.1807
2.2648
2.4332
2.5039
1.8233
2.0927
2.0014
2.0862
1.3713
1.9712
2.2421
1.889
2.337
2.2605
2.295
2.1661
2.162
2.3277
2.0335
1.8922
1.8335
2.3388
2.3514
2.2338
2.2893
2.3579
2.1871
2.0163
2.2732
2.1226
2.2442
2.0736
1.7303
2.2314
2.2134
1.7866
1.74
2.269
2.2635
2.1458
1.2513
1.6673
2.0015
1.776
2.1236
2.1412
2.1584
1.6319
1.6499
2.0855
2.081
1.6916
2.0845
2.0722
2.3635
1.5019
2.2248
1.5787
2.0147
2.2199
2.2256
2.3357
2.3185
2.1458
2.3585
1.9923
2.1432
2.1239
2.2788
2.1328
2.3039
1.5861
2.382
2.1237
1.9849
1.9872
2.094
2.3922
2.0466
1.4133
1.8765
1.2756
1.7002
2.0872
1.6824
2.0688
1.8482
1.3023
2.3015
1.4969
2.2521
2.1817
2.3454
1.9986
2.3051
2.4149
1.8428
1.8345
2.2931
2.0614
2.1715
1.3042
1.9773
2.4253
1.8421
2.2759
2.1191
1.9494
2.1709
2.2007
1.9813
2.0438
2.2448
1.9793
2.2101
1.8826
1.9009
2.0462
2.1646
2.2563
2.4167
1.7388
2.2218
2.2398
1.7108
2.1982
2.4802
2.1731
2.1548
2.1215
1.8784
2.1684
2.0899
2.1579
1.6666
1.5812
2.076
2.2857
2.3498
2.2999
2.1632
2.0419
2.3292
2.1612
2.106
1.2736
2.0514
1.8013
2.2011
2.1632
2.1527
2.1483
2.0925
2.3788
1.5891
2.3183
1.4334
2.0315
2.0621
2.3446
1.2319
2.4875
2.2334
2.0968
2.4524
1.4613
2.3051
2.3432
2.1951
1.9421
2.1868
1.8068
2.4096
2.1349
2.0982
2.2035
1.8884
2.2848
2.4353
1.571
1.879
2.317
2.2609
1.6329
2.3131
2.2134
2.0598
2.0577
2.3548
1.6933
1.8695
1.9336
1.8738
2.2978
2.3753
2.1823
2.2004
2.209
1.8826
1.4125
2.3096
2.1866
2.1941
1.3689
2.152
2.3708
2.2141
1.8031
2.2953
2.1423
2.1438
2.206
2.381
2.2909
1.9858
2.3543
2.4804
2.0086
1.7244
1.5794
2.4355
1.9213
1.4878
1.5722
2.2959
1.7907
2.1749
2.3456
2.0093
2.2
2.2842
2.0983
1.8078
2.0096
2.4574
1.9754
2.1353
2.4302
2.3501
2.2682
2.206
1.8971
1.8733
2.3329
1.3582
1.8505
2.3073
1.4926
1.9936
1.6452
2.2975
2.2517
2.2736
2.1661
2.3958
1.4621
2.2349
2.2107
1.5101
2.2584
1.8568
2.2233
2.1894
2.293
2.1266
2.2876
2.0451
2.1671
2.2463
2.3925
2.3898
2.4616
2.1646
2.3884
2.3759
2.2821
2.3049
2.4801
2.1732
2.4327
2.2209
1.9871
2.2006
2.3159
2.0191
2.0617
2.2367
1.6077
1.7179
2.0767
2.1868
2.1553
2.0686
2.3032
1.752
2.1801
1.9696
1.9575
2.17
2.1233
2.2409
2.1639
1.4806
2.2525
2.4124
2.2598
2.2339
2.3327
1.1691
2.3071
2.282
2.3231
1.4672
2.3289
2.3146
2.0194
2.0293
1.9922
1.9903
2.1485
2.0819
2.0497
2.0028
1.6819
1.9842
2.3682
1.7353
2.2761
1.4093
2.1695
2.1917
1.9675
2.3326
1.5814
2.2852
2.0628
1.6274
2.1975
2.1931
2.1373
2.3547
2.2631
2.1545
1.7465
2.1052
1.3674
1.8044
2.1663
1.9846
1.9114
2.1871
1.9982
2.1621
1.449
1.9611
2.2976
2.1792
2.2125
2.1971
1.6151
1.9874
2.0596
1.4493
1.5312
2.1291
2.3212
2.1832
2.1925
1.8145
2.3382
2.2894
1.8484
2.0301
2.107
2.2969
2.3345
2.1337
1.7445
1.56
2.3129
2.2694
2.2214
2.1212
2.1817
1.963
2.2402
2.1155
1.3009
1.9909
2.3118
2.1329
2.3945
1.8603
1.9947
2.2014
1.6887
1.9499
2.3115
2.1027
2.2199
2.1033
2.1057
2.2339
1.498
1.3198
2.2381
1.8324
1.5839
1.1438
2.3229
1.6051
2.0087
2.3949
2.3086
1.9572
2.0143
1.8721
2.3586
2.1257
2.4917
2.2728
2.2673
1.6432
1.9303
2.2459
2.4305
2.3167
2.2194
1.3898
1.5357
2.1564
2.3525
2.1406
2.3988
2.216
2.169
1.8972
1.709
1.5979
2.3125
2.0949
1.7811
1.8646
2.2769
2.3695
2.0889
2.1433
2.0696
1.4296
2.0903
2.0428
2.2196
1.9931
2.0974
2.2862
1.7303
2.2748
2.1071
1.7652
1.6752
2.1048
2.2036
1.9869
1.222
2.0699
2.2296
2.1509
1.5972
2.0323
2.4711
2.3278
2.1674
1.88
2.3444
2.0426
2.2199
2.0853
2.2517
1.8178
1.9248
2.3995
1.8139
2.1987
1.2834
1.6671
1.4969
1.9405
2.3297
2.2816
2.4729
2.347
2.1524
2.1661
1.4726
2.0317
2.017
1.2802
2.0393
2.0888
2.1142
2.023
1.9475
2.3502
1.9114
1.4511
2.0548
1.9016
1.7454
2.3989
2.003
2.0656
2.2497
2.1436
1.8346
2.0151
2.3438
1.515
1.7666
1.6492
1.9294
2.3257
2.0624
2.1079
1.9048
1.45
2.2781
2.2926
2.0934
1.8392
2.3245
2.4822
2.044
1.4892
2.3212
2.1325
2.2798
2.2923
2.2181
2.2279
2.0709
1.7025
1.8421
2.3295
2.2096
1.9211
1.2334
2.32
1.4238
1.5937
2.0444
2.3479
2.2431
2.2043
2.5031
1.3215
2.0548
1.7322
1.4888
2.3348
2.4027
1.8867
2.4244
1.6424
1.5962
2.3892
1.8252
2.0194
1.516
2.2405
2.1392
2.098
2.2134
2.2367
2.2155
1.3854
2.0521
2.1296
1.8005
2.3042
2.1202
2.0901
1.7592
2.262
1.6172
1.846
1.1669
1.8577
2.2974
2.2744
2.2603
2.2286
1.8868
2.2063
2.2345
2.2567
1.6533
1.8799
1.649
2.4176
1.7628
2.3223
2.2411
2.3273
2.1103
1.9193
2.1396
2.2125
1.8658
1.9271
1.9863
2.3382
1.7816
2.2993
2.2848
1.7137
2.2766
2.0254
2.0583
2.0036
2.1764
1.8288
2.3595
2.2823
2.1267
2.2056
2.0223
1.9794
2.3779
1.8318
2.2911
2.3226
1.8814
2.4015
1.6823
1.9652
2.1134
2.1678
1.7025
1.6945
2.1668
2.2165
2.108
2.1654
1.7007
1.5158
1.8942
2.101
2.2092
2.284
2.3937
2.2712
1.8559
2.3959
2.104
2.2853
1.3386
2.1813
1.3001
2.2162
2.0058
1.9843
2.1089
1.5823
2.4167
2.3173
1.5347
2.2903
2.4066
1.9242
1.7768
2.0444
2.0936
1.2316
2.2349
2.2816
1.3544
2.3324
2.0073
1.2738
2.0194
2.2622
1.4521
1.5715
2.1861
2.3169
2.3366
1.8913
1.9215
2.3348
2.3621
2.2947
2.0337
2.2375
2.0667
1.178
2.3089
2.3929
2.254
2.0504
2.2575
2.1085
2.0184
2.2371
2.1967
1.7104
1.9199
2.364
2.429
2.372
2.3292
2.1109
2.1029
2.0236
2.1956
1.9855
1.8203
1.849
2.4482
2.2002
2.2011
2.2322
2.2897
1.858
2.2794
2.3355
2.2863
1.8841
1.7432
2.0672
2.2099
2.2785
2.0685
1.2953
2.0923
2.2086
2.1443
2.3152
2.502
2.4162
1.1412
2.2298
2.0621
1.8928
1.6722
1.9061
2.2476
2.2413
1.9834
1.4108
1.904
1.6303
2.2598
2.1956
2.3847
2.2438
1.5876
2.258
2.2919
1.8609
1.9745
1.6783
2.2406
1.1534
2.4167
1.9375
2.2562
2.4018
2.108
1.8159
1.2635
2.3866
2.239
2.0103
2.2976
1.6165
2.1057
2.3511
2.2096
1.9005
2.1429
2.3451
1.7656
2.2393
2.0321
2.3067
1.9136
1.2536
1.6481
1.8215
2.3239
2.3691
2.2495
2.3379
2.3536
2.1434
1.8287
1.5049
1.3851
2.3742
2.0502
2.2642
2.441
1.1703
1.6721
2.2658
1.4324
1.9485
2.0684
1.7969
1.7235
1.966
2.2219
2.0796
2.0099
2.3671
2.2998
1.7668
2.2348
1.0902
2.1106
2.3829
2.1163
2.1984
1.8532
2.4186
2.3975
1.9894
1.9405
1.574
2.0576
2.079
1.9931
1.9538
2.0512
1.6569
2.3912
1.2293
2.3035
1.7983
2.2217
1.8717
2.1962
2.2478
2.2062
2.3791
2.357
2.1932
1.8668
1.8725
1.9164
1.4955
2.0078
2.1565
1.8064
2.1258
1.9225
1.4558
1.5606
1.8687
1.9284
1.846
1.6919
2.2094
2.2931
2.1689
1.7766
2.3179
2.5042
2.1024
1.3998
2.1733
2.0434
2.1468
1.9974
1.9282
1.9653
1.5664
2.114
2.1426
2.1898
2.0783
2.0153
2.2599
2.031
2.3152
2.1954
1.5943
1.3209
2.3443
2.1552
1.3587
1.9344
2.0405
1.8756
2.4014
1.9075
1.9586
2.4595
2.302
2.2738
2.3209
2.318
1.9541
1.7707
1.9769
1.3193
2.2871
1.9645
2.3262
2.3951
2.1821
2.1178
1.802
2.3792
2.4299
2.1299
1.2116
1.9623
2.057
1.9308
1.6484
2.2753
2.2887
2.3239
1.1897
2.2101
2.1437
2.0815
1.2542
2.0779
2.3018
1.6295
2.38
1.6358
2.0105
1.493
2.1312
1.4391
2.278
2.0914
1.8552
2.0343
1.9551
2.1662
1.599
1.8439
1.6315
1.9815
1.9388
1.631
2.086
2.1237
2.3531
1.6732
1.6837
2.1252
1.6102
2.1245
2.0996
2.3217
2.2457
1.8355
1.7729
1.3541
1.8504
2.2356
1.3168
2.2134
2.0885
2.2639
1.6215
1.9219
1.5912
1.3936
1.9247
2.0054
1.8874
1.948
1.7149
2.1405
2.4222
1.6266
2.3021
1.938
2.2476
2.3011
1.7843
2.0776
1.6392
2.2575
2.1105
2.204
1.7627
2.2779
1.6947
1.4271
1.7544
2.1427
2.011
1.7886
2.2708
1.8016
2.4327
2.2295
2.0961
1.4163
2.3115
1.7735
2.1077
2.1078
1.5922
2.3218
2.1462
1.4634
1.9773
1.9445
1.4163
2.3979
1.7282
2.3064
2.332
2.2118
1.9809
2.2261
2.0845
2.4333
2.2143
2.2496
2.1821
2.3252
2.3599
1.9661
2.3028
1.6439
1.6545
2.1868
2.0987
1.5782
1.4969
1.5934
2.3812
2.4602
1.3775
2.1048
2.235
2.0834
1.9934
1.9419
2.2243
1.8351
1.8571
2.3131
1.8043
2.4058
2.0087
1.9549
2.2173
2.1365
2.2408
1.6216
2.3298
2.2879
2.4544
2.4133
2.3751
2.2043
1.3819
1.7582
2.234
2.1054
2.0394
2.227
2.0002
1.9451
2.1385
2.3088
2.1359
2.356
2.2674
1.8777
2.0831
2.2649
2.3669
1.6161
2.3599
2.1736
1.6242
2.2848
2.3164
1.7582
2.294
2.1419
1.7903
2.3124
1.226
1.161
2.3698
1.7666
1.8376
2.2571
1.502
2.3207
2.2157
1.8849
2.098
1.6615
1.9073
1.9731
2.2116
1.355
1.9727
1.844
1.559
1.5535
2.3516
1.9387
1.6321
1.5688
1.8215
2.1622
2.1749
2.3442
1.8835
1.3306
1.3998
2.305
2.2812
2.1575
1.8791
2.338
2.2955
2.3165
2.3019
2.1602
2.1726
2.149
2.1695
2.0128
1.9953
1.8921
2.1733
1.976
2.3399
1.7077
2.1532
2.2947
1.2271
2.0916
1.3688
1.9267
2.2223
2.1993
1.7068
1.6512
2.189
2.3131
1.6965
2.3086
2.0085
2.0587
2.2592
2.152
1.4155
2.3545
2.3461
1.908
1.5153
2.2185
1.7711
2.2572
2.232
1.9889
2.2048
1.3786
2.3638
2.1018
2.3505
2.205
2.2247
1.892
2.2447
1.4127
2.2238
1.5464
1.7439
2.1188
2.2905
2.1264
1.9453
2.1567
1.3867
2.2178
2.1399
2.2173
1.3966
1.302
2.0839
2.314
2.2147
1.9804
2.228
2.3312
2.1913
1.9162
2.2195
2.1804
1.6927
2.1089
1.1905
1.3432
2.1085
2.2987
2.2008
2.0327
2.4466
2.2607
2.1688
2.0815
2.0424
1.7097
2.2557
1.6856
2.0627
2.2461
2.2145
2.1032
1.7477
1.9315
1.8921
2.2245
1.8936
2.1396
2.0768
2.4408
2.2486
2.2904
2.3849
2.2733
2.0724
1.2326
2.4517
2.0677
1.5774
2.1776
1.8464
2.3851
2.0403
2.2247
2.2894
2.2877
2.0731
2.2638
2.17
2.1349
2.1619
1.4277
2.1316
1.9782
1.3991
1.9563
2.2891
2.0501
1.9565
2.2245
2.1419
2.1354
2.3042
1.9536
2.2378
2.2154
2.0993
2.3277
1.5332
1.7906
1.9208
2.1238
2.2093
2.235
1.3927
2.1122
1.9768
2.2022
2.2373
1.605
2.145
2.0021
1.9741
2.3072
2.2564
2.137
2.1532
1.5044
2.0685
2.4118
2.106
2.041
2.1782
2.3855
2.3672
1.1857
1.6316
1.9775
1.4316
1.9382
1.6738
2.2525
2.1692
1.9799
2.2037
1.9802
2.278
1.9876
1.3038
2.1156
2.342
2.2287
2.2732
2.133
2.0372
2.2064
1.4634
2.0914
2.3031
1.4272
1.548
1.9711
1.3048
2.3986
1.9825
2.286
1.9644
2.321
2.1637
1.7912
2.0839
2.1832
1.8743
2.2942
1.8187
1.4872
1.5088
2.3202
1.9044
2.1143
2.1578
2.1629
1.8296
2.1776
1.5623
2.1557
2.3468
2.3302
2.267
2.3633
1.7367
2.1913
1.905
2.3725
2.1356
2.3513
1.5031
2.0894
2.1805
1.6151
2.3291
2.2086
2.0561
2.0749
1.8455
2.2134
2.1404
2.4003
2.1722
2.19
1.6809
2.3629
2.2152
2.1981
1.4031
2.34
1.9971
2.0986
2.288
1.6799
1.3509
1.5424
1.7484
2.1825
1.8021
2.3398
1.6792
1.5447
1.2186
1.977
2.3271
1.4578
2.3518
2.3402
2.1565
2.343
1.9385
1.8701
1.9894
2.0615
1.6423
1.8986
2.0901
2.3425
2.1538
2.2575
1.8535
1.6157
2.2106
2.3669
1.2112
2.2982
1.7857
1.768
2.0293
2.1981
1.498
2.1463
2.1097
1.701
1.7527
2.2747
2.234
1.4874
1.4719
1.897
2.1688
1.8834
1.9521
2.4029
1.6708
1.3754
2.1181
2.1361
2.3175
2.0981
2.2536
2.2556
1.9554
2.1045
2.0165
1.9708
2.2237
1.9875
2.3111
2.201
2.1263
1.2874
1.7246
1.4654
2.2699
2.2027
2.1117
1.8075
2.0369
2.0926
2.2402
2.0634
2.2867
2.213
1.9525
1.831
1.5802
2.399
2.3718
2.087
2.385
1.4012
2.352
1.8175
2.1765
1.8996
1.7915
2.2286
2.3398
1.3776
2.3424
2.2144
2.1959
2.1575
2.2852
1.5077
2.3102
1.879
2.113
2.2558
1.7233
1.7283
2.1816
2.1471
1.6061
1.4838
1.5607
2.1541
1.9118
2.1434
1.8447
2.2492
2.3425
2.0535
2.2537
2.3905
1.971
1.2292
2.3839
2.2688
2.2737
2.1354
2.339
2.3753
2.0591
1.6131
2.1782
2.1316
2.1533
2.3618
2.1995
2.2124
2.2943
2.1003
1.9778
1.6521
1.6136
2.0325
1.5191
1.8799
1.7045
2.2535
1.4386
2.1961
2.0278
2.0049
1.6986
2.0782
2.1436
1.7748
1.9025
1.969
2.2478
2.3344
2.3711
2.2205
2.3092
2.234
1.5133
2.1739
1.8814
1.8574
1.8331
1.3853
2.3629
2.3504
2.2556
2.417
1.8889
2.2593
1.3988
2.2516
2.0189
2.0842
2.1922
1.503
1.7142
1.9086
2.1333
2.2866
1.8024
1.6912
1.9624
2.0974
2.3398
2.2688
2.269
1.9769
2.1139
2.4645
1.2626
2.0267
2.3761
2.351
2.0538
2.1837
1.3118
1.9477
2.1957
2.2794
2.1455
2.0032
1.4514
1.9873
1.3644
1.9874
1.298
1.5544
2.0598
1.7585
1.7997
2.1077
1.5037
1.7027
1.9153
1.9892
2.0822
2.1913
2.2644
2.042
2.4301
2.2493
1.6878
2.0552
1.9656
2.127
2.0473
2.3444
1.4429
2.1978
1.3977
1.7872
2.0918
1.962
1.4904
2.0628
2.0972
2.3671
2.4242
2.3069
2.42
2.3158
2.0358
1.9339
2.3155
1.9962
2.3398
2.1597
2.2194
1.6256
2.3367
2.2818
2.2028
1.2299
1.566
2.1825
2.1888
2.3095
1.6232
1.9216
1.202
2.5128
2.2668
2.0412
2.0027
1.8281
2.3523
1.3446
1.9616
1.9523
2.3533
2.334
2.0539
1.7082
1.9592
2.2492
2.2667
1.5815
1.691
2.2321
1.9497
1.6956
1.8076
2.209
2.2244
2.3597
2.4126
2.1806
2.0744
1.9565
2.0153
1.8528
1.8887
2.4456
2.3379
2.0254
1.7046
1.3267
2.2982
2.2842
1.5003
2.0394
1.9573
2.3725
1.7117
2.2131
2.2762
2.3745
2.274
2.1974
2.2151
2.077
2.1537
2.0337
2.2198
1.5059
2.3026
1.5455
2.0588
1.2988
2.3328
2.3612
2.248
2.1424
2.015
2.3986
1.3447
2.2592
1.8336
1.5408
1.2314
2.2911
2.353
2.1521
1.9484
1.3973
2.2271
1.476
2.0932
1.9276
2.2349
2.34
2.2123
1.9541
2.1212
1.7011
2.3228
2.1931
2.3561
1.8616
1.8822
2.2388
2.0819
2.2138
1.6513
2.173
2.2377
2.317
1.6858
2.0913
1.8992
1.536
2.2961
2.3321
2.0608
2.0552
1.8254
2.0515
2.1649
2.2416
1.6954
2.13
2.1458
1.7118
1.6636
2.0955
2.0357
1.829
2.4262
2.2141
1.8742
2.1276
2.2207
2.0079
2.2625
2.2417
2.3236
2.3397
2.0702
2.2556
2.0676
2.1829
1.3591
2.3263
2.2353
2.2344
1.5241
1.568
2.2291
2.1958
2.066
1.8488
2.347
2.3483
2.1487
2.4575
1.7087
1.8257
2.1763
2.0071
1.7164
2.1859
1.3304
1.7827
2.1483
2.3495
2.4106
2.283
2.3529
2.2212
2.2842
2.1617
2.0218
2.2835
2.2768
2.2782
1.9351
2.1936
2.2222
2.3628
2.1499
1.9822
1.9228
2.1937
2.1445
2.2902
1.4816
1.632
2.162
2.3497
2.1262
2.0694
1.8011
1.6292
2.0223
2.1062
1.9128
1.8271
2.1331
2.4349
2.3633
2.0998
2.004
1.7341
1.8707
1.5857
2.2089
2.1884
2.1341
1.95
2.1558
2.1016
2.0339
2.0926
2.36
2.379
2.3754
2.1994
1.3295
1.8641
2.4109
1.6011
1.8863
2.2419
1.5279
2.0506
2.3219
2.2166
2.2284
2.1224
2.1733
2.2329
2.214
2.3673
2.2408
2.0716
1.7291
1.3573
2.0445
2.3276
1.6788
1.67
1.8742
2.2727
1.4935
1.9927
2.0739
2.2866
2.3452
2.2338
2.0897
1.8497
2.1722
1.528
1.9791
2.3284
2.3684
2.1416
2.0495
2.1829
2.3397
2.0844
2.3638
2.3045
1.784
2.1035
1.9882
1.425
2.0121
1.5941
2.209
2.0577
2.1899
2.0745
2.3115
1.2342
1.7119
1.3796
1.7867
2.1226
1.6088
2.3369
2.3198
2.3759
1.5721
1.6047
2.179
2.1442
2.3335
2.2019
1.9732
2.3536
1.925
2.3214
2.2708
1.6949
2.3406
2.0297
2.1856
2.1784
1.5734
2.22
2.304
2.3871
2.1418
2.0794
1.9546
1.8265
2.2593
1.7776
1.369
2.2488
2.3248
2.2036
2.3321
1.6151
2.2411
1.6239
2.4196
2.2655
2.1497
1.9004
2.1449
2.1778
1.9771
2.0238
2.4684
2.2645
1.4275
2.2743
2.3762
1.2204
2.2266
2.2416
2.3902
2.331
2.4415
2.3332
2.005
1.9392
2.0307
1.5617
1.9826
2.4802
1.8331
2.0868
1.7167
1.4869
1.8246
1.7672
1.873
2.0004
1.9163
1.5842
1.2714
1.9652
1.5098
2.1714
2.2513
2.2401
2.3826
1.8523
2.3492
2.3529
2.0587
2.2602
1.9002
2.1815
2.0004
2.1789
1.8755
2.0298
1.9552
2.0574
2.0487
2.09
2.2364
2.2763
2.2669
2.3319
1.8662
2.1627
2.3764
2.4934
1.9745
1.9201
2.2014
2.3909
2.1183
2.2248
2.2887
1.8752
2.2731
1.9422
2.2902
2.0256
2.0046
1.5031
2.0655
2.2614
2.0002
1.8319
2.007
2.0973
2.2967
2.1963
2.1703
2.3011
2.3474
2.035
2.0445
1.9278
1.9548
1.8855
1.5106
2.3027
2.1255
2.1492
1.7511
1.3569
1.6767
1.9535
1.894
2.1534
1.642
2.2174
2.1987
1.3971
1.7194
1.9034
1.9403
2.1502
2.3035
1.6504
1.866
2.2138
2.1299
1.4721
2.4645
2.1485
1.59
2.3
1.5579
1.8109
2.3709
2.0362
1.9717
2.2398
2.1712
1.4884
1.3118
2.1823
1.9687
1.8431
1.7867
1.6127
1.6668
2.054
1.3152
2.2984
1.46
2.24
2.3562
1.8702
2.2158
2.2635
1.5896
2.1395
2.3356
1.9745
1.5438
1.9437
1.6433
2.0753
2.2747
2.2317
1.4949
2.3495
2.2317
1.8837
2.3932
1.5931
2.1179
1.6806
1.8939
1.5209
2.3199
1.9801
2.3025
1.8808
1.9722
2.3915
1.6548
2.1124
2.4514
1.989
2.2299
2.3519
2.1158
2.3025
2.3
1.7596
1.9142
2.244
2.4213
2.05
2.2955
1.9615
2.1817
1.5338
1.3184
2.3381
2.2406
2.2515
2.2548
1.8965
1.9861
1.8738
2.0991
1.6786
1.8035
1.5291
1.9032
1.976
2.2683
2.0901
1.0944
2.2374
2.1126
1.344
2.3017
2.0224
2.1391
2.0009
1.9447
1.6214
2.1347
2.4097
2.1248
1.8651
2.0698
2.214
1.6369
2.3931
1.6049
2.2886
1.3716
2.3368
2.3711
2.19
2.3066
1.5038
1.679
1.5289
2.0887
2.3661
1.5812
1.6393
1.9654
2.3608
2.2216
2.372
1.7267
2.3627
1.7522
2.1863
2.2499
1.9862
2.1598
2.3559
2.3237
1.7622
2.2343
2.2925
2.0239
2.3554
1.1894
2.4271
2.1388
1.8915
2.0521
2.1777
2.4997
1.9934
1.8659
2.2385
2.372
2.199
2.1174
1.4681
2.4369
2.0979
2.2974
2.3253
1.9892
2.0921
2.1186
2.2371
2.1482
1.755
1.1593
1.3953
1.6928
1.3073
2.1956
2.2838
2.1483
1.8087
2.363
2.0448
2.3128
2.384
2.3738
2.0496
2.072
2.4646
1.2481
2.3007
2.3182
2.0261
2.3475
2.2046
1.8635
2.1643
1.6767
1.8907
2.1756
2.2828
1.7432
2.2763
2.1852
2.2331
2.3237
2.3186
2.0979
2.3086
1.8379
2.4028
2.052
2.057
2.0343
2.2737
2.4958
2.2843
1.9679
2.21
1.397
1.9658
2.2416
2.2492
1.9324
2.4116
2.0136
1.8796
2.0131
2.0335
2.1738
2.2822
2.4086
1.888
2.2713
2.0095
2.0227
2.4157
2.2267
1.9531
1.8204
2.2215
1.9153
2.416
2.0524
1.5849
1.5931
1.8763
2.0539
1.6821
2.3284
1.4382
1.9759
1.5343
2.0285
2.3725
2.1081
2.2261
2.0884
1.7578
2.0523
1.8409
1.7235
2.0172
2.3742
2.2727
1.6793
1.4137
1.9469
1.788
2.3094
2.0301
2.1014
1.3866
2.2331
2.092
2.038
1.8233
2.2057
1.9685
2.3427
2.1557
2.0616
2.2954
2.1405
1.7916
2.2365
2.3507
1.6113
2.0618
2.0909
2.2504
2.0938
2.3496
1.2265
2.2263
2.2006
2.1981
1.7152
2.3742
2.3107
1.8905
1.8503
2.1795
2.4105
1.4692
1.9648
2.4274
1.92
2.2599
2.2333
2.0889
2.1829
1.635
1.8678
2.4146
2.1636
1.6836
2.2525
1.2031
2.3705
2.3325
2.2518
2.274
2.0396
2.0642
1.9162
2.2311
1.9417
2.2313
2.0714
2.2193
2.1414
2.2562
2.3746
2.3542
1.6457
1.975
2.286
1.7642
2.3574
2.0366
2.3912
1.3179
2.3499
2.2945
2.1684
1.8496
2.511
2.3696
1.1912
2.3023
2.0624
1.8452
2.1171
2.147
2.31
2.2173
1.7817
1.6161
1.2622
1.8628
1.8229
1.5296
2.0683
1.7536
2.1973
2.1451
1.5188
1.9517
2.1978
2.3275
1.3247
1.9497
1.5183
1.7155
2.2855
2.3812
2.2952
2.2339
2.081
2.2785
2.1048
1.7955
2.3802
1.3852
2.0111
1.7966
2.2053
2.31
2.2147
2.2276
1.5044
1.9161
1.963
2.1143
2.1002
1.7191
1.7122
1.76
1.8881
2.2418
1.6286
1.319
1.4613
1.4705
2.3444
2.1614
1.9396
2.1541
1.9411
1.9347
2.0079
2.0428
1.6339
1.6286
2.105
2.0531
2.0639
2.2633
2.3355
2.2216
2.0636
1.8393
1.984
1.97
1.6686
2.2235
2.1093
1.5089
2.2046
1.6837
2.4232
1.9577
1.138
1.8406
1.2728
2.1498
2.0025
2.2288
1.8892
2.1087
1.7908
2.2077
1.9771
1.4794
2.1838
2.3331
1.538
1.4196
2.4021
1.8656
2.0746
1.7613
2.3461
1.9289
2.5465
2.238
2.1882
2.036
1.919
2.2394
1.2266
2.3216
1.5686
2.0485
2.0603
2.1844
2.2745
1.9684
1.8225
2.4185
2.133
2.1198
2.0816
2.3328
2.2476
2.3316
2.1346
2.2824
1.9385
1.8422
2.1304
2.3199
2.1486
1.1567
2.2604
1.4183
2.3327
1.9367
2.1668
2.4496
1.5568
1.6058
2.2373
1.6985
1.5857
2.0046
2.2123
1.9439
2.2173
2.1615
2.1041
2.1837
2.1387
1.6712
2.1249
2.1326
2.2304
2.2631
2.1314
2.1648
1.9083
2.1023
2.1987
1.8137
2.2462
2.1177
2.1032
1.5008
2.2843
2.3639
2.2693
1.9418
2.3556
1.767
1.9663
2.1257
2.1437
1.2725
2.1423
2.3299
2.296
2.2414
1.4248
2.3441
1.6398
2.2204
1.2736
1.9964
2.1718
2.0812
1.9568
1.9548
2.2076
1.4534
1.9337
2.0683
2.3723
2.07
1.9562
2.1885
2.1571
2.1841
2.3325
2.3887
2.083
1.7934
2.1022
2.0294
2.1409
2.474
1.1543
2.2563
1.7413
1.9799
2.1248
1.1807
2.2396
1.1871
1.2437
1.8048
1.4989
1.6263
2.3153
2.2323
2.0868
1.9087
2.4115
2.2603
1.897
2.3585
1.9959
2.1864
2.0744
1.7668
1.4032
2.1547
2.0216
2.1169
1.9194
1.7867
2.0979
2.0575
2.1496
1.6131
2.1546
2.3244
2.2808
1.856
2.4399
1.5365
1.1947
1.4128
1.5597
2.4756
1.3916
2.2487
2.376
1.9052
2.2061
2.0813
2.3232
2.3625
2.0385
2.2511
2.2381
2.1378
2.1055
2.2704
2.2809
1.7867
1.8127
1.9826
1.6789
2.3532
2.2079
2.0516
1.8766
2.4516
1.6137
1.7564
1.7735
1.5354
2.266
2.2282
2.1828
2.2699
2.254
2.2796
2.1992
2.2457
2.2612
2.4018
1.961
2.3134
1.7761
2.2707
2.3621
1.6735
2.0488
1.8261
2.0676
1.8207
1.6661
2.1714
2.0227
1.5013
2.2302
2.0942
2.2239
1.5402
2.3921
2.2719
1.2555
2.2176
2.165
1.3454
2.4022
2.3352
2.0762
2.2588
1.5135
1.8607
1.9074
1.6597
2.2319
1.7356
2.1188
1.2985
2.0186
2.1749
2.1778
2.0724
2.2855
2.3725
1.9009
2.1252
1.3331
2.445
1.8052
2.3226
2.3206
2.1927
2.0154
1.8206
2.1566
2.2122
1.6667
2.292
2.2107
2.1812
2.2159
2.3391
2.4346
1.3378
2.2444
2.2346
2.1532
2.3055
2.3272
1.8557
1.4124
1.859
2.3729
2.4061
1.7309
2.3005
1.5481
2.3102
2.1617
2.3016
2.1918
2.3227
2.4646
2.2514
2.2887
2.271
2.0289
1.7738
1.4783
2.1045
2.1817
1.2797
1.8714
2.2712
1.2609
2.246
2.365
2.2737
1.4937
2.2325
1.8834
1.936
2.2388
1.7076
1.4993
2.0522
2.3431
2.3044
2.2624
2.3635
2.3758
2.1702
1.5956
2.2105
2.0875
2.3034
1.9408
2.2478
2.2037
1.4911
1.8664
1.8122
1.5545
2.329
2.1338
2.0844
2.3586
2.3752
2.3225
2.2559
2.1864
1.3294
1.5508
1.8815
2.3483
1.6354
2.105
2.3213
1.8611
1.8492
2.3198
1.6075
1.5508
1.656
1.5931
2.1678
2.2868
1.8182
2.2594
2.137
2.0029
2.2694
2.3647
1.7139
2.2055
1.534
2.3299
1.9873
2.3811
1.5921
2.1061
2.2425
2.1201
1.7855
2.3638
1.5061
2.0038
1.7951
1.9621
1.9082
2.3252
2.0478
2.2534
2.1161
1.916
1.9789
1.7841
1.5406
1.243
2.1555
2.4409
1.7581
1.6978
2.3555
2.0281
2.3407
1.942
2.1932
2.0265
1.9831
2.3715
2.1367
1.4328
1.7044
1.7744
2.0105
2.4339
2.0968
2.2153
1.6756
2.1133
1.3001
1.4558
1.573
1.7344
1.6509
1.9999
2.0277
1.9191
2.0051
2.0408
1.363
2.3304
2.2967
2.0392
1.9317
1.8761
1.727
2.1714
2.1236
1.7426
1.9898
2.374
2.3064
2.3426
1.88
1.9066
2.2023
2.2153
2.186
1.8225
2.2317
1.3827
1.6739
2.3447
2.1149
1.9898
2.3603
2.2064
2.2867
1.9487
1.6876
1.5473
2.3277
2.1476
1.8991
2.3058
2.2506
1.7123
1.735
2.3893
1.7411
1.8323
2.2566
2.2748
2.225
2.2375
1.6263
2.2226
2.3022
2.0947
2.0867
2.2044
2.3599
1.7293
1.9646
1.3649
1.641
1.7754
1.9372
2.1856
2.2339
2.088
2.1366
1.5422
1.1683
1.4195
2.3793
2.4404
2.4884
2.2218
2.3353
2.3241
1.6534
1.8337
2.1813
1.918
1.9649
2.0168
2.3107
2.3532
1.2038
2.1528
1.9769
2.0945
2.3594
2.0523
2.3843
2.2723
1.8226
1.5123
2.1761
1.635
1.827
2.2939
2.4025
2.4008
2.1383
1.6187
2.2616
2.3571
1.9676
2.4124
1.8529
1.3665
1.9886
2.0219
2.2573
1.7039
2.2811
2.205
2.1323
1.932
1.231
1.4001
2.0451
2.2873
2.3157
1.5284
2.1689
2.2865
2.2885
2.1807
1.7383
2.0344
2.3752
2.1436
2.0628
2.3269
2.2112
2.3296
2.3154
1.3717
1.4994
1.8179
2.406
1.5148
1.5004
1.5667
2.2379
2.0265
1.6586
2.1479
2.2655
2.3694
2.4308
1.2362
1.3242
2.0317
2.0874
1.9213
1.7925
2.255
2.2631
2.3733
2.3823
2.3449
1.9699
1.2954
1.8486
1.3295
2.2997
1.9618
2.0924
2.1313
2.4466
2.1365
2.2828
1.8981
2.3511
2.2144
1.9236
2.1797
1.8179
2.0868
2.4067
2.4411
2.2513
1.5577
1.5243
1.71
2.4446
2.323
2.2607
2.0122
1.9717
2.4302
2.1298
2.0226
1.8496
2.2743
2.4952
2.2115
2.2135
1.7906
2.082
1.9979
2.0501
1.7251
2.168
2.0976
2.2645
1.7044
2.2977
1.8977
1.9582
2.2909
2.2294
2.1887
2.3819
2.0025
2.1837
1.7402
1.7633
2.4113
2.369
2.1238
1.5677
1.7427
2.1737
1.8912
2.119
2.1272
1.6892
1.6434
2.1486
2.1625
2.3408
1.7672
2.3572
1.7375
2.4225
1.3713
1.6322
1.4542
2.1409
1.4866
2.4164
2.2559
2.3058
1.3886
2.3567
2.1422
2.0766
2.3202
2.191
1.5915
1.3589
2.2403
2.2365
2.3606
1.6337
2.1167
2.3069
2.1034
2.0736
2.3531
2.2378
2.2957
2.107
2.4329
1.4568
2.3062
1.9949
2.3316
2.2306
2.2164
2.0601
1.4438
2.27
2.2514
2.4446
2.0591
2.3251
2.1641
2.1842
1.8072
2.114
2.1199
2.1642
2.0434
1.3245
1.8136
1.8661
2.059
2.1413
2.1135
2.236
2.2278
2.005
2.3834
2.4075
1.9796
1.5115
2.3282
1.6112
2.1189
1.5454
1.436
2.339
2.3429
1.3607
1.8883
2.2661
1.4817
1.8285
2.2688
1.6737
1.8034
2.2402
2.1705
2.0152
2.0678
2.2799
2.271
2.1726
1.9812
1.9355
2.4011
2.0243
2.1958
2.0741
2.1681
2.038
2.1778
1.4751
2.0693
2.2068
1.6572
2.0769
1.3853
2.0078
1.6421
2.097
2.2415
2.4768
1.3551
1.571
1.5845
2.3864
1.9961
2.2931
1.6923
2.3286
1.5922
1.6662
1.7949
2.2125
2.4176
1.3716
2.2703
2.0744
1.263
2.2909
1.1606
2.2149
2.2921
1.7145
1.9135
2.0329
2.3931
1.5198
1.9375
2.2092
1.9637
1.8611
2.0924
1.9643
2.3351
1.6437
1.4571
2.2807
2.0228
2.0403
2.0793
2.0218
2.061
1.4363
2.2877
2.018
2.2812
1.8959
2.0616
1.418
2.1386
2.3266
1.814
2.1147
1.8207
2.4236
2.3121
1.9462
2.1459
1.8846
1.9329
2.2278
2.4142
2.3031
1.9161
1.8948
1.8227
1.7841
2.3272
2.1373
2.2898
2.4545
1.7173
2.1639
2.1093
2.3121
2.2994
1.4406
1.587
1.9768
2.5178
1.7089
2.0348
1.4401
2.1827
2.3082
2.3976
2.4298
2.1437
2.4657
2.2803
2.3301
2.0879
2.1528
2.1949
2.0945
2.2201
2.0895
2.2224
1.6817
1.9707
2.0833
2.3225
2.3771
2.2332
2.1737
2.4216
2.3106
2.2666
2.1266
1.8741
2.3461
2.4045
2.4747
2.1963
2.2556
2.2963
2.0168
2.2067
1.353
2.0883
2.3718
2.3938
2.4053
2.0952
2.2453
2.354
2.3586
1.4011
1.9785
2.2265
2.1229
1.5947
2.2455
2.0
2.2704
2.1639
2.2501
1.1782
2.1345
2.2418
2.2767
1.8425
1.654
2.2357
1.3745
1.9023
1.8521
2.3998
2.1231
2.2632
1.3859
1.5762
1.938
1.7282
2.2378
2.038
1.9809
1.9657
2.2369
2.0825
1.9135
2.2048
2.4262
2.0033
2.028
2.0316
1.6343
1.8382
2.3647
1.8131
1.3465
1.8866
1.9197
2.0006
2.1045
1.8229
2.3498
2.0319
2.2195
2.197
2.1611
2.2746
1.5256
2.4333
1.9299
2.2474
2.1409
2.2708
2.1719
2.018
2.0419
2.2492
2.2478
1.6764
2.2526
2.2112
1.7272
2.044
2.2668
1.825
1.926
2.2335
1.7652
1.6958
2.1008
1.7241
1.9405
1.9335
2.3998
1.9527
1.9184
2.1138
2.0882
2.334
2.0816
2.3154
1.7959
2.3643
2.2418
2.1354
1.4036
2.2344
2.3295
1.5696
2.3122
1.9918
1.8436
2.1124
1.4612
2.1244
2.0211
1.9159
1.5458
2.0761
2.2459
2.3013
1.5895
2.3435
2.0087
1.832
2.3563
2.2102
2.3199
2.3626
2.2777
1.1973
1.8643
1.2214
2.2046
2.1875
2.2276
1.44
2.2575
1.518
2.249
1.722
2.0319
2.1129
1.5248
2.1557
2.3287
2.3167
1.6282
2.2141
2.1997
2.1914
2.2686
1.8204
1.2024
2.2703
2.0644
1.5279
2.4795
1.7722
2.3147
2.1676
1.4501
2.1994
1.5193
2.2444
2.0124
1.4009
2.2005
2.1897
2.3649
2.0025
2.2613
2.3875
2.2853
2.3514
1.8981
2.3482
1.8128
2.1647
1.7736
2.1867
2.3116
2.0383
2.505
2.1936
2.0099
2.1412
2.1527
2.2543
2.1529
2.3669
1.8298
1.6631
2.2365
2.1823
1.938
2.1019
2.2222
2.2845
2.109
2.1926
2.122
2.3078
1.9689
2.1299
2.1496
2.2315
2.3652
1.6479
2.2625
2.2361
1.7958
2.1132
2.0484
2.2699
2.0675
2.3058
2.4055
2.18
2.1834
1.3889
2.0975
2.0779
2.1977
1.8264
1.6997
2.162
1.948
1.946
2.2674
1.3891
2.2511
1.4013
1.4834
1.6299
1.971
2.1091
1.9242
2.1462
1.7345
2.4059
2.3731
2.2417
2.0405
1.6626
2.3345
2.19
1.6919
2.26
2.0827
2.3755
2.1461
2.3207
2.2259
1.8893
1.8408
1.4597
2.26
2.2421
2.0742
2.1116
2.2928
1.2137
2.197
1.8811
2.4044
1.7407
2.2139
2.5179
1.9585
1.4302
1.4008
2.0927
2.3706
2.3143
2.4292
2.1373
1.6054
1.6368
1.5748
2.225
1.3735
2.1414
2.28
1.1943
2.0554
2.0987
1.7908
2.0185
2.2362
2.1452
2.1817
1.9461
2.088
2.2844
2.2138
1.9959
1.7928
1.7829
2.0829
2.1473
2.3452
2.212
2.0688
2.3217
2.0525
2.296
2.3808
1.3045
1.9626
2.1747
2.2343
2.1488
2.3028
2.0107
1.6596
1.5154
2.3072
2.2734
2.4038
1.5469
2.0609
1.8145
1.3175
2.3642
2.1711
1.1649
2.3435
2.2346
1.8764
2.1767
1.2552
2.2166
2.2665
2.4399
1.4136
2.1335
1.8988
2.1194
1.4814
1.7073
2.2045
2.1233
2.2437
1.9285
1.5575
2.0743
2.3122
2.4628
2.4184
2.0851
1.4532
1.9425
2.4206
2.3219
2.2978
1.8242
1.817
2.2291
2.2277
2.1681
1.6096
1.6626
1.506
1.9145
2.2529
2.2069
1.8411
2.3164
2.2297
2.0729
1.3701
2.2847
1.9399
2.1396
2.0281
2.0572
2.2175
2.3556
2.0588
2.3829
2.025
2.0745
2.3166
2.3084
1.747
1.2289
1.7541
2.2222
2.3879
2.3726
2.1913
2.0701
1.7344
2.2528
1.8028
2.2526
2.3993
1.645
1.7669
2.1529
1.7435
1.3811
2.0162
2.0911
1.9713
1.7064
1.6067
2.3339
1.9902
2.3858
1.9162
1.7331
1.8552
1.8648
1.7199
2.2305
2.1421
2.344
2.3526
1.8288
2.2844
2.1303
2.2679
2.3792
2.2331
2.0378
2.2031
1.9424
1.771
2.2363
2.3582
1.8091
1.8641
1.7044
1.8571
1.6253
2.1201
2.4464
2.0015
1.9421
2.3117
2.2037
2.2645
2.1938
2.3478
2.0971
2.0575
1.8296
1.8749
2.3404
2.4382
1.3186
2.1862
2.3112
2.2209
2.2326
2.0717
2.364
2.1166
2.1701
2.2442
2.1033
1.8788
2.2397
2.18
2.3535
1.7286
2.1273
2.1922
2.075
1.9099
2.3666
1.3254
2.3427
1.6963
2.0226
2.358
2.0066
1.6207
2.2824
2.1667
2.1675
2.3734
2.3609
1.9655
2.2618
1.9682
2.3554
2.0703
2.1125
1.473
2.1195
1.4724
2.2569
2.3053
1.4845
2.2831
1.7243
1.9361
1.5595
2.3783
1.7812
2.1765
2.1912
1.8414
1.3752
2.2523
2.0235
2.3506
2.3281
2.1319
2.2861
2.1719
1.8471
1.6698
2.1774
2.3971
2.0273
1.9835
2.151
2.4215
1.4904
1.5165
2.3866
1.2325
2.4583
2.2481
2.1405
2.2547
2.0716
2.2968
2.2285
1.7195
2.1374
2.2231
2.4685
2.3339
2.3266
2.2102
2.2272
1.8984
2.4649
2.2644
2.3911
1.4514
2.3459
1.5355
1.5522
2.3349
1.6073
2.2226
2.2833
1.9359
2.1317
1.3749
2.2162
1.3999
2.1931
2.3312
1.9644
1.6904
2.3442
1.8182
2.2907
1.6995
2.2525
1.5536
2.2937
2.2651
1.2747
1.4406
2.4724
1.875
2.2053
2.251
1.7894
2.0104
2.0362
2.378
2.3877
1.8088
2.0211
1.2819
1.438
2.1555
2.2105
2.2825
2.1428
1.9725
1.9787
1.7115
1.7255
2.343
2.399
2.4519
2.1143
1.613
1.5034
2.1669
2.3234
2.3804
2.2866
1.9239
2.1112
2.4369
2.1022
2.1735
2.2088
1.8635
2.2209
2.0171
2.2505
2.2105
1.6744
1.9542
1.5347
2.2133
1.9682
2.3172
1.6651
1.3003
2.3305
1.281
1.9978
1.6586
2.3768
1.5306
2.2314
2.3888
2.2901
2.152
2.3996
1.5321
2.1283
2.3091
1.554
2.3422
2.074
1.528
1.8418
2.4512
1.665
2.2292
2.3125
2.3217
1.7082
2.4193
2.0757
1.8115
2.0793
1.8756
1.6512
2.3569
1.9532
2.1538
2.1554
2.2186
1.8594
2.2426
2.2684
2.2652
1.6923
2.0948
2.1403
1.9907
2.2415
2.0937
2.2028
1.7838
2.2095
1.967
2.3098
1.2807
1.8022
1.6185
1.6331
1.4028
1.3537
2.2781
2.2092
2.2981
2.4848
2.4731
1.4262
2.2837
2.3773
1.2284
1.9444
2.2128
2.3351
2.1124
1.6846
2.281
1.6399
2.046
2.105
1.9322
2.4173
2.0009
1.5744
2.2625
1.8367
2.2972
2.2743
2.296
2.032
1.8794
2.3676
2.2009
1.5009
2.0263
2.0513
1.3133
1.5778
2.2549
2.1993
2.1858
2.289
2.1906
2.2063
2.0269
2.0161
2.3589
2.2257
2.3563
1.7093
2.1613
2.1385
1.7124
1.7383
2.191
2.13
1.5129
1.8942
2.3536
2.1005
1.9869
1.8691
2.0449
2.0297
1.8684
2.269
2.3128
2.2491
2.3715
2.1959
2.2106
2.2157
2.2524
2.0436
1.664
1.9172
2.1936
2.2028
1.9133
2.0546
2.0568
2.4022
2.3001
2.1425
2.0799
2.1378
1.8409
1.4443
2.3855
1.892
1.2791
1.4173
2.2416
1.9101
2.3668
2.2123
2.2108
1.8603
2.2138
2.0583
2.1788
2.0536
2.2801
2.2347
2.3503
2.3258
1.9516
1.8242
1.8474
1.9307
2.1361
2.1062
1.9697
2.1649
2.156
2.4486
1.8776
2.0763
2.1666
1.5834
2.2914
1.907
2.3187
1.4053
1.7966
2.1814
2.2797
1.3492
1.7146
1.6531
2.1946
2.3394
1.4707
2.017
1.8369
2.0525
2.2233
2.0621
2.1859
2.2539
1.9271
2.3378
2.4314
1.4212
1.8661
2.1332
2.2761
2.0851
1.8765
1.4141
2.132
2.3383
1.3949
1.4694
2.349
2.0619
1.6806
2.232
1.8497
2.3798
1.7897
2.3839
1.3312
1.9585
1.4004
2.1052
2.2355
1.8477
1.9235
1.4486
1.39
1.5121
2.3719
1.6098
2.0278
2.2848
2.0562
2.0066
1.5089
1.9184
2.4002
1.4903
1.7787
2.1092
2.3461
2.1877
2.2199
2.0922
1.8967
2.2304
1.7606
2.2963
1.8519
2.0608
2.1459
2.3983
2.4006
2.2354
2.2292
2.2135
2.1861
2.0529
1.2998
2.1632
1.4271
2.0728
1.4078
2.1503
1.7503
1.7311
2.251
2.3118
2.3953
2.1569
1.9735
1.6461
2.2742
2.2464
2.0804
1.6836
2.0166
2.0962
2.3398
1.4644
1.2804
1.2088
1.6262
2.3348
2.2911
1.4138
2.3759
2.2605
2.1687
1.7457
2.4057
1.6628
1.9101
2.1615
1.9231
2.3323
1.4673
2.3289
1.2699
2.2809
2.3137
1.9029
2.1366
1.4287
2.2438
2.2861
2.1002
2.1654
2.2085
2.0672
2.2764
2.2916
2.1952
2.0468
2.4414
2.0017
2.3248
2.1356
2.3831
1.8699
1.3689
2.2266
2.33
2.395
2.208
1.4957
2.3442
2.3108
2.3897
2.2567
2.017
1.8387
2.1161
2.4176
1.4136
1.3906
2.4771
2.2114
2.1836
1.7114
2.3968
2.0912
2.317
2.3098
2.0489
1.4874
2.2915
2.205
2.0946
2.2583
2.0549
2.2982
2.1563
2.3012
2.314
1.2043
2.2095
1.3515
1.3963
2.1763
1.9143
1.7674
1.56
2.1828
2.3235
1.439
2.4048
2.0918
1.8974
1.963
2.1782
1.9194
2.3977
1.636
2.0623
2.1145
2.1601
1.9435
2.2221
2.2113
2.1176
1.4539
1.9203
1.7666
2.06
2.2897
2.2591
2.3617
2.0014
1.9646
1.304
1.8677
1.6959
2.2721
1.8607
1.6674
2.1403
1.9504
1.3196
2.3107
1.7985
1.4857
1.5655
2.0735
2.1176
1.8083
2.1756
2.1805
1.5062
2.1211
2.3664
2.0732
1.5027
2.0898
1.2174
2.0356
2.3997
2.1584
1.3388
2.0597
2.3214
1.854
1.9901
2.3336
1.887
2.2103
2.0729
1.8087
2.1389
1.5656
1.2614
1.7913
2.1651
2.219
2.3433
1.8557
2.2606
2.2564
1.6846
2.1674
2.368
1.6902
1.8894
2.1166
2.3087
2.2193
2.2645
2.0628
2.3197
2.0882
2.1382
2.1946
2.1798
2.234
1.6584
2.28
2.2018
2.0999
1.9255
2.3674
2.1036
2.1177
2.2953
2.2284
1.5609
1.5507
2.297
2.2999
2.2251
1.7581
1.9554
2.1793
1.4539
2.3805
1.3358
1.4554
2.3917
1.9158
2.3985
2.1531
2.0589
2.1492
2.2582
2.336
2.0888
2.0398
2.1148
2.0244
2.2764
2.281
2.2592
2.3448
1.9283
2.0398
2.1589
1.6919
2.135
2.0371
2.2312
1.3325
2.2738
1.8283
2.2446
2.336
1.8239
2.2658
1.8484
2.234
1.4669
1.8517
1.8635
2.1403
2.1379
1.8503
2.0034
2.3468
1.9393
2.2192
2.3652
1.8694
1.6744
2.1177
2.2206
1.6756
2.3627
1.8163
1.9686
2.3335
2.3168
2.2047
2.0878
1.8736
1.8684
2.0719
1.6542
2.2381
1.6916
2.0085
1.5415
1.9633
2.0229
2.2698
2.3181
1.972
1.3505
2.0895
2.1959
2.2334
1.5828
2.0395
1.9228
2.3359
1.9078
2.2988
2.2999
2.2545
1.3477
2.0971
2.3374
1.3128
2.1373
2.2882
2.2008
2.4071
2.1214
1.7455
1.9883
2.2343
1.7095
2.0811
2.2286
2.231
2.0018
2.2799
2.334
2.407
1.7193
2.2473
2.1447
2.2009
2.3123
2.272
2.2473
2.265
2.1544
2.0954
2.3358
2.016
2.2546
2.3421
2.458
2.3635
2.3279
2.2804
2.4017
1.4376
2.1928
2.2228
2.3012
2.0953
1.4617
2.4131
1.451
2.2141
1.1949
2.4155
2.1492
1.7255
1.9795
1.9784
1.4493
1.6054
1.3213
1.4568
2.0507
1.9737
2.4608
1.7503
1.9126
2.1206
2.4546
2.2635
2.2272
1.8878
2.3369
1.8285
2.3143
2.2246
2.3514
2.0192
2.0211
1.7835
1.2656
1.2602
2.2511
2.3674
1.8737
2.4464
2.2738
1.9715
2.1595
2.3661
2.2529
2.1938
2.308
1.9968
1.6197
2.3267
1.1194
2.3287
1.8017
2.2718
1.9838
2.3515
2.2683
2.3283
2.1297
2.4275
2.006
1.8769
2.1834
2.387
2.1069
1.6378
1.6415
1.7896
2.1669
1.7465
2.1604
2.4197
1.4811
1.8912
1.7535
2.1786
2.3483
2.2256
1.8606
2.0959
2.2071
1.9576
1.9005
2.078
2.3154
2.0771
2.377
2.1172
2.1428
1.8669
2.3741
2.3423
1.8491
2.3523
1.8575
1.9315
1.3401
2.4183
1.8775
1.5461
1.9298
1.93
2.4914
2.322
2.3895
1.5351
1.9273
2.3874
2.2773
2.3606
2.2133
2.1222
2.238
2.3261
1.6169
1.9528
2.1506
1.9373
1.9472
2.3073
2.33
1.5955
1.8836
2.0803
1.4971
1.4682
1.9358
2.2318
1.901
2.2654
1.3919
2.2947
1.8697
2.1418
1.8459
2.0393
2.0617
2.4082
2.2069
2.1586
1.5916
2.2034
2.1207
2.3331
1.6705
1.6928
2.3001
2.1535
1.8794
2.0057
2.1956
1.9916
1.5184
2.4228
1.6638
2.17
2.2369
2.2222
1.9778
1.8081
2.2868
1.6397
1.7811
1.608
2.0684
1.4446
2.0897
1.5619
2.1058
2.0426
2.253
1.3321
1.5992
1.7799
1.4724
1.9283
1.5694
2.4443
2.2821
1.8967
2.3909
1.4061
2.1371
2.1864
2.2369
1.4611
2.2564
2.1173
1.4983
1.9514
2.124
2.2971
1.7245
2.2254
2.184
1.3207
2.134
2.2769
2.0314
2.1492
1.7341
2.2432
2.395
2.3457
1.5917
2.0068
2.1261
2.3168
2.1564
2.3421
2.2637
1.365
1.5348
2.0086
1.5122
2.1915
2.1776
1.5727
2.1389
1.9623
1.8895
1.9287
1.9297
2.0977
2.1332
2.4195
2.0167
1.5393
1.9803
1.5033
2.3557
2.0186
2.1654
2.1944
1.8442
2.3932
2.1538
2.1771
2.1947
1.5813
2.1739
1.7413
1.4175
1.2831
1.8889
2.0298
2.0288
2.0382
2.2231
2.286
1.7284
2.3704
2.0159
2.04
2.0228
2.09
2.2162
2.2402
2.2025
2.1405
1.9935
1.7674
2.2101
2.076
1.8049
1.8386
2.001
2.3902
2.0801
1.7699
2.2972
2.0235
2.2537
2.299
2.2969
2.1222
2.0094
2.2485
1.8164
1.6844
2.3512
2.1803
1.5651
2.1489
2.0031
2.0295
1.9296
2.2563
2.2039
1.7083
2.2563
1.4359
1.9311
2.3395
2.1389
2.2869
2.2219
2.3677
1.9931
2.3465
2.2652
1.6312
2.2168
2.2743
1.7662
2.3558
2.3145
2.3456
1.8101
2.1146
2.1712
2.1511
1.8144
2.418
2.2409
1.6648
1.834
1.9989
2.2706
2.243
2.3153
2.1215
1.6647
1.9664
2.1922
2.3093
2.352
2.3073
1.8589
1.9733
2.0665
1.917
2.1416
2.271
1.8
1.7995
2.0168
2.3149
1.9038
2.1428
1.9661
2.3476
2.2273
1.7194
2.2954
2.3591
2.2304
2.1629
1.8927
2.2273
2.127
2.211
2.2331
1.6759
2.1243
1.8093
2.3721
2.1537
2.2369
2.191
2.291
2.2347
2.1294
2.0042
2.3256
2.1288
2.3322
1.3636
1.7518
2.4347
2.1195
1.6126
2.3305
2.3282
1.5712
1.6331
1.5735
2.3114
2.4929
1.6528
2.3715
2.2412
2.1779
1.71
1.6929
2.3098
1.6075
1.7989
2.2915
2.3389
1.4829
1.9004
2.3132
1.9489
2.2214
2.3886
1.9213
2.1057
2.2487
2.2728
2.228
2.1357
2.0797
1.8293
2.2702
2.0884
2.363
1.5128
2.0578
1.9334
2.2969
2.3309
2.2703
2.301
1.5395
1.8523
2.1268
1.896
2.1905
2.2595
2.0881
1.6511
2.2674
1.819
2.2376
2.4704
2.4173
2.2283
2.0974
2.3683
2.1561
2.4022
1.8935
1.6152
1.716
1.5982
1.6482
1.6901
2.1643
2.1363
1.697
1.6178
2.2106
1.8853
2.3728
2.3499
2.2255
2.1509
2.3808
2.0243
2.3261
2.3505
1.4106
2.1015
1.6745
1.8189
1.6271
2.0036
1.4586
2.2728
1.9092
2.3865
2.3725
1.516
1.6414
2.0795
2.3435
2.2888
1.4184
2.1431
2.1618
2.2335
2.3532
2.0018
1.5041
2.4085
2.2751
1.4971
2.4027
2.1836
2.3968
1.221
2.3401
1.9546
1.8315
2.3787
1.5361
2.1416
2.0687
2.395
2.2648
2.1462
2.1959
2.3402
2.0898
2.2053
2.434
1.986
2.2205
2.2624
2.113
2.3079
1.7819
2.2685
2.1692
2.1577
1.6566
2.2365
2.0652
2.11
1.9615
2.0538
2.2897
1.995
2.2539
2.1273
2.2706
2.1521
2.3559
1.862
2.182
1.9083
2.0509
2.3296
2.2804
1.5792
2.5049
1.9687
2.3116
1.4164
1.5208
2.3484
1.7078
2.4125
1.9553
1.6966
1.8789
2.2961
2.2122
1.8059
1.9993
2.3946
2.3488
2.2735
1.6993
1.8393
2.3374
1.3346
2.1796
1.7717
2.1345
2.3193
2.2458
2.294
2.2612
1.5564
2.0544
2.0086
1.8292
2.2748
2.0743
2.1407
2.3088
2.1694
1.9457
1.9242
1.3803
2.0103
2.3402
2.3157
2.0897
2.3004
1.4632
2.0438
2.0332
2.3976
2.2792
2.4066
1.9076
2.3686
2.1767
2.2276
2.0181
2.4189
1.9749
1.789
2.192
1.3899
1.4205
2.1956
2.1914
2.0915
2.28
1.6056
2.3477
2.3844
2.2357
2.2377
1.5716
1.8533
1.9536
2.0527
1.8296
2.0379
2.3092
1.8204
1.3881
1.5406
2.1142
2.1129
2.1783
2.1781
1.9783
2.0692
1.854
2.1506
2.3406
2.3248
1.9446
1.4807
2.3235
2.3274
1.479
1.3156
1.8392
2.151
1.8315
2.3326
1.9701
2.2171
2.2546
2.4408
1.2984
2.3128
1.9775
2.1886
2.2568
1.5836
2.1302
2.4286
2.1545
2.0687
1.9334
1.4553
1.7927
1.8446
1.816
1.7357
1.8975
2.4226
2.2126
2.1276
2.272
2.3432
1.8827
2.0036
2.1482
2.2054
1.6414
2.2848
1.2132
2.3703
2.189
2.2972
2.1544
2.0579
2.2636
2.3283
2.3377
1.7761
2.2999
1.9658
2.0925
2.3338
2.259
2.111
1.5219
1.3143
1.7969
2.3522
1.8799
2.3585
1.9235
2.4279
2.3699
2.0694
2.4354
2.3214
2.234
2.1699
2.3886
2.1222
2.1495
2.3121
1.6098
2.3218
2.0613
2.1458
2.1581
2.3276
2.3115
2.0816
1.9925
2.353
2.129
2.272
2.1738
2.1027
2.1821
2.1862
1.9338
2.2159
2.1324
1.9871
1.4076
2.143
1.9607
2.3698
2.0488
1.3138
2.3561
1.6557
2.3666
2.4292
2.375
1.9217
2.136
2.342
2.2051
2.2786
2.0952
2.2389
2.3371
2.3382
1.6197
2.2552
2.1424
2.3851
1.3958
1.9318
2.1047
1.5513
1.9494
1.76
1.8189
2.0251
1.5155
2.4358
1.6983
1.6647
1.5119
1.6333
2.2223
2.315
2.2813
2.1985
2.2323
2.3893
2.1633
1.8094
2.3553
2.0528
1.8058
2.1072
2.0161
2.0209
2.2372
2.0063
2.3544
1.8167
2.2158
2.3215
2.2899
2.3746
1.3469
2.1651
1.2851
2.3497
2.1137
2.471
2.1989
2.312
2.0983
2.229
2.2014
2.1928
1.4241
1.8942
1.8752
1.8154
2.2291
2.0446
2.4037
2.3929
2.2087
2.1406
2.0698
2.1433
2.2373
2.18
1.8551
2.217
1.7181
1.5921
2.3662
2.3271
2.0959
2.3763
1.9755
1.282
2.2
2.2498
2.2841
2.1792
2.3554
1.5253
2.2957
1.9827
1.3798
2.2604
2.0309
2.1608
2.3499
2.0608
1.6508
2.2705
1.472
2.3754
1.4468
1.7582
2.1686
1.9516
2.1137
2.3444
1.9373
2.2314
2.3409
1.6117
2.1093
2.3852
1.5069
1.5676
2.176
1.3456
1.6007
1.5173
2.1317
2.3663
2.4754
2.1838
2.1237
2.3773
1.6055
2.2665
1.4416
2.1677
2.0068
2.0985
2.0516
2.2947
2.042
1.5946
2.0063
2.1737
1.7446
2.0484
2.3764
2.2366
2.3759
2.0131
2.3249
2.3078
1.4091
2.3174
1.2359
2.4964
2.1499
2.2697
1.9438
2.1788
2.3062
2.0146
2.1237
2.4492
2.4372
1.8951
1.9543
1.9028
1.5936
2.4065
2.2174
2.367
2.3338
1.9589
2.2359
2.2311
1.9214
1.2975
2.2666
2.4795
1.9942
2.2218
1.9687
2.461
2.2088
2.2021
2.0521
1.7299
2.2925
2.3782
2.0225
2.2426
2.0256
2.1745
2.3852
1.4382
2.1468
2.3949
1.97
1.4281
2.3486
2.0741
2.3694
2.3478
1.9759
1.91
2.1638
2.2234
2.3987
1.3496
2.388
2.2771
2.4177
2.168
2.1189
2.3722
2.018
1.9035
2.3486
2.1158
2.3012
2.378
2.4817
2.282
2.2245
2.1207
2.1406
1.9339
2.3311
2.3271
1.3841
1.6072
1.7588
2.2995
1.9286
1.4206
2.0133
1.2126
1.6962
1.6956
1.8148
1.9507
2.4063
1.5344
1.4313
1.8643
2.1148
2.1321
1.9768
2.3482
2.0501
2.3793
2.2476
2.094
2.0787
2.1225
2.2175
1.2871
1.9171
2.3176
1.7229
1.566
2.3288
1.2009
1.3666
1.4741
1.742
2.093
2.388
2.0147
1.7625
2.2954
2.0338
1.914
2.193
2.112
2.1472
2.3045
2.2911
1.5036
2.2642
2.4269
1.9947
1.5402
2.192
1.9395
2.2773
2.4102
2.4215
1.5001
1.8644
2.2911
2.3508
1.4852
2.0912
1.7585
1.9601
2.1415
2.2975
2.3576
1.8461
1.4567
2.3848
2.4752
2.3748
2.1104
1.9544
2.1206
1.7735
2.1947
2.0386
1.6137
2.0331
2.2467
1.2947
2.3431
2.1208
2.2854
1.8204
2.274
1.5343
1.5106
2.2755
2.129
2.2569
2.3195
1.7919
2.5709
2.378
2.1443
1.7016
2.0912
2.2978
2.1857
1.9656
2.2924
2.2332
1.7241
2.3034
1.7424
1.8583
1.8449
2.0698
2.2553
2.0568
2.302
2.3959
1.9655
2.3298
2.1207
1.722
2.0794
2.0147
2.1022
2.1965
2.0367
2.3367
2.3846
2.3062
2.254
2.0898
2.0017
2.3127
2.2971
2.1008
2.1598
1.8298
2.3835
2.0265
1.2525
2.2731
2.3463
1.9933
2.3524
1.2357
2.3657
2.3556
2.2945
2.4205
1.8339
2.3221
1.8793
1.5901
2.3385
1.2547
1.894
2.1806
2.2632
2.2665
1.4107
2.0183
1.773
1.9862
2.1247
1.9733
2.3009
2.2976
2.0125
1.839
2.1312
1.9791
2.2352
2.3206
1.6303
1.6424
1.5007
1.5867
2.084
2.213
1.9934
2.1701
2.2654
1.1959
1.4578
2.3457
1.7679
1.6909
2.153
1.4827
1.6732
1.463
2.1377
2.5123
2.1747
2.5121
1.9517
1.7749
1.7712
1.8701
2.2699
1.998
1.7195
2.1769
2.0554
2.2367
2.2379
2.2614
1.9132
1.8159
2.0732
2.1013
2.0286
2.0566
2.2842
2.4162
2.1559
2.3208
2.489
1.826
1.8871
2.2477
1.7499
2.4669
2.029
1.5331
2.2524
1.8482
2.2683
1.7421
1.9737
2.0316
1.9251
2.1762
1.4239
2.17
2.3886
1.3054
2.2783
1.391
2.2327
1.9868
2.4258
2.2113
2.4738
1.9305
2.1153
1.9159
2.1481
2.1773
2.1896
2.0828
2.0708
2.084
2.1755
2.1247
2.1795
2.261
1.8593
2.2379
1.3505
2.2732
1.63
2.4019
2.3335
2.2237
2.1868
2.1966
2.1139
2.2442
2.1843
1.3426
1.4421
1.487
2.2223
2.5128
2.325
2.2563
2.2769
1.8805
1.8598
1.7599
2.3259
2.1575
1.6635
1.4937
2.2667
2.3872
2.0587
2.2927
2.1449
1.7633
1.5009
1.1627
2.074
1.2926
2.1822
2.3032
2.3661
1.7358
2.3906
2.3483
1.9536
1.9928
1.7421
2.384
1.5995
1.2604
2.1974
2.3359
2.3339
2.1173
1.273
1.9551
2.1988
2.1635
2.0808
2.2609
2.0324
1.5875
2.3602
2.0995
2.0885
2.3223
2.3524
1.7699
1.9517
2.4727
2.0939
2.1872
2.0095
2.1796
2.1541
1.5212
2.2793
2.2214
2.1155
1.8849
2.38
2.3076
2.437
2.1953
1.7331
2.1454
2.2922
1.6976
2.3211
1.8151
2.3009
2.2071
2.2441
1.3159
2.2882
1.8889
1.887
1.9273
2.1279
2.0062
1.5554
2.215
2.3245
1.9274
2.2705
2.138
2.3803
2.0313
1.5001
2.2133
2.2149
1.7985
2.4476
2.351
2.2413
2.1768
2.1971
2.3503
1.3448
1.8447
2.2043
1.5668
2.078
2.376
1.8434
1.912
2.1379
1.7434
2.3058
1.9891
2.0438
2.3553
2.1395
2.2231
2.2562
1.8972
2.2881
2.0496
1.5081
1.7974
2.2001
1.9786
2.2841
2.0537
2.2468
1.7858
2.2912
1.7507
2.2306
2.4028
2.1679
2.217
2.2995
1.7014
2.1364
2.2009
1.9618
2.2331
2.1416
2.2371
2.2576
1.8746
2.0994
1.8977
2.4602
1.9497
2.1543
2.3302
2.2985
2.2183
2.083
2.0807
1.4233
1.8433
1.8232
1.6244
1.995
2.3018
2.2537
2.2102
1.479
1.3472
1.9688
2.0257
2.0537
2.083
2.1344
2.3773
1.5283
2.2597
2.2923
2.1616
1.9606
2.113
2.2633
2.2514
2.3931
1.7909
2.3789
1.3341
1.5119
2.1666
2.1403
2.4109
2.3686
2.3084
2.0017
1.9138
2.2007
1.7782
1.8963
1.9155
1.4435
2.3796
2.1814
2.3385
1.6784
2.1751
2.2667
2.1381
2.2436
2.0406
2.3025
2.1765
2.1385
2.0579
1.3468
2.1561
2.0774
2.1497
2.2659
1.9844
1.7809
2.1495
1.8751
2.0719
2.0731
2.1869
2.2913
2.2774
2.0024
1.895
2.1751
2.2797
1.6504
2.2886
1.8169
2.1748
2.2135
2.2294
2.2439
2.1717
1.9106
2.3306
2.3976
1.3364
2.3256
2.1669
1.8803
2.1259
2.2608
2.1833
2.179
2.5177
2.4202
2.0412
2.3168
2.4188
2.2662
1.3186
1.9635
1.6844
2.001
2.3278
1.8726
2.3443
2.1502
2.1122
2.4138
2.3762
1.8064
2.4015
2.0337
2.032
1.5993
1.6857
1.8482
2.3717
1.9746
2.2616
1.5764
1.3323
1.9777
2.3548
2.0222
1.9837
2.2155
1.7738
2.3269
1.5143
1.2748
1.7614
2.0
2.3786
2.2822
1.8872
2.1775
2.2102
2.0982
1.8928
2.0811
1.3982
2.2346
2.3219
1.971
2.1904
1.9506
1.4709
2.2738
2.2896
1.5022
1.9222
2.2423
1.9346
2.2072
2.1996
2.2218
1.8411
2.3958
2.1691
1.9859
2.2649
1.5176
1.4268
1.7153
1.7012
1.4446
2.1622
2.3096
1.7604
1.5736
2.1886
1.916
1.3181
2.0956
2.1822
2.3522
2.4263
1.3517
1.1676
1.3528
1.8029
2.2277
2.5138
1.9724
2.1732
1.2875
2.2213
1.8778
2.1067
2.3099
1.9501
1.3757
1.4503
2.0565
2.2456
2.1979
1.6207
1.6345
2.4136
2.0205
2.1008
1.3457
2.2754
1.8608
2.366
2.3985
1.8173
1.5202
1.8025
2.2668
2.1276
1.2733
1.3678
2.4047
1.2645
2.1195
1.5863
1.9849
2.1533
2.0562
2.2623
2.2644
1.8066
1.9496
1.3615
1.9599
1.3287
1.7811
2.3081
2.1777
1.9739
2.4625
2.2765
2.0167
2.3108
2.1052
2.2328
1.4525
1.881
1.736
2.0957
2.2708
2.2503
1.5431
2.3211
2.2429
2.1399
2.255
2.4194
2.0441
2.1755
2.2903
2.2461
2.3095
2.4263
2.3957
2.275
2.3644
1.2442
1.3306
2.0888
2.3805
2.1478
2.1137
2.27
2.3223
2.3651
2.2871
2.2197
2.0384
2.3174
2.1265
2.3194
1.8021
2.3061
1.8979
2.0849
2.4043
1.7844
2.3089
2.1911
2.1833
1.9595
2.1231
2.0919
2.4557
1.196
1.166
1.8291
2.1248
1.5409
2.2013
1.4019
1.7264
1.8724
1.6118
2.222
1.7254
1.8703
1.458
2.0013
1.8403
2.0922
2.0023
2.3157
1.5985
1.4266
2.1126
2.414
1.6038
2.2536
2.2043
2.1275
2.2827
2.2298
1.937
1.8207
1.6789
1.8957
2.0426
2.3853
2.0558
2.3732
1.6083
2.3442
1.7962
2.3026
2.1565
2.225
1.2521
2.2733
2.141
2.3415
1.9171
1.9047
2.1655
2.1825
1.5235
1.7642
2.2389
2.223
2.2536
1.4679
1.9178
2.2901
2.2003
2.0764
2.3425
1.8583
1.219
2.0983
2.141
2.2874
1.9724
2.2741
2.3361
1.6673
2.1065
2.2964
1.5191
1.7743
2.1672
1.9166
2.0177
2.2301
2.1346
2.2297
1.6786
2.0764
1.4597
2.0443
1.9287
2.2594
2.198
2.277
2.0145
2.3046
1.8652
2.3356
2.0087
1.4716
2.3003
2.2622
2.3578
2.1013
2.2348
2.2402
2.0117
1.3118
2.0726
1.6004
2.2731
2.1308
2.3181
1.6365
1.8669
1.5907
2.2587
1.4359
2.347
1.7034
2.0879
2.1204
1.8033
2.1695
1.9628
1.8587
1.9081
1.7567
2.1071
2.3904
2.306
1.969
1.2863
2.4063
2.1074
2.3987
1.8841
2.2781
1.1388
1.8203
2.2572
1.7806
2.4001
1.2529
1.8645
2.1186
2.234
1.9065
2.2231
2.065
2.1391
2.0124
2.2299
1.2318
1.9301
2.2955
2.2505
1.9787
2.2811
1.9351
2.1458
1.6604
2.0257
2.0347
1.6214
2.1698
2.3185
2.0377
1.7882
2.4112
2.2835
1.6403
2.1632
2.2232
1.5179
1.6327
1.3494
1.9433
2.385
2.2594
2.1735
2.2594
2.182
2.0896
2.2962
2.4511
2.4318
1.4285
1.6756
1.5135
1.4848
2.3093
2.242
2.2506
2.1766
2.3171
1.962
2.222
2.2049
2.1689
2.037
2.4869
2.3404
1.9128
2.1151
2.2101
2.0303
2.1711
2.234
1.9437
1.9813
2.3035
2.2755
1.4161
2.3205
1.8513
2.0382
1.9482
2.0377
2.2102
2.1142
2.1412
1.6548
1.7645
2.2795
2.0795
1.4708
2.0671
2.2933
2.2929
2.1923
2.0774
1.9616
2.0845
1.8248
2.258
2.3363
1.8266
2.3085
2.2245
1.719
2.0133
1.2243
2.2805
2.0079
1.7796
2.2069
2.2962
1.5331
2.1351
2.24
1.9339
2.053
2.342
1.5512
1.837
1.5429
1.6598
1.2055
1.2895
2.3536
1.9416
2.0521
1.6954
2.1572
2.1402
2.0833
1.6191
2.204
2.3223
2.3662
2.1462
2.3635
2.2813
1.4955
1.5688
2.3723
1.8809
1.5668
2.1349
2.1993
2.2443
2.149
2.4493
2.1129
2.2171
2.0951
1.376
2.3097
2.3708
2.2393
2.3356
2.38
1.3929
2.1073
1.965
2.1867
2.2194
2.3705
2.3431
1.9764
1.8174
2.2564
1.7538
2.2493
2.4254
1.9647
2.4509
1.8094
2.15
2.0958
2.1875
2.274
1.7442
2.3222
2.2177
1.9347
2.3501
2.3282
2.2727
2.0309
2.361
2.3432
1.5519
2.3343
1.8167
2.2674
2.4307
1.8758
1.5794
1.8776
1.5259
2.1406
2.1841
2.2658
2.2415
2.0365
2.2694
2.2107
2.2649
2.4603
1.2498
1.774
2.376
2.2468
1.8898
2.2453
1.9955
2.0164
2.2616
1.4812
2.1567
2.2433
2.0389
1.9779
1.6316
2.3161
2.3338
2.1686
2.1043
2.222
2.0248
1.9403
2.2312
1.9421
2.057
1.8965
2.2838
2.1798
2.0674
2.2695
2.2501
2.0907
1.6474
2.3125
2.3714
2.2458
1.5995
1.3265
2.0039
1.7622
1.8998
2.2374
1.6871
1.3543
1.8565
2.3013
2.3647
2.2638
1.6323
2.3078
2.2537
1.8657
1.3438
2.2598
2.4289
2.07
2.1952
1.8582
1.3935
2.1726
2.3361
2.1872
2.366
2.0768
2.0402
2.2164
2.341
1.8819
2.4127
1.7526
2.4543
2.2168
2.3115
1.1729
2.2569
1.8513
2.3182
2.211
2.3195
2.1143
2.3679
2.1154
1.3988
2.3693
2.1851
2.2081
2.2352
1.9292
2.2174
2.3937
2.2903
1.879
2.3112
2.3812
2.3448
2.2524
2.3851
2.286
1.7855
2.1907
2.3233
2.3412
1.5851
2.3884
1.8818
2.2361
2.2318
2.2059
2.0157
2.3164
2.1508
1.7522
1.7953
1.7763
2.3217
2.3573
2.2134
1.9163
2.3523
1.5489
2.383
2.203
1.7399
2.2118
2.1984
1.4404
1.9957
2.2049
2.3519
2.2398
1.5352
2.3366
2.0352
2.5213
1.9486
2.2091
2.237
2.2637
1.9808
2.2468
1.4894
2.3678
2.0853
2.3617
1.9888
2.074
1.6942
2.0355
2.0146
1.4397
1.4915
2.3718
1.8102
2.0647
2.4014
1.6685
2.2044
1.8894
1.7682
2.3898
1.9962
2.2978
1.9399
2.2389
2.0352
1.7097
1.9872
1.9424
2.0247
1.6849
2.0656
1.9169
2.2045
1.7405
2.2668
2.4252
2.2137
1.83
2.2286
2.1333
1.5894
1.9382
2.3538
1.7187
2.1599
1.9775
2.2384
1.6784
2.0795
2.2659
1.8182
2.3535
2.2642
1.9719
2.467
1.8146
2.276
1.6282
2.1954
2.4897
2.2188
2.3514
2.2382
2.1632
2.2188
1.6586
1.6056
1.4036
1.529
1.8278
2.0678
2.2355
1.8762
2.4059
2.2298
1.8509
1.5008
2.1102
2.3319
1.5629
2.2973
1.3742
1.6656
2.1503
1.8718
2.2529
1.8362
2.2732
1.9014
1.8857
2.4251
2.2949
2.0436
2.0127
2.3427
2.069
2.1
1.8085
1.596
2.1744
2.1
2.0236
2.413
2.1546
2.3791
2.3307
2.1615
2.093
2.2259
1.6683
2.0515
1.2604
1.9696
1.8992
2.0538
2.2479
2.4141
1.8943
2.3966
1.3603
2.082
1.8369
1.7086
1.9457
1.5759
2.2433
1.47
2.1715
2.2587
2.2267
2.2683
2.1733
1.704
1.7503
1.9685
1.439
2.2026
2.147
2.4715
1.7851
1.6127
2.0107
2.1366
1.9878
1.3258
1.3364
2.0018
2.4065
2.2281
2.1901
1.858
1.9323
2.2183
1.5679
1.8575
2.3517
1.5455
2.0674
1.5833
2.0692
2.0726
2.176
1.6084
2.2079
2.049
2.1334
1.9763
2.2696
2.0648
2.4241
1.469
2.2472
2.0473
1.754
1.431
1.4362
2.1189
2.2942
2.1704
2.1957
2.402
2.3916
2.2112
2.0805
1.687
2.0838
2.1639
2.2483
2.13
2.1298
1.8112
2.3482
2.0399
1.9102
2.3785
2.4029
2.4262
1.8449
2.0535
2.2553
2.3284
2.2459
2.2108
2.3562
1.7591
2.3506
1.6023
2.1699
1.2072
2.1985
1.9224
2.3689
1.8284
2.1498
2.0181
1.9933
2.4374
1.9322
2.3322
2.3389
2.3542
2.2261
1.5214
2.3644
2.4105
2.4145
2.0569
2.189
1.2869
1.9696
2.0783
1.6041
1.3848
1.7819
2.2712
2.2808
2.0105
2.1078
2.1562
1.3808
1.7366
2.2905
1.7472
2.1642
2.318
2.3363
2.3308
1.9486
1.9687
2.3106
1.4001
2.1691
2.295
1.9622
2.3144
2.0974
1.9844
2.1782
2.1176
1.8891
2.1103
2.3963
2.0808
2.2863
2.1669
1.4267
1.2976
1.747
2.1469
2.2638
2.1201
1.3294
2.0491
2.1986
1.619
2.2361
2.4518
2.3261
2.2485
1.3635
2.2079
2.0612
2.2085
1.5669
2.2648
2.1834
2.2683
2.2701
2.0249
2.2218
2.0399
2.1304
1.451
2.3358
2.3569
1.8382
1.9619
2.1209
1.4347
2.0489
2.2656
2.2533
1.4767
1.7949
1.8921
2.1728
1.748
1.4803
2.0331
2.3777
2.299
1.4357
2.1249
1.9753
2.3884
2.2369
1.323
2.3875
1.7482
2.4013
2.0782
2.0353
1.5665
2.3811
1.6163
2.0725
2.4719
2.0912
2.2673
2.2392
2.2569
1.5918
2.3758
1.9612
2.22
2.3113
2.3003
1.847
2.0395
1.8949
2.1892
2.4543
2.1513
2.3168
2.2579
2.1848
2.3343
1.9915
2.3388
1.8034
2.2465
2.353
1.7617
2.3451
1.6875
2.0057
2.17
2.2504
2.2764
1.6342
2.3754
2.2903
2.1736
2.3057
2.3492
2.1655
2.1405
2.5041
1.4569
2.1836
1.329
2.0393
1.6714
2.3746
2.1246
1.7839
2.4226
2.3777
2.333
1.9654
1.8397
1.7438
1.9767
2.4375
1.5403
2.3011
2.097
1.9984
1.845
1.8199
2.227
2.1527
2.1938
2.146
2.4125
1.4375
2.4486
2.1694
1.6934
2.2246
1.9485
2.1508
2.0134
2.3679
1.9608
2.285
2.3423
2.2326
1.8449
1.8648
1.7772
2.3083
1.4531
1.2623
1.6538
2.27
1.889
1.9672
2.3118
2.3357
2.2684
2.2905
2.2961
2.2288
1.642
2.1885
1.6666
2.1376
1.9948
2.3994
1.4493
1.4255
2.2803
2.2961
1.4911
2.1808
1.5854
1.4238
2.2222
2.2362
1.9252
1.8303
1.8801
2.2761
1.2526
2.275
2.3641
2.0054
2.1557
2.3191
2.2064
1.5217
2.3858
2.3844
2.4376
2.1607
1.7748
2.3028
1.8347
1.4907
2.2291
2.0477
2.1465
1.5967
2.2526
2.2735
2.2797
1.6055
2.0992
2.3263
2.2408
2.3979
2.0627
1.9356
2.019
1.2434
1.8472
1.3689
1.5903
2.1987
2.0775
1.2069
1.3707
1.7587
2.2668
1.5044
1.8823
2.1516
2.2701
1.6141
2.1731
2.385
2.4668
2.2797
2.2654
2.2193
1.2544
1.7224
2.1368
2.369
1.3946
1.5088
2.0014
1.3151
2.0854
2.2386
1.7086
2.0301
2.1195
1.6193
1.4442
2.2591
2.3787
2.3602
2.256
1.9787
1.2761
1.7933
2.1056
2.2591
1.8723
1.478
1.9967
1.988
2.2837
1.4754
1.5105
2.1067
1.4614
1.9733
1.209
2.2193
2.0161
1.7601
2.0603
1.7788
2.4599
2.0971
2.4508
2.2452
2.1815
1.913
1.979
2.1701
1.92
2.3949
2.237
2.382
2.0599
2.3884
2.0008
2.3543
2.063
2.3814
2.1265
2.086
1.842
1.5558
1.4717
2.2444
1.4969
1.9225
1.5178
2.1175
2.382
2.1574
2.455
2.4114
2.3873
1.7606
2.3361
2.1169
2.283
1.8906
1.3302
1.7389
2.3391
2.3374
1.3717
2.3637
2.0911
2.3783
2.3203
2.2868
2.2763
1.352
2.2972
1.2492
2.3538
2.1511
1.9831
2.2418
1.943
2.2781
2.3458
2.3957
1.605
2.4637
1.8015
1.6278
2.3053
1.3304
2.0441
2.2349
2.1892
2.1546
2.2486
2.3424
2.4215
1.943
2.0484
1.8518
1.866
2.0841
1.5898
1.6088
1.9948
2.174
2.2262
2.2115
2.3501
2.0459
1.3985
2.3271
1.9822
2.1748
2.1566
2.3206
2.114
2.1578
2.1787
2.0219
2.2215
2.0647
1.6537
2.2178
2.0186
2.2486
2.0062
1.957
1.9146
2.2554
2.0721
2.2188
2.2603
1.8976
2.0995
2.2068
1.8323
1.8848
1.8245
2.1163
2.3918
1.5961
1.4352
2.1627
1.8265
2.1613
2.019
2.3249
1.9768
2.1911
2.2014
2.283
2.1388
2.3703
1.6542
2.0579
2.0607
1.6096
2.1985
2.1301
2.1
2.3677
1.3414
2.2717
2.3452
2.2508
2.0333
1.6198
2.3919
1.5891
2.2235
2.2981
2.1335
1.2062
1.9884
2.3977
2.2063
2.0408
1.7261
2.0489
2.3021
1.8092
2.3355
2.2161
2.388
2.0437
2.1349
2.1957
1.9933
1.9526
1.8794
2.2758
1.2567
2.0458
1.5357
2.0705
2.1353
1.3938
2.2786
1.703
2.3094
2.2691
2.3309
2.3468
1.8742
2.0576
2.1307
2.1918
2.168
1.5171
1.2628
2.273
2.2844
2.403
2.1532
2.115
2.3373
1.9848
2.2062
1.5174
2.1575
1.9572
2.1339
1.9362
1.4359
2.1951
2.2079
2.4287
1.8686
1.5962
2.2759
2.2889
1.6271
2.4841
1.9562
1.9857
2.1285
2.122
2.0222
1.8892
1.7985
2.107
1.6981
2.1492
2.379
2.0196
1.9148
2.4301
1.5638
1.824
2.0308
1.8896
2.1891
1.373
1.9504
1.5901
2.2895
1.3759
2.3618
1.9964
1.8869
2.3685
2.3167
2.0967
2.2678
2.0905
2.3918
2.088
2.3451
2.2997
2.1328
2.0799
1.7739
2.0419
1.7727
1.8866
2.3809
1.8228
2.0732
2.2242
2.5139
1.8647
2.2785
2.0367
2.2855
2.1179
2.072
1.706
2.2121
2.2844
2.2048
1.9077
2.1118
2.2926
2.0019
2.4133
2.0251
1.2738
2.2313
2.1562
2.0368
2.212
2.1914
2.1883
2.2613
1.3382
1.8384
1.5651
1.969
2.0608
2.2969
2.3141
2.1033
1.7181
2.3032
2.2206
2.2704
1.5528
1.4194
2.3585
2.191
2.4836
2.4464
1.9683
2.2866
1.7696
2.2389
2.348
2.2024
1.796
2.159
2.2933
2.2937
1.9786
2.3473
1.5791
2.034
1.6672
2.2026
2.3089
2.4008
1.945
1.9048
1.9166
2.2753
2.3481
1.7433
2.1846
2.03
2.0757
2.2654
2.2651
2.1525
2.0604
2.2793
2.3212
1.5212
1.1674
2.1547
2.1704
2.2473
2.2535
2.3088
2.3229
1.6704
2.33
1.8407
2.1269
2.2074
2.1338
1.4264
2.0919
1.7908
2.3424
2.262
2.3402
2.2648
2.1166
2.2875
1.6238
1.9432
1.7022
2.4676
1.5554
1.5784
2.3595
1.8521
2.0061
2.2001
2.1843
2.1154
1.4215
1.546
2.0594
1.7906
2.1475
2.3029
2.2749
1.8881
2.0307
2.1436
1.9506
2.0427
1.9397
2.2744
2.2203
2.2285
2.3356
2.3499
1.9669
2.2585
2.0618
1.9023
1.603
2.242
1.9079
2.1471
1.2142
2.4001
2.1233
2.0884
1.9943
2.1717
2.1677
2.2121
1.3097
1.8057
2.0906
2.1639
2.2968
2.2753
2.0067
2.3139
2.2048
1.5016
1.7068
2.4794
1.4983
2.1228
2.0154
1.8791
2.2534
1.9004
1.6895
2.3361
2.2281
1.1648
2.2022
1.5055
2.2658
2.0969
1.9335
1.9846
2.2752
1.9932
1.9928
2.2176
2.3386
2.1695
2.3157
2.0745
2.1386
2.0211
2.2783
2.0832
2.2279
2.1499
2.0496
2.2708
2.443
