2.3939
2.1496
2.3741
2.3507
2.3583
2.4289
2.1914
1.3636
2.1908
1.6794
1.2972
1.4799
2.2047
2.368
2.1212
1.3911
1.9845
2.3879
1.5027
2.2528
1.7873
2.0829
2.1395
1.4852
2.0523
1.8871
1.9797
1.5331
2.1829
1.9787
2.1456
1.9604
1.7307
2.384
2.2508
2.0054
1.8993
1.4934
2.3748
2.0767
2.3467
2.2465
1.4651
2.3845
2.0964
2.0839
2.1616
2.1513
2.243
1.9503
1.6166
2.2995
2.1983
2.3943
1.7449
1.7818
1.3774
2.3027
1.4368
1.9063
1.1618
2.1418
1.8096
2.1877
2.3218
1.4513
2.1278
1.4589
2.2774
2.2991
1.9169
1.8603
2.4334
2.4474
2.1237
1.7352
2.3376
2.1738
2.4788
2.2461
1.3905
2.2408
2.1487
2.121
1.2413
1.8491
2.1479
2.1585
2.3931
1.8507
2.2449
1.8097
2.3697
2.0462
1.7638
2.1088
2.1895
2.3958
1.3863
2.1345
2.0132
1.5401
2.2724
1.5542
2.2988
1.8182
2.1825
1.5709
1.3376
2.3718
2.428
2.2422
2.2821
1.8425
1.3232
1.7153
1.201
2.1924
1.3285
2.1558
2.1021
2.2694
1.9573
2.5098
2.4018
2.0307
2.3372
2.1608
2.1131
2.1928
2.2853
2.4652
2.1691
2.3003
2.2964
2.3826
2.3573
1.8954
2.1882
2.3124
2.1217
2.3711
2.1987
2.0602
2.3372
1.7086
2.3209
1.4259
1.5154
2.2499
2.334
2.3024
2.2224
2.1377
2.3728
2.4472
2.08
2.3908
1.6546
2.0302
2.2538
2.2609
1.8886
2.198
1.9738
2.408
2.0479
2.5034
1.9356
1.797
2.3621
2.3914
1.2062
2.3761
2.3462
1.3335
1.9204
2.2936
2.36
2.3235
1.2942
2.378
2.4772
2.4372
2.2233
2.0187
1.6509
2.3774
1.4709
1.4182
1.5485
2.213
1.8229
2.2969
2.3613
1.9114
1.8521
2.1531
2.427
2.3642
2.3347
2.2676
2.2464
2.3988
2.4062
1.6529
1.7253
2.2101
1.9119
2.1659
2.1828
2.34
1.3051
2.3188
2.4262
2.2022
2.292
2.3849
1.6677
2.1953
2.1096
2.2548
1.9715
1.9546
2.3326
1.7684
2.2025
2.2125
2.1411
2.4858
2.2823
2.2354
2.3532
2.4086
2.0681
2.0156
2.3427
1.9219
2.3181
2.483
1.4974
2.0274
2.3678
2.376
2.42
2.3893
2.2978
2.3423
2.1985
2.3523
1.8423
2.3492
2.0256
2.1786
2.4551
2.4221
2.2632
1.9582
2.0104
1.8883
2.4239
2.3744
2.4187
2.362
2.3111
2.3751
1.8633
2.4399
2.0738
1.8773
2.1182
2.3475
1.399
2.2868
2.0668
2.0406
1.5756
2.3833
2.0205
2.2272
2.4138
1.7948
2.3461
2.3245
1.8772
2.3485
2.1957
2.253
2.3522
2.3404
2.3888
2.3672
2.3776
2.0939
1.5917
2.2187
2.1293
1.8751
2.2428
2.1302
1.728
1.7664
2.0073
2.401
1.3519
1.5901
1.5502
2.4038
2.1423
1.337
2.1231
2.4199
2.3778
1.8598
1.9712
1.4377
2.401
1.882
2.4245
2.1948
2.3793
2.341
1.4062
1.9225
2.4205
2.4335
1.588
2.2738
1.7104
2.1584
2.3197
2.1067
2.1294
2.2051
2.3823
2.1044
2.1581
2.0537
2.2079
2.3918
2.1925
2.1927
1.2125
2.0989
2.3394
2.26
2.0389
2.2214
2.2505
2.1386
1.7867
1.4958
1.4794
2.083
2.325
2.1286
2.2342
1.5272
2.1383
1.364
1.8398
1.5363
2.308
2.3963
1.8873
2.5055
2.2358
2.2613
1.6447
1.338
1.711
2.2285
1.8261
2.3616
2.0989
2.3588
2.3359
2.2335
1.6497
2.4038
1.7893
2.4141
1.2005
2.3326
2.4485
2.1273
2.4313
1.8034
1.3293
2.4304
1.6807
2.2409
1.4435
1.6359
2.1297
2.2221
1.7699
2.4049
1.9093
2.2625
1.501
1.7796
2.1763
1.7028
2.3397
1.59
2.4202
2.2462
2.2886
2.4532
2.276
2.2603
2.1645
1.7522
2.3924
1.5009
2.1935
1.5054
1.7795
2.1793
2.3214
2.3469
2.0839
2.2806
2.1949
2.2812
2.4083
2.4313
2.2095
1.671
2.1783
1.6389
2.189
2.1621
2.4142
2.3627
2.3637
2.2406
2.3284
1.4146
2.325
2.263
1.3726
2.4069
2.4621
2.3391
2.3107
2.2782
2.3619
2.2612
2.1923
1.8977
2.2851
2.3827
2.042
2.3925
2.3396
2.4293
2.2807
2.361
2.4819
2.102
2.1283
1.1998
1.6671
1.3802
2.0373
2.3403
2.3946
1.9262
2.1472
2.3623
2.3604
2.4041
2.2918
2.4262
2.3753
2.4339
2.4031
1.3574
1.84
2.3554
2.0512
2.2201
2.1828
1.966
2.3312
2.3569
2.25
2.1527
2.4529
1.5464
2.4375
2.3308
2.2304
2.3516
2.2404
1.9101
2.425
2.3761
2.1665
2.3505
2.4515
1.9942
1.6996
2.362
1.4207
1.5542
2.4164
1.8119
2.3649
2.403
2.2278
1.605
2.1615
2.4508
1.5455
2.4013
2.448
2.2536
2.1735
2.3187
1.864
2.2424
2.3462
2.4071
2.0489
1.5886
2.2149
2.3783
2.2802
1.3372
2.4198
2.3292
2.184
2.2505
2.0016
2.3802
2.4651
2.1805
2.3104
1.5212
2.3655
1.3656
2.3323
1.8181
2.2962
1.7962
2.3238
2.3583
2.1604
2.0771
2.3445
1.6825
2.2958
2.2523
2.4629
2.2934
2.3084
2.1691
2.0543
2.4059
2.1016
2.3973
2.1361
1.9703
2.3561
2.4741
1.4056
2.4443
2.0292
2.2114
1.3157
2.3048
2.2451
2.4622
2.3644
2.2941
2.4092
2.4197
1.8952
2.1869
1.7795
2.3874
2.3804
2.285
2.3821
2.2869
2.2113
2.045
2.1917
2.4555
1.8495
2.213
2.1317
1.1691
2.2876
2.2817
2.3996
2.3956
2.2394
2.4088
2.1368
1.4308
2.2394
1.9975
1.235
2.2649
1.9487
2.3907
2.0701
2.121
2.1032
2.3021
1.4278
2.0574
2.2866
2.4229
2.1134
2.1636
2.3848
2.0274
2.378
1.9399
1.3076
2.3744
2.4433
2.2209
2.0469
2.3195
2.3066
2.4024
2.4618
1.4966
2.3347
2.364
1.9623
1.7454
1.6484
2.4066
2.3561
2.2077
2.4585
1.3345
2.1625
1.9592
2.3015
1.3707
1.9634
1.5054
1.8095
1.4267
2.4752
2.4463
2.2183
2.3176
2.0014
2.4041
2.1897
2.4615
2.0408
2.3761
2.3089
2.1959
1.7838
2.0071
2.2748
2.5044
2.3643
2.1025
2.2993
2.1675
1.8057
2.1138
2.3486
2.3658
2.3435
2.379
2.4049
1.4421
2.3517
1.3846
2.2168
1.9838
2.4128
2.3593
2.2994
2.3185
1.6771
1.8935
2.2798
1.4065
2.3167
1.854
1.278
1.6104
2.4906
2.4383
2.0984
2.3847
1.4015
2.1536
1.8448
2.439
2.0038
1.6592
1.9908
2.3049
1.6205
2.3681
2.1574
2.421
2.2516
1.7735
2.1793
1.8026
2.4614
2.1964
2.3094
2.3143
2.1205
2.0755
2.1934
2.059
2.3372
2.1841
2.2017
2.18
2.4361
1.8091
2.1535
2.336
2.3832
2.007
2.2845
2.2166
2.1483
2.3243
2.3898
2.4362
1.7844
1.8769
2.4587
2.2323
2.3997
2.0939
2.1862
2.3809
2.3176
2.3293
2.4188
2.4039
1.1698
1.8915
1.4478
1.7585
2.1568
2.4515
2.2627
2.2611
1.383
2.3093
2.1846
2.1923
1.4612
1.4839
2.414
1.6129
1.9113
2.4214
1.5704
1.9
2.3694
2.1978
2.3346
1.6413
1.8418
1.5529
2.4191
2.2219
2.2778
1.4494
2.3586
1.9091
1.5842
1.343
2.3474
2.3568
2.371
2.2336
2.3094
2.275
2.4132
1.9545
1.8085
2.3881
2.226
2.4011
2.4609
1.5636
1.6163
2.3507
2.4276
1.9801
2.2466
2.1434
2.3513
2.2109
2.0556
1.8592
2.417
2.2693
2.132
2.1383
2.3867
2.3804
2.1812
1.9758
1.5638
1.8253
2.2948
2.196
2.4243
2.3389
1.9772
2.2962
2.1135
1.7819
1.3028
2.3496
2.0649
2.304
1.4201
2.1845
2.197
2.3402
2.4562
1.6167
2.213
1.3669
2.2473
2.453
2.3155
2.4542
2.3516
2.3563
1.3895
2.2627
2.2653
2.415
2.4743
2.3673
2.3336
2.4074
2.1
2.4404
2.3042
2.4363
1.9721
2.1785
2.3976
2.4485
2.3824
1.8632
1.3323
2.0122
2.1347
2.1955
2.1045
2.433
1.4124
2.1085
2.4465
2.3235
1.5131
2.4301
2.2433
2.2837
2.0094
2.3533
2.3124
2.3861
2.3741
2.442
2.4512
2.3092
2.3266
1.9658
2.4187
2.2639
2.3147
2.4379
1.6783
2.234
2.3348
2.3086
1.8498
2.3861
2.0134
2.1918
1.5476
2.1883
1.8712
2.227
2.2237
2.1071
2.0017
2.002
2.4242
2.3732
2.3974
2.3324
2.4135
1.6421
2.3966
2.0119
2.3845
1.3313
2.2052
2.4081
2.0112
2.4491
2.0513
2.3481
2.0581
2.1233
1.8506
1.9584
2.2515
2.4067
1.9394
2.2693
2.2149
2.3144
1.401
2.305
1.9454
2.1199
2.3756
2.2276
2.005
2.414
2.3446
1.7067
2.3078
2.4296
2.426
2.2275
2.3841
2.3009
1.8503
2.3637
2.4298
1.8794
1.5409
2.1937
2.215
2.172
2.3934
2.1643
2.0927
2.2626
2.4389
1.4393
2.2803
2.3634
1.795
2.064
2.4194
2.0673
2.3731
2.1082
2.2654
2.0708
2.1205
2.2809
2.4687
1.5646
1.6094
2.202
2.4811
2.3897
2.1397
2.3131
2.4088
2.5278
2.333
2.2378
2.3079
2.4492
2.0301
2.2573
2.3629
1.7898
2.4657
2.3064
2.0912
2.4614
2.0938
2.4324
2.4134
1.2003
2.2753
2.1877
1.6071
2.1459
2.3643
2.0143
2.3151
1.5562
1.239
2.3828
2.2122
2.3744
2.2324
2.3273
2.3419
1.9754
2.4082
2.2541
1.972
2.0577
2.2764
1.5263
2.3755
2.3722
1.5541
2.2576
2.3299
2.3069
2.3213
1.9536
2.4574
2.3051
2.1677
1.2793
2.0607
2.1947
2.3305
2.3628
2.3611
2.1983
2.3805
2.3321
2.359
2.2195
2.3689
2.1602
2.2105
2.3807
2.3179
2.4193
2.411
2.2997
2.341
2.2705
2.1826
2.0904
2.372
2.037
2.4171
1.8411
2.137
1.7381
2.4251
2.1998
2.3781
1.3501
2.1965
2.2064
1.371
2.3659
1.6739
2.185
2.4186
2.3461
2.2525
2.3839
1.7456
1.5488
2.3353
2.1622
1.5889
1.5774
2.1671
1.7523
2.4233
2.3209
1.9255
2.3024
2.0133
1.6016
2.3581
2.397
2.3142
2.1053
2.2768
1.8939
2.2937
1.9916
2.3946
2.3409
2.2731
2.0739
1.4278
2.36
2.3859
1.8551
2.0084
2.2715
2.057
2.0491
2.3804
1.6124
2.2706
1.3963
2.0011
2.342
2.2525
2.4123
2.1101
2.4013
2.3031
1.8447
1.8358
2.0875
1.6207
2.3312
2.3247
2.19
2.1684
1.8874
2.1662
2.4187
2.0938
2.2321
2.2208
1.9227
2.3557
2.0541
1.6053
2.3537
1.6499
2.4537
2.2574
2.3078
2.3793
2.3126
1.2541
2.3636
1.0993
2.442
2.1961
1.6779
1.4915
2.3154
1.9744
1.5764
2.3879
2.3754
2.3464
2.3755
2.3513
2.381
2.2012
2.2483
1.4182
1.505
2.1847
2.1727
2.3614
2.0526
2.3513
2.4444
2.3314
2.1495
1.95
2.3906
1.9931
1.3673
1.2713
2.4652
2.2744
2.2354
2.2447
2.4127
2.3598
1.3594
2.0884
1.9218
2.371
2.088
2.3303
2.4307
2.3738
1.8737
2.3873
1.3389
2.3169
2.3545
2.3223
2.4216
1.9507
1.9078
1.2752
2.1793
1.7998
2.1089
1.8456
2.4939
2.2625
1.4454
2.2419
2.4038
2.0456
2.0122
2.3759
2.2164
2.463
2.2733
2.2346
2.1484
2.4188
2.3833
2.2344
1.9147
1.7164
2.191
2.3759
1.5472
2.4293
2.4708
2.3949
1.4009
2.147
2.1965
2.299
2.219
2.0867
2.1273
2.3956
2.4078
1.7355
2.0976
1.3627
2.313
2.3596
2.2687
2.3742
2.4507
1.7837
1.912
2.3269
2.2063
2.4932
2.0697
1.2778
1.3727
2.261
2.1553
2.3434
1.4931
2.3091
2.17
1.4928
2.1464
2.4239
2.3587
2.4516
2.3688
2.0707
2.354
2.4682
1.5127
2.1935
2.1798
2.0768
2.222
2.3182
1.3341
1.6327
2.2256
2.0625
2.3515
2.0659
1.9701
1.786
2.1582
2.3602
2.3062
1.9144
2.2384
1.4773
2.4135
2.0709
1.4335
2.0479
1.5143
2.4177
1.8478
2.231
2.0134
2.5069
1.6063
2.3171
2.3014
2.3133
2.3611
2.3251
2.2596
2.3081
2.3511
2.346
1.9623
2.1731
2.0948
1.8803
2.2992
2.3799
2.3712
2.3535
2.3407
2.3275
2.4514
1.6758
1.9993
2.3388
2.4057
2.1551
2.1211
2.1234
2.3461
1.8484
2.1623
2.322
2.0443
2.2838
2.1375
2.2692
2.363
2.1269
2.4195
1.5939
1.5431
2.155
2.3768
2.1852
1.4892
2.1727
2.3195
2.0743
2.3248
2.2757
2.3243
2.4198
1.9141
2.0957
2.2274
1.5056
1.8027
2.2214
1.2657
2.2881
2.1853
2.1575
2.1966
2.3446
1.5363
2.1468
2.0969
1.7491
1.9068
2.3086
2.3212
1.7254
2.3164
2.345
2.0221
2.3005
1.5278
1.3983
2.1459
2.0483
2.1641
2.4707
1.3945
2.4677
1.7545
2.2374
2.2371
2.1964
2.0374
2.3115
2.1538
1.3748
1.5898
1.923
2.271
1.7932
2.2571
1.685
2.2369
2.3394
1.3717
2.1627
1.6471
2.3027
2.215
2.2504
2.3295
2.082
2.037
2.4821
1.239
2.3673
1.3972
1.7357
2.3604
2.0992
1.8777
2.4468
2.4444
2.1222
1.5639
1.2356
2.3919
1.7968
2.405
2.0632
2.4273
2.5145
1.5924
2.4994
2.167
2.3492
2.3587
2.1406
1.8573
2.1602
1.2855
2.0211
1.2584
2.2948
2.383
2.1065
1.3699
1.1232
2.3268
2.2868
1.9545
2.2756
1.8575
2.3538
1.6782
1.734
2.0294
2.398
1.8389
1.3424
2.1483
1.7974
2.3424
2.093
1.7453
1.9108
2.39
1.6966
2.343
2.3604
1.9457
1.7654
2.4059
2.2663
2.3854
2.3831
1.9181
2.4036
2.0648
2.2592
2.3644
2.3521
1.9784
2.3642
1.8302
2.4453
2.4164
2.1009
1.8239
2.0837
1.3183
1.4948
2.3177
2.0123
2.2004
2.2806
1.2715
2.3817
2.3114
2.0245
2.3101
2.3366
2.3263
1.9485
2.4293
2.2648
2.316
2.3788
1.1786
2.3583
2.2213
2.2602
2.2665
1.2245
2.2525
2.3523
2.2835
2.2136
1.7891
2.2573
2.2361
1.8244
2.2526
2.4357
1.9967
2.2568
2.2034
2.3187
2.2861
1.802
1.508
2.378
2.4302
2.5059
1.7559
2.4332
2.3086
2.3726
2.3975
1.9544
2.3907
2.2509
2.1339
1.7412
1.9677
2.4187
1.891
1.9225
2.0238
2.4198
2.0196
2.4867
2.1598
2.3327
2.3454
2.4453
2.3275
2.4369
2.288
2.2832
2.1561
2.127
1.9359
2.351
2.1351
1.2287
2.0065
1.4844
2.2843
2.3978
1.8143
1.3535
2.4549
1.8761
2.4031
2.2303
2.3354
1.6834
2.1799
2.0072
2.138
2.2293
1.9987
2.1327
2.443
2.3419
1.9892
1.5125
2.2205
1.9666
1.4159
2.2411
2.3737
2.433
1.8024
2.4537
2.2327
2.4203
2.4134
1.6321
2.3118
1.9493
1.3479
2.2721
1.662
2.0051
1.7551
1.4839
2.3456
1.6797
2.0618
1.9061
2.3962
1.4759
1.9298
1.7225
1.5308
2.3909
2.0966
1.476
2.3446
2.0715
2.3282
1.7525
2.4168
2.3027
2.3319
2.3116
1.5403
1.9646
2.231
2.2741
2.2904
1.9854
2.4906
2.2874
2.131
2.0039
1.2286
2.0412
2.2611
2.4898
2.4267
1.3575
2.0789
2.141
2.164
1.8692
2.3401
2.2933
2.3659
2.3765
1.9782
2.2885
1.6665
2.3639
2.141
2.2853
2.2076
2.2813
2.3089
2.1977
2.2965
1.6666
1.9579
2.2874
2.2372
2.0397
2.1417
2.0137
2.0812
1.7165
1.8406
2.115
1.9314
1.2166
1.8137
1.4055
2.0146
1.794
1.9926
2.1642
1.2352
2.3203
1.9163
2.3227
2.1306
1.7311
2.0834
1.5376
2.3988
1.9341
1.1997
2.0983
2.2154
1.457
2.196
2.3281
1.48
2.4021
1.7128
2.2594
1.4295
2.2467
2.2578
2.1351
2.4013
2.067
2.269
1.8284
1.7194
1.4419
1.818
2.3858
1.614
1.982
2.4006
2.4286
1.7387
1.5056
2.2688
1.6625
2.284
2.1862
2.4957
2.025
2.3257
2.2573
1.3666
2.1367
2.2954
2.2628
2.2357
2.3227
2.2835
2.1771
2.2164
2.3493
2.296
1.2727
2.2905
2.3456
2.5032
2.1801
2.3412
2.3939
2.1578
2.2691
2.2892
2.3118
2.4025
2.3514
2.3028
2.3461
2.1498
2.4137
1.7545
2.1142
1.9632
2.3883
2.437
1.3732
1.993
2.4052
1.7922
2.2561
2.262
1.3256
2.1747
1.9081
1.9121
2.3553
2.1488
2.2805
2.3829
1.4823
2.3061
2.1371
1.3437
2.2366
2.0112
2.385
2.3619
1.7988
2.4067
2.1663
2.0919
2.2255
1.6263
2.3537
1.3633
1.5517
1.6902
1.9934
2.214
2.4012
2.3743
2.445
1.7775
2.4823
2.4138
2.3253
2.0697
1.2774
2.3565
2.381
2.2695
2.4288
2.3863
2.3643
2.0524
1.5001
2.0851
2.3079
2.2108
2.1602
2.2536
2.1239
1.2758
1.8445
1.3061
2.2777
2.2352
2.3632
2.3434
2.4177
2.2812
1.3051
1.3694
2.3125
2.1487
2.4459
2.1999
1.8715
1.8565
2.3444
2.066
2.2021
2.3316
1.7206
2.1169
2.2657
2.2967
2.273
2.3954
2.3539
2.1964
2.2344
1.8749
2.3201
1.4084
1.8217
2.2167
2.3408
1.9391
2.3854
1.2814
2.0666
2.3459
2.1939
2.2231
2.1228
2.4863
2.3854
1.7466
1.9661
2.3743
2.283
2.3176
2.101
1.6368
2.1954
2.4072
2.3513
1.8204
1.6494
2.2977
1.8017
2.3623
1.3823
1.1543
2.2542
2.4151
2.3246
1.6813
2.4102
2.268
1.8232
2.2311
2.0333
1.8353
2.1646
2.4604
2.199
2.2537
1.9693
1.7067
2.3123
2.3645
2.117
2.3516
2.3339
2.4142
2.0868
1.9484
2.1351
2.0807
1.9176
2.2358
2.4602
1.9229
2.176
1.9766
1.7043
2.3758
2.3924
2.0395
2.0156
2.2443
2.4089
2.3643
2.4189
2.1028
1.9673
2.3238
2.1612
1.6272
1.6641
1.6652
1.6112
2.343
1.9594
2.2051
2.3597
2.3409
2.047
2.4388
2.4748
1.8927
1.6578
2.0221
2.2614
2.3867
2.3663
2.2444
2.2831
2.0225
2.324
2.2938
1.6425
1.2422
2.4538
1.3543
2.4017
2.0304
2.1476
1.6648
2.0675
2.2196
2.2619
2.3249
2.3763
2.164
2.154
2.3131
1.3911
2.3265
2.4724
1.8923
1.6113
2.1129
2.4309
1.6345
1.8695
2.354
2.1838
1.9118
2.2464
2.3939
2.3511
1.547
2.288
1.8839
1.8448
1.9953
2.0688
2.0362
1.7306
1.7048
2.2053
2.4293
2.3348
1.894
2.3301
2.2489
1.4335
2.4395
1.4861
1.8816
2.4041
2.3363
2.1407
1.9998
2.2238
2.3286
2.4513
2.4123
1.9978
2.2064
2.005
2.3547
2.3658
1.5243
2.1162
2.2492
1.6841
1.825
2.4406
2.3134
2.3208
2.288
2.1693
2.1592
2.1986
2.3161
2.2573
2.4067
1.7571
1.3058
2.3364
2.3054
1.3747
1.4757
2.2725
2.2462
1.9822
2.1
1.9442
2.4507
1.9826
2.2586
2.0837
1.4027
1.3042
2.2332
2.2912
2.3077
2.0584
2.061
2.3709
1.6025
2.3334
2.4218
2.1323
2.0988
2.3465
2.4401
2.0541
1.348
2.3878
1.9972
2.3863
2.0933
2.2338
2.269
2.3509
1.5981
2.3997
1.3124
2.1268
2.0086
1.6999
2.4301
2.0785
2.3188
2.3013
1.9991
2.2806
2.1882
2.2884
2.3418
2.29
2.2425
2.4922
2.2117
2.3539
1.3723
2.1739
2.1815
2.2663
2.4224
2.3735
2.2433
1.3293
2.422
2.1518
1.802
2.3995
2.233
2.3856
1.9215
2.2527
2.4349
1.4738
2.1911
1.8716
2.3778
2.4047
2.2321
2.3196
2.1907
2.3643
2.3987
1.706
2.1379
2.2777
1.6194
2.3877
2.2755
2.245
2.3996
2.1556
2.2183
2.361
2.1508
2.1474
1.6996
1.9033
1.4188
2.2045
2.3294
1.4204
1.7476
2.0801
2.4002
2.361
2.2622
2.0264
1.8752
1.6383
2.2817
2.0936
2.3821
2.0465
2.3359
1.8313
1.6032
1.217
2.3424
1.6989
1.9985
2.2844
1.2589
2.3306
1.7513
2.2482
2.4887
2.1108
2.3777
1.4681
1.8007
1.7485
2.3224
2.3773
2.3291
1.7659
2.4344
1.3313
2.3835
2.3312
2.4004
1.9586
2.0557
1.7128
2.3606
2.4469
2.4335
2.4088
2.1782
2.2301
1.8393
1.949
2.4075
2.2455
1.6622
2.2038
2.2044
2.2542
1.3868
2.3464
2.2698
1.8038
1.8027
2.4279
2.335
2.4379
1.7869
2.276
2.2898
2.267
1.1806
1.9282
2.3432
2.3584
2.422
1.8583
2.0756
1.3766
1.8256
2.1388
2.2284
1.6677
2.2509
2.1145
2.0397
1.9976
2.444
2.2954
2.1708
2.3149
2.3741
2.4452
2.0539
1.6943
1.5792
1.904
2.4071
2.3623
1.7781
2.1233
2.1765
1.7299
2.3724
2.3491
1.3992
2.4454
2.1966
1.9374
1.9121
2.2542
2.3088
1.4958
2.1019
1.8828
2.4996
2.1463
2.321
1.7502
2.101
1.9135
1.7333
2.2728
1.9218
2.2676
2.2976
2.2781
2.1517
2.3239
1.844
1.8628
2.2792
1.5006
2.0647
1.2689
2.0053
2.3825
2.259
2.3481
2.3512
2.2536
2.3618
2.4135
2.3523
2.3689
2.287
2.3289
2.3175
2.461
2.2942
2.3253
2.347
1.9374
2.4003
2.1927
1.9405
1.8929
2.2519
1.1696
1.4723
1.4541
1.4256
2.0737
2.2648
2.203
2.0977
1.1995
1.3231
1.2504
2.3929
2.4292
2.244
2.3314
2.3717
1.9013
2.2295
1.3113
2.0472
2.2058
2.27
2.3938
2.4703
1.1335
2.3827
2.2774
1.5857
2.2034
2.4037
1.6561
1.8357
2.0808
2.3384
2.4685
2.4788
2.3735
2.289
1.9899
1.371
1.9791
2.3875
2.1488
2.1092
2.3002
2.0898
2.295
1.6962
2.2987
2.1838
2.2707
2.3276
1.6786
2.2488
2.4618
2.2871
2.1572
2.086
1.923
2.3295
1.8607
2.1344
2.3393
2.4358
2.1716
1.9649
1.8621
2.3612
1.9253
2.4689
1.668
1.7715
1.206
1.46
2.0702
2.3591
2.2996
2.2769
2.2967
2.1962
2.2001
2.1814
1.8483
1.4093
2.1231
2.3451
2.1939
2.0308
2.2065
2.2622
2.2383
2.2825
2.5019
2.1771
2.213
1.6621
2.2688
2.416
1.3001
2.0816
2.1954
2.4452
1.9908
2.2906
2.1497
1.6082
1.4636
2.4278
2.0523
2.3165
2.0553
1.8809
2.2328
2.3823
2.2382
1.8377
2.0361
2.3959
2.1221
2.41
1.8843
2.2739
1.7472
2.3704
1.7651
2.3732
1.4908
2.376
2.4262
1.3866
2.5119
2.1829
2.1738
2.4063
1.7482
2.2244
1.8606
2.3024
2.4389
1.8294
2.3873
2.4533
2.2145
2.268
2.0138
2.5061
2.2731
2.3412
2.2291
2.3818
2.1425
2.2376
2.2059
2.1989
1.7148
2.3984
2.2365
1.8309
2.4063
2.3579
1.9695
1.868
2.2184
2.4034
2.3155
2.1556
2.3673
2.2182
2.4786
2.3032
2.4156
2.2991
2.3627
2.2796
2.2742
1.6105
1.8625
1.7397
2.3768
2.3721
2.2959
2.1045
1.9826
1.9011
2.1736
2.3436
2.1295
1.5921
2.1675
1.5631
1.8151
2.3455
1.8909
2.3466
2.3461
2.4065
1.8689
2.254
2.391
2.3545
2.1354
1.8777
2.1846
2.454
2.3966
2.3366
2.276
2.4154
2.1661
2.1908
1.26
2.3446
2.3867
2.1751
2.4356
2.3097
2.1975
1.9629
2.0587
2.3986
1.8842
2.2302
2.077
2.3223
1.5762
2.0889
2.1415
1.4367
2.1983
2.3467
2.2135
2.3893
2.2955
2.3287
2.3725
2.0763
1.311
2.2968
1.8859
2.3108
2.3795
1.6789
1.4142
2.1078
2.1548
2.4171
2.4106
2.0943
1.7482
2.2063
2.3198
2.1411
2.3681
2.0872
2.3876
2.159
2.0905
2.3154
2.1555
2.4151
2.2139
2.0715
1.8306
2.3354
2.1672
1.3682
2.3529
2.3472
1.4667
1.8008
2.4055
2.4182
2.4592
2.309
2.0271
2.3604
1.9993
2.2148
1.6529
2.2334
2.0295
2.4706
2.4213
2.2926
2.2266
1.4946
1.5027
2.2429
2.199
2.1635
2.2574
2.3094
2.3743
1.9
1.7982
1.9077
1.4571
2.4402
2.3434
2.1521
1.2593
1.7422
2.4884
2.4464
2.0876
2.2533
1.9143
2.1576
2.0614
2.4022
2.4499
1.9064
2.0932
2.1968
2.2141
2.3899
1.8246
1.6305
2.4075
2.3556
2.2665
2.3527
2.264
2.4677
2.1725
2.3295
1.4944
2.328
2.4487
2.1652
2.2125
1.5883
2.385
1.3732
2.4261
1.9771
1.8553
2.0068
2.1928
2.4156
2.3549
2.1723
1.5594
2.0208
1.9785
2.3968
2.0593
2.3736
1.6478
1.9813
2.1818
1.5145
2.3121
2.3873
2.3877
2.3612
1.4896
1.9353
2.1368
1.5051
2.5072
2.3312
1.3238
2.0146
2.3548
1.6992
2.4459
2.0623
2.1553
2.3998
2.3949
2.016
1.6001
2.0307
2.3069
2.1601
2.1868
1.9049
2.2377
1.7965
2.1703
2.4161
2.2797
1.8373
1.1648
2.3779
2.4246
1.9862
2.3705
1.7031
2.3087
2.3827
2.4773
2.3886
2.2149
2.3194
1.9827
2.1533
2.0149
2.0366
1.533
2.1307
2.2928
2.3957
2.2897
2.2161
2.318
1.6661
2.4074
2.3335
2.1322
2.2197
1.7833
2.2993
2.1141
2.3802
2.3505
2.3708
2.4105
2.2763
1.8223
2.187
2.3591
1.9526
2.2699
1.9046
2.4233
1.9961
2.356
1.9952
2.1765
2.0992
2.3276
1.8156
1.8809
2.3101
1.2709
2.2396
1.7665
2.3042
2.3682
1.3202
2.2953
2.2958
1.8746
2.0795
2.1658
2.4169
1.6847
2.0414
2.2587
2.2478
2.342
1.6424
2.3216
2.2521
1.3101
2.4437
2.3599
2.0617
2.4325
2.4284
2.4184
2.1173
2.4092
2.3289
2.4106
1.4547
1.3887
2.0645
2.1526
2.1186
2.3733
1.7832
2.194
2.3857
2.2684
2.1084
2.1343
2.1598
2.1934
2.3052
2.1764
1.4005
2.4509
2.1498
2.3518
2.3653
2.4262
1.3121
2.3161
2.3348
2.2674
1.8466
1.8829
2.0909
2.3722
2.2934
2.3403
2.4345
2.5398
1.9493
1.5051
2.357
2.3178
1.5856
2.2216
2.4158
2.0733
2.2074
2.3665
2.3241
2.1377
2.0716
2.425
2.3193
2.4464
2.3262
1.9075
1.691
2.394
2.2613
2.423
2.2742
1.3016
1.2561
1.817
2.2907
1.8289
1.9064
1.2861
2.3443
1.3764
1.4612
2.197
2.4646
2.3328
1.7789
2.3301
2.0691
2.2804
2.0337
2.2581
1.2199
1.7244
2.3972
2.1492
2.1021
1.8561
2.1095
2.3415
2.2347
2.3602
2.4513
2.4224
2.2028
2.3204
2.2343
2.4786
2.1587
2.3959
1.3001
2.1869
2.2343
2.1669
1.6451
1.5043
1.6227
2.3014
2.2596
2.4041
2.0115
2.3608
1.4594
1.5478
2.1192
2.4579
2.4048
2.3228
2.4215
2.2475
2.3832
2.3972
2.1727
2.3382
2.2988
2.4071
2.3134
2.2495
1.8751
2.3605
1.7346
2.4315
1.5835
2.2541
2.4715
2.4056
2.258
2.3868
2.2805
1.8506
2.0602
2.4059
1.3508
2.1508
2.4337
1.7174
1.5853
2.0116
1.6916
2.31
2.3227
2.3777
2.4178
2.3333
2.3818
2.3668
2.343
2.2431
2.1733
2.1431
2.269
1.706
2.0951
2.3607
2.463
1.8377
2.1133
2.2767
1.9582
2.2915
1.4002
2.18
2.0917
1.5852
1.8891
2.316
1.3937
2.3951
2.3341
2.3349
2.3854
1.7362
2.0597
2.3727
1.2805
2.4143
2.0215
1.7813
2.2107
2.3519
2.0674
2.21
1.3728
2.2598
2.356
2.3088
2.1709
2.2597
2.3021
1.3364
2.4484
1.622
1.4627
2.4473
2.1508
2.3284
1.3342
1.7332
2.4113
2.422
2.3883
2.3183
2.3634
2.4651
2.4041
2.032
2.3677
2.2222
1.8156
2.4318
2.0125
1.9474
2.2118
2.4512
2.2869
2.3792
2.4706
2.3739
1.5338
2.1986
2.2875
1.365
1.9492
1.8771
2.3815
2.1202
1.9441
2.0796
2.2574
1.5156
1.3074
2.2586
2.1153
2.0579
2.2658
2.1338
2.2574
2.2172
2.1983
2.1118
2.3437
1.6964
2.2935
2.481
2.3684
2.1416
2.2123
1.4619
1.593
1.3844
1.4469
2.3788
1.8362
2.4116
1.8335
2.2844
2.381
2.2254
2.3418
2.2019
2.248
2.1226
2.1077
2.3087
2.3457
2.4541
1.9475
2.2354
1.8692
2.3636
2.1216
1.9207
2.3729
2.3647
2.4792
2.4008
1.6484
1.7696
2.0787
1.3893
1.652
2.439
2.1601
2.2946
2.3447
2.4391
1.6154
2.4064
2.189
2.2522
2.3111
1.8461
2.3603
2.31
2.3433
2.0902
2.3761
2.4174
2.3284
1.411
1.9923
1.8355
2.376
2.2071
1.9781
2.2998
2.3165
2.2381
2.1405
1.5808
2.3648
2.1246
2.2925
2.3738
1.7431
2.2848
2.4361
2.2445
2.2864
2.1308
2.1201
1.6398
1.3796
1.4257
2.3572
2.0949
2.3212
2.093
2.3074
2.3712
2.3283
1.59
2.3954
2.0854
2.1109
2.1207
2.3417
2.1922
1.4712
1.7897
1.4939
1.9832
1.9089
2.4026
2.2484
2.0441
2.1494
1.5345
2.3575
2.3529
2.3744
1.5103
2.2289
2.2559
2.4343
1.2367
2.1767
1.3157
2.1919
2.2403
1.4936
2.2555
1.7048
2.4095
2.3369
1.5207
2.1849
2.184
2.3319
2.3747
2.1387
2.2072
2.147
2.3249
2.3403
2.4632
1.4812
1.8994
2.4023
2.3437
2.1045
2.3693
2.2342
1.8988
2.3902
1.7511
1.9994
1.9098
1.268
1.6306
2.2977
1.9311
2.1952
2.291
2.4121
2.3677
2.3803
1.9663
2.2389
1.9665
2.418
2.3021
2.3888
2.3616
2.3841
2.2917
2.0001
2.0497
2.1505
2.2172
2.3337
1.2759
1.347
2.1621
2.2006
2.1106
2.2482
2.346
2.2037
1.6852
2.362
1.6972
1.5149
2.3216
2.2088
2.0282
1.9852
2.3934
1.4774
2.2372
2.3127
2.3797
2.443
2.2535
2.212
2.2848
2.3506
1.7525
1.8004
2.4106
1.7586
1.7275
2.1788
2.1501
1.6747
2.214
1.6788
2.0613
2.2905
2.2792
1.8994
2.2034
2.3363
2.3251
2.3203
2.2182
2.3451
2.4427
2.4123
2.4066
2.4085
2.3691
2.3761
1.3338
2.3812
2.3059
1.7147
2.3746
2.4759
2.398
2.3713
1.3045
1.9713
1.9127
2.2344
1.5705
2.2717
2.3582
2.3641
2.3914
2.3497
1.7764
1.8972
2.0177
2.1951
2.2674
1.8206
2.4618
2.1981
2.0212
1.9909
2.4245
2.3081
1.5538
2.2132
2.3794
1.9184
1.8772
2.077
2.5122
1.8089
2.1921
2.3806
2.3095
1.4544
2.1439
2.1778
2.2235
2.4
2.1444
2.2659
2.2545
2.0893
2.3788
1.8136
1.9512
2.0761
2.0958
2.3337
2.4384
1.4232
2.1599
2.152
1.9068
1.3913
2.2801
2.4333
1.9015
2.3539
1.4366
2.4532
2.3051
2.3996
1.7748
1.7676
2.3165
2.0849
2.2573
1.3591
2.0579
1.9588
2.3208
1.6054
2.3085
2.0902
2.3592
2.301
2.3026
2.2704
2.138
2.3709
2.372
2.2025
1.4944
2.2205
1.554
2.4095
2.409
2.3609
2.3591
2.3709
2.224
2.3398
2.0798
2.4512
2.3513
2.1612
1.7745
2.3813
2.4424
2.3623
2.3758
2.2281
2.2238
2.0544
2.2263
2.3976
1.4808
2.2853
2.5234
1.4208
1.5778
2.3459
1.5563
2.4149
2.5179
2.0125
2.0684
2.3432
1.8838
1.8574
2.2223
2.3835
2.0516
2.0087
2.2051
2.0472
2.2789
1.9766
2.1712
2.3994
2.0978
2.3614
2.2853
1.6928
2.0984
1.8002
2.2231
2.3537
1.7121
1.732
1.364
2.3969
2.374
1.2521
1.98
2.3589
2.3823
1.6372
1.9925
1.934
1.7036
2.3783
2.3771
2.42
1.976
2.3561
2.4233
2.1234
1.9436
2.0405
2.2984
2.3301
2.1269
2.3568
2.1258
2.2901
2.4904
2.1076
2.327
2.2451
2.3645
2.3135
1.8415
2.1901
2.2082
1.7817
2.0912
2.4584
2.2486
2.2274
2.3309
2.089
2.3864
2.324
1.6179
1.7401
2.3756
2.119
1.9871
1.5976
1.465
2.2178
2.0676
2.3862
2.2001
1.3883
1.8879
2.1604
2.4212
2.4095
1.4669
2.0155
1.8066
1.6954
2.1429
2.2633
2.3799
2.3726
1.3126
1.7504
2.266
1.5455
2.3829
1.9104
2.3188
2.4035
1.9312
2.295
2.1287
2.437
2.35
1.382
1.5151
2.1386
2.3233
2.3156
2.2964
2.3028
2.3651
2.2427
1.7011
2.0778
2.114
2.3429
2.2089
2.4416
2.3769
2.4496
2.3341
2.3619
2.0759
1.4327
2.3368
2.3285
1.418
2.4701
2.4645
1.7078
2.2599
2.3002
1.9787
2.2094
2.2397
2.3911
2.2924
2.041
2.3976
2.1226
2.205
2.0164
1.2241
1.2266
1.7387
1.4285
2.3562
2.3696
2.3598
2.41
2.0786
2.3577
2.4783
1.7536
2.1577
2.076
1.5042
1.8203
1.1535
2.2609
2.4326
2.2772
2.3527
2.3911
1.9943
2.3579
2.2854
2.1835
2.1481
1.9267
2.377
2.3873
2.1422
1.8603
2.2112
1.4
1.4646
1.712
2.4339
1.9824
2.2386
2.3113
2.0804
2.2635
1.7122
2.2145
2.4023
1.6314
2.4302
2.3687
2.1363
2.2694
2.2455
2.2476
1.2725
2.4219
2.4555
2.1273
1.4124
2.3286
1.6035
2.2781
1.8341
1.4451
1.7995
2.0306
1.6025
2.5014
2.4088
2.3528
1.4128
2.3039
1.945
2.2808
2.3421
2.293
1.4984
2.3781
1.6239
2.3529
2.2489
2.1931
2.353
2.3872
2.1596
2.4263
2.4499
2.0104
2.0045
2.396
2.1449
1.67
2.4043
2.4001
1.3463
2.3245
2.4593
2.3314
2.2561
2.223
2.2526
2.4554
2.4246
2.2913
2.1514
1.9409
2.0538
2.2061
2.2979
2.336
2.114
2.3795
1.974
2.3314
2.1263
2.3924
2.3142
2.0912
2.3994
1.5445
2.2627
2.5361
2.3525
1.895
2.2075
2.3397
2.3837
1.5874
2.4238
1.8074
2.1765
2.424
2.1703
2.3723
2.2126
2.4189
2.5194
2.1949
1.9376
2.1931
2.2894
2.0161
1.36
2.198
2.1748
2.3884
2.434
1.3271
1.9596
1.7967
2.3668
2.0019
2.2442
1.6828
2.0151
1.7822
2.2811
2.2319
2.1103
2.1805
2.3084
2.3826
1.821
2.3046
1.3999
2.3612
1.3765
1.5402
1.6995
1.8663
2.4163
1.3083
2.0487
2.1832
2.0721
1.6469
2.3359
2.0276
2.3737
2.3427
2.1473
2.2158
2.4691
2.2714
2.2047
2.2148
1.6157
1.4171
2.4689
2.207
2.3066
2.2392
2.359
2.315
1.4433
2.0313
1.9325
1.9004
1.9068
2.1876
1.6429
1.512
1.9243
2.3784
2.0808
2.3151
2.2307
2.3628
2.4068
2.1555
2.1726
2.2542
2.0847
2.2374
2.3853
2.3246
2.4851
2.1451
2.3418
2.1567
2.0005
2.3637
1.9668
2.331
2.3787
1.946
2.1347
2.4227
2.2278
2.3396
2.2205
2.2932
1.4987
2.0052
1.3679
2.1778
2.2922
1.7048
2.263
1.7197
2.3059
1.6478
2.3462
2.3781
2.2485
2.2717
1.7798
2.4084
2.0858
2.2649
2.3919
1.3206
2.3326
2.2833
2.2241
2.4364
2.3032
1.3801
2.2813
2.0221
1.249
1.6666
2.4436
1.6983
2.4576
2.4509
1.6058
2.4373
2.288
1.2795
2.235
2.3947
2.0536
1.5722
2.1236
1.9018
1.9149
2.4252
1.7125
2.4619
2.3006
2.3338
2.4504
2.455
2.3326
2.0724
2.3709
1.4441
2.4057
2.1885
2.0022
2.427
1.6052
2.3424
2.4063
2.4496
2.112
2.4123
2.4735
2.414
2.4111
1.7884
1.2714
2.4258
2.0648
2.1503
2.2133
2.4402
2.4073
1.9848
2.1367
2.1103
2.1668
1.4145
2.4307
2.1609
1.7152
2.3956
2.3299
2.0568
1.7992
2.1694
2.125
2.1924
2.2825
2.2844
2.3249
1.6273
2.0256
2.4132
2.4071
2.2006
2.2448
1.8467
2.3922
2.2668
1.761
2.429
1.9895
2.2215
1.7438
2.2861
2.1859
2.2994
2.2189
1.3946
2.1364
2.2327
2.3364
2.3967
2.3404
1.9401
2.2473
2.2581
2.1041
1.8201
2.4089
2.4506
2.1289
2.4307
2.2444
1.2996
2.0563
2.3418
2.2887
2.2446
1.5056
2.1543
2.4444
2.1191
2.3849
2.0727
1.7668
2.3942
1.934
1.992
2.4408
2.2814
2.1878
2.2321
2.3413
2.3255
2.2999
1.6387
2.317
1.5703
2.3355
2.4122
2.1694
1.3154
2.365
2.3494
2.2411
2.1835
2.149
2.3382
1.5066
2.393
2.4019
1.1911
1.9827
2.4032
2.3857
2.1749
2.3726
2.4149
2.0239
2.3335
2.1215
1.9963
1.8402
1.2147
1.4637
2.3314
2.3885
2.095
2.3534
2.235
2.4263
2.2621
2.3129
2.121
2.1838
2.3988
1.8331
2.3676
2.2209
1.686
2.2896
2.3437
2.1425
2.0074
2.3241
1.4648
2.1226
1.3695
2.3588
1.5002
2.2127
2.158
1.146
1.5876
2.0854
2.0829
1.8748
2.2639
2.2627
1.6921
1.7451
2.2519
2.0934
1.8083
2.4661
1.9987
2.145
2.2686
2.4421
2.4786
2.024
2.1449
2.1636
2.2192
2.3377
1.8047
2.1698
2.3864
1.9986
2.3145
2.1472
2.1941
1.8341
2.2145
2.3557
1.8849
2.2934
1.3493
2.3366
1.9911
2.1412
2.1067
2.2288
1.2241
2.3879
2.3485
1.9479
2.4099
1.3028
2.3927
2.3614
1.7213
1.9806
1.2286
2.3682
2.3142
1.7657
1.9672
2.345
1.5311
2.424
2.3635
2.2598
2.3035
1.8472
2.2115
2.3708
2.2547
1.5417
1.3574
2.4405
2.4455
2.4575
2.0254
1.8362
2.3121
1.749
2.1991
2.4647
2.4018
1.3578
2.3662
2.3612
2.39
1.2976
1.854
2.379
2.4196
2.3907
2.0716
2.4333
1.8883
2.3775
2.2467
2.0557
2.2761
2.4778
1.9859
1.967
2.0356
1.9805
2.4408
2.2298
2.1796
1.8745
1.1963
2.1128
1.5732
1.8961
2.075
1.5198
2.4621
2.4627
2.3098
2.3238
2.1091
1.151
1.2174
2.0407
1.735
2.1269
1.8249
2.3993
2.016
1.8108
2.1413
2.2328
2.141
1.7511
2.3521
2.1825
2.3999
2.2271
1.6757
2.103
2.3077
2.2708
1.9282
1.7121
1.3146
2.4384
2.2732
1.9317
2.1969
1.9611
2.354
2.3415
2.2114
2.3767
2.3289
2.0682
1.7909
2.4464
1.7
2.0919
2.3741
2.286
2.4121
2.1682
2.2962
2.1538
1.7685
2.4181
2.3515
2.3332
2.3532
1.9686
1.7907
2.1407
2.487
1.7202
1.4106
2.4323
2.4418
1.4796
2.438
1.411
2.2035
2.413
2.3135
2.2099
2.1345
2.2044
2.4043
2.2849
2.5205
2.3574
1.6323
2.161
2.4076
2.3745
2.3441
2.2393
2.2986
2.3833
2.3485
2.3544
2.2902
2.3828
2.0334
2.2782
1.6164
2.3138
1.6833
2.4121
2.1682
2.3111
2.3783
1.1482
2.4052
1.6125
1.7165
2.1064
2.413
2.4769
2.4917
2.1255
2.3816
2.4094
2.3065
1.8178
2.0819
2.1519
1.9937
2.2841
1.9097
2.3738
2.3219
2.1838
1.8786
2.2339
2.3721
1.9694
2.1475
1.8659
1.2923
1.8703
1.8122
2.2403
2.4066
1.4056
2.3562
2.411
2.3334
2.3501
1.2385
2.0503
1.7779
1.9703
2.2939
2.1627
2.3646
1.2494
1.5222
2.3921
1.3877
2.3602
2.3016
2.3683
2.1632
2.2241
1.2997
1.8527
2.3224
2.3771
2.4548
2.2453
2.2263
1.794
2.3423
1.313
2.3198
1.9592
1.8974
2.4192
2.0112
2.351
1.6687
1.7528
2.3261
2.3087
2.3622
2.515
2.1158
2.3735
2.3521
2.0444
1.584
2.3779
2.3771
2.4128
1.9054
1.2634
1.9707
2.2084
1.5275
2.316
2.3363
1.8211
2.1534
2.4672
2.4239
1.8548
2.2141
2.1923
1.6979
2.2781
2.3219
2.4262
1.7114
2.2132
2.1465
2.281
2.4269
2.1918
1.4963
2.3673
2.2136
2.1775
2.4702
2.362
2.0199
2.1522
1.9091
2.3342
1.8726
1.4502
2.3551
2.357
2.1181
1.8474
2.1737
2.3635
2.3587
2.429
2.2489
2.1549
2.1912
1.4519
2.4158
2.2191
2.3219
2.3453
2.3271
2.2631
1.5836
1.648
1.6544
2.283
2.0176
1.9472
2.1042
2.0039
2.2663
1.7009
2.1659
1.6919
2.3931
2.4501
2.5035
1.7654
2.1473
1.5615
2.5
2.0344
2.3692
2.3969
2.1414
2.0526
2.2318
1.6507
2.4808
2.2903
2.16
2.1936
2.4003
2.3613
1.9831
2.3966
2.3022
2.4251
2.3375
2.3464
1.6737
1.7797
1.8862
1.9822
1.2199
2.3024
1.9024
2.1311
2.3974
1.9806
2.4149
2.3675
1.7228
1.8776
1.3134
1.9982
2.0708
2.2241
1.5569
1.3341
2.1329
2.1605
2.1983
2.4781
2.3008
2.017
2.3538
1.9628
2.3858
2.5154
2.0849
1.9551
2.1283
2.4068
2.3669
2.0867
1.5411
2.1402
1.8912
2.4759
1.5586
1.8412
2.0671
1.9584
2.2603
2.2389
2.2931
1.8094
1.7693
2.2289
2.0101
2.3707
1.8509
2.3373
2.0051
2.2211
2.369
2.0809
1.8747
2.1754
2.0079
2.1172
2.4373
2.2517
2.1946
2.3437
2.1253
2.3694
2.1386
2.399
2.0813
1.42
2.4188
2.2856
1.3262
2.3923
2.4428
1.6587
1.9743
2.4404
2.0113
2.1358
2.3902
1.7125
1.5554
1.6988
2.3331
2.4419
2.2896
1.9547
2.38
2.0485
2.3914
2.4302
1.8884
2.4096
2.3281
2.2934
2.3689
2.378
2.0472
2.3034
2.3908
1.7375
1.4847
2.4031
1.379
2.3175
1.3519
2.1457
2.0926
1.9466
2.4368
2.3088
2.3185
1.8178
2.3709
2.3557
2.086
2.2939
2.3027
2.3413
2.4172
2.3825
1.3944
2.1222
1.275
2.4018
2.2309
2.3672
2.1662
1.4944
2.3894
2.1245
2.3832
2.3069
1.1602
2.4984
2.3943
2.3042
2.1727
1.9888
2.3429
2.2529
1.5527
1.9942
2.1414
2.3395
1.3419
2.2237
2.1256
2.1553
1.6459
1.378
1.265
1.9845
1.6497
2.4299
2.4375
2.3875
1.7494
2.3293
2.2023
2.1225
2.0281
2.2635
2.2131
2.385
2.3258
1.6795
2.3193
2.3827
2.3542
2.3798
2.3705
2.4101
1.617
2.4221
1.4026
2.19
2.1039
2.1471
2.4362
2.3643
1.4443
2.2342
2.2536
2.1841
2.0791
2.34
2.4781
1.84
2.3725
1.9636
2.263
1.7568
2.3424
2.3336
1.3869
2.1245
2.2014
2.1959
2.236
2.4101
2.4038
2.395
2.1599
1.6987
1.1881
2.4532
2.3701
2.3835
2.1123
1.9725
2.1715
2.1721
2.3257
2.3666
1.4717
2.1651
1.5996
2.208
2.3721
2.0042
2.3312
1.8152
1.766
1.8401
1.7402
1.4654
1.8192
1.647
2.3418
2.1485
2.3102
2.2954
2.2707
1.42
2.396
2.2044
2.1324
2.0024
2.2317
1.8401
2.2326
1.6896
2.1115
2.3802
1.5566
2.4074
2.393
1.2861
2.2373
2.2954
1.9982
2.2611
2.404
1.2531
2.3456
1.9104
2.2148
1.1043
1.4705
2.1315
2.3492
1.9481
2.2706
1.4126
1.7868
2.026
2.2554
1.9503
2.2133
2.0713
2.2946
2.2375
1.2239
1.6152
2.503
2.4025
2.4096
2.3047
2.4953
1.7152
2.4173
1.9744
2.165
2.381
2.3647
1.746
2.2886
2.1406
2.4369
1.8439
2.4092
2.3661
2.2016
2.2565
2.3457
2.3232
2.4262
2.4389
2.2007
1.4342
2.2293
2.3495
2.4344
2.3638
2.0764
2.1758
1.9312
2.2103
1.9616
1.764
2.3462
1.8549
2.3878
1.6066
2.4557
2.2011
2.3789
2.4407
2.1913
1.9074
1.9781
2.5115
1.7343
1.6239
1.387
2.4254
2.3773
2.3553
2.3502
1.8735
1.6152
2.3581
1.8679
2.0295
2.2411
1.5501
2.0633
2.3142
1.5359
2.293
2.3556
2.3627
1.969
2.1719
2.3335
2.1375
2.2183
2.4137
2.5271
2.2645
1.504
2.2
2.1531
1.2949
2.216
1.4287
2.351
2.3495
1.9467
2.2768
2.3532
2.3561
2.433
2.0699
2.2142
1.8029
2.3544
2.3975
1.4877
1.6975
2.2492
1.9086
2.1576
2.3676
2.0293
2.1593
2.2135
2.091
2.3454
1.7422
2.343
2.3312
2.0729
2.4517
2.1224
2.1839
1.9578
1.8257
2.1763
2.3974
2.4689
1.4165
2.4248
2.1475
1.7147
1.8953
2.5132
2.2281
2.2366
2.2798
2.2443
2.233
2.3575
1.6104
2.2391
1.6799
1.9783
1.9072
2.1084
1.8393
1.2889
2.4052
1.5267
2.1723
2.077
1.6388
2.1426
1.8418
2.2854
2.2849
2.2963
2.3858
1.2771
2.3806
2.097
2.4538
2.3094
1.3413
2.2133
1.9611
2.1556
1.4794
2.1686
1.3496
2.0999
2.2212
2.0044
1.8818
2.2156
2.258
1.6238
2.4296
2.3384
2.3807
2.1361
1.5057
2.1931
2.3899
2.4833
1.5989
2.3673
2.0681
1.7138
2.2936
2.0825
2.1126
1.3125
1.2256
1.9169
2.0922
2.1208
2.1893
1.7052
1.9788
1.9566
2.2993
2.3625
2.379
2.3987
2.2729
2.1989
2.4058
2.1425
1.72
2.3151
2.2231
2.2948
2.3768
1.9732
2.2916
2.1699
2.2352
2.3115
1.962
2.4196
2.2467
1.4809
1.9866
2.3661
2.3341
2.3373
2.3945
2.3319
2.4369
2.3629
2.1361
1.994
2.004
1.8505
1.9756
2.4611
2.2714
2.0676
2.3531
2.1058
2.1849
2.3586
1.4899
2.2191
2.3502
2.4432
2.3315
2.4129
2.0384
2.3621
2.3098
2.3883
2.3135
2.3937
2.348
2.0048
1.8579
1.9139
2.2865
2.0658
1.2615
1.2615
2.4347
2.4159
2.1963
2.3155
2.292
2.1811
2.2329
1.8248
2.2911
2.4648
2.4174
2.2746
2.4079
2.3518
2.2609
2.4225
2.3757
2.0295
2.17
2.1485
2.2658
2.4173
2.3441
2.3784
2.2693
2.3657
2.3725
1.6826
2.0074
2.2531
2.2988
2.1284
2.4123
2.413
2.056
1.3861
1.3315
2.4986
2.1017
1.4645
2.4285
2.3749
1.3588
2.1536
2.2978
2.2708
2.4209
2.3519
2.4415
1.4165
2.2316
2.2253
2.35
1.929
2.4832
2.0822
2.103
2.4527
1.5238
1.2299
2.3719
2.2044
2.0105
2.3075
2.0728
2.1174
2.2685
1.9747
2.4139
2.3736
1.5094
1.3519
1.3651
2.1545
2.3521
1.5538
2.281
2.382
2.1765
2.2671
2.3599
1.9874
2.045
2.0343
2.3969
1.9367
2.4274
2.3359
2.3824
2.3436
2.3225
2.3811
2.2129
1.9638
1.7061
2.47
2.3219
2.3763
1.6849
1.9113
1.2784
1.449
1.8534
2.4099
2.2529
2.0667
2.2822
2.3338
2.0787
2.2442
1.9026
1.5606
2.338
2.336
2.3674
2.4403
2.0786
1.8764
2.1775
2.2944
2.325
2.2629
1.725
2.3754
2.3536
1.3207
1.9642
2.3825
1.7686
2.1373
2.1894
2.1572
1.2864
2.1301
2.3997
2.3629
1.423
2.4589
2.3579
2.1848
2.3254
2.2439
2.3225
2.0653
2.2633
1.8775
2.1882
2.3241
2.347
1.4848
1.541
2.0859
2.3204
2.2732
2.1697
2.3207
1.2349
2.0306
2.3721
1.2241
2.199
2.3583
2.4097
2.243
2.1487
2.1454
2.4447
2.0362
2.3923
2.0575
2.0133
2.4459
2.443
2.0819
2.1471
2.1292
1.7537
2.0876
2.3585
2.3544
2.3166
2.2032
1.7276
2.211
2.3821
2.4158
1.5664
2.1484
1.6974
1.8221
2.0607
2.2907
1.8707
2.0972
1.4452
2.3389
2.3623
1.8331
2.0114
2.2278
2.0126
2.1678
2.3848
2.2796
2.1247
2.305
2.3441
1.7517
2.1634
2.2872
2.3082
2.1797
2.5006
2.4148
2.2909
2.3752
2.3359
1.752
1.9521
2.4488
1.4055
2.2545
2.3136
2.4482
1.7639
2.3768
2.0224
2.3802
1.8453
2.4043
2.0539
2.4053
2.2168
2.2285
1.4899
2.1974
2.0916
1.7491
1.6287
2.3466
1.9835
1.8023
2.1073
2.4339
2.4028
1.567
2.3553
2.0614
2.438
2.4381
2.3844
1.647
2.3949
2.183
2.112
2.2712
2.2601
1.7369
2.0612
1.854
1.6701
2.3633
1.9789
2.1519
2.0961
2.3911
2.3524
2.3897
2.3005
2.3378
1.9633
1.414
1.5687
2.4469
2.4546
2.2849
1.3626
2.3752
2.0294
2.0795
2.1356
2.1144
2.3953
1.4867
2.1972
2.3882
2.3483
2.1599
2.3107
2.1508
2.3874
2.3723
2.2118
1.833
2.2101
2.4592
2.3979
2.1037
2.0921
1.8355
1.9254
2.1881
2.4533
2.2252
1.3235
2.0461
1.5052
2.3891
2.0956
2.3578
2.0935
2.3471
2.0952
2.2557
2.3926
2.1895
2.1582
2.1427
1.8857
2.42
2.1707
2.336
1.8533
2.3952
1.4401
2.238
2.1491
2.1791
1.3555
2.3248
2.1707
2.442
1.559
2.361
2.336
2.2445
2.4086
2.4345
1.3914
1.8664
2.1543
2.3233
2.4208
2.3774
2.0132
2.2248
2.4198
2.2633
2.3122
2.0645
1.6159
2.21
2.2539
1.9961
1.9371
1.6473
2.1832
2.0552
1.7492
2.2151
2.3922
1.1632
1.3615
2.0693
2.1379
2.0262
2.2782
2.1398
2.35
1.3838
2.2005
2.4119
2.1919
1.8044
2.0933
1.736
1.8442
2.1336
2.2179
1.6069
2.3702
1.8225
2.1953
1.1338
2.4894
2.2326
2.264
2.2615
2.2911
2.1891
1.8581
2.2407
2.1218
2.4664
1.2704
2.4109
2.3066
2.2473
2.4025
2.1118
2.2888
2.3108
2.0351
2.3707
1.3109
2.3892
2.1726
1.4314
2.3247
2.2456
2.2925
2.2739
1.6891
2.3468
2.2663
2.3618
2.158
1.4978
2.1779
2.504
2.2688
2.3056
2.2658
2.2434
2.3731
1.1332
2.4627
2.4204
2.1678
2.1355
1.9433
2.2223
2.4524
2.4727
1.7266
2.151
1.4212
2.3794
2.3609
2.3882
2.0336
1.404
2.1788
2.2715
2.1615
2.2376
2.3958
2.0418
2.4218
1.4949
2.4301
2.3721
2.4864
1.9458
2.3854
2.3311
2.34
2.3409
2.0853
2.3306
2.4291
2.3595
2.0322
2.341
1.8045
1.7316
2.4625
1.447
1.5699
2.3646
2.0339
2.1254
2.3831
2.3841
1.7576
1.3152
2.4512
1.8449
2.4938
1.8346
2.3689
1.9452
2.2627
1.2532
2.3596
2.3488
2.227
1.2344
1.5023
2.0639
2.1218
2.2858
2.4629
2.4319
2.1211
2.1159
2.2958
2.2931
2.3813
2.1057
2.2613
1.9349
2.139
1.2794
2.332
1.8184
2.3441
1.5401
2.4224
2.016
1.7177
2.392
2.1967
2.3812
2.3683
2.2101
1.415
2.0442
2.3719
1.9374
2.1937
1.9724
2.4227
2.3789
2.2236
2.1713
1.6305
2.3131
2.3368
2.3159
1.9174
2.3417
2.4312
2.4621
2.2917
2.2775
2.2233
2.3169
2.2425
2.0741
1.2516
2.4015
2.3779
1.7234
2.214
1.4342
2.3763
2.2476
2.36
2.4021
2.3644
2.1235
2.3034
1.5009
2.3383
1.8513
2.4135
2.3413
2.161
2.4091
2.2513
2.2669
2.2053
2.3083
2.3031
2.3275
1.9539
2.1948
2.4449
1.2707
2.2073
1.9752
1.4888
1.8712
1.796
2.251
2.396
2.114
2.1917
1.7142
2.3444
2.382
2.381
1.8722
2.2981
2.3425
2.5052
2.3926
1.7697
2.0675
1.5098
1.9018
2.105
2.4365
2.4052
2.5142
2.1208
2.5022
2.1901
1.5622
1.5464
2.091
2.22
1.562
2.4399
2.0094
1.9653
1.7293
2.3321
2.3819
2.3397
2.0212
2.2185
1.9848
2.1564
2.4512
2.2797
1.205
1.9589
2.2105
1.4096
2.32
2.3979
2.4184
1.5143
2.1842
1.2907
2.203
2.3075
2.3991
2.3248
2.4647
2.3277
2.1341
2.4033
2.1443
2.1722
2.1685
2.2948
2.2208
2.2563
2.3506
1.7216
2.3616
2.2227
1.8598
2.3573
2.0276
1.8902
2.1869
2.4605
2.4297
2.3843
2.093
2.2693
2.3637
2.3968
2.391
2.3175
2.2592
2.4022
2.0468
1.6992
2.1605
2.3667
2.2985
2.1145
2.1415
2.013
2.0677
2.377
2.0326
2.4105
1.2476
2.1702
1.3008
2.121
2.2396
2.4492
1.9615
2.0349
2.1874
1.485
1.2573
2.3568
2.311
2.2148
2.427
2.3771
2.5294
1.5317
2.4251
2.3682
2.273
2.1024
2.2764
2.1817
2.0916
2.4362
2.1167
1.7913
2.1898
2.1993
2.332
2.0305
1.6
1.9135
2.2422
2.2026
2.2394
2.3521
2.3721
2.0247
2.3234
2.4054
2.1249
2.3624
2.4507
2.2737
2.4884
1.566
2.0796
2.3394
2.4044
2.4275
1.7644
1.8878
2.3153
2.0404
2.3016
2.2667
2.4517
1.6309
2.2498
2.3245
2.2531
2.2395
1.6919
2.0457
1.6843
2.3939
1.7957
2.4748
2.2267
2.3571
2.4234
2.2361
2.1216
1.9647
2.2107
2.0021
1.358
2.2042
2.0959
2.0611
1.4476
1.4936
2.0531
2.2109
2.2636
2.266
2.3342
2.149
2.3715
2.3524
2.4338
1.8271
2.3429
1.3169
2.1389
1.5266
1.7082
2.4088
2.3145
2.0554
1.8477
1.2946
1.8565
2.2734
1.2318
2.3783
2.2057
2.1915
2.3512
1.3424
2.0825
2.3006
1.7518
2.3619
1.6456
2.1552
2.1746
2.0628
2.2803
2.3819
2.2509
2.3213
1.5932
1.9846
2.2344
2.1661
2.4503
2.3803
2.3138
2.3124
2.1781
1.7796
2.1885
1.8422
2.149
1.9646
2.2993
2.2244
2.1652
2.3333
2.3471
2.4203
2.3513
1.6581
1.9794
1.5828
2.0675
2.1997
1.9838
1.6259
1.8207
2.3241
1.7457
2.3749
2.0672
2.0553
2.4617
2.094
2.2734
2.1647
1.7009
2.0695
2.2326
2.3281
2.4622
2.3489
2.416
2.3595
2.0512
2.3579
2.464
2.1623
2.3472
1.8531
2.2243
1.4078
2.503
2.3547
1.4124
2.3409
1.6416
2.3977
2.3498
2.0331
2.0382
1.8537
2.4448
2.3671
2.4342
1.9497
2.4026
1.6647
2.2234
1.3667
2.3569
2.1789
2.2574
2.399
2.3293
2.1766
2.1382
2.3221
2.3983
1.5519
2.1947
2.4431
2.1458
2.2619
2.1166
1.6354
2.3928
2.2929
2.3697
2.3688
2.2457
2.3571
2.222
2.3947
1.9961
1.7674
2.1714
2.2846
2.2911
2.4116
2.039
2.0705
2.3251
2.0644
1.9924
1.8638
2.4598
2.3676
1.6594
1.6576
1.2814
2.3889
1.9279
1.3345
1.322
2.483
2.3667
2.2563
2.2348
1.9905
2.3802
1.9539
2.2886
2.3378
2.347
1.8553
1.3985
2.1658
1.9391
1.4169
2.3428
2.3559
2.2096
2.406
2.2626
1.4747
1.7505
2.275
2.2242
2.4044
2.071
2.3684
2.2974
2.2986
1.9091
2.2055
2.0414
1.5669
2.0215
2.1418
2.0961
1.9566
1.6394
2.079
2.2351
2.1857
2.4144
2.2424
2.3481
1.9169
2.3667
2.4676
2.1061
2.4122
2.2026
2.2673
2.2117
2.196
2.401
2.418
2.3922
1.8798
1.7271
2.2662
1.4949
2.2058
2.3075
2.0072
2.3884
2.1232
1.8058
2.2557
2.4087
1.6481
2.3578
1.6739
2.0496
1.9078
2.2469
2.351
1.8804
2.4326
1.798
2.2064
2.476
1.4018
1.2622
1.3482
1.3944
2.1991
2.3485
2.3227
2.3152
2.4065
2.2962
2.2829
2.2324
1.8983
2.3389
2.3775
2.066
1.8003
2.3756
2.1439
2.4566
2.2511
2.3856
2.3693
1.815
2.3585
2.1786
2.3262
1.6487
2.1486
2.4119
2.0894
2.2896
1.2555
1.6129
2.288
2.3863
2.2011
2.1793
2.3117
1.9342
2.2293
1.9163
2.3046
2.3141
2.319
2.316
2.404
2.0025
1.505
1.8937
1.833
1.2851
1.831
2.3503
2.163
1.8232
2.0611
1.7759
2.3462
2.0948
2.0491
2.1593
2.2219
2.1499
2.2125
2.072
1.4132
2.3375
2.3569
2.16
2.3985
2.1813
2.372
2.4073
1.8394
2.0143
2.0392
1.8821
2.4046
1.7336
2.2796
2.231
2.428
2.4298
2.4566
1.3343
2.2958
1.6941
2.0349
2.2321
1.991
2.3905
1.9621
2.095
2.1305
2.4804
2.3518
1.9947
2.0517
2.4209
2.3787
2.3503
1.3636
2.2385
2.1821
1.7262
1.296
2.1603
2.258
2.3166
2.2466
2.0488
2.3263
1.8945
2.1605
2.4672
2.1655
2.253
2.1719
1.7301
2.1629
2.3102
1.4093
2.1596
2.0133
1.5268
2.1051
1.9226
2.2611
1.8441
1.4673
1.9138
2.0794
1.9483
2.1147
2.3068
2.3846
2.038
2.3483
2.3569
2.0267
1.9397
2.2343
2.417
2.463
2.136
2.218
2.0655
2.2774
2.4561
2.1159
2.322
2.1972
2.3893
2.237
2.2715
2.208
1.5388
2.4574
2.3835
1.9176
1.9636
1.579
1.2301
2.3217
1.2889
2.3919
2.1027
1.9227
1.9448
1.9378
2.2884
2.0788
1.5551
1.6906
2.3044
2.1634
1.3456
2.4401
2.3969
2.2362
2.1329
2.3825
2.142
1.8092
2.3711
2.1744
2.2722
2.2263
1.2784
2.3208
2.2666
1.5791
2.1204
2.4424
1.6689
2.2938
2.0519
1.4854
1.4261
2.3141
2.3124
2.324
1.8947
1.7878
1.4992
1.654
2.4171
1.6072
2.3455
2.412
2.075
2.4331
2.1489
1.6562
1.3912
1.4973
2.2399
1.7965
2.3224
2.2772
2.1315
2.1281
2.1149
2.0928
2.3335
2.3325
1.4317
1.9372
2.2711
2.1447
2.3132
2.2766
1.672
2.1777
2.2855
2.254
1.8586
2.4994
2.4215
2.3214
2.4265
2.3439
2.14
2.356
2.3471
2.1811
2.3804
1.2678
2.3958
2.4041
1.4551
2.0349
2.4988
2.2385
1.7808
2.4236
2.4144
2.2969
2.314
2.3275
1.8044
2.3406
1.4823
2.1525
1.72
2.0515
1.3818
2.0356
2.1411
2.2544
2.3488
2.3284
2.2247
2.1038
2.1114
2.117
2.3999
2.1882
2.0408
2.3798
2.2523
2.2099
2.1884
1.5218
2.3827
2.4239
2.1876
1.9329
2.3741
2.1435
2.4284
2.224
2.3282
1.3111
2.0995
2.4059
2.4111
2.2609
2.3312
1.9676
2.0949
2.2273
2.4594
2.457
2.2613
2.0619
1.8869
2.3253
2.1456
2.3112
2.0543
1.9403
1.7757
2.016
2.3661
1.5295
2.1682
1.3147
2.318
2.02
2.3362
2.2538
2.3908
2.3708
2.3546
2.2854
2.1915
2.0717
2.3641
1.9776
2.161
2.1273
1.4796
1.2733
1.9909
1.5372
1.2701
2.0055
2.2121
1.9073
2.3483
2.2525
2.2822
2.1953
2.053
2.3253
2.1594
2.1752
1.6425
1.9503
2.1283
1.5253
2.3493
1.2841
1.7427
2.291
1.3272
2.2418
2.1281
2.2489
2.2276
2.2225
2.3822
2.4294
2.1495
2.1778
2.4549
2.0793
1.6295
1.6578
2.3813
2.1475
1.9425
2.3183
2.4507
2.0751
1.997
1.7447
2.4103
2.2489
2.1794
2.437
1.8417
2.3353
2.3903
2.2424
2.3952
1.3215
2.3486
2.1607
2.125
2.2044
1.8686
1.729
1.8067
2.3669
1.9488
2.4246
1.6658
2.4325
2.2634
2.3972
2.376
2.3543
2.2929
2.35
2.4398
1.8183
2.221
1.4826
1.1783
2.3572
2.1413
2.4625
1.9255
1.3984
2.0884
2.1081
2.4337
1.9904
2.4086
2.128
2.4565
2.29
1.9565
2.287
2.1293
1.2438
1.7664
1.8834
1.7878
1.8396
2.3554
2.424
2.3284
1.9995
2.3967
2.4053
2.2912
1.2064
2.3118
2.399
1.8236
2.1152
2.3253
2.044
2.2591
2.399
2.1282
1.7847
2.3746
2.2908
2.2747
1.9734
1.8768
2.2038
2.3608
1.4625
1.9217
2.2698
2.4391
2.3153
1.7324
1.7328
2.3853
2.0248
2.4141
2.2124
2.3461
1.9096
2.329
2.1845
2.1551
2.1615
2.2039
2.3844
2.396
2.3417
2.353
2.3595
1.8182
2.3978
2.3879
1.9918
2.2624
2.2215
2.2201
2.2778
1.4389
2.2696
2.2312
1.9821
2.3048
2.4037
2.0919
1.9523
2.3726
2.4353
2.0483
2.4365
2.108
2.2828
2.1908
1.4924
2.4027
2.3628
2.3369
2.209
2.2148
1.465
1.9807
1.6481
2.2345
2.3431
2.1386
2.2648
1.5062
2.0078
1.801
2.212
2.4184
2.4599
2.2362
1.9711
2.4058
2.2703
2.2828
1.7709
2.355
1.5029
1.9351
1.932
2.1758
2.0613
1.3342
2.1453
2.3091
1.6593
2.1748
2.3841
2.4152
1.9576
2.1921
1.9819
2.2837
2.3034
2.2916
1.7412
1.8283
2.0057
2.412
2.0391
1.7576
2.1341
2.4206
2.2149
2.2001
2.4194
2.0591
2.4908
1.9055
1.7261
2.3216
1.558
2.0894
1.5274
2.261
2.3266
1.9783
2.3342
2.1974
2.1273
2.3165
2.1528
1.0968
2.0278
2.3548
2.3034
2.2665
1.8211
2.3558
2.0234
1.9366
2.0727
1.9767
2.3831
2.1223
2.1015
2.3599
1.2855
2.1765
2.4634
1.9889
2.4625
2.3317
1.7896
1.9835
2.2809
2.42
2.2874
2.2939
2.3894
2.4023
2.1836
2.226
1.6939
2.18
2.087
2.3556
2.398
1.5713
2.0255
1.9774
1.9046
2.1467
1.9113
1.4199
2.2381
1.9983
1.6321
1.4132
1.5541
2.1503
2.3942
2.2509
2.3737
2.3306
2.3822
2.206
2.4293
2.4327
2.2207
2.1073
1.4824
2.1855
2.2745
1.4356
2.4145
2.0224
1.4029
2.2162
1.8837
2.3693
2.3981
2.4438
2.2527
2.0058
1.7873
1.85
1.8408
2.1288
2.3612
2.3207
2.3881
2.1902
2.2663
1.474
1.6897
1.6985
2.2255
2.2441
1.4265
2.3447
2.1026
2.3317
2.349
2.4183
2.2837
1.4562
2.4115
1.2103
2.5089
2.3157
2.2078
2.0457
1.4306
2.3518
2.3788
2.3554
2.3893
1.9488
2.1791
2.4833
2.4622
1.9562
2.3858
1.8871
2.4019
2.2461
1.7716
2.4276
2.3475
1.2171
1.1798
2.2101
2.4235
2.2409
1.2886
2.3896
2.3787
2.4252
2.1078
2.3741
1.4819
2.3425
2.3716
2.0731
1.6561
2.0502
1.3341
1.899
2.2486
1.1697
2.4065
1.8695
2.2342
2.3949
2.1538
2.3461
2.3722
2.0788
2.4293
2.3699
1.1794
1.9325
1.4348
2.3937
2.2725
2.1926
2.3433
2.0947
1.7248
2.2471
1.2517
2.3621
2.4764
1.8623
2.4184
2.3657
2.2567
1.9658
2.2799
1.328
2.4407
2.3633
2.2676
2.0134
1.6051
2.4214
2.2631
2.2692
2.4221
2.2818
2.3122
2.2937
2.2036
2.2951
2.2341
2.2308
1.9307
2.3085
2.3746
2.3847
1.976
2.3945
2.1871
2.0988
2.1608
2.1819
1.5797
2.2064
2.1403
1.6253
1.6575
2.4496
2.0571
2.3283
2.393
1.1938
2.0702
2.2967
1.9447
2.2888
2.3624
2.047
1.1628
2.2057
2.4855
1.2638
1.5601
2.4111
2.1214
1.8105
1.433
1.6735
2.1013
2.1875
2.3238
1.6815
2.2853
1.7891
2.3134
2.1833
2.2042
2.2261
2.4159
2.3172
2.196
1.8045
2.412
1.9553
2.3456
2.0672
2.4411
1.3249
2.4516
2.2384
2.3663
2.3781
1.2377
2.4188
2.1356
2.3312
1.836
2.0386
1.8538
1.5255
2.3833
2.1292
2.3103
2.3024
2.1841
1.7749
2.3413
1.3218
2.2365
2.4173
2.4023
2.4417
1.5563
2.3355
1.7571
2.27
1.7059
1.6552
2.2042
2.2756
2.0046
2.1113
1.3638
2.1803
2.355
2.2029
2.0846
2.3673
2.2497
2.1932
2.3884
1.715
1.9916
2.1089
2.0455
2.0889
2.2385
2.3901
2.3682
2.2064
2.2914
1.354
1.8848
1.8024
2.3688
1.6636
2.063
2.1508
2.3397
1.8812
2.2331
2.4362
2.4323
2.334
1.8727
2.3295
2.3732
1.912
2.2045
1.9593
2.3459
1.9686
2.2106
1.9748
2.2771
1.8945
2.3668
2.0498
2.1265
2.2122
2.1393
2.0663
2.0041
1.9579
2.025
2.2834
1.6433
2.2097
1.8187
1.4424
1.6837
2.3011
2.253
2.4163
2.3322
2.347
2.4161
1.4134
2.4468
2.3872
2.306
1.4555
2.2205
1.8832
2.0035
2.4265
2.0962
2.2472
1.9732
2.101
2.3901
1.5936
1.8495
2.0179
2.5008
2.2801
2.3162
2.2146
2.4402
1.8947
2.3351
2.1665
2.1455
2.2507
2.0731
2.3164
1.6729
2.3776
2.3748
2.381
2.4459
2.4251
2.3678
2.3952
2.4411
2.2014
2.4232
2.3714
1.6016
1.9557
1.424
2.366
2.1506
2.2171
2.1315
2.3759
1.9181
1.8913
2.1389
2.2549
2.1691
2.3406
2.2088
2.0988
2.38
2.3787
2.3975
2.0542
2.3653
1.9167
1.5269
2.3699
2.4011
1.6479
2.2909
1.6207
1.9945
2.1953
1.4724
2.0207
2.2815
1.8103
2.4244
2.31
2.3876
2.1134
2.2093
2.3127
2.3525
1.7458
2.3814
2.4227
1.7181
2.2215
2.3963
1.3598
1.6712
1.4833
2.4478
2.3556
1.2981
2.3992
2.2166
2.1097
1.8247
2.2255
2.4594
2.3959
2.2953
2.3268
2.416
1.3277
2.2928
1.5756
1.3195
2.0374
2.4042
2.368
1.9386
2.2216
2.3565
2.1769
1.5226
2.0058
1.858
2.172
2.0797
2.3429
2.2307
2.2417
2.4122
2.2409
2.335
2.1732
2.3218
1.6733
1.5504
1.7055
2.3273
2.0957
2.135
2.3755
1.4664
2.368
2.3287
1.2131
2.357
2.3561
2.2329
1.6565
2.2192
1.9931
2.4343
1.9434
1.2558
2.3312
2.1929
2.0684
2.2423
2.3363
1.8615
1.1697
2.4264
1.2588
2.4147
2.0352
2.1448
1.4536
2.1945
2.1279
1.9232
1.3172
1.881
2.4835
2.348
2.2135
2.3203
1.2306
1.7815
2.286
1.9548
2.3073
1.6968
1.187
2.4011
2.1171
2.4736
1.4846
1.5947
2.4217
2.2016
2.242
2.2779
2.2079
1.957
2.1193
2.2305
1.8306
1.6766
2.3395
2.0406
2.4137
2.3781
1.7032
2.1085
1.9663
2.3023
2.389
2.4238
2.2202
2.2873
1.9164
2.174
1.3963
1.9396
1.8799
2.2806
2.2367
2.2074
2.0353
1.8064
1.9157
1.4607
2.1521
1.5982
2.3617
2.1041
2.1391
2.0978
2.2978
2.3931
2.3508
2.2697
2.3361
2.351
2.2341
2.3138
2.3655
2.1254
1.2245
2.4005
2.3124
2.3927
2.348
2.3959
1.3906
1.5905
1.2076
2.0977
2.051
2.3708
1.5765
2.3668
1.9206
1.9156
2.2894
1.8328
2.4395
1.3808
1.7597
2.3536
2.2353
2.3322
2.3513
2.3288
2.3564
2.4817
2.094
2.2811
2.4389
2.2463
1.5703
1.9706
2.2901
1.8617
2.4623
1.7132
2.4246
2.4071
2.4014
1.4365
2.3319
1.3907
1.7338
2.1721
2.3675
2.1252
2.3875
2.2472
2.4443
2.3301
2.3506
1.1528
2.2498
1.9564
2.3929
2.2017
1.9923
2.315
2.2844
2.2248
2.0996
2.372
2.4281
2.2934
2.3119
2.3645
2.3449
1.9754
2.3804
2.4435
2.2941
2.1943
2.2967
2.2158
2.2656
2.242
2.1277
2.4633
2.2737
2.384
2.3383
2.2747
2.1801
1.5119
1.5572
2.2641
2.4242
2.3705
2.354
1.2598
2.2882
1.762
2.1538
2.2332
1.8295
2.2896
2.3247
2.0263
2.4314
1.8874
2.0051
2.3542
2.1094
1.9032
1.8548
2.2171
2.3892
1.3252
1.8936
1.7442
2.058
2.4259
2.2833
2.1585
2.233
2.1019
2.2826
2.4294
2.2758
2.3434
2.3562
2.1698
2.1288
2.418
2.4702
2.1343
1.3448
1.1834
1.6031
2.2863
2.3571
2.417
2.4375
2.3853
2.3446
2.1589
2.4425
2.23
1.3244
1.8118
1.9632
2.2177
2.0006
2.296
1.8658
2.2315
1.5448
2.041
2.3264
2.4226
2.1532
2.3509
2.3388
2.3362
1.9686
1.7863
2.2438
2.5174
2.2715
2.1079
1.9978
2.316
2.1967
1.7536
2.0433
1.4368
2.169
2.3546
2.1504
1.8095
2.3763
2.1532
2.3357
2.4123
2.3357
2.0578
1.4009
2.328
2.2616
2.3299
1.8858
2.1208
1.3385
2.3648
1.3064
2.2179
2.0478
1.5509
2.4027
1.8418
2.3395
2.2603
2.3677
2.2256
1.8599
2.2142
1.8652
2.2584
2.303
2.3349
2.0695
2.3657
1.9444
2.3793
2.1127
2.2138
2.3103
1.3546
2.1443
2.2402
2.3094
2.3529
2.2347
1.3558
1.966
2.0035
2.4417
2.33
2.309
2.3961
2.2832
2.3388
1.2852
2.0553
2.1207
2.3986
1.5397
1.9428
2.0029
2.4012
2.4155
2.0371
2.4306
2.4739
1.8258
2.4087
1.4997
2.2171
2.3794
2.4904
2.062
2.2816
2.0115
2.0431
2.4406
2.1857
2.3741
2.3782
2.1652
2.3092
2.3958
2.4098
2.3586
2.3332
1.7137
2.3106
2.2872
2.1316
2.4488
2.2846
2.4443
2.2991
2.4305
2.4311
2.2282
2.444
1.7396
2.3186
2.2636
2.4074
2.4285
2.2347
2.3849
2.2335
2.2121
2.0111
2.3448
2.0237
2.3127
2.38
2.0665
2.2162
2.3029
1.499
2.2671
2.3887
2.3446
2.0925
1.9401
1.4563
1.393
2.366
2.2223
2.2652
2.4409
2.1694
1.7102
1.6837
2.2915
2.0482
2.3696
2.2894
1.3361
1.8014
1.7984
2.409
2.1932
2.1975
2.1656
2.182
1.529
2.2452
1.4863
1.8953
1.8364
2.3205
2.3766
2.3738
1.9833
2.3542
2.0106
2.2186
2.3876
2.1343
2.1784
2.0447
2.3241
2.3858
2.3865
2.3227
1.2677
1.4679
2.4399
2.3936
2.3057
2.4221
2.4295
2.3137
2.2271
2.3429
2.1109
2.2939
2.2676
2.1546
2.2682
2.1789
2.1531
2.2038
2.4171
2.401
2.1755
2.4226
1.9355
2.4446
2.2598
2.286
2.2076
2.451
2.4064
2.0026
2.181
2.3794
2.164
2.2589
2.1227
2.0858
2.4046
1.8492
2.1136
2.1251
2.3964
2.2869
1.3293
1.3444
2.0791
2.4318
2.3074
2.0648
2.4459
2.3372
1.3775
2.4256
2.3192
2.334
2.2778
2.1775
2.0253
2.387
2.2375
2.1402
2.1937
1.4027
2.3955
2.3923
1.5119
1.851
1.7861
2.2326
1.8677
2.3765
2.1868
2.3496
1.8179
2.4088
2.4662
2.3119
1.856
2.4179
2.3671
2.1051
1.8313
2.1088
1.218
1.3799
1.599
2.2455
1.8343
2.107
2.2148
1.3895
2.0995
2.193
2.2643
2.1764
2.1068
2.3388
2.387
2.3332
2.2533
1.2129
2.2639
2.1371
2.1853
2.2291
2.3139
2.1454
2.4256
2.3636
2.3893
2.3392
2.1208
2.0061
2.3108
1.9252
2.2523
2.1732
2.2945
1.7231
2.0741
2.3558
2.4016
1.2199
2.3999
2.3473
2.1225
2.3759
2.161
2.0554
1.5574
2.1629
2.4596
2.3395
2.1697
2.2855
1.3673
2.2924
1.6266
1.9996
2.4267
2.1803
2.5074
2.1855
2.1693
2.3674
2.3094
2.3996
1.9896
1.93
2.5003
2.3699
2.342
2.3333
1.4748
2.3444
2.1134
2.2493
1.9402
2.3261
2.097
2.3326
2.2666
2.3232
1.4459
2.2277
2.2899
2.3141
2.2567
2.4779
2.2971
1.9056
2.0214
2.2898
2.1699
2.3604
1.5887
1.5306
2.1269
1.7446
2.1639
2.4101
2.0772
2.0336
1.4582
2.2853
1.3793
2.1391
2.3252
1.8405
2.1993
2.201
2.2348
2.3301
2.1675
2.281
2.3366
1.8751
1.7447
2.4
2.1621
2.2559
2.1436
2.1746
2.4198
1.851
2.2063
2.3088
2.3602
2.2314
2.2234
2.4193
2.4408
1.9349
1.826
2.0066
2.2564
2.2919
2.1706
2.2772
2.2278
2.4392
1.5333
2.1846
2.0942
1.7697
2.3675
2.4372
2.1237
2.3691
1.389
2.3988
2.319
1.4915
2.4097
1.5743
2.3328
2.423
2.3482
2.407
2.3942
1.7423
2.2996
2.1162
2.3532
2.2168
1.8857
2.0077
2.3439
2.3035
2.2658
2.3967
2.2742
2.4231
1.6525
2.4046
2.1833
2.184
2.3419
2.2945
2.1503
2.2758
2.4184
1.7012
1.5763
2.3616
2.24
2.1494
2.4388
2.3879
1.8309
1.8973
2.4414
2.3466
2.0775
2.1409
1.9343
1.3032
2.3271
1.6828
2.283
2.3537
2.3984
1.2653
2.264
2.3578
1.1515
2.4682
1.65
1.8393
2.2616
2.2493
2.3892
2.3104
1.9669
2.3845
2.2768
2.3871
2.2241
1.9965
2.3501
2.2978
1.9913
2.0965
2.0953
2.0374
2.0929
2.2446
2.1136
1.9761
2.5166
2.3312
2.3608
2.2977
2.3371
1.417
2.3305
2.1444
1.5109
1.8209
2.3446
2.3684
2.0636
2.439
2.5161
2.2692
2.2019
1.3429
2.0569
1.1321
2.0759
2.4516
1.3622
2.2826
2.4598
1.2993
1.919
1.9475
1.5091
1.2513
2.0759
2.0444
2.4891
2.3657
1.9158
2.3462
1.6788
2.3538
1.8815
2.2487
1.806
2.1566
2.4847
2.1165
2.189
2.3647
1.4003
2.1632
2.4266
2.112
2.1516
2.4925
2.1518
2.2094
2.2072
1.7674
1.4949
2.193
1.825
2.2282
2.0951
2.4029
2.1276
2.4471
2.3499
2.3378
2.3141
2.4582
2.1882
2.1822
2.3325
2.3442
2.3828
1.6773
2.2023
2.1888
1.5062
2.2519
1.6062
1.5783
1.7389
1.9323
2.0751
2.0862
1.342
2.1686
1.3689
2.462
2.3286
2.3946
1.73
2.3049
2.2681
2.2651
2.3949
2.3479
1.4142
2.3953
2.3243
2.2096
1.9997
1.9157
1.671
2.3616
1.8647
1.9816
2.0625
2.2481
2.4594
2.3823
2.1455
1.5526
2.3863
2.1408
2.3925
2.3013
2.0684
1.9782
2.0455
1.6462
2.405
1.3225
1.9886
2.4286
2.3497
1.9651
2.0041
2.1632
2.4125
1.2578
2.3153
1.8816
2.3497
2.2334
2.2692
1.9734
2.2041
2.1305
1.1694
2.4717
2.1034
1.3692
2.2214
2.3673
1.2315
1.6119
1.5056
2.4115
2.4405
2.0194
2.3178
1.2904
2.384
2.128
1.7471
2.4037
2.2544
2.2405
2.4833
1.9557
1.4453
2.3659
1.9711
2.4077
1.7229
2.357
2.16
1.2365
2.2375
2.3853
2.2091
1.7934
2.3826
1.3229
1.7678
2.2044
1.643
2.3327
2.3481
2.1254
1.7718
2.3105
2.3219
1.2746
1.5343
2.388
1.8717
2.4016
2.4018
1.4427
1.9698
1.872
2.2102
1.9985
2.2255
2.4174
2.3529
2.2943
2.3004
2.318
1.3313
2.2526
2.1044
2.3249
2.2657
1.9634
2.1692
2.1603
1.4312
1.8885
2.4417
1.9238
2.2562
2.231
2.1481
2.4276
2.314
2.3364
2.1343
2.264
2.0244
2.1876
2.218
2.1404
2.26
2.3655
2.2495
2.1984
2.1565
2.3613
1.5928
1.3499
2.1487
2.2422
2.2235
1.9595
2.3936
2.2606
2.2107
2.4467
1.6994
2.2485
2.3435
1.3552
2.365
1.7209
1.7096
2.4297
2.3387
1.8506
2.3826
2.0106
1.9188
2.2243
2.2988
2.3142
2.1201
2.3814
2.4295
2.2859
1.8873
2.4487
2.4346
2.1272
1.4492
2.2297
2.2944
2.4118
2.1823
2.3263
2.0068
1.8182
1.5415
1.5679
2.1832
2.3374
2.2825
2.4504
1.5165
2.1727
2.1878
1.9528
2.2257
2.1849
2.2448
2.0587
1.6056
2.4077
2.0377
2.3982
2.4086
2.3131
2.4535
2.3375
2.0148
2.3105
2.422
2.2715
1.4753
2.2198
2.4264
1.749
2.1916
2.2974
2.4256
2.151
2.2462
2.243
2.1564
1.8325
2.1167
2.2894
1.3849
1.9775
1.5544
2.3951
2.152
2.2955
1.9139
2.0978
1.8887
2.208
1.4986
2.3547
2.0197
2.3415
2.4485
1.6223
1.4499
2.062
2.1127
1.792
2.1906
2.3494
2.3778
2.367
2.0255
2.4861
2.13
2.3896
1.547
2.0472
1.5465
1.5346
1.8609
2.2443
2.4331
2.2797
1.2517
2.0793
2.1381
2.2168
1.8807
1.8731
2.3647
1.6211
1.463
1.1933
1.2595
2.1861
1.4365
1.4196
1.1347
1.6523
2.3038
2.3659
2.3955
2.2484
1.9709
1.981
1.9306
2.171
2.2886
2.2825
2.3778
1.2318
1.9906
2.1932
2.4577
2.159
2.3505
2.2895
2.1526
2.3564
2.3071
2.3656
2.0612
2.3867
2.1604
1.2766
2.1722
2.2541
2.0892
2.2871
2.0644
2.184
2.3212
2.1363
2.3942
2.2235
1.6096
1.6849
2.106
2.3018
2.3433
2.3772
1.4097
2.4203
2.0551
2.3193
2.1276
1.8362
2.3588
1.9635
2.3337
2.1757
2.3501
2.304
1.791
2.3638
2.4634
1.6907
1.5974
2.417
2.1984
1.4641
1.5997
2.2624
2.2746
1.3473
2.1686
1.9779
2.3533
2.0768
2.3486
2.0614
2.3511
2.3109
1.9225
2.4185
2.4376
2.2947
2.3586
2.3201
2.1456
2.399
2.001
2.1343
1.406
2.421
2.2449
2.2043
2.1672
1.952
2.2009
2.3463
2.4146
1.3897
2.3903
1.5805
2.4803
1.6978
1.9123
2.2202
1.8635
2.1685
2.1595
2.3298
1.2101
2.4015
2.3695
2.2733
1.9895
2.3841
2.0384
1.6038
1.4527
1.4759
2.231
2.2626
2.1213
2.3475
2.3216
2.1756
2.3164
2.365
1.8803
2.0888
2.4149
2.3555
2.242
2.1659
1.2625
2.2553
2.3613
1.9849
2.2025
2.323
2.4506
2.2282
1.603
2.217
2.1083
2.2689
1.8334
2.3615
1.8113
1.6245
2.3853
2.4195
2.4365
1.7732
2.434
2.283
2.2264
2.0724
2.3797
2.4404
1.4674
2.3615
1.3031
2.4464
1.8562
1.9394
2.2685
2.2739
2.116
1.2959
1.5262
2.2926
1.8997
2.1488
2.3895
2.3625
2.4725
2.2259
1.3533
2.36
1.7194
2.2609
1.6801
1.6353
2.1967
2.1995
2.2693
2.4004
2.3896
2.2583
2.3026
1.8798
2.2584
2.3826
2.3152
2.1345
2.3145
2.3792
1.2166
1.3078
2.0333
2.4428
1.8772
2.0009
2.0017
2.0534
2.2783
2.3919
2.3466
2.4181
2.4637
2.228
1.8428
2.3413
1.9947
2.1397
2.1275
2.3505
1.3005
2.1142
2.3555
2.3588
2.2511
1.4309
2.3904
2.4926
2.1374
2.0479
2.1741
2.3834
1.9849
1.2898
2.1848
1.5871
1.7816
1.9558
1.3384
2.4152
1.2829
2.3606
2.3798
1.3632
2.1416
2.2742
2.3765
2.1572
2.4033
1.9077
1.9845
1.7767
2.2775
2.085
2.371
2.1326
2.3935
2.4309
2.3523
1.9904
2.2961
2.3933
2.3761
2.3034
2.2924
1.345
1.2256
2.3666
1.9241
2.3713
2.3907
2.4556
2.0748
2.3302
1.6097
2.051
2.3563
2.3692
2.2356
2.3661
2.2935
2.1992
2.3361
2.1408
2.366
2.4622
2.42
1.9887
2.3917
2.4034
1.7634
2.1215
2.2713
1.9328
2.2225
2.0525
2.0077
2.4185
2.1827
1.7649
2.1011
2.3712
2.3638
1.2146
2.2305
2.412
1.8827
1.9759
2.1076
2.1198
2.4399
1.398
2.3259
1.8123
1.417
2.0967
1.9731
2.1778
2.3523
2.0988
2.1307
2.3515
2.3553
2.3105
2.4121
2.4412
2.4034
1.1141
2.4921
2.3635
1.8822
2.0527
2.114
1.998
2.2227
2.2757
2.2724
2.0211
2.1399
2.1913
1.699
2.3407
2.3459
2.5127
2.401
2.3033
2.3012
2.3697
2.5166
2.0386
2.0475
2.3123
2.134
2.3016
2.1251
1.3918
1.4814
2.3536
2.3001
1.9579
2.4179
2.2815
1.3969
2.1838
2.0842
2.3638
1.77
1.9383
1.5638
1.2395
2.2711
2.2246
2.1575
2.4955
1.6848
2.1838
2.3359
1.9789
1.3048
2.0657
2.2652
2.0521
2.3733
2.1382
2.3622
1.9925
2.3048
2.3311
2.0929
2.3393
2.0328
1.7902
2.0261
2.344
2.4352
1.2222
2.4747
1.4562
2.1389
2.2088
2.5343
2.3049
2.148
1.9539
2.2687
2.3545
2.1417
2.3506
2.3778
1.8943
1.3198
2.0208
2.4043
2.3506
1.9689
1.6519
2.2157
2.4059
2.2724
2.2204
1.6594
2.4032
2.3425
1.8133
2.1331
2.449
2.168
2.3149
2.3984
2.4827
2.108
2.2714
2.0331
2.219
2.4367
2.2451
2.3604
1.2738
1.1111
2.5136
1.532
2.1467
2.4703
2.2349
2.3623
2.3429
2.3939
2.3176
2.3916
1.8463
1.4695
2.3406
2.1519
2.3943
2.1014
2.2007
2.2708
1.5748
2.0945
2.2837
2.481
2.292
2.3842
2.2804
2.4001
1.7348
1.9842
2.2764
1.0811
2.2226
1.9461
1.6822
2.1985
2.2439
2.3402
1.4674
1.7347
1.9171
1.3142
2.2108
1.3732
2.1638
2.187
2.428
2.4665
1.3434
2.3904
2.2532
2.3897
2.1963
1.7009
2.3075
2.4125
2.0463
2.1023
2.2745
2.1075
2.197
2.5129
2.381
1.8165
1.6751
1.8658
2.3302
2.1071
2.0651
1.8129
2.0928
2.412
2.3659
1.7835
1.6538
2.3539
2.1091
2.3393
2.5298
2.2063
2.1635
1.8601
2.3095
2.3834
2.1508
2.2262
2.3603
2.1325
2.077
2.1193
2.4778
2.4002
2.1047
2.0448
2.3702
2.0498
2.3039
2.0003
2.0062
2.2837
1.6467
2.4025
2.1952
2.404
2.4223
2.3589
2.0594
1.5779
2.346
2.1323
2.2816
2.386
1.9174
2.368
2.4654
2.3414
2.0229
2.2507
2.4559
2.204
1.3984
2.4537
2.3835
1.7363
2.3109
2.3038
2.3376
2.1082
2.1401
2.1329
1.9215
1.4802
1.9408
2.3328
2.1295
2.1947
2.3356
2.4361
2.4274
2.1852
2.2425
2.1379
2.0806
2.2812
1.9588
2.2825
2.3342
1.9058
1.8676
2.2986
1.9013
1.7197
2.5057
2.3491
2.189
2.2411
2.2986
1.8856
2.2285
2.3311
2.2331
2.0928
1.7657
1.3821
2.0695
2.4294
1.8106
1.6254
2.3218
2.3215
2.3499
2.0744
1.2503
2.2014
1.96
2.2588
2.2154
2.3951
2.3284
2.2266
2.4234
2.3618
2.0231
2.1272
2.0084
2.1609
2.2668
2.0348
2.1488
2.2574
1.8738
1.4966
2.3319
2.0515
1.8448
2.158
1.8073
2.1901
2.1408
2.0874
1.598
2.3121
2.4143
2.362
2.2934
2.2937
2.4434
1.236
2.3371
2.3627
2.2763
2.368
2.2344
1.7092
1.8988
2.4151
2.2781
1.7944
1.8514
2.1252
2.3279
2.3853
2.2727
2.2585
1.7653
2.2685
2.0269
1.8325
2.0753
2.4309
2.0813
2.1311
2.2031
1.2773
1.5263
2.0177
2.2235
2.4275
2.0015
2.1636
2.4468
1.3485
1.6391
2.4363
2.5267
2.3362
2.4109
2.3222
1.549
2.2683
1.486
1.9884
2.373
1.3603
2.0428
2.4626
2.5072
2.2606
2.4455
1.7442
1.7116
2.2284
1.3877
2.1939
2.3956
2.2042
2.337
2.4211
2.2537
2.3858
1.9616
2.289
2.2754
2.3112
2.4185
2.248
1.5194
2.2893
2.3751
2.2837
2.3788
2.1309
1.2308
2.3665
1.4656
2.3089
2.3633
1.6991
2.4317
1.4146
2.3422
2.3542
1.8619
1.9415
1.4312
1.6552
1.6107
2.2293
2.3453
1.6783
2.3383
2.0209
1.9872
2.2986
2.097
2.3666
2.3496
2.1388
2.5285
2.0966
2.0697
2.3204
2.3306
2.3163
2.2279
1.3474
2.4122
1.5743
2.2619
2.1857
2.4074
1.8769
2.3806
2.3517
2.2279
2.4138
2.4608
2.2004
2.4816
2.1843
2.4228
1.4837
2.3776
2.3805
2.139
2.0423
2.221
2.2904
1.8449
1.4971
1.5485
1.9699
1.356
1.5447
2.3901
2.4056
2.2105
2.0493
1.4685
1.859
2.3527
1.6443
2.2918
2.4828
2.3863
2.5443
2.4116
2.3268
1.8258
2.4033
2.1884
2.2553
2.4072
2.4066
2.1774
1.562
2.4369
2.1158
1.9807
2.3297
2.2316
2.3462
2.2107
1.9404
1.3011
2.2504
1.7735
2.4184
1.6139
2.3509
2.3221
2.2111
2.3848
2.4701
2.1072
2.0565
2.2238
1.7738
2.3694
2.3706
1.7941
1.5067
2.2925
1.8524
2.2336
2.2828
2.0992
1.217
2.3475
1.5226
2.4217
2.0505
2.3464
1.8662
2.262
1.5301
2.4061
1.8692
2.168
2.2809
2.4473
2.3267
2.2261
1.7283
1.8528
2.4188
2.3464
2.3501
1.7095
2.3406
2.3102
2.0311
1.7486
1.9456
2.3822
2.1718
1.8704
2.3376
2.0242
1.5565
2.2961
2.2376
2.2617
1.3201
2.5027
2.2615
2.1798
2.4727
1.7612
2.1457
1.3961
2.4471
2.3957
2.0757
1.3753
2.0117
2.1871
1.5853
2.179
2.3959
2.4396
2.2265
2.1944
1.8282
1.8443
2.1031
2.334
2.3738
2.31
2.3389
2.1804
2.3849
2.3122
1.7108
2.3771
2.3121
2.1032
2.152
2.2739
1.5942
2.4522
2.3835
2.3003
2.4021
2.1087
1.7399
2.2477
2.358
2.0718
2.0291
2.3224
2.2322
1.6825
2.0157
1.2648
2.0426
2.4366
2.3909
1.6462
2.1399
2.2503
1.4328
2.1704
1.6153
2.1568
2.3473
2.4118
2.4376
2.233
1.4506
2.3247
2.3252
2.2483
1.9562
2.3452
2.0585
2.2441
2.4352
2.2837
2.1578
2.3159
2.261
1.3892
1.6809
1.223
1.5715
2.181
2.3197
2.3651
2.0204
2.3804
2.0321
2.2383
2.3412
2.1164
2.3366
2.377
1.4186
1.5796
2.0906
1.5492
2.3648
1.7298
2.3428
2.3142
1.96
2.476
2.4079
2.3615
2.3438
2.4624
2.3878
2.3275
2.234
1.6859
2.4193
2.2165
1.6646
2.2352
2.4065
2.0756
2.4568
1.81
1.7676
2.4053
2.0403
2.0203
2.1655
1.9091
1.2583
2.1051
2.3274
2.4047
1.4905
2.3507
2.1221
1.341
2.2361
2.4409
2.3554
2.3029
2.3691
2.3613
2.362
2.2383
2.1654
2.2828
2.3846
2.0103
2.2595
2.3994
2.4369
2.2571
2.2361
2.1356
1.9539
1.5798
2.2434
2.3553
1.2228
1.7638
2.0065
2.0718
1.3137
2.3521
2.2708
1.6692
2.1006
2.3082
1.7052
2.4488
2.3744
1.4091
1.8793
2.3252
1.6379
2.3295
2.4205
2.2406
1.8835
2.3498
2.0347
2.1004
2.1705
2.3696
2.3106
2.1488
1.5939
1.4859
2.2965
2.1744
1.6174
1.9272
2.1744
2.3759
2.2245
2.2968
2.2877
2.2095
2.327
2.2947
2.3401
2.3219
2.3328
2.2899
2.3152
1.9508
2.2531
2.2886
2.3892
2.2827
2.4794
1.9953
2.3924
2.355
2.4856
1.934
2.4172
2.1069
2.096
1.6314
2.297
2.1193
2.2721
1.3694
2.0958
2.0908
1.6762
2.1423
2.2209
2.3137
2.407
2.4206
2.3348
2.1676
2.1204
1.4624
2.3122
2.1452
2.3089
2.1979
1.2573
2.2948
1.2767
1.6934
2.2591
2.1019
2.4245
2.342
2.0359
2.2202
2.4605
2.1664
1.9315
2.3567
2.4491
2.0976
2.1126
2.3602
2.0355
2.3556
2.1568
2.4082
2.14
2.4006
2.0591
2.0848
2.4306
2.4228
1.2363
2.4262
2.4416
1.463
1.5515
2.1251
1.316
1.7648
2.3717
2.3244
1.9954
2.4287
2.2238
2.3605
2.3551
2.436
2.2033
2.3789
2.4038
2.0536
1.782
2.1901
1.3334
2.382
1.2918
1.9256
2.1652
1.9651
2.2134
2.4414
2.0546
2.4466
1.9978
2.299
1.7048
1.9653
2.3542
2.3371
1.9138
2.4313
2.0928
2.34
2.4663
2.1129
2.2399
2.3747
1.3864
2.0087
2.1829
1.1842
2.2901
1.7586
2.319
1.6791
1.6555
1.93
2.3923
2.4209
2.3981
1.9191
2.2133
1.2782
2.1592
1.7756
1.2133
2.1033
1.9842
2.1249
2.4351
2.4591
2.0864
2.4223
2.1285
2.2171
2.3288
2.2169
2.0161
1.5789
1.628
2.35
2.3958
2.2674
2.4288
1.9717
2.1663
2.4565
2.4594
2.3255
1.7236
2.3841
2.418
2.278
1.543
2.4161
2.4373
1.2815
2.4033
2.1791
1.4025
1.9297
2.4188
1.7236
2.3097
2.4066
2.3858
2.3235
1.7377
2.1644
1.2695
2.3731
2.2484
2.056
2.4031
2.4152
1.9156
1.8176
2.1141
2.4549
1.4967
1.9205
2.3641
2.2498
1.9214
2.0684
2.0565
2.0546
2.3213
1.3528
2.3548
2.2826
2.4028
1.3245
2.3192
2.0716
1.3387
1.7122
1.5669
2.1861
1.9262
2.0582
2.4506
2.2213
1.837
2.3753
1.6067
1.9273
2.094
2.4858
2.1223
2.2098
2.4056
2.3591
2.1545
2.0657
1.939
2.2512
2.128
1.9823
2.3223
1.4164
1.5918
2.2565
2.3223
1.7331
2.2264
2.1258
2.3415
2.2057
2.2218
1.4431
2.2926
1.2032
2.1474
1.8294
1.5643
2.4883
2.239
2.3761
2.285
1.6749
1.5984
2.375
2.3747
2.3292
2.2948
2.3761
2.3667
2.3158
2.2218
2.1316
2.4185
1.6933
2.2069
2.3459
2.2525
2.2506
2.3443
2.0278
2.3519
2.4321
2.2109
2.0922
1.426
2.3319
2.1703
2.3464
2.2833
2.0794
2.1748
2.1715
2.395
2.4384
2.3606
1.9937
2.266
2.1789
2.4228
1.603
2.3396
2.293
1.6431
2.0093
2.2432
2.2227
2.3712
2.2112
1.9893
2.5157
2.1549
2.3759
2.3931
2.3093
2.1822
2.3028
2.1736
1.8915
2.0873
2.1821
1.8102
1.8334
1.5974
2.3588
2.301
2.3535
2.3527
1.6124
2.1997
2.0251
1.9669
1.3828
1.9115
2.0471
1.8009
1.9789
2.2016
2.2113
2.4981
2.0443
2.1348
2.3782
2.0855
2.1648
2.1225
1.8008
2.0888
2.3854
2.0335
2.2106
2.3371
1.8241
1.5439
2.0951
2.3704
2.2498
2.0034
2.3892
1.3732
2.2793
2.243
1.1666
2.3626
2.3588
2.3678
2.2285
2.2565
1.9434
1.9168
1.2486
2.3598
2.2117
2.3893
2.3117
1.8843
1.7319
1.7906
1.7115
1.8299
2.2732
2.3057
2.3683
1.8833
2.1532
2.4154
2.2793
2.2605
1.4928
2.3129
2.1912
1.8141
2.1234
1.7637
2.2738
1.4801
2.3959
2.4094
2.4039
2.1157
2.1225
2.2979
2.2521
2.0574
2.3239
2.3946
2.2459
2.388
2.2698
2.2974
2.3002
2.3244
1.7862
1.8459
1.6789
1.4415
1.7659
1.3136
1.8612
2.1203
2.2646
1.4676
2.0676
2.0437
2.3212
1.5832
1.5572
2.0506
1.5204
2.2138
2.2674
1.3697
2.3844
1.7749
2.0184
2.3182
1.5996
2.2377
2.4486
1.7157
1.996
1.684
2.3935
2.185
2.1805
1.8311
1.8561
2.1209
2.3544
2.2322
2.2589
2.263
1.1979
1.8734
2.1775
2.2254
2.1721
2.3845
1.9313
2.3258
2.4706
1.276
2.1784
1.5407
2.3011
2.1551
2.2671
2.4801
2.4089
1.8796
2.4242
2.273
2.2094
2.4416
2.2341
1.568
1.6874
2.0709
2.2533
2.3643
2.389
2.1708
1.7216
2.1871
1.961
2.39
1.4701
2.4466
2.3269
2.1648
1.6144
1.994
1.6185
2.3407
2.0989
1.8089
2.2013
2.1857
2.3541
2.3809
2.3195
2.1496
2.3943
1.6224
2.3414
1.7737
2.3299
2.3733
2.0967
2.3193
2.3722
2.4257
2.3368
1.3993
2.1877
1.679
1.9398
2.0195
2.3961
2.3322
2.0929
2.2292
2.3161
1.7813
2.3562
2.203
2.1783
2.3439
2.0677
2.3489
2.1607
2.0178
2.1996
2.2506
2.4259
2.4196
1.7497
2.3789
2.3473
2.1764
2.1214
2.3864
2.3811
2.4277
1.3868
2.312
1.4625
2.3858
1.4976
1.8407
2.5316
2.2556
2.0939
2.3603
2.3984
1.7454
1.3533
2.2121
2.0109
2.0322
2.2459
2.183
2.4896
2.4425
2.0663
1.946
2.3152
2.1597
2.0304
2.3495
1.5811
1.6795
2.3414
2.3874
2.3843
2.1318
2.2311
1.7949
2.3585
2.1115
1.9839
2.5309
2.2325
2.1836
2.4582
2.0415
2.3023
1.7558
2.3814
1.9227
1.6021
2.345
2.2739
2.2845
2.345
2.4095
2.4362
2.3768
2.2817
1.8043
2.1418
2.183
2.4176
2.3175
2.2883
2.0781
2.2264
2.2503
2.3727
2.2245
2.434
2.0157
1.6326
1.8435
2.3972
2.1824
2.1242
1.5174
2.0737
2.0496
2.2793
2.2025
2.2379
2.1726
2.074
2.2008
2.4285
2.385
2.2762
2.1857
2.4461
1.3693
1.7804
2.1849
1.9753
2.0904
1.9162
2.4527
2.3499
1.8942
2.1687
2.3867
2.3297
2.2338
1.9106
2.3586
2.4422
2.4532
2.2678
1.9216
2.0241
1.9294
2.4238
2.4179
2.2676
2.3331
1.6766
2.3935
2.175
2.3624
2.0115
2.3577
1.8282
2.3957
2.4207
2.2168
1.9892
2.1332
2.3021
2.3568
1.9852
2.4082
1.5497
2.2401
2.2867
2.304
2.1853
2.2075
2.3481
2.1106
2.1811
2.3953
2.351
2.4834
2.0584
2.2926
1.6808
2.0126
2.1659
1.3012
2.0919
2.2373
1.2296
2.2151
2.2613
2.1546
2.3457
1.4476
2.1975
2.0899
2.3314
1.7321
2.41
1.4032
2.4656
1.9359
2.2117
1.8097
2.1228
2.3156
2.4469
1.4506
1.4056
2.1605
2.3743
1.2708
2.1568
2.1132
1.6589
1.6092
1.8428
1.3255
1.4621
2.4114
2.3447
2.3905
2.4449
1.2481
2.0093
2.3829
2.4158
2.0349
1.9523
2.0264
2.3348
2.0758
2.0479
1.6914
1.9628
2.0189
1.985
1.9497
2.3998
1.1923
2.0498
1.6366
2.1586
1.9204
2.0034
2.3465
1.509
1.9268
2.3322
1.9337
1.7186
2.1783
2.1779
2.3433
2.4127
1.5677
2.0886
1.9062
2.4871
2.4777
2.2257
2.3496
2.3261
2.3683
1.9654
1.866
2.272
1.9619
2.4701
2.1776
2.3597
2.4478
2.1432
2.3671
2.3786
1.3818
2.0965
1.552
2.4212
2.4114
2.4173
1.9926
2.3288
2.1448
2.1309
2.402
1.8049
2.4169
2.217
2.3348
2.2783
2.3424
2.0795
1.5623
2.2161
2.4402
2.3656
2.1423
2.3839
1.9443
2.2456
2.4226
2.1058
1.6844
1.9122
2.3025
2.4299
2.0205
1.662
2.1909
2.2218
2.3764
2.4458
2.4075
2.2078
2.4918
2.1582
1.2156
2.0495
2.4214
2.1503
1.9076
2.4746
2.1785
2.2337
1.6241
2.078
2.0283
2.3792
2.4245
2.3174
2.4101
1.67
2.3295
2.4052
2.067
2.4223
2.097
1.8657
2.1694
2.4393
1.5393
2.3109
2.4366
2.3597
2.1802
2.0978
2.3535
2.253
2.3073
2.2428
1.5617
2.1173
1.4951
2.3229
1.8377
2.3603
1.3408
2.3192
2.379
1.3005
1.7553
2.152
2.3675
2.4813
2.3267
2.3036
2.2373
2.4209
1.4151
2.2432
2.2557
1.8703
2.4099
2.3699
2.4753
2.371
2.3325
1.5435
2.3979
2.3206
2.3144
2.3141
1.413
2.35
2.1285
2.2995
1.8052
1.7623
2.2172
2.2652
2.0777
2.4123
1.9958
1.6231
2.2134
2.4186
2.4508
2.3213
2.4639
2.0929
2.3615
2.1485
1.9913
1.2684
1.8423
2.3452
1.8057
1.5617
2.1693
2.2949
1.8903
2.3942
2.1225
2.2507
2.2328
2.2443
2.2776
1.2726
1.3011
2.0624
1.404
2.2155
1.8391
2.2073
2.1597
1.897
2.1409
1.6269
2.3084
2.1283
2.4223
2.0577
2.4155
1.9044
2.3616
2.0924
2.2131
2.3608
2.2862
2.0827
2.0274
1.8208
2.4072
2.2346
1.2891
2.0309
2.3935
2.3148
2.3659
2.4394
2.4003
2.181
2.162
2.3769
1.4239
2.2935
2.1696
1.779
2.1973
1.8607
1.8989
1.4335
2.1584
2.2704
2.2559
2.1859
1.6847
2.3628
2.0246
2.1618
1.6663
2.3691
2.2095
2.3633
2.3195
2.3223
2.2223
2.479
2.2722
2.1838
2.2471
2.4162
2.166
2.0967
1.9673
2.1563
2.2604
2.476
1.2644
2.1438
1.8052
2.2983
1.9227
2.3283
2.1851
2.2349
1.4498
2.37
2.3428
1.5861
2.1921
2.3122
2.4279
2.3435
2.0386
2.3135
2.1356
1.8651
1.5878
1.8911
2.2743
2.3393
2.396
2.3323
2.3334
1.6798
2.4336
2.3735
2.0955
2.227
2.1089
2.3863
2.2837
1.4912
2.4318
2.0824
2.1134
2.133
1.8129
2.5338
2.217
1.9825
2.2225
2.0671
2.4502
2.5262
2.0585
2.1736
2.2578
2.1877
2.403
2.2881
2.3903
2.3793
2.3141
2.2147
1.4605
2.155
1.3706
2.3406
1.3561
2.4095
1.7456
1.6479
2.0468
1.9592
1.9279
2.2746
2.3747
2.3541
2.2708
2.0285
2.4304
2.3518
2.27
1.6831
1.8036
2.3776
1.1414
2.2943
2.2404
1.7546
2.1617
2.3966
2.0651
2.3377
1.7668
2.3737
2.2704
2.2461
2.0298
2.3162
2.3316
1.4737
2.183
1.3227
2.0369
2.2673
2.428
2.4161
2.1663
2.096
2.2056
1.4976
2.4155
1.9162
2.3927
2.375
2.3298
1.9976
2.0608
1.5962
2.4151
2.3734
1.9883
2.3422
2.1047
2.3431
1.7125
1.719
2.4634
2.2798
2.415
2.3435
2.3005
2.4338
2.4116
1.4234
2.2908
1.7539
2.4051
2.1146
2.4059
2.3083
2.3798
1.4501
2.3837
1.9209
2.0225
2.2118
2.0957
2.0029
1.5572
2.0569
2.179
2.3492
2.4266
1.6432
2.2574
2.3644
1.6582
2.1305
1.4875
2.3654
1.9291
2.3809
2.2658
2.1312
2.1479
2.2848
1.4235
2.3675
1.9565
2.3272
1.8741
1.3558
2.0945
2.0553
1.5852
2.3518
1.9338
1.8033
2.1283
2.092
1.2997
1.9416
2.2666
2.1782
2.4102
2.2656
2.3446
2.0239
2.141
2.4176
2.315
2.1957
2.1547
2.3794
2.0052
2.219
1.9484
2.3024
2.3564
2.3255
1.2665
2.0911
1.9651
1.2036
2.399
2.0048
1.8334
2.4257
2.2654
2.0275
1.8989
2.3471
2.3452
2.3511
1.503
2.3239
2.2314
2.2434
2.4763
2.3786
2.2192
2.2797
1.6348
1.1356
2.3439
2.3405
2.3825
1.8174
1.9754
1.4182
1.8892
2.3606
1.4548
2.284
1.4486
2.3735
1.2893
2.4049
2.3379
2.367
2.3402
2.2071
2.3667
2.0595
2.1987
2.2932
1.8262
1.8609
2.3401
2.3477
2.0655
2.289
2.2926
2.4588
1.3897
2.0764
2.3506
1.2053
1.7151
1.2913
2.0727
2.1259
1.7715
2.0714
2.419
2.4175
2.35
2.2082
1.4019
2.3458
2.4136
2.2075
2.506
2.4399
1.4306
2.2602
2.375
1.4907
2.2971
2.3895
2.1643
2.2323
2.472
2.1365
2.1778
2.3741
1.9179
2.3845
1.7401
2.224
2.2765
2.2783
1.9933
1.3189
2.3967
2.3847
1.3148
1.9508
2.0538
2.2526
2.3556
1.8325
2.3126
2.4881
1.317
2.4204
2.1554
2.349
2.2087
2.4323
1.9313
1.4613
1.5368
2.2105
1.9829
2.4613
2.0605
2.1807
2.2379
2.0128
2.0207
2.0192
2.3767
2.0139
2.3806
2.3948
2.2284
2.3041
1.8388
2.141
1.5374
2.0287
2.0726
1.9193
2.075
1.6049
2.1796
2.3319
1.9693
1.3182
2.0802
2.356
2.1563
2.1819
2.366
2.2319
2.3425
1.7382
2.3233
1.1864
2.3439
2.1364
2.3569
1.3662
2.3097
2.2813
2.1096
1.7433
2.2178
2.3022
2.3106
2.182
2.3642
1.9457
2.1655
2.4316
2.0421
2.3245
2.4207
2.2977
2.289
2.4306
1.3808
2.1564
2.3799
1.4073
2.0798
1.654
2.272
2.3369
2.4828
2.2929
1.3752
2.4329
2.3717
1.8447
2.3252
2.3461
2.3272
2.3382
2.1465
2.3849
1.9894
1.518
2.3173
2.1438
2.0003
2.2323
2.0027
1.299
2.2788
2.3469
1.4543
2.3086
2.389
2.3784
1.4864
2.3288
2.479
1.5434
2.0237
2.2983
1.1698
2.235
2.4118
2.2517
2.4224
2.3979
2.297
2.3274
1.9441
2.4376
1.6322
2.3676
1.973
2.3569
1.8793
2.1591
2.1095
1.5807
2.2936
2.0769
2.0739
1.2797
2.3029
2.1066
1.2449
2.317
2.3694
2.2035
2.4327
2.2479
2.2779
2.2722
2.394
2.1147
2.2773
2.3472
2.2406
2.2213
2.1517
1.5647
1.6828
1.6417
2.2192
2.1399
1.9384
1.746
2.3779
2.1509
2.3492
2.4098
2.4092
2.433
2.0974
2.3625
2.0512
2.2705
2.0524
2.3272
2.3268
2.2131
1.3528
1.5641
2.3504
2.3584
2.1375
2.2679
2.3498
2.1786
1.5827
2.1898
1.7817
2.3619
2.2917
2.3326
2.3721
2.3319
1.5045
2.3294
2.031
2.3686
2.1121
2.3771
1.9457
2.2961
2.0254
2.3979
1.5125
2.3627
2.4283
2.3295
2.2776
2.3229
2.4204
2.0762
1.8219
2.3519
2.4509
2.3507
1.9797
2.447
1.9168
2.349
2.0152
1.7691
2.36
1.7328
2.3728
2.4662
1.9609
2.4724
2.3096
2.2411
2.4187
2.1967
2.4723
2.3467
1.7581
2.3326
2.3765
2.2759
2.3045
2.3713
1.9161
2.462
2.5011
1.8554
2.2596
2.217
1.9746
1.7884
2.3184
2.369
2.3912
2.3516
2.0533
1.6267
2.3669
1.7306
1.8514
2.2676
1.3052
2.0169
2.0977
1.8022
2.448
2.4232
1.4527
2.3041
2.2557
1.8775
1.1896
2.2165
2.3052
1.882
1.9924
1.7391
1.1836
2.1476
2.2853
2.4187
2.3671
2.4561
2.4552
2.2556
2.3983
1.8222
1.9214
2.34
2.2522
2.0812
2.1994
2.2219
2.3584
2.0127
2.4177
2.266
2.0302
1.9619
1.9299
2.282
2.3854
2.3665
2.4073
2.124
2.2717
2.4211
2.5354
1.5104
2.0221
2.3714
2.2643
1.3152
1.8819
1.357
2.1046
2.3687
2.4039
2.396
2.1745
2.2567
2.3981
2.4363
2.2221
1.3754
2.4282
2.3757
2.3047
1.978
2.3527
2.1767
1.3189
2.4471
2.338
2.3103
2.1671
1.5047
2.3202
2.3651
2.2353
1.5294
1.2611
1.6805
1.4129
2.1022
1.7935
2.402
2.3034
2.3441
2.4312
1.9596
1.347
1.9072
1.2997
2.4902
1.4732
2.3123
2.369
2.0935
2.1188
2.2254
2.1739
2.3729
2.4926
1.5239
2.4343
2.3525
2.0891
2.3886
2.1756
2.3759
2.4311
2.2688
2.3533
2.3852
2.2648
1.767
2.3917
2.2107
2.3881
1.7408
2.3433
2.3908
2.1319
2.0829
2.2789
2.2446
2.1155
1.9875
2.3574
2.0173
2.366
2.2772
2.1763
2.0513
2.1143
2.12
1.6085
2.2573
2.3144
2.4916
1.5602
1.8034
1.9142
2.2061
2.3318
2.4395
2.3453
2.3682
1.8224
2.0954
2.4253
2.2026
2.0561
2.3698
2.3111
2.2904
2.3708
2.438
1.4318
2.4468
2.3642
2.2951
2.0307
2.2538
2.1926
2.2258
2.3286
2.2877
1.75
2.4147
2.3831
2.2573
2.1966
2.2482
2.3092
2.4568
2.1756
2.2297
2.3709
1.7896
2.3999
2.4027
2.2495
1.1579
2.2776
2.3775
2.1467
2.1898
2.1651
1.3368
2.4588
2.3462
2.371
1.9907
2.4377
2.4117
2.3572
1.8904
1.9721
2.0716
2.2543
2.2454
2.4375
1.9911
1.938
1.7577
2.3447
2.3591
2.3095
1.933
2.4654
2.2103
1.2291
1.9002
2.3503
2.0554
2.0703
2.3391
2.4945
1.4526
2.4179
2.1055
2.2679
1.6914
2.1351
2.2436
1.9166
1.941
2.2781
1.5492
2.1391
1.9401
2.5121
2.338
1.8962
2.4674
2.0234
2.12
2.4012
2.0289
2.3711
2.1033
2.2815
1.4597
2.2013
1.8506
2.381
2.4715
1.5557
2.1162
2.3652
1.2287
1.9837
2.3503
2.1534
2.1429
2.2526
1.7922
2.2529
1.9041
1.661
2.3229
2.4956
2.3329
2.2176
2.3159
2.3402
2.3504
1.8578
2.3429
2.3359
2.2918
2.2934
2.1027
2.3497
2.2098
2.1789
2.1685
2.3805
1.9768
2.3705
2.1418
2.1872
2.1223
2.1199
2.226
2.3103
2.2063
1.4389
2.4209
1.8713
2.3529
1.7789
2.3238
2.342
1.4186
2.4204
1.876
2.4384
1.3857
2.379
2.1847
2.3269
2.4706
2.3596
2.311
2.3294
2.2518
2.3039
2.2983
1.8774
1.4244
1.4646
1.8081
2.5077
2.1146
1.999
2.3574
1.3022
1.9399
2.386
2.2317
2.3593
2.4
1.8858
2.4073
2.2765
2.0538
2.2114
1.4988
2.0554
2.051
2.135
2.2309
2.141
2.3702
2.0049
1.8022
2.4352
1.6785
2.108
2.2735
2.3657
2.355
2.3653
1.8201
2.3955
2.2804
2.1935
2.4878
1.7614
2.3558
2.2034
1.8853
2.2245
2.3252
2.3163
2.3299
2.4078
2.4749
2.3167
2.3201
1.6337
2.0002
2.496
1.7851
1.4822
2.0578
2.2031
1.558
1.4963
1.7578
2.3552
2.3667
2.0998
2.3441
2.3853
2.0571
2.3442
2.2896
2.202
2.0571
2.3337
1.8849
2.4198
2.1159
2.4794
1.5514
2.3616
2.4193
2.0964
2.2178
2.1339
1.6912
1.6724
1.4918
1.6635
1.4354
2.471
2.3687
1.2554
1.3649
2.4969
2.4403
1.3016
2.3506
1.3763
2.3788
2.3753
2.157
2.4167
2.1732
1.3434
2.4006
2.4326
1.9059
2.3748
2.4533
2.3325
2.2683
1.4762
2.4157
2.4472
2.1192
2.2725
1.5075
2.346
2.3515
1.2489
2.2647
2.3829
1.5357
2.4336
2.3381
1.4803
2.3307
2.2747
2.4798
2.4251
2.487
1.9555
1.2096
2.3838
1.8454
2.3084
2.369
2.4083
2.356
2.3174
2.191
1.2639
2.2119
2.2068
2.4991
1.4348
1.9377
1.9683
2.38
2.2707
2.3395
2.3733
2.269
2.3041
2.1763
2.324
1.8712
1.794
1.9522
2.0355
2.5006
2.484
1.911
2.2136
2.1895
2.1855
2.3932
2.0912
2.4284
2.1269
1.2794
1.8531
1.359
2.2452
2.3917
2.2451
1.8862
2.2293
1.9695
1.3922
1.5428
1.993
2.3802
2.363
2.0447
2.1694
2.3718
1.6165
2.4149
2.3401
2.4408
2.1258
2.2856
1.5738
1.2931
2.3298
1.5517
2.2276
1.7301
2.2902
2.1994
2.2627
2.4366
2.3072
1.2033
1.9196
2.0233
2.2586
2.2943
2.2559
2.2365
2.1734
2.1239
2.1749
2.1276
1.4902
2.4195
1.9631
1.1307
1.9912
2.2774
2.352
1.8631
1.5491
2.2907
1.894
2.0971
2.0774
1.426
2.4182
2.0263
1.5125
2.1467
2.47
2.0338
2.3775
1.2953
2.3995
2.4289
2.0408
2.0511
1.3457
2.3069
1.4461
1.4629
1.2171
2.3099
1.8948
1.2992
2.2297
2.0181
2.2171
1.8669
1.3338
2.0298
1.897
2.4137
1.4145
2.4901
1.9265
2.3176
2.1942
2.3877
2.271
1.7994
2.3077
2.3536
1.1288
1.5096
2.18
1.9743
1.6819
2.2219
2.1845
1.5759
2.3774
2.0087
2.1953
2.2083
2.3063
2.2142
2.2644
2.397
2.1171
2.1553
1.6005
2.3179
2.2169
2.407
2.5231
1.9055
2.2546
2.2757
1.9801
2.0971
2.31
2.3206
1.9503
2.3772
2.1984
2.127
2.4238
2.0065
2.2305
2.3738
2.3609
2.1405
2.2794
1.6806
1.939
2.0098
2.3289
2.2453
1.9092
1.636
2.4169
1.4951
1.8791
2.1754
2.0855
2.1607
2.4326
2.2861
2.1413
2.0612
2.3144
2.3216
2.2736
2.3938
2.4267
2.3611
2.1356
2.1739
2.4727
2.085
1.4945
2.2123
2.1326
2.1247
2.2212
1.3671
2.233
2.2375
2.4207
1.7634
2.3297
2.2186
1.8554
1.7217
2.2484
1.891
2.3617
2.2414
2.4417
2.1775
2.4033
2.4591
2.3429
2.4422
2.1287
2.1974
2.1984
2.124
2.3764
2.3625
2.3839
2.2728
2.4101
2.0721
1.41
2.0357
1.8531
2.3421
1.4318
1.3968
1.7665
2.3372
2.031
2.3084
1.9184
2.352
2.4175
2.4351
2.3038
2.043
2.0576
2.3552
1.5816
1.4872
2.0191
2.3963
2.4029
1.8657
2.1971
2.4227
2.2791
2.3175
1.6565
1.7639
2.3815
1.8037
2.1409
2.1076
2.3374
2.1769
2.2039
2.3912
2.3725
2.1522
2.4639
2.4398
1.7451
1.82
2.2744
2.2858
2.0004
1.3015
1.2349
1.5827
2.0609
1.8633
1.8596
1.3792
2.0563
2.4649
2.486
2.0801
1.9978
1.8654
1.669
1.7584
1.8611
2.3702
2.1248
2.3741
2.4171
1.4412
2.12
2.2929
1.8544
2.1616
1.7325
1.6165
2.2759
2.3127
2.4273
2.2094
2.3158
2.2403
2.396
1.9733
2.2019
2.2381
2.3566
1.3657
2.464
2.1204
2.2326
2.0009
1.5434
2.1845
2.063
1.5741
1.2699
1.9667
1.3845
1.895
1.7518
2.3542
2.2046
2.1635
2.4936
1.7294
1.7752
2.3306
2.0072
2.4362
2.227
1.7988
2.4411
1.8727
1.625
2.2632
1.5073
2.3321
1.2255
1.8084
1.8112
2.3221
1.1887
1.902
2.083
2.2924
2.1059
2.3221
1.8539
2.0484
2.1828
2.2898
1.4101
1.2442
1.7196
2.4257
1.8949
2.0556
2.3221
2.2271
1.8096
2.2322
2.3853
1.4123
2.3642
2.1848
2.4016
2.3429
1.4555
1.1051
2.2753
2.3458
1.4811
2.3432
2.44
2.4097
2.1251
2.3501
1.4077
2.1807
2.306
2.3401
1.9458
2.0889
2.3612
2.0524
2.0854
2.3398
2.4685
1.7112
2.2445
2.226
1.3993
1.93
1.4901
2.4005
1.6325
2.4519
2.212
1.4268
2.3179
1.5889
2.3506
1.9507
2.3585
2.2169
2.343
2.37
2.2884
1.9101
2.1215
2.4026
1.299
1.5847
1.3721
1.6467
1.7284
1.498
1.7839
1.6898
1.8349
2.0336
2.2137
2.4159
1.7867
2.2746
2.0748
2.3216
2.1189
2.4371
2.4056
1.8614
1.4011
1.4435
2.058
2.2716
2.4434
2.2175
1.3624
2.3935
2.1895
1.9293
1.9926
1.2733
1.7344
1.986
1.8584
2.3514
2.3417
2.2778
2.4563
2.2215
2.1042
1.615
2.4097
2.1166
1.6332
2.2331
1.7742
2.2837
2.0968
1.7078
2.3212
2.1582
2.2975
1.2823
2.1433
2.45
2.3153
1.3632
2.1171
2.3589
2.2042
2.4581
2.345
2.1401
1.8237
2.1622
2.3405
2.1154
1.941
2.3741
2.1393
2.4473
2.4201
2.0583
1.2793
1.9846
2.2479
2.006
2.2114
1.9996
1.6712
2.3217
2.1999
1.6125
2.4266
2.4118
2.3123
2.2758
2.3826
2.413
1.4058
1.5038
2.1603
2.3111
2.3592
2.0267
1.8974
2.0819
2.0725
2.4026
2.2544
1.9426
2.4104
1.9031
1.1201
2.3727
2.1857
2.2618
2.3958
2.1414
1.9185
2.2277
2.1462
2.014
2.5082
1.397
2.2192
2.507
1.9716
2.1796
2.133
2.2221
2.2627
2.0304
2.3679
2.205
1.4696
2.5106
2.3614
2.4238
2.1527
1.3047
2.4482
2.1741
1.6895
2.111
2.396
2.2369
2.4103
2.23
2.0542
2.0817
1.5938
2.2856
2.3254
2.1521
2.4861
1.4555
2.2645
2.2406
2.3668
1.5971
2.4579
2.3329
2.0854
2.2787
2.3742
2.2401
2.3952
2.3836
2.3609
2.3569
2.4708
2.218
2.334
2.2446
2.0239
2.3159
2.3573
2.1187
2.0967
2.2621
2.3935
2.1413
1.9801
2.2702
2.4435
1.5856
2.2854
1.9537
1.9592
2.0268
2.3063
1.4598
1.7813
2.1521
2.3848
2.3603
2.1075
1.4274
2.2216
2.3442
2.1666
2.3742
2.4336
2.1073
1.3857
2.4278
2.4156
2.2093
1.4629
2.2854
2.3042
2.2411
2.0259
1.9618
1.8731
2.3856
2.0821
2.4157
2.416
1.949
1.98
1.9882
1.2432
2.1804
1.7029
2.3013
1.7661
2.376
1.396
2.4667
1.8351
1.889
2.3688
2.3452
2.3697
2.3307
2.3225
1.6555
2.4117
2.3389
2.0727
2.4075
2.0708
2.339
2.2566
2.0308
2.3415
2.4387
1.3185
2.2826
2.3315
2.0905
1.6773
2.288
1.7039
2.3623
2.1392
2.3254
2.2667
1.8844
2.1482
2.3749
2.2599
2.3511
2.2759
1.9923
1.6682
2.2689
1.6714
2.3485
2.1301
2.4429
1.3704
1.4152
2.0486
1.9499
2.2442
2.3228
2.3604
2.3431
1.5668
2.4258
1.9843
2.3375
1.5596
2.452
1.27
2.3955
1.2883
2.2757
1.2164
1.637
2.3257
1.9406
2.2387
2.328
2.2639
2.3564
2.0516
1.6427
2.4138
2.0335
2.1109
1.8849
2.2251
2.3313
1.3789
1.3887
2.1334
2.373
2.2863
2.3589
2.3496
1.7127
2.3528
2.3483
1.4468
1.8035
1.9267
2.2773
2.3027
2.3887
1.9222
1.8444
2.3601
1.8279
2.3366
2.0637
2.3713
2.2259
2.1566
2.3905
2.2748
2.1684
1.6091
2.0098
1.8761
1.5329
2.3833
1.507
2.3925
2.4239
2.1378
2.3063
1.8802
2.103
1.4251
2.1056
2.2439
2.3092
2.4332
1.4416
2.0524
2.4116
2.4405
1.7178
1.7803
2.1886
2.1398
1.7043
2.3315
2.143
2.3524
2.358
2.3366
1.789
2.2689
2.3844
2.4079
2.3795
2.03
2.1808
2.2367
2.3571
1.9656
2.3872
2.4096
2.4251
2.0366
2.4145
1.9361
2.3523
1.3953
2.26
2.4198
1.9838
2.3165
2.3469
2.4317
1.4463
2.2175
2.4813
2.2179
2.317
1.3444
1.9195
2.1169
2.4228
2.1906
1.6196
2.1399
2.4121
2.0993
2.3566
1.5848
2.4098
2.3235
2.2913
2.3423
1.8648
1.5497
2.3421
2.3736
2.2821
2.3515
2.2285
2.0995
2.384
1.8127
2.2391
1.9025
1.538
2.2706
2.0827
1.4653
2.0029
1.562
1.1913
2.342
2.4427
2.3309
2.1936
2.3858
1.3749
2.27
2.3987
2.1862
1.8205
2.404
2.4389
2.0391
2.4174
2.4425
2.17
1.9988
1.6486
1.7814
2.3561
2.2274
2.2001
2.2777
2.234
2.2479
2.2611
1.5463
2.3123
2.0722
2.3686
2.4591
2.2102
2.2989
2.3468
2.4104
2.1733
2.1233
2.4657
2.3435
2.0784
1.2703
1.4092
2.3309
2.4701
2.3732
2.1528
2.271
1.9435
2.0745
2.4187
2.1486
2.0731
2.3359
2.171
2.3978
2.2193
2.4203
2.4074
2.3504
2.2756
2.0266
1.8605
2.2598
1.888
1.8936
2.4096
2.4319
2.142
1.32
2.2852
2.1857
2.1534
2.252
2.1262
2.2882
1.6278
2.1314
2.4048
2.3321
2.3148
2.1338
2.4686
2.0588
2.2155
2.3979
2.3434
2.1046
1.9196
2.3958
2.4677
2.0041
2.3435
2.1324
2.3581
2.1179
2.2925
2.0952
2.4708
1.3588
2.3692
2.1651
2.3296
2.1097
2.3776
2.0847
2.2986
2.4251
2.0966
2.3161
2.2386
2.4407
1.6674
2.3685
2.1467
2.1407
1.7444
2.4334
2.1157
1.4663
2.2974
2.0228
2.4725
1.6713
1.9754
2.3099
2.1565
1.6604
2.2586
2.3605
2.3356
2.1904
1.7341
2.1536
2.0154
2.1853
2.4334
2.3332
2.3356
2.4512
1.9112
2.2912
2.2213
2.0238
2.4278
2.3618
2.3737
2.2414
2.3175
1.9347
1.8698
1.3754
2.4558
1.9911
2.1084
2.2206
2.2423
2.0579
2.3476
1.8953
1.6222
2.1923
1.3756
2.0987
2.332
2.2345
2.3417
2.402
1.7876
2.2789
1.9394
2.3515
2.1146
2.3522
2.3923
2.105
2.0842
1.7112
1.9343
1.8239
2.3294
2.383
2.195
2.3932
2.163
2.0129
1.7004
2.2833
1.9566
2.3721
1.3644
1.9269
2.202
2.4456
1.6973
2.2383
1.703
2.3548
2.4782
2.2366
1.6779
2.3985
2.2116
1.2682
2.3657
2.3991
1.7684
2.1948
1.1212
2.1493
2.0591
2.3965
1.9794
1.5097
2.4599
2.3622
2.1305
1.943
2.1069
2.0532
2.2694
1.8831
1.4078
2.3219
1.4739
2.3771
2.4395
2.2725
2.3367
2.33
1.9492
2.1368
2.4081
2.2158
2.2991
2.4243
2.2907
1.8286
2.0188
1.7516
2.3418
2.2968
2.1663
2.1285
1.813
2.401
2.1572
2.107
2.4523
2.3435
2.0565
1.3053
1.3373
2.0972
2.2146
2.3665
2.3606
2.2534
2.3962
2.2291
1.8865
2.2482
2.1305
2.4073
1.8592
2.4783
1.9797
2.2732
2.4198
2.3771
2.4293
1.8304
2.263
2.2289
2.2759
2.4004
2.1935
2.3306
1.2841
2.0636
2.2668
2.0751
2.475
2.2881
2.3534
2.4145
2.2068
1.7509
2.228
1.3252
1.3557
2.3517
2.3725
1.7906
1.6147
2.2744
1.1804
1.8547
2.1926
2.3578
2.0552
1.685
2.1578
2.1477
1.9611
1.9626
2.2665
2.2427
2.3783
2.3926
2.3799
2.2245
2.1907
1.7995
2.0566
2.3721
2.2081
1.92
2.2292
2.0323
2.0633
2.2483
2.024
2.1389
2.0255
1.6441
1.8852
2.3316
2.0966
2.4461
1.6574
1.2468
1.5948
2.2996
2.4337
2.2439
1.9476
2.4365
2.4979
2.3005
1.8124
2.2869
2.1798
2.4619
2.301
2.1319
1.766
2.4674
2.1527
2.3789
2.171
2.206
2.2264
2.3099
2.2343
1.7838
2.2174
2.3604
2.4373
2.3842
2.324
1.6343
2.0524
2.0218
2.369
1.5438
2.4002
2.3176
2.2205
2.1993
2.4054
2.3857
2.4773
1.7045
2.0229
2.4408
2.3854
2.3872
1.7632
1.9695
2.177
2.1101
2.1858
2.2031
2.3224
2.1089
2.1298
2.1422
2.5195
2.5148
2.0403
2.3209
1.5257
2.1347
2.5054
2.4095
2.3355
1.2733
1.8828
1.3699
1.9791
1.3889
2.3686
1.4316
2.1881
1.5474
2.2251
2.2604
2.2639
2.2437
2.4425
1.991
2.1386
2.3614
2.0793
2.0273
2.3273
2.2512
2.0407
1.344
1.9503
2.1561
2.2934
1.9392
2.4209
2.4144
1.5329
2.1106
2.0341
2.3236
2.3639
2.3751
2.1486
2.1771
1.6561
1.3108
2.0784
1.618
2.1693
2.3764
1.694
1.5564
2.3004
2.0126
1.2729
2.3464
1.8905
2.168
2.2992
1.887
2.1313
2.4034
2.3208
2.241
1.8512
2.1654
2.2853
1.2515
2.2127
2.3169
2.1867
2.0548
1.736
1.8208
1.7122
2.3188
2.4633
2.4696
2.3082
2.3115
2.0277
1.8421
1.7962
1.2566
2.1207
1.9554
2.4301
2.2231
2.3749
1.9228
2.4137
2.2591
2.1873
2.215
1.276
1.4664
2.4942
2.1459
1.5481
1.9201
2.3625
2.2798
1.2306
1.2214
2.2821
2.372
1.6663
2.3395
2.0642
1.4857
1.755
2.2166
2.3593
1.4135
1.9844
2.3902
2.1946
2.3482
1.9264
1.481
1.5657
2.3007
2.4352
1.935
2.293
1.8065
2.3058
2.2222
2.1707
1.1727
2.3534
2.3866
2.3278
2.3469
2.0131
2.2924
2.5099
2.3567
1.3048
2.4793
2.349
2.2232
2.4389
1.2195
2.0293
2.3647
2.2008
2.3386
1.614
2.2498
2.3462
1.5235
1.2263
2.387
1.5148
1.522
1.8017
1.3157
2.3761
1.6101
1.9381
2.3492
2.4162
1.7858
1.5703
2.0881
2.4647
2.0693
1.8957
2.3203
1.3447
2.4832
2.0292
1.8607
2.3862
2.4286
2.3425
1.9453
1.4704
1.3646
2.1149
1.7865
2.2208
2.3906
2.3285
2.3671
1.3487
1.6871
1.3554
2.3215
1.4917
2.3836
1.6359
2.36
2.051
2.4047
2.4934
2.211
2.2616
2.3729
2.3889
2.3508
2.3718
2.3773
2.2039
1.8586
1.9058
1.5377
2.3731
1.948
2.1663
2.0764
1.666
2.2013
2.1749
1.8933
2.409
2.0396
1.5038
2.2351
2.1092
2.3857
2.205
2.3612
2.0425
2.0471
2.165
2.3517
2.42
1.8263
1.4957
1.8156
2.3077
1.8491
1.635
1.9832
1.7574
2.0
2.2923
1.9499
2.329
1.8622
2.2883
2.3782
2.172
2.0767
1.3074
2.3135
2.3965
2.3649
1.9336
2.4462
1.9951
2.1586
2.3689
2.3153
2.3467
2.0192
1.4052
2.0534
1.652
2.0725
2.3632
