2.4111
2.3643
2.2621
2.304
2.0266
1.9512
2.3725
2.385
2.3589
2.0093
1.1845
2.208
2.2407
2.4273
2.2372
2.4186
1.5705
2.3337
2.3851
2.4288
1.515
2.3033
2.0775
2.4237
2.1637
2.0985
2.299
2.1235
2.1501
2.0595
2.1669
2.3796
2.1721
2.4457
2.2149
2.0041
2.3709
2.402
2.1131
2.3424
2.103
2.0977
2.2347
2.0575
1.9112
2.3655
2.2391
2.4207
2.2947
2.1321
1.3495
2.2591
2.3363
2.2464
2.1297
2.3104
2.3509
2.1659
2.3941
1.6517
2.3954
2.2819
2.3642
2.4128
2.2878
2.215
1.2434
2.0428
2.0989
2.387
2.2405
2.4393
2.1412
1.9093
2.2665
2.0239
2.3791
1.7657
2.4629
2.2341
2.2666
2.1626
1.9535
2.2958
2.4016
2.3078
2.0382
2.1297
2.265
2.3455
1.9661
2.3789
2.3106
2.3186
1.574
1.8347
2.2049
2.0704
2.0523
2.1725
2.3744
2.0863
2.3022
2.3917
2.0333
2.3131
2.3142
2.4418
2.1834
2.3435
1.9931
2.3142
1.8182
2.3268
2.3835
2.1384
1.9335
2.2911
2.3807
2.1333
2.2159
2.1913
2.4253
2.3827
2.2772
2.4363
2.1891
2.2481
2.3363
2.3744
2.3918
2.0414
2.4213
2.3835
2.2121
2.3508
2.2595
2.2589
2.1957
2.0415
2.3082
2.3267
2.3868
2.3844
2.2263
2.2564
2.4197
2.2724
1.9083
1.4897
2.0642
2.1358
2.2673
2.3747
2.0323
2.3422
2.0114
2.4291
1.6372
1.9375
2.1622
2.3454
2.1533
2.1506
2.2965
1.7027
2.2943
2.2375
1.818
2.1012
1.9602
2.3886
2.1503
2.2404
2.2731
2.4316
1.8477
2.2214
2.3342
2.14
2.4082
2.3887
2.0192
2.2248
2.005
2.1277
2.2241
2.1335
2.0839
1.7239
2.377
1.9905
2.1379
2.0032
2.3087
2.3321
2.3193
2.4001
2.2694
2.0091
2.3208
2.1639
2.3549
2.2885
2.1728
2.0915
1.5042
1.8106
2.2535
2.0962
2.2997
2.1417
2.2242
2.3982
2.4057
2.1517
1.9203
2.2242
2.3458
1.8262
2.1143
2.3637
2.2779
2.3302
2.4573
2.3071
1.8971
2.1576
2.4036
2.3936
1.7521
1.8361
2.2324
2.4797
2.3547
2.5024
2.3235
2.2032
1.9092
2.353
2.2882
2.2277
2.2937
2.2266
2.1994
2.0958
2.3839
1.7133
2.5031
2.3394
2.1259
2.3456
2.2714
2.0981
2.3809
2.2502
2.4232
1.8271
1.7551
2.0567
2.0646
2.1808
2.2481
2.4493
2.1927
1.6597
2.4173
2.3627
2.4022
2.3725
2.3868
2.2604
2.1597
1.5247
2.331
2.2767
2.0501
2.2394
2.4478
1.8763
2.1208
2.2233
2.2197
2.1131
2.2903
2.4711
1.9424
2.3515
2.34
1.5583
2.4776
2.4272
2.2119
2.3465
2.1938
2.3719
2.328
1.5077
1.5425
2.4106
2.2539
2.1604
1.4681
2.3419
2.2415
2.316
2.09
2.2222
2.3131
2.0837
2.3658
2.1911
2.4315
2.3258
2.3156
2.1277
2.2635
1.735
2.2146
2.3035
2.2383
2.0129
2.168
2.3003
1.8591
2.2887
2.3661
2.3042
2.2425
2.34
2.3497
2.063
2.2461
2.3159
2.079
2.2629
1.2784
2.3419
2.2118
1.5364
2.3895
2.0389
2.3103
1.6475
2.1167
2.0232
2.4431
2.2446
2.1677
2.3662
2.2846
2.3792
2.2487
1.7882
2.0383
2.1109
2.3956
2.3707
2.2296
2.2386
2.3451
2.3284
2.3825
1.5971
2.0125
2.2524
2.0613
2.2683
2.3199
2.2235
2.2762
2.305
1.8891
2.33
2.3533
2.3821
2.4335
1.9207
1.877
2.1932
2.2551
2.4218
2.1771
2.3654
1.9105
1.4239
2.2617
1.6361
2.1929
2.1497
2.2562
2.2788
2.1813
1.4463
2.1248
2.1068
2.2158
1.627
2.1643
2.2109
2.2572
2.224
2.1411
1.9375
2.2546
2.1775
2.3598
2.1352
2.0133
2.1691
1.9836
2.4342
2.0676
2.3062
2.2497
2.3807
1.8205
2.3828
2.2879
2.1054
2.3796
2.3666
2.442
2.4481
2.3719
2.2808
1.5785
2.0293
2.3175
2.2469
2.3674
2.0325
1.8437
2.012
2.2307
2.5437
2.0282
2.3146
2.2952
2.2205
2.4024
2.3361
2.3651
1.9311
2.1873
1.5106
2.3739
2.0333
1.9871
1.5427
2.2406
1.9648
2.0356
2.1474
2.2294
2.4137
2.4843
1.8659
2.332
2.3057
2.0589
2.2405
2.3705
2.0602
2.3833
1.999
2.3431
2.3896
2.1424
2.4092
2.2889
2.3801
2.0677
2.3343
2.4045
2.1124
2.3803
2.1826
1.4261
2.3018
2.177
2.2673
1.3637
2.4507
2.2294
1.9743
1.589
1.8323
2.4051
2.3577
2.3644
2.2703
2.3389
2.3377
2.0754
1.9985
1.7385
2.1538
2.2649
2.1287
2.2762
2.2815
2.2918
1.9333
1.8943
2.2323
2.3801
2.3665
2.0767
2.1704
2.3839
2.2839
2.3455
2.1341
2.383
2.3909
1.696
2.4171
2.1794
2.23
1.6369
2.3868
1.8356
2.4947
1.9727
2.3739
2.2666
2.0649
2.2253
2.1815
2.0474
2.231
2.3337
2.3997
2.0212
2.3032
2.1311
1.6625
1.5311
2.0929
2.0394
2.1954
2.4237
2.0487
2.1463
2.3059
2.0558
1.3722
2.3728
2.3556
2.3606
2.3579
1.8392
2.2339
1.7874
2.1941
1.8712
2.3367
2.1222
1.6675
2.336
2.148
2.3749
2.3611
2.115
1.9892
2.3014
2.1401
2.2759
2.4925
2.328
1.985
2.4279
2.0602
2.3931
2.409
1.8683
1.6512
2.2239
2.3667
2.2074
2.3253
2.1771
2.4306
2.3984
2.3629
2.1277
2.2037
2.2711
2.4038
1.8444
1.9193
2.1778
1.8711
2.0398
2.1696
1.4681
2.2267
1.9797
2.2604
2.2258
1.5149
2.0759
2.0776
1.88
2.1497
2.2394
2.021
2.1817
1.722
2.2977
2.3357
2.2194
2.3798
2.1594
2.3348
2.2728
2.2742
2.2428
1.9454
2.468
2.2313
2.2524
2.3192
2.5246
2.162
2.2872
2.3937
2.2528
2.4036
2.301
2.3694
2.0938
2.308
2.0227
2.1308
2.4051
2.2212
2.3583
2.398
2.3444
2.2062
2.4525
2.3612
2.3047
2.3509
2.293
2.0033
1.9299
2.2307
2.2822
1.7673
2.205
2.2222
1.7533
1.7142
2.2146
2.4325
2.3668
2.2556
2.1755
2.0087
1.6051
2.1422
2.4867
1.6242
2.2639
2.3399
2.3643
2.1593
2.2723
2.0458
2.2236
2.112
1.9161
1.8823
2.2545
2.1075
2.276
1.9097
2.0535
2.2904
2.2727
2.2872
1.2892
2.5057
2.4667
2.3077
2.3574
1.9745
1.4781
2.3028
2.1008
1.5398
2.3326
2.147
2.3927
1.5556
2.3872
2.1102
1.4789
1.7677
2.2029
2.2385
1.7501
2.3339
1.9947
2.2728
2.3905
2.3389
1.9432
1.9975
2.2431
2.2181
2.4259
2.1511
2.2605
1.333
2.164
2.0356
2.2586
1.681
2.1179
2.0084
1.3836
2.2684
2.224
2.1617
2.3352
2.2049
2.2772
2.3248
2.4922
2.3606
1.8198
2.1274
1.5138
1.98
2.1341
2.1477
2.4251
1.564
2.2444
1.9999
2.0304
1.9882
2.4026
1.9006
2.1502
2.2447
1.8588
2.4396
2.2943
1.9768
2.3407
2.5444
2.2647
2.1478
2.2513
2.3066
2.1748
2.222
2.2858
2.2513
2.27
2.4278
2.1152
2.0796
2.0829
2.1335
2.376
2.0068
2.3013
2.0972
2.2002
2.0967
2.2201
1.6855
2.2303
2.2733
2.2505
1.9413
1.1303
2.2275
2.3454
2.3354
1.808
2.3306
2.0508
2.4131
1.8233
2.4042
2.3818
2.3658
1.7502
2.1094
2.3035
2.0306
1.72
2.2104
1.6934
1.9243
2.3002
2.1983
2.3874
1.4969
2.0899
2.4103
2.2835
2.4196
2.3917
2.1099
2.3986
2.4176
2.3212
2.1864
2.343
2.3876
1.7966
1.5487
2.0772
2.5464
2.321
1.5311
2.2841
2.3907
2.3081
1.6478
2.2844
2.3437
2.361
2.0232
1.5219
1.889
2.3974
2.168
1.7516
2.1669
2.3889
2.4712
2.3192
2.3587
1.9151
2.2693
1.892
2.4642
1.595
2.3832
2.2043
2.3239
1.5599
1.5071
2.3247
2.3543
2.4345
1.5994
2.2294
2.1249
2.2941
2.1762
1.7937
2.2594
2.2477
1.6641
2.4268
2.2871
2.1983
2.4354
2.1983
2.4048
1.9939
2.2206
1.6664
2.1905
2.2983
2.1531
2.1909
2.1585
2.1776
1.7386
2.2746
2.1713
1.8249
2.0272
2.4583
2.1349
2.0408
2.313
2.4558
2.3732
2.3403
2.2968
2.3672
2.2819
1.7258
2.484
2.057
2.0599
2.3671
2.1597
2.3104
2.3363
2.2632
1.5528
2.1498
2.0129
2.2803
2.1073
2.2281
2.0861
2.3855
2.1819
2.2224
1.7547
2.0547
2.3082
2.3485
2.1311
2.3946
2.2262
2.1331
2.1028
2.4301
2.2305
2.2321
2.0449
1.326
2.3027
1.6527
1.6996
2.2404
2.1875
1.5636
2.2648
2.3986
2.3076
2.0865
2.3578
2.4267
1.8621
2.3161
2.11
2.1551
2.4274
2.4193
2.3055
2.2131
1.7661
2.3585
1.6513
2.1839
2.2916
2.2106
2.2243
2.2404
2.4004
1.4985
2.4119
2.142
1.731
2.3855
1.988
2.3075
2.1157
2.3915
2.1115
1.936
2.4259
2.1262
2.4021
2.2169
2.1274
2.392
1.9527
1.4447
2.2284
2.1647
2.2119
2.1784
2.3695
2.2165
2.0549
2.415
1.5996
2.0936
2.2675
2.2824
1.8354
2.3793
2.4289
2.1697
2.2201
1.537
2.1699
2.2767
2.3517
1.8366
2.1556
2.1891
2.2776
2.165
2.3791
2.248
2.3353
1.4918
2.237
2.0442
2.0535
2.0864
2.1946
2.2397
1.8274
2.464
2.3554
2.2444
2.3196
2.3199
2.2696
2.4289
2.3758
2.303
1.7318
2.2488
1.5547
2.3155
2.263
1.8225
2.2365
2.3948
1.8967
2.4074
2.3175
2.2968
1.4958
2.2611
1.9556
2.1561
2.2662
1.5889
2.248
2.3669
1.591
1.6186
2.0036
1.8523
2.2086
2.394
2.2252
2.2973
2.4813
2.251
2.3227
2.178
2.168
2.3507
2.4103
2.3474
2.2439
2.3307
2.3248
2.0387
2.1365
2.4173
1.8144
2.4565
2.3146
2.3407
2.1588
2.347
2.1891
2.3876
2.4456
1.4549
2.498
2.4068
1.7988
2.3906
2.2286
2.2949
2.4525
2.3371
2.4142
2.3982
2.3775
2.0304
1.7821
2.2468
2.1916
1.5501
2.1525
2.261
2.4047
2.2063
2.1491
1.4762
2.3747
2.321
2.3712
2.0335
2.4177
2.3469
2.0138
2.3242
2.3532
2.2808
2.3699
1.9743
2.1778
1.7916
1.9929
2.0405
2.1748
2.3544
2.0852
2.2223
1.7804
2.3122
2.4143
2.4034
2.1659
1.9261
1.8905
2.2794
1.7693
1.6468
1.4279
2.3152
2.1835
1.7637
2.2344
2.114
2.1932
2.2346
2.2905
2.301
2.1917
2.0375
2.3814
1.4537
2.256
2.4313
2.2123
2.2246
2.4303
2.0118
2.19
2.3679
2.0935
2.3692
1.9812
2.3856
2.4118
2.2755
2.2493
2.162
2.053
2.2572
2.3689
2.4166
2.3446
2.3193
2.2124
2.3783
1.9737
2.3118
2.2847
2.2801
2.0703
2.0436
2.1858
2.4055
2.4013
2.4189
2.5125
2.3284
2.4409
1.6888
2.2421
2.3475
2.2822
1.8519
2.2409
1.7975
2.226
2.0573
2.1258
2.308
2.0826
2.5099
1.923
2.2831
2.4308
2.2802
2.2412
2.4505
2.365
1.4012
2.1339
1.9771
1.8614
2.3616
2.1755
1.7154
2.1822
2.2568
2.02
1.8095
2.2512
1.843
2.3405
2.3126
2.2207
1.9835
2.4404
2.0055
2.4711
2.1077
2.1615
2.3876
2.0388
2.3277
2.349
2.1573
2.3146
2.3444
2.3258
2.3219
2.3965
2.2719
2.2856
1.9359
1.5374
2.2243
2.2028
2.0313
2.3219
2.2145
2.4531
1.6585
1.485
2.3263
2.2095
2.0425
2.1314
2.3356
1.7193
1.5081
2.1339
1.5597
1.8003
1.7886
2.2998
2.3849
2.2639
2.2031
2.4337
1.5386
2.1275
2.4461
2.3679
2.087
2.1968
2.3304
1.4725
2.1366
2.3786
2.4358
2.1586
2.0917
1.4371
2.4667
2.3232
2.2325
2.1151
2.3714
2.288
2.4312
2.3735
2.3804
2.3315
2.2071
1.8469
1.8577
2.3507
1.5109
2.1273
2.436
2.3796
2.297
2.0047
1.9341
2.0018
1.741
2.2444
2.2092
1.5028
2.3892
1.6973
2.4149
2.4491
2.3981
2.1332
2.0519
2.1453
2.4077
2.2374
2.177
2.3903
1.4178
2.3762
2.3402
2.2343
1.7631
2.0907
2.3805
2.122
1.7059
2.378
1.5424
2.3772
2.1488
2.2301
2.1774
2.2449
2.3328
2.0053
2.2031
2.1046
2.2023
2.211
2.3675
2.3619
2.3394
2.4054
2.364
2.3178
2.3954
2.4029
2.248
2.2468
1.4334
2.0014
2.388
2.32
1.5425
2.2769
2.4121
2.0899
2.3735
2.1827
1.9294
2.2285
2.1884
2.4019
2.0975
2.3726
2.3016
2.4198
1.7636
2.248
2.2374
2.246
2.17
1.662
2.232
2.2783
2.0959
1.7569
2.1128
2.1691
2.4821
2.0348
2.3239
1.4748
2.1591
2.0398
2.1593
2.278
2.3687
2.3469
2.0643
2.4304
1.6845
2.0553
2.149
2.0462
2.3892
2.3561
2.279
2.2786
2.2627
1.9513
2.4112
2.3349
2.111
1.7625
2.1683
2.402
2.1626
1.6961
2.1147
2.3987
2.1673
2.338
1.455
2.251
1.9369
1.8707
2.3803
1.7984
2.0219
2.3943
2.1243
2.1137
2.4237
2.4583
2.3174
2.1855
1.822
1.6904
2.4055
2.2753
1.8049
2.4418
1.7949
2.3159
1.6675
1.973
2.1871
1.8867
2.2324
2.4503
2.1954
1.3192
2.3386
2.001
2.2614
2.3825
1.9087
1.9154
1.8907
2.4361
2.206
2.3865
1.9891
2.1389
2.229
1.6482
2.0812
2.4274
2.2128
2.3344
2.3844
1.6327
2.2509
1.8732
2.3756
2.2409
2.3992
2.4519
2.3753
2.0859
2.1961
2.2384
2.1057
1.8207
2.1102
2.1806
2.4166
2.4196
1.4181
1.6034
2.2195
1.5192
2.3293
1.8045
2.3793
2.4534
2.125
2.303
1.5018
2.3643
2.3482
2.2791
2.4147
1.9956
1.6539
2.4342
2.0043
2.0708
1.9879
2.2516
2.293
2.4671
2.278
2.0177
2.3737
2.353
2.3473
1.8466
1.7811
2.2759
2.041
1.9176
2.3854
2.098
2.3894
1.4882
2.2431
2.1532
1.5116
1.3656
2.3005
2.3584
2.355
1.8335
1.9372
2.2529
2.1731
2.3701
2.2607
2.3189
2.2463
2.0991
2.314
2.0082
2.1304
2.3955
2.4204
1.6183
1.8891
2.0844
2.3649
2.3419
2.2678
2.4585
2.1779
1.9628
2.2733
2.0376
2.2281
2.3324
2.2181
2.3727
2.3435
1.2168
2.2571
2.1269
2.3725
2.0044
1.757
2.0098
2.4007
2.2465
1.781
2.3423
2.2655
2.4718
2.2644
2.33
2.2378
2.3714
2.2514
2.1867
2.2524
2.2163
2.3284
2.2673
2.1836
2.2215
2.3372
2.2907
2.1373
2.2828
1.9035
2.3172
2.285
2.378
1.8038
2.0502
2.2072
1.6133
2.215
2.4702
2.3209
2.1682
2.4295
1.4949
1.4852
2.2077
1.7667
2.4028
2.419
2.3766
2.3486
2.2447
2.3404
2.331
1.636
2.0989
1.6055
2.2128
2.25
2.1862
2.1855
2.3929
2.4434
2.2129
2.1342
2.3296
2.415
1.8717
2.4156
2.4175
2.038
2.2803
2.1402
2.0597
1.9851
1.802
2.2464
2.3153
1.9403
2.3762
2.3528
2.2707
2.0456
2.3283
2.3118
2.288
2.338
2.2821
1.8516
1.9461
2.3802
2.2415
2.2734
2.1685
2.2451
2.386
2.4645
2.1553
2.1988
2.2971
2.3485
2.4469
2.2243
2.2287
1.7957
2.2826
2.2802
2.4271
2.2957
2.3451
2.3583
2.1339
1.8944
2.1042
2.4289
2.0177
2.2597
2.4176
1.5146
2.0969
2.2738
2.4028
2.3847
2.2021
2.2971
1.5692
2.2778
2.1885
1.5418
2.3199
1.9924
1.7517
2.3049
1.5405
1.4646
2.2055
1.755
2.3278
2.1812
2.2329
1.9966
2.234
2.3704
2.3253
2.1272
2.1917
2.4472
2.1942
1.508
2.204
1.933
2.0854
2.2987
2.3057
2.2532
2.3204
2.1494
2.1952
1.8503
2.4592
2.1765
2.3466
2.3863
2.3188
2.4148
2.3232
1.8463
2.2337
2.2889
2.306
2.2667
2.1104
2.2165
2.1792
2.4593
2.2555
1.9255
1.5204
2.3779
1.6413
2.0104
1.5527
2.2866
2.2237
2.3118
2.1509
2.4269
2.0487
2.2784
2.3264
2.2328
1.8202
2.3425
1.6122
2.2781
1.9913
2.1597
2.4055
2.3029
2.3495
2.1469
2.1488
2.4253
2.2918
1.5573
2.3161
2.429
2.1437
2.0329
2.3248
2.2556
1.8111
2.1641
2.4315
2.3287
2.1958
2.4508
2.27
2.2431
2.3419
2.1258
2.3375
2.0837
2.1582
2.0569
2.0173
1.8494
1.5871
1.8737
2.1734
2.3466
2.1109
2.3349
2.4598
2.27
2.1147
2.2198
1.8378
2.4784
2.3462
2.3282
2.3748
2.4806
2.2938
2.3285
1.8382
1.6199
2.0796
2.3281
2.3732
2.1937
1.4618
2.0297
1.8136
2.3482
2.4118
2.1436
2.0754
2.0236
2.2617
2.3144
2.3921
2.024
1.5486
2.1692
2.4325
2.2109
2.3762
2.3738
2.0119
1.9343
1.7018
2.2602
1.9929
2.364
2.4399
2.2578
2.3791
2.404
2.4013
2.3534
1.7243
1.8365
2.2882
1.96
2.2621
2.2792
2.3536
2.3481
2.2947
1.6056
1.9092
1.9844
2.4064
2.364
1.9461
2.4895
1.4812
1.8748
2.3549
2.2224
2.3217
1.5852
2.3267
2.0044
2.286
2.2779
2.0259
2.2254
2.3298
2.4091
2.2849
2.3813
2.0197
1.4783
1.9728
2.338
1.9371
1.5655
1.5402
2.3931
1.5041
2.2612
2.417
2.1646
2.3817
2.114
2.2248
2.1281
2.1136
1.9418
2.3056
1.3879
2.3807
2.0947
2.1166
2.267
2.392
2.3798
2.4093
1.5376
2.1538
2.4515
2.2885
1.4212
2.2382
1.741
2.4718
1.4861
2.4445
2.0786
2.1617
2.0795
2.405
2.0879
2.3524
2.3484
2.1878
2.2908
2.3109
2.4015
2.2659
2.3199
2.2121
2.374
2.3814
2.4421
2.5361
2.0596
2.1347
2.259
2.2533
2.2807
2.3136
2.4021
1.9163
2.267
2.1893
1.58
2.422
2.3291
2.3595
2.0695
2.375
2.3105
2.3364
2.4041
2.4274
2.2193
1.8239
1.9187
1.8739
1.7676
2.3072
2.1124
2.3451
2.0289
1.8769
2.2563
2.1715
2.2267
2.0938
2.1974
2.2355
1.8536
2.3363
1.4772
2.3284
2.0902
2.3357
2.2824
2.3906
2.4774
2.2804
2.1848
2.0498
2.1488
2.1581
2.4307
2.2454
1.7404
2.0438
1.5126
1.5137
2.2638
2.3294
2.3644
2.2295
2.3823
2.3002
2.3359
2.2977
2.3716
2.3847
2.1882
1.7077
2.1724
1.8256
2.1644
2.2786
2.4302
2.111
1.6642
2.4018
2.2512
2.2177
1.3973
2.3931
2.2891
2.3674
2.2592
1.5239
1.857
2.2289
2.1388
2.3282
2.405
2.2984
2.0578
2.1319
2.2457
2.0369
2.3824
2.2185
1.8816
2.1778
2.3484
2.3993
2.3039
2.1929
2.2843
2.4313
2.2317
2.3734
2.4484
1.9731
2.033
2.2058
2.5077
2.337
2.2133
1.7262
2.3178
2.2458
1.54
2.257
2.1928
1.4925
2.3574
2.369
2.015
2.0332
2.327
2.3663
2.2808
2.1003
2.3445
2.0365
2.4966
2.3836
2.2947
2.1851
2.3356
1.3837
2.4129
2.3495
2.1751
2.2487
2.2522
1.8833
2.413
2.2697
2.1501
2.079
2.4452
2.075
1.7011
2.2353
1.9869
2.339
2.3289
2.3524
2.4118
2.3332
2.1285
2.3687
2.4321
2.3626
2.192
1.6396
2.3397
2.3315
2.3665
2.2852
2.3813
2.3642
2.3882
2.4748
1.8351
2.1925
2.4061
2.327
2.0855
2.205
1.3747
2.1806
2.3482
2.5331
2.1529
2.4348
1.5395
2.1286
1.9903
2.3427
1.8753
2.2378
1.6878
2.3456
2.3765
2.4193
2.4444
1.4561
2.3847
1.7377
1.7581
2.2532
2.3587
2.2954
2.1365
2.4866
2.2471
2.0966
2.4825
2.3595
2.2461
2.2016
2.3518
2.3008
2.1366
2.3538
2.3805
1.9128
1.8415
2.3505
2.4169
2.2443
1.9242
2.1592
2.1979
1.9473
2.3046
2.0765
2.447
2.3092
1.9698
2.2893
1.9214
2.3706
2.3126
2.2898
1.4088
2.4362
2.4288
1.84
1.5589
1.5332
2.232
2.3357
2.3506
1.6845
2.1966
2.0481
2.0125
2.4599
2.4257
2.4135
2.3391
2.5121
2.3505
2.3869
2.2988
2.1368
2.3399
2.3126
2.2509
2.4363
2.4821
2.3584
2.208
2.2561
2.3317
2.272
2.0662
1.4832
1.7382
2.2586
2.3574
2.3569
2.1506
2.149
1.5411
2.2032
2.2281
2.3678
2.247
2.1126
1.8053
2.2881
2.3202
2.3538
1.8562
2.4004
1.5546
2.2246
2.0496
2.303
2.3469
2.3689
1.7211
2.3778
2.2343
1.7049
2.4437
2.4316
2.32
2.4136
2.3574
2.3449
2.2232
2.3211
2.2608
2.1821
1.6695
2.161
2.4827
2.1503
2.3378
2.35
2.0411
1.9639
2.2056
2.1577
2.218
2.0551
2.4514
2.1269
2.124
2.3217
2.2009
2.3969
2.2609
1.234
1.4347
2.3274
1.7288
2.4059
2.4834
2.271
2.2989
2.404
2.3629
2.2815
2.3666
1.4944
2.4301
2.4197
2.2448
1.5581
2.4392
2.1267
2.2834
2.4911
2.4458
2.2693
2.3302
2.2295
2.1434
2.2811
2.1715
2.354
2.1419
2.3644
2.0647
2.3786
2.2835
2.414
2.2238
2.2829
2.366
2.1327
2.3709
2.4624
2.2212
2.3766
2.3775
1.9939
2.1395
1.4317
2.3094
1.4022
2.2866
2.06
1.8609
2.2184
2.1618
2.0314
2.4129
2.2377
1.9457
2.3935
2.3474
1.6219
2.2764
2.2501
2.3285
2.2999
2.4692
2.186
2.4007
2.4056
2.3459
2.2788
2.2853
2.0787
2.3697
2.3015
1.6026
2.1031
2.3407
2.4787
1.6354
2.2181
2.1735
1.3095
2.3802
1.3577
2.1481
2.3348
1.5423
1.9811
2.1317
1.4979
2.1656
2.4257
2.0474
2.3189
2.3769
2.0461
2.3128
1.9221
2.1568
2.1146
2.2428
2.2526
2.226
2.0469
2.4325
2.1732
2.2041
2.3831
1.8935
2.3617
2.4159
1.7272
2.0372
2.3226
2.399
2.4848
2.2985
1.3132
2.3489
2.1373
2.2354
2.3158
2.0161
2.2928
1.8998
2.3788
2.4286
1.433
2.3571
2.1377
2.267
2.2183
2.4733
2.17
2.2166
2.1405
1.8344
2.3065
2.2423
2.3383
2.1442
2.302
1.9214
2.3615
2.2737
2.2219
2.1536
1.4849
2.2651
1.664
2.1385
2.4101
2.0632
2.2368
2.2959
1.8999
1.3409
1.5472
2.3799
1.5657
2.3183
2.3156
2.4191
2.2223
2.2875
2.2528
2.2809
2.4006
2.3849
2.0073
2.2138
2.2504
2.401
1.6925
1.514
2.3235
2.4061
2.3908
2.2215
2.4245
2.3779
2.039
2.2451
2.306
2.2196
1.9571
2.3754
2.2027
2.1681
2.2989
2.4161
2.1306
2.3386
1.8545
1.5135
2.373
2.4632
2.3622
2.1713
2.2903
2.3406
2.2209
2.324
2.1054
2.4518
1.5955
1.8246
2.3407
2.3806
2.1223
2.0392
2.4392
2.2726
2.1464
2.2996
2.1902
2.2051
2.2818
2.4679
2.0144
2.4712
2.3517
1.7561
2.1815
2.4072
2.3577
1.9756
2.1149
2.4139
2.1473
2.3712
2.4254
2.1119
2.0451
2.3862
2.4259
2.2238
2.0873
2.4355
2.1505
2.3659
1.0326
1.7672
2.4146
2.0483
2.3293
2.2169
2.0671
2.2236
2.2513
1.7115
1.9742
2.4233
2.1537
2.141
2.015
2.3001
2.4837
2.2997
2.3165
2.3577
1.8062
2.3389
2.2696
2.2181
1.9536
2.121
2.1309
1.5958
2.4511
1.9426
2.4131
2.2204
2.4764
2.3522
2.156
2.3893
1.5656
2.338
2.3798
2.2308
2.1566
1.9354
2.3418
2.4109
2.1948
2.3991
2.0624
2.0913
2.2064
1.894
1.8145
2.162
1.8577
2.2943
2.4128
2.1803
2.2319
2.464
2.1658
2.467
2.2076
2.1135
1.6809
2.4007
2.3632
1.4749
2.3675
2.4156
2.3341
2.4327
1.5146
2.0371
2.3702
1.5493
1.547
2.3318
2.4192
1.949
2.2917
2.3682
2.145
1.6271
2.3192
2.0931
2.0332
2.1925
2.0409
2.3834
2.3197
1.7044
1.8296
2.0716
2.3116
1.5366
2.357
1.5625
2.0286
2.2966
2.2371
2.3106
2.4062
2.1511
2.3188
2.3102
2.3249
1.5343
2.0915
1.2865
2.182
2.2788
2.3158
2.3825
2.0136
1.5709
2.3594
1.7328
2.1447
1.9309
2.2104
2.3301
2.3348
2.0817
2.2442
2.3364
2.1606
2.2583
2.2971
2.0975
2.2229
2.1649
2.2729
2.1785
2.363
2.3238
2.2713
2.2132
2.3121
2.2293
2.4004
2.3217
1.8165
2.3014
2.1463
2.3224
2.3771
2.2555
2.3955
2.2731
1.8406
2.1549
1.6367
2.4119
1.3739
2.0404
1.8065
2.3632
2.3978
2.4505
2.153
2.2564
2.2268
2.3868
1.9741
2.1851
1.8161
1.9088
2.3425
1.551
2.3024
2.3968
2.409
2.3256
2.3143
2.2436
2.0353
2.3195
2.0315
2.354
2.3271
2.3076
2.2316
2.2951
2.3229
2.4463
2.3643
2.1244
2.1266
2.3344
2.2535
2.3985
1.5258
2.4319
2.3195
2.0631
2.3656
2.3882
2.5061
2.2611
2.3366
2.1219
2.4049
2.3794
2.3062
2.1279
2.2556
2.125
1.5564
1.999
2.3284
2.0627
2.4894
2.2654
2.4163
2.2635
1.7609
1.833
2.1776
1.5824
2.2737
2.5217
2.2303
2.2053
2.3422
2.3606
2.1226
2.262
2.3275
2.2622
2.2419
2.2797
2.2589
2.1549
2.2803
2.1488
2.1594
2.0612
1.8857
2.3812
2.3611
2.0732
2.201
2.101
2.4207
2.2816
2.1128
2.1501
2.1964
2.5097
1.3072
2.3743
2.4116
1.4498
1.753
2.2798
2.1058
2.15
1.3723
2.3437
2.297
2.1514
1.6972
2.231
2.2976
2.2338
2.3823
1.6725
2.3253
2.3347
2.3637
1.2016
1.6345
2.4335
2.4344
2.4267
2.3867
2.2089
2.2111
2.4102
2.3026
2.3515
2.1334
2.1533
2.356
2.2566
2.2298
2.3354
1.2696
2.5143
2.3697
2.246
2.4441
2.0802
2.3564
2.3144
2.3096
2.4617
1.846
1.9357
2.3426
2.4424
2.101
2.4469
2.2184
2.4424
2.3993
1.8077
2.2987
2.2747
2.2018
2.0539
2.3725
2.3608
2.1049
2.1259
2.0824
1.5005
1.8317
2.1881
2.2001
1.5696
2.2419
2.1665
2.5422
2.4334
2.3825
2.0518
2.216
1.9344
2.1656
2.32
2.4584
2.1776
2.345
2.2506
2.3113
2.3309
2.4042
1.422
2.125
2.2404
2.1324
2.1789
2.2187
2.3192
2.1204
2.2568
2.3558
2.3816
1.7481
2.3411
2.2148
1.7284
2.0623
2.3318
2.3741
1.6438
2.2624
2.3211
2.2692
2.2841
2.5252
2.0356
2.4831
2.2468
2.4288
2.3491
1.4866
2.1611
1.6983
2.0391
2.3904
2.1684
2.2395
2.4156
2.2988
1.5252
2.3237
1.8264
1.32
2.3018
2.1907
2.2067
2.3122
1.6081
1.8366
2.3812
1.9607
2.3704
2.2508
2.075
2.2177
2.3528
2.0989
2.0349
2.3914
2.2313
2.2724
1.8781
1.4895
2.3339
1.8924
1.5755
1.1358
2.2784
2.4144
2.3951
2.2504
2.3501
2.2903
1.8297
2.1971
2.2157
2.171
2.3814
2.3389
2.4072
2.5239
2.2538
2.2869
2.2221
2.254
1.6451
2.2403
2.1035
2.2039
2.4519
2.2189
2.4217
2.3414
2.5296
2.1782
2.0981
2.396
2.0071
2.2377
2.2969
2.337
2.2297
2.3313
2.3267
2.2001
2.0484
1.2924
2.3411
1.6218
2.2053
2.3576
2.0261
2.2918
2.1937
2.1736
2.3294
2.3495
2.4929
2.2938
2.1591
2.3793
2.1147
2.263
2.0831
1.5917
2.3756
2.2752
2.2562
2.3838
2.1474
2.3282
2.1486
1.9851
2.2819
2.2708
2.2643
2.2166
2.4158
2.4554
2.215
2.3581
2.267
1.9223
2.2411
2.3499
2.4167
2.2614
2.2842
2.3479
2.4264
2.0932
2.1218
1.8049
2.1271
1.798
2.4719
2.4421
2.425
2.1469
2.3023
1.937
1.865
2.1409
2.3062
2.3376
2.3264
2.2216
2.2495
2.2545
2.2116
2.3266
1.8448
2.4443
2.2984
2.387
2.127
2.1966
2.1525
2.2197
2.174
2.4547
2.4726
1.8295
2.3532
2.3847
2.4036
2.144
2.1225
1.9442
1.899
2.2262
2.3598
2.1028
2.3585
2.3459
2.2274
2.1306
2.1417
2.3697
2.1235
2.1805
2.3914
2.4687
1.7216
2.3751
1.9936
1.8248
2.1445
2.369
2.1153
2.3611
2.2265
2.1827
2.4469
2.4268
2.1948
2.2085
2.2144
2.2414
2.4801
2.2508
2.4266
2.2827
2.1921
2.3526
2.2856
1.4002
2.3504
2.3304
2.1974
2.2341
2.122
2.4334
2.3126
2.1253
2.3094
2.4208
2.3134
2.394
2.4189
1.6235
2.2805
2.3673
1.5675
1.7984
2.4218
2.061
2.0026
2.146
2.1202
2.1915
2.2589
2.4679
2.4745
2.257
2.4847
2.0764
2.1263
1.8414
2.3338
2.1488
1.9762
1.9947
2.1874
1.8024
1.7839
1.5558
2.1344
1.9773
2.3129
1.8182
1.5783
2.3204
2.1305
2.4214
1.9583
2.2991
2.3729
2.3914
2.2322
1.9246
2.1864
1.5624
2.1176
2.3042
2.3408
2.0547
2.0012
2.1913
2.0855
2.328
2.2101
2.1946
2.257
2.278
1.5894
2.4182
2.3927
1.967
2.0897
1.8764
2.2859
1.9399
2.0938
1.749
1.8572
1.947
2.3587
2.1239
2.2923
2.203
2.2089
2.119
2.3705
2.3336
2.3267
2.2626
2.2207
2.115
2.0862
2.337
2.5021
2.1704
2.3329
2.1986
2.1553
2.2485
2.2956
2.2261
2.2408
2.3375
2.2912
2.2114
2.3026
2.2298
2.2486
2.1125
2.0017
2.4098
2.3375
2.0305
2.1315
2.1069
2.0701
2.2984
2.297
2.1822
1.9289
2.2121
2.292
2.1545
2.1882
2.3948
2.1761
2.1386
2.215
2.1813
2.398
2.0728
1.5888
2.0586
2.3653
2.2664
2.1472
1.8877
1.4688
2.3833
2.2872
1.4823
2.3494
2.2442
1.7192
2.2914
2.3641
2.2191
2.1661
1.7447
1.7189
1.3658
1.9828
2.0486
1.6059
2.2448
2.1726
2.2013
1.5367
2.39
1.5048
2.246
2.3295
2.1229
2.1452
1.8478
1.995
1.481
2.0864
2.0669
2.1289
2.4074
2.2171
2.2107
2.0376
1.6959
2.4081
1.6055
2.3366
2.3326
1.8082
2.2587
1.8036
2.2934
2.2251
2.3837
2.0695
2.399
2.3419
2.1285
2.0502
2.3613
2.1785
1.394
2.1539
2.1821
2.391
2.2746
2.1134
2.4559
2.3186
2.4369
2.3644
1.9986
2.3982
2.3049
2.2971
2.1361
2.2091
1.4983
2.2104
2.5117
1.5989
2.1151
1.9672
2.3141
2.0956
2.2935
2.3435
1.5281
2.1696
1.703
2.0509
2.3743
2.3309
2.1604
2.402
2.1499
2.2672
2.2902
2.2842
2.2486
2.4002
2.4126
2.3149
2.1147
1.9773
1.9616
1.7995
2.3275
2.3378
1.5755
2.3928
2.0123
2.0028
1.7793
1.5453
2.2663
1.9193
2.0282
2.4087
1.978
1.4503
2.2971
2.3002
1.8815
2.2841
1.5271
2.2461
2.5051
2.1112
2.094
2.2086
2.3526
2.3169
2.4084
2.1599
2.2087
1.8498
2.2806
2.3078
2.2046
2.1808
2.3765
1.7456
2.2241
2.4603
1.6694
2.4152
2.193
2.1664
2.4155
2.2652
2.3989
2.3698
2.2995
2.009
2.3117
2.2848
2.0509
2.2385
1.4936
2.1022
2.1075
2.1647
2.3935
2.2949
2.3929
2.1156
2.2725
2.4399
2.4241
2.2896
1.5699
2.181
2.3836
2.306
2.2592
1.5327
1.5259
1.9895
1.7363
2.1571
1.4173
1.7234
2.4026
2.4416
1.4395
2.5389
1.8008
2.2787
2.4505
1.3288
2.4422
2.0883
1.9464
2.3187
2.1315
1.3636
2.1339
2.0442
2.1234
2.4073
2.2506
2.4225
2.0024
2.0056
2.1898
2.2564
2.3549
2.3617
2.2582
1.9243
2.185
2.2613
2.2818
1.8645
2.167
1.8123
2.131
1.4887
1.9688
2.3365
2.3668
2.3438
2.3955
2.2586
2.3405
2.422
1.5551
2.1969
2.2865
1.7415
2.4146
2.4082
1.5365
1.931
2.4037
2.2206
2.2579
2.1435
2.3921
2.3434
2.0755
2.4221
2.2206
2.3646
2.4189
2.3293
1.6366
2.4011
2.3139
2.3236
2.2059
2.2506
2.3171
2.4127
2.4189
1.6957
2.0512
2.1617
2.2275
2.3617
2.1816
2.2264
2.5001
1.6277
2.3883
1.9692
1.9211
2.4099
2.0971
2.3938
2.2017
2.3326
2.1407
2.3496
1.7325
2.0929
2.1663
1.9264
2.3485
1.8782
2.3653
2.3972
2.4122
2.3861
2.4096
2.2552
2.2943
2.1814
2.2998
2.0953
2.3947
2.2629
1.5384
2.1177
2.3232
2.2129
2.0989
2.3056
2.2795
2.2159
1.8637
2.4445
2.2636
2.4479
2.0499
2.2656
2.1782
2.1329
2.0711
2.2999
1.8894
1.9876
2.3878
1.9118
1.9039
2.0067
2.3844
2.1257
2.086
2.2365
2.359
2.4347
2.1706
2.1334
2.1526
2.268
2.2895
1.5129
2.3001
1.5461
2.3914
2.3372
1.8362
1.759
2.4017
1.9219
1.3346
2.0224
2.3509
2.1781
2.0334
2.3141
2.2228
2.3336
2.3034
1.9648
2.1598
2.359
2.244
2.3823
2.1251
2.1758
2.2959
1.9166
1.7363
2.1365
2.1798
2.0347
2.4295
2.1241
2.2498
2.2629
2.0836
1.9354
1.9354
2.307
1.995
2.1716
2.2952
2.372
2.1263
2.2654
2.094
2.0993
2.2254
1.8039
2.0849
2.216
2.1666
2.0191
2.3689
1.8952
2.2814
2.3416
2.1456
2.236
2.4237
1.5251
2.4145
2.0344
2.41
2.1979
2.3262
2.3598
2.1523
2.1303
2.1338
1.5032
2.18
2.1792
2.3816
2.4034
2.3351
2.296
2.3337
2.1212
2.3436
2.1303
2.3661
1.6178
2.0089
1.5068
2.0642
2.1911
2.0733
2.0713
2.0016
1.9678
2.2061
2.2174
2.4126
2.1006
2.332
2.3741
2.0935
2.255
2.2282
2.0419
2.0295
1.6587
2.1169
2.2265
2.2596
2.1896
2.2651
2.3419
1.5741
2.3747
2.243
1.8266
2.1795
1.7301
2.351
2.254
2.1514
2.3279
1.6893
2.3809
2.1976
2.1156
1.9603
2.463
2.0124
2.3467
2.2948
1.9587
2.3738
2.3792
2.1934
2.1211
2.4075
2.291
2.2468
1.5003
2.3755
2.2856
2.4054
1.5425
2.4507
1.8058
2.2816
1.5218
1.8767
2.1619
1.6863
2.289
2.3191
2.4067
2.0849
2.4683
1.2512
2.1541
2.3345
1.7845
2.1251
2.2109
2.4184
1.9357
1.8043
1.9875
1.9571
2.3942
2.4862
2.2576
2.136
2.3164
2.2302
2.1724
2.245
2.2173
1.9811
2.2713
2.3356
2.2781
2.2894
2.2685
2.183
2.269
2.1482
2.2619
2.1054
2.1252
2.334
2.3194
2.2395
1.8151
2.3934
2.1522
2.3631
2.2128
2.3541
2.3554
2.4602
2.2433
2.1366
2.4938
2.2984
2.4226
2.3641
2.0879
2.2828
2.4154
1.503
2.1797
2.3784
2.3011
2.0871
2.0252
2.1755
2.0932
2.116
2.0921
2.3445
2.2254
2.4102
2.2164
2.3317
2.2542
1.7903
2.2982
2.2242
2.0579
2.0441
2.3681
2.3958
2.1867
2.3544
2.3662
2.1015
2.4208
2.343
2.3008
2.1891
2.0692
2.079
1.4152
2.2384
2.4084
2.2403
2.1728
2.3988
1.2774
2.3804
1.4628
2.0851
2.2319
2.4017
2.4686
2.1891
2.3544
1.6151
2.2607
2.3644
2.3038
2.3711
2.1364
2.2476
2.0738
2.2746
2.337
1.7181
2.4367
1.8259
1.515
2.3882
2.2046
2.2586
2.2668
2.284
1.9295
2.2862
2.0161
1.8839
2.1475
2.0773
1.8721
1.7554
2.4371
2.4716
1.8314
1.7737
1.8959
2.1411
1.6519
2.2446
2.2672
2.3199
2.3012
2.164
2.427
2.1283
1.9831
2.37
2.2783
2.1635
2.1201
2.3918
1.7337
2.2149
2.0505
1.5893
1.9554
2.3732
2.4335
2.2902
2.2155
1.8735
2.368
2.2329
2.3964
2.3557
2.1651
2.2567
2.2527
2.4598
1.6606
2.4
2.2904
2.3425
1.8286
2.313
2.0362
2.4881
1.9201
2.3342
2.2692
2.3767
2.2168
1.9616
2.3587
2.4161
2.2085
1.6245
2.2177
2.1355
2.4941
2.0875
1.9606
2.433
2.3109
2.1656
2.424
2.2757
2.3042
2.0815
2.3109
1.7425
1.9007
2.4062
2.2326
2.4353
2.3253
2.1607
1.8017
2.434
2.2098
2.2813
2.3516
2.3482
2.4364
2.0773
2.2796
2.4402
1.1762
2.1013
2.2112
2.1908
2.1376
1.4812
2.3205
2.2327
2.2827
2.2668
2.1549
2.3486
1.4823
1.5115
1.6445
2.3632
2.3913
2.2281
2.3013
2.3035
2.1229
2.1893
2.377
1.85
2.4148
1.4776
2.4988
