1.4643
2.3428
1.6024
2.1997
1.8593
2.2155
2.1995
1.3241
1.9672
1.2278
2.2203
1.4082
2.0597
1.6244
2.3983
2.1384
1.8459
1.6151
1.591
2.2576
2.482
1.9027
1.5539
1.4745
2.0285
1.6856
2.157
2.3169
1.5814
2.3612
1.5505
2.3351
1.6892
1.9744
2.1866
1.3801
1.9363
1.2772
2.135
1.6084
1.844
1.5352
1.3177
1.9833
1.64
2.3306
2.1587
2.327
2.356
2.0427
1.8817
2.1765
1.5707
1.6097
2.2789
2.3738
1.952
1.6196
2.1832
1.5749
1.3298
2.3776
2.3327
2.416
2.1513
1.6817
1.898
2.3156
1.7326
1.6585
1.4496
1.3664
2.2903
1.9112
2.4759
2.0929
2.155
1.5673
1.2906
1.8694
2.2423
2.4168
1.6917
1.6431
1.9175
1.8297
2.1209
2.1482
1.4264
2.0765
2.2976
2.1575
1.9115
2.2605
1.6753
2.0906
2.3532
1.7462
1.9226
1.9925
1.3801
1.8044
2.0467
1.7768
1.399
1.551
2.4008
2.3719
1.8357
2.1818
2.1751
1.8826
1.7711
2.2163
1.9938
2.1048
1.2451
2.0387
2.2199
1.821
2.1871
1.6893
2.1195
1.3389
1.8133
1.6454
1.9493
1.8559
2.2502
1.8246
1.5772
1.3298
2.2066
2.2045
2.2918
1.5173
2.2545
2.1489
1.9817
2.0464
2.2433
1.9132
1.6861
1.618
1.6117
1.8628
1.8928
2.1035
2.2843
1.5871
1.7755
2.3329
1.6219
1.7219
1.3381
2.0355
1.104
2.2524
1.9013
1.8533
1.7214
1.7458
2.2281
1.9816
1.5239
2.3699
1.3171
1.9255
2.003
1.5747
1.4648
1.4553
2.394
2.2483
2.2232
1.2548
2.2441
2.0854
2.3338
1.402
2.2243
2.2579
1.7464
1.5424
2.0874
2.317
1.4246
1.2143
2.1228
2.0814
1.509
2.2106
2.342
2.2763
2.315
2.0844
2.1361
2.3979
2.1869
1.3883
1.7949
1.8558
1.5834
1.9989
2.129
1.8024
2.018
1.5967
1.4854
2.4293
2.135
2.4167
2.02
2.3774
1.4381
2.2372
2.3904
1.4125
1.6223
2.1286
1.9303
2.0897
1.305
2.2303
2.065
2.1381
2.3146
2.1272
1.8255
2.0724
1.284
2.3098
2.3684
1.9921
1.7844
2.0915
1.2467
1.9544
1.5646
2.3388
2.181
2.0922
1.7861
2.2616
2.1121
1.6346
2.1098
1.5914
2.1824
2.2791
2.312
1.7489
1.3742
1.6561
1.5055
1.6293
2.0856
2.0445
2.0804
1.1739
1.8944
2.1767
2.2911
2.4779
2.3605
2.1848
2.1738
2.2658
2.0393
1.5809
1.3959
1.9172
1.2086
2.2503
2.2413
2.3928
2.3686
2.0839
2.1953
2.1591
2.3291
2.1123
2.1673
1.3024
2.182
1.9934
1.5193
1.5604
2.2487
1.5204
1.6983
2.0143
2.1444
1.8244
2.0728
1.8469
2.206
1.1423
2.3633
1.3302
2.17
2.0499
2.0966
1.4015
1.5115
2.0344
1.398
1.6759
2.0698
1.809
2.188
1.5135
2.4505
1.6443
1.6277
2.2941
1.4277
2.3571
2.0978
2.389
1.5324
2.2235
1.6693
1.9063
1.8385
2.0793
1.9048
1.0879
1.1851
2.1075
2.1992
1.2174
2.1608
2.3436
1.7706
1.2182
2.2467
1.6283
1.9149
2.0839
1.875
1.9193
1.53
1.244
1.5037
1.9077
2.3028
1.1564
1.8498
2.0889
2.3883
2.1642
1.4155
1.8091
2.0472
1.5333
2.2662
2.2782
2.0441
1.8174
2.3647
1.875
1.4146
2.0347
2.068
2.1667
1.8899
2.2547
2.3927
1.6571
2.1979
2.204
2.1709
2.0504
1.9872
1.9366
2.0121
1.9781
2.0891
2.1006
1.834
2.208
1.6039
1.8165
1.3339
2.0584
2.1224
1.8236
1.2825
2.0603
2.0203
2.0026
2.1343
2.1405
1.9221
2.3098
2.068
2.2552
2.1168
1.9573
1.4402
1.8729
2.2115
2.3487
2.3481
1.428
1.9374
2.0674
1.6876
2.0825
2.0176
2.016
2.2521
1.6764
2.2761
1.8864
1.586
2.0642
2.0864
1.7584
2.2635
1.4207
2.2517
1.8214
1.3212
1.5106
2.0296
1.2125
1.6812
1.917
2.1253
1.9826
2.325
1.0641
2.2704
1.2192
1.8874
1.2073
1.8945
2.2678
1.1061
1.3707
2.2193
1.4381
1.0932
2.3863
2.366
1.6209
1.5735
2.3272
2.2751
2.169
2.3063
2.3266
2.2683
2.266
1.3384
2.2263
2.0742
1.3248
2.0918
1.6324
1.8552
1.9421
2.0593
2.0599
1.9044
1.9394
2.3935
2.2642
1.4646
2.4462
1.6693
2.1599
1.8784
2.5394
2.3836
1.2736
1.6857
2.3396
2.1278
2.1921
1.9293
2.2427
2.1134
1.5922
1.64
2.2947
2.0647
1.6808
1.3895
2.199
2.2517
2.2021
2.2474
1.3699
2.1231
2.4047
2.3762
2.4283
2.4035
2.1423
2.2562
2.3247
1.3166
2.1741
2.0911
2.2964
1.3402
2.239
2.1495
2.0507
1.7732
1.2791
1.8264
2.014
1.7623
2.231
1.2573
1.2243
2.004
2.0261
1.9372
1.8808
2.1668
2.083
1.3807
1.3977
1.7936
1.3836
2.2279
2.337
2.2729
2.1451
2.0605
1.7153
2.1482
2.1477
2.0045
2.2881
2.223
2.1627
2.3454
2.2327
2.0713
1.7816
2.0742
2.2579
2.3135
2.2207
2.0827
2.1479
2.3753
2.2134
1.4773
2.1905
2.2535
2.0752
2.2114
1.6932
1.7481
1.4971
1.3572
1.7144
2.4771
1.6589
2.2725
2.0243
1.4062
1.6813
1.2002
1.3159
1.9194
1.9746
2.4003
2.2618
1.8778
1.5715
2.0197
2.3145
1.3437
2.2414
1.8062
2.2558
2.1306
2.0824
1.582
2.0179
1.4678
1.8739
2.279
1.6016
1.6339
2.2958
2.3401
1.5497
2.1002
1.6317
1.7587
2.1094
1.8991
2.3904
2.3711
1.8368
2.267
1.2427
2.3317
2.1882
2.4456
1.872
2.0254
1.8112
2.2217
2.3827
1.7643
2.2047
2.4145
1.9683
1.9372
2.2219
2.029
1.6841
2.2383
2.3502
2.1823
2.371
1.564
1.4403
1.2779
1.5608
1.5386
2.0039
1.799
1.9362
1.9713
2.443
1.2954
2.258
2.1305
2.1643
2.2962
1.5887
2.228
1.1781
2.2487
1.3
1.8863
1.5168
2.3309
1.787
1.5178
2.0422
2.2155
2.0957
1.7333
2.0631
1.275
1.8842
2.0076
2.221
1.8516
2.2908
2.0407
2.0088
2.2483
1.7045
2.389
2.1084
1.5265
1.9142
2.3051
1.4677
2.3969
2.2205
1.2515
1.9428
2.2477
1.8891
1.7759
2.007
2.4136
2.1494
2.0111
2.2289
2.1443
2.3447
2.3341
1.3431
2.4369
1.254
1.4731
2.1108
1.5945
2.1792
1.1687
1.8705
2.1212
1.4972
1.5526
2.2093
1.5514
1.276
2.152
1.9213
2.1212
1.4356
2.1682
1.2063
1.774
1.487
2.2387
1.8271
2.2272
2.0765
2.2761
2.3921
2.2485
1.8111
1.5165
2.0658
2.0085
2.2819
2.0982
1.6613
1.9554
1.7741
2.3986
1.7417
1.8259
1.2288
2.0106
2.1961
1.417
1.8338
1.5543
1.7582
2.008
2.3961
2.4388
1.8918
1.7425
2.3385
1.7842
1.9781
2.4013
2.232
1.3876
2.289
2.0711
2.0806
1.6254
1.7538
1.8237
2.1412
1.3425
2.0875
2.1723
2.281
2.1773
1.3933
2.3442
2.4185
1.7222
1.5252
2.032
2.2352
1.452
2.405
2.176
1.4722
1.6578
1.9899
1.903
1.7792
2.2766
2.3414
1.5585
1.7465
1.587
1.8267
1.6172
2.3873
2.3012
1.6569
2.0512
2.0742
2.0406
1.4193
1.3847
1.9849
2.1816
2.1518
2.083
2.2752
1.4015
1.4266
1.6482
2.2621
1.9352
1.8337
1.8941
2.3177
2.0249
2.3038
2.1695
1.8283
2.396
1.6484
1.907
1.359
2.3507
1.8215
1.8286
2.2077
1.7941
2.3449
1.2243
2.0769
1.1846
2.1679
1.9936
1.775
2.0655
1.6249
2.1783
2.1939
1.713
1.9301
2.137
2.003
2.1313
2.1874
1.4667
2.1821
2.072
1.7058
2.0509
2.1136
2.0813
2.1832
1.7698
1.9368
2.0813
1.9004
2.0551
1.3809
1.955
2.2388
1.9869
2.1791
1.3872
2.2134
2.3358
2.1868
2.0575
2.1463
2.2845
1.6201
1.9922
2.071
1.1509
2.0074
2.1612
1.4641
1.9244
2.2942
1.9251
2.1716
2.1436
1.703
2.0998
2.4938
2.2722
1.3374
1.3203
1.6418
1.8088
2.066
1.6898
2.1498
1.7427
2.3648
2.3354
1.874
2.1016
1.263
2.2136
2.2682
1.7508
1.1427
1.9057
1.4106
2.3193
1.9302
1.4728
2.3396
2.3124
1.9621
2.332
1.299
2.1716
2.0366
1.1438
1.3925
2.1638
1.9127
2.1699
1.3651
1.5371
1.8584
2.2368
1.8775
1.4007
2.3447
1.1651
1.689
1.6844
2.5051
2.2216
2.3846
1.5546
1.9599
2.12
1.323
1.7654
1.3983
2.2609
2.2294
1.2316
1.4315
2.0043
2.1199
2.4219
2.3235
2.0252
2.422
1.3579
2.4074
2.0906
1.4294
2.2483
2.0978
2.0937
1.9333
2.3723
2.3204
1.8393
1.3617
1.7621
2.2694
2.1309
2.1429
2.386
1.8216
1.635
1.5215
1.3765
2.0662
2.2963
2.0075
1.7868
1.8774
2.06
1.9708
2.383
1.6703
1.9238
2.039
2.346
2.2439
2.3721
1.8124
1.6451
2.2327
2.3579
1.8925
2.0994
1.4611
2.1101
1.2247
1.8423
2.4611
2.0385
2.1018
1.9594
1.255
2.367
2.5038
2.3621
2.0006
2.0395
2.3323
2.4014
2.3601
1.9797
1.106
2.2985
1.814
2.0902
2.03
2.208
1.8618
1.557
2.1954
1.8779
1.7903
2.2818
2.0881
2.2031
1.8223
1.5415
1.7732
2.1915
1.581
2.4041
1.5374
2.1944
1.6762
1.661
2.0634
2.1833
2.1072
2.1101
2.1885
2.2175
2.1463
1.2962
1.449
1.8049
1.2909
2.1735
2.1514
2.0205
2.0547
2.021
2.0038
2.1124
2.2742
1.4779
2.424
1.9561
2.3623
1.401
2.3023
1.5291
1.6446
2.3277
1.7972
1.4961
1.2849
2.1948
2.2165
2.0208
2.0372
1.1122
1.4562
1.8645
1.4594
2.4111
2.3124
1.892
1.7929
2.0879
2.1417
2.1392
2.3821
2.0984
1.881
2.0232
2.3165
2.3624
2.1241
2.2095
2.0786
2.4597
2.003
1.8366
1.8131
1.7767
2.3229
2.1384
2.3654
2.3018
1.2813
2.0092
1.51
2.346
2.0163
2.396
1.971
1.8142
1.4761
1.3191
2.2013
2.206
2.342
2.225
1.8429
1.6402
1.9618
2.0681
2.091
2.3559
2.4261
1.9168
2.1376
2.0115
1.2284
1.9645
1.9228
1.3231
2.0181
1.8677
2.1427
2.0606
2.2293
2.0175
2.2952
1.6271
1.7993
2.1916
1.7949
1.1321
2.4185
1.9073
2.3218
1.8867
1.4181
2.0529
1.8804
2.2851
2.1596
2.1911
2.2286
1.1434
1.6884
1.3182
2.0852
2.0831
2.3446
1.8246
2.0166
2.144
2.3644
1.8139
1.8629
2.1165
1.9028
1.8016
1.7643
2.2228
2.2788
1.9432
2.2905
1.3347
1.6896
2.4187
2.1921
2.4147
2.2638
2.0009
1.5027
1.9781
1.4131
2.3299
2.167
1.8934
2.3511
2.4437
2.3063
1.9182
1.5517
2.1675
2.104
1.3812
1.7335
2.0556
2.1991
2.1181
1.6581
1.4024
1.1708
1.8877
2.1411
2.3842
1.4309
1.5762
1.2475
1.9788
2.2757
1.202
1.2268
1.4833
1.9506
2.0014
1.3847
1.5797
2.2575
1.6214
1.929
2.341
1.403
2.1915
2.4068
1.8865
1.9678
1.5557
1.5102
2.0173
2.2679
2.3109
1.463
2.049
2.4634
2.1843
1.4168
1.8776
1.7699
2.0663
1.2588
2.2372
1.3575
1.594
1.8249
1.8817
2.3597
1.7436
2.2968
1.3717
2.0379
1.5473
2.2418
2.3155
2.3286
2.1514
1.2215
1.4561
2.2007
1.5428
1.4311
1.9486
2.0949
2.2053
1.4908
1.5853
2.2333
2.2831
2.1992
1.7624
1.9864
2.0469
1.9245
1.459
1.3275
1.8663
2.0986
2.1659
1.686
2.332
2.3506
2.2549
1.8675
2.2679
1.9802
1.6391
1.9065
2.2491
1.3001
1.896
1.6252
2.0795
2.154
2.2321
1.7964
1.9169
2.1513
2.2028
2.3608
1.374
2.1255
2.1947
2.1736
2.3335
2.1879
2.0631
2.1253
2.0257
2.1674
1.9259
1.7568
1.3958
2.1746
2.3758
2.1848
2.2716
1.402
1.5137
1.4931
1.5607
2.4278
1.9046
1.8937
2.3434
2.2166
1.2668
2.2226
1.552
1.8742
2.2049
2.0515
1.1838
2.0856
2.3724
2.2779
1.719
2.0442
2.261
1.2534
1.6039
1.6075
1.7339
2.2201
2.0189
2.2939
2.0242
2.2615
2.3436
2.0874
2.343
1.5003
1.9882
1.9769
2.253
2.1247
1.7179
1.6633
2.4006
1.5038
1.9498
1.8384
1.3865
2.188
2.2437
2.2738
1.4995
1.5819
1.7746
2.0776
2.3127
2.1486
2.2291
2.0144
1.4525
2.2791
2.3503
1.8315
1.8
2.3895
2.3434
2.231
2.3478
1.8876
1.1969
1.9953
2.4527
2.1954
2.2147
1.9309
1.7915
2.1342
2.3021
2.1029
1.6466
2.3455
2.0647
1.7946
2.1878
1.3347
2.3463
1.8102
2.092
1.9817
2.0249
1.3838
2.1685
1.8539
2.3169
2.1047
2.4235
1.7973
1.1066
2.215
1.5859
2.2089
2.2847
1.6187
1.973
2.2665
2.2007
2.0156
1.8135
1.3406
1.9762
2.0212
1.7302
1.8448
2.1717
2.0579
2.0061
2.0134
1.4857
1.7349
1.4993
1.9611
2.1217
2.3856
2.3989
2.1713
2.0641
1.8419
1.5389
2.2339
2.1863
2.0623
1.4471
2.3129
2.1615
2.0278
1.9495
1.8981
1.5393
2.3908
1.687
2.343
1.6209
1.8977
1.9933
2.0646
2.4332
1.9827
1.6522
1.7639
2.3988
2.042
1.8909
2.0127
1.9575
2.0032
2.1941
2.1278
2.3849
1.6897
2.1018
2.3776
2.1746
2.0201
1.6388
2.0844
2.2954
1.6618
1.4027
1.5738
2.1503
1.5508
1.3402
1.6783
1.8912
1.9762
1.2215
1.8387
2.36
2.1354
2.2853
1.7891
1.1907
1.6513
2.337
2.3395
1.8782
1.8329
2.0984
2.2442
2.1634
1.5849
1.6728
1.8591
1.9999
2.0357
1.3636
2.2446
2.3243
1.7129
1.7812
2.3065
2.0219
1.415
2.0143
1.9385
2.1138
2.1843
1.6292
1.3585
2.1951
1.8405
1.6948
1.7167
1.9091
1.95
1.2946
2.2605
2.108
2.4039
2.1341
1.8657
1.1023
1.8324
2.2475
1.4574
1.4471
2.1319
1.5927
2.1941
1.9228
1.6811
2.3508
2.3519
2.4172
2.1557
2.3569
1.7883
2.3258
2.2391
2.1081
2.359
2.0807
1.52
2.1712
2.3452
1.2013
1.2031
1.8682
2.1472
1.7112
1.4567
2.1106
1.5478
2.2497
1.3778
1.2558
2.1347
2.2168
1.1942
2.2292
1.9316
2.1405
1.5689
1.7089
1.9879
2.1153
2.0695
2.052
2.0346
1.96
2.3498
2.2642
1.6046
2.2134
1.3612
2.2392
2.3513
1.9453
1.7755
1.97
2.2426
2.0805
2.2432
2.2327
1.4175
1.2273
2.0294
2.0363
2.155
2.1334
2.0236
2.358
1.7839
2.1549
1.8651
1.3479
2.28
2.0111
1.2558
2.0217
1.9352
1.9097
1.8868
1.5946
1.9863
1.6179
2.3274
2.333
1.913
2.3651
1.3733
2.2048
2.0694
2.0234
1.3919
1.6376
2.0266
2.3384
1.4877
1.2915
2.3036
2.2974
1.7175
1.8284
2.1688
2.011
1.961
1.7297
1.5252
1.3144
2.316
2.1645
1.7534
1.5695
2.1448
2.2803
1.9789
2.305
1.8433
1.7542
1.8379
1.5104
2.1145
1.3345
2.2755
2.0703
1.6547
1.8846
2.3212
1.924
2.2923
2.0968
1.3299
2.429
1.9749
1.6892
2.0131
2.3549
2.267
1.4762
2.4564
2.3144
1.7233
1.2507
2.193
1.7332
1.3438
2.3383
2.0685
2.147
2.1791
2.2168
2.2072
2.3684
1.4119
1.7962
1.9472
1.9656
2.1031
1.8299
1.885
2.219
2.1879
1.9618
2.3654
2.0251
1.1849
1.9935
1.4441
1.6656
2.0988
1.5153
1.5773
2.2552
2.2372
2.377
2.3416
2.3715
1.739
1.8293
1.4321
1.3975
2.1435
1.4664
2.1768
2.0899
2.4266
2.1247
1.6515
1.4744
1.3018
1.4878
2.1318
1.8026
1.5829
1.4935
2.1902
1.3716
2.1988
2.2721
2.4002
2.2427
2.4056
2.3747
2.4286
2.1567
2.0578
1.5023
1.6018
1.3957
2.0794
2.0725
1.7739
1.8161
1.5574
2.0582
1.9851
1.7904
1.7401
1.5038
1.8625
1.5325
1.5872
2.1793
2.2494
2.2927
2.4522
1.2078
2.3157
2.032
1.3247
1.8613
2.0807
2.2728
2.1695
1.2046
2.3447
1.8691
1.2116
2.0659
2.3285
1.9972
2.138
1.7417
1.9039
2.3262
1.9741
2.3354
1.8002
1.7205
1.7498
1.4743
1.3588
1.3741
1.6657
2.1982
2.2646
2.025
1.392
1.5807
1.7003
2.2592
2.1381
1.9337
2.1907
2.0441
1.6413
1.614
2.3525
1.2457
1.1361
2.0481
1.8984
1.4915
2.0803
2.062
2.3038
1.44
2.2804
1.8256
2.0271
2.3
1.8878
1.9836
1.4806
2.2649
2.3465
2.1166
2.3036
1.6566
1.3611
2.0971
1.5857
1.82
2.0431
1.9137
2.3373
2.2655
2.0872
1.3668
2.1914
2.4334
2.074
2.215
2.229
1.3827
1.9947
1.4102
1.9669
1.248
2.2646
1.6449
2.3066
2.2624
1.8078
1.825
2.2499
1.5285
1.2153
1.2452
2.126
1.7708
2.3883
1.9983
2.3212
1.6026
2.1656
2.1233
1.8074
1.7644
1.4989
2.0997
2.3595
1.8469
2.2081
1.3508
1.8309
1.4598
2.3173
1.8849
2.374
1.7917
1.8008
1.5486
1.5686
2.0424
1.8995
2.0099
1.9651
2.234
2.2964
2.183
2.3615
1.613
2.1732
2.3571
2.325
2.0259
1.5935
1.9927
2.267
1.951
1.5958
1.178
1.426
1.4568
1.9156
1.4715
1.8438
1.4204
1.3606
1.9611
2.3484
1.8066
1.8743
1.8094
1.9601
2.3569
2.0681
2.1324
1.6332
1.9138
2.185
1.9706
2.0907
1.6251
2.0099
1.6223
1.7475
2.0351
1.8532
2.2232
2.026
1.7304
1.2128
2.1401
1.585
1.8782
2.0188
1.8961
2.3544
2.1913
2.2339
2.0085
2.201
2.197
2.1009
2.119
1.5445
1.3933
2.2958
2.2988
2.1753
1.9159
1.8263
1.7507
2.3601
2.2174
1.613
1.8504
1.3405
1.7682
2.2294
1.7896
2.3695
2.4884
2.0616
2.2711
2.3212
1.8586
1.4289
1.7623
1.6462
2.2852
1.4825
2.1363
2.4621
1.8488
1.9316
2.111
2.3104
1.966
1.5885
2.1226
2.3269
2.3421
2.0762
2.3802
2.3182
2.3727
2.3618
1.7177
2.3071
1.695
1.8996
1.442
1.779
1.7577
1.4716
1.6845
1.3356
2.1831
2.087
2.3881
1.5298
1.9431
2.3237
2.3313
2.1706
2.2022
2.2877
1.9331
2.1974
1.7335
2.2111
2.0903
1.492
2.2501
2.2577
2.181
2.329
2.3362
2.0573
1.9417
2.2946
1.8142
2.0448
2.4025
2.0265
1.2774
2.2894
1.9043
2.2673
1.3108
2.4024
2.1939
1.7313
1.8599
2.1976
2.2047
1.8012
2.2062
1.4459
2.1556
2.2841
2.1317
1.4998
1.9118
1.3049
1.2558
2.3285
1.3978
1.7968
2.2854
1.7534
1.9588
2.3922
2.1302
2.2259
2.3139
1.858
1.9144
1.7506
1.305
1.3309
1.7139
2.3796
2.1249
1.5702
2.3292
2.0384
2.3742
2.4231
2.3068
1.2876
1.8051
1.8232
1.9972
1.2976
2.4037
1.8644
1.4484
2.1795
1.2378
2.1035
1.4909
1.316
2.3031
2.2907
2.2641
2.4124
2.2746
1.6542
1.4532
2.3061
2.1742
1.8985
1.9337
2.0507
1.4554
2.1417
2.0453
1.7734
1.565
2.2216
1.2539
2.3144
2.0695
2.0542
1.4223
1.4414
1.5612
2.0817
1.3761
1.3198
1.1788
1.2259
1.7456
2.0902
2.1275
2.0206
1.3039
2.1376
1.5545
2.3387
2.1728
1.1399
2.4123
1.6207
1.2777
2.2715
1.2634
2.0254
1.9502
1.3374
2.0268
2.2756
1.7247
1.639
2.1122
2.0069
1.7694
2.2145
1.7022
1.1327
2.3262
1.3495
1.2304
2.4619
2.1691
1.303
1.4653
2.4644
1.4286
2.0327
2.2707
1.3839
1.887
1.3659
1.4325
2.119
2.1667
1.8953
1.9908
2.3431
2.3315
2.2758
1.5479
2.4063
2.3316
1.8537
2.2486
2.355
2.0268
1.3999
2.0712
2.4989
2.1115
2.3838
2.101
1.4979
1.6825
2.271
2.3445
2.0622
1.7094
2.3352
2.4864
1.7052
2.2951
1.6424
2.3066
2.3775
1.7791
2.1749
2.0468
1.6244
1.7078
2.3259
2.1726
2.2927
1.4619
2.3334
1.3324
1.5269
2.3585
2.0514
1.4783
2.3251
1.7488
1.9331
1.2164
2.0934
2.34
2.3802
1.5123
1.554
2.292
1.8657
2.3572
2.0573
2.33
2.1076
2.0296
2.2298
2.3892
2.3348
2.1574
2.0339
1.5102
2.2314
2.3605
2.2097
1.9807
1.8762
1.4361
2.2383
2.096
2.2929
1.7844
2.2309
1.8086
2.1609
1.8988
2.4291
2.2479
2.4036
1.8294
2.3309
2.3766
1.3787
2.1752
1.515
1.5524
1.8752
1.696
1.4287
1.9609
1.6538
2.2416
1.6548
1.6534
2.2867
1.9769
2.1285
1.9905
1.7857
2.2025
1.4739
1.8299
2.0464
2.0468
1.9246
1.9897
2.1364
2.3294
2.0269
1.9433
1.5711
2.3308
1.9372
1.1569
2.374
1.9841
1.9178
2.3108
1.4813
1.1523
1.9616
2.0921
2.1467
1.7905
1.4287
2.2687
2.0537
1.7005
1.6743
1.912
2.4114
2.3404
2.1434
2.2511
2.049
2.0208
2.3268
2.0554
2.0027
2.2817
2.3305
1.9407
1.6997
2.0832
1.888
1.4957
1.1844
1.415
1.9131
1.802
1.9492
2.2986
1.4549
2.4588
2.3706
2.3445
2.0954
1.5483
1.6414
2.2679
1.5542
1.9
1.794
1.4171
2.2654
1.8446
2.0463
2.26
1.8146
2.2081
1.1357
1.5896
1.8444
2.0415
1.5848
1.2217
1.9557
1.3244
2.0704
1.9008
2.0179
2.0885
2.189
2.3769
2.4333
1.8505
1.4874
2.2605
1.3374
2.1202
1.9212
1.869
2.2559
2.3135
1.913
1.4681
1.5515
2.3357
2.0241
2.1847
1.4198
2.3425
1.9808
2.4516
1.9415
2.1386
1.9685
2.2873
1.4156
2.0381
2.0358
2.3178
2.2968
2.1424
1.1127
2.1843
1.6387
1.2406
2.2647
1.5977
1.9069
1.7696
1.7625
1.9315
1.3611
2.2686
1.7987
2.0638
2.0962
2.1855
2.408
1.5746
1.6198
2.2746
2.247
2.2416
2.1236
2.301
2.034
1.7442
1.7709
1.1986
2.0616
2.0106
1.8635
2.2709
1.3289
2.3639
2.2863
2.1627
1.9238
1.5419
2.1857
2.0189
2.414
2.0556
2.0829
2.294
1.8476
1.9024
2.2749
1.6462
2.187
1.8966
1.5093
1.1223
1.9522
1.4655
1.9283
2.294
1.8519
1.4165
2.0966
1.4469
2.3475
1.5948
1.4012
2.4151
2.0004
1.9058
1.648
1.8369
1.5468
1.4946
2.0394
2.0957
2.3211
1.9626
1.6975
2.3585
1.8943
1.3197
2.0302
1.6178
2.2896
1.873
2.0822
2.3747
2.2572
2.1439
2.0964
2.3712
1.6248
2.0696
1.4118
2.364
2.0386
1.7267
2.26
2.3369
1.0764
2.3349
1.9965
2.246
1.985
2.2435
2.0378
1.8404
2.3979
1.8592
1.666
2.2614
1.5781
2.3403
1.6015
2.2643
1.8321
2.0436
1.9263
1.6094
1.6988
1.4565
1.9775
2.4596
2.134
2.1531
1.5094
2.0872
1.785
1.2596
2.1983
1.98
1.589
2.4519
2.3103
2.1059
2.3453
2.4625
1.4918
2.3408
1.4674
2.3406
1.4453
2.0314
2.4591
2.2933
1.1774
2.0714
1.7061
1.3253
2.3124
2.0456
2.5097
1.9496
2.1544
1.6658
2.1097
2.4123
1.9579
2.2565
2.4525
2.1434
2.1948
1.4173
1.2351
1.593
1.9737
2.0422
1.5985
1.6713
1.8068
1.2047
1.4894
1.876
1.6587
1.9361
2.0593
2.1517
2.3434
1.6244
2.2284
1.6456
2.2701
1.654
1.6551
2.4071
2.2518
1.5147
1.5421
2.1672
2.3743
2.1415
1.3665
1.3526
1.7865
2.1915
1.8603
2.0083
1.4075
2.0468
1.5139
2.2602
2.1515
1.538
2.2587
1.2105
2.4005
2.3792
1.5988
1.3771
2.1112
1.9796
2.2394
1.843
2.2706
1.4141
2.1452
2.1744
2.2275
2.2763
1.9901
2.2117
1.6869
1.2855
2.0545
2.3865
2.1711
1.3265
2.2017
1.9359
2.2468
2.2613
2.1638
2.408
2.1935
2.2158
2.3371
1.6354
2.4367
1.3003
1.9771
2.0366
1.7665
1.3406
2.2192
1.3296
2.5046
2.2512
1.5781
1.4276
2.2756
1.1146
1.6733
2.1266
1.5168
2.3976
1.4675
1.8211
2.13
1.2285
2.3331
1.5379
1.8275
1.5353
1.4357
1.9303
1.7584
1.9938
2.128
2.2808
1.8757
1.676
1.5598
1.8199
1.4352
1.7468
1.4048
1.9601
1.6199
2.336
2.2642
2.2946
1.7861
1.8447
1.3477
1.4188
2.2302
1.2021
1.871
2.4333
2.3875
2.3284
1.4631
2.3147
2.0067
2.2142
2.1291
2.3326
1.562
2.1559
2.1112
2.4743
1.3682
2.3002
2.3505
2.233
1.8741
1.1682
1.5682
2.3066
2.3302
2.2108
2.0955
2.1922
2.2682
2.1888
2.2903
1.6585
2.217
2.0018
2.0881
1.9979
1.7425
2.4177
2.2297
1.1879
2.3784
2.1894
1.5143
1.8877
2.1425
2.1701
1.4602
1.5339
1.832
1.9673
2.1174
2.3995
2.3495
1.9906
1.5962
1.5185
2.2661
2.1682
2.0708
2.3717
1.8742
2.1544
2.0665
1.2294
1.5557
2.4076
2.2046
1.4318
2.2316
1.2267
2.3604
1.6156
2.3552
2.3352
2.4524
2.0457
1.823
2.1506
2.2113
2.2591
1.6157
1.9984
2.1215
1.7385
1.7062
2.244
2.1233
1.806
2.0732
2.4134
1.5376
1.8899
2.4447
2.0905
1.9472
1.958
1.8859
2.1471
1.905
1.4568
1.7805
1.8217
2.2642
1.8699
2.3383
2.2618
2.1752
1.5346
2.0113
2.1357
1.2684
2.1404
1.4381
1.9465
2.4103
1.3904
1.371
1.9587
1.928
1.5492
2.3213
2.2188
1.4965
2.4103
2.1299
1.6458
1.1029
2.3302
2.3349
1.9854
2.1288
2.1021
1.9568
2.0933
1.7674
1.8907
1.5275
2.3955
1.2801
1.9726
2.1166
1.7565
1.9397
1.9988
1.99
2.1148
1.1349
1.5171
1.6189
2.0691
2.1725
2.3966
1.3469
1.9317
2.3863
2.2498
1.3499
2.1228
2.1984
2.2311
1.3053
2.0625
1.8453
1.3613
1.7869
2.2869
1.8194
2.1095
1.8218
1.8368
2.3299
2.236
1.337
1.9198
2.3066
1.9062
1.8506
1.9267
2.0008
2.0281
2.082
2.1563
1.8157
1.8709
2.1728
1.488
1.8639
2.0194
2.0022
1.6756
2.0574
1.3237
2.3417
1.756
1.7466
1.3454
2.1056
2.3582
2.2216
2.3686
2.3169
1.6096
2.0636
2.1784
1.9326
1.8218
1.4238
2.2061
1.9329
2.0518
2.0981
2.3289
2.1297
2.2055
2.0796
1.6293
2.3357
2.4516
2.2738
1.3653
2.3573
2.2104
2.4796
2.3723
2.0358
1.5858
2.2158
2.3014
1.9232
1.456
1.9755
2.326
1.9641
2.1133
2.1389
2.2888
2.0111
2.2311
1.4739
1.4713
1.7785
2.5116
2.4074
2.3745
1.279
2.0542
2.0073
1.5636
2.0389
1.5019
2.3608
1.474
2.0675
2.1978
2.358
1.9821
2.2841
2.0362
2.2969
1.7347
2.3769
2.2399
1.8543
2.2497
1.4637
2.3473
1.8737
1.2369
1.9672
2.0197
1.9237
1.9044
2.142
2.1494
2.1304
2.0817
1.8638
2.2703
2.4019
1.9555
2.002
2.3217
2.0029
2.2719
1.5647
1.9276
1.896
1.4173
1.4109
2.0988
1.5764
2.304
1.7169
2.3598
1.7715
1.3812
1.8919
2.2161
1.7321
1.4794
2.1091
2.1538
2.4898
2.3019
1.3265
2.2928
1.9112
2.2545
2.0609
2.2729
2.2968
2.2709
1.6857
2.1708
2.0349
1.5478
2.2745
1.5641
1.7062
1.7104
1.9864
2.0951
1.7882
1.8144
1.8748
2.2134
1.8065
1.9625
2.2664
2.3281
2.36
2.3294
1.4212
1.7567
1.5568
1.4815
1.7939
1.8514
2.133
2.1004
1.1874
2.3154
2.3697
2.4511
1.123
2.3923
2.3853
2.0781
1.1772
1.983
2.1825
1.8407
2.3685
1.7416
1.4965
2.2325
2.0413
2.3457
1.3113
2.2567
2.2391
2.0721
1.9841
1.4738
1.8779
1.9549
1.9676
2.4502
2.143
1.2335
1.7855
2.3445
2.0199
2.1336
1.957
2.2526
1.7671
2.1531
1.9607
2.0864
2.1948
1.4823
1.6379
2.2493
1.9035
2.3155
1.4544
2.2158
2.0209
2.3002
2.3859
2.2175
2.0789
2.0887
1.3054
1.9793
1.8203
2.3163
1.9292
2.1575
2.1212
1.8292
2.03
2.0781
2.1917
1.2397
2.1331
1.9797
2.3037
1.4751
2.235
1.8459
1.4723
1.3305
2.3954
1.2887
2.2458
2.3788
1.8913
2.0217
1.8663
1.1141
1.5238
2.4861
2.2029
1.4409
1.4754
2.0181
1.5652
1.5132
2.313
2.2508
1.9015
2.1311
2.3147
2.1923
1.38
1.2423
1.6443
2.3437
2.0932
1.2655
1.3485
1.6428
2.1835
2.1039
2.1932
1.4177
1.9891
1.7787
1.9366
2.1364
1.238
2.3368
2.0291
2.3666
1.4279
1.9111
1.4238
1.2113
2.4697
1.883
2.237
1.4588
1.1961
1.296
2.0071
1.9556
2.4181
2.0185
1.6825
2.013
2.271
2.2462
1.7599
2.0655
2.2334
1.5105
2.1278
2.2138
2.0839
2.0999
1.3735
1.702
2.0776
1.3018
2.2899
2.0683
1.931
1.9541
1.7666
1.7016
2.2663
1.4142
2.0137
1.4462
2.1027
1.4683
2.0162
1.6311
2.1113
2.1124
2.1403
1.8402
2.5072
1.8142
2.3131
1.6562
1.6888
1.1939
1.8733
2.3142
2.3429
2.2373
2.0116
2.1207
1.6358
2.1028
1.8412
2.2657
1.4613
2.0692
2.3382
1.2333
2.2008
2.2733
1.862
1.3766
1.6139
1.8826
2.312
1.4794
2.3726
2.4345
2.2143
2.4039
1.3838
2.229
2.3058
1.6282
1.4363
1.8669
1.8601
1.1459
2.2497
2.0248
1.2267
1.5894
2.3873
2.3991
1.9037
2.0659
1.9932
1.8671
1.9624
1.792
2.1872
2.3305
2.0906
1.9124
1.4966
2.2589
2.0618
2.3165
2.2842
2.2106
2.1397
1.671
2.1715
2.36
2.386
1.4321
1.4282
2.2452
2.1488
1.65
1.5294
1.6624
1.4716
1.3038
2.1822
2.3192
1.9376
1.6326
1.3416
2.3656
1.3506
1.7326
2.1662
2.2734
2.2372
2.4473
1.4819
1.8939
1.6701
2.2018
1.5233
2.2665
2.4776
1.8004
1.4391
1.4407
2.2377
1.442
2.0493
1.8342
2.0165
1.8782
2.153
1.4094
2.2986
1.5634
2.4531
2.2226
1.5416
2.2501
1.4546
2.1362
1.3544
2.3588
2.3814
2.0281
2.1667
2.4605
1.365
1.9804
1.4368
1.5475
1.831
2.1959
1.5573
1.6095
1.506
2.1918
2.078
1.1381
1.9641
2.0354
1.8853
2.1012
1.3502
1.9013
2.3031
2.3512
1.9111
1.7472
1.3622
1.6307
2.3133
2.2544
2.1121
2.2659
1.4852
2.2241
2.1476
1.899
1.8022
2.2525
1.7676
2.1831
2.0531
1.5268
1.4477
2.3764
1.9651
1.9781
1.9132
1.9152
2.4316
2.3128
2.4041
2.288
2.0265
2.2662
1.5963
2.0306
1.9113
1.9263
1.2926
2.4825
1.5602
2.2451
2.0686
1.8182
2.1036
1.4903
2.1801
2.2892
2.0098
2.2632
2.2371
2.2725
1.5109
2.4412
1.9985
2.3768
1.7748
1.4459
1.7568
1.5821
2.3605
2.1342
1.5115
1.5279
2.0016
1.8769
2.106
2.2594
1.8821
1.0933
1.8192
2.1255
2.283
2.3489
2.156
1.2848
1.3756
1.2024
2.0391
1.2856
2.4112
2.0292
1.4061
1.2584
2.1321
1.9302
1.4391
1.5629
2.1426
1.9076
1.8693
2.2042
2.2263
2.1668
2.2272
1.3314
1.2689
2.0731
1.974
2.0403
2.058
1.6417
2.2792
2.1496
1.9087
1.2019
2.171
1.8208
2.1236
1.818
1.8336
1.4586
2.1342
1.6662
1.7646
2.0666
1.8101
2.0932
2.1593
1.9189
2.2352
2.332
1.7498
2.2517
2.4114
1.976
2.3874
1.9129
1.4724
1.9109
1.8645
2.0035
2.0021
1.3915
2.2418
1.5199
2.213
2.1122
2.2184
2.3341
2.4946
2.1262
1.4165
2.4215
1.4549
1.3409
2.0253
2.117
1.8086
2.2482
1.6148
1.4808
1.998
2.2073
2.0689
1.7929
2.0628
1.7052
2.0507
1.8363
1.8698
2.2544
2.2447
1.9537
2.3266
1.9069
1.953
2.3428
1.2775
1.4581
2.3955
2.1985
1.3949
2.342
2.2429
2.0271
1.5361
2.4751
2.0259
2.1959
2.3364
2.2581
1.2366
2.2299
2.0348
1.6488
2.0593
1.5888
2.1727
2.2448
1.4918
2.0807
2.289
2.2589
1.9126
1.9648
1.4105
1.3414
2.0188
2.153
1.6203
1.8001
1.2177
2.0036
2.032
2.3656
2.2695
1.8811
2.0892
2.1837
2.3833
2.4257
1.591
2.1705
1.6945
1.5411
1.1646
1.7252
1.4571
1.644
1.8721
2.2759
1.9896
1.7527
1.9624
2.2748
2.205
1.9157
2.3764
2.3191
1.6037
1.6871
1.6175
2.2897
2.3496
2.1219
2.2426
1.3972
2.337
2.0822
2.1327
1.2004
1.5915
2.1399
1.8323
1.9121
2.1262
2.4429
1.4453
1.9478
2.299
1.4795
1.4667
1.6353
1.4975
1.1143
1.4722
1.1123
1.8573
1.2296
2.3423
1.5031
2.3699
1.9598
2.2513
1.5999
1.597
1.5902
2.5311
1.476
1.6539
1.7883
1.2146
1.3772
1.782
2.0905
1.5551
2.2987
2.2076
2.0433
1.963
1.6099
1.4436
2.1966
1.597
2.0912
1.3678
1.6871
1.5641
2.2369
1.9244
2.2797
2.5013
2.201
1.4478
2.3638
2.0691
1.6737
1.418
2.2791
1.8695
1.8991
1.1131
1.1173
1.3797
2.0729
2.0381
1.4996
2.1086
1.565
2.1868
1.4779
2.0286
1.9857
1.7955
1.9182
2.1776
1.8471
2.0852
1.3314
1.2481
2.3176
2.1016
1.7756
2.4487
1.5082
2.3049
2.2824
2.0496
2.1495
1.6456
2.4019
2.2277
2.2099
1.4696
2.1782
2.2774
1.2682
1.4439
1.4449
2.0751
2.347
2.1004
2.1654
1.1529
1.3163
1.8631
2.1742
1.8424
1.7667
1.874
1.3275
1.5384
2.2689
2.2213
2.062
2.123
1.6774
1.7096
1.9671
2.108
2.2614
1.7841
1.2476
1.7696
1.3994
1.9477
1.6018
1.9128
1.4818
1.7871
2.3297
1.7609
2.2354
1.4616
1.3548
1.8352
1.9363
1.4341
2.1956
2.264
1.3778
1.5268
2.2028
2.1378
2.0504
2.3565
1.2241
2.0536
1.9733
2.354
1.4319
1.969
2.2592
1.7219
1.8436
1.815
2.2651
2.1741
1.7473
2.0185
2.208
2.0893
2.0621
1.9052
2.3294
1.978
2.1808
2.2357
2.3978
2.328
2.4303
1.9335
1.9366
1.6876
2.2394
2.345
1.5869
2.2625
1.5802
2.3907
1.4793
2.3189
2.2182
1.2045
1.8188
2.1429
2.3324
2.1481
1.3612
1.2786
1.5817
2.1498
2.2151
2.3862
2.395
2.1547
2.357
1.9743
1.4529
2.2337
1.5539
2.303
1.8553
2.2106
1.6141
2.3355
1.425
2.2347
2.0775
2.1417
1.9043
1.5097
2.1761
1.3718
1.6106
2.2038
1.6422
1.7022
2.3761
2.1053
1.8922
2.2418
2.4762
1.8978
1.5212
2.365
2.2534
2.2734
1.7367
1.4183
1.5813
2.3411
2.0603
1.8405
1.6335
2.2304
2.1882
2.1398
1.2543
2.1355
2.1457
1.9936
2.0247
1.8419
2.459
1.7546
2.3018
2.0392
1.5687
1.2955
1.9364
1.4189
1.5669
1.7759
2.0238
2.0777
2.219
1.5637
2.298
1.4498
1.7568
2.0997
1.7609
1.6088
1.835
1.5524
1.2702
1.6691
2.1231
1.6779
1.877
1.7059
2.3103
1.1065
2.2755
2.3054
2.4228
2.3035
1.9754
2.4621
1.4099
2.2096
1.8209
1.5761
2.3203
2.0096
2.1157
2.3226
1.4619
1.6677
2.3429
1.4934
1.4917
1.4777
1.8782
1.5563
2.3336
2.0431
2.4966
2.2622
1.8038
1.635
2.2703
1.7084
2.1674
2.1196
1.431
2.2721
2.3963
2.2496
2.1951
1.7657
2.0579
2.2152
2.1977
1.9467
2.1232
2.1564
2.2404
1.6705
2.3062
2.2509
1.5121
1.2237
1.975
2.0382
2.2599
1.678
1.9254
2.0986
1.9804
2.0399
1.564
1.6451
1.7371
1.3312
1.5562
1.2727
2.1357
1.5544
1.5857
1.8814
1.4198
1.7539
2.3711
2.0868
2.2538
2.3086
2.1224
1.5941
1.9942
1.8441
1.7993
2.3355
1.8266
1.4981
1.8556
2.0109
2.1702
1.9796
2.1026
1.3939
1.8917
2.1452
2.0165
2.0534
2.2628
2.271
1.8672
2.2556
2.4647
2.067
2.1115
1.4015
1.1445
1.7053
2.1053
2.2181
1.7585
2.3425
1.5046
2.3801
2.2911
2.0933
1.8381
1.8773
2.3972
1.3103
2.422
1.2696
1.3164
1.9866
1.9952
1.6331
2.1483
1.993
1.4681
2.2624
1.5301
1.6968
1.2509
2.1028
1.7328
1.9967
2.2152
1.7418
2.02
1.9303
1.5849
2.3067
2.1638
2.2026
1.6115
2.1209
1.7568
1.1122
2.19
1.5364
2.2308
2.3648
1.5468
1.9966
1.3864
1.308
2.2773
1.619
1.2809
2.0703
1.8115
2.0462
2.3843
1.9687
1.6648
1.5042
1.3003
2.1524
1.9261
2.2833
2.1183
1.838
2.089
1.6389
1.6051
1.615
2.0376
2.1081
1.9439
2.3372
1.4866
2.1502
1.5122
2.2464
1.7506
1.8044
2.3618
1.2922
2.0502
1.982
2.056
1.2966
2.0578
2.1939
1.7636
2.3697
2.0577
2.0808
2.2858
1.5482
2.4048
1.9205
2.158
1.3638
1.9766
1.9196
1.7228
1.8448
2.0277
1.9033
1.7954
2.0382
1.9667
2.3847
1.3452
1.4369
2.355
1.3952
2.3621
1.7904
1.8138
2.3223
2.4454
1.9598
2.0112
2.3651
2.3738
1.9843
1.1985
2.3499
2.4247
1.2681
2.2369
1.5828
1.5302
2.2212
1.3011
1.1566
1.7378
2.008
2.3529
1.5241
1.7729
1.3437
1.8676
2.2587
1.999
1.5425
2.003
2.2885
2.2597
1.3343
2.1717
1.577
1.402
1.6873
1.4319
1.4636
1.7934
2.1989
2.0671
1.1877
2.2297
1.5944
1.4031
2.0392
1.9703
1.4056
2.1115
2.0474
2.1927
2.0489
2.1545
1.5722
2.1509
1.2941
2.2152
1.4031
2.0594
1.6944
2.0304
2.2756
2.0402
1.9406
2.1423
1.3387
2.3344
1.6744
1.9716
2.3188
2.343
1.7199
1.8935
2.1561
2.2288
1.2172
1.4302
1.8155
1.5243
2.2451
2.3156
1.2381
2.3139
2.2313
1.2677
2.1491
1.6838
2.2088
2.2045
2.228
2.0833
2.2307
1.2663
2.3473
1.5848
2.3321
1.5089
1.8814
1.4843
1.1836
1.4101
2.3742
1.2272
2.0992
2.1663
1.5936
2.1198
1.8665
1.7966
1.5061
2.0927
1.7842
1.7399
2.1046
1.7267
2.0046
2.0658
1.5183
1.8785
2.3489
1.9957
1.3297
1.6107
2.3208
1.8412
1.3395
2.0814
1.804
2.1816
1.986
1.8405
1.4846
1.3673
2.2514
1.8554
2.2765
1.4284
2.0889
1.8415
2.4165
2.1426
1.5154
2.294
1.509
1.2952
2.1264
1.4976
2.2104
1.5817
2.2116
2.0896
2.094
2.227
1.5121
1.7037
2.3257
1.9433
1.8676
2.3305
2.2018
1.2362
2.0546
2.3485
1.4733
2.0629
1.9048
2.3081
1.1877
1.8857
1.8008
1.5008
2.1791
1.1581
2.1871
2.4074
2.0441
1.2169
1.9547
2.1093
1.7768
2.0518
1.2127
1.9839
1.4732
2.2012
1.7073
2.1185
2.0455
1.8544
2.1925
2.0359
1.5436
2.4034
2.1017
2.3656
2.1717
1.4189
2.0093
1.6194
1.5539
2.1063
2.3735
2.5208
1.6011
1.8586
1.8039
1.9483
1.9845
2.4075
2.3916
1.3663
1.9528
2.2547
2.1301
1.6453
1.2944
1.394
1.4248
1.5943
2.0496
2.5154
1.5013
1.2252
2.2401
1.8892
2.1374
1.9298
1.8343
1.7053
1.3045
2.1487
2.3142
2.2468
1.8635
1.754
1.2624
2.4689
2.1288
1.3957
1.5666
2.3193
2.2131
2.2183
1.8571
2.3065
1.4119
2.2598
2.2353
2.2679
2.3382
2.3264
1.8691
2.0334
2.3976
2.3348
2.3127
2.0633
2.1186
1.8251
2.2301
2.3248
1.682
2.253
2.3334
1.383
2.3135
1.3764
1.8643
2.1435
2.1358
1.9288
1.9447
2.0352
2.2331
1.4688
1.856
2.2228
1.5844
2.1782
2.2087
1.6267
2.0969
2.0664
2.1618
1.3895
2.0837
1.8617
2.1574
2.3841
1.8439
1.8009
1.5131
2.3952
2.3654
1.1284
1.1905
2.3116
2.3979
1.3841
2.3382
1.3479
2.2242
2.4113
2.4871
2.1088
2.2631
1.8044
1.763
1.9567
2.2403
2.3118
2.0831
2.3303
2.0497
1.5384
2.0588
1.5239
1.9794
2.3402
1.5326
1.5781
2.2487
1.7728
1.8733
1.8628
1.4651
2.0918
1.5956
1.9934
1.9415
2.064
2.1966
1.5007
1.3652
1.8558
2.3102
2.2353
2.1511
1.753
1.4994
2.0622
2.135
2.1257
1.5112
1.4434
1.6715
2.3416
1.7386
1.9765
1.4381
1.5567
1.9396
1.2305
2.2751
2.3009
2.3241
2.2004
1.4194
1.5189
1.3583
2.3564
2.0318
2.2116
1.8539
1.8754
1.5026
1.1078
1.6634
2.0521
1.9944
1.6352
2.1748
2.0075
1.8467
1.9322
2.0202
2.1373
1.4901
2.1592
1.9835
1.9224
2.0621
1.737
2.1968
2.1768
1.9229
1.9111
2.0969
1.7372
1.6067
1.7197
2.3507
1.181
2.0749
2.0889
2.2613
1.6203
1.7388
1.8215
1.4238
2.2365
2.3003
2.2474
1.7903
2.3712
1.5987
2.2243
2.2371
2.1586
2.0619
1.4424
2.0381
2.0659
2.2634
2.1704
1.5665
2.2449
1.8218
2.0182
2.3386
1.4536
2.1033
1.9721
2.3642
2.219
2.0921
2.2738
1.5698
2.0542
2.3774
1.7328
1.3658
1.9579
2.1933
2.0977
1.5693
2.1937
1.2334
1.8972
1.4505
2.2335
1.4823
2.3583
1.3868
2.054
2.2208
1.9845
1.8522
1.5317
2.3135
2.0329
2.3904
1.956
2.1017
2.1608
1.833
1.6606
2.3999
2.275
2.3719
2.1067
2.2177
2.3311
2.1491
2.4188
1.8466
2.3135
2.291
1.6585
1.7812
2.0375
2.0948
2.0027
1.8889
1.8929
2.0916
2.1782
2.0198
1.503
2.014
2.0412
2.2576
1.468
1.3213
2.1925
1.2607
2.3625
1.822
1.8612
1.9414
1.9125
2.1859
1.8687
1.9204
1.8916
1.7379
2.0528
1.5901
1.7927
1.3106
1.4938
1.2507
1.1949
2.3009
2.2198
1.6419
2.0306
2.0357
2.1582
2.1741
2.4766
1.7398
2.3162
2.3722
1.802
1.4246
2.3308
2.0605
2.332
1.3268
1.9766
2.2711
1.5558
1.5223
1.3818
1.3714
2.0191
1.8146
2.2476
2.18
2.4392
1.4753
1.8593
1.3592
1.5226
2.1597
1.6202
2.1413
1.8833
2.2716
2.2222
1.4975
2.227
1.9177
1.8276
1.8429
2.1714
1.3797
1.3939
1.3922
1.6969
2.0219
1.5351
1.5912
2.0849
1.4754
2.189
2.1468
2.3827
2.3323
2.1778
2.2931
2.3032
2.4429
2.2899
1.5997
1.1465
2.3185
2.382
2.0358
1.7247
1.875
2.3947
1.4633
2.094
1.4166
1.4508
2.1955
1.7108
2.2951
1.9521
2.3415
1.6506
2.2948
1.7899
2.2149
1.9429
2.3245
2.1764
1.505
2.4238
1.6699
1.9681
2.0781
2.0786
2.2844
1.626
1.9362
1.9974
1.214
1.8774
1.9613
1.8223
1.5848
2.1831
1.8252
2.3524
2.0459
1.4307
1.5775
1.834
1.8666
2.2598
1.4092
1.6641
2.016
2.3387
2.404
1.8329
2.262
1.6714
2.3512
2.3287
2.0296
1.3372
1.5056
2.1749
1.2714
2.1405
1.7706
2.3242
1.5101
1.452
1.725
1.9941
1.5539
1.5565
2.1953
1.3162
2.0616
2.3435
1.8909
1.3427
1.3401
1.5699
2.2107
2.0933
2.3598
1.5179
2.2406
2.1654
2.0597
1.9774
1.8608
2.1444
2.2933
2.2267
2.0129
2.1382
2.2446
2.3237
2.3907
2.1742
2.2934
2.1806
2.3954
1.854
1.9147
1.6116
1.8572
2.1846
2.284
2.0063
1.3533
2.3509
1.9018
2.2968
1.5833
1.738
1.8167
1.8383
1.9548
2.058
2.0234
2.2188
1.7884
2.3083
2.3804
2.2938
2.3467
2.1009
1.7744
2.1934
1.7302
2.1454
2.2188
2.3005
1.3608
2.1738
2.184
2.1983
2.0934
1.3642
2.0082
2.0489
1.7543
2.1554
1.4907
2.1994
1.8708
2.218
2.2549
2.3194
1.461
1.477
1.7893
2.3022
2.2319
2.1419
1.4418
1.6208
2.3104
1.7397
1.7751
1.59
2.2815
1.9807
1.6224
1.7105
2.1802
2.2453
2.4421
1.4492
2.0653
1.4727
2.1724
1.5003
2.1708
2.2929
1.2862
1.6734
2.3825
2.4496
2.243
1.9274
2.1262
2.2404
2.2962
2.3451
2.241
2.0681
2.2953
1.5696
2.1808
1.583
1.391
1.8228
1.8093
1.4888
1.3848
1.3416
2.1623
2.262
2.178
1.4683
2.137
1.6066
2.3438
1.8564
2.442
2.0172
2.2168
1.362
2.0397
2.1529
1.2521
1.8203
1.8532
1.5221
2.4232
1.639
1.5838
2.4178
1.9855
2.4294
1.9982
2.488
2.218
1.8752
1.8235
1.7187
2.3347
2.336
2.3377
1.6563
1.5419
2.2834
1.9251
2.4549
2.0412
2.292
1.7679
1.741
1.5882
1.3301
1.8961
2.2324
1.422
2.4016
1.8173
1.6024
1.6351
2.1245
2.0991
1.0708
1.5893
2.1663
1.9014
1.2779
2.1651
1.9899
2.0909
1.8804
2.2139
2.4126
2.1065
1.671
1.7504
2.062
2.3086
2.419
2.0638
1.8899
2.1529
2.0227
1.8033
1.9841
1.7227
2.2218
2.0301
2.3476
2.305
1.9393
2.2708
1.395
1.9995
2.2524
2.0218
1.865
2.2816
1.9933
2.0509
1.3324
2.0758
1.2123
2.2887
1.6174
2.1271
2.0978
2.0527
2.1835
2.2731
2.0745
2.261
2.1404
2.1378
1.8784
1.3508
2.3264
2.1496
1.8467
1.8429
2.0355
1.8721
2.0171
1.2079
1.2213
2.0884
1.9417
2.3384
2.2513
2.0115
1.951
1.8075
1.3247
2.2425
2.1517
1.5479
1.7595
1.494
1.6844
1.8128
1.6455
2.1037
2.3039
1.7319
2.0383
2.1726
2.0719
1.83
2.3773
1.4315
2.0998
2.2544
2.3279
1.6323
1.7202
1.6484
1.9869
1.4212
1.4726
2.1814
2.0743
1.4572
1.8176
1.9061
2.1085
2.4035
1.3952
1.6426
2.1476
2.3097
1.9123
2.3303
2.0125
1.8148
2.047
1.5039
1.5802
2.0626
2.3092
1.7826
2.212
2.3395
2.2638
1.559
2.4438
2.0022
2.0744
2.3199
2.1924
1.4582
2.269
1.5663
2.3152
1.5425
2.2618
2.1727
1.9038
1.845
1.8181
2.3903
2.2924
1.4571
1.6794
2.0225
1.485
1.3498
2.0016
1.7662
1.7859
1.2938
1.9722
1.5731
1.1389
2.4272
1.3904
1.3357
1.8507
2.2996
1.1293
1.885
2.053
2.1041
2.216
2.0315
2.2238
2.0846
1.6948
1.5924
2.3305
2.198
2.0918
2.3033
2.3294
2.0306
1.979
1.5705
1.8146
2.0381
1.7198
1.4481
1.6193
2.3329
1.5697
1.2752
1.4082
2.3058
1.4829
2.2719
2.0772
1.3325
1.961
1.9025
2.2567
1.3159
1.4739
2.3619
1.2087
1.7401
2.2331
1.8669
2.0801
2.0178
1.7527
1.3824
1.8751
1.9003
1.8866
2.2443
2.0295
2.198
1.5056
1.4622
2.1057
1.4791
1.5031
1.3829
1.4126
1.7541
2.0916
2.1139
1.6625
2.3721
2.3235
2.1774
1.5278
1.5888
1.9887
1.5441
2.179
2.2499
1.6481
2.3482
2.1717
1.9289
1.6042
1.4378
1.6334
1.3708
2.0225
1.4578
1.2495
1.3627
2.3328
1.4622
2.136
1.6395
1.6116
2.0845
1.5886
1.8075
2.2569
2.0117
2.3766
2.0551
2.3502
1.1188
2.193
1.7544
1.7098
1.9123
1.955
2.147
1.6695
1.9636
1.7026
2.095
2.2132
2.3609
1.8012
2.0299
2.4354
2.3389
1.5889
2.4197
2.1711
1.5123
1.2617
1.9559
1.9995
2.1856
2.1631
2.2289
1.8054
1.4325
2.0496
2.1238
1.3744
1.4835
2.3434
2.2995
2.0999
1.481
1.8155
2.2489
1.6754
2.3527
1.4731
2.0868
1.805
1.9375
1.5427
1.4533
1.6546
1.6757
1.4851
2.3425
2.2905
2.5498
2.2477
1.9471
1.7231
2.2101
2.331
1.3706
2.3406
1.6138
2.1583
2.1839
1.7434
1.7826
1.6097
2.0885
1.5337
1.621
1.5902
2.3135
2.1462
1.3336
2.0576
2.0066
2.0302
1.9386
2.2287
1.924
2.3404
1.5319
1.9546
1.9682
1.5377
1.2958
1.9499
1.256
2.181
2.1701
2.2432
1.7861
1.8009
1.7215
2.2505
2.0548
2.3373
1.587
1.2991
1.8709
1.3429
1.7395
2.2104
2.1607
1.4924
2.2464
2.4049
2.0868
2.0594
1.2314
1.6965
1.5559
1.9067
2.1974
2.2343
2.0191
1.6432
2.3565
2.2555
1.9156
2.1603
1.2757
1.6914
1.4836
1.9436
2.3645
2.3761
2.3374
1.9684
1.753
2.2279
2.2509
1.6482
2.0121
2.2294
2.0104
2.2403
1.3492
1.9434
1.2621
2.1334
2.415
1.9734
2.0118
2.3657
1.6837
2.2673
1.5832
1.1417
2.0268
1.9204
1.826
2.4578
2.3345
1.7521
1.3629
2.3638
1.9809
1.9512
1.9285
2.2524
2.1951
1.3688
2.1503
2.2761
1.5005
2.2926
2.4082
1.1107
1.4024
2.079
1.5206
2.2807
2.3381
2.1036
1.4946
2.0749
1.5615
1.6643
2.0268
2.2293
1.9921
1.8677
1.3894
1.3615
1.5655
2.2269
1.2334
2.3286
1.6927
2.0466
2.1864
2.0565
2.2267
2.2559
1.9988
1.289
2.2538
2.0687
1.5158
2.1214
2.097
2.2871
1.3946
1.8552
1.8978
2.0185
2.3918
2.0227
2.4064
1.8853
1.3388
1.9149
2.3257
2.3505
1.8809
2.0128
1.9919
1.814
2.1114
1.9465
2.18
1.8083
2.0419
2.0931
1.3395
1.8902
1.5115
1.9379
1.6802
2.425
1.9583
1.3765
1.572
2.331
2.2151
1.8939
2.3672
1.9331
1.9835
1.9268
2.308
2.3807
1.7272
1.5979
2.0071
2.0188
2.3689
1.8196
1.8595
2.3996
2.0393
1.8569
1.535
1.9778
1.5395
2.3158
1.4951
2.107
1.8059
2.0137
1.2498
2.3366
1.5766
1.8806
1.9939
1.1615
1.3264
1.4761
2.1851
1.619
2.128
2.0991
2.1292
1.9475
2.1711
1.9413
2.1607
2.3974
2.2334
1.8802
1.6251
2.3506
2.2704
1.867
2.3026
2.3665
1.944
2.4147
2.338
1.8795
2.2079
2.1309
1.5366
1.902
2.1078
2.0962
2.0628
1.6732
2.296
1.4957
1.2527
1.1684
1.4672
2.0802
2.1625
1.7628
2.228
1.7147
1.7502
2.25
1.483
1.5074
2.4027
2.277
1.794
1.7404
2.2948
1.6608
2.5027
1.7208
2.4876
2.2965
2.1511
2.1063
1.4117
1.5978
1.9697
2.2925
2.307
2.0476
1.2745
2.0961
1.3053
2.3115
2.1893
2.1331
1.7249
2.3396
1.7897
2.0298
1.66
2.184
2.1936
1.0999
2.3051
1.1291
1.5568
2.2445
2.0908
1.6964
2.1238
2.087
1.318
2.3586
2.2213
2.3921
2.1568
1.2123
1.8147
2.3086
2.1231
2.2282
1.7416
2.3781
2.3626
1.6471
2.3896
2.2071
2.1183
1.6229
2.1669
1.8011
1.9379
2.2579
2.3166
2.0871
1.9602
2.1325
1.5961
1.4696
2.1501
1.6356
1.1338
2.1242
2.0448
2.3248
2.1744
1.499
2.4793
1.6141
1.8911
2.0519
2.0296
2.0933
1.6834
2.0589
2.2346
1.5108
2.1273
1.9122
2.2934
2.1495
2.3698
1.7531
1.8384
2.176
2.206
1.4344
2.222
2.1803
1.8413
2.2427
1.9893
2.2952
2.0917
2.0439
2.4518
1.6301
2.0956
2.2145
2.361
2.2773
2.3297
2.3384
1.4185
1.2251
2.2817
2.0078
1.2928
2.3327
1.8542
1.6213
1.9284
1.7638
1.9429
1.6251
2.083
1.4755
1.6898
2.386
1.4573
1.4982
2.0727
1.8686
2.0172
2.2991
1.5775
1.5638
1.9593
1.3466
1.6736
1.8529
2.2703
2.017
1.411
1.6016
2.1972
1.129
2.205
2.2215
1.846
1.4515
1.4523
1.7768
2.048
2.2593
1.8735
1.1368
1.8401
2.0241
1.8638
1.9188
1.7726
2.1712
1.4549
1.9117
2.2489
2.3119
1.827
1.9011
1.4516
2.2761
2.0664
2.2301
1.9982
2.4244
2.2136
2.3062
1.4369
1.2285
2.1917
1.5921
2.1598
1.4141
2.0745
1.9689
2.1208
2.2141
2.132
2.1944
2.1475
1.6688
2.1753
2.3378
2.1799
2.2061
1.8445
1.8906
1.4836
1.7726
2.3373
2.2355
2.3865
2.3132
2.12
2.233
2.4493
1.0869
2.2173
2.2072
2.1995
1.7618
1.8869
1.8729
2.094
2.234
1.7239
1.9359
2.1463
1.8912
1.6513
2.1891
1.3247
1.7928
2.1634
2.0609
1.4844
1.686
1.9901
2.4835
1.8063
2.0853
2.1087
1.3824
2.0305
2.136
1.563
2.1594
1.2367
1.3627
2.1717
2.2927
2.0406
1.7387
2.3331
2.0542
2.4175
1.6555
2.1522
2.0932
2.206
2.4616
1.8752
2.441
2.1744
1.3805
1.4508
2.1147
1.9536
1.5273
1.3656
2.0395
1.4847
2.1817
2.2616
2.2465
2.1345
2.3129
1.9327
2.2664
2.1215
1.5662
1.8034
2.0995
2.0672
1.4582
2.111
2.3261
1.7331
2.3293
1.4413
1.9093
1.8525
1.1631
1.3364
2.0562
1.286
2.1571
1.1386
2.0766
2.11
1.7831
2.2929
2.2796
1.8676
2.3709
1.2653
1.6389
2.2488
1.5641
2.3589
2.3038
1.4151
1.7503
2.2124
1.3484
2.3964
1.92
1.3574
2.3027
1.9075
1.682
1.7756
2.0193
1.9932
1.4618
2.1323
2.1396
1.5255
2.1683
1.789
1.9935
1.1118
1.315
1.6428
1.4762
1.9436
2.0878
1.5245
2.1165
2.2179
1.7717
1.9718
2.2365
2.0281
2.2844
2.0157
1.9325
1.6334
2.3368
2.0984
1.9743
1.9574
1.4403
1.9679
2.3265
2.4297
2.1033
2.2291
2.3843
1.8395
1.9591
2.2728
2.2633
2.4215
2.057
2.0626
2.1868
1.8052
1.8206
2.185
1.5951
2.4754
1.8545
2.4259
2.1823
1.3536
2.4155
2.1547
2.1087
2.1383
1.0908
1.7221
2.2923
1.9395
1.8098
1.6818
1.3756
2.2109
2.3262
2.0581
1.5599
2.333
1.7312
2.2973
2.0541
2.2941
2.1728
2.2973
1.5558
1.6638
2.2692
1.6847
1.9715
2.0003
2.1841
1.5851
2.2405
2.1143
1.6666
1.81
1.7604
1.9032
2.3036
1.5018
1.2534
2.0212
2.3641
2.4165
2.1028
2.3268
2.4173
1.9816
2.2519
2.1338
1.9665
2.0096
2.2892
1.4355
2.0421
2.3812
1.4177
1.7789
2.3772
2.1905
1.5076
2.395
1.4365
1.6218
1.3347
1.6769
2.3163
2.2122
1.4491
2.2792
1.8846
2.4531
1.726
2.1032
1.9519
2.1807
2.2118
2.0563
1.5236
2.1441
1.3599
1.9905
1.8577
1.6122
1.4229
2.5025
2.2164
1.4875
1.995
1.6807
2.0199
2.2803
2.3346
1.3891
1.2953
2.0062
1.5265
1.4513
2.1902
1.5768
2.263
2.2423
1.9467
2.1175
1.9827
2.2136
2.1386
2.3321
2.1462
2.0036
2.2569
1.9596
1.3819
1.4968
2.1894
1.9337
2.0199
1.256
2.3724
1.5123
1.5131
2.3882
2.3834
2.2651
2.1627
1.8007
1.7255
1.3641
1.1547
1.8908
2.1668
2.2772
2.3396
1.9438
2.0674
2.2629
1.2836
2.0306
2.317
2.2065
2.3694
2.0382
2.1981
1.9004
2.2056
2.0329
2.3781
1.4658
1.9365
1.7941
1.5665
1.5661
1.3834
1.9138
1.907
2.0684
1.7559
2.3346
2.1941
2.062
2.1935
1.5436
2.462
1.8172
2.1061
1.984
1.8312
2.3715
1.6537
1.4211
1.501
2.1388
1.1639
1.5671
1.6041
1.9376
2.0654
2.1689
2.0358
1.8348
2.358
2.4005
1.7522
1.4383
1.4946
1.8121
2.2995
2.311
2.1939
1.5668
1.403
2.4722
1.4915
2.3078
1.5922
1.4064
2.3065
1.7364
1.7333
2.1513
2.1751
2.152
1.6844
1.4834
1.6183
1.7948
1.6991
2.1817
1.6979
2.0314
2.1651
2.2736
2.1257
2.1007
1.3139
1.8341
1.5944
2.0606
2.3288
1.4565
1.4645
1.4777
1.8633
2.0425
1.5989
1.953
2.2631
2.2813
1.5537
1.4719
1.3415
2.0994
1.2547
2.1044
1.9784
2.1481
2.3728
1.3937
1.8426
2.1519
2.1244
1.6588
2.0048
2.2154
2.3496
1.5902
1.921
1.4061
1.8254
1.9945
1.7041
1.3452
2.2438
2.2963
1.7671
2.3153
1.2537
2.3323
1.9749
1.672
1.5251
2.0727
1.8694
2.0854
2.2386
2.3336
2.2989
1.4556
1.4856
2.2496
2.1369
1.4879
2.3705
1.7198
2.0642
1.8229
1.4634
1.3672
1.6564
1.4867
2.4938
1.332
1.2721
2.2162
1.6168
1.3681
1.7944
2.302
2.3455
1.0671
2.297
2.284
2.3393
1.9895
2.0731
2.1097
1.3274
2.2888
2.3943
2.1364
2.3864
1.9955
1.3586
2.0989
1.8432
1.4247
1.8252
1.6241
2.1328
2.4361
2.3504
2.1813
2.4072
1.5711
2.186
2.1194
2.4278
1.9924
2.3066
2.0839
1.814
2.1035
1.1425
1.3915
1.4644
2.3825
1.9609
2.3092
2.0484
2.3154
2.2194
2.3284
2.2973
1.8507
2.2012
2.3845
2.0596
1.4748
2.2096
1.7589
1.9183
2.3583
1.2647
1.5838
1.6087
1.2615
2.3272
1.5584
1.681
1.9475
2.2817
1.1396
2.2263
1.5569
2.0683
2.2832
1.8651
1.9347
1.986
1.8552
2.2948
1.7174
2.1125
2.1692
2.0358
2.1542
1.7267
2.3945
2.1948
2.2247
2.2658
1.6961
1.7028
2.1625
2.2216
2.3305
2.0489
1.9093
2.0869
2.1638
2.1347
1.4263
1.1987
2.1252
2.2083
1.3142
2.1879
1.7277
2.4308
1.4304
1.8142
1.7949
1.5536
2.3131
1.8076
1.5688
2.3913
1.3216
1.1297
1.5841
1.6492
2.0327
2.2593
1.1771
1.9223
2.2985
2.2322
2.3013
2.376
2.2379
2.0327
2.1817
2.0906
2.3387
2.2575
2.3479
2.3562
2.2404
2.1586
1.4942
2.2409
2.2634
1.8266
1.894
2.0479
2.4161
2.3873
2.2891
2.2073
1.3658
2.3146
1.8385
1.7185
1.8325
1.7985
2.1177
1.2962
2.3772
1.295
2.0289
2.133
2.3796
1.3683
2.2513
1.6236
2.1145
1.6347
2.2837
2.0694
1.2794
1.5865
2.2141
2.1254
2.1448
2.0876
1.5104
2.332
2.3401
2.2821
2.0235
1.4164
1.7357
1.9139
1.418
2.041
2.3245
1.9754
2.2875
1.4278
2.4751
2.0277
1.85
1.3158
2.1678
2.0567
2.0618
1.5829
2.3544
1.4543
1.9591
2.2788
1.516
1.4333
2.418
1.9452
1.4785
2.1781
1.8223
2.276
2.0264
1.8205
2.4149
2.0367
1.9111
2.0565
2.2212
2.2594
1.779
2.3539
2.0721
1.863
1.4005
1.5153
1.904
1.7653
1.8737
1.7621
2.1273
1.7118
2.0734
2.3989
1.9951
1.9249
1.3707
1.6957
2.0279
2.2909
2.1984
1.4815
2.2243
1.2639
2.3324
1.5195
1.4352
1.4961
1.9468
2.3009
2.1132
2.3287
2.3513
1.4846
2.2971
2.2366
1.3623
1.9511
2.2306
2.2871
2.167
1.8242
2.1446
1.3675
1.8953
2.2046
2.0931
2.236
1.6296
1.9621
1.612
2.2446
2.214
2.1695
1.8796
1.7538
1.9327
2.2742
1.4777
2.0997
1.2636
1.1538
1.1721
1.8455
1.1837
2.3939
2.1121
1.8537
1.1674
1.8513
2.0801
1.1655
1.4616
2.3332
1.9432
1.6939
2.2372
2.347
1.6566
2.0069
1.3997
1.5489
1.916
2.4235
1.9041
2.4986
1.6528
2.3379
1.5685
1.9213
1.5363
1.5263
1.5499
2.1787
2.187
1.6665
2.1654
1.3891
1.9939
1.6611
2.0159
1.7437
2.2838
2.0131
2.1704
1.5692
2.2429
2.2424
1.3656
1.3139
2.3041
2.2299
2.2116
1.8794
2.1665
1.9068
2.1901
1.8292
1.2273
2.238
1.9827
2.1891
2.3133
1.5912
1.1965
2.122
2.4144
2.3883
1.7094
2.0716
2.149
1.599
1.7016
2.3179
1.4956
1.4078
1.8726
2.2843
1.796
1.3354
1.9459
1.3928
1.6043
1.2472
2.114
2.1654
1.5647
2.3419
1.6873
2.3333
1.8133
1.9783
1.7638
1.4596
1.8526
1.9611
2.3283
2.3029
1.7571
1.853
2.1631
2.3008
1.4411
1.7182
1.397
2.1815
1.3075
2.3284
1.9483
1.6787
2.2488
1.5276
2.2116
2.3325
2.2795
1.7993
2.1732
2.0785
1.4827
1.8254
2.1312
1.6602
2.0589
1.44
2.0597
1.5048
1.5666
2.2076
2.1842
1.152
1.9652
1.7287
2.3394
2.2337
2.1298
2.1463
2.3203
1.8583
1.376
2.1919
1.9978
2.0902
1.9728
2.028
1.4522
1.8088
1.4117
2.1622
2.0571
1.7397
2.3819
1.4881
1.9281
1.9978
1.9519
2.3987
2.067
1.4295
2.3567
2.1577
1.989
2.1588
2.1531
1.5294
1.6357
1.9795
1.9575
1.5847
2.369
1.8244
2.2442
2.0958
2.2277
1.1828
1.8966
2.1777
1.1451
1.944
1.7654
2.3585
1.8538
1.6
2.2237
2.2812
1.0534
2.1337
2.1738
2.1767
2.0848
1.3452
1.4594
2.0815
1.4025
2.2255
1.1268
1.2602
2.0139
2.0681
1.9703
2.1108
2.3451
1.4802
1.8174
2.2614
2.0975
1.4082
2.2786
1.8025
2.2224
1.2108
2.1283
2.2352
1.3829
1.6354
1.814
1.6863
2.2862
1.3979
2.1224
2.3276
1.8957
2.4081
1.6683
1.8476
2.1749
2.2104
1.7519
2.3693
1.8363
1.7712
2.1904
2.2717
2.0263
1.9765
1.2996
1.9917
2.0522
2.1291
1.3385
1.9702
2.0404
1.4605
2.3134
2.1258
2.0776
1.7996
1.6222
1.1685
2.1754
1.4937
1.8933
2.1546
1.7714
1.5741
1.72
2.1471
1.394
2.0026
2.3757
2.1517
2.176
2.3382
1.9407
1.6933
2.1919
2.1541
1.8261
1.338
1.8198
1.5113
2.2541
1.3886
2.1086
1.4987
2.3345
2.2958
1.4205
2.0207
2.1303
1.9274
1.4263
2.2696
2.0667
2.1269
1.825
2.0986
1.879
2.3629
2.1713
2.0826
2.2006
2.0984
2.2978
2.0737
1.4144
2.0172
2.0558
1.5201
2.1308
1.7181
2.3899
1.5723
2.3358
2.0452
2.385
1.4893
1.7383
1.9385
2.1539
2.4774
2.3358
2.0257
1.4168
1.3244
2.0694
2.2653
1.7295
2.035
1.7759
1.3054
2.1547
2.2695
2.2185
1.965
1.3263
2.3149
1.8869
1.759
2.2415
2.1531
2.4169
2.1477
2.2624
2.0301
2.3018
1.6425
2.3321
1.9648
2.2421
1.8799
1.9552
1.8974
2.2775
2.1424
1.9262
1.9754
2.2792
1.7566
2.1822
2.1537
2.4069
2.2079
2.162
1.8615
2.0051
1.3355
1.5761
2.3225
1.8301
2.3092
2.0764
1.6979
2.2986
2.0805
2.1796
1.8189
2.375
1.8493
1.5187
1.8146
1.3607
1.494
2.0087
1.8391
1.4177
1.3064
2.1954
1.6374
1.5746
2.4002
1.366
2.1994
1.4622
1.9912
2.3009
1.8837
1.4596
1.2656
2.0256
1.7719
1.7041
2.2778
1.9377
2.1467
1.9264
1.9351
1.9956
1.8513
2.068
2.1963
1.4466
1.735
1.243
2.0756
1.3929
2.3023
1.7107
1.2411
1.7289
1.2611
1.9402
2.1469
2.2824
1.7686
1.237
2.0854
2.0359
1.6533
2.2329
2.2173
1.8631
2.2644
2.2861
1.8622
2.349
1.9059
2.0124
1.2739
2.4637
2.3743
1.4201
2.385
1.3692
2.3058
1.6323
2.2136
2.3549
2.2245
1.8734
2.2649
1.9042
2.0297
1.2506
2.3883
2.4231
2.1428
1.7339
2.2348
1.7524
1.8275
2.1977
1.4261
2.1916
2.0113
1.2358
1.6247
1.932
1.916
1.9384
1.3643
1.5945
1.5723
1.8551
1.8998
1.8391
2.058
1.8824
2.2655
1.4147
2.14
1.3917
2.103
2.0457
1.3654
1.9602
2.2228
2.0074
2.0403
2.1412
2.2601
1.6215
2.2462
1.8434
2.1818
2.04
2.3111
2.3431
1.816
2.131
1.5668
2.281
1.5656
1.8594
1.389
1.4501
2.1795
1.4283
2.1665
1.3561
1.6716
1.7864
1.6018
2.1203
2.0724
1.8244
2.2192
2.2712
2.1462
2.1005
1.9429
1.8766
1.9721
2.2349
2.1808
2.3484
2.2783
2.2377
1.4621
2.1784
2.2318
2.3117
1.8467
2.2345
2.266
1.8655
2.137
1.9
1.5858
2.0154
1.5035
2.1692
2.0836
1.5443
2.3373
2.0242
2.2293
1.9376
2.3156
1.3873
2.1561
1.923
2.3224
2.2654
1.4022
2.3434
1.6904
1.1197
2.3456
1.6266
2.1674
1.8103
2.0332
1.9161
2.1254
1.9309
2.0958
1.4911
2.1054
1.5347
1.7969
2.0646
1.4734
2.3496
1.5995
1.3801
2.1418
2.2773
1.2676
1.4056
2.3664
1.8528
1.8317
1.5862
1.9237
1.1384
1.3913
2.0813
2.4138
1.8198
1.8765
2.1872
2.2929
1.4641
1.5399
2.3536
2.3345
1.917
2.0851
1.4617
1.4908
2.2029
2.3151
2.0991
1.3577
2.2631
2.1444
1.97
2.1714
2.2966
1.184
1.6672
2.3753
2.0764
1.6294
2.048
1.6951
1.4584
2.0176
1.6541
1.8934
1.9965
1.9636
2.1791
1.7257
1.8181
1.5663
2.0234
1.5497
1.952
2.2432
1.4786
1.9347
2.3757
2.3043
1.9987
2.3095
1.4631
2.1411
2.0441
1.8254
1.9038
1.712
1.3334
1.5638
2.1622
2.2651
2.3466
2.3547
2.2759
2.1311
1.8753
1.4092
2.3223
1.8736
1.6962
1.8388
1.9908
2.3165
1.4074
1.9152
1.5806
2.0727
2.5055
1.4506
2.1221
2.1597
2.0019
1.6829
2.257
1.382
2.1899
2.2218
2.409
2.385
1.4667
2.2851
1.9546
2.0926
2.1714
1.1584
2.0451
1.604
2.1253
1.7102
2.1156
1.9461
2.3252
1.2891
1.5222
1.9765
2.2297
2.1434
1.9109
1.6018
2.3105
1.4479
1.863
1.987
1.2719
2.127
1.3949
1.9027
1.7201
1.5785
1.2448
1.476
2.2255
2.2648
2.2806
2.2515
1.1927
1.862
1.4199
1.4754
1.5176
2.1201
1.8311
2.333
1.8396
1.5253
1.1824
2.0573
2.3492
2.3556
2.1097
2.1648
2.1162
2.2008
2.1358
2.0796
2.4036
2.2127
1.2868
2.0637
1.9725
1.7381
2.3422
2.0719
2.1838
2.3099
1.5326
2.1427
2.3337
1.3232
1.517
1.4715
2.3429
2.1541
1.9654
1.4399
2.2671
1.9737
2.2831
1.791
1.3602
2.2094
2.2542
1.6744
2.1195
1.7289
1.8721
1.3163
1.792
1.7939
2.1314
1.281
1.6742
1.9686
2.0106
2.0256
2.1086
1.8239
1.8718
1.4094
2.1606
1.7632
2.3043
1.1949
2.3795
1.4104
2.0469
1.6558
2.2516
2.2142
1.1589
2.1834
1.9265
2.1996
2.2595
2.2163
2.469
2.2906
2.2299
1.2323
1.4679
2.1465
1.5439
2.0078
2.1452
1.3583
1.7558
2.3105
1.7503
2.152
1.3739
2.3004
2.2092
2.3867
1.5586
2.4012
2.048
1.8202
1.403
1.7232
2.1927
1.4775
2.2835
2.2453
2.0698
2.1099
2.0502
2.2688
2.0173
2.3366
2.2334
1.5759
2.4091
2.1633
2.0794
2.1664
1.3996
2.3395
2.1731
2.1788
2.4183
1.8492
2.3952
2.3504
1.9131
2.0025
2.1271
2.1478
2.0226
2.2065
1.4885
1.3126
1.5679
1.1445
1.6957
1.4004
2.3316
2.0389
1.6206
1.8185
1.601
2.4098
1.7936
2.3461
1.7909
2.1419
1.3842
2.397
1.3289
1.5071
2.2375
2.0013
2.2847
1.9653
2.033
1.6772
2.1656
2.3245
2.1662
2.4471
2.2853
1.3741
1.8194
1.9821
1.8881
1.5336
1.8892
1.5765
2.2295
1.4457
2.0958
1.5253
2.2228
1.8616
1.7017
1.9302
2.0811
2.2644
2.3416
1.3751
1.6395
1.4023
1.8127
2.2955
1.7798
1.7548
1.814
2.405
1.9992
2.0923
2.17
2.3888
2.1707
1.7546
2.2443
1.936
2.2305
2.237
1.9653
2.085
1.3263
1.8087
1.5168
2.2297
1.9033
2.0585
1.4572
1.8836
1.4937
1.577
1.8984
2.029
1.5703
1.6359
2.1242
2.4006
2.0178
1.5974
1.2657
2.2389
2.019
2.3534
2.3078
1.4198
1.968
2.4259
1.7923
2.1653
1.7577
1.574
1.1636
1.8195
2.3381
2.0888
1.5883
1.7219
1.7335
2.196
1.8704
2.4237
2.0144
1.3723
2.0661
2.1672
1.9451
2.1515
2.1204
1.5085
2.1218
1.8571
1.7751
1.3719
1.9648
1.4958
1.9989
1.8084
1.4191
2.2086
2.0544
1.7385
2.0438
1.8741
1.9339
2.2542
2.2125
2.0916
1.2918
1.8316
2.0732
1.2648
2.1693
1.646
1.9268
2.0465
1.853
1.9458
1.9652
1.5874
2.3435
1.3992
1.9039
2.2947
1.7426
1.9227
2.0049
2.2864
2.3152
2.3027
2.1445
1.7537
1.7827
2.326
2.0367
2.1678
2.1179
1.6582
1.6272
1.5192
1.7365
2.3347
2.0907
2.215
1.9225
2.236
1.5438
1.1199
1.6747
1.7109
2.3487
1.437
2.0638
1.5619
2.0314
1.7835
1.5247
2.0397
2.3445
2.2788
1.6937
1.6797
1.3404
2.1736
2.0164
2.1468
2.2766
2.1272
1.2683
2.377
2.3717
1.2152
1.6827
2.0818
2.0513
1.8255
1.8786
1.2581
2.11
1.2345
2.1095
1.5377
1.7445
2.2656
1.4718
1.3712
2.0761
2.1886
2.0612
2.1127
1.5388
1.4397
2.1952
2.2369
1.4896
1.6943
1.5017
2.1736
2.3599
2.3
2.0996
2.0923
1.65
1.8702
2.1397
1.6508
1.7994
2.1115
1.9057
1.2898
2.2692
2.2903
2.0569
1.2711
2.3314
2.3361
1.5171
2.2076
2.2185
2.2784
1.8275
2.102
2.2212
1.8721
2.3343
2.3596
1.107
2.3032
1.9343
2.2693
1.9071
2.2245
2.04
2.3733
1.8077
1.8879
2.2937
1.4842
1.9838
1.4042
2.2679
2.3679
2.2259
1.4517
2.1168
2.1584
2.2284
2.1807
2.3845
1.8532
2.088
2.2976
1.9153
2.3256
1.294
1.1744
2.1924
1.8217
2.3509
1.8248
1.5602
2.2101
2.2159
2.2159
1.4819
2.1563
2.0193
1.5435
1.5725
1.5387
1.357
1.338
1.8874
1.2481
2.0471
2.2437
2.3222
1.9001
1.3743
1.5581
1.8523
2.1481
2.3496
1.7336
1.5362
2.3855
2.1113
1.507
1.4598
2.4041
2.3302
2.058
2.3458
1.6569
1.303
1.6011
1.7996
1.2399
1.8139
2.1991
1.5893
1.858
2.5327
1.6507
1.8469
2.1997
2.4426
1.477
1.7566
2.3804
2.2363
2.0534
1.7259
2.3111
2.1122
2.5114
1.5416
1.8367
1.9444
1.8175
1.3069
2.0995
2.1364
1.6981
1.3472
2.272
2.2426
1.467
2.3335
2.2169
2.3816
1.63
1.6962
2.2492
1.4901
2.1042
2.0172
2.1035
2.424
1.7068
1.4206
2.1865
2.1741
2.0791
2.041
1.7004
1.806
2.1898
2.1104
1.9402
2.2025
2.4019
2.2477
2.0624
2.2697
1.3119
2.3552
2.0945
1.7719
1.9892
2.4453
2.2528
2.0198
1.768
2.1561
1.8055
2.2744
2.3089
1.8144
2.4417
2.2292
1.8433
1.7375
1.1617
1.8204
2.321
1.3808
2.0547
1.6946
1.9845
1.9438
2.0514
2.2002
1.9466
2.1201
2.3902
1.9545
2.1117
2.1354
2.3373
1.5575
1.639
2.2224
1.3841
1.6582
1.8498
2.0419
2.0619
2.1093
2.2261
2.013
2.2827
1.4852
2.0299
1.6586
1.7132
2.2412
2.2719
1.4305
2.4398
1.4478
2.3633
2.3339
1.4473
1.2748
1.8898
2.2502
1.626
2.2424
2.2005
2.4675
2.0036
1.3362
2.0274
2.1206
1.7514
1.4284
1.9661
1.5935
2.1274
2.3956
2.1394
2.1668
1.3996
2.096
2.1777
2.2139
2.3106
2.0493
2.1243
2.0661
2.4328
1.7752
2.1055
2.2188
2.2793
1.9075
2.0886
2.0973
1.5814
2.2705
1.9815
1.5994
1.3877
2.3163
1.8221
1.24
1.489
2.2425
1.8417
2.3461
2.2031
1.5826
1.8925
1.7458
1.7962
2.3141
1.5254
2.0534
1.3402
1.7386
1.5101
2.0328
1.9781
2.1699
1.5622
2.2961
1.8428
1.6764
1.1261
2.3523
1.2491
2.1875
1.6551
2.1334
1.7349
1.7637
1.3579
1.8801
1.7634
1.7963
1.206
2.1649
1.2404
2.3473
2.3631
1.863
2.0799
1.7903
1.8156
2.3025
2.0308
1.7466
2.194
1.8853
1.6701
2.3855
2.3908
2.394
1.508
1.3348
2.3428
1.9744
2.116
2.2193
1.8863
1.8518
1.8046
2.396
2.4093
1.946
1.72
2.3942
2.3649
2.0671
1.9194
1.3688
1.4472
2.1359
1.8455
1.9773
2.1929
1.384
1.4345
2.0819
2.3961
2.1148
1.1394
1.4999
1.3199
1.8969
1.9895
2.0509
2.0167
2.2546
1.5633
1.6422
1.6293
1.846
1.3292
1.3428
2.1788
2.2746
2.3761
1.4995
2.2835
1.3783
2.3265
1.655
2.3915
1.7725
1.8777
2.1888
2.3684
2.2798
1.4133
1.2166
1.9336
2.3057
2.3777
1.7377
2.0757
1.3805
2.0615
1.4096
2.2857
1.3478
1.8729
1.6916
2.2763
2.2789
1.4212
1.3746
1.7901
2.0179
2.0003
2.2557
1.9881
2.1532
1.6568
2.3743
1.6527
1.5488
1.5277
2.2322
1.3005
2.1911
1.2138
1.8395
2.2694
2.1659
2.254
1.9354
1.2618
2.0549
1.1561
1.7121
2.5076
2.0929
2.2689
2.2
1.8795
1.7023
2.0348
1.7457
1.4261
2.1831
2.345
2.1393
2.2889
2.2094
1.849
1.3803
1.5271
2.2795
1.7145
1.4885
1.8347
1.959
1.8845
1.7811
2.1541
2.0987
2.216
1.6879
1.7291
1.7581
2.415
2.1827
2.2206
2.3327
2.2443
1.8639
2.1391
1.5916
2.4136
1.1227
2.0426
1.3307
1.8937
2.1985
2.1204
2.1616
1.6092
2.1006
2.1231
2.0805
2.3505
2.1394
1.551
2.0912
1.8475
1.5218
2.2984
1.6255
2.1064
2.0196
2.0738
2.3943
2.208
1.1358
1.6695
1.9498
1.6727
1.4928
2.0491
2.3509
1.9168
2.4435
1.913
2.2454
1.9701
2.278
1.738
1.7009
2.2525
1.0579
2.3362
2.3009
2.4588
1.7375
1.8667
2.2255
1.6517
2.3132
2.2855
1.5912
1.9502
1.4401
2.3403
1.8283
1.4225
2.3821
2.0064
2.4104
2.3376
2.1321
1.2009
1.8218
2.1931
2.0547
2.2603
2.2892
2.36
1.8526
1.3762
1.4992
1.8449
2.1782
2.0402
1.8325
1.9845
1.9419
2.2375
1.796
2.0986
2.347
1.3392
2.3513
1.1849
2.2651
1.764
2.2398
2.1796
2.0906
2.0387
1.8174
2.3277
1.9083
2.3291
1.1082
2.1333
1.9599
1.5894
2.1616
1.7874
1.6794
2.4457
2.4008
1.4837
2.2849
2.0142
1.8851
2.3242
2.145
2.2588
1.9367
1.3072
1.8883
2.207
1.3354
2.3118
2.0796
2.3803
2.065
2.3073
2.0783
2.3863
1.8598
1.2216
1.9077
2.3375
1.9108
2.2846
2.2749
2.3458
2.0466
2.0044
1.7282
1.7927
2.3638
1.5727
2.014
2.147
2.2712
1.7115
2.0225
1.4045
1.376
1.9316
2.325
2.3413
2.3025
2.1466
2.0236
2.0781
1.893
2.2046
2.1226
1.4374
1.696
1.8799
2.3087
1.6724
1.2293
2.1312
1.746
2.3559
2.3506
2.311
1.8135
1.2766
1.0886
1.9145
1.4284
2.2055
2.2968
1.6548
1.5647
2.2033
2.259
1.535
1.4475
2.3933
2.237
2.0031
2.1379
2.0468
2.3561
1.8144
2.1753
2.2419
1.3832
2.2612
1.8457
2.3534
2.3273
1.9804
2.1561
1.3146
1.7141
2.467
2.1938
2.1203
1.6741
1.229
2.2902
2.2048
1.541
1.7505
1.9374
1.5643
1.9097
2.2234
2.3347
2.0692
1.3387
2.0197
1.7439
2.2351
2.423
1.8936
1.1792
2.1976
2.2567
2.2594
2.1239
1.9459
2.0394
2.4238
1.9094
2.0592
1.4403
1.913
1.7737
2.3265
1.4429
2.1254
1.4881
2.3921
1.353
1.8047
1.984
1.844
2.1419
2.258
1.7854
1.6435
1.4295
2.2195
2.3671
1.7956
1.923
2.3347
2.366
1.3889
2.2158
1.6908
2.0578
1.9449
1.4872
2.2921
1.5659
2.2345
1.5186
1.8828
2.2118
1.9418
2.0289
1.9461
1.8335
1.4578
1.8902
1.1756
2.0929
1.426
2.1219
1.8582
1.4672
2.0952
1.9087
1.307
2.1724
2.2638
1.4424
2.3656
2.1127
2.2646
1.825
2.338
2.0903
1.5395
2.2938
2.1142
1.5088
1.9579
2.0095
2.1869
2.2218
2.2632
1.126
2.0109
1.5744
1.8693
1.9995
1.7444
1.7283
1.7547
1.4916
2.4639
2.1402
2.1784
2.1847
2.1705
1.7361
1.329
2.2671
2.0775
1.9336
1.1356
2.1818
1.9504
1.6615
2.0282
2.1453
1.2004
1.86
1.7511
1.7345
1.4825
1.5089
1.3035
2.1499
2.2292
1.3731
2.0471
1.9833
2.1546
1.524
1.4997
2.3484
2.2529
1.4512
1.5897
2.293
1.4536
1.9587
1.9755
1.4434
2.1576
2.3845
2.1883
2.0216
2.2751
2.3444
2.1915
2.1433
2.0893
2.083
2.1298
1.4346
2.1698
2.0971
2.0809
1.909
2.2743
1.3442
1.9577
1.3765
1.3958
2.1382
2.3139
2.329
2.0783
2.2171
1.8591
1.893
1.6797
1.9477
1.9751
1.9593
1.8054
1.4575
1.5779
2.3488
2.4784
2.2195
2.3693
1.4777
1.5665
1.8075
1.6348
1.7319
2.147
2.2548
1.8209
2.0818
2.1884
2.3935
2.0533
1.9535
2.2832
1.9393
2.3111
1.6948
1.4585
1.3618
1.9701
1.5445
2.1423
2.0997
2.3431
1.3389
1.6538
1.9703
2.2963
1.6751
2.2641
2.4155
1.6975
2.1415
1.9977
1.5893
2.015
2.1469
1.907
1.8885
1.6329
2.2463
2.1973
2.3425
2.1635
2.3164
2.1556
2.2709
2.2291
2.2599
2.1025
2.1133
2.2758
1.5529
1.9984
2.235
1.3951
2.0716
2.1776
2.0868
2.0965
1.8318
2.2846
1.2658
1.4058
1.3895
2.2704
1.924
2.0146
1.7538
1.9524
1.8649
1.9991
2.3479
2.2718
1.4909
2.2801
1.9249
2.0315
1.4758
1.2747
1.5975
2.0468
2.3698
1.4471
1.9746
2.0025
2.2014
2.3519
1.8679
2.3452
1.5449
2.1488
2.3887
1.7787
2.2889
1.8056
2.0494
1.8836
2.2781
2.3747
1.5923
2.32
2.2423
1.3406
1.2771
2.2149
2.3494
1.2975
2.2558
2.2928
1.9746
1.7628
2.1061
2.2834
1.8736
1.1885
2.1844
1.5548
1.8259
2.2279
2.1252
2.2018
1.3939
2.3504
1.8354
1.788
1.5244
2.1167
1.7644
1.9902
1.4443
1.8106
1.4512
2.1959
2.3192
2.1957
1.5278
2.0774
2.3398
2.4201
2.1716
1.8327
2.0036
1.7926
2.0822
2.2317
2.0884
1.2875
1.8843
2.2923
2.0346
2.0526
1.7997
1.348
2.0969
1.9161
2.3925
2.0757
2.2402
2.2648
2.2749
2.1716
2.2897
1.9501
1.371
1.5748
2.1365
2.3865
2.2106
2.2842
1.3522
2.2883
2.3383
2.1911
1.9337
1.2301
2.3023
1.7493
2.0579
1.636
2.0036
2.4227
2.3069
2.2462
1.2572
2.1719
2.4583
2.0203
2.2473
1.677
2.4214
1.8632
1.8116
2.268
1.3391
1.6075
2.1916
2.3733
1.5296
2.0262
1.9229
1.487
1.9514
1.972
1.8865
1.9451
2.1989
1.8404
2.0722
2.2752
2.2059
1.304
2.1626
2.1102
2.2454
1.5507
1.979
2.4894
1.3423
2.378
2.0078
2.3646
2.3742
1.6698
2.1755
1.9893
1.9938
2.1228
2.0787
1.8303
1.4281
1.4872
1.5936
1.1781
1.4067
2.431
2.0109
2.2457
1.7303
2.1419
1.8101
1.6072
1.4582
1.6276
1.2041
2.0156
1.9367
2.2027
2.1959
1.5474
1.7679
2.2873
2.037
2.1294
1.6539
1.3406
2.1164
1.3193
2.3634
2.3736
2.4198
1.56
1.3965
2.3232
2.0362
2.1815
2.3243
2.2082
1.6358
2.2563
1.9345
1.9229
2.3161
2.2636
1.9999
2.0616
2.0418
1.9189
2.0564
1.856
1.2706
1.739
2.2628
2.4246
2.1084
1.5664
1.635
1.7458
1.2544
2.4555
2.1131
1.4302
2.3752
2.3552
1.7964
2.2195
2.1415
1.5738
2.2942
1.9383
1.8573
1.9078
2.3534
2.0484
2.1848
2.0249
2.3277
2.3671
2.4479
1.8018
1.3695
1.4728
2.1617
1.4488
1.2426
1.782
1.2882
1.9024
2.429
2.3395
1.6923
1.4717
2.0452
1.8321
1.8156
1.4989
2.2497
2.1353
1.1924
1.458
2.2233
2.3372
1.8258
1.7925
1.5014
1.3425
2.371
2.2164
1.8238
2.0556
1.9977
1.8895
2.3397
2.0087
2.1934
1.3798
1.3506
1.5103
2.1349
2.1792
2.3261
2.0158
2.4033
2.17
1.5278
2.089
2.2424
1.3967
1.8581
2.1024
2.0353
2.0488
2.214
2.1377
1.7241
1.6414
2.0637
2.1246
1.6304
2.0412
2.3319
2.0925
2.04
1.8227
2.1984
2.0688
1.6786
2.2499
1.3738
2.1733
1.7072
1.8467
2.1358
1.701
1.7308
1.8744
1.4302
2.3426
2.3565
2.2889
1.4202
1.7411
2.3732
1.4421
2.0766
2.2506
2.2278
1.4071
2.0649
1.3813
2.2414
1.7879
1.5808
2.1422
1.7242
1.8463
1.8943
1.9578
1.4853
1.8544
2.3493
2.322
2.0255
1.2591
1.3899
1.784
2.0955
2.3833
2.1773
1.9959
1.9367
1.7269
2.0715
1.5644
1.2975
1.4039
1.6533
1.2724
1.5144
1.5075
1.5899
2.1271
2.1487
1.4659
2.3369
2.1026
2.3168
2.1296
2.1478
2.1521
1.4886
1.3457
2.0124
1.4609
2.0527
1.8419
2.2749
1.9426
2.086
1.8478
1.562
1.9371
2.1512
2.2336
2.2457
1.7357
1.3376
1.7627
2.4722
1.8152
1.9796
1.7364
2.3415
1.8316
2.0991
2.0816
1.9152
2.0899
1.8345
1.4493
2.1465
1.6847
2.4424
1.2749
1.3407
1.8867
2.1198
2.1921
1.7626
1.6125
1.9943
1.7147
1.5862
2.0554
2.1103
2.3342
2.2142
2.2627
2.2722
1.6774
1.452
2.0974
2.0987
1.164
1.9827
1.9335
1.6353
2.1987
1.8716
2.0415
1.2954
1.3236
1.9538
2.038
2.3954
1.7646
2.1845
1.8555
1.329
2.2996
1.2314
2.2481
2.0124
2.3766
2.432
1.9023
1.3822
2.1831
1.2971
1.72
2.2541
1.9291
2.0946
2.3466
2.3677
1.5143
2.0607
2.2894
2.1309
2.0123
1.5185
2.1215
2.0247
1.7044
2.0326
1.8854
1.7322
2.0514
2.0153
2.04
1.3275
2.3423
2.1599
1.9803
1.731
1.381
1.3676
2.4353
1.6819
1.475
1.8245
2.1037
1.7655
2.0128
1.4369
1.1637
1.6333
2.3644
1.0998
2.2329
1.4872
2.1148
2.2629
2.2021
1.682
1.7524
1.7946
2.1029
2.1788
1.9749
1.7014
1.8322
2.0077
2.1146
1.3221
1.3258
2.0431
2.2384
2.2868
2.0339
2.2897
1.9842
2.182
2.3534
2.4599
1.8635
1.9616
2.0425
1.9742
2.1566
1.6446
2.2251
1.5674
1.6324
2.2455
1.9545
2.111
2.3634
2.0464
2.4158
2.3068
2.3342
2.2132
2.1266
2.2464
2.1741
1.4034
1.8434
1.407
1.1315
1.4599
1.4071
2.3092
1.6766
2.2495
1.5669
2.3262
1.9954
1.7814
2.2248
1.9589
2.2204
2.3035
1.9966
2.1811
2.475
1.6571
1.3806
1.4863
1.3495
1.9619
1.981
1.5581
1.6349
1.6625
2.2781
2.0966
2.0479
1.1547
2.3725
1.9432
1.5352
2.1067
1.389
2.0299
2.4492
2.1759
1.9814
2.3186
2.3665
2.1032
2.2146
1.583
2.1667
2.3337
1.8623
1.2106
1.4076
2.0291
2.2775
1.7807
1.4263
1.4712
2.3395
1.2147
2.3002
1.951
1.5432
1.9106
1.7468
1.8588
2.374
2.2123
2.1909
2.3393
1.7965
2.1807
2.3256
1.912
1.8811
2.0031
1.7888
2.2892
2.3875
2.1924
1.8657
2.2705
1.6231
2.4073
2.0215
2.1418
1.6256
1.9092
2.2433
1.5404
1.6646
1.9972
2.2694
2.1652
1.9995
2.3776
1.3252
1.81
1.608
1.6279
1.3788
2.3423
1.6897
1.7655
2.096
1.7323
2.35
2.3429
1.4351
1.9106
1.7199
1.7593
2.1941
2.1234
2.3389
1.9951
2.318
1.7401
1.4679
1.735
1.9301
2.2538
1.8558
1.2292
1.1078
1.7208
1.5342
1.9948
1.9135
1.7335
1.7715
1.4228
2.3947
2.1045
1.5089
2.1582
2.288
1.6576
1.4992
2.0778
2.2302
1.8523
2.159
1.9852
1.7937
2.462
1.9485
2.2011
1.7606
2.2234
2.0719
2.1464
2.2248
2.1526
1.841
2.4115
2.3965
1.2087
1.1651
2.1283
2.2802
1.8763
1.8358
2.2239
1.1456
2.1359
2.3162
2.3441
1.8656
2.217
2.3348
1.7477
2.0607
1.7052
1.3982
2.071
1.6192
2.3482
2.1666
2.2352
2.1091
2.3901
2.3206
2.1637
2.2558
1.9346
2.3026
2.0769
1.3813
2.2497
1.7989
1.7791
1.6619
2.1775
1.8982
1.726
1.6969
1.4104
2.3818
2.288
1.3574
1.5456
2.2591
2.3901
1.7355
2.276
2.2927
1.7473
2.2315
1.4643
1.7974
2.1906
2.226
2.044
2.3352
2.366
2.1951
2.4026
2.1041
2.0757
2.3534
1.5953
2.0779
2.34
1.9703
1.7547
2.2
2.2221
1.8896
1.8349
2.279
1.976
2.4175
