1.7647
1.9803
1.517
2.0611
2.2431
2.0352
2.155
2.0215
2.3712
1.8819
1.2995
1.721
2.159
1.3447
1.7476
1.5636
1.8485
2.0076
2.3281
2.0709
1.5001
1.7409
2.1852
2.126
1.4008
1.9182
2.1728
1.7359
1.439
2.2432
1.4034
1.602
2.0674
1.6291
2.172
1.9905
1.8298
2.1734
2.1022
2.0246
1.7919
1.7498
2.2373
2.0233
1.6842
2.1163
2.3756
1.7547
1.947
1.8937
2.3426
1.8227
1.9197
1.3737
2.385
1.7066
2.1577
1.7226
2.2098
2.1724
1.6193
2.0311
1.3717
1.4188
1.5272
2.1036
2.3857
1.7325
2.0601
1.34
1.7287
2.3452
2.019
1.6793
2.1826
2.0358
1.9087
2.2065
1.5064
2.3126
2.2839
2.3339
1.8535
2.2218
1.8739
2.224
1.4893
1.277
2.1415
1.4849
1.5764
1.4108
2.2055
2.3634
1.5475
1.3092
2.0138
2.0195
2.3925
1.6613
2.1368
1.5818
1.7309
1.5452
1.9236
1.7407
2.1598
1.6049
1.8161
2.0214
1.5277
2.308
1.9289
2.1341
1.9927
2.0782
2.1649
2.1828
1.805
1.9555
1.5111
1.3115
2.0615
2.0947
1.8418
1.9245
2.5031
2.4342
1.9926
1.502
2.2289
1.3178
2.2447
2.0515
1.9874
1.9323
1.7424
2.226
2.1403
2.3149
1.9307
2.1592
2.0791
2.2494
2.1768
1.4734
2.191
1.9801
1.9392
1.5637
1.5323
2.1583
2.2415
2.2403
2.3197
1.6394
2.2428
2.1719
1.7873
1.5194
2.1375
2.2354
1.8099
2.3186
1.8129
2.1977
2.2809
1.632
2.0002
2.1619
2.4291
2.0663
1.4526
1.4191
1.4882
1.934
2.2882
2.3456
1.5255
2.2729
2.0785
2.0292
2.0584
2.0941
2.0641
1.4293
2.1315
2.2547
2.1284
2.3339
1.9576
1.7488
2.329
1.6013
2.0084
2.0361
1.4685
2.1872
2.174
2.1824
2.2557
1.3103
1.6617
2.1816
1.4524
1.478
2.2713
2.0471
2.1559
2.2564
2.152
2.1968
1.6198
2.0459
1.8361
1.4141
2.4806
1.5583
2.3313
1.3982
2.1851
2.0495
1.8671
1.5578
2.1398
1.9071
2.1865
2.0628
2.3778
2.1498
2.2749
2.1487
1.9895
2.269
1.6808
2.1545
2.2926
1.7391
1.7659
1.9209
2.2546
2.12
1.9869
1.4816
1.8406
1.5314
1.8991
1.9061
2.2578
2.2491
1.9654
1.9739
1.8821
1.4555
2.139
2.2532
2.0745
2.3661
1.2114
1.2559
2.4142
1.7363
2.0822
2.1127
2.1361
1.245
2.2831
2.2901
2.1578
1.9057
2.0502
2.2241
1.9738
1.5571
2.2457
2.3529
1.7646
2.0772
2.2187
2.0982
2.1519
2.1411
2.0873
1.9104
2.1859
2.3982
2.3609
2.0438
1.8761
1.6685
1.9229
1.3952
1.6219
2.3709
1.9448
1.9022
1.9216
1.6068
2.1472
2.2815
2.2144
1.7565
2.0171
1.9253
2.0086
1.3643
1.4733
1.9335
2.3746
2.2873
1.9374
1.8838
2.2082
2.3108
2.1865
2.1302
1.5396
2.2279
1.9737
1.3632
1.1981
2.1374
1.6709
2.1566
2.2233
2.0916
2.2928
1.9415
1.4467
1.6088
2.3921
1.5538
2.2927
2.0071
2.2817
2.0687
1.4126
2.1867
1.5021
2.1793
1.758
2.143
2.1061
2.2696
2.3436
2.3096
1.3673
1.9608
2.239
2.1717
2.2452
2.1484
2.0534
1.7126
2.2279
2.1641
1.9156
2.4077
1.5496
1.9464
1.3471
1.8478
1.4457
2.099
2.0681
2.3045
1.3251
1.6964
1.8577
1.5911
2.3622
2.1497
2.2634
2.0649
1.3997
1.5079
2.2119
2.0923
1.7599
1.4293
1.2582
1.2249
2.054
2.2064
2.1963
1.526
1.8137
1.3276
1.1771
1.1733
2.0966
2.1325
2.1698
2.1039
1.4904
1.9856
1.5069
2.2989
2.3115
2.2955
2.1105
1.712
2.2614
2.3048
1.5229
1.9785
2.2179
1.728
2.3153
2.3042
1.4345
2.1536
1.9038
1.9178
2.3691
1.6173
1.9218
1.8828
2.3707
1.8041
1.513
1.7696
2.1428
1.9995
2.1418
2.2657
1.968
2.2414
1.7011
1.3087
1.8739
1.666
1.9379
2.0838
1.7818
2.2328
1.5057
1.7831
2.2488
1.6782
2.1972
2.2192
2.364
1.5144
2.053
1.651
2.192
2.1609
1.9135
1.5346
2.1469
1.852
2.3077
2.1729
1.899
1.6319
2.3502
1.8802
1.4263
2.0528
1.9265
1.4823
2.3875
2.202
1.9372
1.6565
2.2418
1.3791
2.3263
1.4426
1.9486
2.3859
2.1877
2.0346
1.9857
2.0975
2.3641
2.0668
2.285
1.9737
2.3209
1.1419
2.0627
1.5992
2.222
2.0029
2.1824
1.7522
1.9466
2.1304
1.7065
1.7323
1.6245
2.0489
2.1958
1.3435
2.2267
1.4928
1.3895
1.5997
1.4945
1.3925
1.6177
2.3282
1.9761
1.8762
2.397
1.6816
2.3043
2.2299
2.1113
1.4381
2.0943
1.8709
1.9129
2.0953
2.1148
2.0456
2.1394
2.1975
2.0474
1.7704
1.9776
1.2923
2.0248
1.666
2.3524
1.6487
1.4192
1.497
2.1732
2.2603
1.6208
1.8331
1.9642
2.2662
1.7855
2.4531
2.0709
2.3232
1.8985
1.8809
2.1779
1.9972
2.119
2.3318
2.0327
1.5348
1.8094
1.7782
2.2115
1.9036
2.2159
2.4003
1.7317
2.3202
2.0353
2.1032
2.0572
1.5796
2.1968
2.0867
1.9972
1.7427
2.2723
2.1843
1.9352
2.3809
1.4317
1.096
2.144
1.5785
2.1836
2.1814
2.3313
2.4322
1.8171
2.0941
2.1591
1.9885
2.3735
1.7433
2.0837
1.763
1.3106
2.3967
2.1003
2.3996
1.8989
1.7709
2.3055
2.2343
1.7679
1.8831
1.5012
1.8397
1.8648
1.5074
1.751
2.3458
1.43
1.8072
1.575
1.6277
2.1467
2.2522
2.189
2.1952
1.9909
2.1824
2.2669
2.2035
1.2166
1.5565
2.3294
2.2213
2.2033
2.1272
1.4121
1.9292
1.4636
1.5107
2.1352
2.1654
2.2322
1.4394
1.9727
1.1925
1.9182
1.6269
1.4354
2.0356
1.6526
1.7504
2.3437
2.2294
1.292
2.2526
1.3786
1.8896
2.2857
2.0569
1.558
1.7197
2.3366
1.8973
1.4882
2.1716
1.9463
1.6003
2.0827
2.3117
1.5997
2.29
2.1714
1.4934
1.8378
1.875
1.5712
2.1069
2.1658
2.5032
2.2979
2.0126
2.1518
2.2237
1.5176
2.1519
1.5974
2.1928
1.4049
1.3251
2.007
2.1901
2.0866
1.5332
2.3267
1.7221
2.0904
1.4714
2.2653
1.9704
2.329
1.6139
1.5135
1.9928
1.4619
1.0725
2.1852
2.2729
1.5282
1.387
1.6202
1.7137
1.5465
1.7037
2.277
1.8619
2.0486
2.3022
2.1928
1.6883
1.1145
1.4186
2.2723
2.067
2.2431
2.1168
1.2753
1.9483
1.6273
2.1785
2.087
2.0446
1.5682
2.3522
1.8727
2.3969
1.369
1.3129
2.2794
2.0377
1.6485
1.8138
1.4523
1.716
2.1641
1.7989
1.6443
2.3327
2.2731
1.7774
2.0394
2.0487
1.6492
1.5135
1.7561
1.4476
1.8707
1.5441
1.9297
1.9608
1.9726
1.4519
1.871
1.3493
2.2348
1.5702
1.4595
2.0394
2.4278
1.8124
2.2684
2.1265
1.4873
2.3767
2.2126
2.3288
2.0947
1.6219
1.7817
1.2788
1.4707
2.3005
1.8494
2.0681
1.9484
1.4851
1.8436
1.8353
2.4052
1.611
1.3505
2.2275
2.2766
2.0991
1.8008
1.3894
1.4496
1.8701
2.3749
1.8977
1.5792
1.3466
1.9956
2.2107
2.1196
1.5557
2.1602
2.4194
2.2268
1.639
2.2711
1.6819
1.4344
2.2246
1.8427
2.1828
1.8114
1.7941
1.257
2.2071
1.8143
2.2426
2.0058
1.2403
2.0762
2.354
2.3021
2.2635
1.8524
2.3063
1.9377
2.3348
1.4784
1.9193
2.1468
1.7708
1.8705
1.3193
2.0017
2.3785
1.3443
1.9658
1.2058
1.4589
2.1101
1.6093
2.3878
2.0397
1.9219
1.8899
1.6329
1.7853
1.9735
2.239
1.7351
2.2238
2.2989
1.6317
1.6925
2.3015
2.197
2.0557
2.0853
2.1742
2.1447
1.6418
2.0203
2.0002
1.1885
2.438
1.7907
2.3307
1.9415
2.38
1.2039
1.9667
1.9809
1.199
1.9917
2.1504
2.0387
1.7359
2.2678
2.366
2.2867
1.4191
2.2428
1.6729
2.1921
2.1122
1.4794
2.0369
1.9239
2.4437
1.6499
1.3869
2.4591
2.2048
2.3355
2.1427
1.5156
1.725
2.3434
1.5139
1.9739
2.2742
1.8887
2.1656
1.8127
1.7045
1.64
2.424
2.1384
2.356
1.7861
2.3371
2.3223
2.0901
2.0012
2.1774
1.6948
1.4705
1.6826
1.703
1.7704
1.1146
2.2314
1.7125
2.4287
1.9774
1.1176
1.4554
2.3169
2.0946
2.3496
1.5291
1.7011
2.1437
1.8355
1.9951
1.5345
2.2575
2.0488
2.2398
1.9279
2.3133
1.9832
1.5806
2.2372
1.9835
1.8652
1.7191
1.3298
1.7154
1.4717
1.8002
2.1723
1.4567
1.6541
2.2227
1.9858
1.4883
1.5349
2.0685
2.1817
2.1891
1.5248
2.3214
1.8866
1.8152
1.471
1.9457
2.3726
2.145
2.2452
2.3823
2.1195
1.2533
1.9435
1.9552
2.3664
1.9118
2.2782
1.4347
1.6873
2.1875
1.3721
2.1617
2.4603
2.1724
2.3412
1.9095
2.1897
1.8866
1.5161
2.0814
2.1456
1.4281
1.7121
2.3047
1.9845
2.2411
2.2668
1.8396
1.2654
2.0259
2.0151
2.3333
1.7335
2.3255
1.2093
1.3151
1.7243
2.3453
1.7073
1.643
1.8489
2.3639
1.9753
2.2918
2.1346
2.4382
2.0865
2.0623
2.0753
2.1317
1.5184
1.893
1.756
2.2565
1.6456
2.07
2.036
1.8723
2.0977
2.2631
2.2728
1.3203
2.0614
2.054
2.0813
1.9132
2.2305
2.2644
1.3178
1.805
1.475
2.3093
1.5025
1.8742
1.4093
1.8526
2.2787
1.8489
1.314
1.6552
2.1899
1.3788
1.4153
2.3448
2.1376
1.1433
2.1473
1.8186
1.8365
1.428
1.5845
2.1572
2.27
1.9527
2.209
1.8089
1.562
1.7745
2.0882
1.8482
1.7197
2.4095
1.5503
2.3261
2.475
1.2757
2.2809
2.0449
2.2994
2.2845
2.2519
2.0277
2.0343
2.0182
2.4091
2.4745
1.8952
2.1507
2.0059
2.2751
2.2291
1.4919
2.1451
1.7956
1.6477
1.7338
2.3218
2.2887
2.0792
1.7461
2.3506
1.9995
2.3597
2.3495
1.4009
1.9359
1.7764
1.7435
1.8142
2.3144
2.2066
1.8397
2.0944
2.3253
1.3906
2.3311
1.729
1.7309
2.1519
2.3224
1.589
2.0179
2.237
1.7957
1.7833
1.6906
2.1365
2.1
1.5347
1.5667
2.3314
2.0238
2.3211
1.314
1.4785
1.7496
2.2732
1.4288
2.1245
2.355
1.7622
1.5938
2.0147
2.2986
1.7085
1.8866
2.0959
2.089
2.1674
2.3149
2.1501
2.2884
1.9996
2.1381
2.2912
1.3095
1.5213
1.5327
1.5849
2.4223
2.3375
1.4627
1.9457
1.4225
2.2668
1.9304
2.511
2.1183
2.0996
1.371
2.0727
2.3023
2.2525
1.9941
2.0301
1.9931
1.6102
2.0418
1.8512
1.4605
2.0224
2.313
1.5383
2.3044
2.3308
1.4758
1.9956
2.3088
1.1886
2.0511
2.1359
2.0702
2.2544
2.0564
2.2732
2.1252
2.2656
2.0623
1.6186
2.3834
1.5503
2.233
1.9173
2.1454
2.1364
2.3213
2.2597
2.2448
1.8048
2.2155
2.2341
2.3291
2.2684
1.7634
2.2171
2.2389
1.5108
1.9775
1.175
2.2562
2.2107
1.2806
2.4105
1.4222
2.1934
1.334
2.3419
1.4037
2.1488
2.3906
2.0881
2.2988
1.3462
1.7721
2.1521
2.333
2.0017
1.2414
1.3361
2.1422
1.92
2.4199
2.2875
2.2696
2.2104
2.0949
1.8202
2.3796
2.2461
1.4176
1.857
2.3771
1.6302
1.2675
2.2268
2.0761
2.3315
1.5114
2.1758
1.4979
1.5195
2.2995
1.2267
1.9585
2.0519
1.9666
1.7176
2.1638
2.0726
1.393
2.4267
2.1379
2.263
2.0085
1.8604
1.5623
1.5148
1.9688
1.7601
1.7201
2.2793
2.0688
1.8468
2.3001
2.2361
1.3781
1.6712
1.5495
2.1458
1.323
2.1294
2.1307
2.0747
2.1034
2.1499
2.1129
2.2192
2.2605
2.2663
1.6855
2.0528
1.7394
2.1116
2.1074
1.8001
2.177
2.0648
1.9206
2.1667
1.8345
1.8634
2.1637
1.3265
1.9778
2.1032
1.7574
2.0597
1.6527
2.0507
1.6503
2.1729
2.2873
2.2396
1.2815
1.5824
2.1023
2.0316
1.7661
1.9322
1.4437
2.2327
1.7611
1.456
2.411
1.9067
2.1048
2.2482
2.0653
1.5032
2.1554
2.3723
1.486
2.1538
1.453
1.3132
2.3379
2.2511
1.4014
1.9177
1.7909
2.3142
2.1678
1.6918
2.324
1.9022
1.522
2.2789
1.6376
1.6083
1.9702
2.2514
1.7887
1.5984
2.204
2.2613
2.3628
1.317
2.035
1.6306
2.2733
2.219
2.2313
1.6278
1.4825
2.1993
1.5793
1.5758
1.4435
2.0265
2.1036
1.7901
2.0923
1.9087
1.9853
2.1769
1.9302
1.3679
1.5517
1.716
2.3908
1.4618
1.8013
1.4011
1.1542
1.5226
1.6454
1.464
2.125
2.2173
1.5635
2.2861
1.8567
1.3857
1.5652
1.5835
2.0501
1.8689
2.0749
2.3545
2.1258
2.0454
1.9488
2.0972
1.3734
1.9487
1.7893
2.3367
2.1918
2.2142
1.9337
2.3551
2.2188
2.2146
2.316
1.7456
1.2112
1.5807
1.525
1.8982
2.2316
1.932
2.1286
1.5864
2.1772
2.0926
1.7116
1.2826
1.9942
2.1323
1.581
1.4745
1.7973
1.8033
1.3236
1.8832
2.273
2.3331
2.0401
1.4258
2.1489
1.5766
1.2681
1.4677
2.2936
2.2896
2.2895
2.0986
1.6808
1.9727
1.7495
1.3631
2.1535
2.1049
1.5189
2.3162
2.0162
2.0704
2.324
1.5553
1.9449
2.029
2.0393
1.8035
2.3491
1.8513
1.75
1.6425
2.417
2.0721
2.3522
1.9351
2.2801
1.408
2.2335
1.1268
2.104
1.9962
2.28
1.1453
1.2439
2.3955
2.0347
1.2267
2.0593
1.8443
1.5477
1.5741
2.1869
1.3679
1.3102
2.0493
1.9185
2.1134
1.3265
1.672
1.9927
2.2753
1.3773
1.3281
1.366
2.1968
2.2016
1.9015
1.7585
2.209
2.2224
1.9664
1.5589
1.9961
2.0757
2.1035
2.0705
1.3678
2.2092
1.1752
2.4165
2.0103
1.956
2.3461
2.0112
1.837
2.3618
1.53
2.0722
2.1216
1.3878
1.839
1.3724
1.2573
2.2854
1.491
1.2159
2.2228
2.3112
2.1895
1.8957
1.8348
2.1035
2.3683
2.0975
2.2429
2.1706
1.6994
2.2793
2.1726
2.0746
2.3101
2.1263
1.514
1.8706
1.1419
1.7764
1.4194
2.151
1.8489
1.822
2.279
1.2492
2.2713
2.2327
2.3481
2.1211
1.3538
2.338
2.42
2.1386
1.8001
1.2618
2.1912
2.1911
1.8933
2.0346
1.9677
2.3648
1.9519
2.2183
2.0018
1.3781
1.5272
1.2785
1.9051
2.3454
2.0188
1.9141
1.94
1.9849
2.3989
2.1031
2.279
1.8749
1.6662
1.7373
2.2584
2.0942
2.2445
2.1087
1.9884
2.1534
2.0552
1.8025
2.2641
1.8916
2.3135
1.8189
1.7317
1.4623
2.0043
2.0921
1.8991
1.8932
1.445
1.7743
2.0255
1.9974
2.3727
2.0954
2.2009
1.7844
2.2318
1.3833
1.9307
2.2194
2.035
1.2625
2.1601
2.1656
2.3219
1.9578
2.2994
2.2123
1.9058
1.2943
2.0089
1.2894
2.1584
1.6168
2.1454
2.0535
2.3429
2.1463
2.3551
2.082
2.3872
1.202
2.1425
1.8857
1.7368
1.2372
1.8378
1.5534
2.2168
2.212
1.5371
2.103
2.2246
1.4759
2.0578
1.7113
1.8212
1.2096
2.2468
1.4101
1.7528
1.9223
1.6852
1.4732
1.6799
2.1696
2.2553
2.1071
1.9308
1.9952
1.3363
2.0889
2.2038
1.807
2.0939
2.3275
2.0048
1.8782
1.6896
1.7747
2.0107
1.5943
1.5282
1.6028
2.0103
2.0645
2.1858
2.1995
2.2143
2.3204
2.3359
1.4719
1.9822
2.2941
1.8931
2.2984
2.0164
1.1976
2.2103
1.5753
1.765
1.4249
2.2252
2.2336
2.1841
2.3755
1.4815
2.3456
1.5541
1.1478
1.3252
1.2854
2.1938
2.4282
2.2644
2.0804
1.5094
2.1717
1.6563
1.9972
1.8257
1.8732
2.2333
2.0197
2.2477
2.2477
2.1494
1.6941
1.5085
1.3038
1.9443
2.0741
1.9211
1.9791
2.1339
2.367
1.3656
1.9607
1.8232
1.3023
2.2989
1.4769
2.3865
2.2034
1.2789
2.3685
2.151
2.1915
2.1002
2.3649
2.1805
2.2386
2.0528
1.6626
2.0567
1.8135
2.135
2.0477
2.0933
1.8775
1.3359
2.2732
1.2802
1.899
1.7661
2.04
2.1386
2.2749
1.6568
1.9231
1.9473
1.843
2.19
1.815
2.2745
1.3019
2.2291
2.084
2.3357
1.464
1.3551
1.8945
1.434
1.9192
1.9215
2.4903
1.4911
2.3143
1.4953
1.8654
1.9228
1.9088
2.1159
2.2165
1.9401
1.1008
2.2103
1.6428
2.2448
2.2937
2.0176
2.2864
1.2939
1.6255
1.9038
2.0186
2.1658
2.2535
2.0804
1.8055
1.4201
2.2025
2.2496
2.2245
1.634
2.0713
2.1351
2.1846
1.3274
2.2342
2.2307
1.5263
2.0636
1.5835
1.5913
1.8871
2.3705
1.92
1.9368
1.8475
1.7057
2.0343
1.9544
2.0971
2.0675
2.13
1.9552
1.658
2.4145
2.068
1.4763
2.2917
2.1688
2.1732
1.2226
2.0266
2.4361
1.8867
2.271
1.6835
2.361
2.0502
2.2317
1.6544
1.8669
2.099
2.277
1.3593
2.23
2.2176
2.3913
2.3989
2.0411
2.1171
2.088
1.5364
2.3829
2.106
2.2432
2.1396
1.9641
1.7702
1.8195
1.7028
2.0664
1.2304
2.2859
2.0184
1.1948
1.8481
2.2023
1.9405
1.8379
1.5072
1.5096
2.0331
1.8973
2.0984
1.6872
2.2262
1.7528
2.0802
1.7518
1.5183
1.9196
1.3275
2.1787
2.4496
2.1442
2.1355
1.6439
1.4365
1.9699
2.0879
2.0364
2.1245
1.5329
2.1961
1.958
2.2509
2.3039
1.5671
1.4616
2.088
2.088
2.051
2.0359
2.2493
2.3003
2.211
2.0315
2.0368
2.2188
1.8992
2.312
2.0953
1.9418
1.8418
1.487
2.1812
2.3416
1.7572
1.6163
1.6545
2.2615
2.2665
2.311
2.1596
1.4822
2.243
1.6643
1.9814
1.6399
1.8758
1.9044
1.3409
2.0385
2.0941
2.1812
1.4929
1.8892
1.9467
2.3773
2.369
1.577
1.3263
1.4987
2.2025
1.6083
1.7756
1.595
2.2935
2.2548
1.9256
1.8154
2.159
1.9729
2.06
1.5469
1.652
1.4712
2.3751
1.561
1.9155
1.6987
2.3371
2.2237
1.9266
2.1055
1.3175
2.0087
1.8451
2.0314
2.1918
2.3402
2.1135
1.5749
1.8354
1.781
1.5115
1.7779
1.2526
1.7395
1.9606
2.1085
1.773
2.2188
1.775
2.0179
2.2195
1.456
1.7791
2.1658
1.4395
2.4256
2.3516
1.928
1.6377
1.2237
1.5897
1.8144
2.209
1.5016
2.1691
2.0262
2.2112
2.2311
2.2625
2.1721
1.8194
1.6729
2.1499
2.3564
2.1463
1.5592
2.274
2.4345
2.1401
2.3456
2.2651
1.9076
2.2788
1.9013
1.9967
1.4589
1.5949
1.998
1.8286
2.218
2.0809
1.8854
1.9528
1.6791
2.2812
2.0939
1.8228
1.6114
2.0791
1.1815
2.0802
1.6572
1.4569
2.0883
1.8466
2.1568
2.3189
2.2334
2.2019
2.0164
2.0466
2.1285
2.1171
2.3049
1.5119
1.955
1.3812
2.1722
1.5495
1.1928
1.8171
1.9935
2.0596
2.1644
2.1804
2.4699
1.8162
2.0683
1.9499
1.7159
2.2567
1.3098
1.9146
2.0271
1.3836
1.727
2.3749
1.5698
1.668
1.9307
2.1998
1.3353
2.2901
2.1199
1.9554
1.6664
1.7592
1.5055
2.0449
1.5148
1.4688
1.4477
2.1403
1.5946
1.7292
2.1781
1.6097
2.4087
1.3911
2.141
2.1727
1.9646
1.975
2.1561
2.1783
2.1639
1.1769
1.7651
1.9671
1.805
2.0415
1.3981
1.2836
1.9489
2.3222
2.2851
1.6664
2.1513
1.7946
2.3057
2.2603
1.524
1.9924
1.5374
1.81
1.7037
1.6018
1.1557
1.6275
2.1471
1.807
2.1602
1.5601
2.1803
1.4793
2.0843
2.0502
2.2703
2.3685
2.3775
1.2451
1.397
1.8129
2.2738
2.0598
2.087
1.4018
1.4819
1.9078
2.001
1.7993
1.8356
1.5207
1.6574
2.1
1.8834
2.2365
1.9229
1.4915
1.893
2.033
1.8949
1.2582
2.3721
2.3227
1.4835
2.1927
1.9362
2.2219
1.7111
1.9895
1.4575
1.5113
2.2798
1.5865
2.1306
1.9834
2.3232
1.8011
2.1776
2.0824
1.4784
2.3015
1.9181
1.402
2.0529
2.21
1.9393
1.8498
1.6433
1.8129
2.2509
2.1172
1.5399
2.1796
1.4409
2.2502
1.2908
2.0275
2.0942
2.4137
2.3911
2.0371
1.709
1.5982
1.5009
2.313
1.3318
2.0769
2.2576
1.8967
1.9571
2.1174
1.7578
2.0361
2.0469
2.2135
2.0549
1.673
2.1043
2.2438
1.5223
1.6911
2.259
2.0187
1.5856
1.6808
2.2163
1.6062
1.92
2.0608
2.1945
1.3294
1.9173
1.8838
2.3732
1.9196
1.2847
2.1748
2.3701
1.6343
1.6552
1.8239
1.3963
1.5431
1.8343
1.6605
1.8282
1.5768
1.5917
2.2609
2.3928
2.0241
1.3921
2.3065
1.5053
2.0155
1.9621
1.539
2.0773
2.2179
2.3998
2.0121
1.7364
1.4969
2.0295
2.1862
1.9838
2.2495
2.072
1.5449
1.2889
2.0375
2.3307
1.6704
2.1921
1.956
2.2335
2.0036
2.0052
1.756
1.8617
2.24
1.9265
2.0883
2.1566
2.347
2.205
1.9159
2.1496
1.3687
2.0729
1.3624
2.1597
2.1491
2.2537
2.1257
2.0569
1.4305
2.1304
2.1188
1.5323
2.2259
1.8175
1.771
2.1958
2.0949
1.4575
2.2102
1.9793
2.3134
2.0761
2.1443
2.094
1.9378
2.2403
1.8896
2.2766
1.7703
1.154
1.34
2.3452
1.352
2.1848
1.7867
1.8622
2.0749
1.5394
1.9145
2.073
2.1373
2.4078
1.832
2.3999
2.2878
1.8192
2.2797
1.4355
1.5016
1.499
2.3602
2.2519
1.4641
1.5557
1.9383
1.7052
2.313
1.8918
2.2129
2.2923
2.3568
2.0034
2.2515
1.3152
2.3129
2.2598
1.4708
1.6057
2.0401
2.073
2.1245
1.9525
1.8732
2.2229
1.7218
2.1038
2.3947
1.2693
1.9808
2.0914
1.559
1.8407
1.9276
1.6897
2.0669
2.2444
1.2474
1.7214
2.1171
1.4748
1.4527
2.089
2.1381
1.2979
2.4147
2.0656
2.2016
1.9347
1.6408
2.0314
1.9055
1.5272
2.2661
2.0064
2.362
1.9344
1.6597
2.0906
2.1848
1.9824
1.722
1.6752
2.2122
2.284
1.4122
2.1129
2.0591
1.7913
1.9738
1.9667
2.1945
2.1174
1.9001
1.5331
2.231
2.3051
2.1551
1.6505
1.5347
2.0797
1.8039
1.4944
1.9053
2.1875
1.4378
1.7967
1.491
1.9992
1.3874
2.1656
1.9863
1.4634
2.0772
1.9687
1.4674
1.7356
2.2268
1.8088
2.2013
1.849
2.0928
1.3121
1.8736
1.6466
2.3815
2.1796
2.2827
1.7591
2.0637
2.1862
1.345
2.3625
1.9799
2.0678
1.5817
2.2903
1.5634
1.5822
1.3595
2.2714
1.3444
1.433
1.8991
1.4711
2.1467
1.5841
1.4328
1.8315
2.0538
2.1472
1.3191
2.2214
2.1083
2.0631
2.3712
2.2973
1.8433
2.0089
2.1678
2.1373
2.1411
2.2298
2.1471
2.2631
1.9332
1.8395
1.8105
1.6244
2.1009
1.2776
1.6487
2.1857
2.2243
1.9162
1.9185
1.9917
1.8511
2.2667
1.8985
2.0847
1.9176
2.3481
2.1487
1.9
2.2438
1.6521
1.7758
2.3965
2.4452
1.6939
1.4431
1.6172
2.2147
2.2399
1.7599
2.3573
2.2194
1.5496
2.2382
2.439
2.199
2.175
2.3706
1.9574
1.4647
1.6044
1.8325
2.2746
2.0458
1.8759
1.6285
2.0586
1.2168
1.8944
1.6463
1.832
2.1888
1.7813
1.91
2.2006
1.8677
2.0352
1.9075
2.0984
1.9639
1.4723
2.082
1.9911
1.8252
2.3571
2.1241
2.272
2.3957
2.0184
2.0402
1.7161
2.3873
1.5108
1.9815
1.634
2.2845
1.9035
1.9127
2.2909
1.4447
2.2484
2.268
2.3414
1.7117
2.0322
2.3124
2.1996
2.3317
2.1574
1.8453
1.7187
1.3016
2.0921
2.132
1.2932
2.2973
1.7095
1.7304
2.0722
2.1898
1.4033
2.16
1.9606
2.3451
1.1257
1.481
2.017
2.2207
2.1168
2.241
1.8567
1.6645
1.9673
2.2591
2.2498
2.2965
2.283
2.1672
1.4988
1.8044
1.8669
2.45
2.0639
2.1502
1.7082
1.8365
2.0438
1.3975
1.9033
2.1871
1.8858
1.1421
2.4392
2.1488
1.9674
1.9266
1.2691
2.1113
2.2025
1.9799
1.8903
2.1266
1.8227
1.3905
2.3769
2.2582
1.5333
1.3831
2.2418
2.0109
1.6317
1.9132
1.8085
1.8798
1.7537
1.3301
2.4309
2.2921
2.2378
1.2995
2.3
1.8094
2.3949
1.7563
2.0476
1.5311
1.9019
2.0759
2.187
2.287
2.1491
1.7976
2.2693
2.2547
2.3528
2.4032
1.815
1.844
1.481
1.4469
1.7612
2.0759
2.0823
2.3788
1.8434
2.2276
2.1108
2.3051
2.3005
1.4792
2.2196
2.0995
1.3878
2.1331
1.7306
1.1485
2.1174
2.0739
1.8614
2.1938
1.8004
2.3955
2.086
2.4342
1.772
1.3485
2.4103
1.563
2.0406
2.0315
2.0943
2.1642
2.0782
2.1591
1.7858
2.0932
1.997
1.7871
2.0448
1.4723
1.5131
1.9484
2.0586
1.6207
1.8562
1.2564
2.2399
1.408
2.1156
1.5322
2.3318
2.2033
2.2841
2.2013
1.4273
2.2804
1.9365
2.3618
1.5678
1.8761
1.8859
2.2746
1.6
1.9887
1.5159
1.7359
2.2816
1.7208
1.5628
2.3093
1.3906
1.9168
1.2142
1.9026
2.1211
2.2307
1.9658
1.3433
2.0373
1.9764
1.5591
2.1199
1.7744
1.5108
2.2645
2.3425
1.9426
2.1079
1.8688
1.9235
2.2705
1.4149
2.187
2.2766
2.2233
2.1369
1.7762
1.4797
1.7159
1.6342
2.2461
2.1802
1.7746
1.7044
2.2081
1.4017
2.2086
1.6224
1.8503
2.2174
2.2699
2.2024
1.3999
1.7603
1.8663
2.0584
2.1034
1.4471
2.0717
2.0727
2.2181
1.4867
1.7323
2.1344
2.1256
1.4815
2.2683
1.8158
2.406
1.2899
1.4569
1.9684
1.9063
1.6779
1.4352
2.194
2.064
2.2422
2.0836
1.6371
1.4105
1.9833
1.8825
2.0833
2.2283
1.6956
2.0326
1.565
2.275
1.7982
2.0334
1.6787
1.7626
2.2571
1.5931
2.052
2.1701
1.5895
2.3824
2.1611
1.6552
2.2577
2.286
1.8158
2.331
1.706
2.071
2.1775
2.0601
1.9662
2.2502
2.3476
2.1795
1.384
2.0886
2.2854
2.1691
2.2882
1.3706
2.2905
2.1815
2.1367
1.4688
1.9834
2.0546
2.1632
2.25
1.8143
2.1809
2.2195
2.0998
2.0771
2.4228
2.1891
1.6175
1.9962
1.7723
1.5091
1.4788
2.0715
1.9331
1.879
2.3834
1.1688
1.7588
1.5762
2.1494
2.2745
1.9814
2.2982
1.9982
2.1591
1.6607
2.3325
2.2298
2.2303
1.8232
2.0826
2.3098
1.5545
2.1215
2.3607
1.8795
2.355
2.417
1.9963
1.8363
1.4128
1.9766
1.4227
1.492
1.4659
2.2237
2.1094
2.2852
1.9055
1.9448
2.4277
1.4519
1.6677
2.3951
1.6197
2.2901
2.2938
2.4143
2.0334
1.8263
1.7286
2.2887
1.9319
1.1947
1.471
1.6388
1.698
2.2208
2.2114
2.2614
2.2483
1.8457
1.9255
2.1979
1.4681
1.9766
1.9953
1.7081
2.4313
1.466
2.2867
2.4174
2.0452
2.1496
1.5692
1.5834
1.9336
2.1927
1.5962
1.3716
2.0234
1.4878
1.9946
1.8833
1.961
1.5725
1.4432
1.5999
2.1336
1.7777
1.5171
1.6469
2.3047
1.4652
1.5362
1.8509
2.1618
2.2071
2.216
1.4732
2.297
2.0319
1.2497
2.1611
2.2195
2.3257
1.8729
1.6683
1.5447
1.6201
1.3416
1.7411
2.2333
2.406
1.3974
2.1343
2.0443
2.3628
2.0049
1.5001
1.3932
1.9408
2.2536
1.4712
1.8871
1.22
1.9379
1.538
1.7094
1.5245
2.3542
1.9256
2.0193
2.3113
1.3907
1.6726
1.2958
2.412
2.1442
2.0909
2.2583
1.9069
2.2368
2.2815
2.1127
1.5072
2.1631
1.4845
2.1612
2.2225
1.3097
2.3485
2.093
2.3676
2.23
2.2073
1.289
1.584
2.1931
2.0845
1.8318
1.9887
1.5779
2.3434
2.3438
2.2315
2.2744
1.4567
1.4664
1.7758
1.6666
2.1787
1.7445
1.712
2.2002
1.5522
2.0545
2.3226
1.4634
2.0743
1.9683
2.0448
2.0832
1.7978
1.8688
1.247
1.9714
2.0975
2.5055
2.185
1.4564
1.7767
2.1027
1.295
2.3803
1.4936
1.9563
1.9933
1.8857
1.3573
2.1497
2.2667
2.1304
1.6577
1.5793
2.434
1.9396
2.1139
2.1835
2.1443
1.2064
1.8442
1.5133
2.1788
1.9735
2.1132
2.0079
1.4599
1.4017
1.6304
1.7948
1.2205
2.0046
1.7998
1.5748
1.6802
2.1903
1.7519
1.907
1.6759
1.5813
1.96
1.7939
1.7613
2.2731
2.3451
2.4506
2.1211
1.5053
2.2389
1.8621
2.0378
2.294
1.4423
2.1916
1.7477
2.3467
1.341
2.0295
2.2103
1.9122
2.2648
1.7924
2.1125
1.9686
1.9378
2.1932
2.126
1.816
2.4104
1.5305
1.7854
2.0544
2.2097
2.3191
1.5622
2.2619
1.7987
2.3078
2.0869
1.9631
1.451
2.1281
2.198
1.9696
1.3323
1.8761
1.4426
1.9545
1.3138
2.1323
1.8949
1.2711
2.0779
1.8642
1.9591
2.1208
2.3254
1.4424
2.2597
1.6615
1.4023
1.8709
1.6254
2.2449
2.1451
1.5742
1.6975
2.4194
1.4118
2.1299
1.9966
2.3937
1.5151
2.3283
1.5389
2.1541
2.2755
1.6413
2.3244
2.0977
1.9206
2.0663
1.3695
2.1765
1.5859
1.5543
2.1824
1.3708
2.1514
1.1531
1.8694
2.2695
2.0301
2.215
1.3266
1.4709
1.8577
2.3127
1.5083
1.5588
2.0881
2.219
2.0849
2.2171
2.3264
1.9441
1.3531
2.2895
1.9846
1.2267
1.6271
1.4752
1.7396
2.1407
2.4047
2.1407
1.7022
2.3112
2.0205
1.7343
1.7224
1.7687
2.2203
2.3312
1.6197
2.1536
2.1995
2.1289
1.4499
2.1584
1.2191
2.2392
2.1176
2.3055
2.2965
2.3989
1.9335
2.0591
1.4257
1.4092
2.2785
1.5431
1.4526
1.3551
1.8941
2.2279
2.103
1.275
2.016
1.9721
1.8204
1.7373
1.8609
2.0663
1.3654
1.3153
2.1226
2.1004
1.8954
1.7271
2.4066
2.3126
2.4071
2.1306
2.0201
1.4295
2.1154
1.9299
2.3056
2.04
1.8703
2.1406
2.2495
2.1901
2.2465
1.7411
1.5896
1.7011
1.5011
1.856
2.0731
1.8337
1.6467
1.4867
2.0206
1.3972
1.4655
2.1301
1.9028
1.5727
1.6403
1.9091
2.0973
2.1851
2.291
1.6337
2.3967
2.3108
1.207
2.1934
1.7849
2.0504
2.3591
1.3052
1.6092
1.4351
2.1733
1.3862
1.8405
1.7117
1.8391
1.9306
2.347
2.0386
2.1621
2.3363
2.2691
2.2927
2.094
2.1486
1.5676
1.6704
1.4106
2.3117
2.0033
2.1127
1.648
1.6406
1.625
1.4378
1.2969
1.9428
1.8764
1.5324
2.2299
1.7387
1.4056
1.8827
1.6581
2.4631
1.952
1.9572
1.3653
1.5345
1.2549
2.3162
1.8459
2.3486
1.2728
2.2416
2.3479
1.9431
2.0795
2.1482
1.8624
1.769
2.279
2.3254
2.0449
2.02
1.4922
2.2267
2.0693
1.3493
2.3363
1.3203
2.1213
2.3226
2.2485
2.1379
2.1359
2.1103
1.4572
2.2844
1.8625
2.3796
1.3809
2.088
1.4004
2.0425
2.312
2.1473
2.0966
2.2169
2.1856
1.7137
1.5386
1.8849
2.0035
1.3741
1.4535
2.0991
1.8684
1.7147
1.797
1.318
2.2032
1.1372
1.6974
1.7014
2.1247
1.9197
1.7191
1.9063
1.7746
2.3324
1.2569
1.5661
2.2767
1.3469
2.0668
2.2498
1.5303
2.3921
1.697
1.712
1.8036
1.6277
1.4519
1.6312
2.1752
2.2274
2.4029
2.052
2.2994
1.4073
1.7229
1.6343
2.273
1.5057
1.5542
2.106
2.1287
2.2897
2.2361
2.0618
1.8505
1.6182
1.3783
1.9574
2.2131
2.3993
1.8422
1.9388
2.0625
1.5578
1.6842
1.4894
2.1492
2.015
1.7892
1.5925
1.8172
1.401
2.0161
2.1555
2.2264
2.3058
2.1705
1.6742
1.9177
2.1816
2.0911
2.2776
1.9788
1.7283
2.2221
2.1877
1.465
2.0818
1.323
1.7295
1.9432
2.2429
2.1983
2.2034
1.5334
1.9105
1.55
1.7809
2.4265
2.1283
1.4616
2.3491
1.9702
2.0401
1.7591
2.2548
1.6008
2.3688
2.2804
1.9311
1.9189
2.0619
1.8866
1.2242
2.2703
1.3769
2.016
2.0502
2.2502
2.0906
1.7706
1.3845
1.7862
1.8194
2.2314
1.6335
2.2617
2.1225
2.14
2.4321
2.1267
2.0284
2.1351
1.17
1.7408
1.7133
1.873
2.3128
2.2279
2.1282
2.2524
2.2745
1.6275
1.4951
2.0417
1.7969
2.0808
1.8815
1.3959
2.1929
2.2426
2.0707
2.1505
1.9973
1.8636
2.0528
1.7596
2.1218
2.1009
2.2297
1.9708
1.7718
2.266
1.7584
2.2797
2.0601
1.2498
2.0577
2.1773
1.9422
1.6433
1.6775
2.3213
1.995
2.0291
1.9099
2.0927
2.1965
1.8973
2.2598
1.5487
2.4354
2.1628
1.2504
1.7975
2.2421
1.6884
2.0251
2.24
1.3324
2.1316
1.7634
2.396
2.1571
2.1422
1.9804
2.0525
2.4001
2.0859
2.0096
2.1669
1.9018
1.9596
1.4962
1.7959
1.2248
2.0389
2.1479
1.5996
2.2941
1.99
2.1762
2.0876
2.2349
1.4895
2.2491
1.6809
2.2613
1.2675
1.555
1.8212
2.1691
2.0109
2.2814
1.8802
2.0282
2.248
2.0933
2.0177
2.1333
2.1856
2.0762
1.4466
2.3501
2.1076
2.0822
1.7436
1.8961
1.6915
1.7199
2.2001
2.1129
1.7528
2.1384
1.609
2.2577
2.0886
1.8265
2.0215
2.2673
2.1909
1.8836
1.7765
1.5906
1.8416
2.2706
2.0564
1.1921
2.1636
2.1708
2.2478
1.9642
2.3888
1.4172
1.9019
2.0036
2.194
1.8925
2.1789
2.0828
1.9996
1.3795
2.1236
2.3483
1.3172
1.9703
2.1564
1.4647
1.4935
2.2585
1.9726
1.5174
2.4019
2.3808
1.6583
1.412
1.9739
2.1858
2.1987
2.2265
1.3785
1.3937
1.4839
1.4769
2.2943
2.2106
2.0606
2.1456
2.2567
2.1822
2.1064
1.2335
1.2695
2.2569
1.8683
2.1624
1.9306
1.4098
1.9978
2.0653
2.1647
1.7435
2.0529
1.7735
1.6174
1.7041
2.0018
1.4318
2.0369
1.3304
1.7036
2.0727
1.3029
2.2382
2.1474
2.2302
1.8011
2.225
1.9319
2.1889
2.1585
1.9697
2.2771
2.1796
2.0259
1.9744
1.3538
1.3029
1.362
1.5283
1.6851
2.0452
1.7281
1.7212
2.2636
2.1942
2.3203
2.3724
1.8368
2.0255
2.1807
2.0077
2.3367
1.9543
2.2094
1.4784
2.0996
1.7883
1.8121
2.0914
1.5233
1.2834
2.3157
2.3899
1.5173
2.1585
2.0778
2.2704
1.1319
2.2975
2.2324
1.6549
2.102
2.0669
1.5916
1.9589
1.6052
2.2693
2.3699
2.0027
2.245
1.762
2.2539
2.1353
1.8531
1.9473
2.268
2.0454
1.816
2.2786
1.4516
2.1619
1.3273
1.2924
2.1683
1.6289
2.3693
2.2247
2.2619
2.1296
2.2721
2.024
2.0094
1.8787
1.7062
1.3264
2.0137
1.6302
2.0199
1.8822
2.2311
1.9227
1.9145
2.4458
1.969
2.2937
1.6693
1.5038
1.957
1.2758
2.2756
1.9818
2.2424
1.9219
2.0096
2.0226
2.3233
1.5044
1.6933
2.3168
2.3932
1.4961
2.2292
1.3207
2.3013
1.7806
1.5524
2.1021
1.6249
1.9807
2.1152
2.2097
2.2653
2.0501
2.1593
2.1149
1.1734
1.2588
1.6675
2.31
1.8403
1.9368
2.1704
1.481
2.3598
1.6659
1.608
1.8875
2.2691
2.4012
1.2689
1.8052
1.8716
2.1895
2.2214
1.3329
2.1878
1.9921
2.1455
1.8044
2.0563
1.8656
1.9201
2.2977
1.3132
2.1462
1.9316
1.9106
2.2303
1.3838
1.7826
2.1609
2.0182
1.6131
2.0539
1.4798
1.8407
1.9514
1.7581
2.3222
1.3163
1.3471
2.2875
1.8378
2.0131
1.4995
1.8519
1.5928
2.3818
2.1937
2.1659
2.0431
2.0165
1.3336
1.3757
1.6412
1.9039
1.3494
1.5987
2.1945
2.1664
1.6689
2.2636
2.2213
1.9848
1.4823
2.2972
2.2145
1.1936
1.9719
2.1515
2.2821
2.1934
2.2904
2.2578
2.0926
2.1118
2.1447
2.0821
1.885
2.0733
1.3644
1.7701
2.2703
1.8425
2.0172
2.0758
1.9734
1.4495
2.2932
2.3959
2.321
1.7178
1.8592
1.5125
1.7024
1.7264
2.0979
1.949
2.2715
2.2057
1.9754
1.8654
2.2247
2.3753
2.2127
1.4773
2.1981
1.8296
1.9997
2.0991
2.0813
1.7055
2.1855
2.2372
2.2539
2.1163
1.6167
1.8279
2.0798
1.4265
1.7079
2.4758
2.0474
1.5094
1.8439
1.4752
1.8728
1.4756
1.2129
2.0877
2.1476
1.8431
1.5986
2.2629
2.1816
2.1417
1.818
2.2374
1.4284
2.2622
2.3969
2.163
2.2232
2.0696
1.5224
1.6208
2.077
2.0768
2.3006
1.9163
1.5892
1.92
2.1313
1.4565
2.2997
2.3871
1.8259
1.5731
1.6457
2.25
1.4971
2.1114
2.1852
2.1549
1.62
1.55
2.149
2.4954
1.3561
1.5882
1.2143
1.5878
2.0416
1.9408
1.7276
1.7967
1.3894
2.1132
2.338
1.6311
1.537
2.1391
1.9899
1.2628
2.2095
1.4866
1.9618
2.1886
2.3574
1.4667
2.1771
2.1402
2.3298
2.2672
1.5678
2.1668
1.986
1.8353
1.3908
1.8126
2.0877
2.2008
1.2019
1.5453
1.9176
1.7945
1.7
1.3479
2.0788
1.5483
2.1303
2.0685
1.9047
1.8248
2.2092
1.8347
1.8474
2.2945
1.2262
1.5723
1.7614
1.9797
2.2115
2.0277
1.2191
1.4106
1.222
1.9117
1.4538
1.9735
1.2899
2.3684
1.5481
2.134
2.0705
1.7778
1.5205
1.7682
1.9834
2.1208
1.9294
2.1207
2.2461
1.5717
2.3019
1.5984
2.0119
2.1112
2.0203
1.9278
1.3001
1.6734
2.2398
1.2251
1.9915
2.2467
1.801
1.6931
2.3666
1.5494
2.0536
2.2856
2.3196
1.8924
1.5027
2.0561
1.2569
2.1674
2.2913
1.6196
2.3439
1.9682
1.2116
2.4023
1.2587
1.524
2.2401
2.4094
2.2603
2.326
1.4935
1.8394
2.2472
2.177
2.22
1.4894
1.5492
1.9339
1.3414
2.2477
2.0817
2.1803
1.9605
1.9819
1.8909
1.6993
2.2583
2.1866
1.4592
2.021
2.1639
2.1545
1.2187
1.6335
1.4407
1.5539
1.7494
1.4696
2.0469
1.9373
1.7915
1.737
2.2184
1.5528
2.0288
1.9965
1.6697
2.3629
1.9599
1.8832
1.3039
2.0726
2.2855
2.0557
2.3591
1.5739
2.2606
2.3366
2.1001
1.6117
2.1006
1.4147
1.9678
2.1624
2.0143
2.1119
2.2575
1.0874
2.0926
1.943
2.4052
1.9903
1.9982
1.9929
1.776
2.1511
2.2587
2.4012
2.2478
1.7707
2.1751
1.9789
2.0226
1.563
2.2057
1.9938
1.5799
2.0731
1.9883
2.0691
2.183
1.6207
2.1557
2.111
1.846
2.3137
1.9506
1.435
1.3695
2.2606
1.754
1.2018
2.3355
1.4134
1.5101
1.5528
1.5595
1.8468
2.0899
1.7664
1.4159
1.6313
1.5266
2.001
2.2956
1.2007
1.2509
2.0757
2.2271
2.1927
2.2226
1.1976
1.92
2.0529
2.1338
1.8697
1.6338
2.1177
1.9772
2.3038
1.7171
1.998
2.0664
1.5203
1.2125
2.2931
1.2538
2.2793
1.8162
1.9559
2.1388
1.3801
2.2568
2.2187
2.0801
1.9091
2.2214
2.2592
1.972
2.0016
1.8268
1.8015
1.6076
1.9687
2.1377
2.2492
1.3325
1.9144
2.2996
1.8402
1.1625
2.0822
2.301
2.3318
1.8608
2.2936
1.9456
1.4421
1.7184
1.8986
1.7579
1.9993
2.2497
1.4873
1.7417
2.0773
2.074
1.3577
2.409
1.5004
2.2643
1.5961
1.5394
1.3557
2.1751
2.2484
1.5514
1.714
1.2826
1.3054
1.6531
2.034
1.8845
2.2466
1.6732
1.5419
1.6685
2.0366
1.9148
2.4414
2.1659
1.9756
2.3124
2.3179
1.912
2.3147
1.5957
1.5445
2.1362
1.8852
2.1069
1.8513
2.3115
1.4815
2.1543
2.1741
1.6089
1.9649
2.3402
1.6635
1.6472
1.827
1.4637
2.3619
1.9556
2.3125
2.0999
2.3395
2.1687
1.801
1.4032
1.8726
2.2528
1.5741
1.5174
2.0431
1.9235
1.9882
2.1728
1.7916
2.2797
2.205
2.414
2.3848
1.9044
2.1812
2.2568
2.0601
1.8792
2.0565
1.383
1.7788
2.0069
2.215
2.35
2.127
1.2101
1.8139
1.868
2.0957
2.1696
2.3292
2.2598
2.2703
2.1684
1.9291
1.7195
1.9642
1.7126
1.6621
1.5537
1.4528
1.4189
2.1407
2.2995
2.1679
2.1657
2.0485
1.4676
2.1092
1.4355
1.5826
1.6889
1.9852
2.3242
1.6286
2.0532
1.843
2.3778
1.9832
2.1188
2.1281
2.4344
2.2556
2.2477
2.1243
1.8443
1.6122
2.2679
2.2421
1.5962
1.1283
1.7772
1.9979
2.2295
1.5829
2.3685
1.8222
2.1416
2.194
1.4446
2.0198
1.8909
2.3794
1.4309
2.3332
2.2188
2.1102
1.4907
2.0093
1.7941
2.1423
1.3601
1.8451
2.0831
2.1786
2.1891
2.2568
1.6935
2.0663
2.2518
1.9242
2.3088
1.9152
1.931
2.177
2.1875
2.031
2.0285
1.3088
1.6922
2.3336
2.2913
1.9416
1.7202
2.0626
2.3429
2.4046
1.2331
2.3047
1.8248
1.9656
1.9878
2.1525
1.3528
2.1433
2.1098
1.7173
2.1939
2.145
2.1982
1.5862
2.3091
1.5017
1.6029
1.3972
1.9418
1.8698
1.9114
1.9141
1.9177
1.4476
1.7375
1.6082
1.5209
2.3099
1.7197
1.4347
2.0057
2.0438
1.4238
1.8906
2.2585
1.963
1.8196
1.614
1.8694
1.8353
2.3822
2.0228
1.3383
2.4056
1.7257
2.1873
2.3007
1.8406
2.1182
2.0647
1.9741
1.9575
1.9351
1.7663
1.9054
1.6757
2.2707
2.1769
2.2123
1.9335
1.6231
1.8844
1.9367
2.4155
2.1132
2.0412
2.3504
2.0247
2.3904
2.2252
1.2588
1.3883
2.0848
2.2291
2.2375
1.9008
2.1696
1.2751
2.4132
1.267
1.9618
2.1996
1.902
2.1126
2.3408
2.2929
2.3427
1.7577
1.9082
2.0593
1.7436
1.1845
2.2794
1.6185
1.419
1.7915
2.0098
1.2333
1.6961
2.1165
2.2
2.1823
2.1263
2.0675
2.3122
2.0688
2.2957
1.5279
2.165
1.6961
1.4475
2.1321
1.7608
2.3041
1.9218
1.7485
1.8308
1.4926
1.9287
1.5366
1.9956
2.0035
1.9391
1.5653
2.0479
1.559
1.4962
2.0096
1.9836
2.2802
2.2216
1.631
1.6103
2.0633
1.5765
2.244
2.0788
1.548
2.3805
1.4094
1.9954
1.6467
2.0772
1.9931
1.5649
1.2544
1.906
1.9419
2.1088
2.2928
2.1859
2.4003
2.4234
1.9796
2.0957
1.9393
2.2178
1.6993
1.3175
2.2305
2.2046
1.453
2.1382
2.5012
1.8639
2.2046
2.2931
1.538
1.2922
2.2073
2.098
2.2451
1.6077
1.4503
1.2834
1.9828
2.3653
1.6636
1.8282
2.1027
1.9544
1.6355
1.4554
2.0831
1.7703
1.3735
2.0723
1.3722
2.2342
2.2042
2.1519
2.192
1.7024
2.1081
1.6717
1.2604
2.0534
1.6182
1.7554
2.1629
1.9953
1.4144
2.207
1.6189
1.5701
2.2727
2.2559
2.0594
1.6551
2.3321
1.8464
1.4185
1.9795
1.355
2.4067
1.7415
2.2373
1.6782
2.1108
2.3052
2.3293
1.9198
1.5828
2.1876
1.3772
1.2132
2.2664
2.2478
1.9131
2.091
2.0705
1.5164
1.9419
1.6793
2.3219
2.3415
1.8839
2.3735
2.0832
2.3618
1.4776
1.289
1.6363
1.9229
1.9207
1.893
2.0231
1.8551
2.208
1.4699
2.0623
1.2338
2.3621
2.3607
2.1769
1.4686
2.1103
2.2006
1.8966
1.6814
2.1819
1.4418
1.618
2.0866
2.0732
2.4227
2.2163
1.964
1.2258
1.9204
2.0529
2.0701
2.3169
1.3427
1.5027
2.3803
2.1628
2.194
1.8043
1.5924
2.429
2.2015
2.216
2.2469
1.9315
2.1625
2.3509
1.7849
1.5012
1.9504
2.2727
1.596
1.7758
2.2512
1.439
1.9963
1.9783
2.1923
1.3999
1.8933
2.1844
1.9543
1.7398
2.4341
2.4261
1.7573
1.8251
1.4874
2.3512
1.1753
2.3395
1.5248
1.5288
1.9037
2.2764
1.7445
2.1274
1.8477
1.6258
1.9978
1.7966
2.019
1.8008
1.511
1.8803
2.175
2.2138
1.9782
1.5119
2.07
1.553
1.9753
1.7894
1.8335
2.2413
2.2697
1.9891
2.2235
2.2539
1.2823
1.9403
2.2347
2.1762
2.1781
2.2124
1.6073
2.0678
2.3728
2.2168
2.1091
2.1862
2.2872
2.2373
2.1749
1.2932
1.8238
2.2294
2.1221
2.039
2.2764
1.8312
2.4097
1.7606
1.9483
2.2731
2.32
2.2092
1.7941
1.7767
1.4513
1.2845
1.5097
1.5947
1.5429
1.4927
1.8014
2.2242
2.0827
1.9729
2.3973
2.3885
2.0861
2.2076
2.2416
2.1442
1.2145
1.8657
2.2243
1.3685
2.4161
2.3159
1.3691
2.0112
1.3963
1.9803
1.6643
1.4816
2.0959
2.3901
2.0539
2.3041
1.9237
1.9226
2.2565
1.467
2.1709
1.5176
2.2521
2.1983
1.824
2.3536
2.2745
1.8139
1.4772
2.0774
2.0363
2.1502
2.1335
2.3794
2.3703
1.3871
2.2558
1.7201
1.9018
1.4781
2.0831
2.3894
1.9953
2.3353
1.9926
2.2629
2.4049
1.5072
1.7304
1.845
2.4833
1.2862
2.1994
2.2674
2.2218
2.221
2.2633
2.2058
2.2967
1.3781
2.1271
1.647
1.7328
1.7463
1.9661
1.8112
1.835
2.1662
1.4577
1.9911
2.06
1.8771
2.0947
1.5403
1.2137
1.8284
2.0111
2.2052
1.8953
2.1039
1.4888
2.139
2.293
1.1568
1.9767
2.107
2.43
1.2739
2.1542
1.7274
1.6958
1.7602
2.1201
1.7754
2.2298
1.4544
2.1103
2.3358
1.8409
2.1802
2.1296
1.4142
1.8818
1.8764
2.0175
2.2203
2.2077
2.3483
2.2733
2.0829
2.1178
2.1335
2.0249
2.0212
2.3054
2.4276
1.6668
2.0591
2.3484
1.7495
2.0666
1.9117
1.8991
1.8125
1.7608
1.8794
1.7905
1.8135
2.43
1.9578
2.182
1.7558
1.8868
2.0138
1.7319
1.8869
1.9974
2.1377
1.6962
1.4746
1.4426
2.036
2.1473
1.4399
1.9356
2.1587
1.6487
1.9316
1.2453
2.2505
1.8591
2.1838
1.7227
2.2203
1.2579
1.8885
1.4719
2.2559
1.7829
1.7669
1.7544
2.0342
1.776
2.024
1.8628
2.1954
2.2566
2.1502
1.6708
1.2722
2.2241
2.3832
1.8717
1.9395
1.9461
1.7893
2.2217
2.134
2.0939
2.2764
2.1902
1.8836
2.2346
1.8974
1.1884
2.3209
1.4987
1.7744
1.7039
2.4016
2.0089
1.4777
1.6887
2.3169
2.07
2.101
1.7526
1.716
2.1097
1.7206
1.8507
2.0687
2.2092
1.427
1.8152
2.301
2.2674
2.4896
1.4245
1.8468
2.0381
1.426
2.2014
1.6841
2.2253
2.164
2.1927
2.2893
1.8331
2.2308
2.4015
1.7612
1.1809
1.6727
1.5318
1.6962
1.6148
1.5571
1.4174
2.1603
2.2475
1.7264
2.327
1.7621
2.0519
2.0541
1.7449
1.7708
2.1867
1.4886
2.1565
2.4728
1.9947
2.2942
2.0301
2.4173
2.0172
2.463
2.1823
1.8399
1.5627
1.6694
1.3165
1.8276
1.538
2.1917
1.9845
1.6721
1.7411
1.9846
2.037
2.1877
2.089
1.2836
2.1626
1.7251
1.5709
2.3016
2.0059
1.38
2.3369
2.0804
2.3953
1.824
1.8739
2.2975
1.9116
1.5221
2.1432
1.9791
1.4097
2.2217
1.6493
2.0336
1.9406
2.222
1.716
1.7457
1.8519
2.1853
2.2876
2.4243
1.7275
2.3189
2.1464
1.7889
1.6702
1.439
2.2594
1.2574
1.5092
2.2606
1.5933
2.0895
2.1698
2.2569
2.1594
1.3362
2.2719
1.901
1.8257
1.8532
1.806
1.9759
1.4856
1.4884
1.8221
2.3474
2.3128
2.3765
1.6978
2.0143
2.2085
1.9617
1.5253
1.9796
2.4634
2.3268
2.145
2.0766
2.2442
2.0016
2.1052
1.8425
2.0078
2.041
1.9659
2.2552
2.2508
1.6261
2.0058
1.4807
2.0052
2.3514
2.0543
2.2114
1.3882
2.2995
2.2531
1.8844
2.2419
2.3453
2.2178
1.7901
2.0646
2.3868
2.0667
1.7229
1.9254
2.2377
1.4719
2.4009
1.3316
2.0565
1.5725
1.3873
2.0453
2.0881
2.1356
2.0859
2.3673
1.9736
1.9286
2.0978
1.2049
1.8293
2.2145
2.1553
2.1017
1.7057
2.2811
2.0663
2.2407
1.9185
2.2396
2.081
2.1795
2.4027
1.3134
2.2945
1.8185
2.0844
1.7349
1.3279
2.1508
2.3856
2.3361
1.9811
1.4068
2.2116
2.1413
1.4474
1.8368
1.7523
2.1897
1.7856
1.6249
2.2836
1.7577
1.2134
2.1584
1.5104
2.1507
2.3266
2.2159
2.1787
2.1049
2.0106
2.3564
2.2598
2.1624
2.2918
1.4845
1.3242
2.1189
2.1113
1.9354
2.0115
2.3953
1.4693
1.9216
1.5372
1.814
1.4903
1.4253
1.7089
1.4728
1.8645
1.9638
1.3661
2.2255
2.1684
2.0808
1.9579
1.8051
2.1877
1.9125
2.27
1.2314
1.916
2.3499
1.9942
2.1845
1.9938
2.349
2.2879
1.5618
2.2007
1.2546
1.7372
2.3639
1.9167
2.1904
1.2346
2.1056
1.7701
2.1414
2.1969
1.9328
1.9166
2.236
1.7434
2.0727
1.5247
1.5075
1.2567
2.3118
2.2161
1.5148
1.9612
2.3212
2.2546
2.0164
1.7725
2.0839
1.6457
1.842
2.0845
2.2045
2.0676
2.2079
1.2926
2.0802
1.6103
1.5258
1.8119
1.5962
1.9931
1.4151
2.2384
1.7924
2.0228
1.8863
1.951
1.9694
1.7902
1.9477
1.9768
2.0746
2.0058
2.0389
1.4511
1.8269
1.7518
1.5582
2.1587
2.2104
2.1549
2.0976
2.1371
2.3436
1.6125
2.115
1.9587
1.9393
2.0637
2.1287
1.9256
2.3595
2.1232
2.1034
1.4901
1.6306
1.6104
2.2237
2.2244
1.5855
2.4165
2.3959
2.2418
2.2825
1.8894
1.4263
1.6448
1.9261
2.17
1.5407
2.0416
1.6021
1.8103
1.9115
1.9486
1.8492
1.6751
1.3251
2.0761
2.1189
2.2538
1.8809
1.2253
2.1394
1.9245
1.6527
2.3032
1.6594
2.1682
1.8442
2.0577
2.0469
2.2674
1.7876
2.1911
2.2805
2.0785
2.0325
1.9289
2.0848
1.5168
2.1673
2.3281
1.427
2.302
2.2316
2.1537
1.5782
2.0603
2.0692
1.9147
2.169
2.1566
1.5225
1.1805
1.8962
2.1795
1.9831
2.3049
1.8844
1.7774
2.2801
2.0802
2.321
1.9884
1.8948
1.5228
1.5226
2.1209
2.0352
1.8192
1.7203
1.8977
2.3085
1.8653
2.2683
2.2896
2.2447
1.3148
1.7481
2.0846
2.1497
2.1547
2.0312
2.2566
2.3097
2.2816
2.2177
2.002
1.9986
1.772
2.3529
2.1467
1.9234
2.0382
2.2524
1.8465
1.6544
2.2565
2.4027
2.2237
2.0353
1.6533
2.3369
2.2087
2.265
2.2775
2.103
1.9806
1.8192
1.2792
2.222
2.0287
2.0073
1.415
1.611
2.1387
2.2158
1.7191
1.4926
1.7145
2.2395
1.9761
1.2808
1.8935
1.4338
1.92
2.3321
1.4889
2.2685
2.4412
2.257
1.8645
2.2769
1.5735
1.985
1.3332
1.9222
2.3454
1.3806
2.2789
2.0973
1.8276
2.4189
2.054
2.3311
2.3095
1.99
2.3993
2.3768
2.258
1.7835
1.3135
2.2329
2.1236
2.4218
1.2377
1.5564
2.0172
2.3015
1.6169
1.7896
2.2905
2.0341
2.138
2.2482
1.768
2.2901
2.0345
1.3728
1.9969
1.9912
1.8577
1.4995
2.0074
1.9829
1.9016
1.6848
2.1451
2.0225
2.3005
1.6838
2.2164
2.1094
2.1832
2.463
2.444
1.747
1.9121
1.9253
1.481
1.7438
1.9029
1.4513
2.3262
2.1604
1.5531
2.1197
1.9774
1.982
1.4156
1.9442
1.7574
2.0442
1.552
2.2678
1.9486
1.5233
2.3402
1.3616
2.4235
2.3713
2.048
1.7217
2.3936
2.2219
1.7122
1.7711
2.4327
1.5738
2.0633
1.7741
1.4385
2.314
1.6247
1.9915
1.3432
1.4924
2.0702
1.708
2.196
1.6476
2.2251
1.6098
1.9167
1.3996
2.1538
2.0502
2.2509
2.4006
1.9289
1.5799
1.2444
1.2223
1.5296
2.2368
1.6929
2.4023
1.9755
2.169
1.4531
1.4222
2.0573
2.0204
1.533
2.1916
2.0884
1.5533
1.4681
2.1855
2.2621
2.4175
1.965
1.9582
1.7334
2.0744
2.3397
2.2174
1.4477
2.2009
2.1889
1.7341
2.2479
1.9746
2.2504
2.2121
2.313
2.2969
1.7858
2.1546
1.815
1.6375
2.25
2.0978
1.9382
2.255
1.5325
2.2186
1.9665
1.6415
1.3821
2.3509
1.9564
2.1867
2.0767
1.183
1.7258
1.6011
1.9971
1.5686
2.2037
1.701
1.9976
2.1297
2.2051
1.9184
1.9001
2.0854
2.1492
1.9029
2.1113
2.1144
2.1581
2.1339
2.072
2.3842
2.021
2.5243
2.2559
2.339
2.1513
2.18
2.1832
2.3086
2.3803
2.1123
1.8603
2.0712
2.008
2.2933
1.8128
2.3508
1.3223
2.1809
2.4415
2.2411
2.1344
2.2293
1.2931
1.389
1.8705
1.9876
2.1969
1.6052
1.5886
2.272
2.3201
2.4327
1.7828
2.0817
2.3403
2.2417
2.3848
1.7469
2.1144
1.649
1.8059
1.9183
2.1959
2.3624
1.4974
2.076
1.7729
1.5582
2.2824
1.2978
1.9708
2.0719
2.0683
1.8771
1.8977
1.2723
2.1779
2.0118
1.6314
2.2153
1.5526
1.7343
1.9557
2.1828
1.4226
1.8515
1.9502
1.6466
2.1858
1.329
1.9205
1.754
1.5813
2.385
1.1449
2.1386
1.9654
1.8956
1.3889
2.3694
2.1382
2.1214
1.4652
2.4086
1.9663
2.1298
2.2402
1.9172
2.0673
2.2025
2.1775
2.1503
1.7753
1.8574
1.8688
1.9278
1.7287
2.132
1.8102
1.4365
2.3086
2.0493
2.1659
2.2009
2.3302
1.9414
1.4268
2.3611
2.0623
1.5737
2.0541
1.955
2.0692
2.4258
1.4904
2.0741
1.164
1.2138
2.2986
1.8342
2.202
2.3901
1.9306
2.1257
2.1467
2.2785
1.2498
1.5314
2.0782
1.2971
2.3423
2.0997
1.6603
2.3651
1.3187
2.252
2.3603
1.4947
1.276
1.9471
2.3609
2.001
1.4764
1.6995
1.5333
2.0967
1.5826
1.459
2.3809
2.0987
1.1915
1.9298
1.7539
2.3162
1.5083
1.9322
2.0779
2.0677
1.2557
2.4433
2.0449
2.0677
1.979
1.2975
1.3327
2.2973
2.0898
1.5051
2.1907
1.7519
2.2336
1.464
1.6963
2.3048
1.3404
1.3207
2.1031
1.5555
2.0446
2.3561
1.2341
1.5077
1.8092
2.101
2.1909
1.8046
1.7826
2.0689
1.7515
1.5412
2.3159
1.4465
1.9941
2.1393
2.1265
1.9788
2.1894
1.9119
2.1427
1.9404
1.8386
2.4214
1.963
1.8313
1.4976
1.5581
1.4584
2.428
2.132
2.2331
2.19
1.2318
1.5102
2.4096
1.7196
2.0223
1.5402
2.1419
2.3804
2.3098
2.1502
2.3275
2.3214
1.3559
2.3202
2.1822
2.3834
2.3722
1.6211
2.1907
2.1448
1.5037
1.9629
2.1713
1.6525
2.0498
2.4167
1.9767
1.9
2.221
1.7051
1.3068
2.21
1.5333
1.4822
2.3785
2.135
1.428
2.2624
1.1994
2.1881
1.532
1.879
1.7499
2.0628
1.6451
2.3233
2.3633
1.7846
2.1726
1.9508
1.9621
2.3815
2.3157
2.1534
2.0694
2.0649
1.3086
1.9452
2.0648
1.9856
2.2721
1.4625
2.0972
1.3348
1.8777
1.4767
2.0665
2.1486
2.058
2.3379
1.7854
2.1397
2.1357
2.3043
2.2805
2.2438
1.9328
1.9367
2.1172
2.3003
1.9452
2.3416
2.3604
2.1854
1.6176
1.634
1.7973
2.0376
1.6647
2.0613
2.2033
1.4891
2.1546
2.1042
1.6639
2.1425
2.1639
2.1602
1.8375
1.9406
1.1427
2.3067
1.8613
1.8511
2.1798
2.4321
2.5382
2.0219
1.9945
2.1564
2.4302
2.2547
2.2113
2.2892
2.1694
1.2082
2.0121
2.2199
1.5116
1.5553
2.3626
2.3458
1.2196
1.4467
1.8312
1.9606
1.3068
1.3084
1.6067
1.7211
2.2096
1.383
1.3124
2.1656
1.6321
1.4807
2.028
1.6806
2.2248
1.4856
2.1096
1.6927
2.1108
1.9737
2.2763
2.1994
1.7774
1.6968
1.5423
1.3994
1.2963
1.4835
1.7749
2.3401
2.241
1.5783
1.3775
2.3908
2.1235
1.3825
1.8056
2.0637
2.2331
1.2798
2.1478
2.2368
2.2132
2.2421
1.9006
1.7303
1.6686
1.3044
1.8769
1.9353
1.502
2.2032
1.8377
1.8938
1.9025
2.0655
1.4166
2.091
1.4812
2.1732
2.3684
2.0053
2.2492
2.3432
2.3338
2.1384
1.8404
1.7702
2.0428
1.4897
1.9815
2.2197
2.0801
2.1579
1.8741
1.909
1.4362
1.6087
1.7262
2.1471
2.2848
2.0932
2.0369
2.0533
1.4105
1.4672
1.4553
2.0664
2.4026
2.2469
2.2543
1.5318
2.1093
1.9658
2.4305
2.0275
1.9522
2.2653
1.9522
1.5088
2.2923
1.9844
1.2598
1.5537
1.5209
2.1901
1.9235
2.0864
2.1465
2.2305
1.9275
2.172
2.1153
1.2656
2.0385
2.042
2.1605
1.4517
1.6364
1.8248
2.0177
1.9341
2.162
1.7875
1.9114
2.08
2.1566
2.264
1.8138
1.4418
2.0052
2.0017
1.5624
1.5802
1.4307
1.6491
1.2807
2.2689
2.1544
1.9231
2.1931
2.3813
2.1441
1.1033
1.6167
1.9631
1.9011
2.208
1.8241
1.7256
2.0739
1.7141
2.0148
2.1955
1.5419
2.3955
1.9287
1.9215
1.6438
1.4849
2.0541
1.5436
2.1862
2.1766
2.1799
1.5198
1.4059
1.524
2.4679
1.4541
1.9971
1.6811
1.4149
1.1977
2.0159
2.3963
2.186
2.012
1.3944
2.1264
2.4079
1.4238
1.5785
1.4456
1.4621
1.5296
2.0626
1.7089
2.2864
1.6889
1.758
1.2122
2.0864
1.9524
2.008
2.1496
2.3091
2.3698
2.0537
2.2426
2.3091
2.2223
2.4994
1.8573
1.3194
2.0518
1.6855
2.2568
1.6019
2.0103
1.8208
2.2763
1.5533
1.8277
1.7264
2.0017
1.4896
1.7989
2.1028
2.3888
2.4051
1.9811
2.0448
2.0428
2.1929
1.7821
1.7307
1.8111
2.0301
2.0469
2.2531
2.2306
1.4236
1.7084
1.3989
2.0354
1.5882
2.3372
1.6267
1.3127
2.3191
1.4891
1.4303
1.7866
1.6174
1.9982
2.399
1.702
1.8858
2.117
2.3993
2.2965
1.8761
2.1619
2.0081
1.914
2.1412
1.7934
1.7851
2.33
2.1591
1.9044
1.8124
1.4996
2.0035
1.8975
1.6634
2.2562
2.2208
2.0104
1.998
1.8959
2.2813
1.6162
2.0334
1.6377
1.7491
2.367
2.0976
2.2334
2.2509
1.8103
2.2577
2.0918
2.2827
1.8383
2.0462
2.1419
1.8775
1.4844
1.9053
2.1859
1.5321
2.0423
1.2996
2.2047
1.9406
2.2783
2.3691
1.9736
2.1852
2.0314
1.4495
2.1307
2.204
1.1291
2.2726
1.9649
2.1811
2.1705
2.2888
1.2475
2.289
2.3582
1.7872
1.1854
1.955
2.0129
1.2199
1.4226
2.3147
2.1027
1.5637
2.1844
1.2716
2.1049
1.383
1.9838
1.4716
2.3905
1.7111
1.7379
1.4096
1.956
1.5233
2.1001
2.3303
2.2847
1.5706
1.9645
1.6343
1.7798
2.0132
1.5028
2.0581
1.5882
2.461
2.3213
2.1362
1.9452
2.2404
1.6906
1.8237
2.0115
1.9383
1.9405
2.2427
1.7224
1.7544
1.7509
2.0258
2.1237
2.4326
1.7277
2.0405
2.2438
2.3043
1.8657
2.2899
1.4759
1.3925
2.1585
2.0282
2.2199
1.4031
2.2914
1.9039
1.4415
2.309
1.4149
2.2846
2.1336
1.9485
1.4869
1.6772
2.3517
1.2157
2.178
2.309
1.4801
1.7945
1.6027
2.2815
1.7275
1.625
1.8173
2.2066
1.5321
2.3514
1.9469
1.7269
1.2053
1.8517
1.7878
2.2178
1.814
2.3985
2.3722
1.5325
1.4098
1.7644
2.3773
1.6032
1.3022
1.5592
1.5286
1.9407
2.2168
1.8459
1.9164
2.0072
2.0465
1.4882
1.3926
1.883
1.8108
1.994
1.3869
2.1712
1.4704
2.23
1.8766
1.9496
2.2683
2.0147
2.266
1.9596
1.2353
2.0145
2.1336
2.2788
1.8875
1.7619
1.9996
2.3905
2.3557
1.694
1.9546
1.9086
2.2001
1.3547
1.3626
1.5527
1.4275
2.4273
1.2937
1.6004
1.4576
2.2253
2.2258
1.6098
1.8496
2.0985
1.9
1.7844
1.3422
1.8975
2.1808
2.2575
1.4114
2.25
2.3067
1.8703
1.948
1.7454
2.2302
1.7147
2.1098
1.8333
2.2386
1.7424
1.688
2.4012
2.2543
2.1926
2.0253
2.3365
2.3491
1.4769
1.9656
1.7413
2.2536
2.388
1.2989
1.9589
2.1049
1.4882
1.1734
1.3801
2.4198
2.3591
1.7165
2.0178
1.9147
1.5655
1.8977
1.738
2.1073
1.4259
2.2753
1.1115
2.2492
2.0513
1.5594
1.6718
1.5955
2.043
2.1271
2.1405
2.0869
2.1036
2.201
1.9039
2.1739
1.918
2.1526
2.1247
1.9684
1.2665
2.3052
1.6485
2.1244
1.4565
1.5051
2.0303
1.1061
1.4518
1.8259
2.4278
1.9661
1.733
2.1217
1.9478
2.2637
2.0089
2.389
1.3476
2.3134
1.5437
1.4254
1.5636
2.2668
2.411
1.904
2.2867
1.2991
1.3569
1.8315
2.1056
2.0213
2.2346
1.9956
1.4554
2.0369
1.9989
2.0333
2.0864
1.5044
2.4138
1.9889
1.8975
1.2285
1.4805
2.3097
2.2863
2.2977
2.3146
1.4148
2.2887
2.3305
1.9647
1.3375
2.3844
2.3582
2.1733
1.9444
1.9429
2.1038
1.987
2.123
2.0255
2.3195
1.9248
2.0741
1.7381
1.6513
2.2836
1.8782
1.9044
2.1054
1.2406
2.0513
2.2484
1.84
2.1927
2.2587
1.4286
2.2347
2.2959
2.2165
2.2514
2.1805
1.4437
1.3282
1.3843
1.5318
2.3222
2.3022
2.1967
1.2782
1.4124
1.9624
1.3089
1.9462
2.0205
2.0925
2.0852
2.1238
1.5899
1.4562
2.3146
1.4693
2.0314
1.7307
2.2305
1.2647
2.2707
2.2363
2.345
1.8973
1.9716
2.0193
2.1723
2.2946
1.983
1.2903
1.9138
2.0322
1.7823
1.781
2.0267
2.3055
1.9087
1.3954
1.5263
2.358
2.334
1.9012
1.8052
2.3596
2.3696
1.6644
1.418
2.3605
1.6136
1.8705
1.6225
1.4612
2.2515
1.7038
2.21
2.0514
1.5971
1.6577
1.7141
2.3242
2.3826
1.8808
2.2186
1.4843
2.3091
1.6563
2.1725
2.105
1.8462
2.2502
1.9929
2.3324
1.9926
1.8071
2.2593
1.4819
2.2517
2.2138
2.2226
2.239
1.5376
2.2911
1.2393
1.4658
1.5233
1.9308
1.5012
1.2789
2.1774
1.9791
1.7047
2.0479
2.4144
1.9488
2.3605
1.9924
1.3526
1.7517
2.2803
1.3912
2.0909
1.9106
2.2375
2.0404
1.8955
2.2527
2.0916
2.4125
1.7722
2.2655
1.8461
1.7524
1.3722
1.6086
1.5769
2.2948
1.8571
1.7211
2.2876
2.216
2.3444
1.7532
2.4688
2.0264
1.2938
2.0035
2.1644
1.9306
2.3736
1.2404
2.2329
2.0534
2.0272
2.1409
2.2927
2.3128
1.6255
2.2641
2.2812
1.9068
1.5164
2.4547
1.7523
2.2976
2.1541
1.4671
1.5907
1.3634
1.8482
2.1222
1.4509
1.7214
2.0714
1.5808
2.194
1.9546
1.6649
2.4344
2.1205
2.0401
1.5342
2.3415
2.3037
1.7978
1.3843
2.2991
2.0051
1.3111
2.0819
1.6704
1.8261
1.7651
2.0262
1.685
2.2272
1.6479
1.5341
1.8288
1.3623
1.6915
1.6686
1.5735
1.8079
2.2992
1.8437
1.5198
2.1135
1.9516
1.6414
2.0534
1.3568
1.1338
1.758
1.9593
1.7414
2.1779
1.4415
2.4004
1.5976
2.3094
2.4073
2.3141
2.2269
1.8833
2.0696
1.3669
2.2043
2.2021
1.4814
2.2535
1.4309
2.3283
1.9879
1.1919
2.2481
1.7745
1.8236
2.0083
1.8805
2.3952
2.4023
1.4746
2.2965
2.1373
2.1403
2.3036
2.2186
2.3895
2.1015
2.1887
1.8992
2.1559
2.0303
2.3191
1.8497
2.3719
1.3159
1.5044
1.6754
1.7504
2.2386
1.6316
2.09
1.4508
1.4238
1.7311
1.9775
2.1891
1.7558
1.4022
2.0233
1.8017
1.5762
1.8423
1.9308
2.3726
1.9101
1.9158
1.9933
2.162
1.7448
1.8665
1.3096
2.2364
2.2533
1.4975
1.4532
1.9116
1.8705
2.1815
2.3396
2.2235
2.1439
2.2869
1.6784
1.7852
2.3166
2.2791
2.1797
1.792
1.4983
1.8065
1.7995
1.7912
1.5384
2.336
2.1301
2.2852
1.615
1.9688
1.983
2.0198
1.4752
1.995
2.4
1.7367
2.4244
1.915
2.2584
2.1903
1.884
2.0216
1.9433
2.0113
1.6471
1.7432
1.6523
2.2592
1.3549
1.4432
2.456
1.3094
2.3182
2.1425
2.2656
1.711
2.0655
2.038
2.2085
2.4197
2.3263
1.7386
2.2881
1.7039
2.161
2.1852
2.2369
1.4749
2.2029
2.0167
1.7763
1.8337
2.1849
2.3231
1.9689
2.467
2.2817
1.9872
1.5034
2.4299
2.1572
1.8284
2.1247
2.0174
2.1226
2.3253
1.8727
2.1743
1.9663
2.0983
2.1847
2.1101
1.9553
1.6843
1.905
2.2367
1.8818
1.3812
2.037
2.2752
2.2731
2.2697
2.0119
2.1669
1.5342
2.0319
2.256
2.0119
1.3827
1.6964
2.03
2.1361
2.238
1.6362
1.6986
1.9759
1.7079
1.5336
2.2118
1.3721
1.9741
2.2765
1.4967
1.5391
1.9739
2.0656
1.7957
2.1205
1.6391
2.2764
1.9947
1.9925
1.7071
1.4055
2.2138
2.1746
1.8381
1.8511
2.2546
1.765
2.2354
1.4174
1.8279
1.7259
1.7839
1.9834
1.459
1.987
2.1811
2.0599
1.5397
1.455
2.1812
2.1698
2.1248
1.4892
1.9873
2.4264
1.7678
2.35
1.9585
2.3388
1.5805
1.68
2.2859
1.5064
2.2311
2.302
1.6904
2.2724
2.283
2.3397
2.2176
2.2473
1.8284
1.725
2.2771
2.0541
2.0621
1.9981
2.0025
1.9941
2.0461
2.0717
1.4054
2.0054
1.3416
1.5242
1.4338
1.9797
2.2771
1.8568
1.5515
2.0897
1.6312
2.1312
1.5729
2.2683
2.2083
1.7045
2.2608
2.2921
2.0379
2.2839
2.3768
2.2682
2.315
1.6699
2.0274
2.3152
1.6327
2.1931
1.4178
2.1836
1.7866
2.4547
1.9416
2.2112
1.8172
1.3741
2.0646
1.9932
2.2158
2.1689
1.7426
2.251
1.8364
1.206
1.5266
2.231
2.1737
1.8426
1.8277
2.1918
1.7272
1.663
1.4578
1.2742
2.0118
2.3604
2.1771
1.3935
1.6591
2.2289
1.6848
1.837
1.797
2.0736
1.3711
1.5766
1.2831
2.2698
2.1551
2.178
1.3862
2.358
2.1095
1.9738
1.9142
2.2131
1.8641
1.3566
1.7937
2.1786
1.3338
1.8271
2.2534
2.0363
2.1638
2.27
1.791
2.3977
2.2232
2.3422
1.5696
1.8727
1.801
2.2256
2.119
1.5213
2.1671
1.822
1.9657
2.1729
1.2815
1.5241
1.7057
1.5888
2.2238
1.7271
2.3201
2.2521
1.4266
2.0737
1.6905
2.2419
1.6566
2.1217
2.2198
2.1292
1.7788
2.2726
1.5603
2.462
2.0655
1.7288
2.3915
1.7429
1.4902
2.1255
1.7954
2.3105
2.2993
1.4618
1.9264
1.4357
1.7956
1.4862
2.4132
1.5185
1.5375
1.9716
2.2422
2.2947
1.7499
2.1195
1.4971
1.4736
1.5411
1.4201
1.9582
1.9413
1.6349
2.1425
2.1214
2.2132
2.2831
1.4343
2.1909
2.1674
1.5843
1.4854
2.1125
2.2166
1.545
1.6399
1.8686
1.9418
2.0578
2.1884
1.7241
1.5927
2.0713
2.235
2.0808
2.1007
1.6529
1.9115
2.1538
2.2667
2.3385
1.8626
2.1158
1.6223
1.9183
2.2287
1.4357
2.0092
2.0053
1.5842
1.3808
1.7682
1.3
1.7818
2.2674
1.6634
2.1809
2.3226
1.9345
1.6106
1.9723
1.6465
1.7234
2.0569
1.4714
1.5489
1.4494
2.0501
2.0503
2.3155
2.3361
1.889
2.2057
1.9997
1.8247
1.3773
1.6251
1.3275
2.1508
2.0999
2.0447
1.9175
2.0635
2.0637
1.8966
2.3795
1.9989
2.2431
1.384
2.2408
1.7792
2.0882
1.9922
2.2203
2.1191
2.1901
1.3066
2.4021
1.7749
1.6119
2.31
2.371
2.294
2.0432
2.1903
2.1561
1.9503
2.1121
2.3397
1.7768
1.8607
2.2512
2.3231
2.3259
1.2539
2.1028
1.9993
2.4051
2.1935
1.5651
1.516
1.9512
1.2919
2.2601
2.1833
2.2573
2.4034
1.6508
1.8298
2.4648
2.0621
2.1134
2.327
1.7007
2.1484
2.4254
2.207
1.6986
1.5402
1.9239
2.0731
1.8513
2.1908
1.7776
2.0075
2.0882
1.4743
2.0491
2.1762
1.9766
1.9652
1.6632
2.4417
1.3554
2.2445
1.9354
1.8993
1.3687
2.1928
1.5801
2.3803
2.2916
1.2469
1.7291
1.4174
2.2639
2.1976
2.1687
2.0259
2.1301
2.0462
1.9125
1.863
1.915
2.0237
1.9838
1.4469
1.8336
1.7392
2.1766
1.9856
1.7136
1.6252
1.9931
2.2469
2.0772
1.7306
1.6865
2.238
1.6593
1.9337
1.4463
1.6243
2.1102
2.3112
2.0114
1.7542
1.8224
2.4144
2.1825
1.9403
2.335
2.0381
1.8937
2.2754
2.224
2.357
2.1986
1.9718
2.0723
2.162
1.5136
1.5826
2.2275
1.553
1.7386
2.0727
2.3043
1.3628
2.4105
1.9406
1.5173
2.076
2.1255
2.3453
2.235
1.9624
2.1902
2.1793
1.6131
1.4574
1.9242
1.7264
2.2741
1.9713
1.7503
2.2271
1.2031
1.7083
1.3437
1.9431
1.5154
1.5617
2.1911
2.4216
1.9368
2.1429
2.3536
2.05
2.0474
2.0941
2.2505
2.3153
2.2183
1.7404
1.7172
1.6795
2.2086
1.421
1.9297
2.4072
1.7721
2.2237
1.7375
2.3349
2.0214
2.1849
2.0006
1.125
2.0851
1.9456
1.8609
1.8913
2.0407
2.4887
1.9569
1.5401
2.1128
2.3261
1.8598
2.3985
1.464
2.0282
1.8523
1.4218
1.768
2.1489
1.9239
2.0835
1.3111
2.2185
1.7807
1.414
2.2455
1.2832
1.4569
1.3291
2.4286
2.3427
1.3031
2.3385
1.9339
1.4617
2.2088
1.8641
2.3816
2.2048
2.1254
2.3074
1.6047
2.0619
1.8291
1.9082
2.1714
2.2009
1.5965
1.663
1.5386
1.994
1.8788
2.1226
2.3607
2.199
1.2671
1.8777
2.1465
2.0705
2.2213
2.1572
2.0449
1.4699
1.8761
2.1899
1.6556
2.0746
1.7914
1.8644
2.059
1.6799
1.5076
2.1561
1.9756
2.1489
1.5742
1.3969
1.4611
2.293
1.8528
1.7176
1.9119
2.0842
1.757
2.2238
1.9054
2.3032
1.9978
2.1015
2.0241
2.3771
2.2659
1.875
1.3324
2.1216
2.0132
1.3666
2.3522
1.504
1.8283
2.2389
2.4374
1.4467
1.9617
2.3486
1.813
2.0827
2.0215
2.2225
1.4797
1.6022
2.2432
1.5796
1.4398
1.3376
1.3012
2.3342
1.8537
1.7834
1.3912
1.5062
1.6818
1.368
1.8274
1.2256
2.229
1.8337
1.77
2.2611
1.8058
1.4463
2.0066
2.0735
2.1335
2.1407
2.3433
1.4254
1.917
1.7972
1.9032
1.8328
2.2745
1.5176
2.275
1.9428
1.3588
2.3609
1.7465
2.2346
2.077
2.3088
2.009
1.4901
1.8141
2.2247
1.6859
2.0102
1.7223
2.4115
1.6219
1.4095
2.0876
2.3474
2.2879
1.551
1.2408
2.2443
2.1386
2.3658
1.735
1.3204
2.1572
2.1288
2.0594
2.3166
1.7703
1.6855
2.2809
2.2717
1.9264
2.0866
1.5623
1.3518
1.3962
2.1828
2.361
2.4311
2.2195
2.0431
2.2596
1.6455
1.8309
2.0147
1.9744
2.3826
2.1697
1.832
2.1645
2.2736
1.3538
2.2363
2.2092
1.8463
2.0732
2.1616
2.3521
2.2913
2.4023
1.9462
2.3217
1.4871
1.905
1.5402
1.8019
2.2658
1.8523
2.1384
2.1172
1.965
2.4205
1.4957
1.5205
1.9288
2.3
2.2788
1.5937
1.8205
1.3695
1.5295
1.9583
2.0158
2.4046
1.7315
1.9817
1.7787
2.0307
1.5877
1.7544
1.6988
2.4187
2.3189
2.3357
2.2123
1.5916
2.386
2.1342
2.2461
1.5495
1.5073
1.2226
1.7219
1.7572
1.6666
1.892
1.884
2.3785
1.8202
2.0949
2.0963
1.3806
1.8082
1.6606
2.2276
2.3697
1.5458
2.111
2.3498
1.5217
1.5636
1.8036
1.9723
1.9662
1.6061
1.7779
1.3964
1.8482
1.934
1.2256
2.2578
2.2865
2.3236
1.7761
2.2714
1.7426
2.3096
1.8445
1.9836
1.9832
2.2466
2.0526
1.1707
2.1062
2.3913
1.5412
1.8983
1.5903
1.4057
1.8212
1.7155
2.125
1.7723
1.695
1.9792
1.9688
1.8864
2.1936
1.4848
1.3264
2.0684
2.2079
1.5412
1.6035
2.3372
1.3927
1.6038
1.6467
1.7544
1.9951
2.4109
2.0303
2.3053
2.327
1.4151
1.9805
1.5748
1.8216
2.1589
2.1079
1.3401
1.9675
2.2437
1.8019
2.2266
1.2682
1.5091
1.5254
1.9465
1.2546
2.2454
1.5488
1.8055
1.3133
1.4544
2.4163
2.034
2.2494
1.8545
2.206
1.7529
2.0928
2.1193
1.2602
2.3762
1.766
1.9889
2.1488
1.427
2.3163
1.9673
1.7966
2.071
2.4712
2.4022
2.0344
1.7634
1.9027
1.4263
1.5034
2.3192
1.4998
2.1591
1.92
1.9429
2.2485
2.2692
2.1544
2.0576
2.1692
2.0318
2.3934
1.5119
1.8699
1.8267
1.9077
1.5418
2.2526
1.1591
1.576
1.2364
1.5226
2.2221
1.8904
1.9705
1.3126
2.1732
2.2454
1.2988
2.2948
2.3426
1.9848
2.1659
1.6465
2.2482
2.2503
1.6516
2.0309
2.1972
2.0796
2.3002
1.7947
2.0294
1.4081
1.7376
2.196
1.7862
1.9124
1.4725
1.3496
2.0915
1.8388
2.2732
2.3006
2.137
1.6223
2.2963
2.1569
2.2377
1.8872
2.1265
2.2664
1.4376
2.2726
2.3179
2.251
2.2001
1.8223
2.235
2.1722
2.0058
2.2232
2.0215
1.9674
2.2525
2.0014
2.1459
1.4356
2.0744
1.8868
1.9713
2.1986
1.414
2.1997
2.1481
1.5052
2.2268
2.0605
2.2362
1.7718
2.1385
1.9415
1.8278
1.8887
1.843
2.0414
2.1856
2.0848
1.6853
2.1369
2.0484
2.0549
2.2032
1.7774
2.1884
1.7347
2.0356
2.0813
2.2001
2.0987
2.4043
1.2083
1.2931
1.8649
2.164
1.5526
1.8409
1.9426
2.173
1.9644
1.7245
2.2047
1.4896
1.7761
1.7602
2.2102
2.1383
2.0787
2.3585
1.9999
1.2728
2.1922
2.3025
1.7644
2.2438
1.7765
2.2284
2.2144
2.2581
2.1587
1.6492
1.4814
1.5223
2.1278
1.3357
2.1243
1.2962
1.3613
2.2402
2.3167
1.7312
1.8577
1.6596
2.0667
2.3063
1.3433
2.0939
1.8778
1.4105
1.4944
2.0024
2.1548
2.3878
2.077
1.4681
1.5854
1.4222
2.3809
1.9515
1.7685
2.3945
2.0588
2.098
2.1794
1.3646
1.4947
2.1481
1.4781
1.876
2.3401
2.2184
2.2092
1.7314
2.0752
2.0361
2.3008
2.3049
1.8372
2.294
1.5741
2.3048
1.3756
1.8012
2.026
1.588
1.8828
2.3181
2.3617
2.2528
2.2401
1.4471
2.1347
2.143
2.0097
1.6934
2.1777
2.231
1.7403
1.8977
1.7073
1.5776
1.7288
1.8146
2.3559
1.5891
2.0934
1.8075
1.4636
2.152
1.283
1.8439
1.8733
2.0436
1.5616
2.2264
1.2372
2.0402
1.644
2.1819
1.3763
1.7883
2.1958
2.0612
2.2268
1.8703
1.4193
2.1517
2.2565
2.3252
1.3502
2.0412
1.4825
1.9631
1.4708
2.2071
1.6302
1.9309
1.9825
2.0474
1.4433
2.1417
1.7469
2.2093
2.2111
2.2836
2.1156
2.1476
1.5765
2.0285
1.7146
1.6258
2.2941
1.7706
2.2786
2.0267
2.0015
1.7874
1.8342
1.2813
1.414
2.0652
2.0379
1.9293
1.9447
2.1938
1.448
2.1251
1.5647
1.9273
1.5684
2.2253
2.144
1.8469
2.1862
2.3078
2.0087
2.2853
2.0348
1.3732
1.5017
1.5047
2.4244
1.9708
2.418
2.368
2.1654
2.3237
2.0793
1.907
1.7803
2.2616
2.3191
2.159
1.5999
2.329
2.3543
1.3186
2.3195
1.3382
2.0163
2.324
1.9992
1.7986
2.1089
2.2532
1.3606
1.6372
2.3679
1.1872
1.978
1.9984
2.3789
2.0233
1.5622
2.2004
1.7755
2.2065
1.8891
1.3533
2.2195
1.8741
1.6619
1.3179
2.0141
2.2339
2.0124
2.1252
2.1434
1.6827
2.2502
1.8484
2.078
2.1999
1.3492
1.2415
2.2556
2.1193
2.1752
1.9387
2.2018
1.4086
1.7084
1.5931
2.1262
1.8116
1.6229
2.3199
1.356
2.1374
1.8667
1.5295
1.9316
2.1504
2.2134
2.2837
1.6266
1.3804
1.5592
2.2804
1.912
2.048
1.9955
2.181
1.9802
2.049
2.3423
2.3455
1.7468
1.6246
1.7984
2.123
1.1582
2.1576
1.9625
2.0031
1.967
1.9145
1.9563
2.2818
2.2139
2.1895
1.9448
2.2755
2.2112
2.1225
1.8095
2.1638
2.2322
2.0321
2.0748
1.8084
1.3941
2.0513
1.4057
1.9979
1.819
2.3213
1.9198
1.4471
1.8173
2.3361
2.225
1.6825
2.3316
2.4165
1.5289
2.113
2.1898
2.2222
1.8724
2.2012
2.2145
2.3179
1.8791
2.0054
2.1174
1.8984
2.285
1.7372
1.8173
1.8656
2.1765
2.0932
2.334
2.275
2.2578
2.3115
2.2296
1.9134
2.2435
1.6616
1.7473
2.3244
1.8719
2.2195
1.2065
1.9925
2.0753
2.1552
1.7588
2.2742
1.4579
1.4915
2.2403
1.9393
1.6518
2.1432
1.843
2.1346
2.1528
2.37
2.3095
2.2068
2.2981
1.6045
1.4648
2.2167
2.2299
2.1493
1.2902
2.2431
2.4154
1.9109
2.072
1.6159
2.2644
1.5934
2.1374
1.7778
2.1917
2.0637
2.1137
2.2101
2.0567
2.0582
1.5151
2.2553
1.9115
1.7967
2.3957
1.9573
1.5822
1.7014
2.1364
2.1731
2.3571
2.0535
1.7246
2.0665
2.3764
2.1231
1.6544
2.1461
1.6799
2.4244
2.2431
1.6758
2.1808
1.8484
1.5202
2.1737
2.2341
1.221
1.8582
2.1985
1.7858
1.4016
1.284
2.3103
1.3336
1.8407
1.6042
2.1784
2.3548
1.1794
1.812
1.6733
1.439
1.5025
1.6581
1.7468
1.4434
1.8724
1.3444
1.8397
2.0554
2.2538
1.4346
2.1921
2.0886
2.1824
1.4865
2.2608
1.3249
1.8927
2.0917
2.0099
1.2404
2.0531
1.5026
1.9828
1.9746
2.2997
1.417
1.5993
2.2429
2.2405
1.8618
1.3719
1.7244
1.5086
1.5536
1.567
1.6284
2.2467
1.5482
1.5436
1.4481
1.9726
2.2981
2.0652
1.7684
2.381
2.1371
1.3505
1.3455
2.2225
2.052
1.359
2.1446
1.6887
1.9641
2.2017
2.488
2.051
2.0782
1.7322
2.1549
1.3774
1.4583
1.9671
2.1328
2.3595
1.8376
1.8978
2.3972
2.3194
2.4108
1.6609
2.1309
2.0818
2.2305
2.0722
2.101
1.6189
1.3316
2.0031
1.152
1.2806
1.2902
1.8202
2.3389
2.0915
2.2876
1.9486
2.1432
1.8906
2.1556
1.7033
1.526
1.8274
1.3273
2.0922
2.2636
2.1921
2.1086
2.2658
1.9267
2.1067
1.5618
2.2901
2.2005
1.784
1.412
2.1785
2.3037
2.2047
1.3392
1.1523
2.1153
2.0737
2.2031
2.0747
2.4099
1.5567
2.3365
2.1655
1.8917
2.0722
2.064
1.5249
2.0829
1.3856
2.2919
2.2923
2.3774
2.206
2.2882
2.1691
2.2011
2.3259
1.9461
2.0128
2.1702
2.3964
1.9044
2.3695
1.6193
2.1477
1.8774
2.1724
2.0938
1.453
2.2292
2.2863
2.3021
1.7605
1.3356
2.2197
2.0756
1.7344
2.3066
1.2349
1.8534
2.4222
1.7874
1.6757
1.9976
2.2527
2.1187
1.3368
1.9092
2.3594
2.2283
1.581
1.7033
2.3142
1.5117
2.0264
2.2968
1.5514
1.5439
1.7261
2.1387
1.5161
1.3026
1.8925
2.0963
1.8561
2.3107
2.1399
2.3127
1.2948
1.6357
1.9333
2.2993
2.3308
1.6432
1.5991
1.8977
1.3557
2.1363
2.1769
1.8467
1.6783
2.4004
1.3868
1.4688
1.4726
2.1574
1.8244
1.5501
2.0041
1.9503
2.1638
2.1089
2.0737
1.7752
1.9022
2.2742
1.4509
2.2168
1.3245
2.1937
2.0014
1.3536
2.2909
2.3403
2.1852
1.8014
1.7344
2.3911
2.3688
1.2148
1.7039
2.3498
1.987
2.3331
1.7057
1.6674
2.3541
1.7544
1.64
1.9426
1.309
1.7334
2.1903
1.342
2.0733
1.9788
1.6161
2.1999
1.7192
2.2668
2.1044
2.2724
1.8708
2.0691
1.6653
1.4441
1.5854
1.4007
2.0152
1.5537
1.5406
2.256
2.2615
1.6368
1.5383
1.5832
1.9086
1.8618
2.121
1.8824
1.6171
1.9353
1.3086
1.2091
1.5776
2.2522
1.3158
1.911
1.9806
2.1181
1.9519
1.4078
2.2966
2.1205
1.985
1.466
2.2756
1.9071
1.524
2.4795
2.1962
1.9536
2.3312
1.6795
2.2751
2.0432
1.6889
1.6397
2.3489
2.228
1.5168
1.3829
1.7928
1.5342
1.4048
2.391
1.7423
2.1153
1.5788
2.1016
1.2673
1.7457
1.9835
1.3526
1.6035
1.3276
1.5899
2.2479
2.2146
2.308
1.3734
1.903
1.6671
1.509
2.1784
1.634
2.1012
1.5683
2.1559
2.0289
2.3052
1.3917
1.9557
1.92
2.0557
1.5527
2.0191
2.1231
2.2743
2.1978
2.174
2.3081
1.2198
1.966
1.7962
1.569
2.2571
2.0232
2.3477
2.1271
1.3859
1.4841
1.5355
2.2298
1.8949
1.7171
1.2859
1.659
1.8687
1.4566
2.0697
2.0297
2.3988
1.3116
2.0429
2.0812
2.3809
2.0736
2.0664
1.8296
2.267
1.2538
2.2226
2.3012
1.8483
1.8644
1.5629
1.9186
1.8806
2.195
1.8025
1.3157
2.2462
1.9154
2.2114
1.764
1.8477
1.7877
2.0123
1.7887
1.6205
2.1576
1.1952
2.1449
1.8712
1.454
2.1254
2.3905
2.2282
1.2984
1.5036
2.2948
1.8042
2.225
2.2636
1.76
2.2585
2.0099
2.1872
2.3202
2.1521
2.2872
1.8444
2.0275
2.238
1.2344
1.9664
1.2036
1.2935
1.9196
1.9806
1.7797
1.9523
1.8935
1.6307
2.093
1.3901
2.2761
1.9216
1.8582
1.8705
2.3175
1.3507
2.0462
2.1749
1.4996
2.217
1.4881
1.4553
2.2731
2.1872
2.2591
1.2515
2.1603
1.8186
1.8624
1.9107
1.9097
2.138
2.2104
2.0775
2.1117
2.311
1.5522
1.6795
1.7266
1.5803
1.3605
2.1951
2.1017
1.8584
1.4212
1.4704
1.9272
2.4372
2.3609
1.8714
2.0954
1.2286
2.0595
2.1095
2.1631
2.3693
1.6687
1.3292
2.0644
1.9629
2.1297
1.6889
2.1949
1.9525
2.0667
1.3648
2.2417
2.2829
1.915
1.9848
1.3055
2.3452
1.54
2.2539
2.4006
2.0019
1.9085
1.7519
1.2658
1.9625
1.7183
1.7626
1.769
1.6929
2.0612
1.3019
1.69
2.2462
2.3057
1.5977
2.1323
2.1558
2.1832
2.1761
1.9536
2.0026
1.7845
2.2567
2.008
1.7811
1.9525
2.0673
1.957
2.2366
1.8345
1.4204
2.3448
1.8286
1.6216
2.3848
2.3465
1.9794
2.0654
2.2542
2.0019
1.9
2.0804
2.2086
2.2258
1.6458
1.4627
2.3211
1.573
2.0516
1.6465
2.2711
1.8633
2.1741
2.0096
2.0485
2.4114
2.4237
1.7665
1.3939
2.2377
2.0986
1.4083
1.5545
2.0802
1.8228
1.7228
2.127
1.7139
2.1941
2.2694
1.4902
2.252
1.9055
1.4549
1.9498
2.1504
2.0494
2.0089
2.3573
1.4314
2.0198
1.9939
1.7456
2.1328
2.2039
2.2193
2.2041
2.2868
2.0301
2.2267
2.0519
2.2544
1.58
2.4096
2.1963
2.4259
2.1008
1.5249
1.602
1.6534
1.7498
2.3564
2.2529
2.1305
1.2576
2.1838
2.3465
2.0674
2.3083
2.3433
2.1844
1.8325
1.3614
1.6329
2.1242
1.5844
1.4411
2.2497
2.2079
1.903
2.155
2.1968
1.7055
1.7483
2.1849
1.5688
1.9955
2.1629
1.6363
2.1797
1.3708
2.0964
1.7572
1.8525
1.9381
1.8677
2.2951
2.3258
1.8382
2.4267
1.3493
2.1631
1.5596
2.1958
1.5832
1.9917
1.6987
1.4301
2.4617
2.0844
2.1309
1.5659
1.7124
2.0515
1.5011
1.9122
1.7798
1.4595
1.9261
2.313
1.922
1.4148
2.0098
2.0441
2.1187
2.0635
2.2905
2.3284
2.171
1.9578
1.3087
2.1389
1.8983
2.0956
1.7513
1.6847
2.2472
2.2534
2.3146
2.2309
2.1783
2.3404
1.4251
2.2343
2.23
2.434
2.2534
2.0174
1.5549
1.4948
2.3205
2.0228
2.2916
2.1097
1.2894
2.1255
1.51
1.6451
2.2537
1.5652
2.1676
1.881
1.7674
2.1555
1.7062
2.2547
2.2444
2.018
2.1479
1.6266
1.7929
1.8517
1.5761
2.1722
1.4094
2.167
1.2893
1.7994
2.369
1.864
2.0787
2.0053
1.9906
1.3668
1.6548
2.0459
1.5308
2.0299
1.9992
1.4056
1.3502
1.91
1.3147
2.1098
2.312
2.4414
2.1407
1.8034
1.6721
1.5375
2.0089
1.9661
2.5056
2.0869
2.2077
1.9071
1.9367
1.4594
2.1811
2.0972
1.4173
2.0535
2.2227
2.2596
1.4697
1.6325
1.2709
1.6043
2.2543
2.0732
1.4118
2.334
2.1953
1.5252
2.0208
2.306
1.6666
1.4299
1.5739
2.0373
2.0365
1.9718
1.6913
2.228
1.4553
1.9883
2.0475
1.9073
2.1511
1.2509
2.0797
1.591
1.9875
2.094
2.2856
1.3704
1.361
1.8455
2.1939
1.6616
2.2641
2.3792
2.1785
2.2387
1.8175
2.1083
1.5041
2.211
1.3983
1.9677
1.776
1.6347
2.0397
2.0567
2.018
1.9486
2.3553
1.3965
1.3755
1.9246
2.1952
1.8001
1.2801
2.3015
2.1758
2.4239
1.5822
2.1361
1.4064
2.1744
2.1516
2.0319
1.9403
2.1703
1.9385
1.4495
1.9476
2.3137
1.6531
2.2174
2.2214
2.1516
2.1848
1.272
1.9903
2.1783
1.7634
2.0335
1.5981
2.0228
1.941
1.5843
1.3137
2.323
2.2094
2.0951
1.8484
1.9222
2.1786
2.232
2.2095
1.5981
2.2643
2.2077
2.202
2.0513
1.4771
2.1007
2.2015
1.5339
2.1057
1.4238
1.5732
1.9828
2.187
1.3278
2.0577
1.6609
2.2971
2.0204
2.0102
1.9434
2.2392
2.1103
1.7948
2.2272
1.671
2.1237
1.4815
1.938
2.1967
2.1925
1.2692
1.8953
2.0543
2.0019
1.5716
2.1444
1.8559
1.6006
2.0415
2.2481
1.8915
2.0838
2.0852
1.3871
2.1389
2.2028
1.9159
1.3623
2.1357
2.1766
1.9962
2.1394
2.272
2.4827
1.697
1.9882
2.2294
2.0498
2.4199
2.4042
2.1619
2.3039
1.5184
1.5156
2.212
1.9379
2.2785
1.8984
2.3044
1.7401
1.7394
2.1926
1.8449
2.1984
1.9651
1.8291
2.0945
2.0338
1.8635
2.0858
1.6757
2.3153
1.5271
2.182
1.9793
1.5832
2.0834
1.531
1.7385
2.1331
2.078
1.8902
1.3041
1.9655
2.2817
1.55
2.2717
2.1941
1.4653
2.0355
2.2854
1.5613
2.1527
2.1203
2.1321
1.5592
2.4037
2.2488
2.4191
1.3816
2.3471
2.3822
1.446
1.3979
2.0084
1.6446
1.9959
2.044
2.1432
1.8446
1.8647
1.3599
1.6626
2.1017
1.858
1.9233
2.2241
2.2443
2.3029
2.2756
1.9478
1.4237
1.9788
1.6264
2.0704
1.2947
2.4046
1.3694
2.0797
2.0902
1.386
1.9956
1.5146
1.4727
2.0053
1.794
1.7258
2.0547
2.2845
2.0687
2.1352
1.5243
2.2658
2.0304
1.6623
2.0148
2.3338
1.9405
1.372
1.8003
2.1708
1.7822
1.6736
1.8366
2.1722
2.0018
2.214
1.4478
2.0336
1.8882
1.7573
2.1394
1.9487
2.2396
1.6454
2.2099
2.1757
1.9983
1.6186
1.9957
2.1641
2.027
2.2417
1.2574
2.1579
1.4631
2.3644
1.5937
1.4262
2.1727
1.902
2.0727
2.412
1.8819
2.2058
2.1813
2.2578
1.4147
2.1847
1.5453
2.1118
1.9896
2.4282
2.1806
2.3192
1.8043
1.693
1.4274
1.8101
2.1316
2.1409
1.5905
1.8529
1.8656
2.4052
2.5272
1.9558
2.1629
1.9163
2.0772
2.2122
2.2465
1.568
1.5265
1.9033
2.294
2.1941
2.3087
2.0424
2.2662
2.2248
1.4116
1.994
1.6154
1.8868
1.7339
1.5468
1.5937
2.0465
1.8162
2.0887
2.2778
2.147
2.0377
1.948
2.0271
1.776
2.1089
1.7809
1.9274
1.6944
1.6697
1.9256
2.0916
2.2359
1.6283
2.2444
1.7125
2.1395
1.7815
2.4478
2.074
2.2227
1.8875
2.1971
1.5421
1.2002
2.3137
1.1877
2.2823
2.2608
2.205
2.3263
1.339
1.751
2.1276
2.0752
1.9627
2.0084
1.4326
2.1323
1.3572
2.0305
1.7268
1.4537
1.5785
2.2258
2.0768
1.508
2.132
2.0575
1.5683
2.3245
2.2785
1.9466
1.947
2.0282
1.3248
2.3124
2.1513
1.6081
2.2726
1.7419
1.9136
1.9614
1.9564
2.1521
2.0389
1.7803
2.3209
1.7833
1.3415
2.04
2.0119
2.132
1.8676
2.2321
1.2508
1.4214
1.4016
2.0022
2.2539
2.0986
2.3101
1.6542
1.7714
2.1939
1.7324
1.5566
2.186
2.2068
1.5348
2.2352
2.3723
1.2787
2.3112
2.3437
1.5302
2.0764
2.1628
1.9374
1.993
1.2579
2.1479
2.2983
2.269
1.9599
1.4477
2.0931
1.784
1.6837
2.0542
2.1941
2.18
2.3339
1.2272
2.4061
2.3492
2.2959
2.1126
2.2295
2.2402
2.0635
2.122
2.3555
2.2848
2.1443
2.0289
1.6275
1.6542
1.7491
1.6228
1.3717
2.0984
2.2318
1.787
2.0228
2.378
1.8815
1.5104
2.1475
2.1665
2.2456
1.2954
1.3669
1.808
1.8487
2.293
1.5256
2.2794
2.0026
2.2446
2.1104
1.6881
1.3428
2.3699
2.411
2.3749
1.6936
2.081
1.584
2.1035
1.7932
1.9982
1.9407
1.4992
2.1619
2.42
2.3291
1.8691
2.0549
2.1828
1.605
1.2275
2.0294
2.2446
2.2064
1.8946
1.3845
2.081
2.2341
1.5605
2.1077
1.6597
1.4651
2.0972
2.3633
2.2671
1.8661
2.3786
1.8506
1.9231
1.7367
1.9961
1.8979
2.2856
2.1703
1.7946
2.105
2.1771
1.7629
1.9826
2.1447
2.1621
1.9071
2.1285
1.5503
1.4747
1.5709
2.2401
1.5826
2.2982
2.2588
1.5183
1.8403
2.264
1.4219
1.4232
2.2379
2.0582
1.9041
1.8054
2.0316
1.5196
1.9716
2.2532
1.5634
2.0423
2.043
2.1111
2.089
1.5777
2.0961
2.2331
2.0197
1.5199
1.8814
1.3586
1.942
1.3501
2.2137
1.4109
2.1996
2.1177
1.9979
1.5324
1.9741
1.3853
2.0978
1.2914
1.5195
2.3634
1.5376
1.4668
2.3316
1.6295
1.9552
1.6491
1.9815
1.2375
2.1446
1.9168
1.4321
1.549
1.3696
2.402
1.5618
2.4063
1.6049
1.4977
1.9848
2.3787
1.2287
2.2435
2.1479
1.3768
1.9853
2.1505
2.2256
1.3798
1.6032
2.1389
2.1494
2.0679
2.227
2.2525
2.2804
1.5686
2.0075
1.455
2.3455
2.3965
2.2743
2.4785
2.3281
2.0296
1.5225
1.6082
1.9764
1.9377
2.4261
2.1231
1.6252
2.0632
1.5455
2.4113
1.5829
2.0809
1.5256
1.8765
1.8333
2.1473
1.3888
1.9705
2.155
2.3017
1.5968
1.4631
2.2264
2.3462
2.0207
2.3461
1.4552
1.3009
1.7506
2.1387
1.8023
1.9612
1.7845
1.9463
1.8149
2.3114
2.0539
1.4106
2.2764
1.9786
1.7412
1.7037
1.5995
1.9052
1.4585
2.2014
1.6746
1.6218
1.9673
2.2125
2.0998
1.8231
1.6567
1.9369
1.8027
1.7781
2.1145
2.1717
1.8583
1.8704
1.7828
2.2889
2.2638
2.2483
2.2648
2.1561
2.0971
1.8176
1.9824
2.2966
2.2833
2.21
1.2948
2.0995
2.1322
1.9604
2.2489
1.6638
2.0515
2.1581
2.3076
2.2626
1.5665
1.7536
2.1881
2.1179
2.3573
2.1222
1.6932
2.1393
2.3452
2.032
2.1923
1.4526
2.2738
2.3289
1.8714
2.419
2.2784
1.4031
1.5292
2.2137
2.2251
1.6788
1.8125
1.7079
1.8345
1.3762
1.6826
2.324
1.9276
1.34
1.7314
2.1301
2.0955
2.2924
2.295
1.7102
2.2424
2.0375
1.5968
2.4728
2.0186
2.1394
2.1581
2.2638
2.0575
2.2264
2.2576
1.9942
1.4282
2.0142
1.9668
1.8831
2.1746
2.3305
2.1024
2.1953
1.9437
1.7207
2.3805
2.1259
1.9338
1.5194
1.4433
2.3443
2.1945
1.8604
1.4497
2.0787
1.5829
1.6554
2.3334
1.3392
1.4782
2.3321
1.3044
2.0989
1.4654
2.1754
2.1312
1.5695
2.353
2.2928
2.1779
2.0734
1.382
2.0599
2.0278
2.0935
1.8918
2.4146
2.1419
2.3531
1.6072
1.9744
2.272
1.705
2.0246
2.1239
2.1188
1.7684
1.7544
1.8469
2.4079
2.231
1.8211
2.1795
2.1555
1.9033
1.8086
2.168
1.9824
1.5029
1.9505
1.8057
1.9529
2.1546
2.4434
1.8241
1.6896
2.3617
1.9301
2.1788
1.685
1.4107
2.3479
2.0432
1.6582
2.3845
2.3574
2.1988
1.4175
2.1255
1.804
1.1944
2.046
2.1451
2.2556
2.1019
1.9813
2.2329
2.0833
1.5524
1.6037
2.049
2.0938
1.25
2.3083
1.7052
2.2476
1.6153
2.2884
1.4873
2.193
2.134
1.6279
2.1032
1.7434
1.4517
1.4426
1.8021
1.702
1.438
2.0897
1.2093
2.1095
2.0555
1.8305
1.4491
2.2025
1.4116
2.2252
1.2658
2.1633
1.3872
2.1497
1.4669
2.3055
1.4305
1.4175
1.3754
2.3156
2.4522
2.2378
1.78
2.1157
2.0977
1.7517
2.0311
2.1319
2.0212
2.2141
1.6809
2.122
1.7825
2.4132
2.077
1.6236
2.2419
2.1422
1.6312
1.8755
1.3564
2.0231
1.667
2.1696
1.814
1.9907
1.8518
2.0439
2.2795
1.8649
1.8871
1.4758
1.7562
1.9664
1.5855
2.2584
1.5501
2.1524
2.1047
2.1939
1.7075
1.8774
1.948
2.0603
2.2054
2.1076
1.8295
2.3276
2.1653
2.3381
2.1288
2.1348
1.6435
1.9593
1.6837
1.9716
1.6601
2.3837
1.7418
2.0439
1.9763
1.8724
2.0794
1.7985
2.3042
1.9384
1.4427
2.1458
2.0254
2.0331
1.777
1.9406
1.4382
1.9102
1.8176
1.6164
2.2389
2.1326
1.8757
2.2611
1.4002
2.141
2.0841
2.2701
2.3716
1.4614
1.4317
1.764
2.2499
1.5621
1.4748
1.3446
2.0289
2.3563
1.4372
2.1691
1.6717
2.2411
2.3194
1.7896
1.8402
2.0311
2.2904
1.706
1.5206
2.1718
1.7681
1.9501
2.2771
2.1766
2.1565
2.0947
1.4431
1.476
2.303
2.2586
1.6958
2.3015
1.9134
2.0105
1.7728
2.0354
2.3752
2.0511
1.6782
1.8186
1.6993
2.4092
1.9813
1.5412
1.7193
2.2361
2.298
2.0325
1.9621
1.7627
2.3321
1.9197
2.2976
1.9966
2.2912
2.1605
2.2052
1.8758
2.3049
2.2959
1.4513
2.1079
1.9796
1.5124
1.7772
2.1926
2.2569
1.3337
1.9471
1.9391
2.1348
2.1153
1.6324
1.9509
2.1294
2.231
2.0594
1.9106
2.0979
2.3285
2.2824
2.0075
1.7737
2.2734
1.4064
1.9813
2.3779
2.0461
2.0852
2.0975
1.1632
2.1974
2.2295
2.1576
1.8055
1.4301
2.0162
1.9478
1.7953
2.3065
1.2926
1.2679
1.8967
2.288
2.2971
2.4271
2.0573
1.9703
1.6239
1.6219
2.0743
1.4867
1.1615
2.2206
1.4938
1.5412
1.8157
2.0152
2.1954
2.1034
1.2177
1.6655
2.2123
1.7542
2.2913
1.6412
1.8905
2.429
2.0275
1.9202
1.5664
1.5985
2.2616
2.2886
2.2039
1.5696
1.9701
1.8652
1.8237
1.9638
1.8878
2.1032
2.2703
1.4814
2.033
2.3255
1.9921
1.888
2.0394
1.6786
1.8274
1.9754
2.165
1.2597
1.8614
1.7337
1.9781
1.9488
2.1305
1.9538
2.1378
1.9496
1.9426
2.3495
1.8968
1.979
2.0594
1.9516
2.1816
2.2743
2.1056
2.0102
2.0531
1.8907
1.4585
2.2892
2.1677
1.8822
1.9495
1.1978
1.8165
1.8753
2.3059
2.1784
2.105
1.7693
2.2417
2.207
2.2122
2.0562
1.7819
2.0002
1.6988
2.217
2.1415
2.2362
1.5004
1.4859
1.727
2.2028
2.1997
2.0219
1.7037
2.2485
1.3748
1.6375
1.5615
2.3384
2.1864
2.3088
1.1608
1.938
1.744
2.0676
2.1531
1.4618
2.172
2.2414
1.487
2.34
1.4045
1.3923
2.2812
2.1117
2.0994
2.3183
1.4989
1.9154
1.7603
2.2112
2.319
1.6648
2.0641
1.5308
2.0861
1.4259
2.2938
2.0742
1.754
2.509
1.3596
1.2978
2.1997
1.3633
2.0375
1.4966
1.4305
2.0976
1.3657
1.5425
1.9866
2.0529
1.8339
2.0069
2.2861
1.5493
2.3364
2.1501
1.2863
2.1639
1.7909
1.523
2.2713
1.7343
1.9689
2.3384
2.4133
1.3345
2.124
1.3779
1.8282
2.2956
2.1043
1.9906
1.616
2.3315
1.2309
2.2002
2.2454
2.0961
1.9779
2.3973
1.2055
1.5631
1.1906
1.8735
2.2221
2.0764
2.0844
1.8769
1.9726
2.283
1.9819
2.1507
1.406
2.2506
1.8696
1.6467
1.9431
2.3048
1.3616
2.1924
1.6617
2.195
1.8685
1.6326
2.0022
2.1467
2.2265
1.6002
1.2772
1.4024
2.0334
1.7972
2.2698
1.6592
2.3298
2.2723
1.4779
2.2149
2.0405
2.3
2.2789
2.0139
1.5496
2.1101
1.6037
2.3069
1.5873
1.983
2.1453
1.9631
1.71
2.3434
1.9071
1.4316
2.3255
1.2649
1.8617
1.362
2.0282
2.172
1.9798
1.8429
1.6201
2.1768
2.3225
2.2409
2.4291
1.7137
2.3575
2.3502
2.1354
1.906
2.1555
2.1668
1.7954
2.0705
2.1673
1.9536
1.6735
1.6968
1.6449
1.3488
1.4353
2.1392
2.2725
2.1337
1.5469
1.5082
1.52
1.9522
2.2956
2.2778
1.4246
1.817
2.2261
1.2709
1.3256
1.8755
1.7084
1.5121
2.1089
1.5065
1.5748
1.9113
2.0296
2.1476
1.6572
2.0959
1.2624
2.1493
1.2985
1.7363
2.3526
2.2389
2.308
1.9775
1.361
2.2195
2.3492
2.2744
2.1034
1.2417
1.883
1.9782
2.4201
1.4932
2.308
2.162
2.2445
1.8965
1.2499
2.4179
2.2293
1.8984
1.7389
2.3286
1.616
2.0767
1.8842
2.1494
1.9791
1.8364
1.8954
1.5937
2.0887
2.2263
1.9007
1.7486
2.0423
2.0426
2.1896
1.306
2.0719
2.2181
2.1253
1.4746
1.8246
2.3586
1.5169
1.606
1.4909
1.6362
1.6971
1.6603
2.2679
1.2734
2.0903
1.9744
1.8153
2.3164
2.2905
2.2747
2.0473
2.1198
2.4074
1.4322
2.0892
2.1111
1.7852
1.9709
2.2479
2.1779
1.5599
2.1871
2.1725
1.2482
1.9368
1.9385
1.8336
1.865
1.8396
2.1879
2.3703
1.9715
2.3418
2.1278
2.3184
1.757
1.8271
1.5932
1.8901
2.3635
2.1513
2.1087
1.8051
2.0171
2.0102
2.0228
2.0106
2.1138
1.9595
2.4222
1.3164
1.9555
1.8725
1.3766
2.2009
2.3345
1.5218
1.8955
2.127
2.2196
1.6217
1.3336
1.9783
1.873
2.2549
2.377
1.4467
2.2404
2.3512
2.1857
2.2006
2.4748
2.3887
1.6068
2.0233
2.2267
1.7199
2.3939
1.1118
1.961
2.4274
1.7565
2.3165
1.1968
2.3592
2.0497
2.1171
2.4501
1.6502
2.259
1.2533
1.9628
1.7973
2.0544
1.8266
2.2406
2.2975
1.5814
2.0236
2.0215
1.961
2.0308
2.0832
2.0603
2.2129
2.221
2.2762
2.0695
1.5366
2.1441
2.1952
2.0855
2.2081
2.3998
1.934
2.1555
2.3722
1.3266
1.4832
2.3814
2.1955
1.9588
1.6747
2.3074
2.3741
2.2437
1.4016
2.1864
1.9504
2.148
1.9702
1.4542
2.2548
2.1936
1.5233
2.1925
2.1431
1.9706
1.8792
2.0437
1.3984
2.307
1.4367
2.1593
1.3885
1.549
2.1831
1.3811
1.7055
1.993
1.8921
2.31
2.1512
1.9479
1.9206
1.4883
2.3432
1.3375
1.7011
1.317
1.3912
1.7235
2.0627
1.8869
2.1451
1.9341
1.3642
1.7189
2.0726
2.1711
1.3931
2.2739
1.6758
1.3206
2.2112
1.9185
2.0705
2.0799
2.26
2.2495
1.3538
1.6715
1.7947
2.1654
2.1742
2.1494
1.4953
2.2796
2.2349
2.0494
2.4326
1.609
2.2852
2.3096
2.2533
2.1897
2.2128
1.7973
2.072
1.9521
1.8783
2.0639
2.0496
2.1103
1.5786
2.0194
1.2809
2.0802
2.3249
1.521
1.543
2.063
2.0545
1.5038
2.0902
2.2759
1.4015
2.0385
2.0861
1.2515
2.0194
2.0631
1.6005
2.3093
1.5069
1.6638
2.0166
2.0424
1.7026
1.3264
1.9885
1.9918
1.7263
1.2924
1.9433
2.2035
1.3807
1.8093
1.7648
2.2314
2.2472
2.3557
2.0931
2.1948
2.112
2.3359
2.0909
2.1307
2.1647
1.6778
2.1296
2.2897
2.4385
1.7825
2.3145
1.2661
2.2879
2.0843
2.4347
2.095
1.8776
2.2093
2.1077
1.5719
2.2803
1.5586
1.4887
1.8837
2.1857
2.0544
1.8073
2.3363
2.0797
2.3802
1.9728
2.026
2.0114
1.5612
2.0001
1.5118
1.9584
1.3128
1.8023
2.1075
1.6594
1.8655
2.4243
2.2235
1.7822
2.2104
2.1772
2.0751
2.2366
2.219
1.5323
1.5048
2.0332
1.8776
1.6973
1.9663
2.3979
1.6486
1.6681
2.0515
2.4147
1.2533
1.5388
2.2265
1.3493
1.9283
2.0959
1.7444
2.3799
2.3917
1.447
2.1846
1.939
2.3196
2.0344
2.1657
1.3238
2.2827
1.5996
2.3617
2.3473
1.9786
2.3836
2.0448
1.9968
1.8876
1.5296
1.6509
2.1423
2.076
1.7326
1.7872
1.9229
1.3985
2.2112
2.3078
2.0761
1.9594
2.094
2.4262
2.3289
2.1294
1.9985
2.0666
1.3828
2.0139
2.2173
2.2285
1.6138
1.9203
1.4641
2.2521
1.7314
2.1607
1.4192
1.7708
2.0679
2.2077
1.9316
1.3139
2.2495
2.1859
2.2922
2.205
1.632
1.3151
1.453
2.0717
2.3422
1.8345
2.1341
1.7448
1.5653
2.2201
2.0486
1.4918
2.2585
2.2073
1.3793
1.9346
1.4105
1.8266
1.8967
2.1115
2.2426
2.1713
2.0799
2.1051
2.0163
1.8732
1.6638
1.7831
1.7472
2.0633
1.2689
1.5276
1.4901
1.3557
2.1989
1.9031
1.5382
1.4589
1.7974
2.1832
1.1744
1.8229
1.3523
2.2451
1.9149
1.9627
1.7871
2.0826
2.0747
2.0477
2.0048
2.1399
2.3292
1.409
2.1487
2.2616
2.2701
1.551
1.3114
1.6397
2.1498
1.7844
2.1168
1.6356
2.3538
1.7857
1.8828
2.0669
2.1893
1.3929
2.1443
2.1767
2.0408
1.7874
1.6064
2.1653
2.0957
1.5342
2.0876
1.861
2.2618
2.3723
1.7335
1.9219
1.9166
1.6452
1.9894
2.1823
2.3057
1.9007
1.9796
2.1639
2.1599
2.1292
2.2346
1.6043
1.6522
2.3587
2.0603
1.7672
1.9659
2.2267
1.4774
2.3893
2.3655
1.827
1.9082
2.2954
2.0726
1.3702
1.2476
2.3295
1.9047
2.1401
2.1636
1.8459
1.3902
2.3634
2.1732
1.8314
1.179
2.2155
2.2998
2.4243
2.2039
1.2772
2.0897
1.5096
2.053
1.733
1.4508
1.464
2.3759
1.4284
1.8909
1.3918
1.9292
2.1062
2.2752
2.058
1.804
2.2557
1.7294
2.1939
1.5945
1.5409
1.6021
2.2078
1.2232
1.8164
1.9316
2.041
1.9123
2.2194
1.4015
1.8532
2.4662
2.1136
1.8152
2.289
2.0436
1.7733
1.9748
1.4874
1.9655
2.1983
1.3905
1.5294
1.7204
2.0666
2.0689
2.1824
2.4403
2.4188
1.8018
1.5527
1.5429
2.021
1.6915
2.0647
1.2553
1.933
1.7323
1.581
2.2429
2.2275
1.985
2.1352
1.3599
1.8547
2.2307
1.8221
2.3122
1.6784
1.3143
2.1388
1.7588
2.2188
2.1552
2.1743
1.9356
1.6135
2.0981
1.9776
2.3013
2.1266
2.0012
2.1927
1.4203
1.3495
1.2432
2.1481
1.3998
2.1505
2.3264
1.4044
1.5189
1.795
1.579
1.4837
2.184
2.0935
1.469
2.2423
2.2773
2.0759
2.2886
2.2294
2.3122
1.4258
1.953
1.9761
1.2409
2.029
2.3179
2.2345
2.3321
2.25
2.1998
1.6674
2.3441
1.8345
1.4685
1.4489
2.2409
2.2321
2.1949
2.1906
2.1356
2.139
1.591
1.4523
2.4752
1.2951
2.0835
2.1251
2.2752
2.0428
1.3613
2.1201
2.4968
1.4129
1.7345
1.8864
1.4694
2.3261
2.2323
2.2029
2.0976
2.2451
1.2838
1.5306
1.7507
2.25
1.9645
2.2908
1.5156
2.2041
2.0122
1.4306
2.0486
1.9502
1.9729
1.2185
2.0483
2.2348
1.3998
1.9873
2.28
1.2907
1.6706
1.8265
2.0796
1.7307
2.294
1.6961
1.9655
1.5066
1.38
2.4776
2.2378
2.3887
2.3452
2.1649
2.1908
1.5382
1.4268
1.2926
1.8943
1.9512
2.0747
1.7319
2.0457
1.4777
2.1226
1.2817
1.561
1.5245
2.1156
2.3759
2.3729
2.3267
1.786
2.2447
1.9994
1.7753
1.8227
1.5359
1.7483
1.4823
1.9304
2.3925
1.7467
1.8665
1.8918
2.2424
1.6962
1.4125
1.4804
1.9979
2.0727
2.0024
1.5592
1.8694
2.0616
1.6455
2.3226
1.596
1.8838
2.1453
2.0082
2.0257
1.6038
1.8862
2.1123
1.6258
2.2375
1.6603
2.3634
1.5416
1.9514
2.1077
2.2291
2.0885
2.2701
2.247
1.6386
1.9431
2.0692
1.5004
2.3479
2.1583
2.0463
1.851
1.8855
2.0832
2.1862
1.8781
2.2206
1.4738
1.8764
1.6592
2.0299
1.3558
2.301
1.6537
1.9276
2.0787
1.5438
1.9803
2.2477
1.3474
1.7353
1.921
2.0214
1.7271
2.0283
2.1431
2.3626
2.1937
2.1689
2.2583
1.4171
1.4951
2.1786
2.1882
1.536
2.1575
1.9323
1.786
2.2365
1.8822
1.8809
1.9321
2.3383
2.0344
1.8621
2.3916
2.2652
1.7532
1.8505
2.065
1.7613
2.2168
2.3946
1.9543
1.8214
2.1456
2.3499
2.3062
2.172
2.2794
2.2115
2.111
2.407
1.4221
1.4938
1.2912
2.3403
2.118
2.267
1.252
1.4056
1.8527
1.923
2.0259
2.314
2.1261
2.2228
1.9765
2.057
2.0597
1.5032
2.2444
1.5014
2.1935
2.1525
1.6979
1.4799
1.843
1.573
2.0921
1.9106
2.3055
1.4552
2.0609
2.0076
1.3995
1.2656
2.277
2.2948
2.2894
1.5922
1.968
1.4217
1.9936
1.5038
2.1041
1.1568
2.0676
1.4731
1.91
1.7941
1.5787
1.5017
1.8853
2.1721
2.1227
1.5289
2.1027
1.4261
2.4053
1.6616
2.1562
2.1025
1.4877
1.4963
1.3117
1.8059
2.1777
2.368
1.8359
2.3465
2.3056
2.3879
1.5
2.1189
1.444
2.1512
1.7637
1.5755
1.8456
2.3327
2.1159
1.7027
1.4342
2.2156
1.2736
1.7986
1.7195
2.3766
1.4322
2.1189
2.1142
1.7255
2.2093
2.1861
2.0167
1.8385
1.2721
1.7523
1.9613
2.3175
2.1731
2.1334
1.9513
1.9778
1.1368
2.0116
2.174
1.7398
1.3577
2.1657
1.7532
1.3338
1.4501
2.3683
2.2932
1.8774
2.0898
1.9304
1.7308
1.6171
2.3225
2.2234
2.1789
1.9164
2.3073
2.3555
2.1022
1.5074
2.1127
1.3415
2.1562
1.9042
2.3005
2.3103
2.0742
1.4756
1.6862
2.3943
1.5106
1.3888
2.2439
1.6872
2.2766
2.0079
2.3905
1.6421
1.5914
2.1542
1.9555
1.8072
2.1811
2.1385
1.3483
1.8601
2.0705
1.8211
1.6716
1.8664
2.1728
1.4606
1.605
2.0466
1.2915
2.1433
1.7643
1.908
1.1889
2.1203
1.6118
2.363
2.2778
2.4235
2.2876
2.1976
2.2402
1.4418
1.6258
1.8769
1.8225
2.4946
2.3223
2.2657
2.4161
2.2485
1.8923
2.2404
1.2012
2.298
1.4402
1.9355
1.4045
1.2537
2.367
2.1768
2.3433
1.5276
2.1789
1.9081
1.9676
1.7703
1.8185
1.5478
1.9976
1.9704
1.2957
2.3055
1.8642
1.8175
2.2858
2.2298
2.2054
2.0246
1.786
2.2005
2.1203
2.3615
1.418
1.9449
2.2584
1.7934
1.7615
1.3698
2.2842
1.7199
1.9606
2.3154
2.3443
1.8425
2.0381
1.6828
2.1481
2.362
1.5452
2.4298
2.2834
1.8724
1.8366
1.8471
2.0423
2.3075
2.0078
2.2496
2.1879
2.3103
2.4172
2.0394
1.6831
1.3946
2.3701
1.919
1.6979
1.7019
2.193
1.3497
2.2825
1.6942
2.2782
2.3497
1.9346
2.2565
1.9592
1.21
2.0744
1.9415
2.0247
1.8162
1.9632
1.5176
1.9429
2.3024
2.4219
2.0403
2.2311
2.1262
1.4721
1.9184
1.7549
2.2711
1.9988
2.1334
1.7189
2.3798
2.2917
2.361
2.1817
2.1274
2.3242
2.2214
2.1372
1.7549
1.7075
1.9203
1.8274
2.3224
2.0359
2.0175
2.1915
1.9226
2.159
2.0573
1.7484
2.1184
1.7295
2.1752
2.0195
1.6633
1.5183
2.2276
1.9443
1.2494
1.9771
1.669
2.3247
1.5206
2.1492
1.864
2.2157
2.348
2.0803
2.0568
1.42
2.0195
2.054
1.8052
1.9709
2.1766
2.3833
2.1098
2.395
1.6429
1.7778
1.592
1.8306
1.2984
2.3952
1.7585
1.6831
1.7002
2.0586
2.0382
2.2201
2.2873
2.3544
2.2684
1.9824
2.2
1.81
2.1794
1.9829
1.7585
1.8593
1.9206
1.9803
2.3356
2.2392
1.4225
1.4776
2.1505
1.3981
1.6556
2.0382
2.0197
2.0998
2.2887
1.9863
2.2213
1.7321
2.2275
1.8189
2.0703
1.3715
1.3863
1.9816
1.5019
2.1827
2.1233
1.5588
1.4424
1.1487
2.1412
2.1874
2.0475
2.178
1.9044
1.8518
2.007
2.2981
1.3937
1.9228
1.5543
2.1387
1.5469
1.9874
2.2285
2.3645
1.8435
1.8647
2.1483
1.7009
2.0564
1.6373
2.3414
2.0584
2.0281
1.8222
2.0885
1.8692
1.5097
1.8898
2.1271
1.5947
1.1943
2.3827
2.1458
1.4525
2.1973
2.342
1.4453
1.4651
2.2823
1.9623
2.1198
2.0547
2.248
1.4772
1.3091
2.1269
1.4257
2.2069
2.1943
2.3416
1.5098
2.2328
2.0876
2.3254
2.1325
1.8615
1.8842
2.3832
2.0241
2.4699
2.1674
1.5178
1.6646
2.1692
2.3022
1.3148
1.9267
2.2302
2.254
2.2107
1.4469
1.5399
2.2799
2.0432
1.3857
2.0264
1.5729
2.2713
2.3494
2.3318
2.1816
1.6518
1.8196
2.2421
1.3615
1.2595
2.0862
1.648
1.5997
2.2361
2.0459
2.1045
2.2387
2.0324
1.597
2.0996
2.248
2.1143
1.6475
1.46
1.9172
1.7229
2.2732
1.5341
2.2211
2.268
2.4163
1.5186
2.2351
1.9574
2.1148
2.1332
2.005
1.7083
1.4578
1.2256
2.3634
2.0209
1.666
2.324
2.1803
2.3145
1.9748
2.0943
2.1855
1.2749
2.3122
1.7268
2.0499
2.2286
1.4604
1.8541
2.2364
1.8641
2.3092
2.1698
1.8529
2.2227
2.3601
2.2128
2.2777
2.2158
1.3913
2.0818
2.2506
1.5558
1.4058
1.4681
1.6818
2.0196
2.1367
2.2274
1.7385
2.1091
1.4884
2.1831
2.1236
1.5721
2.2981
2.0944
1.5071
2.2825
1.5769
1.967
1.2538
2.0833
1.2949
2.3007
2.3812
2.0311
1.8612
2.2369
1.9899
2.0166
2.1078
2.251
2.3496
2.3331
2.3036
1.5215
2.0205
2.2774
2.3836
2.0887
1.9162
2.0133
2.4629
1.9964
2.1744
2.1843
2.13
2.0652
2.3912
1.6229
2.3667
2.1627
1.654
2.1187
2.114
1.9491
1.9206
2.1436
2.2535
1.845
1.7918
1.9158
2.3154
1.4296
2.0869
2.1785
2.0863
1.467
1.4493
1.4151
1.4629
2.033
1.6498
1.9572
1.8569
2.3094
1.7211
1.7588
1.5781
2.0774
1.8574
2.1703
2.2258
2.0216
2.4017
2.3154
2.2651
2.43
1.3999
2.1305
1.7693
2.2228
1.5411
1.2864
2.1414
1.9493
2.12
2.0344
2.1201
2.2031
2.0009
2.4242
1.7429
2.4393
2.291
2.1976
2.3854
2.2842
2.2801
1.3051
2.2336
1.3784
1.7817
2.3115
1.895
1.9275
2.0643
1.7391
1.9964
1.2818
2.1835
2.0741
1.9589
1.5027
1.9045
2.2374
1.8682
2.0413
1.2321
1.9846
1.905
2.018
2.1491
1.7243
1.3912
1.4065
2.2356
2.0463
1.5254
1.9446
2.1063
2.3963
1.8082
2.2758
2.268
2.2005
2.4423
2.0581
1.9349
2.0182
2.3192
1.8546
2.2597
2.2986
2.0228
1.6963
1.9151
1.8561
2.4194
2.0006
1.6415
2.4015
2.1698
1.2945
1.3414
2.27
1.6107
2.3599
2.1432
1.9757
1.6177
2.1224
1.7544
2.0091
1.5032
1.3031
2.2171
1.443
2.1714
1.6396
1.5833
2.1683
1.8702
2.4531
2.044
2.3919
1.6061
2.2729
1.9108
2.1379
1.4769
1.4487
1.6247
2.1241
1.8902
2.4201
2.0242
1.4258
1.8794
1.6393
2.2525
1.994
2.2186
1.3708
2.2419
1.5015
1.8951
2.1672
1.8215
1.3177
1.3693
2.0779
2.1406
2.0388
1.4089
2.4217
2.2999
2.2032
2.1147
2.2611
1.4013
1.3691
2.324
2.3831
2.0502
2.1875
2.1287
2.1726
2.1977
1.2108
1.9394
2.2203
1.9772
2.1024
1.7566
2.2667
2.0119
1.2647
1.7713
2.2546
2.0662
2.0467
2.0929
2.128
2.3844
1.4872
2.1463
1.5001
2.0252
2.0666
1.997
1.8746
2.2075
1.3035
2.0238
1.9638
2.2905
2.2428
1.3367
2.1107
1.4658
1.5065
1.7176
2.2211
2.1005
1.9333
2.0568
2.122
1.7394
1.9853
2.3594
1.6451
1.8942
2.2451
2.145
2.2815
1.4087
2.377
2.0756
2.0016
1.8788
1.8716
2.4247
2.0873
2.1995
1.9885
2.108
1.9801
1.3055
1.5711
2.26
1.3385
2.1412
2.3634
1.5476
1.7454
2.0974
1.9611
2.1251
1.762
1.8728
2.1368
1.3814
2.1914
1.6201
1.3067
2.2576
2.1358
2.1685
1.8878
2.2796
1.7526
1.6165
1.5625
2.0513
1.275
1.5523
1.6429
1.9146
1.4065
1.5924
2.3727
2.0889
2.0546
2.153
1.7154
2.3328
1.2628
1.9591
1.924
1.7355
2.4281
1.519
2.1928
1.7685
2.1569
1.1757
1.6993
2.1565
2.0219
2.2193
1.9373
1.3505
2.288
1.5837
2.2465
2.2106
1.6821
2.2721
2.3576
2.2564
2.0921
2.1335
2.3523
1.8399
1.7373
1.5545
1.5403
2.0132
1.3088
2.1503
2.3031
2.0734
2.2664
2.2646
1.8721
1.7842
2.397
1.9769
2.2823
2.321
1.5934
2.4145
1.5228
2.3317
2.0818
1.5908
2.2332
1.5199
1.7216
1.9066
1.3724
1.7417
1.9802
1.9129
2.2412
2.2234
1.3023
2.2581
1.3906
2.1544
2.2105
2.2888
2.0425
2.2167
2.2258
1.6016
1.5527
1.4613
2.1904
2.3273
2.0981
1.8775
2.3494
1.6009
1.1242
2.2215
1.9601
2.1737
1.7797
1.951
1.8177
2.1754
1.9872
2.0908
2.3491
1.7916
2.2851
2.0477
2.1467
1.9879
1.4887
2.2984
2.2048
1.5078
2.1853
1.5569
2.1882
2.4507
1.9498
1.344
1.7307
2.2369
1.7261
1.8446
2.2481
1.7892
1.8267
1.6948
2.1626
2.3534
2.0361
2.0808
1.8981
1.9625
1.7254
1.3483
1.9999
1.835
2.2936
2.1183
2.0269
2.0837
2.4325
1.6349
1.3196
1.4685
2.217
1.607
1.5489
2.1424
2.1572
2.285
1.8717
1.8781
1.7475
1.364
2.2025
1.4744
2.0758
2.0021
1.5421
1.8484
2.3524
2.0572
1.6489
1.871
2.2357
2.0226
2.3557
2.328
1.265
1.5206
2.2022
2.0408
1.6597
1.9889
1.5745
1.7205
2.0502
2.2188
2.0764
2.2125
1.4274
1.3464
1.837
1.9838
1.7939
1.6603
2.1334
2.206
1.125
2.1885
2.1666
1.9689
2.0534
2.3407
2.0937
1.5024
1.9288
2.1384
1.6205
2.2215
1.2842
2.1622
2.1806
2.3325
2.2262
2.3882
1.658
1.618
1.9607
2.1852
1.9354
1.985
2.0968
1.9436
2.135
2.1985
2.316
2.0438
1.966
2.0523
1.2451
2.0919
2.3706
1.7828
1.4046
1.6934
1.457
2.0999
1.6129
2.1613
1.9435
2.0536
1.679
2.1153
1.9916
2.0991
1.7321
1.4461
2.1108
1.5709
1.7732
2.178
2.3841
1.9058
1.8867
1.8151
1.5314
2.2712
2.2911
1.9331
2.3121
2.257
2.1258
1.5203
1.3543
2.3722
2.3407
1.5466
1.4412
1.7571
2.2273
1.9801
1.3514
2.0448
1.5516
2.2464
2.2282
1.9827
2.0731
1.7112
1.9061
2.3526
1.7134
2.2236
2.0227
2.392
1.5494
2.3892
1.8961
1.7423
1.8624
2.3403
2.11
1.3491
2.2007
2.0887
1.8915
1.6891
2.0808
2.0178
2.1925
1.9381
2.1699
2.2775
2.3492
2.1552
1.2568
2.1161
1.6924
1.7067
1.928
2.0593
2.2238
2.2538
1.9941
2.1438
2.3841
1.7334
1.2576
2.1837
2.0063
2.2267
2.1393
1.5826
2.3392
2.1676
2.0882
2.2699
2.3383
2.0569
2.3918
2.1735
2.3274
2.1677
1.8951
2.0821
1.9089
1.5704
2.3598
1.8947
1.7682
2.2438
2.1515
1.8492
1.9623
1.8466
2.2155
1.3597
2.1087
2.0274
1.9983
2.0868
2.0667
2.3666
1.2252
2.2198
2.3569
2.1399
1.872
1.9936
1.9228
1.579
1.4703
2.0144
1.4561
1.4598
2.1126
2.457
2.2489
1.8411
1.3245
1.584
1.8661
1.6931
1.5202
1.2755
1.5736
1.1881
2.012
1.9018
2.2117
2.389
2.0969
2.0544
2.0195
2.0514
2.1066
1.9199
1.795
2.3138
1.4593
1.6199
2.3444
1.4625
1.7157
2.0777
2.0582
2.1858
1.576
2.147
1.4548
2.2796
2.2249
1.9649
2.2325
1.6483
1.9093
1.523
1.5219
1.7827
2.2215
1.348
2.3022
1.7968
2.0363
2.3949
1.4143
1.7869
2.0929
2.1996
2.0809
2.033
1.4865
2.1812
2.2707
2.1698
1.4188
2.2718
2.1564
1.9394
1.8812
2.2921
2.1192
2.0486
2.0891
2.2719
1.4853
1.5575
2.1682
1.4883
1.596
1.4685
2.0689
2.091
2.3784
2.1421
1.8191
2.2499
2.2072
1.4146
1.9012
1.2862
2.2199
1.6753
1.7193
1.5133
2.0961
2.1082
2.2238
1.9528
2.2026
2.3344
1.9229
2.2003
1.5603
1.9535
2.1115
2.2326
1.5097
2.0198
2.4164
1.8866
2.2904
2.0662
2.1873
2.117
2.32
1.7246
2.1586
1.6562
2.237
2.0441
2.2531
1.9173
2.0712
2.2771
1.255
2.3281
2.1582
1.3708
2.1162
2.3771
2.1217
2.1743
1.5832
1.8691
2.4928
1.7154
2.2453
2.0701
2.2345
2.4134
2.0019
2.1937
2.3263
2.3109
2.075
2.1728
1.2945
1.433
2.2846
1.8313
2.1451
2.3738
1.7098
2.0071
2.3965
2.3275
1.3884
2.2754
1.3074
1.9944
1.4948
2.1394
1.778
2.0504
2.3504
1.6595
1.8846
1.8293
2.1459
2.0911
2.0834
2.1994
2.0988
1.3689
2.0157
2.2876
2.0092
1.8238
2.1931
2.202
2.3606
1.8246
2.3709
1.6271
2.3141
1.9406
2.1601
1.5649
2.0758
1.6313
1.1979
2.4054
2.2068
1.5846
1.6432
2.0385
2.2011
2.1974
2.4487
2.3269
2.1683
2.3516
2.2536
1.7616
1.7948
1.7812
2.3935
1.4539
1.8119
1.912
2.1899
1.7039
2.2067
1.9729
1.7501
1.7706
1.528
2.0576
1.7983
1.39
1.9391
1.5397
2.3806
1.6791
2.0934
1.9646
2.1233
1.2469
1.9441
1.9569
2.2831
1.9786
1.5766
2.0506
1.7422
1.5166
2.2542
2.1075
1.5576
1.9599
1.9359
2.0461
2.2922
2.0357
1.5398
2.1106
2.173
2.2556
2.3115
1.7755
1.9109
1.5973
1.4463
2.1056
1.6452
1.7601
2.3205
2.1378
1.3653
2.1
1.7006
2.1659
2.1128
1.9879
2.0036
2.0414
1.9107
2.0495
2.1742
1.3075
2.3264
1.9337
1.7165
2.0362
2.2541
2.0234
1.3835
2.3112
1.8638
2.1484
1.2586
1.9056
2.0748
2.2567
1.4096
1.2263
1.6338
2.089
2.0628
2.0723
2.4567
2.3185
1.5479
1.4107
1.4537
1.4598
2.3795
1.6038
1.4955
1.966
2.1161
1.6262
2.3127
1.8369
2.326
2.2863
2.3206
2.3031
2.1784
1.404
1.9412
2.3168
1.7621
2.2251
2.2521
1.9152
2.0063
1.3749
2.3477
1.418
1.99
1.3929
2.457
1.994
2.1835
2.2375
1.7377
1.4244
1.8396
1.7066
2.367
1.8336
1.7108
2.3198
1.6853
2.1055
1.8218
2.2969
2.0905
1.8582
2.2424
1.4141
2.3397
1.9357
1.9389
1.7176
2.3962
2.1877
2.3391
1.4349
1.9352
2.2659
1.4136
1.2132
2.2219
1.5039
2.4077
2.2987
2.2669
2.0776
1.2214
2.0711
1.4133
2.0352
1.9762
2.2178
1.7596
1.5124
2.1141
1.9662
1.7974
2.154
1.6975
2.0793
2.2476
2.0695
2.3041
2.2891
1.4063
2.188
2.216
2.1237
2.1935
2.2399
2.0541
1.8131
1.9126
2.2745
1.5993
2.1208
2.3103
1.442
2.2014
2.1838
1.4327
1.5078
1.8137
1.8143
2.2154
1.2789
1.2602
1.9159
2.0672
1.2917
2.264
2.103
2.1411
1.9328
2.2298
2.2271
2.0942
1.7619
2.3829
2.2436
1.6046
1.6044
1.7241
2.339
1.9085
2.0773
2.1922
1.9325
1.8214
1.9762
1.6704
2.2689
2.1613
2.2287
2.2547
1.5334
2.2089
2.1146
2.3624
1.3145
1.8485
2.0996
1.293
2.3057
2.0854
1.9183
2.2689
1.1957
1.8728
2.0833
1.8751
1.3698
1.2678
2.0598
1.6735
1.8412
2.1219
2.0575
2.0688
1.8451
1.4847
2.1758
1.8797
1.498
2.1555
2.2272
2.1352
2.0539
2.3992
1.7312
2.3967
2.0567
2.4061
1.6602
2.1269
1.9721
1.5823
1.7434
2.3427
1.9733
2.1901
2.0885
1.4565
2.0447
2.0401
1.9698
2.3184
1.4679
2.2739
1.5263
1.8918
2.0284
1.4682
1.3856
1.6688
2.3503
2.3748
1.5766
1.4622
2.2553
2.0219
2.1707
1.9233
2.2881
1.4919
2.1089
1.1457
2.3157
2.237
1.8636
2.3392
2.2693
2.2554
2.1743
1.5092
2.23
1.3087
1.2542
1.3065
2.2578
2.1536
2.163
2.2592
2.0588
1.7538
1.3285
2.2065
2.2667
2.2632
2.3059
1.8674
1.8531
2.2566
2.0198
1.2244
1.9022
2.378
1.9344
2.3718
2.273
2.2493
2.3084
2.0464
1.936
2.037
2.2301
2.1979
2.0446
2.4273
1.4651
2.1226
1.8196
1.7692
2.013
2.292
1.6814
1.9891
2.1385
2.143
1.8882
2.203
2.2234
1.8546
1.8997
1.4675
1.9228
1.4224
1.5566
2.0101
2.1486
2.11
2.2985
1.1706
1.7887
2.0385
1.3695
2.1105
1.2673
2.4007
2.2224
2.1903
2.2369
2.0999
1.5212
2.2281
1.4662
2.2712
1.8557
1.3195
1.2267
1.8338
1.7669
1.4496
1.7932
1.6814
1.8268
1.1951
1.7783
2.1442
1.4244
2.2436
1.8176
2.2441
1.4983
2.297
1.5492
1.3502
2.0578
2.0381
1.982
2.1753
2.152
1.5239
1.9237
1.8222
1.282
2.3435
1.6862
2.2409
1.3742
1.1938
2.3201
1.6074
1.238
1.7433
2.2655
1.9138
1.5689
2.171
2.2432
1.6249
1.9542
2.2825
1.9153
1.9457
2.2754
1.9659
1.7212
2.0604
1.7432
1.5006
2.0665
2.2278
1.8241
1.9785
2.2552
1.227
2.1508
2.1281
1.6173
2.3922
1.5889
1.592
2.2217
2.2746
2.2084
2.3783
1.5054
2.0852
2.2823
2.0461
2.2824
1.6784
2.2153
2.2976
2.0847
1.3185
1.3992
1.6046
2.2789
2.3214
2.0557
1.6452
2.1743
1.9008
1.9929
1.8743
2.2435
1.438
1.721
2.3521
2.1293
1.7422
1.6213
1.9666
2.1682
2.1705
2.031
1.5031
2.0696
2.039
1.6794
1.9493
2.0654
2.4206
1.8484
1.7671
1.5217
1.7471
2.1806
2.1235
1.3777
2.0757
1.7403
2.3384
1.4679
1.9955
2.1337
1.567
2.2264
2.1409
2.1258
2.0222
2.0197
2.0812
2.255
1.9385
2.2037
2.181
2.1459
2.1041
2.0602
1.9457
2.2197
1.6009
2.0744
2.1389
2.0735
1.9092
2.2934
1.9694
2.1801
1.911
2.3688
2.1339
2.3553
1.5022
2.2306
2.0258
2.0858
2.3487
1.7409
1.5659
1.2477
1.6899
2.1355
2.4218
1.9061
2.1553
1.755
2.3929
1.2757
1.643
2.161
2.2816
1.7737
1.5625
2.1317
2.3298
2.1759
2.3758
1.3642
2.348
2.2824
2.0456
2.1464
2.2945
2.2366
1.5501
2.0645
1.392
2.0088
1.3413
1.3757
1.4872
1.9853
1.7161
2.255
2.0306
1.8368
1.5285
2.3359
1.9594
2.2156
2.0073
1.6548
2.2112
2.3379
1.7277
1.4585
1.9558
2.3609
1.9231
2.1894
2.1226
2.1923
1.9447
1.974
2.2043
1.8223
2.1008
1.8634
2.2525
1.4284
1.1833
1.4327
2.2802
2.3231
1.8279
1.7149
2.2914
1.6336
1.9412
1.7934
1.4416
1.6344
1.5806
2.3097
1.2125
2.0484
2.2881
1.8587
1.3199
2.1056
2.1932
1.7189
1.658
1.5341
2.2662
1.2921
1.6672
1.4097
2.0814
2.2826
2.2415
1.6785
2.2558
1.6477
2.0663
1.2756
1.5472
2.122
1.5339
1.8187
2.0952
2.138
2.3229
1.9892
2.0761
1.5839
1.515
1.2832
1.9475
2.2175
1.8745
2.0665
2.2789
2.2563
2.2582
2.1145
1.3837
2.1994
2.3073
1.8252
2.2607
1.5183
1.9548
1.6716
1.8076
1.7287
1.9149
1.716
2.0754
2.3249
2.014
1.7544
1.9957
2.2084
1.7068
2.3701
1.7928
1.2376
2.0285
2.3569
1.6428
2.1969
1.9052
2.2867
1.7398
1.5514
2.0042
1.9378
2.3528
1.9562
2.0366
1.6132
2.2236
1.7163
1.8931
1.3517
2.2256
2.386
2.1909
2.1633
2.2686
2.2708
1.1795
2.1865
2.1325
1.3093
2.3857
1.3125
2.1303
1.3618
1.9987
2.2188
1.517
1.9547
2.3296
2.3131
1.9682
2.0928
1.1685
2.2251
1.4742
2.1253
1.7419
1.8322
2.3604
2.2136
1.9168
1.9601
1.9881
1.4781
1.7352
1.9657
2.0212
1.9075
1.9771
1.4163
2.2993
1.9345
2.2054
1.3128
2.1691
1.316
1.4479
1.7456
2.246
1.5808
2.1329
1.5989
2.1833
2.3045
1.2245
2.1822
2.3593
1.7805
1.6257
1.6594
1.3201
1.7423
1.3691
2.3421
1.9612
2.0146
1.7298
1.7461
1.4125
1.8609
1.3081
2.1929
2.3269
1.5795
2.1814
2.3224
1.4831
1.7492
1.8425
2.2485
1.9933
2.0767
1.4557
1.9217
2.2717
1.7844
1.6882
1.902
1.9226
1.5332
2.3715
1.8802
1.5649
2.3236
1.9253
1.6555
2.1952
2.1247
1.9005
1.8108
2.001
1.5062
1.6483
1.8522
2.0116
1.2148
2.0622
1.8795
1.451
2.07
1.7949
2.2543
2.205
2.0077
1.4501
1.551
2.3554
2.3358
2.3585
2.2616
1.6177
1.5062
1.8917
1.9942
2.0984
2.242
1.6462
1.6499
1.8317
1.3668
2.1119
1.8115
2.2612
2.1222
2.0981
2.2581
2.0704
2.0701
2.2572
2.1838
1.3088
1.7597
1.6608
2.0957
2.123
2.2778
1.3481
2.1911
1.7238
2.2576
2.0377
2.2352
1.7862
1.6017
2.2115
1.2146
1.9884
2.34
1.5399
2.1879
1.6754
2.3589
1.9846
1.1009
1.9298
1.8486
2.1098
2.4199
2.0008
1.6127
1.8427
2.0745
1.7837
2.013
2.376
1.6766
2.3603
2.355
1.526
1.4205
1.9806
2.2719
2.3063
1.5795
2.2867
2.2085
2.0296
1.2778
2.281
2.262
2.1544
2.0026
2.2005
1.3191
1.3017
1.9275
1.5237
2.3628
1.9253
2.3859
2.3993
1.689
1.659
1.8421
2.2694
2.2814
1.7882
2.1009
2.2238
2.3076
2.1098
1.3778
2.3257
1.5463
2.2892
1.5542
2.1893
2.0113
2.0832
2.2039
2.0848
1.6269
1.1903
2.0038
2.0053
2.1118
1.9541
1.777
1.9539
2.3314
1.8218
1.6961
1.6789
1.829
1.6157
1.6095
1.6649
1.8724
1.2614
2.1516
2.1827
2.0328
1.4751
1.9694
2.0521
2.1439
1.4632
2.2223
2.0001
2.1899
2.2281
2.3722
2.0435
1.9823
2.3418
2.1079
2.1994
1.9615
1.4114
1.7517
2.4066
2.3326
2.3975
1.9141
1.6608
2.1436
1.8807
1.9095
1.7704
2.3749
1.6263
1.4939
1.7337
2.1601
2.1315
2.1452
2.0276
2.3941
1.3986
2.1549
1.388
2.2418
2.1093
2.0585
1.3699
2.1289
1.4843
1.873
1.4798
2.0196
2.066
1.6242
2.3096
2.3112
1.5086
2.4131
2.0187
1.4907
2.119
1.8333
2.2888
1.6345
1.9357
1.5248
2.1064
2.3199
2.3042
1.7366
1.8696
2.2583
1.1533
2.2829
1.1958
2.2261
1.9436
1.4898
1.6293
1.2514
2.2653
2.0897
2.2142
1.3521
1.464
2.2706
2.165
1.414
2.3581
2.3113
2.0501
1.7843
1.6438
2.1188
1.3205
1.728
2.3269
2.4363
1.3461
1.7167
1.7587
1.7465
1.457
1.5074
2.394
1.8452
2.3743
1.6774
2.5002
1.5163
1.708
2.0697
1.6349
2.0922
2.0739
2.2253
1.786
2.0679
1.5545
1.5961
1.8929
2.48
1.66
1.3092
1.6458
2.0088
1.7103
2.1316
1.7739
2.3342
2.3528
2.3632
1.6834
1.3652
1.5336
2.0628
1.7397
1.8178
2.1351
2.2167
1.6742
2.0337
1.5997
2.2186
1.9783
1.3459
2.2542
1.8264
1.3883
1.9475
2.2611
2.3618
1.8792
2.2165
2.1755
2.1098
1.8127
1.9683
2.2298
1.5963
1.66
2.4356
2.3064
1.8549
2.1128
2.2146
2.1425
1.725
1.5148
2.2259
2.1037
2.2152
2.1711
2.1936
1.3134
1.9482
1.812
1.7639
1.8902
1.6261
2.0639
1.8009
1.9471
1.17
1.8494
1.9074
1.6053
