2.2874
2.2639
2.0617
2.1913
2.3104
1.9152
1.5773
2.1849
2.4619
2.2512
2.2923
2.4313
2.4271
2.2291
2.3866
2.2452
2.3613
1.432
1.7115
2.0823
2.3443
2.3619
2.2049
2.3419
1.5145
2.1153
2.4024
2.2711
1.9476
1.9659
2.5144
2.2793
2.2101
1.7014
2.3151
2.3836
2.401
2.25
1.8403
2.0111
2.4256
2.0476
1.9345
2.3067
2.0968
1.4247
1.9896
2.5237
2.0901
2.4017
2.1891
2.1977
1.8025
1.8359
2.2377
1.989
2.3274
2.3878
2.1772
2.4134
2.3091
2.3295
2.2901
2.1179
2.3698
2.3047
1.4029
2.2825
1.8291
2.3855
1.8194
1.692
2.2421
1.7012
1.7582
2.4106
2.2992
1.4805
1.8765
2.4187
1.9302
2.3259
1.2551
1.3612
2.0146
2.3153
2.4494
1.5872
2.3072
2.308
2.4127
2.3558
2.3527
2.3893
1.5498
2.1587
2.3447
2.0047
2.2263
2.1384
1.9363
2.3153
2.2345
1.7732
2.003
2.2817
1.4478
1.9148
2.3552
2.1022
1.8407
2.1055
2.3484
2.3123
1.4813
2.2742
2.318
2.2317
1.9095
1.8184
1.8177
1.8306
1.9053
2.0705
1.4657
2.3585
1.946
2.2345
2.2553
1.9542
1.5574
2.3873
1.7637
1.4167
2.2445
1.924
2.1619
2.0459
2.0992
2.366
2.2135
1.9145
2.3295
2.3194
1.7998
2.4355
2.4451
2.1772
2.141
2.2988
2.4203
1.977
1.7482
2.3649
2.2084
2.0275
2.2843
2.1284
1.7953
2.4004
1.5183
2.4555
1.4152
1.7381
1.9456
1.8582
1.9622
2.4561
1.8625
1.9702
2.3898
2.4334
2.3438
2.3771
2.0021
2.2691
2.0761
2.0101
2.3265
2.1964
2.1676
2.344
1.8864
1.9217
1.9818
2.2332
1.9843
1.5933
2.0842
2.3263
2.3785
2.0501
1.9664
1.8893
1.6459
2.2372
2.3871
2.4779
2.2197
2.1897
1.8141
2.3558
2.3517
1.5996
2.123
2.2061
1.6376
1.3771
1.6858
1.7267
2.1464
2.386
2.368
2.3019
1.8752
2.1406
2.4142
1.7709
2.1762
1.6788
1.8599
1.6083
2.3857
2.3599
2.4119
2.2459
2.1854
1.741
2.1666
2.4452
1.949
2.3104
2.3351
1.5262
2.2118
2.1679
2.4058
2.1522
1.6858
2.2943
2.1424
1.8074
2.0686
1.8068
1.9215
2.0195
2.3597
1.7357
2.2285
1.9066
2.0001
2.3338
2.2458
2.2301
2.1911
1.6225
1.7388
2.4137
1.5538
2.0699
2.0663
2.1602
1.6829
2.1976
2.3178
2.2692
2.4268
2.3159
1.2404
2.2832
2.2914
2.0348
2.0044
1.5072
2.1859
2.2643
2.2484
2.3715
2.3198
2.3882
1.466
1.7949
2.3219
2.3819
1.6434
1.9551
2.447
2.2175
2.1805
2.2651
2.2805
2.0659
2.2681
1.7675
1.4136
1.4794
2.045
2.3646
1.4225
2.0697
2.2841
2.4054
2.1711
1.6182
1.4629
2.0238
2.255
2.3065
2.3116
1.8852
2.1213
2.3324
2.4206
2.1956
2.1687
2.2518
2.3107
2.1308
2.2823
2.0401
2.2142
1.736
1.4969
2.4158
2.2379
2.354
1.7083
1.8696
2.0965
1.8899
2.4477
2.0959
1.5333
1.9885
2.3449
2.3386
2.2675
2.3214
2.2337
1.5284
2.1775
2.3014
1.5556
2.2146
1.8771
1.8944
1.5556
2.0967
2.309
2.2592
1.9555
1.7321
2.1119
2.2126
2.0444
2.0064
1.3571
1.9115
1.1113
1.7531
2.4054
2.2511
1.7017
1.977
2.1458
2.3838
1.3041
2.2198
2.0117
2.2584
2.3948
2.3383
2.3892
2.3699
2.0522
2.2736
2.3615
2.0053
2.4154
1.8946
2.2948
2.2854
2.06
2.281
1.3916
2.1593
2.1045
2.3923
2.3034
2.0368
1.5982
1.8453
2.2025
2.2804
2.2019
1.8864
2.0993
2.254
2.3645
2.256
1.9746
2.4135
2.0494
1.7352
2.4109
1.9384
2.2631
2.2406
2.2604
1.7429
1.5976
1.8559
2.2205
1.76
2.4153
2.4249
1.3278
1.8965
1.5286
2.2931
2.3243
2.3307
1.3569
1.9888
2.2545
1.4152
2.2711
1.5984
2.4294
2.4531
2.3376
1.9692
2.3235
2.2568
2.3789
2.0174
2.1804
2.1749
1.4116
2.3293
2.2611
2.1951
2.1104
1.8812
2.1593
2.4507
2.4614
1.7157
2.2849
1.9172
2.1547
2.1434
1.4981
2.035
2.3474
2.258
1.6585
2.2975
2.1755
2.2587
2.036
2.1124
1.8827
2.4063
2.0497
2.0796
1.5376
1.9055
2.3722
2.0631
2.1357
2.4216
1.6722
2.0498
2.375
2.2515
2.3898
2.3859
1.5948
2.2707
2.0362
1.956
2.2575
2.2976
2.0983
2.0855
2.3901
2.0267
1.5619
2.4576
2.2458
2.3004
2.367
1.9863
2.1888
1.9375
2.3947
2.3054
1.6502
2.3718
1.6036
1.759
2.3808
2.4097
1.4851
2.2039
2.2169
2.4078
1.7039
1.7052
1.429
2.0467
1.5409
2.4564
1.8451
2.3412
1.9353
1.7615
1.2575
2.3365
2.0845
2.0203
2.1745
2.2176
2.3499
2.0368
2.3433
2.307
1.7952
1.5532
1.7484
1.5617
2.1659
2.34
2.3012
2.2691
2.1348
1.5613
2.1365
1.597
2.2711
1.8868
2.3432
2.2997
2.4266
1.4749
2.219
2.0955
2.361
2.4039
2.0296
2.1213
1.7625
2.1206
1.4712
1.8457
2.1504
2.3668
2.3404
2.2385
1.52
2.2113
2.0232
2.0969
1.7175
2.0529
1.9253
2.2189
2.1055
1.6749
1.4708
1.9433
2.1557
2.2504
1.4936
2.251
2.2272
2.2933
2.134
2.1384
1.8147
2.3602
2.1796
2.1451
1.9141
2.0887
2.2539
1.8814
2.3223
2.4419
2.2855
2.2312
2.2598
2.2987
1.2408
2.2878
1.8665
2.5085
1.8206
2.5092
2.2319
2.0653
2.3138
2.235
2.112
2.2226
2.0424
2.4909
2.1338
2.2138
1.6344
1.7882
2.2865
2.2804
1.7429
1.6475
1.2332
1.2064
2.1388
1.9439
1.4545
2.1062
2.1949
2.0103
2.4495
2.3064
1.8714
1.9509
2.3627
1.9957
2.1795
2.1422
1.349
2.3991
2.3296
2.1175
1.2174
1.7931
2.0386
1.6771
2.0663
2.0781
2.3337
1.7393
1.2918
2.2381
2.0901
2.2603
2.3385
2.1781
2.1946
2.2197
2.2696
1.7921
1.5449
2.1681
2.3774
1.979
1.6887
2.1583
2.4175
1.9833
2.1192
1.7135
1.9908
1.4648
1.7425
1.918
1.3602
2.3744
1.7699
2.2861
2.2017
2.1513
2.1103
2.3877
2.3979
2.4381
2.1659
2.079
1.893
2.3785
2.0881
1.8704
2.2784
2.0452
2.1328
2.3003
2.3448
2.1845
2.1444
2.04
2.4876
2.3957
1.5193
2.2704
1.5049
2.0277
2.1773
2.2001
1.7293
2.3372
2.3656
1.5683
2.1988
2.402
2.1127
2.3065
1.4723
2.1019
1.4493
2.1226
1.4291
1.4699
2.0964
2.2311
2.1833
2.2846
2.3122
1.6901
2.2902
2.3538
2.3143
1.9152
1.5472
2.3376
2.1938
2.3573
1.7667
2.042
1.8103
2.0564
1.2435
2.2943
2.3061
2.1124
1.7457
2.3209
2.4046
1.7859
2.1813
1.9898
1.8628
1.7387
2.2425
2.1168
2.3564
2.3266
1.5803
1.8835
2.35
1.5593
1.785
2.3142
2.0313
2.3282
2.4009
1.6801
1.3461
1.251
2.3522
1.4502
1.7875
2.3229
2.1166
2.0802
2.074
2.2203
1.9234
1.7148
2.3436
2.2223
1.9822
2.0927
2.1243
2.228
1.7383
2.0312
1.6106
1.4507
2.3474
2.2266
1.5822
1.3496
2.1345
1.5874
2.446
1.7362
1.9432
2.2653
2.1087
2.4622
2.1372
2.4372
1.7822
2.2596
2.3604
2.1591
2.2077
1.9403
2.3156
2.2929
2.099
1.8134
2.0315
2.1165
2.2579
2.0876
2.4181
2.1267
2.3502
2.2095
2.3773
2.1581
2.38
1.6059
1.4608
1.4873
2.0004
2.3646
1.9748
2.2336
1.9147
1.5122
2.3127
2.3544
2.4426
2.233
1.737
1.7941
1.9709
1.5637
1.9837
2.3615
2.4133
2.2017
2.2074
2.3286
2.4479
2.1139
2.2527
1.6933
1.4189
2.0596
2.4417
2.3937
2.3522
2.0653
2.2677
2.0288
1.6845
1.9033
1.7193
2.3216
1.6294
2.1549
1.5127
2.3558
1.857
2.3372
2.2436
2.0979
2.147
1.8279
2.1022
2.4028
2.3281
1.5247
2.086
2.2669
2.3326
2.1297
2.1685
1.5564
2.3386
1.8325
2.0691
2.3787
2.4603
2.2836
1.5292
2.0278
2.195
1.2069
2.0166
1.7799
2.1602
2.2242
1.6581
2.3308
2.1788
1.802
2.3999
2.1986
1.968
2.0962
2.0358
2.2411
2.1675
2.3874
1.8182
1.754
2.0522
1.2609
2.4839
2.4751
1.8153
2.0789
2.2679
2.505
1.6752
1.4558
1.8387
2.046
2.2209
1.1707
2.2328
1.5385
2.0984
2.3311
2.2069
2.3162
2.459
2.249
2.2338
1.8475
1.5852
2.1378
2.4291
2.1167
1.2335
1.7071
2.2947
2.514
1.7205
1.492
2.276
2.4012
2.3774
2.4306
2.2392
2.4036
2.4674
2.3596
2.1625
1.9728
2.2015
2.3692
2.2708
1.6557
1.5717
2.0378
2.2559
2.3834
2.3168
2.4682
2.3339
2.2685
2.2272
2.2588
1.5497
1.4183
2.4506
2.0351
2.3813
1.8146
2.4209
2.4276
2.4692
1.8683
2.038
1.5664
2.1324
1.9114
2.3616
2.3277
2.3735
1.826
2.1901
1.8144
2.1953
1.9036
2.3921
2.3221
2.2923
2.4553
1.894
2.1341
2.3819
1.3076
1.4245
2.2749
2.2382
2.0393
2.0803
1.3399
2.0119
1.9838
2.197
1.9694
2.1062
2.2039
1.5542
2.1848
1.6925
2.1458
2.334
2.2463
1.8504
2.3398
2.1001
2.0323
1.9256
2.314
2.0448
2.0667
1.7047
2.2729
1.5073
2.2782
2.3074
2.3212
1.9889
2.3983
2.3224
1.3559
2.3626
2.3089
2.3341
2.2868
2.3156
2.2174
2.3549
1.9972
2.3515
2.4169
1.7392
1.8547
1.9744
1.8883
2.3274
2.0183
1.3686
2.0616
2.3575
2.2966
2.2696
2.1741
1.9566
1.7228
2.2329
2.1723
2.3517
2.2979
2.3353
2.1595
1.6826
2.4036
2.2696
1.8937
2.2061
1.6437
2.2422
2.3812
2.1093
1.9321
2.0365
2.3237
2.1413
1.2842
2.0426
1.4325
2.2648
2.3431
2.0246
2.2184
2.1609
1.5133
2.0216
2.2192
2.1034
2.4072
1.346
2.2344
1.8498
1.8132
2.0961
1.7424
2.3514
2.3576
2.3685
2.1227
2.2995
2.1848
2.3832
1.9565
2.4182
1.3691
1.8131
1.3934
2.3187
1.7821
1.2594
2.2231
2.0929
2.3494
2.2315
1.5909
2.5069
2.4395
1.5274
1.7347
2.0001
2.321
2.3348
2.3909
1.8222
1.563
2.2479
2.2435
2.2753
2.4004
2.1988
2.1685
2.1157
2.2344
2.3588
1.9921
2.4345
2.0372
2.1179
2.1965
1.4816
2.262
2.4506
2.0358
2.3368
2.2872
2.3121
2.152
2.2739
2.3116
1.6354
2.3472
1.8678
1.648
2.3226
2.26
2.3399
2.1067
2.3544
1.5597
2.4197
1.5914
2.2403
1.4323
2.2351
2.259
2.2479
1.9332
2.0315
1.9514
2.1672
2.011
2.3174
2.5259
1.27
1.7778
2.3183
1.8879
2.1546
2.3408
2.4246
2.3319
2.3704
2.3695
2.2266
2.1064
2.3007
1.5741
1.9613
1.7739
2.2703
1.8719
2.0718
2.3368
2.1153
2.1916
1.6166
2.2676
2.3031
2.0054
2.1595
2.3917
2.0599
2.4132
2.0189
1.4396
2.2969
1.3093
1.9848
2.2101
2.0455
2.3683
2.2054
1.2803
2.3523
2.1634
2.2846
2.1841
2.1277
1.9108
1.856
1.3312
1.4785
2.3783
2.364
2.1644
1.8089
2.3057
2.0961
2.0442
1.2473
1.8929
2.3103
2.1826
1.2917
2.4263
2.167
1.8574
2.2439
2.2643
2.2238
2.2742
1.2876
2.4357
1.253
2.1136
2.0457
2.4085
2.218
2.3307
1.6514
2.1387
2.0512
2.2852
2.0885
2.2973
1.7248
2.278
1.771
2.1156
2.3145
2.1646
2.2918
2.0246
2.2108
2.2568
2.3552
2.4299
1.7895
2.3416
2.5018
2.3433
2.3117
2.2397
1.4507
2.3551
1.4184
2.1778
2.2916
1.7216
2.293
1.9158
2.0531
2.2231
2.2092
2.1165
1.4031
1.291
1.2179
2.0224
1.5918
1.4119
2.2848
1.8234
1.7265
2.2456
2.2016
1.9051
2.2016
1.8109
2.0558
2.3943
2.3379
2.3905
2.0284
2.411
2.3271
2.1772
1.9655
2.342
2.234
1.6669
2.2291
2.4162
1.5694
2.125
1.3211
2.0474
2.0578
2.1301
2.2583
1.5926
2.0724
1.6875
1.7458
2.1971
2.195
2.1515
2.2957
2.2228
1.857
1.6575
2.337
2.3826
1.724
1.4852
1.4668
2.378
2.2437
1.7261
2.2613
1.6105
2.3925
1.9797
1.8452
2.2791
2.2056
1.2983
2.0557
2.307
2.3068
1.2306
2.2239
2.3963
1.6914
1.6222
2.0324
2.4362
2.3299
1.616
2.2019
1.9657
2.3887
1.9403
1.2706
1.5477
1.2239
2.0876
2.2028
1.9719
1.4091
1.9514
2.1533
2.2726
1.8766
2.3668
2.3024
2.0573
2.3385
2.1708
2.422
2.1315
1.7845
1.6834
1.7017
2.1307
1.928
2.1722
1.4858
2.1833
2.0479
1.2441
1.9874
2.418
1.5781
2.2019
1.8752
2.0006
1.7269
2.1552
2.2667
1.5842
2.4202
2.3011
2.2002
2.0588
2.1902
1.4386
2.0021
2.3404
2.2799
2.4215
1.5034
2.2954
2.4566
2.3011
2.4333
1.8868
1.8841
2.439
2.2804
2.1052
2.3684
1.6603
1.8628
1.759
2.0307
1.4483
2.3204
2.2066
2.1381
2.3056
1.5056
1.9132
2.1172
2.2803
2.0815
2.3061
2.282
2.3191
2.1792
2.3199
2.3451
2.4559
1.921
2.1346
2.176
2.2373
2.0351
2.402
2.3905
2.4376
2.216
2.1473
2.4532
2.3389
2.2536
2.4174
2.2973
1.7688
2.3352
2.2879
1.6792
2.2052
2.2316
2.0384
1.6156
1.4978
1.4272
2.3036
2.0835
2.1645
2.3577
2.4767
1.7793
1.2246
1.403
2.2868
2.3025
2.3954
2.376
2.293
1.6958
2.2601
2.3093
1.5204
1.5734
2.3232
2.0891
1.777
2.1458
2.3897
2.145
2.0831
1.7868
1.6138
2.3582
2.3462
2.1078
2.4313
2.2941
2.3932
2.2635
2.2069
1.946
2.3085
1.5618
2.0938
1.9439
2.3973
2.3092
2.2405
2.2615
2.0687
2.1112
2.2833
1.9557
2.1859
2.2739
2.3704
2.0017
2.209
2.363
1.5404
1.944
1.9852
2.4227
2.1791
2.1385
2.009
2.1698
2.231
1.4543
1.9807
2.0801
2.3013
2.3455
1.786
1.8059
2.188
2.0243
2.222
2.0351
1.9658
2.2523
2.2399
2.1797
1.978
2.2918
2.2032
2.3051
1.814
2.2072
1.8814
2.2307
2.3699
2.2542
1.9583
2.3258
2.1288
1.3574
2.474
2.4009
1.988
2.2968
2.1894
2.2132
1.9083
2.3024
2.4008
2.283
1.8241
1.3821
1.5968
2.3423
2.225
2.007
2.3131
2.0622
2.0599
2.2327
1.4914
1.475
2.2785
2.2948
2.2726
1.7239
2.3193
1.9285
2.2187
1.2305
2.0859
2.3183
2.2727
2.0409
2.1076
1.9167
1.9626
2.2826
2.4602
2.0117
2.329
2.0042
2.3056
1.699
1.9375
2.2642
1.6275
2.4138
2.5015
2.2203
1.8722
1.9974
2.1404
2.0943
2.478
1.2781
2.1394
2.1413
2.3413
2.2159
2.282
2.4832
2.2452
2.3782
1.874
2.1136
2.3532
2.29
2.3493
2.2167
1.9861
2.014
1.2088
1.4763
2.0642
1.3538
2.4104
2.2215
1.7615
2.4887
1.9656
2.4874
1.4214
1.6654
2.3773
2.302
2.2861
1.491
1.4172
2.401
2.3418
2.0509
1.7755
2.3511
1.6483
2.4127
2.1751
2.001
1.4993
2.1512
2.1983
2.4629
1.8807
2.3074
1.7163
1.9789
2.4137
1.3074
2.2053
2.4023
2.2019
2.2508
2.245
1.5795
2.2484
2.4779
2.3105
1.9094
2.3682
1.8756
2.1295
2.0453
2.3536
2.3491
2.1697
2.2973
2.2552
2.1681
2.011
2.0572
2.1391
2.2406
2.0118
1.5965
2.2348
2.223
2.192
2.3138
2.3648
1.9564
1.5228
2.2129
2.4447
1.9136
1.7008
1.3502
2.1658
2.0473
2.2801
2.0041
1.5012
2.2847
1.4331
1.9786
2.1837
2.3439
2.1315
2.2832
2.1471
2.2397
2.3708
1.4072
1.821
2.0708
2.0601
2.3597
1.9375
2.1648
2.1815
2.2294
1.7381
2.3377
2.1948
2.4213
2.4106
1.6615
2.2676
2.1727
1.6433
2.1079
2.0731
1.9126
2.1426
1.687
2.2509
1.6623
2.1162
2.3162
2.4304
2.1157
1.5009
1.888
2.0777
1.9372
1.661
2.443
1.6178
2.2583
1.6478
1.9573
2.0255
2.2509
2.4186
1.4191
2.3726
2.0683
1.6073
1.9707
2.1033
2.0708
2.1557
2.0488
2.0846
2.1533
1.9504
1.5042
2.0151
2.2165
2.2686
1.4076
1.8282
1.7052
1.4869
2.2584
2.3773
2.0973
2.173
1.3242
2.4302
1.8993
1.6796
2.2425
1.8442
2.4027
2.37
2.0763
2.2087
2.3182
1.4841
2.2678
2.1565
2.3357
1.359
2.3432
2.2938
2.4171
2.4071
2.1272
2.1671
1.3284
2.3776
2.0895
1.7719
1.1871
2.3818
2.1832
1.8943
2.4785
1.3085
2.1703
2.1165
2.3459
2.2803
2.3892
1.8954
2.3579
1.3283
1.7081
2.03
1.6137
2.411
1.9055
1.4605
1.8883
2.0828
2.1272
1.5846
1.9588
1.6066
2.3391
2.3714
2.4529
2.3921
2.0994
2.3302
2.4226
1.577
1.1679
2.4065
2.1107
2.3663
2.3363
2.1201
1.2291
2.3123
1.1626
2.0732
1.5673
1.9531
2.2302
1.6973
2.3086
1.6589
2.3648
2.1185
2.4058
1.6366
2.2592
2.1109
1.4342
1.7713
1.5724
1.3788
1.8301
2.0894
2.3301
2.4201
1.9463
2.3539
1.5202
2.3028
2.3873
2.1704
1.2133
2.0659
1.4493
1.8915
2.2994
2.2769
2.1139
1.6169
2.2755
1.9652
2.4315
2.3653
2.3151
2.3291
2.1981
2.0943
1.9702
1.8416
2.3825
2.2902
1.6755
2.1387
1.6624
2.0456
2.2405
2.3052
2.1239
1.405
1.782
2.2228
2.3539
2.3437
1.769
1.4657
2.369
2.3299
1.6283
2.2119
2.2308
2.1702
1.9996
1.5645
1.7169
2.084
2.1496
2.2617
1.8084
1.4522
2.402
2.3666
1.9109
1.448
2.4291
2.2546
1.4722
2.3119
2.4203
2.1507
1.515
2.0608
1.9179
2.3813
1.8413
1.9471
2.3074
2.2432
2.1004
2.1524
1.8825
2.1493
2.1537
2.0327
2.3507
1.879
1.3147
2.0277
2.2257
2.033
2.3218
1.3857
2.0886
2.4586
2.366
2.1612
2.3474
2.4892
1.9805
2.2308
1.5725
2.1104
1.8287
1.8437
1.9471
1.5073
2.2974
1.5705
1.4458
2.1586
2.1962
2.089
2.4671
2.391
2.4446
1.6486
2.1939
2.4106
2.3577
2.2512
2.2057
1.973
1.7805
1.8048
2.2546
2.1846
2.1052
1.693
2.3217
1.9096
1.5284
1.6763
1.8694
2.0648
2.0549
2.3272
1.7916
2.2889
2.2189
2.2723
2.3049
1.8027
2.4294
2.2918
2.0488
1.8038
2.0727
2.4377
2.3797
1.7644
2.4297
2.0252
2.0587
1.8515
1.6019
2.2523
2.4009
2.2058
2.3567
2.2579
2.3106
1.4261
2.2297
1.3027
2.2412
1.5537
2.1936
1.8158
2.2225
2.3182
2.193
2.1376
2.1404
2.1548
2.1237
2.1353
1.7488
2.2107
2.0969
2.2355
2.3424
2.0737
2.1324
2.3017
2.117
2.0122
2.3805
2.1875
2.1623
1.6319
1.7119
1.8318
2.3731
2.2616
2.1664
1.7412
2.2592
2.2494
2.368
2.3099
1.7547
2.0532
2.2252
2.456
2.4747
2.2317
2.2607
2.2857
2.0747
2.356
2.1906
2.3317
1.8381
2.1741
1.7561
2.0217
2.2396
2.2993
1.7783
2.159
2.2479
2.0584
2.4092
1.8371
2.0213
1.9853
2.4099
2.0195
2.1428
2.2482
1.7171
2.2783
2.3283
1.9805
1.4745
1.9523
1.3693
2.0017
2.0132
2.0083
2.0673
2.2016
2.1789
2.274
2.3941
2.1734
1.3984
1.9636
1.8721
2.2986
2.2007
2.2427
2.4041
2.2076
2.4024
2.1741
2.1765
2.2943
1.4204
2.341
1.8223
1.5314
2.0314
2.1699
2.1731
2.1337
2.2505
2.3102
2.2342
2.0266
1.9023
2.4068
2.3778
2.0553
2.3277
1.2597
2.1672
2.2428
2.317
2.3087
2.165
2.4483
1.6542
1.3495
1.9483
1.6014
2.1373
1.4382
1.8314
2.0877
2.2741
2.0879
2.2241
2.3785
1.9553
1.6695
1.7098
2.3603
2.2754
2.4698
2.2455
1.2279
2.0883
2.0686
2.2175
1.3643
2.2604
2.3431
1.5282
2.405
2.3311
2.3665
2.1966
1.4091
2.4392
1.4232
2.3244
2.0245
1.3182
1.8793
2.3775
1.361
1.7429
1.8571
2.1753
2.3949
1.9962
2.2486
2.3215
2.0363
1.6433
2.0535
2.3922
1.7011
2.2558
1.9606
1.9832
1.876
2.2557
2.378
1.8581
2.335
2.1456
1.901
2.1631
2.128
2.1395
1.5352
1.9468
2.2707
1.2078
2.0885
2.2486
2.17
2.239
2.1141
2.045
1.7969
1.9493
1.6731
1.9609
2.1644
2.272
1.4202
2.1941
2.1725
2.262
1.738
2.2334
2.1736
1.6212
2.1397
2.2343
2.3343
2.0752
2.2011
1.8728
2.0021
1.583
2.0331
2.1301
2.0076
2.444
2.1609
1.4108
1.8429
2.0276
2.3115
1.9898
2.0308
2.1693
2.3837
1.9295
1.8057
2.3472
1.7661
2.3521
2.0547
2.0186
1.8513
2.1165
1.8738
2.1298
2.2604
2.1376
2.2669
2.1441
1.7506
1.6152
2.1172
2.3692
1.5847
2.3196
1.6329
1.7197
2.0124
1.9045
2.3263
2.3749
1.6031
2.0017
2.3307
2.2256
2.0973
2.3268
1.9234
2.3888
1.1589
1.7733
1.7488
2.4338
2.3465
2.3413
2.3332
2.3425
2.3055
2.3905
2.3989
1.8047
1.6823
2.0208
2.3586
1.6582
2.1517
2.366
1.8241
2.2768
2.0193
2.2997
1.8684
2.0681
1.765
1.8193
2.1645
2.4089
2.2787
2.341
2.2364
2.2742
2.0654
2.1987
2.1526
1.4309
2.0582
2.321
2.2447
2.2609
2.3401
2.3465
2.2582
2.2533
2.2984
1.8345
1.8328
1.8196
1.3818
2.1111
1.85
2.1493
1.2535
2.1583
2.1824
1.9485
2.1414
2.2089
2.0225
1.7554
1.9214
1.3463
2.2938
2.3093
2.1143
1.2678
1.7666
2.2961
1.4222
2.1354
2.4571
1.6828
2.2843
2.2219
2.2012
2.3225
2.3711
1.5923
1.9077
2.1202
1.5525
1.9252
2.1136
2.297
2.4303
1.374
2.2486
2.3533
2.2729
2.3827
2.3177
2.1086
2.3006
2.2766
2.341
2.3813
2.0966
2.1839
1.9003
1.9102
1.5204
2.4175
2.2375
2.3593
2.3061
2.4434
1.5928
2.2942
2.4002
2.2618
1.3607
2.3689
1.8018
2.1123
2.4663
1.7904
2.0539
1.8124
2.2532
2.3671
1.7243
2.3888
1.8936
2.3138
2.1039
1.5464
1.2607
2.1003
2.1807
2.1757
2.0342
2.333
2.0105
2.3765
2.1778
2.218
1.8359
2.296
2.1847
1.952
1.6949
1.9839
2.2726
1.9039
1.3436
2.1136
1.7257
2.3129
1.8713
2.397
2.2415
2.4301
1.8168
2.1684
1.9115
1.8982
2.2212
2.3203
2.0388
1.232
2.1721
2.1985
1.4698
1.4668
2.3432
2.3211
2.0414
2.3674
2.2527
1.2941
2.0758
2.2987
1.7709
2.1878
2.1452
2.1737
2.2047
2.1272
2.3168
1.115
2.3922
2.2892
2.0173
2.3756
1.9906
2.2332
2.3455
2.3502
2.2487
2.4622
1.832
2.4546
2.428
1.4591
2.4192
1.4517
1.7716
2.3533
2.0881
2.3004
1.5646
2.0197
2.3701
1.8511
1.3769
1.9672
2.3878
2.0596
2.1144
2.2931
2.4797
1.8173
1.7699
1.4514
2.0222
2.2519
2.2003
1.6203
1.8869
2.2614
2.3861
1.7608
1.9874
2.2111
2.2476
2.3021
2.3647
2.3251
2.0486
2.3071
2.2305
2.2711
1.4659
1.6232
1.8045
1.7586
2.2147
2.0872
1.6823
1.6104
2.2907
2.2024
1.6474
2.2748
2.2294
2.4126
1.6156
2.1444
1.9543
1.7544
2.388
2.0612
2.328
2.2575
2.252
1.8118
1.5462
2.1821
1.932
2.3741
1.8879
2.0916
2.1988
2.3166
2.295
2.131
2.2842
2.0806
2.1317
2.0824
2.1914
2.3588
2.1154
1.3938
2.4639
1.7985
2.3012
2.4489
2.3356
2.4008
1.4886
2.2877
2.0704
2.401
1.7282
2.2678
2.2986
2.3469
2.4458
2.08
2.1231
2.0811
2.24
2.3987
1.8438
2.4325
1.5685
1.783
2.187
1.3481
2.4453
2.3255
2.3308
2.2003
2.2842
1.7856
2.2941
1.9189
2.3666
1.978
1.9307
2.0175
2.2476
2.062
1.7788
1.8936
2.0854
1.5316
1.8121
2.3813
1.3761
2.3728
1.8766
1.7623
2.0241
2.3853
1.5554
2.3142
2.1265
1.5487
2.273
2.2768
2.0231
2.1612
2.4629
2.0868
1.8311
2.42
1.6176
1.4764
2.3279
2.1852
2.2642
2.1739
1.9473
2.2996
2.3535
1.8528
1.5051
1.8165
1.1584
1.8002
2.2956
1.7563
2.3867
2.3687
2.3031
1.6644
2.1247
1.6321
1.3806
1.7019
2.1545
1.4017
1.247
1.6556
1.8036
2.1377
2.2581
2.2381
1.795
2.1797
1.4855
2.3251
1.7886
2.0051
1.3156
1.7349
2.1989
1.6049
2.4516
2.353
2.2422
2.2703
1.8572
2.1086
2.3905
2.1162
1.6299
2.2054
2.1701
1.9852
2.324
1.7219
1.9453
2.1267
1.4274
2.3826
2.2288
1.8264
1.7189
2.1904
2.3744
2.2698
2.1511
2.3336
2.2511
2.2763
2.3268
2.3217
2.4101
2.2154
2.2457
2.1047
2.3525
2.0132
2.38
2.0702
2.3563
2.0896
2.2329
2.0497
2.4318
1.9936
2.2808
2.2188
2.3575
1.3807
2.359
2.0857
2.3695
2.0957
2.4607
2.3124
2.4363
1.9727
2.1648
1.2842
2.3187
2.0938
1.7027
1.8323
2.0814
2.1912
1.3032
2.2665
2.3927
1.6982
2.2983
1.8082
2.1841
2.3214
2.2507
2.2195
1.5356
2.3082
2.2699
2.1697
1.9733
2.1632
1.4898
1.7169
2.2457
2.2812
2.154
2.2887
2.3282
2.1163
2.2349
2.2921
1.9674
1.266
2.336
1.5976
2.1765
2.3155
1.5385
1.6648
2.132
1.1654
2.1065
1.8261
2.128
1.5516
1.8149
1.8609
2.1677
2.3758
1.9425
2.3441
2.2481
2.3504
1.9095
1.3871
2.2169
1.8109
1.8856
1.8476
1.3992
2.115
1.5202
2.0194
2.0347
1.5838
2.3961
2.3267
2.1693
2.4196
2.4398
2.3751
2.2021
1.4666
1.2261
2.2157
2.1642
2.2015
2.1569
2.407
1.3489
2.4077
2.1861
2.2497
2.2505
2.1592
2.0904
2.4209
2.19
2.4001
2.3368
2.355
2.2231
2.3696
2.2818
2.3113
2.1732
2.0629
2.1078
1.8374
2.1692
2.3604
1.9955
2.168
2.4409
2.4902
2.235
2.2671
2.3443
2.2203
2.0319
2.1609
2.1873
2.2847
2.3541
1.6628
2.2766
1.9941
2.3579
2.3563
1.986
2.1787
1.2534
2.0194
1.5545
2.4864
2.2536
1.5159
2.3275
1.7769
2.2241
2.2755
1.8694
2.3557
2.1795
2.4402
1.8836
2.2042
1.7356
2.1732
2.2607
1.9765
2.1828
1.4195
2.1956
2.3477
1.7615
2.2662
2.46
1.5684
1.4877
2.2756
1.8198
2.1587
1.9609
2.2021
2.1366
2.1769
2.4113
1.2774
1.6656
2.243
1.9723
1.9214
2.4212
2.0026
2.3204
1.6644
1.877
2.2164
2.3615
2.0292
1.9746
1.8549
2.3119
1.4975
2.1143
1.8335
2.1196
2.1947
2.0096
2.0956
2.4335
1.4717
1.3768
2.2934
2.2874
2.2701
1.2455
1.3536
2.2636
1.7607
2.3313
1.7355
1.7498
2.1962
1.2385
2.0749
2.3881
2.208
2.1761
2.0673
1.7299
2.3195
2.2765
2.3647
2.095
2.1139
1.644
2.3549
2.3056
2.2417
1.6078
1.6308
2.256
2.1687
1.721
1.7073
2.2312
1.9825
1.791
2.2793
2.1575
2.2917
2.3505
1.5098
2.1709
2.4599
2.2384
2.0184
2.375
1.5403
2.3959
1.4179
1.9752
2.346
2.3772
2.0272
2.2585
2.301
2.1421
2.0206
2.308
1.6825
2.223
2.2623
2.3936
2.4179
2.2422
2.1539
2.271
2.3537
2.5501
1.9072
1.878
2.3227
2.3682
2.288
2.3747
2.4014
2.0702
1.6661
2.2428
2.2489
1.8428
2.1892
2.1191
2.3463
2.4703
2.2832
2.1958
1.978
2.2961
1.6126
2.2881
1.9629
2.2001
1.5471
2.4848
2.1281
1.9824
2.004
2.287
1.2913
1.9111
2.354
1.9644
2.0428
1.5645
1.8891
1.8321
2.0856
1.6944
2.3951
1.9988
1.6025
2.3785
2.1404
2.2166
2.2781
2.3442
2.3344
2.2514
2.3356
2.0327
2.302
2.0679
2.2562
2.2779
2.1455
2.3929
2.2413
2.3758
2.3043
2.479
1.9681
2.0046
2.0986
2.2666
2.1727
1.9799
2.328
2.1942
1.5235
2.3673
2.3401
2.2929
2.3308
2.4498
2.3481
2.2696
2.2431
2.4288
2.018
1.5216
2.1345
2.2265
2.3498
2.14
1.9253
2.1819
1.6515
2.2535
1.5503
2.384
2.3307
2.0536
2.1018
2.4225
2.1136
2.0417
2.1364
1.9033
2.22
1.9563
1.7296
1.6807
2.3495
2.0553
2.4515
2.1124
2.0896
1.7374
2.3217
1.8119
2.2382
1.8342
2.408
2.181
2.1505
2.2504
1.9386
2.0855
2.0756
2.2546
2.2574
2.3166
1.5833
2.1866
2.2894
2.1467
2.2746
2.3995
2.1617
1.8604
2.0271
2.1856
1.9084
2.1712
2.2168
2.1241
1.8545
2.2964
2.3213
2.3206
2.2233
1.9977
1.2555
2.0435
2.3101
1.5956
2.4682
2.3601
2.0068
2.305
2.1301
1.6641
2.1128
2.3125
1.7722
2.0354
2.3031
2.4018
2.3055
2.0703
1.94
2.4182
2.3104
2.1972
1.981
2.3101
2.3713
1.4539
1.3845
2.2968
1.5897
1.694
2.2994
2.0717
2.2898
1.8351
2.1583
1.886
2.0551
2.3531
1.3327
2.3074
2.3902
2.3686
2.0399
1.9692
2.2817
2.1229
2.2848
2.1895
2.2706
1.9535
1.1988
1.9586
2.4649
2.2196
1.7128
2.1398
2.1339
2.337
2.2251
1.6649
2.2972
2.3972
2.0788
2.3664
2.159
2.2955
2.2647
1.9562
2.279
1.9791
2.1487
1.9054
1.8995
2.2801
2.3394
2.2725
2.3629
1.9306
2.4796
2.3775
2.3397
2.3921
2.0811
2.3625
2.0208
2.0148
2.2287
2.3496
1.6709
2.2853
2.2378
2.4419
2.4743
1.3661
2.0058
2.0187
2.2196
2.2347
1.4952
1.6723
2.3522
1.7097
1.9616
2.1451
2.4134
2.2259
2.3351
1.8023
2.0309
1.4922
1.9503
2.1505
1.5498
2.2997
1.9369
1.8931
2.1886
2.0271
1.3535
2.2515
2.1403
2.2374
2.265
1.8343
2.2256
2.3775
1.942
2.3984
2.4548
2.1919
2.2653
1.8948
2.1524
1.9775
2.1682
2.3191
2.1613
2.3132
2.3348
2.084
1.5973
1.8811
1.2321
2.2099
2.2819
2.0057
2.0887
1.8923
1.8354
2.3914
2.0438
2.2796
2.4456
2.3533
2.3589
2.0881
1.9477
2.4812
2.1408
2.3072
2.4435
2.4539
2.2869
1.6232
2.3863
2.0074
2.3156
2.3493
2.2156
2.2434
2.1529
1.7326
2.0122
2.3912
1.958
2.2843
2.1127
1.849
2.2883
2.3765
2.1573
2.2266
2.134
1.4051
2.3593
2.0584
2.2545
1.9756
2.3579
1.9178
2.023
2.1256
2.3551
2.1667
2.2867
1.4996
2.0169
2.0945
2.2702
2.2383
2.2562
2.2949
2.2761
1.5437
2.3589
2.3916
1.5113
1.7109
2.3313
2.3642
2.3154
2.1256
1.4552
2.3866
2.3153
2.0536
2.3901
2.3736
2.3239
1.9094
2.4156
2.2962
2.3718
2.2564
2.3299
2.0449
2.1791
2.1479
2.0245
2.328
1.8602
2.3223
2.1677
1.8051
2.2144
2.1639
1.7738
1.1386
1.703
2.0178
2.0789
2.2726
2.4499
2.3136
1.5999
2.4789
1.6664
2.246
2.2835
1.5001
2.0971
2.4321
2.1282
2.474
1.8754
2.1898
2.0762
2.2585
2.2441
2.3339
2.2324
2.0008
2.3464
2.4165
2.3898
1.7728
2.3064
2.3603
2.2915
2.1609
2.3804
2.4335
1.3231
2.4095
2.3414
2.0631
2.2742
1.5508
1.5439
2.0705
2.3414
2.1956
1.9209
1.4761
2.1592
1.9917
1.5625
2.3387
2.3819
1.5229
2.1848
1.9682
1.4703
2.0863
2.383
2.0872
1.3366
2.3812
2.4898
1.8619
1.8933
1.7615
2.245
2.3737
2.3277
1.9767
2.2508
2.2887
2.2972
2.006
2.2062
1.4562
2.2477
2.1621
2.3537
1.5975
2.3116
2.1184
1.9097
2.3849
1.5625
2.0893
2.0657
2.3755
2.0377
2.1238
2.1778
1.4444
2.3485
2.1246
1.9421
2.1197
2.3738
2.1732
1.5788
2.2454
2.0339
1.749
2.2126
2.4333
1.6434
2.2619
2.226
2.1937
1.9638
2.2467
1.9416
2.245
2.3218
2.2664
1.9855
2.1308
2.104
2.3667
1.4467
2.4053
2.2851
2.3078
1.6003
1.8081
1.7109
2.1026
1.9764
2.3556
2.1413
2.1553
2.4544
2.3443
1.4514
2.315
2.2284
2.1892
2.4793
2.1224
2.4273
1.4749
2.4343
2.3042
2.4662
1.3654
2.3195
1.9251
2.1939
2.0791
2.3566
2.2016
2.1516
2.3524
1.5746
2.247
2.4211
2.361
2.2236
2.2992
2.2893
2.2089
2.2275
2.3665
2.4184
1.8358
1.4086
2.2434
2.1887
2.0959
1.8416
1.7025
2.0815
1.4637
2.2764
2.1955
2.2768
1.866
2.3363
2.4572
2.2383
1.9994
2.4471
1.4107
1.7255
2.3989
1.9764
2.4398
2.2625
1.8264
2.3081
2.3169
1.7628
1.6662
2.0773
2.1973
2.2724
1.7078
2.3766
2.0621
2.3421
2.1237
1.284
2.2078
2.2292
2.1474
2.0458
2.3154
1.7711
2.2036
2.0893
2.4382
2.1392
2.2485
2.1551
2.2519
2.2333
2.1766
1.7997
2.307
1.0845
2.0382
2.1977
2.4223
1.587
2.2354
2.095
2.1008
1.5049
1.4463
2.155
2.1095
2.0998
1.8987
2.4586
1.7044
2.4068
2.4097
1.9678
2.0259
2.1799
2.4566
2.2812
2.355
2.2529
2.0577
2.3486
2.187
2.1159
2.3353
2.1533
2.3058
1.5348
2.059
2.2366
1.9256
2.1333
1.4356
2.3178
2.4251
1.7687
2.3023
2.2239
2.1386
2.1871
2.1589
2.4024
2.4233
2.3419
2.2954
1.8603
2.2641
2.2118
2.2369
1.6508
1.7342
2.2515
1.7059
2.3301
2.413
2.3944
2.1261
1.5804
1.8314
2.0863
1.6059
2.2004
2.2848
2.2737
2.4575
2.363
2.3236
1.6577
2.1934
2.2058
2.3725
1.1807
2.3506
1.7327
2.3968
2.3265
2.3942
2.2135
2.4326
2.2899
2.3744
2.306
1.9934
2.1022
2.2537
2.3459
2.2213
2.3932
2.1448
2.333
2.2652
2.2397
2.1091
1.6728
2.2189
2.2371
2.2583
2.3039
1.7517
1.5168
1.4132
2.3424
2.0922
2.3603
2.3153
2.207
2.4351
2.3213
2.2457
2.359
1.7374
2.363
2.0556
2.2954
2.231
2.125
1.8881
2.3553
1.6788
2.1536
1.8663
2.2671
2.3445
2.1933
2.1168
2.3475
2.1986
2.3443
2.3765
2.277
2.3084
2.222
1.7691
1.8738
2.4727
2.0483
2.1961
2.1251
1.8861
2.3587
1.1753
1.9806
2.1298
1.925
1.9215
1.8659
2.3321
2.2126
1.3844
2.4235
2.2169
2.1803
2.2853
2.2101
1.7698
2.309
2.3185
1.6405
1.4909
2.4437
2.4212
2.1278
2.0923
2.2251
2.2303
2.267
1.9557
1.4958
2.2179
2.0981
1.8624
1.7884
1.2227
1.8042
1.7569
1.5865
2.0193
1.6734
2.152
1.3818
2.0499
2.2034
2.1105
1.7587
2.2646
1.8107
1.8702
2.284
1.9621
2.4222
2.3504
2.2343
1.919
2.394
2.322
1.5223
2.2823
2.4682
2.372
2.0391
1.1679
2.1776
1.2711
1.5247
2.413
2.3546
2.1936
1.6404
2.2137
1.5984
2.3176
1.2582
2.0946
2.1465
1.3006
2.3823
2.1958
1.6912
2.2529
2.3095
2.2873
2.3234
1.9811
2.3713
2.324
2.2517
2.0643
2.2875
2.1619
2.132
2.3024
1.7067
1.9434
2.2297
2.1472
2.2322
1.491
1.9675
1.6115
2.1044
2.28
2.1246
2.3796
2.1715
2.1785
2.2529
2.2092
2.2711
2.2991
2.3031
2.1075
2.3095
2.3197
2.178
1.8288
1.9718
1.7333
1.7871
2.0615
2.3494
2.1086
1.7616
2.3512
1.8999
2.3499
1.5863
2.3977
1.8801
2.4421
1.5937
1.7015
2.4223
2.3767
2.2844
2.2393
1.8247
2.0326
1.8762
2.2906
2.04
2.3347
1.2381
2.1607
2.3517
2.2427
1.5678
2.2033
2.3538
1.4099
1.8067
2.3652
1.6745
1.5127
1.4652
2.2275
2.3957
2.2279
2.3243
1.9435
2.4483
2.2735
2.1759
1.3728
1.6859
2.3434
1.4928
2.1623
1.7185
2.258
2.3146
1.4774
1.513
1.7715
2.342
2.4597
1.5606
1.7015
1.5216
2.2124
1.7442
2.2454
2.1526
1.5273
2.2162
1.8644
2.1398
1.8927
2.2244
2.1555
2.2653
1.3086
2.1862
2.2709
2.3203
2.1824
2.1131
2.2913
2.3729
2.1357
1.8584
2.3913
2.3553
2.0695
1.5588
1.3147
2.1733
2.3452
1.4666
2.3247
2.2332
2.2487
1.4342
2.0265
2.466
2.1848
2.2712
2.1968
2.0536
2.1351
2.408
2.3127
1.544
1.5209
2.2333
2.1292
1.4105
1.7923
2.2653
2.1854
2.1431
1.9079
2.1984
2.031
1.8779
2.251
1.635
2.2449
1.7812
2.0269
1.2864
2.331
2.2624
1.9198
2.0533
2.0374
1.9297
1.9146
1.5369
1.8613
2.1185
2.3917
2.3385
2.1137
2.2907
1.9737
1.8886
2.1174
1.3179
1.6743
2.1722
1.7667
2.2528
2.3934
2.0193
2.381
1.4067
2.1876
1.9796
2.2908
1.998
2.136
2.2579
2.0858
1.4111
1.5223
2.357
2.2364
1.5118
1.5831
1.6891
2.3375
1.8903
2.4246
2.2488
2.3026
1.5649
2.2807
2.2793
1.7332
2.1964
2.0074
2.2374
2.3274
2.1103
1.3367
2.425
2.2467
2.0297
2.2078
1.6824
2.4076
2.4289
2.0628
2.197
1.4148
2.0679
2.2239
1.6496
2.0037
1.7893
2.3894
2.3714
1.4902
2.1187
1.9057
2.1584
2.2945
1.8798
2.3514
2.3286
2.2224
2.3407
1.8466
1.9063
2.1549
2.4646
1.7521
1.7884
2.2277
2.3828
1.5796
2.1616
2.2568
2.4117
2.3052
1.9669
1.9339
1.8385
2.2952
2.1494
2.0659
2.1975
1.5204
1.5151
1.6605
2.0441
2.4025
1.4621
2.3868
2.2661
2.0918
2.2005
2.1861
1.3797
2.2625
1.8642
2.3942
1.8196
2.4602
2.2303
2.3861
2.2703
2.1719
2.2145
2.3005
1.7845
2.4332
2.2299
1.8886
1.6538
2.3714
2.3824
2.026
2.382
2.2096
2.473
2.1897
2.2301
2.2269
2.3038
1.6283
2.2706
2.4002
2.368
2.3326
1.9751
2.227
1.9132
2.3779
2.1525
1.6412
1.929
1.8103
2.3198
2.3039
1.8714
2.3913
2.054
1.6647
2.4128
1.9948
2.2655
2.3214
1.336
2.4217
2.3639
2.1382
2.3716
2.154
1.7448
1.2049
1.9781
1.9457
2.3199
2.2575
2.1991
2.2247
2.2027
2.0321
2.4056
2.4758
1.7073
1.2942
1.4443
2.118
2.3543
1.9304
2.1588
2.2857
1.7908
2.1195
2.3464
2.2607
2.3033
2.0942
2.0952
1.8301
1.9409
2.0838
1.5385
1.6754
2.1469
2.3321
2.2692
2.2963
1.7206
1.5689
2.4056
1.8379
2.3705
2.0522
2.166
1.5391
2.1121
1.4738
2.2351
2.3069
2.3803
2.3712
2.2398
2.2647
1.8555
2.2455
2.1275
1.5145
1.8284
1.3822
1.5503
2.1333
1.9166
1.1719
2.3942
2.2402
1.8094
1.9901
2.1892
2.221
2.0242
1.7208
2.2712
2.1421
2.2132
1.8021
2.2932
1.9718
2.1866
1.5141
1.4979
2.2616
2.2001
2.3507
2.3046
1.8566
2.2831
2.0518
2.3783
2.3404
2.2111
2.3447
1.445
1.9297
2.134
1.4793
2.283
2.031
1.6255
2.3084
2.3079
1.8977
2.361
1.9306
2.0312
2.2952
2.3746
2.0806
2.024
2.2709
2.016
2.1294
2.0862
2.4079
2.2639
2.0774
2.1572
2.1062
2.2772
1.9096
2.1666
1.7421
2.33
1.4646
2.426
2.168
2.2784
2.014
2.2863
2.1267
2.3439
2.2717
1.9816
2.2392
2.5207
2.0805
2.2645
2.2235
2.3443
2.401
1.8959
1.7192
1.744
1.5163
1.9277
2.2175
2.108
1.5575
2.1436
2.2885
2.3938
2.2162
1.6123
1.7722
2.3842
1.5033
2.2744
2.0735
1.1851
2.2162
2.2335
1.8979
2.2778
2.3675
2.1269
2.03
1.917
2.3488
2.145
1.4439
2.2107
1.9155
2.103
2.4944
2.2936
2.2263
2.2555
1.8645
1.9113
2.2417
2.0334
2.2923
2.1562
1.4794
1.8022
1.9064
2.1101
2.033
2.3565
1.9429
2.3304
2.2002
2.0131
1.5136
2.2841
1.9998
1.3811
2.4358
2.1986
1.2042
2.1564
2.3524
1.9695
2.0021
2.0606
2.2496
1.8803
1.8344
1.4676
2.0284
2.4375
2.1512
2.3688
2.2275
2.3489
1.5841
1.5762
2.2497
1.663
2.2325
1.937
1.6901
1.7279
1.5192
2.3595
1.9722
1.9776
2.2514
2.3008
1.5585
1.9263
2.1631
2.2523
2.1338
2.0778
2.4123
2.1501
2.3317
2.1474
2.241
2.1128
2.3943
2.2929
2.3933
2.3615
1.6344
2.3238
2.2874
1.9759
2.1935
1.5539
2.3927
1.902
1.9636
2.476
2.1454
2.3587
2.1685
2.184
2.0397
1.898
1.5509
2.1633
1.8796
2.3933
2.3286
2.138
1.6824
2.1262
2.2887
2.0846
2.139
1.9419
1.7008
1.9084
1.705
2.5298
1.4865
2.0608
1.9919
2.3104
2.3564
2.0331
2.1341
1.6987
2.0847
2.3203
1.7191
2.0236
2.1549
2.0911
1.5944
2.0894
1.6047
2.2201
2.2223
1.948
2.2799
1.4721
2.1632
2.2051
2.1882
2.3963
2.461
2.2855
2.43
2.3141
2.1579
2.3577
1.9865
2.2151
1.3415
1.9352
1.4352
1.411
2.2384
2.35
2.2429
2.1251
2.335
2.345
1.813
2.4208
2.3743
2.1465
2.2515
2.3591
2.0367
2.0857
2.0884
2.2025
2.0885
2.2248
1.6762
1.6457
1.2515
2.106
2.2846
1.6536
2.2968
1.6465
2.3403
2.3008
2.3967
2.0354
2.0691
2.3709
2.2589
2.3401
2.0321
2.1042
1.7204
2.3651
2.3185
2.3731
1.6264
2.3692
1.6215
2.215
2.4148
2.3974
2.3556
1.9388
1.4977
2.0554
2.3253
1.8816
1.7743
1.9264
2.2795
2.4393
2.3079
2.4395
2.067
2.1144
2.42
2.2763
2.0964
2.2899
1.2636
2.0131
2.3745
2.1981
1.5016
2.0138
1.8095
1.7076
2.3056
1.92
1.4577
1.5081
1.8791
1.7578
1.7906
2.4068
2.0868
2.203
1.8383
2.1531
1.7889
2.3857
2.3991
2.0405
2.3286
2.2185
2.2704
2.0212
1.6121
1.7724
2.2744
1.4914
1.845
2.4007
2.2001
2.1027
2.2776
1.3793
2.2445
2.3533
2.3353
2.2509
1.5127
2.2916
2.2992
1.9042
2.208
1.3876
2.3802
2.3991
1.6267
2.3688
2.2448
2.4209
2.241
2.2594
2.0041
2.4371
1.5176
2.0899
2.2997
1.985
2.0611
1.7129
1.7934
2.1954
2.0399
2.1542
2.3675
2.0708
2.1904
2.3599
2.3983
1.396
2.0077
2.2852
2.1638
1.9635
2.1063
2.2731
2.3908
2.3292
2.0288
2.1394
2.2444
2.1567
1.7304
2.0166
1.985
1.8535
2.1755
2.2553
2.2297
2.14
2.2042
2.0397
2.121
2.348
2.3792
1.8998
2.0044
2.2427
2.3398
2.2857
2.2858
2.287
2.3589
2.2953
2.2535
1.9421
2.1205
2.3008
2.2131
2.3287
2.2491
2.1422
2.1439
2.3515
2.1619
2.4266
2.2914
1.1673
1.3398
2.3582
1.3103
2.072
2.2876
2.0768
2.1086
2.1837
2.3749
1.8246
2.3562
2.3107
2.3016
2.1609
1.8118
2.3322
2.3673
2.3401
2.3072
2.1142
2.3051
2.288
1.839
2.2602
2.2229
2.4094
2.1172
2.2827
1.3546
2.0537
2.4297
1.8365
2.3569
2.2142
1.4513
1.9879
2.2143
2.3943
2.4229
1.4682
2.4412
1.7932
1.7216
1.9429
1.6743
2.2834
2.134
1.8054
1.8793
2.1213
2.0328
2.312
2.3877
1.7215
2.0293
2.0622
2.2237
2.2266
2.1263
2.2239
2.0532
2.4171
2.2987
2.5086
2.3313
1.7064
2.0691
1.5322
1.6599
2.2397
2.3738
1.8018
1.9609
2.1348
1.8829
2.2787
1.385
1.5799
2.2464
1.6191
2.163
1.9489
2.0762
2.3206
2.4489
1.6577
1.4776
2.3551
2.3081
1.8746
2.3136
2.4045
2.3086
1.5566
2.325
2.2871
1.3894
2.0466
2.0122
2.3575
2.3589
2.2848
2.3937
2.3654
2.153
2.4429
1.7589
2.028
2.1764
1.965
1.7255
2.1569
2.3474
1.8945
2.3801
2.2638
2.1314
2.2347
1.4458
2.1262
2.1869
2.3064
1.5764
2.1568
1.7593
2.4456
1.257
1.471
2.2364
1.3929
2.0715
2.1512
2.3456
2.4585
2.1986
2.3426
1.4054
2.1105
2.2657
2.218
2.3973
2.2674
2.3919
1.9481
2.3877
1.8376
1.9014
1.8798
1.9653
2.2659
2.3053
1.9289
2.2209
2.3535
1.8856
1.9407
2.156
1.8809
2.177
2.1511
1.7925
2.0487
2.2981
2.1163
2.0294
2.2619
1.9752
2.0139
2.2024
2.3128
1.9074
2.1235
2.2353
1.3089
2.369
2.3732
2.3393
2.374
2.1007
1.8805
1.2274
2.4279
2.05
2.141
2.3214
1.3898
1.7426
2.3825
2.2277
1.9882
2.0923
2.2495
1.9309
2.4166
1.6852
2.1652
2.2196
2.1803
1.7824
1.9279
2.1797
1.9191
1.92
1.9529
1.8278
2.2036
2.3377
1.6677
2.2615
2.3094
1.4132
1.6472
2.3958
2.2593
1.7345
1.6981
2.0985
2.043
2.1602
1.4852
2.1206
1.7932
2.2574
2.2278
1.5385
2.2014
1.6988
1.9942
2.3108
1.2443
2.1243
2.3345
1.4466
1.4728
2.2842
2.2757
1.8163
1.4782
2.1315
2.3138
2.283
2.1504
2.4324
2.2645
2.2032
1.9531
1.2317
2.1866
1.6395
2.2007
1.9549
2.2476
2.0574
1.4018
2.1587
1.4945
1.9853
1.3826
2.0146
2.0353
2.2292
2.2096
2.2045
2.3371
2.2607
2.242
2.225
1.6126
1.4635
2.3349
1.9221
1.8281
2.1228
2.0467
2.3935
2.2985
1.9822
1.8732
2.3281
2.3312
2.2284
2.4314
2.2628
1.917
2.1318
2.3605
2.4903
2.1811
1.5033
2.386
2.3193
2.0407
2.2946
2.2521
2.3889
1.4783
2.1839
2.3414
2.3052
2.211
2.1672
2.2923
2.3975
2.1819
2.0927
1.8342
2.2705
1.5398
1.3963
2.2651
2.2474
1.9005
2.3495
2.246
2.2423
2.1196
1.5451
2.1386
2.3023
2.0993
2.2582
1.6615
2.165
2.0417
2.0124
2.2116
2.1253
1.8226
1.291
1.8485
2.3654
2.106
2.1368
2.2076
2.3824
2.3464
2.4336
2.3346
1.8923
2.1533
2.3467
2.3676
2.3389
2.1185
2.3695
2.3548
2.3171
2.278
1.4569
1.7811
2.3252
2.3476
2.2634
2.2695
2.159
2.1923
2.0074
2.3609
2.1003
2.0313
2.3153
2.1264
2.0963
1.3916
2.0115
1.898
2.4292
2.3606
2.1372
2.2656
2.2983
1.7148
2.1838
2.4123
2.0445
2.1009
2.1691
1.3481
2.0364
1.6343
1.4569
1.8102
2.363
2.0708
2.1284
2.3388
2.0565
2.0299
1.5504
2.4173
2.2562
2.384
2.2969
2.3842
2.3114
2.1257
1.2867
1.6498
2.0326
2.2518
1.6892
2.1098
2.2542
2.2453
2.1973
2.3239
2.2829
1.6843
2.3958
2.3804
1.668
2.1462
2.3105
2.3958
2.0367
1.4047
1.6855
2.1716
1.7803
2.3502
2.4532
1.9613
2.1084
2.3013
1.856
2.1503
2.1713
2.3906
1.9974
2.4142
2.3778
1.5033
2.318
2.2587
2.2159
2.3584
2.0996
1.9174
2.3863
2.189
2.2394
2.1633
2.1969
2.3687
2.1992
2.2657
2.1592
2.3565
2.2794
1.7555
2.511
1.6259
2.0477
2.4145
2.0211
2.118
2.2578
1.7621
2.2475
1.6336
2.2136
1.6412
1.8716
1.4296
2.3902
2.1711
2.4413
2.3525
1.6619
2.2819
1.468
1.4549
2.2489
2.2245
1.4049
2.3779
1.687
1.6109
1.5839
2.4356
2.3427
2.3373
2.3092
1.4071
2.2855
2.4756
1.8449
2.3952
2.3454
1.903
1.7784
2.4057
2.0915
2.2771
2.2325
