1.2308
2.0334
1.8143
1.9155
2.2201
1.6848
2.4008
1.2705
2.2929
2.1493
1.4774
2.1561
1.3969
1.8993
2.009
1.2793
1.9325
2.1475
2.2786
2.0885
1.7397
2.054
2.0555
2.0495
1.4737
1.929
1.5344
1.8658
1.371
1.446
1.4541
1.4585
1.2813
1.3886
2.1355
1.5172
2.3664
1.2702
1.2341
1.8797
1.9498
1.7037
1.3987
1.9372
1.5963
1.8111
2.0703
1.8856
2.0715
2.0003
1.3283
1.1889
1.9869
2.4055
2.1968
1.6924
1.6272
2.232
1.7894
1.9141
2.011
1.4994
1.2987
1.4057
2.3634
2.2585
2.3366
1.4674
1.2153
2.0561
2.0035
1.9216
1.7177
2.2434
1.6656
1.6258
2.1253
1.8857
1.5936
2.1013
2.4915
1.5061
1.5363
1.5109
2.4544
1.783
1.811
2.0764
1.5596
1.8429
2.1576
1.9786
1.8431
1.4726
1.3865
2.161
2.4576
1.8829
1.8032
1.5351
1.2682
1.4123
2.1799
1.7242
2.1813
2.1086
2.2901
1.5084
1.9202
1.1575
2.1136
1.4993
1.5046
1.7201
1.3114
1.5693
1.4556
1.9174
1.7608
1.4957
2.19
2.4256
1.5132
1.4302
1.5525
2.0929
1.3944
1.6261
1.4158
2.1284
1.4302
2.0295
1.3107
1.4394
2.1694
1.9684
2.0961
1.384
1.4051
1.8282
1.9609
2.0151
2.3085
1.2052
2.0053
2.2497
2.1793
1.4395
2.3011
2.2434
2.1937
1.8851
1.4669
2.3248
2.0691
1.3224
1.4555
1.5761
2.0808
1.4841
1.4286
2.0543
2.2967
2.3466
1.7798
2.3889
1.685
1.3913
1.6616
1.3852
1.7418
1.9222
2.3069
1.805
2.1778
1.6986
1.9693
2.0006
2.2618
2.323
1.5838
1.4883
2.3017
2.1955
2.4209
1.622
1.5383
2.4378
1.3647
1.4061
1.9147
1.3789
2.1163
2.3139
1.4825
2.1153
1.8516
2.3678
1.5614
2.1298
2.1574
1.5528
2.0891
2.3636
1.7559
2.4238
1.3738
1.4787
1.8705
2.3801
2.3538
2.1466
2.3487
2.0607
1.361
2.333
2.0211
1.3722
1.9142
1.5443
1.7567
1.9917
1.6582
1.3612
1.7954
1.3845
1.5529
2.2314
2.1279
1.5928
1.7814
1.6371
1.946
1.9312
2.083
1.3854
2.1132
1.4056
1.6406
1.1822
1.985
2.2144
2.3803
2.2625
1.2223
2.1934
1.4647
1.6515
1.4438
1.9638
1.4885
2.0144
2.3367
2.2031
2.3268
1.7957
1.769
1.3554
1.901
1.4487
1.2801
2.243
1.3579
2.133
2.3128
1.859
1.6979
1.533
2.154
2.101
1.4531
1.8961
2.2445
2.3712
2.4095
1.9059
2.2675
2.1509
1.3073
1.266
1.6333
1.8169
2.0219
1.4862
1.4544
1.9708
1.6224
1.6067
1.9956
1.4961
1.42
1.3796
2.0611
2.3252
1.1601
1.8713
2.0833
2.1981
1.1515
2.0428
1.5884
1.4996
1.3302
1.3541
2.2684
1.6154
2.0584
1.8931
1.4253
2.1081
1.7788
2.2641
2.1307
1.3249
1.4859
1.3173
1.3739
1.5526
1.3127
1.7374
1.8813
1.3156
1.4479
1.7499
2.0953
1.4688
2.0841
1.4376
1.8337
2.0618
2.3031
2.3309
1.5952
1.8326
2.053
1.4873
2.321
2.3546
1.7239
2.3245
2.1091
1.2394
2.0202
1.1854
2.2407
1.8665
1.4963
1.3533
1.305
1.419
1.7207
1.8186
1.3301
1.9206
2.0248
1.3627
1.5508
1.6554
2.3483
1.4631
1.5409
1.8321
1.9325
1.9138
2.0487
1.9061
1.2247
2.1415
2.026
1.3045
2.0207
1.2083
2.3089
2.0812
2.1739
1.8022
1.6423
2.0317
1.7033
1.4021
1.631
1.6674
1.9175
2.373
1.3274
1.6819
1.6946
1.4762
2.085
1.4036
1.8909
1.9794
2.0518
1.9979
1.478
1.5876
1.507
2.1018
2.1953
2.2841
1.641
1.8483
1.204
2.2502
1.8365
2.3487
1.4868
2.2337
2.0749
2.1617
2.3997
1.9753
1.5702
1.7864
2.2538
1.4189
1.4546
1.7306
1.4992
2.0796
1.2927
1.5661
1.4248
1.8296
1.6448
1.6651
2.3869
1.9762
2.3231
2.0787
2.2591
1.3187
2.1192
2.0534
2.2244
1.8812
2.0081
1.7364
1.584
1.9826
1.916
2.3377
1.8624
2.0946
2.1928
2.208
1.4885
1.0424
1.4311
1.3742
1.5938
1.6537
1.3233
1.4387
1.5177
1.4612
2.3597
2.2448
1.3342
1.3879
1.2575
1.4894
1.428
2.118
1.3407
2.3552
1.861
1.4066
1.2921
1.196
1.4845
2.1247
1.3547
1.4743
1.5599
1.476
1.1984
1.4835
2.3083
1.1854
2.0983
2.0713
1.1898
2.1814
2.4036
1.9286
2.1773
1.7636
1.9988
2.1726
1.4182
2.0401
1.4661
2.2406
1.1897
1.5567
1.5495
1.6875
1.9807
1.4131
1.3344
1.3068
2.09
2.3997
1.2732
1.5606
1.7969
1.4621
1.6181
1.5514
1.3405
1.9694
1.878
1.8255
1.4049
1.4478
1.5656
1.9744
1.4607
1.3926
1.4925
1.8365
1.6
1.3383
1.6628
1.3029
1.753
1.7959
2.2397
1.4258
1.9646
1.5099
2.1406
1.1916
1.3517
1.5155
1.5625
1.8967
1.4597
2.3339
1.9429
2.0577
2.2746
1.4916
1.5337
1.7451
1.4722
2.406
1.2992
2.1979
1.77
1.7284
1.4645
1.8416
2.1268
1.494
1.213
2.0451
2.0211
1.8832
1.4666
2.0319
2.068
1.9718
1.8743
1.4332
1.4613
2.2641
2.272
2.2869
1.5019
1.5925
1.6036
2.062
2.1855
2.106
2.3567
2.2645
2.0349
1.7092
1.8887
2.1374
2.2434
1.5748
1.5861
1.9848
1.4201
2.0614
2.1099
2.1078
2.2737
1.8091
2.1382
2.2457
2.3121
1.4868
2.215
2.4117
2.2428
1.961
2.3001
1.4139
2.3208
2.3729
2.3718
2.0493
2.195
2.1858
2.2657
2.4061
2.1868
2.1365
2.1299
2.04
2.2248
2.3684
1.8751
1.8661
1.6182
2.1213
1.4165
1.5794
1.5494
2.0594
1.8866
1.7986
1.6412
1.4608
2.0668
2.3835
2.378
1.9492
1.6137
2.3571
1.4966
2.3538
2.3031
2.0152
2.0132
1.3305
1.3253
2.2141
2.0756
2.1969
2.27
2.2788
1.6933
1.7548
2.0019
1.6305
1.5704
2.246
2.3079
1.666
2.3972
2.4029
1.469
1.504
1.5929
2.4036
2.4078
2.3988
2.4118
1.2057
2.0439
1.8936
2.2599
1.2937
2.3303
2.2706
2.3183
2.3098
2.0942
1.7497
1.3178
2.174
1.9904
1.2868
1.6311
2.0222
2.229
1.8406
2.2679
1.8963
1.4323
1.3426
2.1462
1.7996
1.8074
2.3025
1.8832
1.9223
2.3491
2.3021
2.2747
1.3047
2.43
1.5887
1.9761
1.9532
2.2522
1.6984
2.2981
2.2017
1.5352
2.2923
1.6865
2.2075
2.1271
2.0164
2.026
1.3043
1.2366
2.2244
1.3766
1.4691
2.0877
2.0687
2.2414
2.3597
2.0089
2.1042
2.2873
2.2687
2.423
1.9434
2.1223
1.5486
1.8609
2.2711
1.3298
1.8491
2.3336
2.1822
2.1094
2.0749
1.8487
2.3413
2.1547
2.3869
2.2856
2.1987
1.5584
1.801
1.6499
2.1731
2.1845
2.2721
2.2701
2.2081
2.1532
2.0391
2.1619
2.1187
1.9767
2.2892
2.2949
1.9573
2.0908
1.8097
2.0926
2.0816
2.0194
2.1441
2.2931
2.255
2.424
1.2465
1.9615
2.2469
1.2398
1.6721
2.1524
1.348
1.3197
1.3068
1.4869
1.2438
1.3019
1.2937
1.7586
2.3434
1.8043
1.7453
1.6009
1.486
2.1938
1.9454
2.0921
2.3007
1.9411
2.407
2.4368
1.6812
1.5076
1.3224
2.1033
2.3357
1.5414
2.0827
2.1223
2.0993
2.1551
2.1143
2.2092
1.401
1.1764
1.9624
1.6011
1.5774
2.3873
2.3278
2.2854
2.1226
2.358
1.4828
2.1871
2.1155
2.2802
1.7555
2.0809
1.3428
1.9479
1.7373
1.7125
1.8253
2.3761
1.4507
2.0663
2.1454
1.3891
1.6886
2.3229
2.418
2.3967
1.6121
1.7669
1.9562
2.0556
2.262
1.7669
1.7189
2.0743
2.1028
2.0694
1.6847
1.2954
2.4357
1.3985
1.8896
1.7033
1.9119
2.336
1.5677
1.5424
2.2647
2.0584
2.1141
1.7667
2.0794
2.0281
2.1288
2.2872
2.0278
1.4449
2.3333
1.8032
1.6497
2.156
2.1845
2.0668
2.1681
2.4205
2.127
1.369
2.1077
2.2426
2.0837
2.2548
1.4479
1.3856
1.5558
2.2974
2.2398
1.3389
1.3971
2.1393
2.3016
1.433
2.3003
1.3412
1.449
1.3358
2.2022
2.3027
2.1365
2.4371
1.8689
1.9933
1.5246
1.6496
1.4056
1.8985
1.268
1.3633
1.8096
1.2992
1.2456
1.9595
1.9727
2.3325
2.0486
2.3147
2.1802
2.142
1.7584
2.0723
2.16
2.2437
2.3082
2.3071
1.9066
2.2259
2.108
2.2823
1.7334
1.9605
1.4746
2.2065
2.0607
2.0742
2.145
2.139
2.1124
2.0073
2.3368
1.5975
1.738
1.3703
1.521
2.0708
1.9956
2.3377
1.7405
1.452
1.598
2.1792
2.4281
1.4244
2.192
1.6103
1.1902
2.232
2.1511
2.1949
2.4023
2.1471
1.8893
2.0904
1.8948
2.1889
2.1789
2.163
2.1718
2.3236
1.6733
1.8859
2.3811
2.402
2.3899
2.3993
2.3402
2.3527
1.2809
1.6696
2.3869
2.3408
2.2857
2.1052
2.4141
1.9886
1.8625
2.2964
1.9927
2.0865
2.4427
2.4312
1.6369
2.3503
2.2826
2.0308
2.247
2.2638
2.1559
2.3977
1.4222
1.9722
1.7073
1.3024
2.3012
2.1864
1.3616
1.9135
2.2127
2.1277
1.8795
2.3839
2.0723
2.0913
2.1381
2.1379
2.1517
2.2655
2.3724
2.375
1.4939
2.1988
2.0036
2.2835
2.3146
2.2248
1.882
2.1371
1.9355
2.3091
2.1616
1.6212
1.4679
2.2516
1.7901
2.2179
1.4424
2.375
2.0904
2.3047
1.7089
2.2078
1.7941
2.3295
1.799
2.3802
1.3958
1.8434
2.0487
2.071
2.352
1.2999
2.1678
1.4151
2.3593
1.2893
2.1004
2.3664
2.1821
2.3802
2.2915
2.1508
1.6569
2.1531
1.5873
2.3273
1.7008
1.9637
1.9217
2.1889
1.78
2.0329
2.0615
1.7942
1.7754
1.9599
1.9817
2.291
2.116
2.2056
2.4666
1.5057
2.0112
1.3077
2.2468
2.069
1.3612
1.2387
2.0764
2.1186
1.8165
1.9081
1.8175
2.2552
1.6278
1.7595
1.8602
1.5894
2.3148
1.4556
1.6582
2.1334
2.1558
1.3471
2.0956
2.1113
2.1363
2.1108
2.1078
1.4987
1.6292
1.8366
1.4842
1.3698
2.278
2.2915
2.3
2.2984
2.2955
2.3071
2.3928
2.1709
2.3227
2.272
1.5618
1.7811
2.3243
2.3531
2.1075
1.459
1.7865
1.8246
2.4057
2.1803
2.0347
1.3368
2.3508
2.1463
2.304
1.9821
1.7221
2.1642
1.7221
1.3595
2.168
2.3799
2.3064
2.0083
2.0957
2.1107
2.2995
2.5098
2.2778
2.3007
2.3535
1.5165
2.0709
2.0719
2.421
2.2301
1.8521
2.2755
1.7216
2.0949
2.3269
2.0564
2.1065
2.2074
2.1914
2.0013
1.9163
1.2574
2.095
1.1438
2.0675
1.7659
2.0376
1.8163
2.3454
2.1899
2.0752
2.0463
2.2949
1.8347
2.352
2.1924
1.2739
1.6261
1.5491
2.3547
1.479
2.0633
1.6031
1.5339
2.0473
2.3036
1.2734
1.5454
1.8908
1.4012
1.2968
2.2264
1.9153
2.0827
2.1537
1.3761
2.3625
1.4213
1.9678
1.637
1.2524
2.2771
2.2501
1.5804
1.808
2.0633
1.2306
2.2665
2.0959
1.8704
1.9212
1.6544
2.0057
1.6351
2.2592
1.4538
1.5326
1.866
1.3776
1.8889
2.0409
2.1024
1.7533
2.1967
1.9488
1.8527
2.1539
1.9361
1.5976
2.0917
1.7442
2.1196
2.0215
1.8559
1.5633
1.5725
2.0259
1.9499
1.6732
1.9963
2.1263
2.184
1.4114
2.362
1.3221
1.255
2.0778
1.8478
1.7211
1.9868
2.2202
1.2888
1.4083
2.1186
2.1075
2.0834
1.3598
1.2826
1.8343
1.3237
1.6156
2.1076
2.1215
1.6331
1.8904
1.8412
1.8797
1.5315
1.6329
1.9519
1.6345
2.3696
1.9741
1.4215
1.8175
1.8228
1.7468
2.1356
1.4302
1.4448
1.9322
1.9046
1.4725
1.6169
1.5783
1.4932
2.2839
1.1941
2.2501
1.6208
1.3513
1.3483
1.6419
2.0771
2.0623
1.8966
1.2955
2.2405
2.1396
2.2029
1.7486
1.3927
2.0769
2.3682
2.1485
1.1628
2.0024
1.9861
1.6434
1.8924
1.377
2.0176
1.9854
1.9213
2.1413
1.4317
1.908
2.342
1.9529
1.5322
2.3079
1.7456
1.4822
2.2374
2.0088
1.7762
2.3744
2.1394
1.2551
2.0335
2.2516
1.8844
1.6703
1.94
1.211
1.6801
1.3208
2.1328
2.3913
1.2335
1.8887
1.5954
1.7254
1.8158
1.6909
1.7173
2.0002
2.1338
2.1778
1.493
1.2738
1.8538
2.2107
1.3385
1.9701
1.9178
1.8293
1.4768
2.0158
2.2143
2.1095
2.0056
2.3455
2.3123
1.6788
1.4236
2.0939
2.2774
2.1383
1.8017
2.2689
1.6792
1.7999
2.1808
2.2518
1.9766
2.2508
1.5583
1.2669
2.3531
1.93
2.2894
1.2459
1.4388
1.7028
1.8128
2.0842
2.1939
1.8631
1.2999
2.2343
1.9435
1.7475
1.6746
1.7468
1.6021
1.5902
1.9543
2.1487
1.774
2.4203
2.1817
1.6079
2.3611
2.1184
1.8769
1.5164
1.8201
2.3405
2.3165
2.2225
2.1812
1.6579
2.1808
2.1146
2.0855
2.099
1.4287
1.7806
2.0805
1.9251
1.5959
2.1537
1.6497
2.1872
1.2687
2.0763
1.9311
1.339
2.0967
1.6283
1.1446
2.0021
1.8461
2.053
1.9669
1.498
2.3303
1.2841
1.4639
1.3631
1.1784
2.1972
2.1409
1.8269
1.3718
1.8273
2.399
2.2753
2.3413
1.3611
2.0643
1.7111
1.5363
1.7952
2.0782
2.1609
2.34
2.3508
1.2799
1.343
1.2398
1.3866
2.2254
2.0001
1.8842
2.1685
1.7831
1.8131
1.4098
1.8553
1.491
1.5999
2.0348
1.703
2.2259
1.9613
1.4624
1.8613
1.452
1.364
2.3597
1.6082
1.5668
1.7453
1.5056
2.2232
2.1292
1.4614
2.2206
1.9621
1.392
1.5906
2.3329
1.5188
1.4261
1.7832
1.8707
1.9984
2.2248
1.9574
1.9046
1.8929
1.4642
1.991
1.9382
2.0266
2.2022
2.1911
2.068
2.1992
1.2711
2.2779
1.61
2.2287
1.6725
1.8356
1.9707
1.9233
1.4142
1.8623
2.1308
2.0077
1.4402
1.6572
1.3813
1.8046
1.6808
2.4011
1.879
1.2098
1.8601
2.3667
2.1945
1.337
1.7255
2.112
2.2405
1.6365
1.8179
2.2505
2.0469
2.3473
2.1288
2.1875
2.0338
1.6305
1.9686
1.5538
1.2694
1.5206
1.7365
1.9978
2.227
2.0274
1.5107
2.2996
2.1307
2.1266
1.9455
1.3966
2.1758
1.8109
1.7924
1.4802
1.3488
2.3711
2.1994
1.528
1.904
1.6532
1.4066
2.1674
2.1716
2.1175
2.2668
1.9175
2.245
2.2279
1.4593
2.2132
2.2505
1.4318
1.4741
1.9644
2.2955
1.6914
2.0039
1.5648
1.4524
1.964
1.6956
1.9506
2.2893
1.5798
1.5696
2.1244
1.4163
1.7712
1.5196
1.8056
2.0767
1.8682
1.4695
1.5761
1.9882
1.4399
1.446
1.4085
1.502
1.6875
2.2696
2.2649
2.1919
2.1947
2.4407
2.4372
2.428
2.4246
2.4132
1.3712
1.4224
1.8136
1.8257
1.8118
1.8141
1.7035
1.707
1.8378
1.505
1.4511
1.4409
1.5259
2.115
2.4179
1.3909
1.2743
1.1489
1.6377
2.0063
1.2166
2.2172
2.2052
1.3265
1.7817
1.928
1.4998
1.7476
1.2863
1.9414
1.5999
1.398
2.0237
1.4817
2.044
2.3606
2.0797
2.0589
1.9874
2.3796
1.8831
2.1679
1.9807
1.5355
1.3703
1.5341
2.3268
1.6384
1.4702
1.4662
1.4228
1.4482
1.4381
1.4709
1.8011
1.3351
2.0391
1.2629
2.2393
1.603
1.9407
2.3055
2.083
1.2912
2.2082
2.0165
2.3113
1.3068
1.5671
2.289
1.8495
2.2978
1.5361
1.1894
1.6942
1.5101
1.7178
1.5741
1.4915
2.1997
2.2879
1.4438
1.4825
2.2642
2.2397
1.5101
1.8465
1.41
1.4775
1.7584
1.4494
1.7104
1.5612
1.3896
1.4829
2.2552
1.7356
1.8277
1.4902
2.3886
1.8366
2.3086
2.0386
2.146
1.6956
2.2793
1.7112
1.9258
2.1483
1.4637
1.948
1.9366
2.0232
1.2675
1.7836
1.8315
2.1751
1.3319
2.1186
1.8235
1.3325
1.6686
1.6008
1.4014
2.2973
1.6331
2.0172
2.2308
1.5047
1.8716
2.0363
2.0972
1.9802
1.99
2.3003
1.4504
1.6719
1.6809
1.297
1.2823
2.1209
2.1468
2.1028
2.3389
2.2079
2.2498
2.2471
1.6836
1.5149
1.7218
1.7127
1.363
1.6412
1.8915
1.8921
1.7179
2.0662
2.1672
1.3865
1.3394
1.8343
1.3639
1.5048
1.9109
1.6508
1.2354
1.8722
1.6739
1.7941
1.5206
2.3912
2.1916
1.8307
1.7578
1.7781
1.7069
2.0895
1.9203
1.9175
2.3954
1.8141
1.6692
2.1533
1.7372
1.8445
2.118
1.4345
1.1543
1.6808
2.1582
1.4422
1.9413
2.1086
1.6173
1.2898
2.0159
2.1433
1.4145
1.3842
1.4482
2.2123
2.0599
1.508
2.1953
1.9194
2.1273
1.2319
1.8773
1.7665
1.3374
1.3637
1.7215
1.4303
1.8624
1.3498
1.516
2.4115
2.2208
1.6085
2.2133
1.2906
2.0148
2.133
2.2312
1.8718
1.3798
1.3779
1.3011
1.9801
1.3677
1.4488
1.6289
1.3524
2.1329
1.3419
1.454
1.41
1.3885
2.3018
1.9227
2.123
2.2657
1.9362
1.9106
1.3371
1.3215
2.1701
1.7897
1.5015
1.5547
2.0776
1.9307
1.7512
2.4425
2.077
1.3556
1.7452
1.9488
2.0237
1.6016
2.2388
2.0517
1.3771
2.0433
1.6104
2.0947
1.4181
1.3029
2.0286
1.6309
1.9985
1.3353
1.2755
2.1431
1.6074
1.3077
1.8624
2.4006
1.3893
1.9111
1.5784
1.5282
2.0007
1.2246
2.1498
1.4221
1.8831
2.1274
2.4014
2.4465
1.3836
1.684
1.419
1.9101
1.3253
2.2812
1.9737
2.0361
1.9358
2.0561
2.1775
1.4003
1.3412
2.2518
1.5089
2.0186
1.4933
1.9586
1.3541
1.4036
1.6072
1.7228
1.8953
2.022
1.9523
2.0581
1.5354
1.9226
2.2901
1.512
2.248
1.3956
1.8705
1.5695
1.3591
1.3542
1.7167
2.0401
2.0712
1.5683
1.3287
2.1112
1.6612
1.8813
2.091
1.5528
1.2814
2.24
1.529
1.76
1.4294
1.5063
2.4148
1.53
1.9542
1.9669
1.9264
1.9169
1.4089
1.4688
2.1203
1.3026
1.265
1.4526
2.1549
1.7196
2.3636
1.7324
1.596
1.6017
1.6686
1.265
1.2379
1.143
1.805
1.6131
2.1225
1.3198
1.9768
1.4352
1.9119
1.912
1.4598
1.774
1.9665
1.5177
2.0263
1.2944
1.262
1.9987
1.7534
2.3046
2.0941
1.3283
1.9111
1.4551
2.0787
2.0532
1.8151
1.5683
2.4793
1.4702
1.9778
2.4126
1.2276
1.441
2.0958
1.5266
2.2007
2.4726
1.5184
1.4196
1.3013
2.1804
1.3113
1.2853
2.0057
1.3748
1.8493
2.2397
1.4222
1.5083
1.2444
1.4431
1.4612
2.4532
1.9005
1.4225
2.4306
1.9225
2.0788
1.5347
1.7864
1.9459
1.9666
1.6069
1.3616
1.5003
2.1851
1.4901
1.2238
1.6408
1.6474
2.2492
1.6892
2.2997
1.4284
1.572
1.1032
1.2135
2.3799
1.5133
2.1928
1.5922
1.6807
1.1536
2.3072
1.8363
1.416
2.0295
2.2353
2.0558
1.4201
1.2061
1.9833
2.0067
1.3753
1.8346
1.9791
1.3968
1.5606
2.2329
1.6583
2.3408
2.304
1.6506
1.5523
2.1292
1.7064
2.1113
1.8733
1.3491
2.4478
1.7395
1.1593
1.3423
1.1981
1.5599
1.5225
1.5515
2.1359
1.2015
2.3473
1.4605
1.8602
2.3657
2.351
1.9169
1.3083
2.1652
2.186
2.2579
1.7549
1.7179
2.4185
2.2097
1.3112
1.6257
2.3195
1.3654
2.1173
1.2698
1.8824
2.0072
2.3597
1.329
1.4576
2.0467
1.9653
1.262
2.2603
2.337
1.3604
2.2494
2.2152
2.3174
2.2101
1.9366
1.8433
1.4186
1.2982
2.3712
1.7406
2.1896
1.3533
1.6099
1.597
1.807
1.5338
1.9195
2.3943
1.5322
1.27
2.174
2.0366
1.3509
2.2251
2.3829
2.0905
2.3032
1.501
2.1153
1.7881
1.3965
1.9297
2.0874
1.2256
2.3269
1.4574
2.0216
1.6207
2.2152
1.6186
1.9454
1.6461
1.9947
1.9398
2.102
1.7794
1.5566
1.7358
2.0102
1.8473
1.5432
1.2549
2.1989
1.3535
1.3297
2.3384
1.3949
2.1775
1.683
2.1103
1.5427
1.8709
1.2393
2.1701
1.4188
2.311
1.7958
1.7315
1.3603
1.3328
1.4799
2.2245
2.2436
1.95
1.9876
2.22
1.7498
1.2519
2.2755
1.4374
2.2841
1.8329
2.3187
1.5178
1.3499
1.3558
2.314
1.3502
1.2513
1.2012
1.6295
1.3138
2.3835
1.5109
1.7851
2.2448
2.3818
2.2223
2.2839
2.4153
2.2713
1.9278
1.9271
2.447
2.1674
2.3986
2.3573
1.8458
2.2402
1.6346
1.111
2.1988
1.3656
2.294
1.7393
2.2786
1.4609
2.2478
2.0075
1.3864
1.8382
1.4808
2.3499
2.283
2.2546
2.1835
2.2242
2.174
2.2614
2.2947
2.2074
2.2454
2.2218
2.2282
2.3709
1.4258
2.3919
2.2993
2.3666
1.3252
2.3714
2.2175
2.4682
2.1903
2.1824
2.188
2.4332
2.1385
2.2743
2.1519
2.0513
2.1784
2.2028
2.3019
1.5875
1.9495
1.8353
1.4482
2.1591
2.3432
2.3463
2.3024
1.5171
2.1993
2.3611
1.6671
2.3582
2.202
1.3976
2.2065
2.2639
2.2753
2.0635
2.2475
2.0598
2.3412
2.3099
1.949
1.3403
2.2493
2.2389
2.2245
2.0325
2.33
2.4245
2.046
1.8167
2.0487
1.3963
2.1425
1.2331
1.4699
1.7381
2.3131
1.5966
1.2855
2.2334
2.2708
2.3895
2.2007
1.379
1.4692
1.7366
2.2628
1.5994
2.3602
2.1578
1.876
1.8203
2.2447
1.6581
2.1518
2.2476
2.0311
1.6844
2.2229
2.245
2.2453
2.2405
2.2953
1.9547
2.3397
2.4774
2.3048
2.2383
2.1206
2.297
1.8539
2.2659
2.2734
2.3357
2.3072
2.2672
2.3451
2.255
2.3386
2.2549
1.2991
1.4245
2.308
2.2305
1.7233
1.22
1.7255
2.0448
1.561
2.1674
1.4652
1.531
1.5744
2.3733
1.996
2.1778
2.1576
2.122
2.0575
1.7183
1.832
2.0451
2.2855
2.2122
1.8924
2.2832
2.4143
1.9539
1.6364
2.4071
1.7898
1.5005
2.2557
1.4762
1.4993
2.3685
1.7039
2.087
2.2895
2.2683
2.4651
2.2409
1.4274
2.1232
2.1013
2.4403
2.0511
2.3591
2.2136
1.4446
2.2653
2.1473
2.1644
1.8381
2.4577
1.7538
1.6392
2.1002
2.2691
2.43
2.3227
2.1446
1.5468
1.4529
2.2891
2.1641
2.0541
2.1154
2.1698
2.1951
1.8615
1.8115
2.3295
1.7272
1.5013
1.5207
1.4808
1.4838
1.5912
1.5273
2.0078
2.0858
2.3226
2.0142
1.9625
2.3614
2.2125
2.1767
2.1788
1.9854
1.3178
2.0324
1.4604
1.5178
1.4569
2.3938
2.2287
2.0491
2.2221
1.4819
1.4296
2.271
1.3699
2.1296
2.3262
2.458
2.3305
2.3956
2.1471
2.1437
1.8107
2.2537
2.1267
2.4758
1.6067
1.7448
1.7082
1.8104
1.7581
1.8228
1.8342
2.3702
2.3753
2.3534
2.2366
1.3277
1.3692
1.4071
1.7531
1.2319
1.6105
1.619
2.3174
2.3059
2.3262
2.2165
1.5271
2.1897
2.1299
2.2654
2.1792
2.1839
2.0948
2.4267
2.2859
2.3315
2.2452
1.5741
2.3112
1.7575
2.4276
1.7454
1.3976
1.7399
1.5768
1.8209
1.8879
1.4805
2.4826
2.2933
1.5506
1.3511
2.4271
2.4285
2.4267
2.4313
2.3386
2.1262
2.3604
1.3188
1.2637
1.3336
1.4065
1.2342
1.7675
1.7682
1.7406
2.4245
2.3792
2.4106
1.6214
2.4282
2.4244
1.3407
1.6383
1.8414
1.8531
2.2657
2.3549
2.0363
1.9806
2.4616
1.861
1.5308
2.2903
2.2781
1.6187
2.4681
1.5407
2.4418
2.0014
2.3434
2.1255
2.3273
2.3378
1.9013
1.8154
2.2028
2.2731
2.2957
2.4182
2.3752
2.4072
2.2344
1.6671
2.1935
1.6588
1.8622
1.3385
2.2102
1.374
1.4038
1.6937
1.7348
1.3345
1.3367
1.5398
1.5629
2.1318
2.0184
2.0457
1.5379
2.1424
1.4844
1.4118
1.4734
2.272
2.1235
2.1478
1.4862
1.3634
2.2208
1.9745
1.6004
1.3815
2.3007
1.2562
1.533
1.4366
1.4045
1.8134
2.5326
2.1861
1.843
1.2655
1.4079
2.3135
2.25
1.5245
2.0104
2.3758
2.3706
2.0485
2.3588
2.3423
2.0294
1.2613
1.3189
1.8392
2.2764
1.4082
2.2094
1.2898
2.3659
1.5771
2.0828
2.3524
2.3638
2.3798
2.3157
2.1851
1.5002
2.3416
2.2582
2.2901
2.3763
2.334
2.3316
2.3878
1.6818
1.7907
1.4255
1.6179
2.4369
1.5663
1.6323
1.597
1.642
2.2861
1.281
1.4532
2.2225
2.1078
1.3545
2.0108
1.7828
2.3452
2.3695
2.2689
2.2653
2.412
1.5274
1.5253
1.4575
1.6593
2.0854
1.8577
1.8143
1.4856
2.1734
2.1213
1.3994
2.3913
2.1368
2.0419
1.7514
2.2071
1.9157
2.2367
1.6738
2.3147
2.2189
1.4571
2.2066
1.6001
1.9926
1.7001
2.2801
1.7555
1.3861
1.6909
1.5511
2.2436
2.2948
2.0927
1.4451
2.3419
2.0449
1.945
1.6574
2.4184
1.8665
2.3278
2.29
2.0528
1.9427
2.3027
2.08
2.3011
1.7619
1.9156
2.0263
2.3146
2.1617
2.0285
2.0178
2.0583
1.9126
2.4488
2.0353
1.351
1.3211
2.1467
1.8062
2.1859
2.1151
2.3397
2.3459
1.3651
1.3487
1.4781
2.3061
2.2402
2.2512
2.2674
1.6591
2.4363
2.3531
1.9617
1.9486
2.2452
1.7361
2.2906
2.1242
1.9709
1.8643
1.4738
1.3696
2.0181
2.388
2.4352
1.3659
2.3532
2.075
1.6378
1.9533
2.3846
2.0054
1.3784
2.1922
2.2222
2.1822
2.0923
2.163
2.28
2.2428
1.6616
2.2995
2.1257
2.3198
2.3755
1.9652
1.3298
1.8029
1.9813
1.9655
2.2119
1.4259
1.7607
2.0175
1.2894
1.4065
1.3321
2.2383
1.1803
1.3206
1.9626
1.4933
2.3154
2.3377
1.9884
1.5396
2.4061
1.3693
1.7764
2.3691
1.3717
1.2771
1.398
1.2972
1.6643
1.4775
1.624
2.1499
1.4564
2.3954
1.351
2.235
1.743
1.4552
2.3503
1.2423
2.373
2.3422
1.6008
1.2518
2.3168
2.2769
2.2627
1.8524
2.2163
2.1114
2.3999
1.5924
1.5751
1.9749
1.4415
1.5699
1.4388
2.2169
1.9437
1.7094
1.7538
2.3302
2.3
2.3189
1.4271
1.9313
2.2454
2.1782
1.973
1.6726
2.2953
2.1526
2.0982
2.3405
2.3449
1.4257
2.2021
1.9234
2.1674
2.1808
2.2608
1.4878
1.6619
2.164
2.3164
2.2265
2.1057
1.5454
2.1262
1.5469
2.0905
1.3867
2.1856
1.3008
1.942
2.4329
2.0498
1.7807
2.1594
2.1037
2.0094
2.1964
2.2243
1.7499
1.5679
1.1906
1.8659
2.1843
1.5085
1.808
1.927
2.2274
1.809
1.77
2.2164
2.0384
2.2485
2.2263
2.0118
2.1171
2.1714
2.0298
1.3546
2.4192
2.1864
1.4401
1.7216
1.2999
2.2367
1.1322
1.37
1.4915
1.6794
1.8216
2.4247
2.3495
2.3288
2.3113
2.0376
1.9895
2.2053
2.1475
1.9648
2.0414
2.1522
1.2583
1.6136
2.1009
2.373
1.485
1.6606
1.7929
1.6675
1.5734
2.1155
2.2797
2.3576
2.3951
1.4192
2.2744
2.2375
1.9061
2.2026
1.6871
2.3383
2.3503
2.1594
1.8047
2.1538
2.0735
2.4398
2.4212
2.3728
2.2193
2.3089
2.3425
1.4758
2.5474
2.0448
1.4555
1.9976
1.4095
2.0884
2.3304
2.3811
1.4514
1.754
1.4089
1.8466
2.2656
2.3992
2.0435
1.9095
2.201
2.1973
2.1986
2.1523
2.1746
1.5006
2.2214
2.1657
2.3099
1.6511
1.4473
1.5876
1.6221
1.3718
1.4608
1.2859
1.2321
1.4111
2.4104
2.3633
2.4211
2.3239
2.3203
1.9611
1.7973
1.9864
1.3343
1.3534
1.3002
2.2767
1.3392
2.3106
2.3065
1.2235
1.2586
2.027
1.949
1.9227
2.3729
2.3801
2.1782
2.315
2.3172
2.2984
2.1134
2.1958
1.3178
1.5765
1.904
2.1204
2.0955
1.8774
2.1356
1.7807
2.3408
2.0237
1.4061
1.8849
1.961
2.2139
2.0367
2.1216
2.3846
2.4255
2.4004
2.373
2.1936
1.5271
2.2616
1.5583
2.1938
1.8216
2.2626
2.3152
2.1546
2.3093
2.1767
2.2511
1.8065
2.2426
2.2917
1.9958
2.3394
2.3882
2.3334
2.3724
2.1209
2.1632
2.138
1.9712
2.4669
2.2982
2.059
1.9981
2.0117
1.4797
2.2547
2.0555
2.0678
2.0674
1.3992
2.3294
2.2584
2.3424
2.2146
2.128
2.1774
2.1458
2.3731
2.3702
2.2988
2.2347
1.862
2.4196
2.2277
2.0895
2.0
2.1185
2.1289
2.4034
2.1366
1.8297
2.3669
1.8939
2.1217
2.3196
2.3781
2.1733
2.2683
1.7929
1.7143
1.8448
1.3348
2.0177
2.0464
2.1547
2.2629
2.1164
2.3852
1.1895
1.4014
1.8365
1.8578
2.1611
1.8982
2.3201
1.9212
2.1506
1.876
1.7122
1.5657
1.6788
2.0909
2.3739
1.9014
1.7117
1.2843
2.0788
2.2675
1.6209
1.6114
1.8676
1.8182
2.0974
1.3834
2.3401
2.3599
2.5077
1.4573
1.3437
2.3799
1.6278
2.347
1.9958
2.2573
2.2324
1.6935
1.8736
2.4191
2.3165
2.3548
2.3731
2.2915
2.1096
1.9806
2.2707
2.0888
2.1645
2.0967
2.0526
2.1273
1.3218
1.9776
2.3001
2.1983
2.1796
2.033
2.0759
2.3614
2.0547
2.1174
1.8898
2.0855
1.4813
2.2601
2.3423
1.9475
2.3406
2.232
1.9288
1.8699
1.4513
2.1756
1.9203
2.0404
2.3649
2.0328
2.1133
1.958
2.082
1.6554
2.1166
2.4129
2.3771
2.1499
1.3397
1.9568
2.2231
2.2461
2.2868
2.2803
2.2685
2.2462
2.2537
2.2809
2.2401
2.2382
2.2155
2.297
1.565
2.3055
1.4377
2.4058
2.0737
2.1338
1.608
2.4688
1.7202
2.0892
2.298
2.292
2.3122
2.2937
2.335
2.3037
2.2936
2.2689
2.2735
2.2962
2.2786
2.2925
2.2607
1.9253
1.8488
2.1458
1.8317
1.2935
1.5878
1.4982
2.3556
2.327
2.3311
1.6498
2.3542
2.3571
2.3524
2.2504
2.2851
2.2842
2.301
2.2831
2.2436
1.7873
2.2394
2.287
2.2392
2.3321
2.1374
1.9402
2.1453
2.1614
2.2081
2.1982
1.4043
1.4034
2.1958
2.2232
2.2705
2.3173
2.2272
2.2254
1.4191
2.4044
2.4189
1.5186
1.4752
2.381
2.1948
2.1957
1.7573
1.9149
2.2537
2.2517
1.3764
2.3038
1.8646
2.282
1.4888
2.3173
2.1376
2.0559
2.2705
2.3951
2.2824
1.574
2.3053
1.9929
2.2514
2.2756
2.292
2.3001
1.7933
1.8779
2.2795
2.3524
2.2853
1.7919
1.8083
1.8257
1.8284
1.7059
2.2816
1.819
1.5528
1.8221
1.7295
2.3411
1.4878
1.8731
2.036
2.2766
2.2221
2.344
2.2427
1.4681
2.3618
1.9945
2.0778
1.6375
1.6834
1.6596
1.5873
1.6828
1.5806
2.0837
2.4195
2.4195
1.4675
2.3911
1.9011
1.7943
1.8094
1.3217
2.0426
2.1842
1.5634
2.2331
1.8757
1.1919
1.606
1.4937
1.9374
1.3475
1.7899
2.4017
2.2802
1.129
1.7498
2.2329
1.9981
1.826
2.2197
2.0326
2.0624
1.349
1.643
2.1763
2.2245
1.7158
1.6531
1.6631
2.3484
2.3151
1.9735
2.1231
1.3724
1.8367
1.7649
1.9271
2.2271
2.0072
2.3887
2.239
2.0667
1.7518
2.3942
1.6938
2.4142
2.1579
1.6553
1.5497
1.9935
1.4389
2.0139
1.3504
1.4692
2.1197
2.3079
1.7542
2.2135
2.3819
2.3257
2.3326
2.1218
1.6587
2.216
2.265
1.9276
1.4521
2.212
2.0337
1.8064
1.642
2.2092
2.0059
2.1926
1.992
2.0254
2.1424
2.3679
2.3271
1.7219
2.3149
1.7886
2.131
2.177
2.1387
2.1482
2.205
1.4177
2.3808
1.5606
1.8843
2.3101
2.2049
1.3018
1.4383
1.9284
1.9038
2.2411
2.3562
2.1497
2.1473
2.3291
1.4772
1.6464
2.4544
1.4494
1.5794
2.1029
2.3233
2.3815
1.3909
2.3645
1.7327
2.3737
2.0015
1.4707
2.2138
1.5444
1.6004
2.3161
1.6226
2.2489
2.0932
2.2752
1.5576
2.1504
1.9804
1.6429
2.2619
1.9712
1.4341
1.8826
1.4529
1.6233
2.2084
2.2652
2.0972
2.3122
2.1694
1.6756
1.9763
2.4129
2.0757
2.3611
1.8623
1.408
1.9969
1.3691
1.8135
1.8516
2.271
1.5351
1.3968
2.3862
1.9927
1.3467
2.1164
2.0807
1.983
1.4998
1.5649
1.7981
2.0224
2.0605
1.9171
1.7774
2.2897
2.2155
2.2197
1.9558
1.5561
2.2614
1.4626
2.1954
2.1064
1.3878
2.2913
2.4296
1.9984
2.323
2.1245
1.8216
1.8165
2.2956
1.6272
1.5444
2.109
2.1399
2.242
2.4158
1.6411
1.9605
1.5893
1.9998
1.4728
1.8724
2.3242
2.2079
1.7743
2.2317
1.2672
2.3378
2.225
2.0716
2.379
2.3718
2.2927
2.3213
2.2885
2.1984
1.5108
2.2063
2.2477
2.3542
1.9819
2.4175
1.2828
1.9257
2.1882
1.6415
1.5794
2.4042
1.5569
2.1307
1.4121
1.6833
1.6238
2.131
1.6664
2.3391
2.2874
1.372
2.2552
1.9452
2.3014
2.3633
2.1855
1.9525
2.2347
2.1778
2.0029
2.0047
2.1902
2.1681
2.1614
1.4104
2.0334
2.2847
1.9611
2.2205
2.1332
2.3907
1.1949
1.6894
2.1786
2.1612
2.3033
1.8075
2.0468
2.2077
1.3538
1.2578
2.0376
2.0003
2.2463
2.1903
2.1121
1.3952
1.9071
2.2904
1.5734
1.8743
2.2482
1.9736
2.3803
1.5558
1.996
2.38
2.3244
1.5622
1.7334
2.1875
2.1903
2.2959
1.4394
1.7627
2.4144
2.2063
1.3814
1.8095
2.1791
2.2324
2.3907
2.3386
2.1099
2.2897
1.2818
1.6829
2.3114
1.3461
1.3873
1.444
1.9807
1.9585
2.0149
2.0052
2.2526
2.039
2.143
2.2179
1.7391
2.1951
2.312
1.7425
2.2523
1.9966
2.1347
2.3218
2.2852
2.2827
1.9956
2.3624
2.273
1.9134
2.1527
2.1461
2.1642
2.4043
1.3639
2.015
1.5545
1.5405
2.203
1.463
1.6001
2.2008
1.0543
2.0709
2.439
1.3389
1.6777
2.2428
1.4369
1.5613
2.1909
1.7946
2.2013
1.7784
1.2239
2.4395
1.4846
1.4684
2.1532
1.6376
2.0025
2.0117
2.4118
2.1649
1.9682
2.0367
2.1344
2.1211
1.4825
2.3845
1.4422
2.0638
2.0902
2.2756
1.7344
1.4492
1.9329
2.217
1.2637
1.3291
1.4744
2.1701
1.8703
2.0069
2.3444
1.4687
1.617
2.2992
2.148
2.4046
2.2073
1.6944
2.0134
2.2874
1.4435
1.8395
1.7319
1.6538
2.0247
1.5745
2.2123
2.3506
2.4152
2.332
2.2552
2.3637
2.3586
2.3046
2.4384
2.3635
2.3705
2.4135
2.4201
2.2129
2.1428
1.4756
2.2517
2.2575
2.2493
2.3311
1.4811
1.8887
1.6049
2.1521
1.5544
1.5397
1.312
2.1317
2.1263
1.4015
1.9381
1.9016
2.0989
1.3926
2.2468
2.2434
2.1754
1.7073
1.653
1.4866
1.4553
1.4448
1.4176
1.6456
1.6276
2.1554
1.8285
1.7288
2.0514
2.0935
1.6083
2.0723
1.8628
1.9098
2.3522
1.9122
1.4474
1.8607
2.0876
1.8719
2.0221
2.1163
2.2512
2.175
2.2919
2.2567
1.7752
1.3147
1.6394
1.7932
2.0695
2.1246
1.5344
2.0753
2.3281
1.2215
1.3461
2.3444
1.5673
2.2859
2.1533
2.1089
2.0176
2.1422
1.1641
1.4776
1.592
2.3533
2.311
2.0839
2.273
2.1199
2.1023
2.0828
2.158
2.0678
2.1151
2.1549
2.1074
2.1357
2.0818
1.6031
1.91
1.6062
1.6008
1.6122
2.1044
2.1282
2.0597
2.163
2.1265
2.0963
2.0686
2.0871
2.0989
2.0645
2.1201
2.1078
2.1022
2.1188
2.1135
2.1145
2.0763
2.0252
2.1333
2.1223
2.2326
2.1089
2.0951
2.1215
2.1001
2.1447
2.1165
2.1314
2.1474
2.0721
2.077
2.1757
2.1078
2.0433
2.1079
2.0391
1.4886
1.6247
1.9595
1.8282
1.8851
1.513
1.81
1.4211
1.3406
2.0007
2.1139
1.408
1.687
1.7994
1.7431
1.6886
1.8948
2.1812
1.3511
1.7128
1.4651
2.1649
2.0022
2.4117
1.8395
2.1355
1.8378
2.3367
2.333
2.1881
1.3828
2.0909
1.491
2.4263
2.3713
1.2649
1.4006
2.1572
1.5746
1.3245
1.9864
1.8296
1.529
1.4531
1.6414
1.4851
2.0341
1.9482
2.3392
2.1868
1.2991
1.4303
2.0004
2.13
1.4364
2.3164
1.9164
2.2353
2.2986
2.1292
2.316
2.3743
2.3361
1.4502
1.8849
1.7876
2.4144
2.3594
2.2301
1.2252
1.9592
2.4032
2.0578
1.8688
1.3575
2.1168
2.3333
2.1576
1.412
1.3679
1.9738
2.0335
2.0673
2.1988
1.6574
2.3899
1.5359
1.3095
1.5783
2.2278
1.9537
1.7037
1.444
1.695
2.1756
2.2023
2.321
1.7015
2.0121
2.427
1.9409
1.389
2.215
2.2252
2.3897
1.7529
1.9595
1.8884
1.6854
1.7137
1.8971
2.4586
1.5602
1.3722
1.4329
2.2338
2.1419
2.0046
2.2457
2.364
2.3413
2.373
2.1979
2.1593
1.9132
1.9558
1.9302
2.1551
1.5833
1.7999
2.1565
1.8529
2.1606
1.7537
1.5716
1.7455
2.1534
1.9474
1.7263
2.3837
1.7298
1.8623
1.3074
2.2361
2.1589
1.5546
2.3281
2.3913
1.8265
1.9525
2.3354
2.4397
2.2035
2.3599
1.4993
2.4646
1.9824
2.3643
1.6632
2.242
1.5227
2.0119
2.296
2.3548
2.3484
2.3511
1.637
1.72
1.9815
2.3376
2.243
2.2224
2.2359
1.7754
1.4526
2.1942
2.243
2.2365
1.7856
1.7967
2.0342
1.1828
1.9433
1.4354
1.5973
2.1746
1.554
1.3359
2.148
2.0978
1.464
1.9616
2.0032
1.8386
1.7569
1.8561
2.1361
1.8043
2.0307
1.927
1.9114
1.485
1.7176
1.378
1.4395
2.2324
1.909
1.4913
2.1475
1.4349
1.7872
1.7866
1.5331
1.4522
1.7581
1.3255
1.7103
1.8541
1.3201
1.3796
1.7468
1.3627
1.4141
1.3357
1.4331
1.5422
1.5672
1.4236
2.1243
1.646
1.7886
1.3808
1.3815
1.3383
2.2904
1.3554
2.1186
1.4859
1.503
1.2728
1.4481
1.2095
1.5567
1.3638
1.3085
1.192
2.2512
2.0099
1.267
1.3906
2.0051
1.5078
1.2773
2.1177
1.4942
2.2722
1.4828
1.3048
2.0986
1.4432
1.6854
1.9978
1.5745
1.7832
1.6297
2.0213
1.6552
1.6316
2.0917
1.4029
1.5955
2.295
2.2564
2.003
1.4859
1.7739
2.0963
2.1576
2.2528
1.4676
1.2405
2.1601
1.6688
2.1945
2.2114
2.1933
1.2957
1.8119
2.2985
2.1303
2.3675
2.2397
2.0628
2.0768
2.2554
2.1064
1.4871
1.4479
1.6574
1.7834
1.829
2.2913
1.5709
2.0174
2.2857
2.3368
2.3003
2.3327
2.1034
1.4475
2.2565
2.0724
2.1913
1.7832
2.4359
2.1737
2.1635
2.1591
1.6315
1.6057
1.4059
1.8666
2.3657
1.3733
2.087
2.0937
1.8952
1.4359
2.2144
1.8255
2.1411
1.5901
2.3023
2.1014
1.283
2.3636
1.3635
1.3344
1.74
1.5495
2.3564
1.6454
1.912
1.5521
2.1755
2.2659
1.6804
2.2096
2.1122
1.6161
2.1281
1.915
2.2624
1.7173
1.8522
1.2522
2.1348
1.4105
2.3611
2.2939
1.6311
2.1913
1.896
1.4271
2.1788
1.7747
1.4531
1.5441
1.2784
2.4066
2.2633
2.0671
1.4502
1.9149
1.8716
1.4985
1.7402
2.3756
2.1496
2.3513
2.0266
1.219
1.7652
2.1757
2.3771
2.1389
1.9242
2.0023
1.7314
2.0966
1.5966
1.7979
1.3469
2.218
2.0771
2.3743
2.0685
1.4986
2.1607
1.8657
2.1874
2.3539
1.5712
2.4382
2.2205
2.3051
2.0609
2.2122
2.0742
2.0011
2.0473
1.4138
2.3714
2.289
1.8299
1.3643
1.3884
2.1257
1.7444
2.2251
1.7361
2.3216
1.5934
2.1533
2.0165
2.1513
1.433
1.7279
1.7945
2.0743
2.2007
1.4137
2.2203
2.0224
2.0377
1.4477
2.4439
2.1831
1.5462
1.9423
1.7518
2.1364
1.2937
1.4095
1.2748
2.1074
1.5601
1.973
2.3651
2.1871
1.6812
2.3039
1.6755
2.0805
2.1151
1.5134
1.4575
2.1106
2.1463
2.2635
2.3658
2.276
1.4881
2.434
1.4653
2.1899
2.288
2.1164
2.2968
1.6543
1.6073
2.4307
2.2482
2.0095
1.9562
2.0037
1.9849
1.2895
2.0925
1.575
2.0498
2.3085
2.1603
2.0367
2.4318
1.6266
2.2828
2.3981
2.034
1.3395
2.1863
1.8662
2.091
1.9581
1.1475
2.3619
2.3853
2.3626
2.3731
2.0393
2.3511
1.8316
2.3522
2.019
2.3784
2.089
2.3766
2.2217
2.4598
2.266
2.4145
2.146
2.1816
2.1958
2.1632
2.305
2.3548
2.3585
1.4696
2.0915
2.2295
2.1116
1.4462
2.4072
2.3641
1.4002
1.7461
1.6001
2.1814
2.3048
2.134
2.1303
1.4977
1.9285
1.9625
1.5849
1.2493
1.2786
2.1798
2.2982
2.3401
1.7662
1.8388
2.0387
2.1018
2.1424
2.2205
2.3919
1.5951
2.2339
2.365
2.343
1.8788
1.5889
2.1137
2.0973
1.327
2.1034
2.1034
1.4881
1.6369
1.2884
2.2837
1.9442
1.5677
2.206
2.2934
1.7105
2.3936
1.4071
2.2871
2.257
2.385
2.2156
1.2448
2.351
2.1602
1.5683
2.3188
2.1909
1.9888
2.3947
1.6746
1.7821
2.126
1.366
2.1226
1.9478
2.078
1.8823
2.2286
1.7366
2.2683
1.6778
2.3852
2.1169
2.2819
2.361
2.2456
1.6798
2.3578
2.2204
2.1114
2.2584
1.4845
2.1393
2.0209
2.0082
1.8062
2.3531
2.2654
1.9259
2.3503
2.3914
2.3253
1.2977
1.8326
2.1618
2.3119
2.2564
2.1437
2.2236
2.2474
1.5537
1.9567
1.926
1.3823
2.0923
2.3561
2.2493
2.1447
2.4481
2.2186
1.8201
2.4031
2.1121
2.2568
2.1402
2.1882
1.6714
2.3673
2.0583
2.1167
1.5883
2.5175
1.8068
2.3742
1.6396
1.5967
2.1987
2.3704
2.1685
1.6972
2.095
2.2978
1.6408
1.3234
2.0993
2.3939
2.4709
1.3861
2.4096
2.1613
2.3994
1.8523
2.3188
2.4571
2.0633
1.5962
1.943
2.3105
2.291
2.2892
2.3337
2.0912
2.4553
2.3095
2.1029
1.8189
1.5092
1.4828
1.6612
2.2083
2.3836
1.4407
2.3685
2.3879
2.0803
2.3317
2.2908
2.2774
2.4027
2.3517
2.3532
2.1655
2.3574
2.2581
2.3551
2.3486
2.3232
2.1089
2.4237
2.2371
2.125
2.2363
1.825
2.3721
1.562
2.1445
2.3715
2.4109
2.2763
2.2516
2.2309
2.2837
2.4455
1.6381
2.309
1.7597
1.7223
1.7198
1.4535
2.2118
2.1972
2.3595
1.8966
1.6264
1.5234
2.2003
1.7948
1.6746
2.1291
2.3257
1.2915
2.052
2.4218
1.6025
2.2213
2.1031
2.3243
1.7551
2.2872
2.3301
2.2076
1.766
2.3781
2.3745
2.1758
2.1324
1.2456
2.1932
1.5008
2.142
2.3361
2.2432
1.2625
2.3864
2.3729
1.8678
1.6373
2.1222
2.3884
2.4523
2.1137
1.6
1.6894
2.0359
2.2464
2.2589
2.291
2.3922
2.0386
2.2914
2.3139
1.9668
2.0862
2.3675
2.3584
1.7528
2.0563
2.0721
2.3695
2.1273
1.5573
1.3956
2.2863
1.9207
2.1676
2.4074
2.1513
2.0367
2.1184
2.3874
2.4441
2.1938
2.3147
2.1733
2.4025
2.1124
2.3903
1.8182
2.0467
2.3205
2.1968
2.2832
2.0292
1.4193
1.73
2.0627
2.3768
1.3948
1.8132
1.96
2.3791
2.4637
1.6501
2.169
2.1819
2.1173
2.1004
2.2211
2.2663
2.2833
2.2624
2.0471
1.5855
2.3752
2.2477
2.2093
2.3643
2.3405
1.5491
2.1398
1.7942
2.2123
1.6786
2.388
2.3229
1.8853
1.5236
1.4279
2.2506
2.3169
2.0199
2.2538
2.345
2.0422
1.6561
2.0482
2.392
1.8762
2.3413
2.0518
1.9053
2.1141
1.3971
2.0864
1.8277
1.799
2.1547
2.25
1.4406
1.4264
2.0467
1.2118
2.2365
2.3425
1.9649
1.8659
1.3133
2.1941
1.1896
2.1894
2.2611
2.0787
2.1008
2.3542
2.3191
1.7988
2.1603
2.2787
2.0407
2.186
2.1862
2.1462
1.6774
2.0848
2.3195
1.6223
2.1927
1.5039
1.618
2.2552
1.3579
1.609
1.1544
2.2213
2.3659
2.2724
1.6634
1.6403
2.3594
1.6723
1.546
2.3362
2.285
1.437
1.8629
2.4425
2.2602
2.3872
2.0307
1.9876
2.1354
2.3859
1.8778
2.3155
2.3914
1.3248
2.0749
2.3369
1.1834
2.2036
1.898
2.0819
2.2725
2.1528
1.9178
2.3803
1.3721
2.0726
2.3065
1.8676
2.421
1.8047
2.0925
1.6132
2.2957
1.8726
2.0234
2.4638
2.4746
1.1866
1.6244
2.1896
2.1984
1.9165
2.0248
2.2523
1.4372
1.3342
1.7378
1.4174
1.9376
2.0351
1.5207
2.0719
1.8217
2.2083
1.6212
2.401
2.3144
1.7791
1.7654
1.6492
1.2141
1.1929
1.5099
1.6325
1.41
1.7585
1.1955
1.6117
1.6426
2.0872
1.8889
1.8809
1.6474
2.1798
1.5951
1.3942
1.9056
1.9953
2.0464
1.9929
1.3104
1.3901
1.4168
1.9709
1.4974
1.4264
2.1582
1.4719
2.1117
1.8142
2.0773
2.3045
2.3507
2.0428
2.2212
2.2278
2.2357
2.2451
2.2428
2.2495
2.2436
2.246
2.2663
1.9376
1.8426
2.1789
1.1947
1.4027
1.9615
2.3452
2.347
1.8714
2.2163
2.1188
1.2291
1.9931
1.689
2.1367
2.1639
2.3247
2.3064
2.3273
2.3411
2.374
2.383
1.7796
2.0947
2.165
1.8452
1.7726
2.3479
1.9279
2.253
1.7029
1.4859
2.3137
1.5582
2.0724
1.4343
1.9625
1.2737
2.4597
2.2291
1.4197
1.9487
2.2997
2.3198
1.9643
1.5785
2.1702
2.0254
2.2582
1.6826
1.3694
1.352
2.4301
2.4747
2.4115
2.1913
2.1646
2.1743
2.1185
2.0832
2.2818
2.1443
1.5789
2.362
1.9752
2.349
2.2637
2.2356
1.8867
1.9378
2.3746
2.2633
1.3726
2.3586
2.0769
2.05
2.1604
1.4762
1.9561
1.7688
2.0804
1.6844
2.2372
1.2288
1.5757
2.0432
2.3557
2.0853
2.2422
2.3246
2.4113
2.153
2.3432
2.3116
1.9066
1.9353
1.4699
2.3333
2.2922
1.7079
1.6293
2.1327
1.2789
1.9342
1.5652
1.4557
1.5463
2.0205
1.9088
1.667
1.4163
2.2396
1.5538
1.9181
1.5329
2.127
1.2209
1.4396
2.2806
2.0354
2.2462
1.7482
2.0637
1.6715
2.1268
2.3479
2.3489
2.3205
2.1407
2.106
2.0865
1.1687
1.9389
2.3474
2.3559
1.8258
1.7688
1.6202
2.2472
2.182
1.8771
2.045
2.1745
2.2172
2.2789
2.2887
2.2736
1.5114
2.4006
2.365
1.7807
2.3372
1.3871
1.6285
2.2634
2.2245
1.5838
2.1379
2.0647
2.3162
2.3882
2.1777
1.3718
1.1923
1.8084
1.7917
2.2735
2.1458
1.221
2.3468
1.5894
1.9373
1.2939
1.8932
1.5732
1.9148
1.8548
2.173
1.224
2.2217
2.313
1.5586
1.6289
1.8774
2.3401
1.6814
2.2253
2.2657
2.3569
2.3379
2.339
2.347
2.0565
1.1404
2.2615
1.8441
2.2683
2.0985
2.2967
1.4739
1.2742
1.2372
1.7289
2.1892
1.2609
1.6344
1.4875
1.6714
1.7504
1.7598
1.2147
2.048
2.0767
2.1306
1.5936
1.791
2.1775
2.1849
2.2251
2.1462
1.6403
1.7923
2.381
1.9263
1.3946
1.9817
2.1645
1.4722
1.7004
1.3752
2.2482
2.2492
1.805
1.3265
2.2982
1.9703
2.2029
2.2069
1.8939
1.8118
2.3693
2.3809
2.0173
1.6223
2.0688
1.3465
2.3244
2.3115
2.3446
2.3276
2.3741
2.0403
2.0464
2.3847
2.2469
2.1806
2.3789
1.4588
1.3204
1.3986
2.0194
2.3365
1.9255
2.3404
1.9424
2.2088
2.3913
2.3019
2.1974
1.9423
2.2183
1.7102
2.1165
1.5109
2.3324
2.0885
1.8027
2.1309
2.127
2.1323
1.5524
1.9524
1.5003
2.169
2.1977
2.4214
2.164
1.8974
1.884
2.086
2.0791
2.0561
2.3968
2.3199
2.179
1.7435
2.3839
1.4404
1.8953
1.4152
1.4804
1.8305
1.9282
2.4438
2.3879
2.421
1.1734
1.8944
1.9518
1.5029
2.1688
1.2672
1.9099
1.4198
1.379
1.9706
2.5305
2.3376
2.0406
1.7704
1.8968
2.3185
1.2631
2.3949
2.3031
2.2552
1.7782
1.7858
2.2659
2.2908
2.388
2.0581
2.2964
1.3412
1.798
2.3496
2.2091
1.8024
2.0729
2.1609
2.0589
1.6055
2.2893
2.1712
1.172
1.302
2.0358
2.2149
1.3893
1.8168
1.2895
2.2717
2.0881
2.0331
2.2569
2.1465
2.0855
2.0379
1.6307
2.1088
2.1743
2.3348
1.6011
1.2266
1.7481
2.3428
1.9467
1.5507
1.9271
1.8009
2.137
1.8657
1.2637
1.5897
1.5925
2.1783
1.9424
1.6571
2.1256
2.2468
2.2912
1.4221
1.348
2.1792
2.2069
1.3702
1.9739
2.3088
2.2771
1.8259
1.758
1.3953
1.4195
2.3474
2.0612
1.8484
2.3877
1.6153
2.1053
1.707
1.6361
1.787
1.3803
1.8553
1.2931
2.3213
2.2093
2.1464
1.9614
1.7993
1.7701
2.3646
1.8316
1.9357
1.4101
1.8889
1.8298
1.2881
2.1112
2.0215
1.5756
2.435
2.2436
2.375
1.4649
1.8529
1.5644
1.4175
1.4693
1.8624
1.6403
1.5454
2.3108
2.2095
2.1006
2.2567
2.1468
1.9712
2.1724
1.77
1.1742
1.695
2.1727
2.2257
2.1018
1.7713
1.8725
2.3184
1.5457
1.4147
1.4119
1.779
1.29
1.4552
1.7922
2.1959
2.3859
1.5314
2.3861
2.1065
1.5174
1.2819
1.5135
2.4616
2.3269
2.2965
1.5846
2.0305
2.1648
1.1773
2.1862
2.3215
2.1719
2.3661
2.2938
1.5742
1.9178
1.7091
1.8251
2.2055
2.2508
2.4597
2.3474
2.093
1.9248
2.3825
2.0929
2.1823
2.3437
1.9172
2.3836
2.0912
1.8723
1.9504
1.9028
2.3268
1.9531
2.0418
1.7991
2.0
1.9705
1.3642
1.8941
2.3965
2.0546
2.1597
1.3212
1.8365
2.2151
1.4058
2.3756
2.2631
1.2126
2.3465
1.4791
1.8636
1.9386
1.9405
2.1911
1.923
2.3091
1.5602
2.0586
2.0915
1.4703
1.4532
1.7814
2.303
2.328
2.2064
1.5916
1.1797
1.1834
2.2266
2.3345
1.7483
1.7906
2.3269
2.1752
2.0534
1.2641
1.2133
1.1919
1.5825
2.2677
1.8987
1.7855
2.294
1.5404
2.3952
1.6277
2.0945
2.0923
1.3603
1.2136
1.7984
2.2666
1.1456
2.1845
2.2281
1.8092
1.9943
1.3765
2.0616
2.1662
2.2892
1.7849
2.1304
2.4781
2.3721
2.3145
1.2941
2.2813
1.4354
1.4006
1.421
1.4491
1.4734
2.2158
2.3147
2.3224
2.0204
2.2797
2.0579
1.8936
1.4602
1.6827
2.2488
1.449
1.4061
2.3368
1.2686
1.2727
1.6794
1.7835
1.434
1.8172
2.0734
2.2748
1.5581
2.222
1.4084
1.4812
1.515
2.1056
2.376
1.4416
1.4023
1.3523
1.2253
1.2463
1.8151
1.9044
2.0536
1.5145
1.4095
1.4648
1.8449
2.2093
1.9851
1.3376
1.7113
2.2443
1.9292
2.2452
2.1333
2.2146
1.1593
2.187
1.2706
1.2821
2.0939
1.9651
2.1108
1.4718
2.3078
2.1779
2.1472
1.9845
1.9821
2.4075
2.3973
2.4231
2.2319
2.2886
1.8311
1.4434
1.5718
2.0593
2.2862
2.1804
2.1819
2.3068
2.2346
1.9705
1.6381
1.8282
1.7239
1.8553
2.4017
1.9091
2.2103
1.5139
1.9896
2.3394
2.339
2.3793
2.2461
2.2486
1.2175
1.2042
2.3457
2.2102
2.3656
2.1481
1.8697
2.3736
1.7582
2.1797
1.3502
1.8883
1.3227
1.5465
1.9682
2.4515
2.3407
2.3277
2.0263
2.3062
2.3062
1.6329
1.8922
1.8471
1.2305
1.6623
1.4035
2.3978
1.3092
2.3118
1.9341
1.2768
2.2265
2.2846
1.7203
2.1141
2.0564
2.1327
2.0702
2.35
1.3529
2.1306
2.0213
2.2548
2.3187
2.3348
1.6083
2.4188
2.1964
1.9633
2.3403
1.9262
1.9159
2.0075
1.7569
1.9295
2.0111
1.8486
2.1426
1.8672
1.5648
2.1137
2.3282
1.6645
2.0418
2.1407
2.2891
2.3273
2.4195
2.1308
2.0651
2.2648
2.3767
1.9996
1.5528
1.1321
1.989
2.1705
1.6696
1.6903
1.8666
2.3885
2.3677
2.2346
2.2879
1.3629
2.314
2.2583
2.1199
2.3628
2.3774
1.2663
2.332
2.0907
2.3177
2.3149
1.9199
1.984
1.6724
2.094
1.9892
1.9851
1.9854
1.8918
2.1628
1.5866
2.2668
1.6991
1.9454
1.5402
2.4746
1.8603
1.5061
1.4906
2.4323
2.1122
2.4127
2.0384
1.9421
2.3409
2.3018
2.2857
1.9798
1.945
2.2899
2.373
1.3749
1.6013
2.3617
2.1603
1.81
2.2819
1.7328
2.3889
2.3451
1.167
2.1403
2.0714
1.7848
1.4567
1.6875
2.2014
2.1422
2.2223
2.3375
1.3375
2.4032
2.23
2.0087
2.3495
2.2794
1.9961
2.0717
1.3172
2.1424
1.9791
1.5543
2.1123
1.686
1.3667
2.0406
2.0326
1.4798
2.2831
2.1391
2.1621
2.1605
2.1908
1.5023
1.4837
2.0047
2.2538
1.7076
2.4095
2.2586
2.2025
1.612
2.3465
2.3983
2.2674
1.3385
1.8162
2.1287
2.087
1.5869
2.3083
1.9302
2.1669
2.4279
2.4064
2.3194
2.2746
1.7519
1.7893
2.3484
2.3008
2.0097
1.1884
2.3102
1.2384
1.4223
1.6683
1.5061
2.0926
2.1612
2.357
2.333
1.4388
1.6183
1.6267
2.1376
2.3758
1.7463
2.3096
2.1179
1.5909
1.3809
1.9667
2.3818
2.0641
1.7249
1.5933
2.1089
1.667
2.2402
1.5961
1.4527
2.1055
1.32
1.2743
1.576
2.3416
1.2421
2.3067
1.2602
2.424
2.121
2.2958
1.6139
2.1356
1.7142
2.4057
2.1733
2.061
2.1183
2.0415
2.0493
2.1283
2.2114
2.0233
2.3184
1.801
2.1228
1.9811
1.7393
2.359
2.2896
2.3474
2.3848
1.3078
2.2957
2.2719
2.1782
2.1253
1.3654
1.155
2.4691
2.1082
2.3518
2.3575
2.3414
2.352
2.1934
1.4113
2.2983
2.0444
1.9853
1.3525
1.9873
1.1597
1.2752
1.3974
1.3392
2.1813
2.3113
1.3185
2.2586
1.7825
1.2471
1.8072
2.4523
2.0432
2.2399
2.4699
2.263
2.202
2.3589
1.7935
1.8778
1.4614
2.3902
2.1501
1.5014
2.3603
2.0818
1.5578
1.2066
1.7829
2.1845
2.2892
1.6471
2.0049
1.3034
2.1714
1.5824
1.931
2.4724
1.3128
1.7145
2.3622
2.2807
1.9995
2.1929
1.9898
1.4752
1.875
2.1316
2.022
1.2738
1.3042
2.0896
2.3973
2.1188
2.1731
1.47
1.6633
1.4542
1.3569
2.0867
1.5285
1.6356
2.0849
2.2209
2.0163
2.2266
2.0053
2.1133
1.8595
2.2293
2.2433
2.2022
1.7351
2.315
1.5135
1.6594
2.3811
2.344
2.3442
1.2596
2.3235
1.5443
1.63
2.0819
2.2131
2.0207
2.0901
2.1546
1.8623
2.2977
2.2585
2.2281
2.1196
1.4827
2.3541
1.8826
2.3649
1.8658
1.1234
2.2367
1.5165
2.2957
1.4884
2.3015
1.4514
2.4612
2.2916
2.3105
1.4284
2.1538
2.3592
2.0632
2.3573
1.9358
1.6629
2.2014
1.1372
1.9648
2.1626
1.1919
1.41
2.2861
1.6577
2.3317
2.479
1.9192
2.398
2.3109
2.1728
2.2068
1.8928
1.9413
1.9754
2.2984
1.6519
1.7582
2.1906
2.1389
2.2291
1.8051
1.87
1.63
1.5459
1.2543
1.8763
1.9873
2.0117
1.2522
2.3103
1.4224
2.3645
1.5854
1.6329
2.3993
2.0099
2.3541
2.3038
1.9481
2.1284
1.3789
2.152
2.1031
1.993
1.2866
2.3218
1.9541
1.7732
1.4071
2.3277
2.1432
2.3509
1.8158
2.3105
1.637
1.5123
2.3657
2.0173
2.1096
1.6397
2.0377
2.317
1.894
1.9849
1.7808
2.0073
2.3641
1.3201
1.4906
2.0678
2.3139
2.3553
1.8209
2.1004
2.1768
2.3712
2.1794
1.9799
2.2403
2.1213
2.2503
2.4886
2.3149
2.2917
2.3196
2.2878
1.4806
2.1014
2.1001
2.2857
1.7777
2.3471
2.0895
2.1806
2.136
1.8804
2.3249
1.9187
2.0642
2.0041
2.2505
1.3489
2.177
2.3524
1.3836
2.1879
2.293
2.3134
2.038
1.913
2.0433
2.1588
2.2385
2.2282
1.3084
1.9211
2.0999
1.2307
2.0449
1.5006
1.9888
2.2039
1.2307
2.2697
1.2156
2.0964
2.0894
2.3472
1.9677
1.9931
2.4566
1.9846
2.3863
1.5299
2.3106
1.7655
1.8184
2.157
2.4253
2.4856
2.1857
1.5183
2.0823
2.3057
2.1726
2.0355
2.2736
1.3768
1.5785
2.1141
2.3087
1.8156
2.1711
2.0608
1.8484
1.7205
2.3171
1.9125
2.1209
2.1957
2.3692
2.3359
2.277
2.4076
2.011
1.3944
1.4924
1.2631
2.2171
2.4545
2.3184
2.3031
1.483
2.209
2.2483
2.0642
1.755
1.8423
2.0714
1.6196
1.6306
2.202
1.7208
1.5677
2.1314
1.7283
2.2799
2.0783
1.7909
2.1447
1.501
2.3162
1.4853
2.2467
1.6196
2.2195
2.1835
1.7018
1.9205
2.3526
2.115
1.6727
1.7304
2.4334
1.6851
1.6023
1.7854
2.1231
1.8282
1.8419
2.4174
2.089
2.228
2.3747
1.8585
2.4301
1.8986
2.1705
2.0905
1.7745
2.3398
2.0734
2.3056
2.2554
2.0094
2.1309
1.6667
1.5679
2.0187
2.2967
2.2436
2.1222
2.1455
1.9319
2.0849
2.3497
1.7694
1.4368
2.0717
2.4084
1.3696
2.3797
2.3473
2.0362
2.268
2.4514
2.2493
2.3838
2.2414
2.2129
1.7613
2.1446
1.4433
2.1675
2.1819
1.8645
2.3979
1.3346
1.9183
1.1724
2.2842
2.2558
1.7067
2.3999
2.2521
2.2331
2.2971
2.3418
1.8286
1.4868
2.0061
1.2813
2.3001
2.3464
2.0805
1.7318
1.4048
2.0704
2.2678
2.1978
2.4055
1.4769
1.3886
2.115
2.3022
1.2623
2.0403
2.3327
2.2022
1.5968
2.2895
2.3999
2.3934
2.1447
2.303
1.9288
2.2704
2.4717
2.3616
2.3271
2.3879
1.9957
2.076
2.1193
2.4524
1.7864
1.4805
1.4474
1.8587
2.4399
1.8052
2.3551
2.3539
1.9998
1.9864
2.0299
1.8219
1.8112
1.9151
1.9576
2.3366
2.0202
2.24
2.0846
2.3088
2.1622
1.9402
2.0924
1.7612
2.155
1.511
1.7098
1.8043
2.0244
1.4434
1.8465
2.3107
2.2055
1.7776
2.2932
2.0546
2.3504
2.4063
2.4707
2.207
2.1238
1.888
2.3415
1.787
1.352
2.3517
2.155
1.9709
1.8488
2.1903
2.2456
2.2497
2.305
2.2644
2.095
2.1477
2.175
2.345
2.1945
2.2205
1.2645
2.1504
2.2705
1.6737
1.752
2.365
1.9215
2.1869
1.9953
1.8068
1.8151
1.6015
2.3508
2.3835
1.3507
2.4217
1.8684
1.6799
2.3254
2.0633
2.3446
2.2692
1.941
1.3745
2.0333
1.3445
1.5304
1.5655
2.2672
2.0261
2.0441
2.0834
1.3456
1.5983
2.1845
2.1649
2.3073
2.0939
2.2646
1.5492
2.261
1.5046
1.7595
1.9689
2.139
2.1706
2.0976
2.2677
2.1027
2.1493
2.152
1.9538
2.4058
2.0251
2.41
2.4213
1.8435
2.3793
2.3865
1.5073
2.1739
2.0779
2.0285
2.0287
2.2189
2.3873
2.2885
2.351
2.2146
2.1414
2.1318
2.2632
1.8302
2.0658
2.2722
1.4834
1.9928
2.2432
1.3528
1.8327
2.2333
1.4266
2.3407
1.6341
2.2454
2.3219
1.7381
2.2992
1.7907
1.3793
2.2364
2.0385
1.7989
1.7535
2.1891
2.3818
1.2729
2.0281
1.3989
1.3751
2.0885
2.3352
2.3284
1.9182
2.0755
2.3696
2.1546
1.4887
1.9924
2.1461
1.5752
2.1779
1.5714
1.7145
2.1354
2.417
1.9952
1.8023
1.9028
1.2942
2.1249
2.0569
2.272
2.3816
2.1376
1.9866
2.2222
2.1687
2.2265
2.2651
1.9753
2.076
2.3394
2.183
2.248
2.1067
1.8801
2.2271
2.3548
2.3867
2.4132
2.3853
2.1819
1.8286
2.039
2.1891
2.0958
2.0198
1.3224
2.0976
2.0452
2.2024
1.4636
1.4253
2.2563
2.0735
2.2093
1.993
2.238
1.1279
2.1343
2.0648
2.2589
2.3639
2.0332
2.2157
1.2578
2.2303
2.3058
1.8723
2.2587
2.144
1.7079
1.8587
2.2693
2.1332
2.2515
2.1146
2.2327
2.2632
2.2404
2.1963
1.1341
1.9453
2.1734
2.1199
1.7318
2.0664
2.0508
2.1331
1.4397
2.0852
2.0354
2.2215
1.9118
2.0605
2.1916
2.2671
1.739
2.3076
1.941
2.2957
2.3459
2.4186
2.4186
2.2865
2.1899
1.4821
2.3801
1.8044
2.2482
2.1902
1.5528
1.4673
1.8337
2.2923
1.9327
2.3077
2.3048
2.0933
2.2937
2.217
1.9842
2.3
2.0636
2.0883
2.1536
2.3521
1.8672
2.2616
2.1845
2.2795
2.2127
1.9871
2.0229
2.2634
2.2885
1.4073
2.1353
2.4174
2.2728
2.3343
1.6984
1.616
2.1192
2.4104
2.1107
2.2774
2.3599
1.7898
2.3476
2.4091
2.2019
2.136
2.3551
1.4373
2.0687
1.7213
2.0528
1.9319
2.1831
1.7729
2.2061
2.2868
2.2005
1.7066
2.132
2.0422
1.7824
1.9695
1.8649
2.2868
1.8486
2.3573
1.9746
2.2823
2.1815
1.6046
1.7069
2.2743
2.1773
2.3517
1.5144
2.136
2.2724
2.3169
1.8959
1.3118
2.4003
1.3469
2.2907
1.3345
2.1813
1.3119
1.6042
2.1901
2.0289
1.8131
2.049
2.101
1.8958
2.3649
2.1981
2.304
2.1528
1.2476
2.2315
2.2725
2.2511
1.7572
2.231
2.056
2.2628
1.5787
2.0351
1.9985
2.2465
1.7562
1.8056
2.3515
2.0902
1.6403
1.2672
1.7672
2.0738
2.3527
1.5932
1.3626
1.2615
1.9667
2.2089
2.2831
2.0401
2.2454
1.4179
2.3265
2.0665
1.7061
1.442
2.2036
1.5821
2.3167
2.1188
1.7472
2.1448
2.2665
2.1093
2.2716
1.5061
2.0487
2.3573
2.0816
2.2513
1.8684
1.3779
1.4364
1.9896
2.2988
1.6099
2.1846
1.8739
2.3519
1.6434
1.8362
1.3521
2.3445
2.3483
2.2802
2.2625
2.0502
1.8906
1.7045
2.1512
2.1431
1.9889
2.3566
2.3446
2.3533
2.352
2.0126
2.267
2.1137
2.4483
1.9501
2.3173
2.3134
2.3262
2.1476
2.2772
1.6464
2.0832
2.1135
2.3137
2.4349
2.1134
2.3943
2.1917
2.3097
1.7006
1.5662
2.3467
2.2864
2.0327
1.466
2.3709
2.371
2.3826
2.3595
2.2881
1.7129
2.3094
2.2
2.3172
2.2665
2.3673
2.1937
2.1851
2.3588
1.5612
2.3227
2.3559
2.3056
1.9232
1.8481
2.3374
1.4141
2.3425
1.9867
2.3433
2.3592
2.3604
2.3649
2.3508
2.2902
2.3591
2.0402
2.2495
1.8393
2.3099
1.8524
1.9757
2.348
2.0312
1.8344
2.1957
2.3497
2.1987
2.3624
1.7861
2.2958
2.4156
2.1806
2.1929
2.1698
2.0028
2.1295
1.9355
2.174
2.0063
1.4529
2.2515
2.1667
2.3563
2.3144
1.6046
2.0563
2.3549
2.0502
2.2607
2.0857
1.9765
2.0699
2.0291
2.2214
2.3606
2.0897
2.3977
1.9145
2.0924
2.4146
2.2918
2.3225
2.2602
1.8749
2.365
2.2432
1.9546
2.3017
2.1575
2.3892
1.5365
2.2855
2.0933
2.0008
2.4036
2.1957
2.3395
1.888
1.7703
2.3555
1.7949
2.1173
1.2132
2.2165
2.2543
1.9948
2.2883
2.3547
1.7076
2.3265
2.2492
1.5789
2.1494
2.1878
2.1202
2.3719
2.3923
1.2616
2.4167
2.3943
1.2007
2.4557
1.7458
2.114
1.8396
2.3713
2.2788
1.9021
1.8684
2.2319
1.9109
2.2842
2.2616
2.2589
1.3218
2.1324
2.1535
2.338
2.438
2.3498
2.3753
2.3148
2.0568
2.0946
2.367
2.3319
1.44
2.286
1.7156
2.2319
1.3384
1.4614
1.3642
1.5169
1.5805
2.208
2.4374
2.1695
2.0777
2.271
2.3523
2.2817
1.4118
1.5196
1.619
1.9002
1.5522
1.7679
2.3246
1.7489
1.2597
1.2485
1.6506
1.3962
2.4206
1.8103
2.178
2.1663
2.203
2.3779
1.4907
2.3508
2.1106
2.1844
1.394
2.1971
2.2643
2.1914
2.2816
2.1863
2.2316
2.2113
2.2148
2.208
2.4314
2.3671
2.2014
2.4688
2.111
2.2596
1.5748
2.2299
2.3999
2.4534
2.0996
1.4726
1.9171
1.4888
2.0588
2.0146
2.3174
2.3502
2.1738
2.1991
2.282
2.1631
2.1345
1.2375
2.3626
2.3707
2.0176
1.8259
1.7251
2.1841
1.9964
2.2239
1.6839
2.1244
2.4418
2.3632
2.039
2.2769
1.4951
1.7273
1.4769
2.245
2.4042
1.5627
2.1653
1.66
1.4811
1.9523
1.2144
2.2008
1.7134
1.8926
2.1397
1.7567
2.1642
2.3819
2.0781
2.1295
2.4589
2.2445
2.3025
2.4152
2.1421
2.316
2.1425
2.0839
1.886
1.5465
2.2611
2.1485
2.034
1.3909
2.1134
2.2015
2.2458
2.4376
2.2234
2.1152
2.2113
2.1664
2.1767
2.2268
1.9063
1.9625
2.1762
2.3165
2.0711
1.8535
2.3267
1.9991
2.0278
2.4369
1.6032
1.8062
1.9534
2.2697
2.4402
2.2482
2.3296
1.5176
2.3283
2.0738
2.234
2.3425
1.6094
2.2
1.8524
2.2859
2.191
1.9347
2.3568
2.3612
2.3633
2.287
1.736
2.3454
2.3511
2.1613
2.0987
2.0914
2.1448
2.1901
2.3423
2.3172
2.3266
2.3391
2.18
1.6575
1.7198
1.4561
2.2608
2.1836
2.2175
2.1336
2.1775
2.1915
2.349
2.3722
2.3534
2.0306
2.1703
2.0693
2.2441
2.0931
2.0587
2.2995
1.6289
2.484
1.5409
2.2273
2.0197
1.4768
2.3889
2.3582
1.9822
2.3585
2.203
2.1703
1.531
1.817
1.7351
2.163
1.9253
2.0283
2.2087
2.3069
2.4251
2.248
2.3106
1.4506
1.7374
2.1545
2.3749
1.8787
1.2249
2.2311
2.2997
2.1189
2.0971
2.2128
2.0289
2.2751
1.4953
1.4152
2.2428
2.3509
2.3812
1.8941
1.3081
1.9752
2.1873
1.6396
2.3813
1.4118
1.3926
1.8184
2.1932
2.1277
2.0599
2.0973
1.8667
2.3078
2.1686
2.3611
2.3462
1.8776
1.5077
1.5116
2.0828
1.4456
2.3672
2.3168
2.1644
2.1099
2.1078
2.1635
1.7846
1.627
1.4326
1.2051
2.4446
2.4402
2.4329
2.4272
2.4285
2.4178
2.0483
1.1312
2.2138
2.1185
2.284
1.8609
1.7206
1.7603
1.763
1.6339
1.5553
2.1653
2.1902
2.07
2.1117
1.9907
1.2621
2.5109
1.8628
1.895
1.97
1.8126
2.0095
1.9284
1.7696
1.8447
1.894
1.8642
1.7724
1.7866
1.9506
1.7716
2.0632
2.0283
1.8705
1.3428
1.8778
2.4622
2.2946
2.4105
2.3857
1.8043
2.3877
2.3475
2.3602
2.4936
1.5126
1.7898
1.4424
2.2759
1.7251
1.9765
2.0206
2.0965
1.6226
1.5668
1.2263
1.3149
2.333
2.3732
2.3688
2.0456
1.808
1.4772
2.2938
1.2952
1.3585
1.4851
2.0779
2.0684
1.9111
2.1892
2.2398
2.2356
2.1945
2.2113
2.2313
2.2446
1.352
1.8949
2.2527
1.482
2.3297
1.5985
2.4826
1.3613
2.2102
2.25
2.2703
2.154
2.5185
2.2494
1.5849
1.7404
2.3225
2.1901
2.2565
2.4507
1.6382
2.0278
1.8272
2.3304
2.3813
2.3819
2.341
2.3037
2.3466
2.2787
2.3311
2.3674
2.3713
2.345
2.3506
2.3318
2.3649
2.3677
2.3589
2.3686
2.1575
2.1167
2.2829
2.4266
2.0215
2.1664
2.1728
2.159
2.1599
2.3158
2.384
1.4674
2.2246
1.9968
1.5072
1.4052
1.3945
2.0064
2.1628
1.9391
1.2815
1.7209
2.2192
2.3119
1.1734
2.166
2.3004
1.5243
1.8094
2.2636
1.6246
1.302
1.3764
1.6241
2.1326
2.032
2.2302
2.2909
2.1332
2.1565
2.3502
2.2344
1.1974
2.028
2.2514
1.9634
2.3987
2.3532
1.2745
1.2702
1.3404
2.4406
2.3862
2.267
2.3304
2.0312
2.2091
2.2888
1.926
2.1287
2.0597
1.845
2.2671
2.0114
1.3853
1.4221
1.7103
2.0904
2.4116
1.9541
2.3723
2.0237
1.4089
2.2218
1.6175
1.3196
1.3853
2.2949
1.3308
2.0963
1.4829
2.1464
1.3801
1.5109
1.9025
1.8803
1.897
1.6929
1.6978
1.7611
1.9311
1.8755
1.8461
1.7945
1.4252
2.2901
2.4462
2.3538
2.229
1.9796
2.3382
2.1779
2.3285
2.3278
2.3564
2.3235
2.1704
2.2307
1.1842
2.33
2.1318
1.8695
2.0437
2.233
1.9467
2.2231
2.4315
2.1893
2.1346
1.6797
2.2852
1.3561
2.1637
1.7541
1.5036
1.9116
2.1437
2.1238
2.2067
2.0059
1.6081
1.9712
1.9011
2.3599
2.1796
2.1502
2.1618
2.3141
2.4126
2.1974
1.8266
1.7683
2.2247
1.962
1.6986
1.5558
1.8774
2.3187
2.2596
1.8813
2.2027
1.7104
2.2529
1.7591
1.6016
2.1584
2.3151
2.2677
2.2504
2.3805
2.1955
1.3887
2.3304
2.3444
2.1604
2.2477
2.2155
2.4262
2.2459
2.2826
2.2483
1.4809
2.2694
2.2934
2.2956
2.2927
2.185
2.2186
1.2967
1.8856
2.1859
1.8992
1.8966
2.3222
2.258
2.3689
1.6123
2.2149
2.1877
1.7222
2.1554
1.6021
1.7198
1.8409
2.3045
2.1675
1.6923
2.3633
2.358
2.358
2.3691
1.814
2.2403
1.4042
2.1697
2.1886
2.1164
1.5178
2.2507
1.8817
2.2881
2.2752
1.7467
2.2104
2.0863
2.2506
1.2014
1.1652
2.1997
1.7736
2.3232
2.3394
2.3046
2.3301
2.3557
1.7346
2.3001
2.1595
2.2133
2.3465
1.674
2.5004
2.3602
2.1563
1.4634
2.3476
2.4043
2.2875
1.8236
2.3105
1.7661
1.9187
2.3404
1.9085
2.2162
1.5763
1.754
2.2666
1.9401
2.1031
2.1517
2.2108
2.0909
2.1906
2.2879
2.0106
1.8422
1.5181
1.8631
2.3019
2.3359
2.3379
1.599
2.332
1.3008
2.2842
2.266
1.939
1.62
1.2948
2.3433
2.1198
2.0934
1.8772
2.2833
2.331
2.3376
1.3628
2.0644
1.4733
1.4109
1.7663
2.3093
1.7284
1.1565
2.0056
1.3577
2.0029
2.1868
2.2091
2.1354
1.9822
2.346
1.611
2.3559
2.3345
2.4189
2.2954
2.2646
1.9639
2.2787
1.5651
2.1256
1.3237
2.2276
2.1817
1.9567
2.3153
1.7826
2.3792
2.3437
1.3171
2.0404
2.2813
1.9342
2.1345
2.3422
1.904
1.2275
2.3558
2.3789
2.2231
2.2045
2.0322
2.2446
2.3844
2.1832
2.2878
2.2815
1.6336
1.6406
2.2221
2.228
2.1317
2.2253
2.1764
2.2694
2.1277
2.3946
2.2702
1.9708
2.1308
2.3017
1.8121
1.6192
1.5566
1.5
2.1607
2.1438
2.1399
1.5015
1.866
1.9008
1.3933
2.4054
2.142
2.0285
2.2693
2.2489
1.8252
1.6021
2.1092
1.8023
2.0118
1.3489
1.2711
1.5184
1.6732
2.126
1.9987
1.9319
2.2073
2.2217
1.6379
2.1525
2.2882
2.2042
1.8127
2.2366
2.1416
2.2346
1.7118
2.2238
2.3189
1.4244
1.7195
2.3733
1.6625
1.764
1.7779
1.768
2.3321
1.8892
2.2779
1.8922
2.1525
1.3817
2.2543
2.3231
2.362
2.3248
1.3676
1.9445
1.5783
2.1347
2.4166
1.5532
1.9948
2.3821
2.2431
1.6573
2.4167
2.438
2.4288
2.4338
2.4494
2.3584
1.9519
2.0328
2.3007
1.3674
2.3404
2.3647
2.3523
2.372
2.3709
2.356
1.3781
2.4179
2.0112
1.9965
2.4017
2.3908
1.4262
1.4401
1.8852
2.1195
1.22
1.54
2.1047
2.0056
1.8128
1.6135
2.3635
1.5582
1.8435
1.3711
2.3397
2.336
1.6295
1.514
1.6844
1.2559
1.5889
2.5233
2.423
1.6164
1.8649
1.302
1.5007
2.3457
1.3088
2.3933
1.9365
2.0811
1.9331
2.2491
1.2896
1.7426
1.8675
2.0363
1.7881
2.3884
2.14
1.7811
2.2958
1.7631
1.4784
2.1273
1.9633
2.1006
2.2911
1.4094
1.9816
1.8393
2.0006
2.0209
2.2483
2.2493
2.1912
2.1946
1.6856
1.9642
2.3628
2.4231
2.0338
1.2941
1.3686
2.1344
1.5678
1.4142
2.3504
1.4414
2.2847
2.0086
2.243
1.4547
2.2029
2.109
2.2402
2.1047
2.1505
2.4043
2.0523
2.0655
2.203
2.2362
1.5373
2.3583
2.2301
1.7763
2.0386
2.3008
2.1355
2.0833
2.3718
1.9886
1.9621
2.0779
2.2143
2.2938
2.4133
2.2118
2.4066
1.8499
2.3382
1.697
1.7094
1.7895
1.714
1.6473
2.1381
1.8967
1.904
1.9345
2.1466
2.1898
2.4426
1.8467
2.1425
1.9185
2.1983
1.9834
1.3927
1.2579
1.2142
1.3671
1.3188
1.3585
2.1932
2.1251
1.3023
2.1799
1.6333
1.9195
2.2355
2.0006
2.0671
2.4254
1.2008
1.5588
2.3592
2.3235
2.2714
2.1622
2.179
2.2852
1.8675
1.6083
1.627
1.9732
2.2223
2.2994
2.1085
2.4187
2.3514
2.3925
2.3762
2.4066
2.3851
2.3835
2.3047
1.4502
2.0167
1.9703
1.6861
1.8224
2.2639
2.3157
2.4089
1.154
2.3276
2.4543
1.6933
2.4547
2.2295
2.2004
1.5818
1.7598
1.7834
2.3367
2.3238
2.2723
1.5844
1.7425
1.5362
2.3377
2.3545
2.36
2.096
1.4377
2.202
2.1384
2.2197
2.3066
2.2441
2.2273
2.1124
2.1052
2.2013
2.2137
2.2381
2.3355
2.1083
2.1425
1.5974
2.24
2.4494
1.5717
1.5407
1.4849
2.0802
2.1212
1.3603
2.45
2.403
2.4034
2.0432
2.0144
1.323
2.1534
1.9608
1.2653
2.1307
1.5044
2.2406
2.3103
1.6566
2.4013
2.371
2.2027
2.3069
2.2506
2.1575
1.3732
2.2976
1.7703
2.2401
1.3992
1.7958
1.8852
1.7687
2.0013
1.9807
1.3204
2.2962
2.1869
2.198
2.1236
1.4323
2.1859
2.2918
2.3203
1.9851
2.3838
1.942
2.3819
2.2272
2.322
2.4104
2.1521
2.1967
1.4359
2.2691
1.9651
1.6095
2.2782
1.5704
2.148
2.3506
2.1722
2.5315
2.5313
2.5307
2.0194
2.2893
2.0783
2.3168
1.4731
2.2242
2.3698
1.5225
1.5801
2.1155
2.1202
2.107
2.3482
2.1646
2.0659
2.3131
2.3699
2.3115
2.0244
2.3549
1.4926
1.5099
2.1123
2.0914
1.3763
2.3246
1.8415
2.1982
2.217
2.2557
2.2254
1.6505
2.3931
2.3327
2.365
2.3181
1.5538
2.3412
1.6392
1.853
1.8285
1.9131
2.3607
2.2943
1.7638
2.2824
1.6729
2.1923
2.2356
2.1874
2.216
1.4655
2.2159
2.0106
2.2365
2.3452
1.4248
1.9511
1.5255
2.3443
2.3554
2.3446
2.1758
2.1392
1.8053
1.2935
2.1826
1.8782
1.3605
1.6703
2.0367
1.3177
1.4247
1.4903
1.4627
2.0962
2.3522
1.6994
2.0943
2.224
1.5002
1.3321
1.6428
1.6141
1.4643
1.4812
1.4384
2.3378
2.1333
1.9592
2.1165
2.2561
2.0071
2.1802
1.3427
1.712
1.8649
2.1414
1.9988
2.247
2.1549
2.1802
1.7237
1.9884
2.3727
1.7771
2.2322
2.4183
1.7984
2.3334
2.3028
1.4156
2.1803
2.4682
2.1806
2.0878
2.2556
1.2035
2.2531
2.3577
2.3638
2.3811
2.1672
2.0614
2.2849
2.0597
1.8243
1.7953
1.6583
2.1325
1.2252
1.5301
1.3108
1.3081
1.6235
1.3967
1.999
1.783
2.05
2.3028
2.4173
2.4137
1.5375
1.2863
2.3286
1.9841
2.3314
2.0178
2.3164
1.9065
1.9421
2.3845
2.3536
2.1576
1.4912
1.4972
1.6477
2.2604
2.051
1.5623
1.9655
1.6347
2.1317
1.8527
2.1268
1.8359
2.1893
2.4724
1.7891
2.0668
1.7507
2.4146
1.6809
2.1998
2.2501
2.4118
2.4113
1.8447
1.408
2.3064
2.1171
2.3763
2.1093
2.1669
2.2306
2.128
2.2202
2.1535
2.2982
2.2892
2.2739
2.2236
1.7254
2.3327
2.3353
2.3268
1.5963
2.3873
1.2546
2.3565
2.3216
2.3747
2.4038
2.1234
1.4081
2.3547
2.3674
2.2294
2.0145
1.9849
1.4448
2.3818
1.5245
2.2845
2.0883
1.8889
2.2548
2.4278
1.4379
1.7743
2.4121
2.1916
2.4193
2.3434
2.2311
2.3411
2.3527
2.0608
1.4239
2.2961
2.2905
2.2996
2.3052
2.2988
2.202
2.28
2.2895
2.2898
1.8642
2.2099
1.8266
2.2885
2.2037
1.3132
1.3216
2.3177
2.3453
2.3429
2.3369
2.2482
2.3756
2.4091
2.3885
1.5858
2.4129
2.1135
2.4371
2.1823
1.7202
1.7555
2.1313
2.1099
1.7886
1.9249
1.7645
2.0147
2.3685
1.463
2.343
2.4093
1.2645
2.441
2.4382
2.4088
2.2854
2.2576
2.1378
1.7437
2.3549
2.1944
1.8138
2.1065
2.1757
2.3032
2.154
1.8647
2.0466
2.2152
2.1
1.7607
1.7224
1.9607
1.914
1.9379
1.3783
1.7511
2.355
1.456
2.2971
2.3095
2.3211
2.1191
1.9141
2.0904
2.294
1.3067
1.7965
2.255
2.3627
2.3237
2.3213
2.3567
1.9357
1.4377
2.3121
2.2253
2.2218
1.7555
2.2219
2.1216
2.3834
2.4426
2.3429
2.0452
1.4589
1.9213
2.062
2.0809
2.3651
1.8675
1.9324
1.8797
1.9709
1.8762
1.491
2.3259
1.859
1.8234
2.1321
2.1661
1.7526
1.5038
2.3035
2.3074
2.2579
2.315
2.3078
2.3039
2.3156
2.3236
2.3457
2.3059
1.6263
2.1456
2.001
1.8211
2.2657
2.2523
2.2459
1.6917
2.2883
2.3015
1.9923
2.0747
2.3214
2.344
1.813
2.2316
1.4381
2.2627
2.2601
2.2679
1.6898
2.3231
2.3681
1.683
2.0726
2.1711
2.1793
2.1283
2.2966
2.3292
2.3273
2.3001
2.2943
2.5038
1.9734
1.4276
1.2551
1.5041
2.4057
2.2247
2.3851
2.5239
1.7945
2.1708
1.7591
2.358
2.1469
2.341
1.5715
2.2972
2.281
2.2639
2.151
2.1005
2.1072
2.1633
2.2196
2.2834
1.6078
1.9999
2.0122
2.2323
2.1828
2.1898
2.1924
2.184
2.1327
2.3974
1.203
1.8833
1.6
2.1592
1.7871
1.7617
2.3873
1.8987
2.3764
2.2198
2.1833
2.2931
2.3222
1.6482
2.0272
1.2441
2.0736
2.287
2.3208
1.9424
2.3533
1.3064
1.1966
1.9708
2.4034
1.8555
2.2407
1.5188
2.1854
1.868
1.5157
1.8111
1.838
2.112
2.1544
2.3702
2.2154
2.307
2.277
1.5248
1.2862
1.7802
2.3178
1.7983
1.4793
2.4126
1.4524
2.3029
2.2475
1.9072
1.456
2.4116
1.7149
2.2585
2.3659
2.4524
1.5791
1.9961
2.2165
2.4044
2.4028
1.9195
1.9429
2.33
1.3644
2.1733
1.5297
1.7237
2.2705
2.3468
2.3521
1.8701
2.3072
1.2646
2.4122
1.4272
2.0524
1.9131
2.2215
1.8911
1.7744
1.6092
2.1572
2.4121
1.5941
2.2624
2.2333
1.4042
2.2448
2.2574
1.971
1.1431
2.058
1.7486
2.1994
2.3738
2.1906
1.5038
1.5439
1.5918
2.2649
1.8994
1.8408
1.765
1.9099
1.739
1.2509
2.1574
1.9941
2.0488
2.371
2.1697
2.0363
2.5151
2.2672
2.2379
2.0939
2.1066
2.1993
2.3347
1.3949
1.8868
2.2613
2.2421
2.2421
2.2888
2.2924
1.9368
2.102
1.9044
1.5843
2.4075
1.4709
2.2761
1.5556
1.2733
2.3012
1.8917
2.177
2.4267
1.4666
2.4234
1.9936
2.261
2.1295
1.383
2.147
2.0754
2.0778
2.2963
2.1301
2.0345
2.1467
2.2765
1.8242
1.7873
2.5057
2.5293
1.7386
2.3766
1.7326
2.2314
1.8085
1.9281
1.5423
1.8772
2.0763
2.3838
2.0759
2.1269
2.1848
1.6667
2.3345
2.227
2.1493
2.1563
2.0376
2.2262
1.5879
1.5666
2.3966
2.0914
1.6577
1.5655
2.3478
2.3037
1.9806
2.1882
2.3042
2.4036
2.0195
1.8662
1.8312
2.3335
2.1781
1.7095
2.2401
1.4919
2.225
2.2096
2.2171
1.2538
1.4543
2.259
1.8752
2.12
1.4961
2.1423
2.1535
1.82
2.5093
2.2589
2.3686
2.1349
2.2294
1.5459
2.1048
2.079
1.2632
2.3447
1.5102
1.6093
2.059
1.8301
2.3014
2.2203
1.4033
2.2621
1.5545
1.2992
2.2562
2.1908
2.0787
1.1923
2.4705
2.1112
2.472
2.4817
2.4354
1.5915
2.4459
2.4676
2.0733
1.9821
2.4247
2.1035
1.2756
1.442
1.477
2.193
1.8191
2.03
2.2594
2.1477
1.792
2.3961
2.4873
2.2909
2.0834
2.2655
2.3496
2.2426
1.5999
2.2507
2.0026
2.195
2.3606
2.1427
2.1601
2.1047
2.3443
2.2631
2.0652
2.0936
2.1867
2.0078
2.0059
2.3511
2.3977
2.3455
2.1337
1.5545
1.7669
2.2774
2.263
2.2997
2.2994
2.2624
1.7534
1.3889
1.5445
2.3558
2.2081
1.8031
1.7535
1.5596
2.0375
1.2322
2.358
1.5574
2.1924
1.7773
1.7853
2.2689
1.5155
2.2936
1.9242
2.2676
1.7573
2.404
2.388
2.0955
2.3736
2.2405
2.3444
1.6344
1.3667
2.2943
2.0891
1.3966
1.2005
1.3744
1.8365
1.6823
2.0341
2.0377
1.6459
2.1291
1.6572
2.3282
1.6324
1.869
2.3027
2.1948
1.3107
2.1329
2.24
2.1633
1.3551
1.3025
2.2773
2.1526
2.2152
2.343
2.3269
1.6285
2.2942
2.3708
2.3801
1.3648
2.3636
2.2139
2.301
2.1478
2.5145
2.2699
2.3188
2.1581
2.3942
1.5836
1.3984
1.2698
2.2166
2.1744
1.6016
1.6091
1.4632
1.7991
2.0488
2.2265
2.1
2.2208
1.4858
2.4316
2.2042
2.4381
2.1358
1.5359
2.3355
2.0502
1.4591
2.2788
1.54
1.6856
2.0673
2.1778
2.334
2.3463
1.6217
2.3231
1.7695
1.8878
1.6907
2.3594
2.3019
1.6068
2.4134
2.3993
2.1262
2.3836
1.749
1.777
2.0469
2.3789
1.7706
2.2232
2.4578
2.5121
2.3455
2.3462
2.3346
1.364
1.3067
2.1731
1.5431
2.0369
2.1301
1.7566
1.9417
2.3611
1.5676
2.2489
2.1865
2.3032
2.2952
1.5321
1.9052
2.0697
2.3641
1.9517
2.4254
2.2941
2.2389
1.5821
2.1161
2.2342
1.7778
2.1212
1.9077
2.3371
2.2761
2.3522
2.2557
2.3476
1.4848
2.0784
2.1964
2.2779
1.511
1.7563
1.6414
2.2377
2.1074
2.0069
1.4419
2.1785
1.4508
1.4166
1.3642
2.2878
1.677
2.2146
2.0408
2.18
2.1758
1.9587
2.2333
2.3064
1.4741
1.3847
2.1013
2.0563
1.6248
1.3208
2.228
1.2624
1.3227
1.3658
2.4465
1.8578
1.8977
2.2683
2.3347
2.2512
2.2418
1.1971
2.2691
2.2986
2.3069
2.2946
2.3746
2.1635
2.3335
1.9297
2.337
2.3449
2.4042
1.9717
1.7892
2.0099
1.539
1.7084
1.4668
2.3018
2.2909
1.5088
1.3959
1.6276
2.2308
1.7639
2.4499
2.2224
1.3317
2.1596
1.8206
1.7779
1.5923
2.0777
2.3688
2.3509
2.278
1.7813
1.9479
2.3296
1.3765
1.9003
1.7284
1.3627
1.6262
1.3672
1.9193
2.294
2.4181
2.2144
1.6806
2.2217
1.9682
1.7108
2.2458
2.3581
2.3186
2.237
2.2349
1.3116
2.237
1.5105
1.9247
1.4197
1.6021
1.8911
1.8579
2.1151
2.1088
2.3262
2.3131
1.4608
2.3246
2.1624
2.3708
2.0383
1.4199
1.3728
1.6296
1.5031
2.3547
2.1161
2.2082
1.7598
2.2782
1.4378
2.1461
1.9895
1.6824
2.1882
1.7113
1.8479
2.2415
2.1642
1.522
1.7492
1.9459
2.2324
1.9527
2.3997
2.1272
2.1677
2.1158
2.2328
1.903
2.0576
2.1429
2.0576
1.385
2.3152
1.4535
1.3283
1.3739
1.4394
2.3625
2.1661
2.2989
1.9797
2.1419
2.3124
2.3282
2.0045
2.0884
2.3159
1.9957
1.9232
1.9476
1.6799
2.3275
1.3972
1.3879
2.061
2.2608
1.7693
1.4413
2.1931
2.3292
1.9753
2.2811
1.171
2.2964
2.3024
2.3121
2.3017
1.8235
2.3673
1.6702
1.672
2.17
1.4923
2.2721
2.3202
1.4207
1.3179
2.2054
2.3886
1.4702
2.3494
1.7801
2.3995
2.2464
2.1302
2.2239
2.1991
1.9462
2.3117
1.5449
1.8291
1.8722
2.2816
2.0898
2.046
2.0548
1.9884
1.8456
2.1292
1.4233
2.4154
2.4043
2.2709
2.2489
2.3204
2.0409
1.4043
2.2386
2.302
2.1016
2.3897
2.3378
1.8834
1.5889
1.3212
2.0721
2.3052
2.367
2.2102
2.1084
2.3443
2.293
1.5928
2.2262
2.448
1.438
1.5236
2.3957
1.8658
1.9983
2.2671
2.1281
2.2106
2.4009
1.232
1.5977
2.2322
1.8109
2.0365
1.6525
1.5501
1.4292
1.6135
1.8226
1.6309
2.0412
1.4292
1.3543
1.5839
2.3274
1.7187
1.7808
1.9473
1.4195
2.3771
2.4113
1.6991
2.3259
2.1988
1.7286
2.3187
2.1893
2.4148
1.8895
1.9388
2.1636
1.5327
1.3266
1.2526
1.3519
2.1925
2.2782
2.3215
1.5419
2.3371
1.5392
2.0566
1.8618
1.7775
2.1834
1.9682
1.7361
2.2522
2.2418
2.3259
2.1204
2.1656
2.1048
1.7257
2.3741
2.3478
1.3152
1.7668
2.3956
1.8045
2.2381
1.6183
2.262
1.5189
2.0177
2.0467
2.0321
2.3902
2.3522
1.6748
1.0928
1.4124
1.6966
1.5124
1.3869
1.1657
2.2889
1.8495
2.3603
1.9678
2.3352
1.3296
2.3741
2.3605
2.2446
2.0319
1.9119
1.979
2.2419
2.1794
2.1617
1.9601
2.4892
2.0027
1.9316
1.8471
2.1271
2.2424
2.4406
2.3781
2.0349
2.2455
1.9783
2.4202
1.8141
2.3986
2.0627
2.1564
2.3675
1.9783
1.218
2.1191
2.3731
2.0911
2.3685
2.0352
1.4253
2.226
2.2004
1.2038
2.2897
2.2455
1.6747
2.2599
2.3435
2.1911
1.0871
1.6312
2.2419
2.2247
2.2191
2.2397
1.4599
1.65
1.7505
1.6849
2.0671
2.1661
2.3549
2.3601
1.8368
2.4092
2.2122
1.2708
1.8013
2.1356
2.3137
2.0524
1.5529
1.922
2.0401
2.3846
2.3408
1.8935
1.559
1.7055
2.1387
2.2162
2.1529
1.8831
2.3199
2.2845
1.3915
1.9866
2.1384
2.307
2.3139
2.2904
2.1205
2.5072
1.8569
2.2227
1.8693
2.1686
2.3294
2.0469
2.1794
1.82
2.2952
2.0569
2.1106
2.3923
2.39
2.2464
2.3318
1.7068
2.3469
1.4691
1.4924
2.0486
2.2042
1.633
2.4173
2.4034
1.5793
1.4571
1.6516
1.4979
2.0088
1.1793
2.4088
2.1976
2.1051
2.3251
2.2861
1.4201
2.4803
1.6567
1.5375
2.0921
1.4996
1.5959
1.7379
2.2955
2.2387
1.9276
2.0372
2.3042
2.3162
2.141
2.3557
2.3073
2.2028
2.193
2.1657
2.1188
2.3424
2.2972
2.3419
2.0491
2.1123
2.2216
2.147
2.4721
2.4902
2.4753
2.47
2.1536
2.004
2.2885
2.1629
2.116
2.3887
2.4027
1.2989
1.201
2.3552
2.339
2.2971
1.6012
2.3563
1.5073
1.8142
2.3701
1.4795
1.7653
2.3874
1.7983
1.1689
1.5697
2.443
1.293
1.3755
2.0792
2.0288
2.0254
2.3433
1.9706
1.3205
2.1961
2.387
2.3715
2.1966
2.4697
2.316
1.8372
1.7599
2.0645
2.03
2.0289
2.2078
1.7152
2.3194
1.9062
2.1478
2.3166
2.3121
2.1233
2.3492
1.5682
2.3227
2.3104
1.6684
1.7958
2.4501
2.326
2.3129
2.4116
2.1586
1.9428
1.6948
2.07
2.3221
2.1583
2.3449
2.341
1.8435
1.6488
2.1291
2.3804
2.3948
2.357
2.3285
2.3669
1.4673
2.2124
2.2356
2.326
1.9822
2.2894
1.5829
1.3489
1.975
1.8073
2.2759
1.8662
2.0349
1.5995
2.3755
1.6899
1.3931
1.804
1.5216
1.7594
1.5284
1.4982
2.3776
2.376
2.3767
2.3992
2.3718
2.3767
2.3649
1.7137
2.352
2.3641
1.484
2.2226
2.2078
2.2431
2.1885
2.2925
2.29
2.0778
1.8581
1.9489
1.9067
2.3439
1.9821
2.4195
2.3165
2.1117
2.1483
1.2157
2.3564
1.9436
1.1648
1.5989
1.6477
1.7752
2.2842
1.7606
1.3333
2.2025
1.8499
2.1676
2.2565
1.8198
2.3958
1.8275
2.3179
2.2526
2.2697
2.0819
2.1366
1.37
2.118
2.2412
2.0481
2.1796
2.3078
1.665
1.455
2.2344
2.3775
1.7852
2.1564
2.1397
1.9922
2.138
1.6529
2.2365
1.2692
2.2357
2.3361
1.3411
2.3123
2.3086
1.4314
1.9555
2.2674
2.3157
1.8497
1.8831
2.1332
2.1537
2.2846
2.3607
1.4184
2.1976
2.35
1.4161
1.9443
2.2932
1.9894
2.2827
2.1899
1.8348
1.2895
2.0913
2.3605
2.3198
1.5315
2.3586
2.2729
2.2159
2.182
2.3439
2.3733
1.9594
1.477
1.4889
2.3164
2.336
1.4598
1.5927
1.5522
2.0799
2.1782
2.3346
2.226
1.9002
2.3727
2.3757
2.2364
1.4043
2.4097
1.9708
2.4098
1.8624
2.3466
2.3367
1.9603
1.821
1.9925
2.4002
2.0891
2.0736
2.2165
2.1985
1.3615
1.2474
1.2156
1.5454
2.0701
1.8622
2.0763
1.8169
1.8833
2.3846
1.5519
1.6715
2.1856
1.6014
2.3536
2.2736
1.9275
2.2971
1.895
2.1274
1.6895
2.352
1.8892
2.0497
1.3364
1.4281
1.3539
2.2286
2.2337
2.1739
2.2086
1.5333
1.7266
2.3702
2.2149
1.6924
2.3227
2.3398
1.9251
2.1497
2.1681
2.26
1.8175
1.8221
2.3055
2.4121
1.9784
2.2544
1.4817
2.0596
1.2978
1.9369
2.3153
2.3174
2.3116
2.1975
2.0532
2.2965
2.3778
2.3582
1.8085
2.3768
1.9607
1.3646
2.3209
1.8114
2.1922
2.3321
2.1604
1.5411
2.0365
1.7173
2.2893
2.1192
2.3073
1.9744
2.2798
2.226
2.0857
2.1929
2.4047
2.4297
2.425
2.2435
2.0237
2.1752
1.6171
2.434
1.5491
2.1253
2.4663
2.2737
1.659
1.4007
1.5068
2.2685
2.2981
2.0151
2.2566
2.1303
1.563
2.1863
2.3103
2.221
2.1471
1.7907
2.189
2.0612
2.2003
1.8578
2.2992
1.5897
2.1178
1.4101
1.4124
1.3259
2.2168
1.7506
2.3648
2.1321
2.0045
1.593
1.7557
1.4935
2.329
1.199
1.4008
1.5438
2.1064
2.123
1.8118
2.1054
2.2359
1.4753
2.2385
1.8786
2.4192
1.6939
2.2415
2.2448
1.3364
2.295
1.8513
1.9166
2.3231
1.4761
2.2998
2.2878
2.1298
1.5776
2.0935
2.287
2.1638
1.9693
2.163
2.303
2.1189
1.9559
1.9374
1.9696
2.0124
1.7981
2.3267
1.5798
2.2041
2.2394
2.3569
1.4817
1.55
1.9465
2.1085
2.392
2.3739
2.4625
2.191
2.0812
1.9567
2.0685
2.1148
2.2051
2.1551
2.2371
2.0448
2.1116
2.1985
2.263
1.5887
2.1042
2.0314
1.9199
1.4968
1.5842
2.241
1.2016
2.3743
2.0453
2.2657
2.1783
2.1943
2.1526
1.971
1.8058
1.6797
1.6542
2.1124
1.5854
1.5663
1.7758
1.5448
1.5453
1.5824
1.6499
1.7483
1.6452
1.6698
1.2437
1.4115
1.6819
1.5517
1.3553
1.6241
1.5405
1.55
2.2052
1.2688
2.416
2.2366
1.8529
1.3019
1.4666
1.5988
1.2445
1.9356
2.1671
2.0724
1.7822
1.4072
1.3808
1.3892
1.3942
2.0441
1.4179
2.3514
1.9542
2.2129
2.1306
2.2211
2.0982
2.0357
1.5036
2.0278
2.4068
1.8522
1.6596
1.2546
2.3095
2.3607
2.2993
2.3368
2.1498
1.9648
2.3347
1.24
2.4559
2.2924
2.2113
1.4312
1.456
2.156
1.3551
1.3484
1.5804
1.3697
1.5154
1.2351
1.2896
1.2884
1.2544
2.1849
1.847
1.4942
2.2493
2.2968
1.8297
2.3975
2.163
1.7288
2.3404
2.1697
2.3841
1.6448
1.4327
1.764
1.4608
1.8419
1.7399
2.4311
2.1133
1.4332
2.1723
1.6875
1.9059
2.1873
1.8975
2.1442
2.2088
1.9876
2.2945
2.316
1.7571
1.7521
1.7123
1.5521
2.4568
2.092
2.1754
1.4831
2.2748
1.2192
2.0538
1.9285
1.8813
1.5621
1.6625
2.2768
2.0259
2.3212
2.3046
2.1991
2.4021
2.3706
1.6046
1.2279
2.1544
1.8866
1.4458
1.5505
2.0882
1.7241
2.1753
1.3214
2.3281
2.0661
1.5324
2.0904
1.8186
2.026
1.8641
2.211
1.7993
1.2884
2.0946
2.3727
2.084
2.0744
2.1256
1.4295
2.081
2.3168
2.2793
2.2703
2.3242
2.0308
1.6025
2.3121
2.4091
2.093
1.8131
1.8228
2.3574
1.4112
2.1182
2.3134
2.3574
2.3119
1.6245
2.3677
1.8693
2.1458
2.1454
2.2117
1.9739
2.3658
2.2431
2.2739
2.3647
2.0709
1.7095
2.2207
2.2745
1.471
2.2766
2.0719
2.1971
1.7287
2.2875
2.0671
1.7017
1.9417
2.2868
2.4276
1.8824
1.689
2.0804
1.516
2.2808
2.2523
1.6821
1.9429
1.2377
2.0779
2.2001
2.2305
2.092
1.3852
2.2024
2.4332
2.4069
2.2725
1.35
2.2452
2.1727
2.2494
2.1572
1.9338
1.6321
1.2822
1.4762
1.4644
2.167
2.1259
2.0985
1.2733
2.4081
2.4638
2.1364
2.2985
2.0463
1.4216
2.0155
2.0595
1.6402
2.2991
2.0385
1.2199
1.2192
1.2528
2.2262
2.4499
2.3129
1.865
2.0512
2.2279
2.2751
1.8732
1.9987
2.4391
1.8905
1.5216
1.4966
2.3239
1.9918
2.0919
2.2046
1.2484
1.5911
1.8483
2.3142
2.2848
2.1736
2.2609
2.2304
1.8953
1.7458
2.2299
2.1379
2.3557
2.212
2.2591
2.3645
1.8296
2.1363
2.1685
2.3628
2.031
1.7561
2.3339
2.4078
1.9924
1.5301
1.1834
1.6185
2.3021
2.4159
2.0173
2.1693
2.1837
2.1426
2.2883
2.2785
2.3342
2.2501
2.3122
2.3318
1.9892
1.4887
2.2926
1.6614
2.003
1.5923
2.0988
1.8766
2.1354
2.1195
2.3441
2.0553
1.3738
1.5253
1.8901
2.3509
1.6987
2.0355
1.9776
1.559
2.1532
1.3236
2.1952
2.2761
2.0961
1.3468
1.2888
2.2039
1.5318
1.6143
2.3218
1.6242
2.3834
2.1626
1.331
2.4528
2.2396
1.5056
2.2888
2.0503
2.2069
2.0969
2.3396
2.4259
2.4151
2.3878
2.409
2.3164
2.4057
2.4312
1.9409
2.114
2.3516
2.1042
2.4568
1.3306
2.3607
2.3632
1.7064
2.2036
2.3907
2.382
2.1844
2.3443
2.3622
2.3231
1.7085
1.8966
2.1974
2.2123
1.9866
2.3117
2.4071
2.1477
2.1089
2.3429
2.3713
1.4261
1.2562
2.3585
1.5148
2.3858
2.1677
2.2131
2.2267
2.2048
1.9361
2.386
2.2874
2.3011
2.3364
2.1976
1.5221
2.2212
2.3756
2.379
2.3557
2.1894
2.4107
2.1448
1.5733
2.25
1.7647
2.2767
1.4598
1.7732
2.1482
2.3101
2.0859
1.3816
1.959
2.3584
1.8055
1.586
2.3051
2.0832
1.4596
2.2937
2.2622
2.0673
1.8479
2.3302
1.3745
1.8161
2.3246
2.0189
1.9801
1.429
2.0342
2.3602
2.0363
2.3883
2.3553
2.3628
2.3737
1.2139
1.9046
2.246
1.4799
2.0282
2.3737
2.0766
1.7877
2.2144
2.1726
1.8651
2.2454
1.408
2.3752
1.9711
1.6334
2.2714
2.0127
1.4118
1.7469
1.8714
1.5822
2.3521
1.9908
2.0569
2.0255
2.0411
2.0203
1.854
1.8652
2.3724
1.939
1.4544
1.5786
2.1176
1.8246
2.1743
1.3769
1.3738
1.6162
2.0538
1.6414
1.8845
2.363
2.1116
1.4325
2.3141
2.1439
2.143
1.7247
2.0507
2.058
2.2104
2.3069
1.1969
1.4299
2.406
2.3112
1.7824
2.1615
1.6836
2.3621
1.8666
2.2581
2.1349
1.7417
1.1883
2.3147
1.8735
1.4598
2.1031
2.1239
1.6659
1.5661
2.1894
1.8496
2.2368
2.3781
2.2983
2.1838
1.9416
1.7465
1.3949
2.3199
1.9995
1.8203
2.362
1.5664
2.2222
2.2107
2.0579
2.1753
2.3247
2.1205
2.4387
1.7651
2.068
1.4436
2.0371
2.191
2.2124
1.6343
1.4475
2.3348
1.9633
2.177
2.009
2.4449
2.039
2.1674
1.1927
2.2986
1.501
2.0669
1.8323
1.3591
1.5901
2.1871
2.112
2.1041
1.8143
2.1876
1.972
2.3633
1.5157
2.3356
1.5434
2.3608
1.4622
1.4786
1.4553
2.1912
1.9712
1.2963
2.3743
2.4089
2.4044
1.2744
2.0799
2.3506
2.1229
2.2061
2.3825
2.3193
1.8933
1.8363
1.8799
1.6361
2.1634
1.565
2.2681
1.5994
1.8842
1.3705
1.2287
2.3802
2.3818
2.3595
2.1633
2.2265
2.1926
2.2967
2.2962
1.2532
1.2447
2.1842
2.3492
2.0588
2.3456
2.0875
2.2578
2.2613
1.7667
2.2034
2.1092
1.755
2.2384
1.4745
1.4339
2.0034
2.2386
2.3393
2.1135
2.0137
2.1977
1.7362
1.9599
2.1144
1.9445
1.8866
1.9841
1.3619
2.196
1.3798
2.3515
2.4153
2.4192
1.4767
2.2807
2.1776
1.5361
1.9952
2.3819
2.4046
2.3194
2.3389
1.8198
2.2326
1.5652
2.2402
2.4222
2.426
2.3629
2.3461
2.3785
2.2636
2.222
2.2193
2.3658
1.5865
2.4319
2.4362
2.3313
2.4303
2.4314
2.4303
2.4279
2.1502
2.4397
2.3139
2.2608
2.1517
1.9682
1.4786
2.3907
2.4057
1.9825
1.8112
1.4897
1.7268
1.8806
2.2826
1.8071
1.7684
1.8345
1.9717
2.3904
2.3589
1.4651
2.3511
1.7957
2.3629
1.2224
1.2999
2.0205
2.2986
2.2618
2.4082
2.1754
2.245
2.1553
2.2206
1.7832
2.1896
1.8289
1.3089
2.3564
1.7632
2.0507
2.43
1.7483
2.4068
1.3271
1.3747
2.1701
2.0283
1.9722
1.7272
1.7343
2.2725
2.1758
2.1442
2.1583
2.1126
2.1642
1.8724
1.8685
2.2555
2.1053
1.3864
2.034
1.5809
1.4547
2.2077
2.4198
1.9431
2.184
2.3368
1.4637
1.5144
1.6181
2.2928
1.5051
2.2349
1.6823
2.0682
1.3855
1.9818
2.0618
2.366
2.418
2.407
2.3843
1.6504
2.3814
2.2514
1.4098
1.3355
2.2292
2.3125
2.3337
2.3722
1.4208
2.083
1.5348
2.39
2.3819
1.971
2.0217
2.2655
2.2841
2.0497
2.3889
2.1829
1.8184
1.8853
2.0162
1.2866
2.1499
1.636
2.2216
2.0236
1.3815
2.1564
1.7947
2.0647
2.0645
1.9388
2.3189
2.2738
2.262
2.2708
1.4166
1.9607
2.2307
2.233
2.3495
2.1707
2.2666
1.7956
1.7904
1.395
1.5355
1.4516
2.123
2.2763
1.8551
2.268
2.2111
2.3105
1.9323
2.1619
2.136
1.6085
1.5773
1.6375
2.0093
2.2373
2.3527
2.4117
2.3662
2.3238
2.3282
2.1966
2.1721
1.9353
2.0448
2.1879
1.6582
2.2235
1.787
1.5557
2.2713
2.2445
2.2855
2.2425
1.9582
2.3875
2.0984
2.4229
2.426
2.2515
1.9949
1.6637
2.4876
2.2218
2.2652
1.564
1.5105
2.0837
2.3125
2.2244
2.2753
2.3537
2.4025
1.774
1.8098
2.2956
2.3419
2.3908
2.3818
2.1296
2.3175
1.5721
1.6427
2.2902
1.9544
1.2717
1.9059
2.3807
2.3162
2.0414
1.6988
2.381
1.6487
2.2887
2.3644
2.1642
2.3191
2.3193
1.3339
2.0108
2.0333
1.6955
1.7972
1.5189
1.9492
1.6811
1.25
1.8658
2.238
2.1216
1.3882
1.9981
1.8338
1.9272
1.4557
2.298
2.3095
2.4373
1.7666
1.9326
2.0677
2.3311
1.8966
2.2894
2.2217
1.9122
2.3951
1.8508
2.0779
2.3119
2.3488
2.4106
2.4102
2.3624
2.0223
2.4105
1.7885
2.2906
1.8645
1.8425
2.1363
1.8202
2.3335
2.2452
2.0811
1.5073
1.8125
1.7429
1.7688
1.6473
2.1896
1.9745
1.4314
2.2037
2.1331
2.0564
1.9375
1.3969
1.9606
1.4278
2.1573
2.3787
2.4308
2.3142
1.9116
2.2723
1.5697
1.999
2.2627
2.257
2.1032
2.2837
2.1857
2.2119
1.9705
2.0168
1.8601
1.2321
1.9105
1.2402
2.2556
2.24
2.0736
1.1598
2.0915
1.6035
1.1839
2.2662
1.718
1.7101
1.7515
1.4516
2.2951
2.3496
2.3718
2.3924
1.4516
1.7473
1.6685
1.8734
1.9294
1.5369
1.6238
2.3616
1.3564
1.3017
1.2204
2.1765
2.1467
2.0436
2.2127
2.2261
2.2634
1.9948
1.9966
2.3496
2.1905
2.1866
1.8696
2.3753
1.7607
1.6739
2.3903
2.1833
2.1068
2.3067
2.3966
2.3157
1.8527
1.6925
2.3517
2.0536
1.8778
2.2429
1.1244
1.548
1.6606
2.406
2.3132
2.3117
2.3416
2.0066
2.0857
2.0885
2.2772
1.4789
2.3353
2.1434
2.3422
2.1221
2.029
2.324
2.295
1.4771
1.7248
1.2862
1.3985
1.887
2.3376
2.21
2.2773
1.5759
1.6086
2.1257
1.5161
1.9415
2.1946
2.2952
2.0434
2.1565
2.0354
2.0592
1.8761
2.0906
1.9502
1.6194
2.0675
2.1224
1.8353
1.5887
1.8363
2.2201
2.1379
1.5133
2.1153
1.6151
2.1463
2.2104
2.1491
2.224
2.3149
2.3855
2.3204
1.9271
1.3896
2.3893
2.0026
1.6651
1.6071
2.0356
2.2278
2.386
1.7013
1.4581
2.2198
2.0743
2.2468
2.4094
1.4245
2.3936
2.1387
2.1178
2.1104
2.461
2.3749
2.2299
2.2208
1.8809
2.1663
1.1774
1.9524
1.8581
2.3205
1.7132
2.0645
2.1409
1.538
2.3125
2.3421
2.3137
2.0028
2.4115
2.3906
2.3415
2.3172
2.1958
1.6145
2.1202
1.9354
2.2622
2.4371
2.2839
1.4307
1.9599
1.4683
1.8593
1.449
2.3578
2.0648
1.644
2.1108
1.3435
1.6669
1.3607
1.2374
2.3944
2.2696
2.5017
1.4786
2.1509
1.2528
2.2814
2.261
1.4365
1.3653
2.2716
2.4079
2.2105
1.7667
1.2879
1.5048
2.1093
1.8581
1.3697
2.3657
1.3238
2.337
1.3027
1.5096
1.2168
1.8473
1.1449
1.216
1.762
2.1621
1.754
1.3604
2.4005
2.0706
1.2872
1.975
2.2564
2.3331
1.7727
1.2155
1.946
1.1513
1.3606
1.5902
1.9252
2.2187
1.7478
2.3089
2.1478
2.0188
2.261
1.8196
1.3804
1.5091
1.7718
2.1165
1.2982
2.2298
2.2263
1.9941
1.7086
1.9939
1.6113
2.2461
1.6648
1.6486
2.2947
2.2823
2.2811
1.8667
2.0604
1.321
1.187
1.1423
1.2932
1.4704
1.2977
2.3033
1.2031
2.2524
1.5247
2.3517
2.1672
2.1766
1.6056
2.2226
2.1893
2.2378
2.0903
1.882
2.1013
2.274
1.9933
1.969
2.1788
2.0828
2.3062
1.5681
2.3347
2.1575
2.0152
1.3131
1.6977
2.3095
2.1614
2.3827
2.1758
1.699
2.3647
2.2095
1.5452
2.0735
1.9512
1.8898
1.7091
1.5377
1.3662
1.9983
1.7791
1.6877
1.9687
2.0162
1.9689
1.9618
1.992
2.3272
1.3326
1.2247
1.8398
2.3041
2.1833
1.7541
1.7587
1.6884
2.0188
2.0367
2.1525
1.8991
2.3334
2.2538
2.4351
2.4398
2.4369
2.4306
2.2519
1.5517
2.2105
2.1329
2.3749
2.1264
2.5505
2.3257
2.2998
2.2566
2.3863
2.3199
2.4673
2.024
2.2508
1.8917
1.1529
1.7858
2.363
1.2516
1.2402
1.2788
1.5629
1.4726
2.1422
1.3324
1.4941
1.4512
1.2698
1.8314
1.2168
1.4853
1.335
1.2336
1.2326
1.4457
1.5023
1.5821
1.5197
1.5426
1.1968
1.6239
1.4971
1.5564
1.159
1.4445
1.3862
1.3063
1.4569
1.5417
2.0488
1.4551
2.4468
2.3169
1.9375
1.4301
1.5766
1.6238
2.3418
1.9716
2.3078
1.4178
1.8555
2.2952
2.3319
2.3236
1.6164
1.3075
1.3382
2.3493
2.2344
1.7294
2.4014
1.8622
2.078
1.7796
2.3448
2.209
2.1918
1.4622
1.3667
1.3318
2.283
2.3666
2.1781
2.0962
1.9094
1.8322
1.8539
1.6322
1.743
1.2713
1.6259
1.6319
1.7854
1.6381
1.3652
2.0011
1.3906
2.2363
2.2737
2.1817
2.1743
2.2243
2.3977
1.8546
2.2734
1.713
1.7224
2.1294
1.4017
1.8653
2.2947
2.0499
1.3101
1.3859
1.922
2.2355
1.2592
1.2584
2.1168
1.5006
2.2181
1.381
2.291
1.4842
1.5267
2.0564
1.4582
1.4498
2.0556
1.4124
2.2009
2.2343
1.7713
1.9405
2.031
1.6206
2.1088
1.6694
1.6253
1.9715
2.3588
2.3947
2.3882
1.8709
2.3646
2.3313
2.3101
1.7785
2.2428
2.2221
2.3315
2.2443
2.2289
2.3527
1.3255
2.3609
1.9911
2.3777
2.432
2.3526
2.2732
2.4234
2.2782
2.3903
2.376
2.0353
1.5086
2.0106
2.316
1.765
1.8736
1.4835
2.3541
2.1452
2.4964
1.2858
2.2448
2.007
2.2385
2.1969
2.1782
2.1703
2.115
2.2008
1.7686
2.2515
1.2042
2.2983
1.5215
2.3352
2.2444
1.8842
2.2216
1.6978
1.4048
2.0364
2.3618
1.256
1.4849
2.1256
2.3551
1.6828
2.4007
2.0263
1.5247
2.1441
2.1196
2.2225
1.4476
2.3397
2.3047
2.382
2.2103
1.4836
2.3372
2.273
2.2997
1.3571
2.3321
2.2284
2.2762
2.1444
2.0637
2.4239
2.0645
2.1389
2.1104
1.9542
2.2216
1.4383
2.318
2.3736
1.7287
1.2375
1.5706
2.3647
1.8107
1.5202
1.2755
1.3791
1.4093
2.0647
2.2769
2.2591
1.7483
1.6758
1.6181
2.3198
2.2043
1.7135
2.212
2.1985
1.7632
1.357
2.2304
2.2566
2.3231
1.9713
1.7694
2.381
1.2909
1.6133
2.3476
2.0366
2.3656
1.9913
2.2866
2.0731
2.1092
1.5996
2.3557
2.2738
2.054
1.5848
1.7566
2.2495
2.3538
1.9938
1.8818
2.3321
2.1595
2.1665
2.2436
1.4083
2.1937
2.3507
1.9698
2.1054
1.4038
1.924
1.6281
1.8439
2.0456
1.3747
2.4116
2.039
2.3128
2.1431
2.3839
1.7063
2.2193
2.0593
2.3214
2.2744
2.2227
2.2518
2.3454
2.3106
2.2556
2.3829
1.5546
1.4948
2.1092
1.2316
1.5166
1.8399
2.1807
2.2866
2.0879
2.346
1.6316
2.3922
1.539
2.0331
2.0288
2.0458
1.3953
2.0929
2.2106
2.1342
1.8396
2.2481
1.5727
1.9744
2.4309
1.4032
2.3677
1.6642
2.0378
2.2985
1.5197
1.9283
2.3322
2.3115
1.4665
2.1799
1.463
2.2821
2.2315
2.2258
1.5235
2.1483
1.6337
1.8931
2.2937
2.249
2.2208
1.2463
1.3432
2.2227
2.2905
1.4398
2.0821
1.9233
1.5989
1.7922
2.2249
1.9025
1.7049
2.2779
1.7745
2.1351
2.1216
1.3295
1.6527
2.1152
2.1495
2.362
2.3505
2.1517
2.112
1.6369
2.0761
1.6015
2.0761
2.0743
2.3112
1.7797
1.8514
1.2544
1.7667
2.1061
1.5454
2.0528
2.2357
1.4092
2.2959
1.1642
1.1887
1.3865
2.0642
2.0231
1.3816
2.2452
2.0031
2.1736
2.2964
2.3594
2.3004
1.6469
1.736
2.018
2.0654
2.1606
2.176
1.5436
1.5486
2.1216
1.6298
2.226
2.3893
2.2517
2.2921
2.1613
1.4571
2.1287
1.6148
1.5129
1.4176
1.27
1.6844
2.1871
1.6619
1.4748
2.4937
2.2826
2.0969
2.1571
2.2133
2.3346
1.3681
1.4274
2.0851
2.376
1.9995
2.2637
1.2534
2.4763
1.2257
1.9602
1.4334
2.0114
2.0897
1.4493
1.6964
2.1697
1.9397
2.3573
1.6443
1.9374
2.2189
2.1281
1.3119
2.0078
2.1097
2.0884
1.4229
1.8567
2.3103
1.9864
2.422
1.7895
2.1292
2.2073
2.2319
2.1252
2.0156
1.5428
2.1863
2.1392
2.2992
2.321
2.0983
2.1036
1.3422
2.1435
1.3161
1.5826
2.0068
1.4775
2.0524
2.3733
1.4325
1.9348
2.1384
2.1347
1.8734
2.3605
1.2928
1.1932
2.3482
2.3005
1.4128
1.3067
1.2774
2.2115
1.4332
1.6686
2.3732
2.3416
1.2837
1.7697
2.2391
1.3158
2.3729
1.9225
1.5339
1.5061
2.0624
2.0706
2.1003
1.8844
1.7505
2.1944
1.911
1.5637
2.3504
2.1122
1.8727
1.6592
1.8503
1.8322
1.9623
2.174
1.3431
2.158
1.5448
2.4246
2.4186
2.3843
2.4001
2.4057
2.1804
1.1991
1.2835
2.0502
1.9008
2.291
2.1185
2.0654
1.3838
1.8843
1.2696
2.0085
1.4902
2.2468
2.1476
2.1839
2.2137
2.019
2.2946
2.0144
1.9925
2.172
1.69
2.0606
2.2306
2.3616
2.3186
2.1826
1.2658
2.2744
1.5403
1.2914
2.3573
2.1251
2.2312
2.2383
2.0117
2.3611
1.3374
1.3762
1.2724
1.9667
1.5337
2.1378
1.826
1.8718
1.9849
1.8896
2.0846
2.0883
2.1452
1.478
2.2762
1.7786
1.6152
1.9398
2.2637
1.8877
1.6793
2.3142
1.598
1.5962
1.5161
2.2623
2.1253
2.2125
1.9983
1.6507
2.2695
2.332
2.0645
2.3874
2.1937
2.238
2.4445
2.391
1.8521
1.8947
2.0446
1.675
2.2291
1.8193
2.265
2.1834
2.0836
2.0931
1.2118
1.2624
1.3008
1.7613
2.1142
2.4254
2.2944
1.5549
1.9167
2.0334
1.7948
1.9294
2.1464
2.5655
1.7483
1.3353
1.7099
2.302
2.0608
2.0214
1.9877
2.2398
2.3307
2.2575
2.2623
1.91
2.1471
1.96
2.2165
2.2233
2.117
1.7878
2.2664
1.6314
1.2645
1.4601
1.3709
1.6985
2.3378
1.9688
1.9809
2.0975
1.9922
1.6647
1.6682
2.1296
1.9447
1.9381
2.1447
2.0033
2.0482
2.3989
2.4877
2.4079
2.4993
1.3999
2.4329
2.4444
2.4228
2.3916
2.461
2.4667
2.4781
1.58
2.2405
2.3479
2.3495
1.9584
1.9719
2.1961
2.2337
2.2406
2.0533
1.8413
1.308
1.998
1.4494
1.5424
2.2961
1.6699
2.3159
2.2666
2.3563
2.2453
2.2147
2.0601
2.1744
2.1289
1.9445
1.2693
1.1446
1.7107
1.2745
1.8453
1.4385
1.59
1.6792
1.7793
1.4253
1.6645
2.2544
2.1463
2.356
1.8258
1.9862
2.4483
2.0558
2.1605
2.3525
2.0536
1.8531
1.9722
2.3865
2.3652
2.2391
1.9317
2.292
2.1584
2.4132
1.3008
1.6928
2.1474
2.1109
1.6596
1.7952
1.6087
1.7316
1.6269
1.6732
2.0948
1.8413
2.3271
2.0131
1.6939
2.3256
1.4039
1.8375
1.383
1.9302
2.4014
2.3556
2.0744
2.2403
2.3325
1.8053
2.1034
1.8219
2.1785
2.2879
2.3076
2.0492
2.1773
2.2386
2.3546
2.2951
1.8875
1.6135
1.393
2.0808
2.0424
2.1015
1.4225
1.9413
1.6292
2.1252
2.1979
1.5355
1.5696
2.336
1.6128
2.2092
2.0015
1.6379
1.5269
2.131
2.2405
1.4361
2.3565
1.4777
2.3501
2.0825
1.619
1.2908
1.9487
1.8539
1.2557
1.7363
1.4724
2.0102
2.229
2.3329
1.2837
2.1398
2.2328
1.8228
2.1684
2.3238
2.3321
2.2126
2.2216
1.9544
2.4915
1.8251
2.2057
1.966
2.0133
1.5311
2.2224
1.7003
2.3181
1.3148
2.3427
1.3488
2.3432
2.2754
2.3021
1.9172
1.4273
2.3852
1.3391
2.0774
1.8425
1.7814
2.358
2.3126
2.1355
1.8349
2.1699
2.0282
1.9087
1.9977
2.204
2.0193
1.833
2.1695
1.4042
1.919
1.8257
1.7575
1.6315
1.469
1.5541
2.2475
2.1628
2.0452
2.166
2.3286
1.9767
1.2016
2.2068
1.8697
2.3101
2.1404
1.4557
1.3246
1.4621
1.6364
1.4497
1.1399
2.3834
2.2379
2.0869
1.9236
1.5906
1.381
1.3975
1.3961
1.2663
2.3579
1.9802
2.0547
1.699
2.3151
1.9538
2.0413
2.0447
2.3934
2.2086
1.9333
2.0229
1.9812
1.8591
1.815
2.2776
1.9785
1.7845
2.2473
1.9564
1.9636
2.2955
1.8417
1.7966
1.7708
2.393
1.5462
1.4704
2.0908
1.3721
2.1771
1.4264
2.1178
1.8056
2.348
2.2108
1.6611
1.8483
1.9133
1.4961
1.6379
1.4083
2.212
2.2439
2.2016
1.6661
1.7425
2.1163
2.2625
1.7235
1.3829
1.3044
1.5713
1.1897
1.2054
1.1655
1.3326
1.2386
1.1752
1.2213
1.9246
1.6348
2.2408
2.2935
1.9694
2.0827
2.1778
1.8092
2.1576
2.0982
2.2283
2.0639
2.1991
1.4069
1.8038
1.6352
2.303
2.0959
2.1272
1.8845
2.0477
2.3832
1.4144
1.5039
1.6704
1.5512
1.1676
1.7947
2.1946
2.162
1.9231
2.254
2.135
1.9031
2.2502
1.7559
2.3264
2.4224
1.7728
1.867
1.8449
1.7597
2.3137
2.4583
2.1341
2.1876
1.4962
1.3939
1.9589
1.4235
1.2101
2.4062
2.1932
1.4008
2.3051
2.2742
2.2301
1.8571
2.1524
1.9423
2.2712
1.9643
2.2756
1.3033
2.2074
1.3856
1.7707
2.3859
1.3288
2.0736
2.2061
2.0202
2.4346
1.6016
1.7147
1.9888
1.9866
1.3488
2.0241
1.9588
2.2429
1.3971
1.3127
1.3482
2.1533
2.3378
2.0868
2.1237
2.2891
2.0886
2.4013
2.4096
2.0462
2.2643
2.0087
1.5574
1.6932
2.0643
1.3575
1.7312
2.2957
1.8012
2.0497
1.4728
2.298
2.3631
2.3135
2.0612
1.5333
2.3854
2.235
2.209
1.8726
2.37
2.11
2.0232
2.418
2.3216
2.1019
1.9506
1.8816
2.0537
2.1984
2.3355
1.819
1.6125
2.3496
1.9096
1.4485
1.5595
2.2906
2.3044
2.2854
2.3758
1.6352
1.4603
1.8733
1.3722
2.3449
1.8983
1.6896
2.0185
1.8827
2.154
1.9071
2.3527
2.3762
2.3572
2.2533
2.1184
1.2576
2.3308
2.2921
1.8956
2.2587
1.9367
1.5715
2.3045
2.3388
2.3112
2.3036
2.3845
1.6968
2.4111
1.5083
1.414
2.0926
1.5754
2.2086
1.4438
1.4997
1.5347
1.8653
1.4844
1.8176
2.0255
2.0461
2.0507
2.3968
2.36
2.1076
2.3188
2.4041
2.3265
2.3232
1.3244
2.0386
2.0938
1.5144
2.1727
2.256
1.6792
1.5004
2.032
1.3881
1.9004
2.3013
1.94
2.2119
2.1599
2.093
1.2872
1.6668
1.5759
1.8542
2.101
1.8392
1.9146
2.2083
2.3778
2.2101
2.363
2.1474
2.0919
2.3094
1.9847
2.1257
2.3693
2.1336
1.9761
2.1219
2.0787
1.5139
1.5282
1.2685
2.3536
2.5075
2.1719
1.8859
1.6937
1.9914
2.353
2.047
1.3254
1.71
2.4654
1.9251
2.1779
1.3413
1.5182
1.5615
2.0591
2.2252
2.2829
2.1085
1.6592
1.3305
1.8028
2.2927
1.4289
2.255
2.338
1.822
2.0646
2.2889
2.4037
2.1107
1.6502
1.8432
1.7531
2.385
1.6028
1.7411
1.3006
2.0951
1.4708
2.1446
2.452
2.087
1.5603
2.3922
2.3455
1.3724
1.4505
2.0435
1.7328
1.7316
2.1738
2.1093
2.2137
1.9413
1.7029
2.0997
2.2636
1.5315
2.2618
1.9051
2.2061
1.783
2.2291
2.4325
1.5369
2.3497
2.085
2.0073
1.9864
1.2949
1.6627
2.2251
1.5104
2.1873
2.2616
1.909
2.092
1.6038
1.1983
1.7937
2.2505
2.0107
2.2295
2.2524
2.2355
2.2501
2.3536
2.0905
1.3373
2.4245
1.6754
2.1061
2.2933
1.7
2.4386
2.3231
1.7939
1.6232
2.1828
1.7944
1.5818
1.8759
1.9442
2.2864
1.689
1.963
2.0012
1.5579
2.3993
2.1533
2.2252
2.3174
1.24
2.3126
1.4027
1.8092
2.2318
1.7809
2.2877
2.215
1.4543
1.7375
2.2914
1.4083
2.0239
2.0224
1.567
1.7666
1.36
2.196
1.2695
1.9082
1.3098
1.5733
2.0599
2.0945
1.9066
1.895
2.4287
2.2601
2.2028
2.3394
1.8841
1.7211
1.4102
2.0479
2.135
2.2405
1.8675
2.264
2.3059
1.8108
2.0533
2.266
2.3068
1.7398
1.2619
2.3393
1.907
1.7345
1.9922
1.6241
2.3773
2.2034
1.226
2.2332
1.6352
1.9454
2.1797
2.0261
1.3334
2.1773
1.7296
2.1058
2.3758
2.0372
1.8957
2.102
2.2479
2.3245
1.8589
1.8252
2.42
2.2556
2.422
1.9223
1.8499
2.3088
2.3636
1.5203
2.2993
1.8555
2.1743
1.6056
2.4066
2.0448
2.426
1.4359
1.6577
2.1406
1.9917
1.5668
2.1409
1.5123
2.0959
2.1181
1.4569
1.3069
1.3197
1.6602
1.9854
2.2731
2.2996
1.9373
1.6433
2.3117
2.3823
2.2851
2.3364
1.5133
2.2267
2.3381
2.3086
1.675
2.423
2.2013
2.2191
1.5197
2.2136
1.713
2.0854
1.7003
2.2881
2.3147
2.0051
1.5988
2.3728
2.0176
2.4235
2.3791
1.3904
1.7248
2.164
1.9466
2.3974
1.9387
1.8388
2.2787
1.3215
1.1441
1.558
2.4233
1.6189
1.9487
2.1457
2.2801
2.2078
1.2739
2.0905
1.5483
2.4201
2.1482
2.1832
1.7281
1.454
2.0959
1.2659
2.2482
2.4214
2.0447
2.1749
2.4588
2.052
1.5078
1.4607
2.0526
2.4141
2.2909
1.7051
2.0621
2.3532
2.3612
2.3487
1.7184
2.3922
2.1631
2.1626
2.3308
2.3397
2.3321
2.3527
2.3342
2.1382
2.1279
2.0979
2.3399
2.1416
2.1769
2.1316
1.4678
2.0003
1.5193
1.8311
1.6086
1.9267
1.8315
1.8195
2.3702
1.8491
1.8648
1.8213
2.346
2.3091
2.06
1.6067
2.3084
2.0508
1.6244
2.1726
1.3715
1.9158
1.9507
1.5243
2.4616
1.6654
2.4256
2.4601
1.5379
2.2258
2.2468
2.1113
2.3292
1.7161
1.7524
1.6807
1.801
1.8609
2.1188
2.1686
1.6108
1.5222
2.4566
1.6718
1.6268
2.2375
2.3434
2.2957
2.3699
2.4229
2.4154
2.4056
2.3387
2.3747
2.1963
2.2861
2.1213
2.1906
1.4728
1.6113
1.4559
2.2487
1.4153
2.0951
1.2262
1.9116
2.3009
2.3147
2.3443
2.3209
2.2607
2.033
2.3187
1.8914
1.5468
2.2121
2.2107
2.1272
2.1268
1.6339
2.405
2.2315
2.2977
2.281
2.3582
1.8873
2.1111
1.8152
1.6871
2.1899
2.1487
1.3944
1.521
2.2847
1.9238
2.4537
1.6577
1.8097
2.0447
2.1912
1.8123
2.4107
1.3214
2.0686
2.372
1.8877
2.1557
2.3878
2.3872
2.373
2.08
2.2131
2.3483
2.329
2.4232
1.4041
2.0895
2.395
2.2142
2.3188
1.8887
2.3353
2.3239
2.1138
1.7093
1.9928
1.6325
1.4224
1.7086
2.112
1.7609
2.3371
1.5216
1.5742
2.3969
2.3532
2.3945
2.3221
2.3555
1.5203
1.9546
2.1713
1.4583
2.0529
1.8562
1.6286
2.21
1.616
2.0266
1.3653
1.3876
2.1974
2.2297
1.8735
2.1979
2.4112
2.4209
1.9534
2.0319
1.2677
2.0784
1.9047
2.1936
2.19
1.5593
2.2383
2.4051
2.4025
2.2532
2.3838
1.4716
2.2087
1.5393
1.9552
1.8806
1.425
1.6055
2.3297
1.2627
1.9658
2.2915
2.0406
1.8053
1.9728
1.8038
2.4818
1.4576
1.4314
1.2802
1.4443
2.1279
2.2473
1.2437
2.4013
2.0961
1.2771
1.9027
1.3657
2.1703
2.3766
2.3044
1.5228
1.3361
1.4912
1.4065
1.3269
1.6405
2.3593
2.2862
2.258
2.1328
1.7997
2.2242
2.4434
1.9747
2.3673
2.2014
2.134
1.8118
1.3163
1.4982
2.2977
2.3609
1.8127
1.9142
2.2514
1.8894
1.4872
2.1364
1.9836
2.2293
1.1944
2.4763
2.029
1.5469
2.0838
2.2763
2.4252
2.1452
2.1417
2.1373
2.1066
1.5691
1.3415
2.0277
2.3336
2.3603
2.376
1.8332
1.802
2.3209
1.7119
2.2274
1.9528
2.1409
2.0215
1.7283
2.2484
1.4921
1.7181
2.2765
1.6865
2.397
2.403
1.4721
2.3398
2.3687
1.9679
1.4515
2.1474
1.7457
2.3225
2.1652
1.941
2.3089
1.2362
1.4736
1.3425
2.349
1.7498
2.0608
2.0346
2.2459
1.3222
1.2189
1.8949
2.0477
2.155
1.7093
2.1155
2.3857
1.2593
2.2612
1.882
2.0948
1.9436
1.9418
1.744
2.4045
1.8254
1.7568
2.2081
1.3925
1.6988
1.6754
1.9548
2.1719
2.2567
2.3849
2.0307
1.986
2.2265
2.1254
2.0714
2.2963
2.151
1.3809
2.1451
2.2341
2.3939
2.2684
1.9987
2.2876
2.319
1.9669
2.2686
1.9807
2.2523
1.5785
1.9153
2.488
2.2234
2.2153
1.7248
2.0697
2.2647
2.2223
2.2881
2.3263
1.4457
1.3009
1.3598
1.4268
1.3295
1.2916
2.4399
2.2775
2.0834
1.4742
1.4333
1.7212
2.2888
2.3051
1.2018
1.2963
1.3461
1.5777
2.1037
2.3361
1.2638
1.3046
2.1165
1.795
1.5072
2.0701
2.2473
2.3785
2.3145
2.324
1.357
1.5749
2.1315
1.9777
2.3376
1.4783
2.0104
2.1632
2.0294
2.2844
2.1787
2.2965
1.5494
1.3471
1.3309
2.4029
2.3744
2.3601
1.8283
1.7314
1.9208
2.0445
1.9736
1.6718
2.0533
2.2409
2.3146
1.8176
2.4503
1.6167
1.3099
2.3448
1.6139
1.7568
2.2305
2.2086
1.5364
1.7916
1.3683
1.7135
2.279
2.1912
2.2854
2.1611
2.0687
2.1784
2.1001
1.9641
2.2157
2.4215
2.2977
2.2203
2.3648
2.0198
2.1499
1.5568
2.2741
2.2955
2.3721
2.0274
2.0645
2.2389
2.2464
2.3429
1.7526
2.3288
1.6074
2.3545
2.1568
2.0274
2.3472
1.4844
2.0133
1.5819
2.3266
2.2201
1.5919
1.5055
2.0036
1.3586
1.8536
2.218
2.3517
2.1444
1.5454
1.9279
2.2482
1.8901
2.2175
2.3055
2.2262
2.2688
2.0681
2.3708
2.2264
1.8201
2.3583
2.2596
1.7714
2.1096
1.5246
2.1529
2.0325
2.3408
1.2323
2.1063
1.9661
2.3498
2.21
2.0128
2.0551
1.3704
1.4764
1.3102
1.5046
1.2934
1.9639
1.401
2.1149
2.1737
2.2968
2.3658
1.7667
2.0507
1.9783
2.2903
1.2764
2.3353
1.8306
1.966
2.2094
2.0001
2.2532
1.7404
2.2518
2.0578
1.5617
1.8522
1.6881
1.4624
1.334
1.5215
1.7846
1.393
1.4082
2.2612
2.1945
2.2941
1.4201
2.4471
1.8734
2.1897
2.1267
2.4164
1.4369
1.944
2.0085
2.0755
2.0007
1.9728
1.439
1.7663
1.3406
1.1987
1.4121
2.0031
1.3372
1.4653
1.4819
2.316
1.915
2.3541
2.4337
2.4061
1.8304
2.3095
2.222
1.6259
2.2993
2.2059
1.8154
2.2809
1.9529
1.3803
2.2714
1.9217
2.2382
1.6465
2.1671
2.2622
2.2969
1.3088
1.8052
1.9165
1.4567
2.3916
1.4077
1.5889
1.3691
1.387
1.3817
1.6158
2.151
1.3016
1.9101
2.0873
1.3267
1.4358
1.9982
1.651
2.2427
1.8598
2.3323
1.7626
2.116
2.0072
1.3019
2.0894
1.8126
2.3244
2.1934
2.2927
2.2998
1.9692
1.3223
2.1718
1.7814
2.1866
1.5386
2.2316
2.2744
2.2539
2.3572
2.2432
1.3565
1.1517
1.2598
1.5096
1.765
1.3631
1.5586
1.9378
1.5254
1.476
1.3038
1.6229
1.9922
1.8703
1.6165
2.3247
1.6705
2.3203
1.6347
2.1232
1.8115
2.2307
1.5057
1.9643
1.6796
2.1383
1.3308
2.0603
2.0577
1.9589
2.1624
2.3072
2.0264
1.9867
2.2967
2.1619
2.2805
2.2451
2.1579
2.2226
1.5586
2.0423
1.291
1.1874
1.5158
1.331
1.3892
1.8922
2.1299
2.2627
2.3589
1.4558
1.8626
1.79
2.052
1.267
1.176
1.3076
1.8692
1.6797
2.3843
2.3352
1.3072
1.2558
1.5618
1.9271
1.5587
2.2496
1.6462
2.3504
2.2708
2.0827
2.1848
2.2229
2.1906
2.0945
1.6964
1.7192
1.4212
1.5801
2.1558
2.3787
2.276
2.4361
1.9783
2.132
2.2204
2.3512
2.2403
1.9562
2.2456
2.0377
1.2077
1.6935
1.8803
2.0556
2.3773
1.748
1.7188
2.401
2.172
1.5703
1.3049
1.4915
1.5849
2.2823
2.1381
2.4637
2.1286
2.0952
2.0837
1.9997
2.2498
2.1779
2.1564
2.2256
2.247
2.4075
1.9079
2.3178
2.2076
2.2779
2.1777
1.8985
2.2433
2.2399
1.5995
2.3273
2.4502
1.439
1.3112
2.1877
2.1411
1.9392
1.2544
2.1063
1.984
2.2642
1.6803
2.1856
2.1834
2.1055
2.4215
2.2004
1.5264
2.4082
1.6843
1.3193
1.692
1.3425
2.3074
2.1206
2.2036
1.7709
1.392
2.3439
1.3437
1.8721
1.5204
2.0959
1.8732
1.6633
2.3972
2.2485
2.0838
2.465
2.3161
1.6187
1.8741
1.8622
2.3265
2.3207
1.6851
2.0762
1.591
2.4114
2.2529
1.6702
2.2693
2.3602
1.52
2.3857
2.3461
2.2608
2.018
2.0129
2.1222
2.2929
2.3322
2.2916
2.2272
2.4432
2.2037
1.636
2.3782
2.0368
2.2296
2.2445
2.0636
2.2654
2.3505
2.3458
2.1044
1.9694
1.6814
2.4076
2.0277
2.3303
1.727
1.9028
1.8303
2.1541
1.1862
1.9317
1.371
1.1523
1.3442
1.7204
1.5956
1.8837
1.415
2.2294
2.1985
1.4595
1.625
1.3356
2.0766
1.411
1.6211
1.4239
1.8484
1.3016
1.8761
1.9287
1.307
2.1572
1.9777
1.905
2.3578
1.4315
2.3052
2.3205
2.3276
1.7525
1.8642
1.5662
2.2917
1.8182
1.5237
1.3241
1.882
2.1225
2.3294
1.7803
1.646
1.6745
2.1681
2.3993
1.6796
1.5194
1.4198
1.5146
1.6676
1.8165
1.9188
1.5256
2.214
1.8347
2.2355
1.4519
1.7256
1.9457
1.4988
1.6425
1.4213
1.6262
2.0603
1.4095
1.5208
1.242
2.332
1.4416
1.9019
1.8714
1.502
1.3945
1.5748
1.918
1.9883
1.9549
1.6928
1.4492
1.5527
2.305
2.1987
1.5394
1.3501
1.6359
1.9563
1.9565
1.6194
2.2314
1.8634
1.6203
2.2862
2.1271
1.3568
1.9532
1.9628
1.2749
2.2624
1.5588
1.93
1.4028
1.2598
2.219
1.3123
2.0564
1.8076
2.2366
1.4925
1.2284
1.9662
1.6052
1.9328
