268	17.6391	11789.0156	43.9889	7.9423	9.7242	12.3894
254	18.0804	12613.526	49.6596	8.2363	9.1642	13.2318
340	25.9809	17789.6686	52.3226	7.3422	13.0433	21.236
129	18.7242	12794.5792	99.1828	7.7479	8.7285	14.6416
442	23.3908	19310.5483	43.689	9.7063	10.4688	18.529
555	27.3022	27418.5021	49.4027	10.3109	15.3518	20.0853
522	23.6917	21791.909	41.747	9.2754	13.7469	16.92
256	27.5331	13784.8452	53.8471	8.6122	10.9202	23.7623
529	30.0187	28424.4161	53.7324	10.6242	13.1716	24.7942
347	21.4286	18473.0836	53.2366	9.8003	10.4088	15.9623
1111	34.8339	47973.674	43.1806	10.8846	20.1876	26.218
227	24.7218	14672.6682	64.6373	7.2685	9.7511	21.5233
428	24.7912	20474.1745	47.8369	9.1819	9.714	20.8791
642	32.5554	34868.0859	54.3117	9.9399	17.9562	25.2711
421	32.7683	37619.8807	89.3584	14.5761	15.9126	24.6595
318	20.9647	15183.1544	47.7458	8.3854	9.4269	16.7432
100	23.6378	8491.9181	84.9192	4.6564	5.2167	22.5799
156	17.9067	10552.4671	67.644	6.3362	8.8102	14.2436
118	21.7421	12269.0965	103.9754	8.2768	11.2102	16.6896
178	21.5904	13407.928	75.3254	6.6475	12.7035	16.1425
489	26.761	25383.798	51.9096	9.3671	14.2701	20.6101
94	13.1821	5955.22	63.3534	5.4196	6.4957	10.1095
287	24.485	17896.159	62.356	7.1592	14.6022	18.304
349	19.9743	15805.89	45.2891	8.2112	9.9875	15.225
351	21.0979	16040.673	45.6999	8.2803	12.4757	14.8632
343	22.0658	14950.8316	43.5884	7.6721	9.1722	18.5448
300	27.5877	22579.0412	75.2635	9.8715	11.9087	22.8434
707	29.0076	37048.5088	52.4024	11.3656	17.5783	20.0815
274	18.239	12637.5089	46.1223	8.3695	9.7184	12.9679
105	22.8698	12065.8615	114.913	6.5759	11.1116	18.8764
206	37.2133	15262.8256	74.0914	6.0808	6.8114	36.0757
262	18.4884	13562.5993	51.7656	8.304	10.9476	12.3698
155	15.3918	8792.857	56.7281	7.0051	7.77	11.2899
196	18.8528	12440.7179	63.4731	7.7893	8.7149	14.7921
306	20.5978	16205.6684	52.9597	9.6984	11.2484	14.2718
1133	44.4902	62477.3318	55.1433	15.9647	18.7502	37.0531
272	17.2346	11988.5319	44.0755	8.6253	9.6025	11.4205
252	16.9179	11004.6434	43.6692	8.0492	9.7423	11.2478
313	25.4815	22360.1075	71.438	10.3429	12.4873	19.657
384	21.8093	20378.9032	53.0701	9.7998	11.8748	15.4466
361	20.7247	15610.1743	43.2415	8.9957	9.6689	15.9719
199	16.0827	10175.9252	51.1353	7.353	8.5022	11.5022
100	15.6398	7506.4468	75.0645	5.5907	6.9626	12.8401
203	19.2525	14036.25	69.1441	6.9492	11.231	14.0082
147	15.0703	8311.4757	56.5407	7.524	7.774	10.4914
548	23.9766	25329.9542	46.2225	10.852	12.595	17.2764
259	23.9494	16401.0088	63.3244	10.5955	10.9171	18.4967
202	18.6225	12099.796	59.9	7.4994	9.8412	13.918
301	19.3129	15552.4102	51.6691	9.3788	10.2913	13.3834
473	27.5684	23171.568	48.9885	7.7292	11.4539	23.8555
67	10.7674	4327.3725	64.5876	5.4683	6.135	6.9568
403	20.4724	16268.1992	40.3677	9.6775	10.3835	14.7529
187	28.3378	12298.7976	65.769	7.0444	9.9136	25.5955
168	15.9787	9704.5827	57.7654	7.5908	8.7989	10.9671
610	39.8783	47385.5878	77.6813	16.7187	20.4898	29.8485
492	34.0241	24574.0306	49.9472	9.3641	11.3411	30.6811
217	21.576	14493.4635	66.7902	7.19	10.0796	17.67
429	23.3835	19839.3438	46.2456	8.5388	12.0157	18.1522
153	27.543	10628.0462	69.4644	7.2459	8.9232	25.0298
232	40.9475	15887.1263	68.479	5.728	7.886	39.7706
467	27.015	24000.5431	51.393	8.8416	13.6766	21.5543
319	30.2339	21275.7208	66.695	9.6893	16.4412	23.4498
167	22.4364	13979.5988	83.7102	7.9396	12.9103	16.5432
162	16.3296	8988.5713	55.485	6.6038	8.2722	12.4345
380	33.3343	29640.6834	78.0018	14.1634	15.8977	25.6484
677	25.7825	28924.7323	42.7249	11.8849	13.9101	18.1657
317	22.206	14733.4817	46.4779	7.8037	9.6061	18.4372
214	22.5578	13550.9832	63.3224	6.3413	9.5013	19.4517
279	19.4651	14172.7444	50.7984	8.2346	10.002	14.5273
464	24.8731	21533.2149	46.4078	8.8678	12.6708	19.4804
264	24.6389	17548.5868	66.4719	8.6146	12.7328	19.2546
492	22.8934	22479.9155	45.6909	10.1358	14.1117	14.9075
311	20.5515	15471.9985	49.7492	8.4361	11.9756	14.4147
468	20.8916	18732.1361	40.0259	9.8116	12.7758	13.3031
285	17.8969	11865.1565	41.6321	7.4292	11.1729	11.8437
217	19.2624	12310.7981	56.7318	6.5814	8.7699	15.8371
538	23.5758	21845.9317	40.6058	9.5947	12.9134	17.2338
262	17.0944	11342.371	43.2915	7.954	10.1479	11.2238
126	28.0949	12295.525	97.5835	6.7218	15.5449	22.4164
224	24.3933	17354.5418	77.4756	7.7267	8.848	21.3786
558	32.5061	29728.1994	53.2763	9.5671	12.4492	28.4628
162	16.5738	10346.3201	63.8662	7.5811	8.8861	11.7582
434	22.2002	21156.7239	48.7482	9.2742	13.3781	15.0953
128	16.5873	11464.1895	89.564	7.7767	8.5393	11.9056
310	23.7152	15886.7834	51.2477	7.0277	10.2673	20.1893
310	18.8241	14605.8313	47.1156	8.886	9.9738	13.2631
339	25.0618	21413.7717	63.1675	9.4196	10.8946	20.5103
304	17.9302	12919.9683	42.4999	9.0252	10.4693	11.4207
373	21.6669	18293.1821	49.0434	8.3166	13.2894	14.9559
81	16.9625	7666.9442	94.6536	5.6628	8.1547	13.7536
283	26.5455	22481.1845	79.4388	8.7982	16.6588	18.7014
959	61.1757	49292.2366	51.3996	9.2527	12.3569	59.196
86	21.3665	8486.4489	98.6796	7.5632	9.3298	17.6715
81	18.917	5750.4456	70.9932	2.8483	4.9756	18.0273
239	17.8647	13930.5004	58.2866	9.1429	9.6897	11.9023
77	13.0573	5790.9191	75.2067	5.7557	6.5372	9.7278
261	21.7465	14086.0658	53.9696	7.4779	9.8436	17.8912
528	27.6397	25163.8082	47.6587	9.3527	13.6336	22.1496
230	17.2358	12688.5036	55.1674	8.8836	9.463	11.3404
137	29.8038	15344.7488	112.0055	8.1251	17.6971	22.5625
162	23.2632	11179.7765	69.011	6.5988	10.0503	19.9154
524	24.2829	22547.2944	43.0292	10.3459	10.4272	19.3364
146	21.9721	12029.341	82.3927	6.5366	9.6419	18.6302
146	15.046	8340.108	57.124	6.8364	8.3704	10.4682
647	32.5593	36093.4324	55.7858	11.4641	16.3238	25.7335
311	21.657	16798.949	54.0159	8.434	9.2013	17.6983
325	38.6342	21789.5693	67.0448	7.307	9.1926	36.8063
708	35.0782	37164.3679	52.492	11.0516	15.2535	29.5918
271	33.8367	16871.6241	62.2569	7.1148	9.4041	31.7153
113	33.6785	11176.5235	98.9073	3.4984	8.0595	32.5122
353	25.3643	19862.3328	56.2672	8.8138	11.635	20.7435
385	22.4141	18082.6907	46.968	8.4445	12.0676	16.8954
151	15.3605	8909.2344	59.0016	7.0099	8.3651	10.8088
343	21.9566	17646.4414	51.4474	9.2001	9.7676	17.3794
213	17.2351	10983.4835	51.5657	7.9232	8.5827	12.6732
354	23.7424	19303.5039	54.5297	10.9304	13.4269	16.2464
571	35.1858	35359.6033	61.9258	9.3194	13.7615	31.0131
107	26.1511	9473.2794	88.5353	3.6574	5.8032	25.2354
376	23.3539	16839.4356	44.7857	8.5306	10.7149	18.9163
153	16.2493	12634.7918	82.5803	8.363	8.6738	10.9026
162	23.1308	11793.6766	72.8005	6.86	8.3936	20.4333
848	39.654	50716.615	59.8073	11.2995	22.109	30.9185
191	17.8829	11250.9217	58.9053	7.6652	9.762	12.8742
1871	49.0581	90292.828	48.2591	16.7569	24.7953	38.8728
144	14.9576	8860.6664	61.5324	6.7936	8.3872	10.3552
57	21.4647	6365.4435	111.6744	5.0638	5.8214	20.03
545	28.4175	28460.0792	52.2203	9.1977	17.0636	20.7796
74	16.1406	8391.7874	113.4025	6.0079	8.1912	12.543
158	21.4905	13324.0704	84.3296	7.0934	12.3401	16.1011
108	13.4926	6674.4941	61.8009	5.817	8.3329	8.8755
257	18.3244	13179.0728	51.2804	7.2159	10.6138	13.079
215	22.9594	11797.7292	54.8732	7.3782	9.0432	19.7716
87	23.6609	9346.0345	107.4257	6.2033	8.6817	21.1184
85	17.5136	7671.0443	90.2476	5.1002	7.6644	14.8988
247	17.647	11903.1491	48.1909	8.381	8.6709	12.8837
138	14.1537	7508.0807	54.4064	6.7575	8.161	9.3841
67	11.021	4431.3365	66.1394	5.9999	6.2133	6.8453
924	45.7845	84703.2838	91.6702	22.4072	23.3817	32.3641
291	18.4549	13850.5209	47.5963	9.1502	10.9579	11.6953
268	24.0402	16240.7648	60.5999	8.7552	9.4188	20.3117
85	16.1176	8006.7544	94.1971	5.6919	6.8032	13.4572
359	28.3241	18537.3156	51.636	7.75	10.512	25.1334
420	20.9567	17435.0188	41.5119	8.7855	12.8102	14.0675
393	26.159	18829.4789	47.9122	8.1591	11.0517	22.2616
262	19.9606	14867.7147	56.747	7.712	10.9637	14.7901
160	22.48	12166.7408	76.0421	6.9312	10.2125	18.7887
271	18.3023	12682.5872	46.7992	7.7577	10.4472	12.8704
287	31.0802	23261.9062	81.0519	12.1054	17.2579	22.8387
261	17.502	11866.9831	45.4674	8.0707	10.2766	11.6437
521	36.7118	34557.4612	66.3291	13.2772	15.3073	30.613
527	30.833	26368.0411	50.0342	9.0043	11.7484	27.0476
302	20.3168	18061.1326	59.8051	10.7025	11.3739	12.9948
327	26.0529	20285.3166	62.0346	8.8702	11.7819	21.477
492	27.8314	22813.1917	46.3683	9.8596	11.0708	23.5545
323	22.6928	17490.0255	54.1487	9.1843	10.0539	18.153
498	24.2709	23544.2399	47.2776	10.6882	11.1555	18.7188
313	20.3676	16813.7843	53.7182	8.4027	11.4159	14.6257
494	24.0764	23154.5571	46.8716	10.2728	11.8449	18.2713
297	19.3077	14657.5552	49.352	8.9784	10.2877	13.6505
952	27.9211	32390.5233	34.0237	12.8524	14.7379	19.9299
579	24.1139	26436.4106	45.6587	11.6438	12.3994	17.0926
336	19.6467	14850.038	44.1965	8.5074	10.8143	14.0239
304	18.5875	14696.799	48.3447	10.0906	10.6599	11.4036
86	18.8338	7774.633	90.4027	5.377	7.3088	16.504
175	28.1418	13675.2848	78.1445	5.3232	7.8403	26.4982
282	17.8953	12401.8636	43.9782	8.7344	9.2852	12.5593
165	15.7355	8760.4601	53.0937	6.3091	9.5545	10.7941
107	22.6797	10673.8734	99.7558	5.8529	8.3874	20.2426
142	17.9104	9032.3715	63.6082	6.1825	8.0242	14.7707
1206	44.3314	76648.0053	63.5556	15.7976	18.8627	36.877
116	18.2484	12135.0418	104.6124	6.5296	10.2532	13.6103
430	30.2159	27559.2513	64.0913	9.5879	15.8956	23.8412
105	25.2425	10285.4762	97.9569	6.3333	12.8458	20.786
230	16.8181	10400.6082	45.22	6.7521	10.2227	11.5219
214	30.879	13948.8078	65.1813	7.1259	8.8048	28.7264
869	34.0887	38262.8243	44.0309	11.6155	12.6332	29.4537
517	24.3653	21937.0508	42.4314	9.5538	13.1879	18.1238
254	28.7971	17961.071	70.7129	9.0799	16.0664	22.1065
287	20.3058	15009.053	52.2964	8.0463	9.4444	16.0744
600	25.6062	25504.5748	42.5076	10.2646	12.1162	20.0876
406	22.602	18586.7647	45.7802	8.3106	11.7126	17.4528
606	32.3211	34158.2796	56.3668	11.0806	16.0101	25.7983
169	25.1244	16114.4526	95.3518	9.9115	11.111	20.2371
407	25.2745	20493.2001	50.3518	7.5128	13.6038	19.9322
226	16.3705	9685.7412	42.8573	6.5545	9.7837	11.3715
364	27.0445	19262.2047	52.9181	8.9701	14.5975	20.9251
197	33.0489	21932.0719	111.3303	9.1515	19.2059	25.2906
302	20.7691	16997.0611	56.2817	7.9343	11.6028	15.2897
163	17.1094	10760.4449	66.015	7.7621	8.3545	12.7548
848	38.9494	44771.5434	52.7966	12.5681	19.7737	31.1142
439	25.2503	22339.2907	50.8868	10.3228	13.4352	18.722
143	18.4567	10894.9298	76.1883	6.3336	9.1541	14.722
294	22.1441	18060.3728	61.4298	10.7609	11.9813	15.199
71	11.4719	4288.9473	60.4077	4.8872	5.3809	8.875
367	20.8977	16535.7077	45.0564	8.7554	12.0009	14.6981
327	19.9613	16691.2709	51.0436	8.7592	11.2238	13.9912
421	27.0326	23588.553	56.0298	7.2549	15.7149	20.7647
164	39.4122	13894.0401	84.7198	5.2273	12.9525	36.8541
249	32.5656	19999.2893	80.3184	12.3816	16.1531	25.4222
330	20.7002	15441.6979	46.793	9.1135	9.5608	15.9384
275	19.461	13313.8919	48.4142	7.8948	9.5508	15.0062
374	29.2195	22469.4954	60.0789	7.1723	15.6252	23.6261
196	31.5612	18671.4872	95.2627	7.1093	15.4964	26.5599
413	24.6413	20497.0209	49.6296	9.0651	14.2673	17.9293
85	27.2679	8620.8397	101.4216	5.8219	9.7172	24.8036
446	21.8295	18735.3242	42.0075	9.0553	13.0511	14.9732
84	34.3179	11522.5679	137.1734	4.4407	11.096	32.1695
411	21.6258	18920.0423	46.0342	9.556	12.7763	14.5988
289	18.814	13728.7181	47.5042	8.172	10.9496	12.9342
300	18.944	12714.5556	42.3819	7.5076	10.02	14.2166
441	86.6623	38652.7327	87.6479	10.3202	16.791	84.3914
351	28.6238	22453.5025	63.9701	10.041	16.0212	21.4901
310	19.1008	13679.2121	44.1265	8.3804	10.0371	13.9235
260	19.0734	13412.7798	51.5876	8.1184	9.858	14.167
112	24.7095	8172.859	72.972	5.4926	8.3611	22.5939
359	20.405	16340.5355	45.5168	8.86	10.6032	15.0146
352	20.6734	15153.6573	43.0502	7.4485	12.1	15.0166
269	18.0313	12968.7914	48.2111	8.4771	9.4298	12.8198
400	31.1353	26853.8817	67.1347	11.0011	13.4007	25.8613
473	29.4256	29690.2651	62.7701	14.0598	15.2326	20.8844
399	25.2418	20463.0245	51.2858	9.6311	10.882	20.6391
216	30.4787	14316.7138	66.2811	8.4528	9.3836	27.739
235	19.8321	13051.1013	55.5366	7.9752	9.5071	15.4701
1405	35.9793	56083.0367	39.9168	14.863	17.8876	27.4523
315	23.5325	17201.9186	54.6093	8.8855	11.0084	18.8054
611	35.3805	40810.6611	66.7932	15.9579	20.2485	24.2306
1121	29.1482	41098.8115	36.6626	15.0429	16.4656	18.7673
154	21.2867	10704.3921	69.509	6.4479	7.5563	18.8268
304	26.2526	19488.6104	64.1073	9.0157	14.1213	20.2115
743	33.1771	38592.1967	51.941	9.9301	16.3558	27.1035
231	18.4732	12206.6423	52.8426	7.5623	8.5602	14.5187
586	38.0057	53558.5959	91.3969	16.7794	23.2561	24.9407
281	21.9094	15217.5357	54.1549	6.9749	10.795	17.7437
137	23.3138	14063.2503	102.6515	8.7775	14.042	16.4107
182	28.7114	18844.079	103.5389	10.4891	16.8835	20.7188
179	16.1501	9485.1423	52.9896	6.8183	9.1235	11.4497
359	22.4217	19396.8647	54.0303	10.5629	11.5282	16.0705
433	25.2951	22041.8636	50.905	9.3585	11.6401	20.4149
215	24.0622	11644.5203	54.1606	8.3942	8.957	20.6954
456	23.9821	21486.8718	47.1203	9.046	11.5258	18.9859
333	19.8705	15613.5921	46.8877	9.5483	9.7678	14.4311
245	24.9004	14966.2154	61.0866	7.0044	8.8403	22.1994
305	21.212	18528.3641	60.7487	8.5787	11.9878	15.2528
1527	32.4004	50289.5816	32.9336	15.9984	19.124	20.6907
84	14.4318	6567.0331	78.179	4.5478	7.6977	11.3287
217	33.0477	17259.6804	79.5377	6.7028	12.2151	29.9668
171	18.9631	9810.8428	57.3733	6.0735	9.6879	15.128
300	18.1507	12471.3697	41.5712	8.1636	10.413	12.4247
333	18.6095	13971.3954	41.9561	9.2067	10.682	12.1426
308	21.622	16045.0835	52.0944	7.8755	12.6355	15.6791
388	38.1189	29363.5559	75.6793	12.2649	16.2511	32.2262
192	20.3096	11381.1707	59.2769	5.8	7.7495	17.8546
200	39.1013	22130.0875	110.6504	14.1422	22.0148	29.0561
947	35.3908	54836.5607	57.9056	16.1359	21.6485	22.8797
202	28.7294	16366.4647	81.0221	6.6811	14.3975	23.9468
166	17.8551	9974.3482	60.0864	6.5257	7.2917	14.9349
445	24.1737	20991.024	47.1708	8.4289	13.1994	18.4146
301	19.7136	17095.5347	56.7958	9.3075	11.049	13.4132
638	36.8672	35790.8444	56.0985	10.4371	11.6607	33.3809
263	33.3117	22393.4609	85.1462	14.7845	17.1754	24.4149
516	78.639	42093.4478	81.5764	11.9865	15.8783	76.0808
193	18.6641	11655.0039	60.3886	6.0818	10.6576	14.0633
224	17.2935	10629.5178	47.4532	6.5327	9.6176	12.802
174	33.8891	21962.3427	126.2204	11.9909	15.7066	27.5317
374	40.1019	25941.7161	69.3629	7.9704	16.8065	35.5271
130	14.9889	9119.5315	70.1502	7.3929	8.298	10.0576
289	44.1843	21185.8312	73.3074	6.5239	10.5015	42.4194
188	21.0899	11213.4039	59.6458	7.7019	8.9797	17.4593
609	24.3765	24281.9563	39.8718	10.3229	12.8487	17.96
91	21.2796	7961.4434	87.4884	2.8942	6.7995	19.9553
465	34.1703	28227.5403	60.7044	8.0506	10.5308	31.4944
84	16.2372	9232.9768	109.9164	8.3589	9.0746	10.5559
216	16.4693	10355.8251	47.9436	7.8882	9.063	11.264
159	17.3659	8590.1925	54.0264	5.5549	7.0304	14.8758
598	26.3279	30344.8158	50.7438	11.3963	15.3593	18.0935
73	16.9294	8539.3253	116.9771	5.3039	9.9847	12.6007
382	27.4134	22651.4987	59.2971	9.5577	15.7175	20.3249
622	39.4024	37149.2129	59.7254	12.0658	16.1883	33.8365
100	24.399	11773.1553	117.7316	6.9344	12.6761	19.6607
416	23.3558	17901.1372	43.0316	8.8288	10.0962	19.121
307	27.4412	18992.0611	61.8634	7.108	14.4663	22.2087
344	42.3418	30820.062	89.5932	7.8494	20.6191	36.1396
126	36.6136	16748.3157	132.9231	8.0967	17.3256	31.2221
401	25.3777	24659.2731	61.4944	9.3108	13.7097	19.2192
229	30.3316	21051.4101	91.9276	8.9913	14.332	25.1745
509	37.1875	35497.2467	69.7392	12.9133	16.3917	30.781
428	71.164	30247.3311	70.6713	8.2094	9.7817	70.0089
312	22.8468	17151.2006	54.9718	9.2196	14.1587	15.3788
426	22.3852	19192.3554	45.0525	7.9658	12.8817	16.4835
430	28.3296	26270.3678	61.0939	10.6249	12.6052	23.0388
262	19.1563	12375.0289	47.2329	8.033	8.831	14.9816
134	24.8746	9780.3267	72.9875	5.1474	8.9392	22.635
264	18.0828	13073.9559	49.5226	8.7049	10.0741	12.2362
210	34.7827	22643.8955	107.8281	11.3788	21.3693	24.9742
96	28.074	10432.4125	108.671	7.4723	13.6235	23.3819
282	19.8673	13346.7341	47.3288	7.1756	9.4369	15.9426
103	19.2086	7471.5965	72.5398	5.0497	7.7907	16.8159
269	21.6337	13496.2461	50.1719	7.4821	9.6948	17.8338
284	19.5753	14831.112	52.2222	9.7299	10.5599	13.3045
137	18.5712	9353.374	68.2728	6.2845	7.7429	15.6666
164	21.8033	10934.2723	66.6724	6.0595	8.3086	19.2258
329	19.3169	14398.0973	43.7632	8.7906	10.1754	13.8684
463	23.7359	21334.3207	46.0784	10.3381	13.1408	16.8475
113	15.8165	8430.6327	74.6074	5.9442	9.0148	11.557
468	22.8206	19108.2172	40.8295	9.0943	13.2118	16.2334
144	31.8372	10983.336	76.2732	5.7501	9.3255	29.8928
416	20.6664	16994.081	40.8512	8.6267	12.665	13.8664
223	21.0933	13554.5189	60.7826	7.9137	8.2913	17.7075
404	27.4814	22597.1384	55.9335	9.5524	10.3135	23.6138
114	31.5318	11290.1185	99.0361	8.3364	9.8625	28.7661
744	41.4916	42993.2048	57.7866	10.0024	22.6739	33.2776
445	24.1028	21423.5541	48.1428	11.0708	13.904	16.2808
469	34.8865	31358.9184	66.8634	12.4615	17.4385	27.5259
161	15.5402	9720.9246	60.3784	7.7848	8.9342	10.0536
308	19.2996	14838.7555	48.1778	8.5669	10.8284	13.4844
362	19.32	14370.9716	39.6988	9.5428	10.9892	12.7057
473	25.2774	21802.1168	46.0933	8.5007	11.7847	20.6835
249	17.6468	11913.3837	47.8449	8.2562	10.1653	11.8284
353	31.5587	24176.8649	68.4897	10.1422	12.8547	26.9786
95	22.0002	7529.9383	79.2625	3.2352	5.6855	21.0052
422	20.8301	17156.9881	40.6564	10.1306	11.7266	13.9194
483	25.8169	23649.3049	48.9634	9.4023	14.1759	19.4204
569	23.256	22627.8253	39.7677	10.6049	12.1801	16.7339
393	31.2412	23923.783	60.8748	8.5201	18.051	24.0329
339	21.764	17145.3381	50.5762	8.0112	11.5258	16.6327
434	33.3925	25451.0587	58.643	7.4984	12.9093	29.8695
277	18.5711	13608.7309	49.129	8.4386	9.0887	13.8229
338	21.0185	17208.2186	50.9119	8.2432	10.9154	15.9588
270	17.3705	12707.617	47.0652	8.063	10.6505	11.1036
234	16.8191	10967.7448	46.8707	7.543	9.8139	11.3875
367	20.4262	15845.9894	43.1771	8.4664	12.2908	13.9458
438	24.4944	22143.2158	50.5553	8.9254	13.0537	18.706
156	21.2862	10771.118	69.0456	6.3853	7.4894	18.8743
156	16.2452	9259.6795	59.3569	6.9282	8.2175	12.1811
130	19.8738	12723.4833	97.8729	7.7068	11.1194	14.5579
197	16.2887	10155.0049	51.5482	7.147	9.2526	11.3416
279	17.4802	12172.778	43.63	9.3726	10.0135	10.8371
210	17.4352	10682.4218	50.8687	6.7898	9.3636	13.0463
461	30.1257	22787.5707	49.4307	8.5481	16.0004	24.0515
142	15.2152	7796.3328	54.9038	6.4037	8.7266	10.6931
1152	32.0664	52587.152	45.6486	15.2865	19.2195	20.6201
122	13.7949	7043.9012	57.7369	6.1095	7.7094	9.6716
98	29.5919	9332.7829	95.2325	4.4912	7.5831	28.249
210	17.9555	12302.2069	58.5819	9.141	10.1843	11.6243
100	14.4059	6866.1969	68.662	4.8002	9.4479	9.7583
251	30.562	14847.6527	59.154	7.3399	9.8982	27.9676
112	23.6411	9637.4739	86.0489	3.7242	10.9499	20.6188
289	21.4798	16477.6085	57.0159	8.1291	10.1321	17.1067
549	30.0964	27857.7948	50.7428	9.8544	12.2383	25.6692
220	25.6437	15383.4387	69.9247	7.2147	13.5769	20.5235
288	18.628	13519.4723	46.9426	8.9595	9.2913	13.4313
106	16.7107	9146.4039	86.2868	7.4058	7.8085	12.7839
100	27.6639	11780.3531	117.8035	7.2024	14.5931	22.3709
266	17.5651	11831.7077	44.4801	7.6178	10.2722	12.0408
304	26.0128	20142.9275	66.2596	7.5614	15.4176	19.5394
165	20.9811	10614.6329	64.3311	5.6315	10.3624	17.3527
628	27.5088	30703.4217	48.8908	11.4839	13.3821	21.1133
701	33.0137	33419.2671	47.6737	10.4484	13.2188	28.3901
266	21.5903	15465.3069	58.1403	8.8193	11.3704	16.0958
1004	39.3182	46408.8795	46.224	13.2131	16.2674	33.2672
127	28.375	11629.0109	91.567	4.6152	9.4482	26.3547
632	26.7387	28123.3696	44.499	9.6587	12.9871	21.2839
158	22.9458	13471.4481	85.2623	5.3269	12.5145	18.4803
507	29.3608	26574.3934	52.415	10.1992	11.6886	24.9281
232	21.1288	13704.2923	59.0702	7.5163	11.5434	16.0213
303	53.4306	36169.7168	119.372	14.1472	19.9117	47.5206
607	31.893	32653.37	53.7947	12.2052	14.0447	25.9026
308	20.2777	15798.5016	51.2938	8.9571	11.5383	14.0649
972	34.8621	45448.4415	46.7577	13.9316	17.8545	26.5046
763	37.1111	44810.3897	58.7292	15.0357	17.3522	29.1558
182	16.4753	9892.8609	54.3564	6.8168	8.2613	12.5187
193	28.6484	14683.6149	76.0809	6.6862	16.087	22.7428
96	22.4893	9333.2411	97.2213	4.1119	12.357	18.3349
218	19.142	14020.1541	64.3126	7.6852	10.652	13.9244
100	15.6183	7452.919	74.5292	5.849	7.9847	12.0817
161	15.499	8712.4562	54.1146	6.9636	7.8428	11.4113
315	20.4289	14682.6317	46.6115	8.0367	9.6456	16.1156
218	22.6436	13726.0639	62.9636	9.4484	11.0931	17.3322
342	36.5152	39950.2552	116.8136	16.6801	17.5893	27.3085
118	16.9803	10897.2044	92.3492	8.226	10.0046	10.9806
552	46.8883	35540.1112	64.3843	11.9717	12.6785	43.5253
102	17.674	9990.0415	97.9416	6.3274	11.1659	12.1514
138	27.1268	10118.3806	73.3216	5.5957	7.1011	25.5759
117	31.3314	13306.7077	113.7325	4.9054	11.3324	28.7954
2103	53.5733	94855.3544	45.1048	15.565	24.283	45.146
161	19.847	12081.6025	75.041	6.6197	8.4772	16.6799
201	25.9766	14121.6577	70.257	6.6147	8.0408	23.7987
78	29.0133	9027.5952	115.7384	5.2825	11.1996	26.238
111	16.4227	9372.0194	84.4326	7.4536	9.7083	10.9498
336	19.3122	14779.4813	43.9866	9.1394	10.2629	13.5685
497	21.6444	18196.2839	36.6122	9.3814	13.4025	14.172
91	15.1542	6432.2496	70.6841	3.7936	7.6019	12.5486
584	36.2934	31741.9475	54.3526	10.2128	13.1676	32.2416
147	22.1633	9896.233	67.3213	6.2783	8.0257	19.682
129	27.0248	10588.7162	82.0831	5.7411	6.9551	25.4756
408	39.3459	32922.8728	80.6933	7.2943	16.7561	34.8443
130	19.32	12258.9789	94.2998	7.5561	10.5873	14.2855
286	20.3793	15447.9584	54.0138	7.8376	12.5001	14.0583
169	19.0559	10728.5008	63.4823	7.2085	7.5691	15.9334
144	17.643	8620.017	59.8612	5.4882	5.8749	15.7048
351	20.8651	14554.6095	41.4661	8.5934	9.4639	16.4906
265	36.5625	24304.5294	91.7152	9.0823	12.1085	33.2822
331	24.1853	20130.5596	60.8174	7.8532	12.5897	19.0986
251	30.6937	20849.6075	83.0662	6.1019	17.8559	24.2082
398	21.2796	16817.0686	42.2539	8.1862	12.9816	14.7406
435	26.2492	22696.5378	52.1759	9.0496	11.7089	21.6802
102	16.833	8578.9658	84.1075	6.0475	8.8282	12.9938
104	29.2195	9979.0954	95.9528	5.6109	8.4868	27.391
58	11.9361	4911.8901	84.6878	4.2693	6.5966	8.985
179	20.9655	11602.4058	64.8179	5.9261	9.4679	17.7423
198	19.8625	12200.4368	61.6184	6.7389	8.4386	16.6703
423	22.1069	20647.3989	48.8118	9.4768	11.9429	16.0084
163	22.2076	11564.6937	70.949	7.1903	10.6681	18.1017
268	18.3029	12908.624	48.1665	8.5608	9.2949	13.2406
472	30.3303	22704.7129	48.1032	8.2915	10.054	27.3879
224	16.0564	9591.0741	42.8173	7.0937	10.1172	10.2533
746	26.6709	30686.974	41.1354	12.946	14.0351	18.6213
256	17.2804	11557.7947	45.1476	8.7802	9.0557	11.8116
105	15.3699	10318.5128	98.2716	7.0065	9.2522	10.0765
98	22.4536	7431.7504	75.8342	3.264	5.2357	21.5893
1489	46.1272	68693.0361	46.1337	14.175	21.8364	38.0783
74	32.9033	8687.7633	117.4022	3.5872	13.9707	29.5732
317	18.6641	13033.0415	41.1137	8.434	10.5673	12.8666
153	23.017	15158.9281	99.078	6.5202	10.5193	19.4065
311	19.91	14984.7019	48.1823	8.4718	10.3486	14.7493
1014	43.2133	57063.2618	56.2754	11.8987	16.5002	38.1255
387	26.5312	19007.1571	49.1141	10.0302	11.8325	21.5242
187	18.5612	11783.8999	63.0155	7.9492	8.9138	14.2082
163	32.0445	14845.8018	91.0785	7.3838	8.5672	29.9822
379	21.4169	18972.3849	50.0591	10.0078	11.0986	15.3411
467	32.2706	25561.2367	54.735	9.424	13.9914	27.5104
255	19.4815	14001.1376	54.9064	8.4459	10.8689	13.7863
172	24.3278	15712.4188	91.3513	6.3479	8.9324	21.7201
121	18.4732	9995.5703	82.608	6.8981	8.2318	15.0304
51	15.0038	6224.5101	122.0492	6.0321	7.9682	11.1909
148	27.2159	13434.7364	90.7752	6.413	9.1063	24.8325
84	19.6879	7879.5329	93.804	4.4035	7.5098	17.6586
84	19.0003	7984.3887	95.0522	5.0067	8.5702	16.2017
123	21.2753	8502.8482	69.1288	5.789	7.4814	19.0566
562	57.0723	38521.3948	68.5434	8.8078	19.0028	53.0902
563	30.3394	31507.6418	55.9638	8.9394	17.8474	22.8481
191	28.9833	12581.2962	65.8707	6.9727	9.3256	26.5414
296	19.2666	13070.3725	44.1567	8.1306	9.4317	14.7016
414	36.3514	23737.1193	57.336	7.1836	11.3415	33.7815
178	20.3242	11900.094	66.8545	7.6001	10.1013	15.9146
678	28.2431	35791.632	52.79	12.7004	17.7906	17.8847
232	20.2811	11577.4191	49.9027	7.3552	9.3359	16.4337
214	20.207	14042.459	65.619	8.7816	10.5399	14.8363
563	58.2841	35117.8106	62.3762	10.3385	13.375	55.7787
170	29.6377	12623.3115	74.2548	6.2448	10.5143	26.9972
398	21.9463	20954.8576	52.6504	10.2125	12.7785	14.6306
465	26.8666	25830.4564	55.5494	9.4743	16.2722	19.1643
873	127.7197	52614.0934	60.2681	9.9319	25.6244	124.728
93	17.6062	7848.9505	84.3973	5.246	8.0313	14.7633
227	53.1377	25934.2761	114.2479	13.3506	16.1859	48.82
564	23.8282	20841.57	36.9531	10.298	11.7149	18.0138
319	19.0093	14174.0585	44.4328	8.4554	10.0115	13.7706
85	15.5009	7143.601	84.0424	6.6708	7.2288	11.9801
355	21.9568	17885.6902	50.3822	10.3272	11.701	15.4446
300	21.8047	17398.8626	57.9962	8.8382	11.2258	16.4715
265	17.561	12565.0505	47.4153	8.7718	9.3679	11.9869
538	38.9565	47603.8849	88.4831	13.6478	17.3953	32.0742
297	19.898	16020.0654	53.9396	9.5743	11.0868	13.4664
137	14.7862	7812.7945	57.0277	5.9323	8.5836	10.4768
490	23.6534	20552.6291	41.9441	8.825	14.1894	16.7411
138	17.2579	9403.0979	68.1384	6.1926	7.6378	14.1828
229	18.0139	11976.3035	52.2983	7.1154	9.9518	13.2224
274	23.6153	17300.9173	63.142	7.1151	13.3588	18.1273
132	13.8447	6953.8958	52.681	5.6487	8.4676	9.3844
147	17.1538	9602.7487	65.3248	6.7976	8.8441	13.0317
165	18.2106	10345.2207	62.6983	6.3375	7.9639	15.101
261	17.1264	11652.4315	44.6453	8.3782	10.3758	10.7453
421	21.8667	19794.7371	47.0184	9.7351	10.5817	16.4744
1008	58.1944	52125.8747	51.7122	9.6503	12.2635	56.0631
183	27.841	12748.6303	69.6646	7.217	10.2543	24.8573
115	24.8308	13856.6397	120.4925	8.8916	12.2096	19.7087
232	16.5106	9765.2338	42.0915	7.8344	8.1486	12.0343
418	20.8237	18175.6529	43.4824	9.9484	11.2736	14.407
403	21.8573	16894.3622	41.9215	6.6969	13.7026	15.6567
176	15.1361	8665.6114	49.2364	7.1494	7.8129	10.8142
1316	42.8325	74026.4379	56.2511	15.448	22.5972	32.9446
357	19.2013	14352.1093	40.202	9.2405	10.5354	13.1266
375	20.0538	16809.7606	44.826	10.2116	11.2203	13.1142
120	27.4753	12663.0636	105.5255	5.758	14.3656	22.7017
308	19.0546	14540.9777	47.211	7.9291	11.5576	12.9084
1345	57.804	72073.9103	53.5866	11.9516	24.0805	51.1722
297	18.8193	14463.2008	48.6976	8.8675	9.7297	13.4486
154	36.8599	19779.876	128.4408	10.1841	17.7362	30.6653
137	22.3873	11044.4786	80.6166	7.0377	8.5389	19.4615
245	21.6835	14384.8939	58.7139	6.5049	13.1973	15.9278
326	19.6817	15779.9933	48.4049	9.4674	11.5314	12.8361
1822	55.1986	81048.4589	44.4832	17.4008	19.5506	48.599
862	27.6211	32537.8168	37.7469	11.9469	15.5028	19.49
333	19.5288	15067.5575	45.2479	8.4817	11.1853	13.5767
412	22.4686	18100.5291	43.9333	8.2584	10.3228	18.168
137	15.8368	9339.1004	68.1686	5.9571	8.9092	11.6594
579	34.3371	36402.5712	62.8715	10.2836	18.19	27.2472
511	22.3514	22471.4807	43.9755	10.4312	12.0316	15.6849
272	20.75	15086.549	55.4653	8.5031	12.4059	14.2952
411	31.8416	23435.6662	57.0211	9.3771	17.4834	24.9056
122	20.1768	9863.2212	80.8461	6.2125	13.0368	14.0908
220	25.4606	14324.6483	65.112	7.1561	10.3242	22.146
474	30.7892	23537.2686	49.6567	7.9904	11.0435	27.6074
81	13.3074	6260.515	77.2903	4.972	7.2119	10.0178
139	37.8663	16882.8236	121.4592	6.12	13.2997	34.9217
347	31.5688	22505.3521	64.8569	8.0425	14.5295	26.8477
364	20.7232	17891.7958	49.1533	9.023	12.4652	13.88
517	25.0573	26232.5202	50.7399	11.2488	14.6756	16.9103
780	35.4278	44119.4079	56.5633	11.9669	14.5675	29.9952
160	15.5998	8996.9419	56.2309	7.1991	7.5897	11.5725
93	17.6635	7859.1997	84.5075	5.2096	7.1714	15.2784
229	37.3569	20637.404	90.1197	11.1652	14.5593	32.5408
590	30.1915	28628.1598	48.5223	9.9929	15.7936	23.7114
343	26.7706	17642.3232	51.4353	7.0019	8.6792	24.3375
71	15.5507	7683.8567	108.2233	5.7124	8.5539	11.663
517	26.9785	25108.5485	48.5659	8.8313	11.8878	22.5506
219	20.559	13121.0299	59.9134	7.7378	9.9379	16.2493
461	25.236	27364.4735	59.3589	8.8584	16.2752	17.1319
438	25.0095	26710.9974	60.984	10.5249	11.8715	19.3331
295	19.1128	14625.7278	49.5787	8.5082	10.9398	13.1617
91	32.4177	10720.8686	117.8117	8.7799	12.6221	28.5395
275	24.4611	19375.6027	70.4567	10.8762	12.9918	17.6427
312	20.265	16620.4053	53.2705	8.8371	11.5235	14.1346
214	24.9072	14055.9838	65.6822	7.3274	10.8073	21.2103
82	18.6568	6543.5005	79.7988	5.1673	5.9659	16.9052
2118	51.3965	92851.6341	43.8393	14.1157	28.639	40.276
519	42.5548	41815.7983	80.5699	18.9801	24.2289	29.3876
69	30.1983	6974.953	101.0863	2.8521	4.2624	29.7596
125	18.0437	9818.5936	78.5487	7.266	10.478	12.7668
115	14.7178	7616.1936	66.2278	6.0814	7.1837	11.3147
190	30.7466	13606.3752	71.6125	7.0432	11.1188	27.7871
119	15.6947	9187.134	77.2028	6.7069	9.5931	10.4553
333	33.9909	31022.6453	93.1611	10.1498	17.3639	27.4018
130	27.3793	13621.1761	104.7783	6.5861	17.7794	19.752
336	27.5382	22875.8142	68.0828	9.7185	14.7653	21.1161
78	11.6517	5195.7886	66.6127	5.8077	6.6643	7.5907
181	19.8376	10801.4701	59.6766	7.3238	9.1869	15.9842
355	41.2876	41684.1841	117.4202	21.032	23.7319	26.4409
114	23.0169	10686.9195	93.7449	6.1908	10.151	19.7081
687	45.4188	54187.8145	78.876	15.8181	27.4244	32.5663
286	18.3989	12999.4955	45.4528	8.6571	10.5715	12.3215
430	20.7557	15979.9661	37.1627	9.5277	10.9127	14.864
427	24.816	20035.8512	46.9224	8.846	11.8963	19.9012
432	22.2263	18807.5293	43.5359	8.5155	11.9267	16.7107
758	28.8879	32962.1143	43.4856	10.8741	16.5597	21.0249
171	17.2726	10161.7072	59.4252	6.635	9.3029	12.9529
80	19.2173	7886.4055	98.5801	6.5814	8.7144	15.813
835	41.0543	42036.3517	50.3429	12.73	16.1362	35.5391
96	13.4848	6039.2391	62.9087	5.6066	6.6816	10.2841
179	19.9416	11026.8016	61.6022	6.5186	7.4308	17.3194
592	30.334	35504.9616	59.9746	12.2654	13.9754	23.9666
129	14.3489	8087.2786	62.6921	6.5809	8.3239	9.6589
103	22.5475	8781.4685	85.257	6.3883	7.6099	20.2403
79	21.9732	7140.11	90.3811	4.2129	9.448	19.3858
107	15.3286	6965.7155	65.1001	4.3571	9.1872	11.4707
222	23.3907	15238.3335	68.6411	7.7862	12.8974	17.8929
257	18.212	13960.3511	54.3204	9.5117	10.8129	11.1484
161	22.5334	12875.444	79.9717	9.207	12.6741	16.1974
159	14.9364	8594.4993	54.0535	7.1258	7.6906	10.6383
503	32.9382	33812.011	67.2207	12.2238	14.3944	26.9872
317	31.7086	17505.3203	55.2218	7.1699	12.0005	28.4608
284	22.7753	13645.2649	48.0467	6.3519	8.9817	19.9424
222	19.2308	12057.2972	54.3121	5.8029	9.2432	15.8339
278	26.8318	21618.9305	77.7659	10.9496	15.5397	18.9359
479	34.333	27480.4113	57.3704	8.2163	11.1979	31.3983
154	21.0191	18603.9042	120.8046	8.1372	12.5727	14.7485
840	40.0338	60998.5813	72.6174	15.925	23.054	28.594
378	37.3856	27419.8473	72.5393	10.119	18.6527	30.7793
324	18.7184	14966.7166	46.1936	9.1109	10.853	12.2303
139	26.3784	13374.3442	96.2183	7.9802	10.9112	22.6513
394	39.9719	27089.9773	68.7563	9.8216	18.3644	34.1179
203	20.262	12486.9739	61.5122	7.1111	10.4394	15.843
108	15.2742	8270.4502	76.5782	5.8473	7.1534	12.163
37	9.7436	3339.7014	90.2622	4.1382	4.9217	7.3205
158	14.926	8739.7712	55.315	7.5622	8.4578	9.6986
104	14.3591	8597.4335	82.6676	6.8853	7.7712	9.919
377	25.978	22509.8047	59.7077	11.0478	14.8345	18.2412
361	20.3403	15523.9394	43.0026	8.0036	10.3945	15.5443
231	25.4018	17573.454	76.0756	9.077	12.7156	20.0293
238	16.9518	10609.6769	44.5785	7.905	9.2731	11.7849
377	51.2919	45919.652	121.8028	19.8253	21.0803	42.3489
476	22.1295	19479.7201	40.9238	10.1131	12.5147	15.1928
604	32.4135	33823.7616	55.9996	11.0356	14.2342	26.9487
414	23.3959	21112.6364	50.9967	10.0397	13.3599	16.3733
250	30.2365	19095.2108	76.3808	8.5997	15.245	24.6553
262	21.0384	21053.0873	80.3553	8.9186	11.1667	15.4395
510	24.9934	24460.8939	47.9625	8.6255	15.1986	17.8683
260	17.8409	12390.6208	47.6562	7.9911	8.9313	13.2163
203	21.9299	14578.8322	71.8169	8.0514	11.1476	17.0829
184	20.6613	13091.7495	71.1508	7.8956	9.2247	16.7168
733	31.8769	36441.0942	49.715	10.3076	12.9806	27.2285
76	19.1472	7775.0116	102.3028	5.0951	6.2	17.3843
249	19.4308	14816.864	59.5055	8.4788	10.632	13.879
486	29.1168	24986.6362	51.4128	9.9437	12.8876	24.1417
146	42.3179	17807.2043	121.9672	9.3975	26.6583	31.4933
115	16.2015	8938.2008	77.7235	6.9791	7.9215	12.2895
124	22.0193	13289.4861	107.1733	6.4666	10.6351	18.1639
440	24.5365	23019.0256	52.316	11.3397	14.5371	16.1903
409	23.8846	18706.7886	45.7379	8.6295	13.414	17.7783
379	24.9902	22598.698	59.6272	9.9284	14.9788	17.3658
401	24.9236	18957.4456	47.2754	7.8425	10.1273	21.3804
1401	41.142	65549.8389	46.7879	12.375	21.5459	32.7917
384	21.033	16942.8231	44.1219	9.5197	9.9772	15.8813
458	21.9394	18838.1296	41.1313	9.5282	11.4338	16.119
514	22.6149	21698.9901	42.2159	9.5849	12.8043	15.9879
252	18.8692	14113.8465	56.0073	8.2951	9.6176	13.9548
201	23.3575	19817.8086	98.5961	7.9088	12.806	17.8613
80	12.4247	5313.171	66.4146	5.7503	6.473	8.9111
311	21.7359	16145.9046	51.9161	7.8271	10.6025	17.2851
129	16.1757	10820.3465	83.8787	7.157	9.2236	11.1962
293	42.5748	30234.2063	103.1884	11.8478	21.7293	34.6422
231	22.1282	12746.5968	55.1801	7.4209	10.8839	17.7799
234	25.2439	12487.1468	53.3639	7.4085	9.8268	22.041
290	19.0747	13949.1801	48.1006	8.3972	11.0553	13.0808
335	34.5992	19906.112	59.4212	7.349	8.9278	32.6097
205	17.1245	11664.623	56.9006	8.7581	9.5107	11.229
268	24.9716	15830.7367	59.0699	9.479	11.0362	20.2961
335	19.7847	14594.8118	43.5666	8.838	9.735	14.7835
352	23.7555	22800.7365	64.7748	9.4032	13.0578	17.4757
243	26.2642	22835.1479	93.9718	9.5277	13.3422	20.5186
210	18.7499	12191.3025	58.0538	7.8651	8.1499	14.9425
955	39.3656	59995.4522	62.8225	14.6663	17.4969	32.0688
142	21.4229	11458.0462	80.6905	6.7095	10.5649	17.387
80	13.0984	5921.8135	74.0227	5.0408	6.899	9.9279
162	15.0872	8667.0384	53.5002	7.6934	8.5763	9.7407
596	29.1632	27591.241	46.294	10.1554	10.977	25.0372
190	30.171	13355.935	70.2944	6.8759	10.0567	27.6021
111	30.5887	11933.9982	107.5135	6.7042	12.8953	26.9153
124	21.6044	9815.0007	79.1532	5.6532	9.0652	18.778
454	22.8041	22265.5739	49.0431	9.9981	11.8631	16.7132
625	26.1589	24133.5172	38.6136	9.8208	12.6218	20.701
502	31.8822	24421.2674	48.6479	8.7664	10.4772	28.8071
142	16.8966	7794.7786	54.8928	5.7774	6.1247	14.6494
675	42.8872	40192.0268	59.5437	12.2095	14.5835	38.4391
278	18.939	12814.3535	46.0948	7.809	8.9615	14.7444
164	17.0133	10535.9446	64.2436	7.499	8.1724	12.9008
307	19.485	15171.9534	49.42	8.7987	9.9829	14.2334
239	19.679	13985.7803	58.5179	7.7	9.4257	15.4638
393	20.4529	16293.2399	41.4586	9.5354	11.942	13.5936
257	20.3131	13291.0803	51.7163	6.7538	9.4555	16.6614
336	25.5736	16849.6019	50.1476	7.8673	11.0064	21.7019
341	24.0725	18788.9799	55.0996	8.8664	9.1743	20.4134
165	15.6206	9553.2097	57.8982	7.118	8.4143	11.0697
130	36.4674	14151.4164	108.857	6.5439	15.9056	32.1569
880	34.6635	50032.7991	56.8555	14.3095	17.6483	26.1788
286	21.1664	15423.9151	53.9298	6.9994	10.1541	17.2023
238	33.8188	22143.8895	93.0416	9.4499	15.5494	28.5066
1622	61.4412	74752.3653	46.0865	12.8203	17.6848	57.4274
195	31.1511	17773.2618	91.1449	10.1665	15.0308	25.3201
87	13.6463	5395.7122	62.0197	4.5124	5.5791	11.6075
325	21.5016	17208.9579	52.9506	8.6904	13.5153	14.2875
217	33.7229	17750.6654	81.8003	7.8066	13.3794	29.9547
205	30.8957	20442.8789	99.7214	10.4757	17.1403	23.4736
803	39.4674	39114.0844	48.7099	9.4399	17.9769	33.8437
98	17.5908	8791.5687	89.7099	4.9712	10.5825	13.1429
167	22.6846	12269.6928	73.4712	6.9338	10.6398	18.7965
498	23.7946	22693.2725	45.5688	10.0557	11.2862	18.3763
80	13.3938	6618.1232	82.7265	5.9055	6.6432	10.0194
392	20.7349	17150.9832	43.7525	10.3664	11.0095	14.1867
301	26.9456	19763.4771	65.6594	8.7698	11.1636	22.9026
58	21.7491	6201.0526	106.9147	4.0154	10.7141	18.4962
164	43.7827	19419.2038	118.4098	7.6114	12.6699	41.2124
177	29.2602	11952.5654	67.5286	5.7385	8.0814	27.5303
1188	40.0725	54351.985	45.7508	12.4168	14.7445	35.1316
731	26.4552	29175.6553	39.912	12.318	13.8019	18.9116
347	19.7189	14987.6785	43.1922	9.0864	9.625	14.6161
143	29.4937	11240.3751	78.604	5.1089	6.5689	28.2953
428	24.6636	22755.9395	53.1681	10.8895	12.0314	18.5731
218	16.747	10387.8376	47.6506	7.0179	10.2937	11.1916
108	33.0893	14693.8651	136.0543	8.6625	10.3154	30.2235
123	34.1618	14758.2563	119.9858	11.0522	13.0995	29.5513
104	16.996	8994.6073	86.4866	5.9832	7.1187	14.2264
209	33.7339	22011.6072	105.3187	7.8485	9.1011	31.5205
531	59.1765	44097.8241	83.0467	14.9324	26.2018	50.915
79	12.9549	6067.5742	76.8047	4.7784	8.0295	8.9734
295	25.5882	19130.0807	64.8477	9.3179	14.4033	18.9863
210	21.5528	15578.5544	74.1836	7.5395	8.5599	18.2868
301	20.1527	14421.0691	47.9105	7.9519	10.8482	15.0071
92	19.8724	9297.1605	101.0561	5.2919	5.9001	18.2235
324	34.1044	27303.5077	84.2701	10.8105	18.7234	26.3756
399	26.2584	20587.8993	51.5987	8.368	10.5222	22.5558
402	20.8981	16813.7484	41.8252	8.4563	12.3203	14.6093
778	31.9066	40736.711	52.3608	11.6535	18.1924	23.4789
459	21.7872	20555.0692	44.7823	10.5763	12.1792	14.6455
232	16.4782	9969.9389	42.9739	7.8265	8.8939	11.4532
309	30.8962	20719.0875	67.0521	9.3554	14.6391	25.5489
104	21.4662	8175.4151	78.6098	5.133	7.9771	19.2566
273	17.2626	10960.3817	40.1479	7.9333	9.1201	12.3241
680	28.1504	38928.0702	57.2472	13.2925	17.2147	17.8721
210	23.3172	13698.7103	65.232	6.8056	10.5523	19.6475
467	24.4085	21458.1899	45.949	9.4412	12.1291	18.9611
317	22.3745	17296.3839	54.5627	9.2057	12.4105	16.1818
333	19.1862	14091.8931	42.318	8.8557	9.9243	13.8273
184	23.1014	13895.8964	75.5212	7.1508	15.2209	15.8387
530	41.4765	31474.082	59.3851	7.8997	12.2217	38.8397
112	20.2789	13509.2251	120.6181	7.1039	9.9135	16.2016
243	20.9519	13444.4446	55.3269	6.655	11.4249	16.2531
317	19.5367	15343.9236	48.4035	8.5719	10.774	13.861
361	29.1316	21956.9801	60.8227	7.2639	18.1752	21.5765
667	25.8624	27981.2763	41.9509	11.7785	13.2117	18.8569
175	37.9628	15403.2338	88.0185	6.8211	11.5097	35.5271
299	25.3226	18846.1563	63.0306	6.5858	12.6322	20.9353
429	21.0373	16382.8088	38.1884	9.3546	10.8293	15.4203
71	15.1205	7271.5059	102.4156	4.9673	9.1185	10.9913
940	34.1044	53029.9947	56.4149	14.5177	18.1966	24.9245
526	22.016	19953.2977	37.934	9.7634	12.3922	15.3562
551	29.6554	33129.6595	60.1264	11.5895	15.8651	22.2131
372	23.6339	21502.091	57.8013	9.6859	12.8365	17.3197
334	19.2888	14801.1214	44.3147	8.4969	10.2909	13.9268
229	19.042	11951.7108	52.1909	8.3629	9.5552	14.19
74	11.7748	5021.9527	67.8642	5.8126	5.9465	8.3365
161	18.2994	10293.3214	63.9337	5.7658	10.761	13.6319
159	37.6453	21182.3487	133.2223	14.7131	19.1082	28.9062
157	19.7653	10033.1319	63.9053	6.4337	9.5821	16.0455
388	21.2878	17214.0666	44.3662	8.5401	11.7352	15.5732
644	35.1606	38436.2789	59.6837	10.1867	19.0054	27.7721
457	34.7859	27101.3599	59.3028	8.2883	12.9577	31.2003
97	13.7868	7368.4936	75.9639	5.1952	8.0436	9.9189
463	25.7925	23032.1933	49.7456	8.5989	15.831	18.4579
123	15.9774	8938.8146	72.6733	6.001	7.1375	12.9739
584	23.1101	21343.6698	36.5474	10.8513	12.5728	16.0702
119	22.331	11717.2519	98.4643	5.7338	10.1609	19.0408
341	35.8579	23733.7708	69.6005	10.5744	15.2231	30.6957
491	24.29	24795.7674	50.5005	9.4614	14.4782	17.0548
535	29.8984	26873.5062	50.2309	11.809	14.0523	23.6008
108	12.6737	5844.2412	54.1133	6.3822	7.2797	8.179
321	19.5568	16167.2067	50.3651	9.6998	10.9588	12.9726
224	20.0814	11939.2739	53.3003	7.6905	10.2673	15.4499
394	35.4829	33022.9588	83.8146	9.0086	14.9123	30.9112
307	20.8412	14580.659	47.494	9.6174	11.1138	14.7765
277	31.8955	17635.9538	63.6677	7.8051	14.3024	27.4199
217	22.6399	14187.1097	65.3784	8.4725	11.2841	17.7046
102	18.2204	8408.7822	82.439	4.996	10.4827	14.0405
261	19.542	12806.3144	49.0663	7.5456	8.2245	16.041
620	32.1598	31977.4035	51.5765	12.733	14.4783	25.7392
385	22.0625	18462.6335	47.9549	11.1637	12.796	14.085
277	34.2791	24093.4262	86.9799	9.2776	15.0849	29.3501
463	25.8324	23705.9425	51.2007	9.2207	13.934	19.7011
550	28.6571	25436.9865	46.2491	7.8868	14.8186	23.2258
893	33.3623	43250.5631	48.4329	12.4962	16.3283	26.2731
271	23.6224	16637.6208	61.3934	9.0947	10.9378	18.8592
102	23.7895	7892.7518	77.3799	4.0411	5.1267	22.8763
320	21.0796	17598.4247	54.9951	9.7609	11.5618	14.6765
310	28.2141	23031.4952	74.2951	6.5155	14.3819	23.3826
431	24.0054	22461.3352	52.1145	11.3932	13.5406	16.2206
364	23.5293	18030.7298	49.535	8.2076	12.7727	17.9756
174	33.1459	15025.2664	86.3521	8.3779	12.5063	29.5306
306	22.0317	15884.0599	51.9087	7.699	9.5755	18.2875
147	20.9002	11000.5072	74.8334	6.4037	11.0966	16.5129
457	26.2389	22581.5249	49.4125	12.8003	15.649	16.7254
485	25.9426	23034.6061	47.494	8.8928	10.4277	22.0272
113	13.7486	7375.3583	65.2687	6.5487	7.9815	9.0793
61	14.5017	5735.1919	94.0195	4.2841	6.1045	12.4371
302	27.5212	16031.7834	53.0854	7.5545	10.082	24.4683
753	37.0818	40651.3194	53.9858	11.4971	17.2995	30.7181
432	46.4632	53546.1642	123.9495	19.5702	24.7966	34.0729
274	20.1816	17097.4762	62.3995	9.2558	11.5015	13.7602
454	27.7574	24118.8694	53.1253	10.7898	16.2823	19.7216
244	16.6267	10822.8296	44.3559	7.9665	9.9208	10.7033
91	20.9555	8039.452	88.3456	5.0753	8.8731	18.2933
324	27.4924	20384.9216	62.9164	9.7562	10.9319	23.2624
278	18.6282	13515.767	48.6179	8.2418	9.4209	13.796
509	23.5384	23165.4249	45.5116	10.4448	11.474	17.7006
154	19.6424	10651.2292	69.1638	6.4506	10.7589	15.1148
228	25.2824	18021.8492	79.0432	8.7856	13.307	19.6198
333	23.6969	18926.2714	56.8356	9.2219	13.1682	17.4098
86	13.4201	6920.4584	80.4704	5.7833	7.3916	9.5925
349	25.5732	21154.7444	60.6153	8.8935	13.9831	19.4774
171	29.5423	13093.3314	76.5692	5.1163	9.4368	27.5231
245	20.892	15278.0952	62.3596	7.6605	9.4158	17.004
371	23.4677	18834.0365	50.7656	7.764	12.1567	18.5114
155	21.0636	12305.1694	79.3882	5.4793	9.6284	17.9149
886	36.4308	39793.8404	44.914	10.6806	17.1521	30.3139
356	24.4145	17877.1562	50.2167	7.2077	11.3169	20.3971
724	33.4194	41994.155	58.003	12.7748	17.3716	25.5321
392	24.6558	19696.0406	50.245	7.5343	11.5073	20.4627
312	24.9362	19458.1046	62.3657	7.8835	13.7732	19.2344
208	17.4418	10366.361	49.8383	6.3851	8.2509	13.9775
725	34.0957	37499.3196	51.7232	9.4693	16.2192	28.4567
185	23.0825	11795.884	63.7615	5.3634	9.3139	20.4276
356	19.1402	15472.6695	43.4626	9.9319	11.1907	11.9362
73	12.3098	5856.056	80.2199	5.6045	7.1963	8.2665
388	24.5769	18063.8164	46.5562	8.6951	9.8228	20.783
111	25.5399	11452.2834	103.1737	4.5849	8.3227	23.7065
325	21.5327	15650.7574	48.1562	6.7331	11.8504	16.67
63	19.0353	6555.1527	104.05	3.6777	5.1601	17.9497
231	33.0047	18557.1027	80.3338	9.2764	13.1793	28.8022
225	17.695	11728.2988	52.1258	7.8244	8.4772	13.4175
238	22.085	13345.2265	56.0724	5.8856	10.8857	18.2923
277	18.1991	12556.6732	45.331	8.1287	9.1829	13.4464
481	48.7454	36541.353	75.9695	11.1764	12.2012	45.8512
215	28.3932	16985.4468	79.0021	7.9709	16.7716	21.4791
544	32.6349	36918.1986	67.8643	15.5303	16.8905	23.2069
121	35.5706	13838.0367	114.3639	13.6693	16.6083	28.3299
170	29.6778	12770.6181	75.1213	6.5209	8.3911	27.7099
362	22.3751	17573.6512	48.546	8.5445	10.3298	17.9147
188	30.9003	19084.1553	101.5115	10.8856	16.1781	23.9708
174	23.2013	10109.4395	58.1002	6.3353	7.2053	21.1245
635	24.8706	28510.0691	44.8977	12.0657	12.9071	17.5035
268	20.5399	14147.8484	52.7905	7.6711	9.325	16.6158
219	16.1549	9929.2872	45.3392	8.1189	9.0166	10.6661
478	22.8824	22132.7251	46.3028	11.1301	13.4549	14.7882
266	18.0159	12704.3365	47.7607	8.4109	10.2645	12.1848
147	17.3953	10282.6988	69.9503	6.9661	8.8281	13.2716
196	21.3638	13152.6158	67.1052	7.0393	9.5438	17.7701
140	24.2795	16772.6302	119.8045	8.9242	11.2315	19.5884
259	19.506	13463.895	51.9842	8.4909	9.25	14.9274
325	24.3009	17962.6794	55.2698	7.9417	11.9072	19.6388
300	23.746	19294.2589	64.3142	9.9352	12.6094	17.4977
297	31.1426	17957.1967	60.4619	6.3068	8.5087	29.2863
330	21.3851	18103.5962	54.8594	9.5951	10.7252	15.8186
376	21.5896	18632.4258	49.5543	9.7555	11.4692	15.4726
294	21.7828	17168.7178	58.397	9.434	11.2415	16.0972
94	17.2999	10947.0599	116.4581	5.9471	9.4395	13.2218
64	16.8964	5151.8625	80.4979	3.7569	4.5412	15.8352
407	21.8973	16495.5142	40.5295	8.3445	10.5754	17.2634
478	23.4462	22301.5394	46.6559	10.2793	12.5245	16.947
198	15.4646	8787.2257	44.3799	7.0453	9.5071	9.9566
244	18.3807	14077.8544	57.6961	8.7868	10.2176	12.4998
374	63.3837	30241.3278	80.8592	6.8918	17.8543	60.4254
84	23.5056	10255.1187	122.0847	7.5262	9.2796	20.2425
448	23.8599	25128.6791	56.0908	9.8212	14.2763	16.402
326	22.9469	19093.0673	58.5677	8.8255	11.4443	17.8241
426	23.04	20305.2117	47.6648	10.4716	12.0362	16.6228
369	21.2842	17846.6304	48.3649	8.9893	11.7498	15.3021
47	14.9433	5122.7905	108.9955	4.2195	6.4451	12.8047
200	19.6387	13911.5852	69.5579	6.7371	12.1467	13.8833
259	20.1354	12916.1878	49.8695	7.6071	7.7838	16.9404
95	14.9105	8423.3511	88.6669	5.9752	8.6445	10.5779
303	18.4038	14319.1057	47.2578	9.3318	9.8586	12.4268
611	37.3244	43238.0879	70.7661	14.4387	21.0134	27.2593
62	23.9146	6840.2902	110.3273	3.7294	5.1608	23.0514
327	22.1972	17920.5902	54.803	8.4555	12.9795	15.8982
427	27.5405	21653.0938	50.7098	9.359	11.5343	23.1916
251	18.0062	12540.2795	49.9613	7.5246	11.3	11.8285
198	25.7123	13314.4605	67.2447	5.4122	7.7848	23.9003
496	29.6637	26621.6152	53.6726	10.3327	12.4243	24.8758
93	39.4859	11288.0029	121.3764	5.5337	8.6899	38.1182
268	33.317	20306.9914	75.7724	7.0585	14.5343	29.1369
392	70.4759	32751.7887	83.5505	11.3299	16.5982	67.5499
392	21.7337	18319.1321	46.7325	8.965	11.4943	16.1203
95	24.688	9889.4276	104.0992	3.8163	11.4389	21.5427
341	55.3747	27555.0464	80.8066	7.7359	13.6417	53.1076
153	28.2022	12390.0116	80.9805	9.2036	13.4288	23.0288
266	18.128	14296.7694	53.7473	9.5026	10.4484	11.3647
143	32.8	15847.1319	110.8191	6.4678	12.3291	29.6985
680	30.5637	28766.266	42.3033	9.718	11.6323	26.5404
272	37.5254	30082.8798	110.5988	13.0546	17.3957	30.5798
212	28.1818	21026.4953	99.1816	9.2353	13.1732	23.1385
132	21.9614	12238.8757	92.7188	4.8342	12.2469	17.5769
55	17.6356	6001.2264	109.1132	4.2093	11.6671	12.5368
256	17.9127	12969.7018	50.6629	7.9252	11.043	11.6665
450	35.1557	36380.4847	80.8455	16.4682	19.8844	23.8607
446	23.0074	19461.3589	43.6353	9.607	12.1827	16.9891
587	51.4743	31969.357	54.4623	9.568	13.2406	48.8134
160	33.8754	14580.9558	91.131	6.6063	14.9606	29.6661
1106	48.512	55136.9134	49.8525	11.3497	15.0707	44.6931
96	26.2981	10614.0467	110.563	5.6269	9.0983	24.0239
430	21.2666	15963.213	37.1238	9.2526	9.8906	16.3962
63	29.0477	6839.7015	108.5667	2.7721	3.5418	28.6973
239	35.9352	18092.7166	75.7017	7.6956	18.3937	29.8963
180	20.7166	11473.0781	63.7393	5.9321	10.7076	16.7134
195	17.9481	12529.4023	64.2533	7.9881	8.7749	13.4657
311	21.4475	16077.0092	51.6946	6.2721	13.3809	15.5437
466	24.3646	24418.5853	52.4004	9.7387	13.1034	18.0857
87	17.8975	8431.744	96.9166	6.2333	9.0499	14.1268
320	21.8441	18048.0674	56.4002	8.8619	9.6301	17.4898
345	19.737	14976.0835	43.4089	8.0295	10.8831	14.3747
602	39.8807	32785.5759	54.4611	8.4836	14.4584	36.1864
99	17.5085	7840.7184	79.1992	4.5433	7.6906	15.0586
470	30.6044	22783.7385	48.476	8.4695	10.0601	27.6349
534	37.773	37275.7478	69.8048	12.6631	16.1345	31.7194
159	17.51	9056.1157	56.9567	5.8149	7.4099	14.7608
327	22.7232	16337.2975	49.9612	9.3819	9.5879	18.3411
212	33.4525	17336.1478	81.7743	6.9754	13.757	29.6843
235	17.5203	11381.5382	48.4321	8.3903	10.5851	11.1589
251	22.2523	18079.1109	72.0283	8.9722	10.3829	17.5175
407	23.3514	19959.2679	49.04	8.3523	11.8361	18.3149
479	38.0573	31851.341	66.4955	10.8247	13.0193	34.0835
530	33.3013	35976.1088	67.8795	11.8223	20.3128	23.5924
404	32.6058	23790.529	58.8874	8.2212	12.8595	28.8129
138	22.0361	11073.0423	80.2394	6.9623	11.3408	17.5642
232	16.478	10619.8084	45.775	8.6915	9.2858	10.4765
132	14.9867	7918.9902	59.9924	6.3622	8.3011	10.7338
229	16.7722	10925.4657	47.7095	7.8487	9.4521	11.4177
121	14.2251	7063.13	58.373	5.6983	6.8727	11.0747
454	22.093	20738.5287	45.6796	9.7591	12.1771	15.639
375	54.0565	22647.0	60.392	5.844	14.0036	51.8831
309	25.3065	19200.7324	62.1383	8.785	11.3524	20.8415
549	25.4334	25296.014	46.0765	10.0806	13.6305	18.9592
350	20.276	16744.9986	47.8429	8.8476	11.1537	14.4372
1329	62.4715	69783.7578	52.5085	12.0049	23.2039	56.7463
177	16.465	10201.2918	57.6344	7.4787	8.599	11.8838
1000	37.2558	61394.3335	61.3943	14.9054	17.2207	29.4834
654	26.6587	27382.5493	41.8693	10.5334	12.2122	21.2272
62	22.2274	7415.9276	119.6117	5.2175	12.2597	17.7914
136	17.9639	12189.8368	89.6312	7.6179	8.4815	13.8829
88	34.9742	10235.6314	116.314	4.6134	11.7769	32.607
349	27.4864	19581.48	56.1074	7.0548	11.6869	23.8568
297	19.063	14239.4965	47.9444	8.6366	11.2126	12.7705
465	25.2844	24642.0934	52.9937	8.5515	14.2674	19.0424
84	27.9105	9197.9702	109.4996	4.8221	12.6379	24.4137
1002	35.3927	48219.3292	48.1231	12.5691	15.6296	29.1612
775	31.4471	36820.2626	47.51	10.5873	13.4335	26.3888
472	23.9639	21746.9595	46.0741	9.963	10.9774	18.8282
181	22.7109	12683.8505	70.0765	7.322	8.2629	19.8469
235	17.2698	12098.7591	51.4841	8.912	9.6877	11.179
240	41.8442	16935.0317	70.5626	7.5633	9.459	40.0532
207	17.7761	11104.5335	53.6451	6.9808	10.2376	12.7456
238	24.5514	14389.4048	60.4597	7.947	13.4475	18.9415
411	20.4623	16583.4596	40.3491	9.2128	11.2049	14.4319
269	39.3958	21064.5865	78.307	7.0889	21.9844	31.9134
449	25.7609	21881.9639	48.7349	9.5443	14.8713	18.7449
319	36.851	23422.9609	73.4262	9.815	15.98	31.7223
329	19.9255	17055.0587	51.8391	9.6305	10.3951	14.0079
426	29.8813	27408.8067	64.3399	9.3078	18.1778	21.8134
446	28.8939	22251.3913	49.891	10.5755	14.4379	22.684
118	16.3907	8572.7713	72.6506	5.9783	8.1109	12.9278
270	36.6119	17806.7916	65.9511	6.7825	9.3453	34.7433
194	26.1353	16074.4006	82.8577	8.1708	14.3934	20.2268
473	25.7935	19979.1914	42.2393	8.7615	9.7186	22.2282
154	39.0581	14569.9437	94.61	7.258	9.55	37.1706
257	19.4868	13690.4098	53.2701	8.6994	9.3892	14.6935
33	13.8127	4091.3917	123.9816	3.1362	4.2001	12.7795
227	16.898	10753.4776	47.3721	7.1914	9.522	11.9648
542	38.0961	32047.5546	59.1283	10.379	12.4589	34.4726
187	22.8674	12380.7553	66.2072	5.803	7.2197	20.9074
210	16.4371	10352.9885	49.2999	7.8761	9.2378	11.0819
124	16.5674	10294.8076	83.0226	6.1976	9.2513	12.2671
96	15.509	8217.2063	85.5959	6.5031	7.6636	11.8114
271	19.3544	13461.9012	49.6749	7.9559	9.9724	14.5549
297	23.2389	17311.7051	58.2886	8.128	11.9187	18.2189
773	36.3953	39898.8045	51.6155	11.3267	15.9713	30.6796
533	37.8736	41663.2813	78.1675	14.2693	19.0625	29.452
92	28.356	9501.6077	103.2783	6.044	13.5302	24.1758
724	26.4004	30813.6817	42.5603	12.6651	14.0197	18.4397
205	26.5703	13374.3415	65.2407	6.813	10.3436	23.5069
110	21.0289	9568.5943	86.9872	5.1441	10.5279	17.4619
382	20.354	17409.9524	45.5758	9.8526	10.5909	14.3193
130	14.7478	7948.2429	61.1403	6.3258	7.8152	10.7891
429	26.0748	23643.8147	55.1138	9.4385	16.4633	17.882
76	13.6916	6597.2725	86.8062	6.1266	7.1151	9.965
206	15.6014	9210.6118	44.7117	7.2177	9.1139	10.4042
158	15.494	8068.0145	51.0634	6.2928	7.9733	11.7001
778	29.9733	40255.7877	51.7427	11.367	18.0634	21.0452
969	34.3543	48381.604	49.9294	15.6515	17.9771	24.7401
170	16.8629	9607.278	56.5134	5.9921	10.0344	12.1558
255	17.7025	11493.8996	45.0741	8.256	9.1296	12.7227
541	27.1902	26824.5833	49.5833	10.8215	14.8517	20.0407
283	29.0835	15877.7798	56.1052	6.9286	11.9187	25.6084
130	30.0246	15946.847	122.6681	6.9364	15.6857	24.6439
435	24.4853	21897.7344	50.3396	8.8953	13.5784	18.3311
73	15.4528	6954.9199	95.2729	6.1835	8.2739	11.4934
383	24.2552	19665.9115	51.347	9.3175	11.1232	19.4364
100	27.2168	10416.4748	104.1647	8.5104	12.3449	22.7141
57	28.9749	5931.4473	104.0605	2.544	4.7831	28.4639
100	21.3511	7641.3806	76.4138	4.2835	4.9765	20.3164
277	21.237	16238.9612	58.6244	10.0167	10.9935	15.1597
143	16.1326	9246.0758	64.6579	7.0642	9.8202	10.6734
80	12.7827	5949.5097	74.3689	6.0632	6.657	9.0729
83	14.2407	7454.7224	89.8159	6.3067	7.5014	10.3322
200	23.4018	12097.467	60.4873	5.9358	9.1632	20.699
405	24.0703	21390.7349	52.8166	9.0696	12.8055	18.2522
287	19.4896	14439.9372	50.3134	8.3208	9.8053	14.6447
134	14.1059	7598.2302	56.7032	7.3717	7.5222	9.3835
328	32.1561	23891.3478	72.8395	8.4947	15.7869	26.6951
1224	34.5035	57005.7471	46.5733	15.3717	17.6383	25.3593
108	26.8053	9215.5445	85.3291	6.1483	8.6026	24.6316
609	25.8253	28251.7942	46.3905	10.6694	14.7901	18.2855
281	30.8465	22292.2847	79.332	12.0271	16.0862	23.4114
224	40.9096	18835.0042	84.0848	7.8758	10.5449	38.7347
288	21.3408	14339.8915	49.7913	7.378	9.2379	17.7667
224	15.935	9435.5918	42.1232	8.0122	9.1238	10.3192
284	20.045	14191.0965	49.9686	8.4413	9.5334	15.4809
269	18.1808	13492.1051	50.1565	8.7661	10.8952	11.6186
579	31.1237	41644.9527	71.9257	11.8977	18.0708	22.3735
153	28.6495	14019.517	91.6308	8.9168	10.2755	25.213
276	20.6264	15608.223	56.5515	8.0082	9.7582	16.3124
286	20.8314	15594.0951	54.5248	8.6049	9.7633	16.2659
395	23.8885	19311.2807	48.8893	8.3058	10.6526	19.7027
308	25.3152	16123.4205	52.3488	8.2329	11.1309	21.1939
300	21.3479	15890.6889	52.969	8.5809	9.5724	17.0432
230	17.1088	10577.4209	45.9888	7.8055	8.4548	12.6611
732	31.932	38377.7575	52.4286	12.1533	15.5485	25.1037
382	20.4731	16033.5908	41.9728	8.8794	11.5589	14.377
438	23.4274	21718.2665	49.5851	9.8124	12.0896	17.5043
150	19.3759	10649.0701	70.9938	5.8748	7.895	16.6907
441	25.1258	20101.5087	45.5817	7.7409	10.6483	21.4009
93	14.9446	7007.1892	75.3461	6.8522	8.6309	10.0944
372	29.0924	20962.9015	56.3519	8.3566	13.2626	24.5079
140	24.3401	11975.1365	85.5367	6.7282	12.5893	19.715
467	23.71	21539.6671	46.1235	9.79	13.6815	16.7074
446	69.6985	29134.8637	65.3248	7.1564	11.5541	68.3606
226	16.6242	9887.8866	43.7517	8.1964	9.2303	11.1348
106	24.4296	8025.6617	75.7138	3.7143	5.0777	23.6056
276	24.0581	15205.6174	55.0928	7.6756	10.5777	20.1987
130	20.2625	10556.5657	81.2044	5.8496	12.7565	14.6158
227	17.2545	11646.7618	51.3073	8.1266	9.0724	12.2216
863	30.6081	35296.6836	40.9	12.7115	14.7658	23.6061
282	19.1459	13204.7261	46.8253	8.3074	9.6337	14.309
263	29.4653	22882.627	87.0062	13.6546	16.2713	20.4206
95	21.716	6931.9254	72.9676	3.2839	5.0975	20.8522
495	23.5157	21042.0924	42.5093	10.1309	13.8614	16.0691
96	19.6823	10761.5932	112.0999	6.787	9.6135	15.7769
119	25.6998	13062.2336	109.7667	6.035	10.4152	22.7065
472	23.9574	20061.8129	42.5038	9.4633	9.8412	19.6864
292	38.3854	29873.5905	102.3068	15.3777	21.6411	27.7241
105	16.2168	7661.3881	72.9656	5.8874	7.381	13.185
556	25.3569	23724.1238	42.6693	9.4784	12.9807	19.6122
167	15.6092	9123.0503	54.629	5.9667	9.205	11.1047
280	22.3834	18487.3344	66.0262	8.8438	12.591	16.2563
400	21.7795	19122.9674	47.8074	9.4603	10.937	16.2859
557	27.2181	24944.0784	44.7829	9.4408	15.4161	20.348
220	16.9258	10250.2427	46.592	7.3307	8.2638	12.8239
229	32.8943	15219.4642	66.4605	5.4631	7.795	31.487
134	15.8308	7977.1164	59.5307	6.3137	8.5998	11.6959
569	29.831	26742.1364	46.9985	9.2541	10.772	26.2338
273	30.857	21529.4768	78.8626	9.1951	10.2999	27.5956
572	28.8368	34315.4717	59.9921	11.382	12.3493	23.4416
131	14.5562	7663.1181	58.4971	6.0127	7.6253	10.8437
84	14.5691	6554.4697	78.0294	4.2909	7.899	11.4654
419	24.4936	20660.0728	49.308	9.6147	11.0164	19.6502
270	18.2004	13940.9707	51.6332	8.5423	10.2338	12.3916
471	22.3615	20106.9854	42.69	9.3699	12.3077	16.1482
247	18.1969	12962.817	52.481	8.319	8.8681	13.5381
694	29.4798	37569.2534	54.1344	15.2442	16.5902	19.0115
537	26.0383	24945.9936	46.4544	10.7142	14.3243	18.9213
446	26.7163	21448.5351	48.0909	10.73	11.6707	21.504
80	15.2502	6428.6609	80.3583	5.0494	5.7018	13.2122
115	14.4989	7328.565	63.7267	6.6612	7.583	10.4089
241	17.9796	12874.2674	53.4202	8.5455	10.7857	11.5719
527	27.471	25326.6506	48.0582	8.9496	11.4285	23.3228
131	17.6203	9155.9556	69.8928	5.4591	8.9572	14.1577
351	20.398	14349.859	40.8828	7.7615	10.2727	15.8211
280	19.01	14208.3676	50.7442	7.6636	11.4071	13.1349
139	31.6815	15092.854	108.5817	8.7681	13.5274	27.2736
506	43.3421	30311.3505	59.9039	9.994	12.733	40.2061
117	18.2302	10580.2712	90.4297	6.0659	10.1065	13.9069
164	21.4085	10445.5943	63.6926	6.0446	8.5808	18.6589
1178	37.1034	61687.3888	52.3662	15.5361	22.9761	24.6453
374	21.7067	16831.2997	45.0035	8.6765	9.4248	17.5234
451	22.8311	19326.4343	42.8524	8.7935	12.5239	16.9437
448	22.2612	20914.8121	46.6848	11.0187	12.3766	14.8651
556	25.4799	27255.8346	49.0213	9.9041	14.1339	18.7447
75	16.328	7389.3902	98.5252	5.2517	7.5359	13.4993
242	17.5786	11575.3061	47.8318	7.6423	10.2001	12.1062
283	19.8106	15628.8028	55.2255	8.0302	11.0635	14.3378
436	21.9125	18978.3085	43.5282	9.5164	12.2763	15.4559
79	15.579	5568.8292	70.4915	3.6471	7.297	13.2724
347	35.1467	21515.6225	62.0047	8.3121	11.6086	32.116
276	22.3276	15739.6168	57.0276	8.2798	8.7338	18.8065
404	22.0275	18267.643	45.2169	9.6617	10.2939	16.9086
364	19.8343	15731.6365	43.2188	8.6733	12.1845	13.0273
89	19.4039	8104.9819	91.0672	5.7415	7.2597	17.0541
367	20.3694	15595.9275	42.4957	9.5602	11.2745	14.0144
331	24.6141	17427.7465	52.6518	7.5794	11.258	20.5345
120	14.1347	7765.0962	64.7091	6.2569	7.291	10.3674
289	18.2952	14277.109	49.4018	8.6794	10.9415	11.8181
122	14.8275	7479.6243	61.3084	5.4177	8.9743	10.4864
227	22.6532	14293.8546	62.9685	7.53	9.1711	19.2966
207	18.0912	11602.6279	56.0513	7.8296	9.8466	13.0012
336	19.841	14318.3372	42.6141	8.7546	9.0902	15.3098
341	21.1491	18434.5961	54.0604	8.4994	10.9926	15.9439
452	22.1789	19668.1913	43.5137	8.6686	13.4097	15.3927
417	19.9018	16127.3301	38.6747	9.9318	11.3004	13.0284
167	29.8419	13812.1118	82.7073	5.2318	16.227	24.4918
625	26.8069	28812.821	46.1005	12.3356	14.6795	18.7338
418	20.8104	17775.6059	42.5254	9.0376	11.4041	14.8776
56	22.8968	5791.2189	103.4146	3.3294	5.2145	22.0451
264	23.0454	15748.6554	59.654	8.7999	9.4954	19.0654
453	22.5594	19419.2366	42.8681	8.894	12.1301	16.8133
105	18.0614	7640.8164	72.7697	5.358	7.4246	15.5687
208	21.3414	12991.8552	62.4608	6.9508	8.671	18.2197
418	21.4919	16374.9022	39.1744	9.2218	9.6375	16.8516
544	23.2215	22839.8354	41.985	11.2841	11.6961	16.5864
288	25.504	18149.6958	63.0198	8.2954	8.4933	22.5722
215	20.3004	13292.3775	61.825	6.872	9.4466	16.6025
579	24.1188	26401.741	45.5989	11.6356	12.3096	17.1698
339	21.9667	16288.5578	48.0488	8.7403	9.2328	17.9137
113	26.8467	12771.7709	113.0245	5.5935	10.3933	24.113
128	14.5015	7832.4331	61.1909	6.472	7.7783	10.3877
90	13.1979	6910.1554	76.7795	6.0054	6.407	9.8524
96	21.789	7375.9641	76.833	4.4786	4.9153	20.7496
165	14.6457	7878.0219	47.7456	7.4542	7.9085	9.8177
105	15.2029	7877.1722	75.0207	6.6409	8.3469	10.8331
236	22.6538	18769.5279	79.5319	7.8642	11.3898	17.9338
375	20.4457	16063.347	42.8356	10.0895	10.9251	14.0311
266	62.0627	27341.7654	102.7886	5.0345	14.1576	60.2163
589	30.3965	29313.121	49.7676	11.6591	17.7392	21.7562
485	23.0519	21761.8471	44.8698	11.1396	12.5349	15.817
384	21.6531	19251.1971	50.1333	10.0683	10.4247	16.0877
222	31.2119	14787.6234	66.6109	7.8488	10.1488	28.4531
274	18.2137	12504.4215	45.6366	7.6215	10.0225	13.1605
101	17.1194	8167.6516	80.8678	4.8476	10.5621	12.5704
406	21.4298	19179.6375	47.2405	10.1075	12.1099	14.5061
155	17.139	9480.9934	61.1677	6.16	8.2156	13.7224
294	21.9557	17377.3011	59.1065	8.8907	9.9306	17.4469
385	29.4406	20707.2697	53.7851	8.0999	13.9246	24.6424
117	16.1287	10092.6944	86.2623	6.9146	9.84	10.747
293	17.3111	11869.9159	40.5117	8.8093	10.0563	10.9973
216	27.1525	21359.0467	98.8845	9.6166	14.3419	20.9545
252	17.3252	11199.1082	44.4409	7.0314	10.5188	11.8354
294	19.2621	13713.0705	46.6431	7.0671	10.9704	14.1681
519	52.0821	35124.2815	67.6768	9.7497	13.4048	49.3741
140	15.3691	8663.902	61.885	6.6118	8.6316	10.8623
589	29.7434	29399.9418	49.915	10.6884	16.5603	22.2751
229	29.618	21042.554	91.8889	12.7461	16.2322	21.2433
333	37.041	25728.968	77.2642	9.0338	16.195	32.0647
258	18.7456	12427.6986	48.1694	7.2349	9.7253	14.2993
345	21.478	16013.1899	46.415	8.8743	10.5054	16.4981
532	24.4447	24183.0905	45.4569	11.032	11.4342	18.5768
417	26.8428	20078.8653	48.1508	8.983	9.5547	23.4211
567	33.4056	35381.4731	62.4012	13.0503	15.6503	26.4705
171	18.7976	10605.6422	62.0213	6.9538	9.6933	14.527
83	13.9015	7682.8356	92.5643	6.3995	7.6805	9.6596
78	17.6054	6683.7575	85.6892	5.0168	5.9293	15.7996
1609	41.5123	79123.5968	49.1756	12.011	25.0061	30.8821
214	19.2625	13257.3078	61.95	7.7461	9.1988	15.0474
135	14.6708	9117.6549	67.5382	6.7577	8.2382	10.0845
345	20.4228	15537.2861	45.0356	8.9824	10.0938	15.3142
114	17.5614	10560.1634	92.633	7.3894	9.2754	12.9525
169	17.3141	9536.839	56.431	6.8779	7.3594	14.0824
542	27.4055	29264.3097	53.9932	11.2652	13.5387	20.9967
238	22.2749	15002.7467	63.0368	8.0675	9.6043	18.4077
320	19.7368	14425.378	45.0793	8.3273	9.2752	15.3026
181	43.9042	20036.4807	110.6988	9.8911	27.2295	32.9894
600	24.8114	26431.1865	44.052	11.4932	12.791	17.8859
247	16.7443	10678.796	43.234	8.0469	10.1631	10.5986
556	28.5627	30293.8942	54.4854	14.0031	16.2498	18.8595
367	22.3017	16917.2647	46.0961	9.1765	10.2002	17.5816
117	22.3888	14367.2892	122.7973	7.8117	9.0923	18.9094
418	22.3247	18640.8773	44.5954	8.22	12.8364	16.311
314	19.0802	15295.3802	48.7114	9.9403	10.9617	12.0452
316	25.3053	19773.9383	62.5758	7.9078	10.13	21.7993
199	25.6406	12651.1048	63.5734	8.4384	9.0973	22.4382
134	30.024	14153.269	105.6214	4.0328	12.7127	26.8992
55	12.786	4898.13	89.0569	4.4109	5.2712	10.7815
75	28.1556	7643.0579	101.9074	4.1694	10.2065	25.9071
182	15.0551	8479.6097	46.5913	7.2992	8.358	10.1746
241	26.0913	14393.0093	59.722	7.2816	10.7739	22.6198
349	22.9475	18510.7877	53.0395	9.2384	11.8652	17.3337
414	25.7124	20409.0266	49.2972	8.9438	10.8479	21.5281
61	12.3048	5089.8571	83.4403	5.2057	6.4392	9.102
265	20.8961	15388.4453	58.0696	7.8337	8.5082	17.4037
421	37.2402	26334.6253	62.5526	10.6254	13.2187	33.1542
166	17.9409	10139.4483	61.081	6.802	8.174	14.4497
797	44.999	42436.1712	53.2449	11.6385	14.3208	41.0411
279	17.4056	11647.1091	41.7459	9.0718	9.4178	11.4874
85	14.1479	6552.5572	77.0889	5.9029	7.1418	10.6917
281	25.952	15722.8159	55.9531	7.4697	9.6509	22.9035
437	32.5654	32542.5665	74.4681	14.9263	16.1531	24.0164
327	23.1866	18188.139	55.6212	6.9751	11.519	18.8753
331	22.5553	17623.8089	53.2441	8.5535	9.304	18.6819
429	21.9703	18959.5766	44.1948	9.5302	11.5444	16.0808
230	17.7141	11348.1808	49.3399	7.4161	10.1731	12.4618
80	25.155	9375.6223	117.1953	4.2087	13.9478	20.5066
201	18.0956	12154.2481	60.4689	6.5486	9.7655	13.755
102	23.1368	11977.7559	117.429	5.7228	10.9152	19.5811
381	26.2879	20962.8987	55.0207	9.376	11.1424	21.8859
160	19.2347	11365.3294	71.0333	6.9152	10.8997	14.2601
257	30.2733	20276.8284	78.8982	8.4524	11.439	26.7241
659	29.2185	33671.9447	51.0955	10.3267	17.4241	21.0589
699	28.2518	26872.2872	38.4439	10.5454	12.5097	23.0318
721	26.9332	31510.3343	43.7037	13.2331	14.2398	18.6416
161	15.7055	9094.1667	56.4855	6.6777	8.3256	11.5219
233	23.6207	15455.7446	66.3337	6.2003	12.3838	19.1347
228	29.9571	16240.8961	71.232	7.3735	13.5104	25.7007
157	14.4159	7250.6231	46.1823	6.8251	7.1299	10.5071
426	21.9882	17965.776	42.1732	8.1497	13.7661	15.0851
181	15.6768	9495.3133	52.4603	7.1662	9.7689	9.9487
911	30.2496	42933.5707	47.128	13.4063	16.4342	21.5691
555	24.5836	25685.1901	46.2796	10.6086	13.5316	17.57
223	17.2088	11244.7929	50.4251	7.3545	10.1453	11.7952
301	23.6312	13169.6231	43.7529	8.7173	10.424	19.3335
272	20.1843	14061.2428	51.6957	8.9727	12.4092	13.1494
157	16.619	9695.0618	61.752	6.4076	8.2851	12.9031
254	23.0166	14499.8	57.0858	5.9219	10.4273	19.646
1784	45.7587	93747.4603	52.549	17.6751	24.3056	34.5063
348	27.1283	17800.0344	51.1495	9.2595	13.4157	21.6847
356	22.9914	18724.6719	52.5974	7.5526	13.9515	16.6408
714	28.7628	36314.2953	50.8604	12.3969	15.8915	20.5201
555	26.3356	23363.5733	42.0965	10.5625	13.6419	19.8971
205	21.2367	13017.5166	63.5001	7.3189	11.2408	16.4643
280	18.117	13030.2585	46.5366	8.859	10.6801	11.6482
250	33.1718	24669.4815	98.6779	11.4535	13.7124	27.9491
415	25.4776	22509.7456	54.2404	8.1994	15.1003	18.8112
314	39.6916	32345.7638	103.012	13.0183	21.6721	30.5985
152	23.921	10263.0476	67.52	4.5419	8.1261	22.0352
183	16.1868	10371.5075	56.6749	7.7084	8.7624	11.2166
326	31.7135	18548.6546	56.8977	8.015	9.9648	29.0209
346	50.7983	28908.6803	83.5511	13.3216	19.7398	44.8704
74	16.6367	7291.367	98.532	3.4973	8.9332	13.5921
950	31.4476	45767.8291	48.1767	13.8592	17.3366	22.2781
325	24.571	18932.8116	58.2548	7.4717	12.7057	19.6589
371	28.2425	25131.7651	67.7406	11.0868	12.6655	22.6784
407	25.327	21753.8045	53.4492	9.6887	13.8572	18.8563
462	21.5159	19494.7264	42.1964	10.5403	11.6764	14.6799
636	28.3266	28634.3298	45.0225	9.533	14.7268	22.2405
502	30.4365	32918.0526	65.5738	13.0966	16.9921	21.59
341	43.4642	19969.0996	58.5604	8.6671	10.0991	41.3766
90	15.7242	8732.1489	97.0239	6.6025	8.6936	11.3172
86	17.8826	7092.67	82.4729	4.5167	5.7301	16.3265
304	18.1148	13604.2228	44.7507	9.6217	10.3088	11.371
232	16.573	10163.7429	43.8092	7.2785	10.0612	10.9754
1177	37.6236	53710.77	45.6336	14.9407	19.367	28.5872
321	19.9065	14193.2326	44.2157	7.975	10.2652	15.0763
202	22.3509	12225.0915	60.5203	5.6549	10.1168	19.1112
157	26.8874	12409.4894	79.0413	6.0114	9.2848	24.5069
206	23.2872	16457.3167	79.8899	8.5488	10.2516	19.0818
184	18.344	12792.9699	69.527	7.9458	9.3866	13.611
117	14.3732	8494.212	72.6001	6.6378	7.5732	10.2555
384	21.4726	16237.6759	42.2856	8.7667	9.6302	17.0727
548	24.8045	22357.4824	40.7983	9.2234	14.2728	18.0687
358	20.2003	18018.3538	50.3306	9.0479	11.3811	14.0234
239	26.3738	15700.7004	65.6933	7.517	11.4223	22.5523
367	28.1776	25319.2511	68.9898	10.6194	12.9601	22.6549
145	14.2652	7299.0854	50.3385	6.54	8.3585	9.532
180	18.275	10859.0574	60.3281	7.3733	8.2651	14.5362
182	34.0303	14560.9508	80.0052	7.0968	8.634	32.1426
114	15.2162	9723.0219	85.2897	7.7188	8.2725	10.1743
198	19.543	11021.3716	55.6635	6.2083	9.4757	15.9248
195	18.0382	10440.4026	53.5405	7.2371	7.9961	14.4591
99	30.2875	10236.4517	103.3985	4.6559	16.2604	25.1248
583	24.3234	26435.7207	45.3443	11.6287	12.3664	17.4205
410	25.1925	19849.2872	48.4129	9.1844	10.7236	20.8641
1273	48.4621	65559.1709	51.4997	12.2162	25.7189	39.2158
105	17.2204	9576.4999	91.2048	5.8712	8.2653	13.9196
77	18.4786	7758.7819	100.7634	3.3803	7.6089	16.4966
618	27.1588	32491.6432	52.5755	10.8028	13.2153	21.1248
184	32.8988	12667.7952	68.8467	5.434	7.2305	31.631
754	26.8325	27430.3955	36.3798	10.0936	12.6557	21.3994
596	28.3496	31508.3028	52.8663	10.8788	12.7246	22.8787
488	44.9292	49680.9003	101.8051	20.4441	24.4992	31.6301
160	27.527	11412.9016	71.3306	5.9111	7.6666	25.7686
364	24.4344	20109.6861	55.2464	9.322	10.6129	19.9376
623	43.3966	33193.9007	53.2807	10.595	11.7707	40.4038
177	15.7967	9836.7164	55.5747	8.1127	9.0276	10.1105
265	25.633	16409.9292	61.9243	7.09	11.7135	21.6698
610	41.6618	33158.2419	54.3578	11.779	15.1479	36.9797
327	21.8067	17090.8605	52.2656	7.8659	10.8394	17.2096
339	20.0801	14919.0415	44.009	8.7562	9.8552	15.1465
300	20.131	14618.3688	48.7279	8.1771	10.5704	15.0551
750	35.1406	37362.3386	49.8165	11.4777	12.6118	30.7256
182	15.6131	9097.4949	49.9862	8.2328	8.5152	10.1725
268	32.2309	23143.5685	86.3566	10.0194	15.578	26.3774
88	21.8092	7300.8425	82.9641	5.6606	6.6614	19.9806
85	17.6609	7580.3746	89.1809	5.5952	6.6047	15.3942
89	16.0567	7421.2583	83.3849	5.0623	6.9388	13.5663
126	15.3737	8160.6505	64.7671	6.5237	7.9157	11.4514
224	18.6209	12527.5951	55.9268	7.5855	8.7853	14.5608
151	14.2802	7415.1201	49.1068	5.8262	8.8596	9.5649
96	15.6592	7070.4469	73.6505	4.8172	8.2355	12.417
287	19.867	13898.6243	48.4273	7.7888	10.3949	15.0326
289	23.5422	15754.5663	54.5141	7.5581	13.2647	17.9209
408	21.064	17554.6559	43.0261	9.205	10.8559	15.5278
165	17.8348	9705.9716	58.8241	6.3645	7.3989	14.9274
100	13.0749	6654.3291	66.5433	7.0203	7.1189	8.4256
82	17.4908	8278.1525	100.9531	6.9876	10.1905	12.3796
902	49.4831	46297.8448	51.328	9.4497	12.1528	47.0276
468	39.7375	45174.7892	96.5273	16.4028	21.8219	28.8759
153	23.6435	12371.7181	80.8609	6.5396	13.8163	18.0377
203	19.0226	12122.0188	59.7144	7.3462	11.888	12.9062
787	43.0646	49212.8878	62.5323	14.0855	16.1103	37.3713
427	44.6085	28533.1318	66.8223	8.4105	12.5317	41.9778
298	18.7615	13926.0492	46.7317	8.4159	10.6246	12.9724
574	43.9018	57291.4407	99.8109	17.7697	22.8214	33.0271
375	20.7812	15772.929	42.0611	8.4862	10.0257	16.1037
265	24.6043	15927.802	60.1049	7.9708	8.727	21.5796
920	34.2603	48753.9825	52.9935	15.8566	18.4551	24.1194
134	14.8066	8006.3839	59.7491	6.6031	7.6733	10.8054
253	20.2633	14067.973	55.6046	8.2366	11.3252	14.6458
306	18.6742	12695.9406	41.49	8.0363	9.7241	13.769
237	29.6131	20389.2238	86.0305	8.6787	13.8116	24.7155
908	40.4683	44219.1662	48.6995	12.4529	20.5945	32.5343
1206	35.1058	53265.8714	44.1674	13.6923	20.0285	25.373
182	16.9599	10301.933	56.604	7.2583	8.3632	12.8457
348	30.3829	28909.0661	83.072	10.1045	16.985	23.0766
66	23.6949	8023.1766	121.5633	3.2486	14.4111	18.5261
508	22.1437	19574.8004	38.5331	9.664	12.4619	15.5451
191	18.7023	11498.4674	60.2014	7.5967	8.1074	15.0446
325	35.59	18643.1563	57.3636	7.603	8.3626	33.7477
291	23.232	15121.9971	51.9656	8.1061	9.5151	19.5827
71	24.2073	9428.9674	132.8024	6.7863	12.6195	19.5112
97	14.3586	5832.6686	60.1306	5.0596	5.8324	12.1059
512	33.4699	35626.3975	69.5828	12.9111	15.245	26.8538
132	30.5412	11632.4976	88.125	6.1238	9.8536	28.2519
558	28.2275	25341.7071	45.4152	9.3856	15.6379	21.5443
643	27.4672	28988.3764	45.083	11.5223	14.13	20.5432
376	21.2194	15594.7415	41.4754	7.9525	11.3695	16.0548
389	21.9123	17900.705	46.0172	9.0749	10.6031	16.8929
71	14.8562	5933.5565	83.5712	4.4898	7.1049	12.2502
235	25.1163	16684.0321	70.9959	6.477	9.5322	22.3162
480	25.1568	22078.4035	45.9967	10.0192	12.4698	19.4161
411	27.6321	20360.6334	49.5393	8.9026	9.0623	24.5387
271	17.3492	11591.1538	42.7718	8.3424	9.6459	11.7625
173	26.9491	16802.9028	97.1266	5.6903	12.308	23.2893
488	23.2822	22184.7338	45.4605	10.1359	13.668	15.8905
124	20.6659	9808.3782	79.0998	7.5692	7.9365	17.5156
468	24.6674	22072.5492	47.1636	13.1222	13.5292	15.9138
617	32.1546	32141.3391	52.0929	11.0704	16.3801	25.3585
534	27.3584	27815.6067	52.0892	11.9844	12.2132	21.347
127	16.0648	9006.0776	70.914	7.2403	7.9038	11.9661
86	12.8149	6594.8496	76.6843	6.2326	6.7617	8.9251
437	28.5508	22417.6224	51.2989	11.0692	14.2403	22.1321
473	25.8431	30355.0019	64.1755	12.5264	15.2582	16.6776
572	41.3639	50915.3207	89.0128	16.4365	20.8597	31.7126
421	23.2405	20176.8674	47.9261	8.6349	12.3729	17.6768
113	20.5898	10746.8384	95.1048	5.597	7.026	18.5269
337	19.3029	14048.5781	41.6872	8.2011	11.0664	13.5233
358	21.5956	15460.6023	43.186	8.3604	9.5579	17.4676
358	21.4733	17006.2255	47.5034	8.1814	11.1164	16.4498
457	22.8105	18554.8762	40.6015	8.7107	12.4833	16.9885
239	20.4477	13516.5672	56.5547	7.3601	11.1058	15.5112
1203	72.4171	77714.6135	64.6007	15.7707	34.4963	61.689
87	13.775	7364.2422	84.6465	5.3162	7.5063	10.2539
1070	34.1945	45255.9293	42.2953	10.5169	20.2246	25.4878
213	17.677	10151.7206	47.6607	6.6867	8.2807	14.1136
296	20.1824	16109.6901	54.4246	8.7728	12.3274	13.3568
104	14.4157	7730.6146	74.3328	5.9842	6.9866	11.099
251	25.8518	17446.7029	69.5088	7.3943	11.9526	21.6974
394	21.7708	18234.4553	46.2803	9.0434	9.9556	17.1193
360	21.404	17272.138	47.9782	10.6445	12.0166	14.1572
383	26.4765	18223.3898	47.5807	8.4307	9.2705	23.3235
230	27.9741	15808.6014	68.733	6.807	11.8949	24.3871
74	16.4799	7513.1978	101.5297	5.2367	7.1999	13.8681
424	33.2426	22480.7763	53.0207	7.6533	12.7385	29.736
305	21.7404	15667.6081	51.3692	8.5518	9.3843	17.6479
229	19.1031	12743.8649	55.6501	7.5191	7.8324	15.7176
138	18.7172	9910.1238	71.8125	6.2452	9.9584	14.5657
167	19.5851	10352.0127	61.9881	5.3466	9.418	16.3185
101	13.2457	6886.6679	68.1848	6.3728	7.5669	8.808
175	22.6398	15815.3646	90.3735	7.4941	9.6366	19.0666
629	39.799	37082.8432	58.9552	10.6899	13.4122	35.9138
275	21.6683	16383.8635	59.5777	7.6553	12.1316	16.2399
714	28.2463	31178.6559	43.6676	10.8155	14.333	21.8046
529	24.7844	24973.9717	47.2098	10.3388	14.2304	17.4606
64	15.2517	5849.7982	91.4031	4.4477	6.0938	13.2552
233	18.1488	11655.6426	50.0242	7.8608	8.3148	14.0873
99	23.0165	10160.5873	102.6322	5.9044	14.1465	17.169
564	31.1412	29905.4113	53.0238	10.3914	15.351	25.0228
135	15.544	9639.4443	71.4033	6.7884	8.0764	11.415
640	38.5495	36083.3845	56.3803	10.1399	14.9924	34.0364
282	19.1732	13303.0865	47.1741	7.5058	10.0854	14.4762
70	19.6034	7536.5132	107.6645	4.5972	7.188	17.6491
516	32.1573	30033.4962	58.2044	11.8242	12.7499	27.0504
310	20.0404	13339.0617	43.0292	8.0059	9.2456	15.8759
651	27.2532	30483.4859	46.8256	9.9396	14.7526	20.6471
233	23.0387	15469.9241	66.3945	6.1242	13.5175	17.6225
329	20.8963	15223.8632	46.2731	8.5621	10.6088	15.8367
304	25.1169	14711.4422	48.3929	8.851	10.3974	21.0811
236	35.2823	26269.2449	111.3104	10.7234	19.9587	27.0463
192	16.9604	9947.6341	51.8106	5.9459	9.5803	12.6696
392	24.1218	19965.0387	50.9312	9.0367	10.5717	19.7089
365	22.2671	18311.9736	50.1698	8.9473	10.0556	17.7385
189	32.3482	17471.7684	92.4432	7.3566	19.6303	24.6362
245	95.9179	22755.7171	92.8805	6.8451	11.0461	95.0335
101	34.0723	11652.4537	115.3708	8.9053	14.0892	29.7171
573	34.2315	28805.8814	50.272	9.2046	11.6303	30.8514
289	37.3959	19515.7839	67.5287	7.8992	11.7718	34.6046
291	18.7411	13800.7259	47.4252	8.6528	10.9991	12.4651
423	25.9003	24611.1832	58.1825	8.929	14.121	19.7913
304	18.491	13067.6998	42.9859	8.3009	10.1662	13.0254
139	23.7622	11530.9893	82.9568	5.1345	15.3444	17.402
97	16.9574	8609.9272	88.7621	5.0049	7.7931	14.2047
561	29.8173	32145.6385	57.3006	10.1797	18.2869	21.2375
100	23.0771	7991.4565	79.9146	4.2094	4.9417	22.1452
792	27.129	29591.2024	37.3626	11.8674	13.4188	20.3736
702	31.0274	34682.5534	49.4053	11.8372	17.6026	22.6436
515	23.732	20486.3456	39.7793	10.0954	13.7659	16.4861
200	19.0984	12595.0331	62.9752	6.9756	9.6451	14.9352
277	21.2783	14788.4299	53.3878	7.989	10.5214	16.6805
302	35.1551	32189.8137	106.5888	13.3957	20.8129	24.9651
333	22.0481	18395.0481	55.2404	9.8304	10.0495	16.9849
547	26.6148	24740.5144	45.2295	10.7542	12.0442	21.1573
428	27.0882	21102.1626	49.3041	8.312	13.5907	21.9083
160	15.6907	8942.5732	55.8911	6.4706	8.4892	11.5006
273	19.2889	14518.8554	53.1826	8.1365	10.7818	13.77
368	21.1313	16215.3966	44.0636	8.4259	11.3027	15.7412
330	28.7425	21540.0424	65.2729	8.9763	14.5584	23.1
340	20.4251	15821.4248	46.5336	8.6424	9.4047	15.9389
174	26.1362	14850.1078	85.3454	11.6414	13.2454	19.2909
45	19.9753	4876.5817	108.3685	2.7382	3.7135	19.4352
218	26.8299	12480.1023	57.2482	6.5019	8.2691	24.6818
339	20.1525	15430.3704	45.5173	8.2773	10.1619	15.3083
61	14.7761	5647.3797	92.58	3.3994	5.9406	13.0953
170	22.1928	12917.564	75.9857	7.2103	9.4382	18.7471
733	41.3634	50365.4823	68.7114	13.6134	17.8219	34.7561
517	25.3224	25620.8835	49.5568	10.0546	13.8874	18.6351
285	28.4676	16046.0809	56.302	7.374	9.4516	25.8205
443	38.1352	33659.067	75.9798	12.8818	17.7404	31.2031
228	22.7683	14725.9352	64.5874	10.2014	10.8819	17.2021
161	15.0665	8638.9964	53.6584	7.455	8.7072	9.7779
485	31.7436	31158.5728	64.2445	11.7033	15.915	24.8475
367	22.6088	17968.5522	48.9606	8.0126	10.9274	18.0983
106	13.2665	6841.0219	64.5379	6.9172	7.3226	8.6331
2201	52.3998	100838.6607	45.8149	18.9275	25.1485	41.8932
113	23.1623	11615.0037	102.7876	5.5772	6.3384	21.5688
369	25.3924	17770.1536	48.1576	10.0779	14.5743	18.188
377	21.7577	18157.6353	48.1635	11.1113	11.7602	14.5477
170	68.3485	16367.2475	96.2779	4.2627	7.866	67.7605
202	27.8773	16806.2755	83.1994	10.5954	13.1596	22.1744
274	20.1574	14729.7648	53.7583	7.2384	11.3831	14.9784
324	19.1885	14026.4858	43.2916	10.2085	10.9732	11.9823
187	16.0136	9956.3879	53.2427	8.0013	8.3935	11.0438
936	33.4702	42233.515	45.1213	12.5213	15.3212	26.995
109	17.4452	8518.7735	78.1539	4.534	9.3467	14.0149
207	17.4005	11689.6929	56.4719	7.8785	9.2174	12.4798
283	25.1006	18558.4646	65.5776	7.4639	16.1263	17.7278
165	29.7343	16779.5576	101.6943	7.5683	16.0424	23.864
113	22.3679	7888.3957	69.8088	3.6126	5.6344	21.343
75	31.3462	7796.2457	103.9499	3.6653	6.351	30.4764
608	41.4054	29951.4152	49.2622	8.5734	16.7446	36.8853
159	15.4701	9014.2718	56.6935	7.052	8.3184	10.9726
315	20.0868	15018.5382	47.6779	9.1845	11.5866	13.5969
240	24.6894	14703.0267	61.2626	6.6466	9.6381	21.737
529	25.9653	25372.4232	47.963	8.7977	14.8712	19.3816
345	30.5554	17522.1456	50.7888	7.469	9.2912	28.1339
261	19.3667	13587.5187	52.0595	7.8117	9.2562	15.1119
157	14.3302	7664.0595	48.8157	7.5075	7.7898	9.3974
285	26.4161	19443.1784	68.2217	8.5531	12.7411	21.5016
410	22.3712	17726.0942	43.2344	8.6394	10.7087	17.6396
112	27.4358	10213.1195	91.1886	5.4782	10.372	24.8019
475	30.9224	25715.9433	54.1388	11.0092	11.8657	26.3476
501	27.4747	26787.986	53.469	11.7625	14.8153	19.9251
449	22.6275	19910.0705	44.3431	8.7987	12.5179	16.67
79	14.0562	7638.1672	96.6857	6.0143	6.495	10.9188
335	18.9917	15493.9886	46.2507	9.725	10.7122	12.3028
611	25.0746	25375.0223	41.5303	11.3983	13.1253	18.0704
298	29.0854	17711.6072	59.4349	6.4349	9.8606	26.5955
1238	43.6811	59121.5184	47.7557	12.6514	14.5291	39.2031
537	28.2298	25046.3473	46.6412	8.788	15.1173	22.1621
585	23.4856	24594.3968	42.0417	11.1762	12.9429	16.098
158	21.2518	13465.13	85.2223	5.9644	9.2588	18.1752
61	14.4657	6497.696	106.5196	5.8883	8.7816	9.8726
214	17.2209	10818.5589	50.554	7.263	10.1663	11.8514
410	55.5312	52688.8828	128.5095	18.8084	24.0762	46.3712
472	26.2939	23746.4944	50.3104	7.6419	12.0793	22.0695
140	18.412	8946.8718	63.9062	6.2467	7.7037	15.5123
298	21.9546	16142.2049	54.1685	6.6447	12.3586	16.8854
89	18.0369	10285.4882	115.5673	6.6399	9.8131	13.5994
78	28.4371	9304.093	119.2832	5.9026	14.7695	23.5731
136	26.9982	10586.2607	77.8402	5.6936	6.1031	25.6756
336	20.1041	14977.7385	44.5766	9.206	11.7554	13.4623
116	23.8078	9262.4367	79.8486	3.6073	11.6481	20.448
251	24.8779	21391.2137	85.224	8.6771	11.6634	20.1887
202	17.4097	10751.9705	53.2276	6.1848	9.1658	13.4474
154	44.8398	12691.927	82.4151	5.051	5.5175	44.2114
193	22.4185	14713.5605	76.2361	7.4612	8.5069	19.3534
787	43.4276	56820.9121	72.1994	16.5111	25.3717	31.1387
356	21.2147	18562.1844	52.141	9.0461	11.8797	15.07
281	19.5919	13797.7037	49.1021	8.0811	10.586	14.3692
643	29.4607	30232.0936	47.0173	11.1052	12.1563	24.4302
291	22.8417	16872.7346	57.9819	8.6015	10.3069	18.4805
396	21.4402	17797.5602	44.9433	7.8161	13.3055	14.8847
86	17.8067	8785.5707	102.1578	6.4986	10.528	12.8066
420	23.087	19539.6186	46.5229	9.3742	9.844	18.6609
410	23.2629	19130.6455	46.6601	8.4085	13.8017	16.7324
983	35.1835	49232.4455	50.0839	12.4546	18.9152	26.9255
460	21.7052	19009.3972	41.3248	9.4593	12.4214	15.078
66	15.7785	7068.4461	107.0977	6.939	8.2463	11.5243
190	17.6506	10794.26	56.8119	6.2679	10.6794	12.578
126	31.4859	12276.7619	97.4346	8.8919	12.3191	27.5778
430	26.6929	22433.5411	52.171	10.8066	11.1488	21.7125
106	18.2225	8386.1116	79.1143	5.8731	7.2694	15.6436
311	19.3926	14735.8164	47.382	8.8313	9.793	14.219
336	18.7655	14179.461	42.2008	8.7586	10.5005	12.8518
311	21.1041	16425.0828	52.8138	8.9338	10.0844	16.2442
369	37.6086	23834.6901	64.5927	8.4889	12.1239	34.574
101	19.4888	7691.077	76.1493	4.563	5.9191	17.9987
479	30.2812	32043.3319	66.8963	12.3139	16.2051	22.4212
602	27.8903	33329.5161	55.3646	11.2654	13.8091	21.4539
1083	35.2333	46777.8589	43.1929	10.5434	20.6534	26.5266
429	22.7683	21244.959	49.522	9.1242	13.8408	15.6069
99	23.4077	7671.7409	77.4923	4.0021	5.1897	22.4715
184	20.8259	12103.482	65.7798	6.531	8.4192	17.8936
87	14.5502	7156.132	82.2544	5.691	7.7712	10.9055
197	16.0838	10399.4415	52.789	7.9152	9.2036	10.5514
202	32.0199	15895.0831	78.6885	6.5957	10.906	29.3739
215	25.3024	15184.5274	70.6257	6.5694	16.0904	18.3889
322	22.4856	18258.8091	56.7044	8.6935	10.8425	17.6767
303	20.3803	16689.5105	55.0809	9.3229	12.0663	13.522
250	20.9027	13865.709	55.4628	6.8775	10.4073	16.7723
243	20.5787	15943.7059	65.612	8.0584	12.0945	14.5694
1059	39.1954	46303.3393	43.7236	11.796	17.5769	32.9877
368	20.9174	17453.1998	47.4272	8.6897	11.4804	15.1732
318	22.9217	16893.2978	53.1236	7.2648	9.7023	19.4549
210	24.6516	15434.9853	73.4999	8.0698	10.3712	20.8571
476	22.863	20340.553	42.7323	9.7765	11.2358	17.3463
509	30.6416	26937.0202	52.9215	10.1281	13.3189	25.6698
569	25.7211	24866.6026	43.7023	10.7499	15.133	17.8047
200	17.2999	11645.8058	58.229	8.084	10.1954	11.4013
171	23.3985	11196.9039	65.479	5.5063	7.1497	21.5882
362	20.1213	15620.4996	43.1506	8.7684	11.2566	14.187
327	21.9623	17109.7888	52.3235	8.8702	10.029	17.4092
84	28.5705	8914.3762	106.1235	5.8347	8.5378	26.6334
135	26.4335	12608.732	93.398	6.3162	14.0826	21.4596
188	25.5582	13502.5908	71.8223	7.7534	16.3029	18.092
256	21.0344	14951.2692	58.4034	8.1486	8.4943	17.4326
324	24.1557	22010.7007	67.9343	9.7518	11.9955	18.5609
698	29.1396	36440.1064	52.2065	13.5989	15.7355	20.4103
251	16.9934	11653.0757	46.4266	8.0044	9.6722	11.4523
300	21.7733	15811.6814	52.7056	9.6187	9.9139	16.8307
251	28.225	21164.981	84.3226	9.0198	11.1758	24.298
222	19.5792	12417.3422	55.934	7.49	9.3639	15.4778
102	23.5685	7643.0664	74.932	3.7087	5.1271	22.7031
230	16.764	10885.7742	47.3295	7.7535	9.0163	11.8162
311	24.0262	16706.172	53.7176	8.0438	10.0742	20.2747
100	27.0513	12724.1551	127.2416	6.3354	12.3848	23.2003
406	23.6163	21069.8027	51.8961	7.9438	14.2133	17.1058
228	25.296	16797.1994	73.6719	7.9755	14.5346	19.1055
330	29.4848	23492.1459	71.1883	9.9857	12.3611	24.8363
481	41.2919	29381.7243	61.0847	9.4999	13.4724	37.8585
404	21.6938	18336.3669	45.387	9.6657	11.7737	15.4459
505	24.0785	23222.2237	45.9846	12.3021	14.3933	14.875
71	27.4946	8176.2778	115.1588	4.6696	6.2505	26.3644
298	21.275	16799.9089	56.3755	8.138	11.5651	15.8949
2116	54.3785	91060.6582	43.0343	13.446	26.6531	45.4515
330	20.4862	15390.1374	46.6368	8.178	11.1734	15.0983
593	27.5842	31916.7333	53.8225	11.2881	16.4855	19.0182
123	15.4404	7371.6447	59.9321	5.9863	6.783	12.5124
267	22.8184	15302.1083	57.3113	7.6867	11.134	18.3746
530	25.0823	23412.3659	44.1743	9.7566	12.9744	19.1206
215	17.2649	11151.7354	51.8685	8.3429	9.9721	11.3591
80	17.9596	7735.3393	96.6917	5.4907	6.6632	15.7481
145	14.6357	7892.7305	54.4326	6.6283	7.4826	10.6902
554	25.4842	24436.3874	44.109	12.4386	12.6949	18.2637
296	18.7929	13567.0839	45.8347	8.2906	9.557	13.8962
649	28.7631	31121.4996	47.953	9.5464	12.649	24.0039
72	15.7815	7166.6305	99.5365	5.933	7.4956	12.5567
286	32.3647	22825.3964	79.8091	9.3288	18.1571	25.1151
237	18.2814	11692.8526	49.3369	7.5421	8.3167	14.4278
577	28.7237	39407.9325	68.298	11.3252	15.3253	21.4924
597	34.5237	30485.9167	51.0652	10.1791	11.6586	30.8601
574	24.7311	25722.6652	44.813	10.9685	12.7062	18.1624
123	16.1317	8699.6572	70.7289	6.2467	7.3448	12.933
320	23.6129	17823.8636	55.6996	8.6624	9.9676	19.5749
319	25.1882	18981.4224	59.5029	7.4909	14.1957	19.4118
146	29.1858	12806.8036	87.7178	5.9005	14.9821	24.3419
281	19.2585	12641.923	44.989	7.6899	9.2862	15.0173
200	28.1164	17445.9207	87.2296	10.9947	14.8158	21.2166
202	16.5429	9998.3092	49.4966	6.514	10.0979	11.3696
80	17.065	8933.4721	111.6684	5.6602	6.7119	14.6331
287	24.2336	15662.6392	54.5737	7.2163	12.8673	19.2257
282	18.2209	12347.8408	43.7867	7.375	10.5124	12.9267
924	42.9562	68464.1504	74.0954	21.2612	25.2411	27.4969
505	24.217	23302.556	46.1437	10.3948	10.9785	18.9179
500	35.1439	28510.8541	57.0217	8.957	13.9958	30.9675
354	23.72	15276.7924	43.1548	8.2289	10.0642	19.8402
252	19.3719	13587.8273	53.9199	8.6188	9.5928	14.4557
441	35.1394	24790.1076	56.2134	8.6648	12.1031	31.831
313	20.3675	16922.0974	54.0642	8.5682	10.5456	15.1727
426	26.0134	21341.2739	50.0969	8.6175	11.2519	21.8135
214	16.6941	10994.6775	51.377	8.5587	9.5222	10.713
101	18.864	9306.8242	92.1468	4.8148	7.4496	16.6485
87	14.029	8369.8617	96.2053	6.0999	8.0522	9.7348
168	26.4081	14924.1769	88.8344	6.3443	15.4622	20.4465
666	31.0724	34309.2439	51.5154	10.9069	11.5986	26.6835
184	39.7775	14320.0409	77.8263	5.7141	8.2242	38.4962
96	13.8556	7057.3412	73.514	6.1822	6.4358	10.599
230	21.8524	16435.9747	71.4608	8.0578	12.4995	16.0113
944	28.5258	37253.1441	39.4631	12.3197	16.2459	19.9504
228	18.0158	11550.1062	50.6584	7.7817	8.2729	13.9847
135	16.4747	8731.2003	64.6756	6.365	6.5987	13.6879
1540	50.6554	69993.6914	45.4504	12.6115	19.6272	44.9633
259	35.0648	25810.8609	99.6558	15.2026	19.9924	24.4688
128	14.1906	7612.5808	59.4733	6.3114	8.1778	9.7295
132	16.5055	8753.3883	66.3135	5.8414	7.8655	13.2832
366	22.0762	16174.9302	44.1938	9.7075	10.0099	17.1151
739	30.9247	38032.5804	51.4649	13.3521	19.3504	20.0902
601	28.7985	32630.4815	54.2936	14.1853	15.7547	19.4916
471	37.0069	35907.6918	76.2371	14.6156	15.8137	30.0969
548	25.9499	27442.3568	50.0773	11.8686	14.4841	17.965
711	35.2918	38280.0892	53.8398	13.0002	15.9237	28.6869
297	21.668	15815.2912	53.2501	7.272	10.7625	17.3432
206	21.4729	14169.4237	68.7836	6.902	10.7945	17.2315
89	14.1146	6579.1027	73.9225	5.0782	7.3051	10.9576
187	21.7849	11582.6689	61.9394	5.4938	10.6601	18.1869
760	26.6844	30483.5283	40.1099	11.3311	13.5556	19.9978
488	29.6096	30388.5424	62.2716	11.3604	15.767	22.3399
80	11.9899	5196.8643	64.9608	5.1203	6.1483	8.9297
525	29.6454	25475.6654	48.5251	11.1051	15.3716	22.7868
64	28.5952	6811.8997	106.4359	2.9092	4.1394	28.144
136	13.8827	7363.1392	54.1407	6.5632	8.3907	8.9022
249	18.1803	12903.5713	51.8216	7.3653	10.9111	12.5389
646	30.2304	34609.6295	53.5753	12.0929	13.7585	24.0487
224	17.2578	11749.8258	52.4546	8.3083	9.8393	11.4887
132	18.6948	9461.8567	71.6807	6.1544	7.6968	15.8864
245	20.0262	12452.9107	50.8282	6.5151	9.2027	16.5503
609	42.1218	36865.3585	60.5343	10.3106	14.0309	38.3546
721	37.1042	36896.8414	51.1745	10.0352	14.1289	32.8084
332	24.0868	16734.8933	50.4063	7.362	12.9173	18.9504
93	33.3351	10075.299	108.3365	4.6308	5.8966	32.481
385	20.5298	18083.4297	46.9699	10.591	11.855	12.9908
656	36.9628	36657.9139	55.881	11.6767	11.829	33.0148
446	55.7766	28578.3108	64.0769	6.9816	11.492	54.1315
458	29.658	26105.4877	56.9989	8.2921	14.1557	24.7073
934	29.2681	38788.4909	41.5294	13.1134	16.6456	20.1886
429	26.8294	24540.5173	57.204	13.3258	14.9072	17.8889
316	24.3454	18663.5258	59.0618	8.4435	12.0754	19.3802
371	21.3867	15397.3035	41.5022	8.6156	9.8611	16.9091
188	18.0158	11110.6817	59.0994	7.0551	8.7642	14.0707
322	24.3673	16971.486	52.7065	9.1359	9.9022	20.3039
