79.3589	15.5604	0.7679
96.6956	4.0874	0.9919
90.0719	11.3429	0.9177
91.9161	10.6703	0.908
85.3977	9.7018	0.9347
92.8821	6.1196	0.9824
91.9004	9.8258	0.9621
80.1272	18.5374	0.8285
86.2429	8.1239	0.9483
92.9063	7.4259	0.9668
84.9454	17.1065	0.8262
94.3762	6.5038	0.985
93.1226	5.7935	0.99
97.024	3.4191	0.9979
94.4471	7.2405	0.9851
94.5456	7.702	0.9625
96.6224	2.2632	1.0
95.2384	4.3376	0.9972
96.3162	2.9815	1.0
78.5796	19.3032	0.7057
93.6043	8.1334	0.9709
78.2521	11.0764	0.7321
88.2394	13.7335	0.8881
96.6182	3.3565	1.0
93.8741	6.6589	0.9897
91.8503	11.3119	0.9147
90.5699	9.8875	0.9551
93.6258	6.4061	0.9816
93.7143	7.2875	0.9935
77.0368	11.7649	0.7397
90.9768	10.6582	0.9292
88.4749	11.3942	0.8475
71.822	8.1639	0.5
89.0058	9.4149	0.9488
96.5345	4.7609	0.9916
95.5064	4.2214	0.9977
93.0911	5.6287	0.9886
97.8827	3.2116	0.9947
94.8507	5.952	0.9891
82.4291	13.863	0.782
88.5496	10.8315	0.9294
88.763	8.2592	0.977
94.3766	10.4399	0.93
94.0834	8.8472	0.9639
91.4876	7.8629	0.9583
72.3908	13.5397	0.5
95.2962	4.5124	0.9941
87.6871	14.5474	0.7876
85.5897	13.1295	0.886
95.8919	3.651	1.0
96.575	3.9549	0.9967
90.0042	9.8229	0.9548
98.1004	1.3215	1.0
88.9269	7.6734	0.966
95.6445	6.1378	0.976
86.8266	8.3822	0.9435
97.0395	2.3364	1.0
94.7913	5.3114	0.9958
64.9447	21.4318	0.4097
80.0603	15.3618	0.7602
87.356	8.5535	0.9601
84.7874	10.4644	0.8739
93.5289	12.1412	0.9526
86.7243	10.2773	0.906
98.3956	2.3921	0.9976
93.749	6.3642	0.9874
97.1264	5.2082	0.9896
93.2456	5.8926	0.9867
88.504	9.544	0.9241
96.8457	3.2814	1.0
73.7261	25.9532	0.6355
97.8275	1.2064	1.0
95.4991	6.9259	0.9701
92.9068	7.7261	0.9597
92.6782	8.4426	0.9577
91.5967	7.1515	0.9733
83.4503	10.4062	0.8548
95.4059	3.889	0.9983
89.091	5.5314	0.9787
79.834	18.3233	0.8296
85.3411	13.9781	0.8299
90.5718	8.3431	0.9697
83.823	10.0108	0.9133
95.9157	7.763	0.9764
94.2437	6.8033	0.9804
87.014	7.2875	0.9707
94.9514	5.8332	0.9885
93.6269	5.853	0.9769
93.7887	6.8507	0.9709
95.3201	3.2398	1.0
87.4668	14.4812	0.9005
96.642	3.6425	1.0
95.3671	4.1263	1.0
87.4031	9.1676	0.9254
80.1839	14.5946	0.8473
93.1605	6.0497	0.9926
95.8516	4.588	0.9958
95.3501	4.7465	1.0
84.2906	15.1273	0.8378
88.566	13.6335	0.8848
88.4746	9.6869	0.9504
96.9606	3.0578	1.0
88.7005	15.0542	0.8922
94.3218	4.7011	0.9954
61.9969	3.6056	0.0
95.2041	6.6077	0.9925
95.9223	4.7004	0.9922
89.4666	11.9552	0.8742
94.5728	5.6622	0.9905
92.2808	8.3501	0.9641
92.6666	11.066	0.9316
71.3422	19.4217	0.592
95.1956	4.3344	0.9949
93.8829	8.6542	0.964
46.9358	8.7618	0.0
84.8386	11.7911	0.9022
87.9421	13.2029	0.8761
92.0931	10.1587	0.9544
64.47	14.0408	0.374
91.5083	12.6658	0.9048
97.3765	4.2105	0.9974
96.7173	4.2834	0.9931
91.3521	10.1055	0.9615
93.1882	9.7472	0.9502
92.5063	14.4274	0.9341
92.494	12.9183	0.9469
92.5216	13.3063	0.9109
97.2159	3.0087	1.0
95.8607	3.5649	1.0
87.7756	8.504	0.95
94.4105	7.3648	0.9699
91.4446	3.4394	0.9915
90.9425	10.3388	0.957
92.2078	5.7743	0.9842
88.277	12.4723	0.9182
95.4948	5.3589	0.9887
96.0226	2.6891	1.0
91.2385	18.0315	0.8788
96.4627	3.3071	0.9933
86.3535	12.1102	0.8694
94.7686	5.4577	0.9918
96.947	2.6947	1.0
78.7809	17.6126	0.757
94.0668	7.3681	0.9715
95.4058	8.0765	0.9607
75.8784	17.6311	0.7313
51.3153	20.7476	0.2673
94.2739	5.0489	0.9975
80.039	25.1822	0.7678
92.615	7.033	0.9852
83.4738	22.1578	0.7905
94.4969	7.0803	0.9704
95.9974	4.7536	0.9922
78.182	21.3687	0.6836
91.5577	8.4802	0.9627
92.1947	6.3195	0.9863
93.21	4.5555	1.0
92.7635	7.7264	0.9726
95.882	6.3564	0.9825
93.8073	7.9661	0.9632
97.075	2.0685	1.0
95.9104	6.8292	0.9817
95.8459	5.7258	0.9781
86.9935	10.6111	0.8929
86.727	15.2034	0.8763
78.695	24.7261	0.75
90.0519	12.468	0.9402
97.4829	2.2933	1.0
92.9162	7.1995	0.98
97.0165	1.9643	1.0
93.5976	5.2539	0.9954
87.8085	12.1204	0.8991
97.2219	3.5273	0.9978
80.1027	14.4602	0.797
93.6548	7.6294	0.9638
89.9566	12.2203	0.92
80.9685	11.983	0.85
94.5502	7.481	0.9732
89.9409	8.3394	0.9711
83.729	6.0479	0.9653
83.8265	15.9802	0.7791
92.8196	14.1568	0.9311
94.0065	5.8937	0.9877
96.2997	4.2131	0.9971
93.2908	7.5635	0.9794
89.6255	10.7059	0.9391
96.7482	2.8608	1.0
93.2076	5.5564	0.9916
91.8348	9.433	0.9593
94.1202	3.8653	1.0
78.8754	13.9402	0.7525
88.3507	18.2584	0.8683
97.2297	4.2849	0.9936
92.542	10.1238	0.9476
86.9901	14.7467	0.9183
95.9999	6.4985	0.9826
89.2952	8.7011	0.9591
97.0909	4.3131	0.9909
95.5419	4.6451	1.0
91.5985	8.3473	0.9665
93.8103	4.2163	0.9983
88.3102	14.9298	0.8884
96.6725	2.052	1.0
91.0397	8.8366	0.9548
93.1404	4.824	0.989
80.7574	10.7854	0.8564
59.6214	15.5573	0.3269
90.5971	13.0563	0.8925
95.4016	3.8208	1.0
79.2261	16.1724	0.7273
97.3269	2.8979	0.997
87.4651	12.515	0.8947
76.9051	17.1512	0.7201
96.1617	4.0096	0.9978
96.2119	4.2956	0.9953
91.7499	5.7149	0.9895
91.6637	8.4941	0.9664
89.0796	8.2526	0.9432
91.0013	9.7084	0.9421
92.2018	6.9077	0.9721
86.6923	14.9247	0.8678
98.4352	0.8201	1.0
94.2909	7.3941	0.9747
89.9752	13.5893	0.9241
88.6599	14.5847	0.9062
94.3302	10.1378	0.9507
92.5481	5.8103	0.9856
89.7422	9.0088	0.9398
89.0074	12.1305	0.9243
88.267	8.9927	0.9551
93.2242	6.8293	0.9738
94.6149	13.244	0.9519
96.5059	4.963	0.9902
95.2467	5.5217	0.9892
91.8623	13.3673	0.8967
94.8093	4.4342	0.9891
96.0951	3.8434	1.0
94.9714	6.098	0.9831
95.6405	5.6009	0.9876
94.3844	9.1634	0.9621
93.4524	7.6213	0.9744
91.7004	5.697	0.9935
91.2164	6.6269	0.984
84.1049	8.0076	0.8689
97.2971	2.7367	0.9979
97.6214	4.1744	0.9914
97.8263	1.8674	1.0
96.4421	2.8711	1.0
94.9343	4.9373	0.9887
96.3471	6.9463	0.9772
96.089	3.0673	1.0
89.4344	8.0962	0.9648
94.9715	5.725	0.9876
89.4262	7.5699	0.9767
83.059	13.8805	0.7541
94.5239	5.4023	0.9913
95.8364	6.4557	0.9858
94.0141	5.6677	0.9855
94.7816	4.1316	1.0
92.3882	13.2049	0.9457
93.7639	4.6818	0.9857
94.4848	7.5963	0.9614
80.8325	15.8817	0.6957
97.0537	2.9756	0.9977
96.7362	4.9565	0.9917
94.4915	9.3553	0.9679
58.8437	16.9103	0.3692
85.8158	13.6818	0.8629
95.7522	4.6553	0.9922
94.1026	2.9162	1.0
95.6163	6.8234	0.9802
80.0072	15.5965	0.7
97.9231	3.1853	0.9949
82.572	14.6011	0.8024
92.8569	6.4943	0.9821
97.7741	2.7953	0.9948
85.6158	12.225	0.9066
93.5349	8.2678	0.9704
97.0448	1.8925	1.0
92.9539	7.3085	0.9719
90.4901	8.5304	0.956
92.951	5.1035	0.9814
96.798	3.9564	1.0
94.774	5.8647	0.9813
93.36	13.3457	0.9417
95.0444	7.1977	0.979
92.2333	10.3127	0.9574
91.2819	9.148	0.9375
96.2505	8.4091	0.9593
94.533	3.217	1.0
50.6804	23.7985	0.2742
81.5325	15.9732	0.7701
97.3229	2.1142	1.0
90.3214	9.4147	0.9565
95.1289	4.0816	0.998
91.7831	6.6367	0.9811
91.0416	5.4882	1.0
96.8915	2.0028	1.0
84.3367	15.6011	0.8428
93.0845	8.2898	0.9488
96.4591	3.9666	0.994
92.7005	13.0214	0.9179
92.9201	4.8431	0.9965
86.0846	11.7748	0.8382
89.1009	12.1301	0.9276
78.7389	15.671	0.7717
91.5563	11.5861	0.9593
95.7724	3.6867	1.0
82.6216	9.5372	0.8834
87.1945	8.2357	0.9582
90.9051	7.2933	0.9759
90.0752	11.1224	0.9239
91.7738	3.4774	1.0
97.2532	2.3585	1.0
82.5122	16.3189	0.7967
82.1181	14.6948	0.8341
81.5258	16.8841	0.6301
89.9851	16.2082	0.864
96.0712	4.3188	0.9903
90.1932	11.8164	0.9415
91.9363	9.7616	0.9341
93.9564	5.8788	0.9832
87.1739	18.0033	0.8763
93.4959	11.0939	0.9558
88.6113	10.6704	0.9375
93.9039	7.8991	0.9681
92.2342	6.0357	0.9843
92.5538	6.0649	0.9975
96.1094	3.8433	0.9957
91.9226	8.272	0.9579
76.579	17.5253	0.681
95.6444	3.2801	1.0
91.1291	8.6881	0.9653
93.0077	8.5711	0.9558
71.1552	16.9776	0.4058
87.7307	5.0884	0.9867
94.8179	9.6276	0.9491
96.8925	3.1161	1.0
97.0214	2.5943	1.0
95.2024	3.7436	1.0
79.7188	10.8514	0.835
95.2077	4.5888	0.9938
83.335	19.1211	0.8339
89.0974	8.3391	0.9701
93.9533	7.9978	0.9652
92.2184	7.7518	0.973
95.5745	3.7058	1.0
95.2232	8.0511	0.9591
96.2832	5.7169	0.9809
87.6255	11.2664	0.9167
80.9812	18.2192	0.8
90.2213	9.6626	0.9522
96.5857	2.37	1.0
92.4637	7.4525	0.959
89.9903	8.1484	0.969
87.9419	12.8336	0.9017
93.7591	5.9362	0.9875
94.5953	10.4782	0.9618
93.2076	8.3285	0.9706
91.8104	8.7763	0.9635
97.6572	2.3456	1.0
91.0122	6.9994	0.9775
94.7692	4.8498	0.9958
93.6742	5.9989	0.9957
93.0661	5.761	0.9911
84.2068	8.1418	0.9
87.6644	7.892	0.9641
87.4324	6.4271	0.9751
94.9099	5.2777	0.9941
81.161	9.4309	0.8958
96.7287	4.1947	0.9867
84.3389	10.2139	0.9067
92.6102	6.8912	0.9758
86.8979	12.5631	0.8846
93.0172	6.4547	0.9929
86.2947	12.415	0.9023
95.6576	4.9024	0.995
96.2286	4.963	0.9883
82.3207	18.0623	0.7818
87.9801	13.0314	0.8757
65.5716	11.5331	0.2767
91.9424	13.7068	0.8895
80.7301	15.3744	0.7353
94.3072	5.1976	0.9882
95.6549	4.4799	0.9949
91.5548	5.9077	0.9683
89.3103	11.8858	0.9137
94.081	8.113	0.979
86.8485	9.3188	0.9253
68.4273	20.258	0.5747
92.7563	8.3855	0.9638
94.854	8.052	0.9857
91.1888	4.9871	0.9966
83.8944	7.7453	0.96
94.621	4.3941	1.0
94.3166	14.2554	0.946
94.4966	6.8025	0.9833
95.4786	6.3342	0.9857
88.7401	8.0932	0.9583
94.5735	6.0344	0.9838
96.9366	3.3419	0.9976
92.7599	8.4821	0.9651
91.2571	11.7413	0.9284
94.6431	4.1725	1.0
90.5055	4.485	1.0
96.1322	3.307	1.0
92.0491	12.8525	0.9259
93.3227	7.4397	0.9665
96.3635	5.0239	0.9842
71.3199	22.1038	0.5463
92.2235	6.8902	0.9752
83.0362	8.9033	0.8898
93.1561	14.4211	0.9081
97.4804	1.851	1.0
96.7733	7.138	0.9848
92.4038	4.7423	0.9877
96.2497	4.5153	0.9858
75.8493	16.9663	0.7452
93.8943	11.3526	0.9186
88.9767	7.0879	1.0
91.6013	8.4327	0.9551
86.5501	10.1211	0.9141
96.3179	4.026	0.9965
92.1474	7.6596	0.9646
85.4682	14.4522	0.7576
91.9617	9.5936	0.9657
88.6876	8.9247	0.9402
80.7005	18.3619	0.7694
93.966	7.1085	0.9773
90.6057	6.0653	0.9915
89.5548	10.4887	0.9496
86.9459	16.1872	0.855
89.077	8.6203	0.9714
94.825	5.3752	0.9933
92.3405	12.6886	0.9
90.8851	15.7353	0.8905
87.9984	16.0965	0.7975
90.5314	13.7131	0.9048
87.9106	15.4829	0.8226
97.2867	1.8112	1.0
85.5346	14.1597	0.8241
89.8937	11.1666	0.9267
96.2187	3.7167	0.9986
85.9864	15.3287	0.868
96.4272	4.0825	1.0
95.4785	4.6624	0.9955
90.6925	8.0553	0.9726
96.8526	5.7001	0.9912
90.2068	9.0773	0.9558
91.0442	12.2965	0.9386
70.2548	21.7748	0.4781
96.048	4.6592	0.9985
91.9856	8.4594	0.9648
94.563	9.3918	0.9435
94.5665	6.7808	0.9818
96.9906	5.425	0.9854
61.9671	13.1733	0.2857
94.7941	5.3783	0.9964
91.0826	10.9884	0.949
83.7692	10.9998	0.88
90.8627	8.1913	0.9441
95.6345	4.2643	0.9955
86.8282	10.0441	0.9186
87.7478	18.7654	0.8446
92.0645	14.2823	0.9279
95.1885	5.2248	1.0
86.1414	13.3205	0.877
92.5442	10.9396	0.9322
95.7431	7.0516	0.9779
83.91	22.4088	0.7934
74.951	15.0445	0.6286
84.2861	17.5022	0.8544
93.5466	14.026	0.9368
96.7375	2.5015	1.0
92.576	6.3256	0.9777
92.5351	9.4197	0.9565
97.8511	1.4678	1.0
91.8088	8.1331	0.9767
96.8987	3.3964	0.9942
93.1622	8.7	0.9499
84.5306	15.1897	0.8269
90.1934	10.549	0.9305
89.2582	11.0266	0.9077
87.4749	18.5444	0.8991
92.9556	8.5283	0.9622
67.4303	5.5938	0.2973
80.7735	8.2995	0.8269
87.6649	8.3304	0.9438
88.0921	10.6748	0.9328
97.025	3.6305	0.9933
91.1588	7.748	0.9648
92.3115	6.7331	0.9856
77.1362	12.8852	0.7209
71.1075	26.3046	0.6406
96.7548	4.0687	1.0
89.8322	9.6507	0.9375
84.8925	13.486	0.844
94.0031	8.6152	0.963
82.6499	6.4155	0.9574
93.6032	8.49	0.9628
95.2523	10.7408	0.928
69.5225	23.9514	0.6719
90.9797	12.3976	0.9094
95.818	3.3801	1.0
95.6878	4.7463	0.9934
88.7689	10.2825	0.9238
90.8149	10.6911	0.9365
92.7118	4.4864	0.9902
75.6878	22.8705	0.6957
87.1937	19.3784	0.875
96.4804	2.749	1.0
87.5015	15.6426	0.8978
83.4109	9.8655	0.8889
91.3374	6.0876	0.9874
91.0379	6.0262	0.9769
89.928	11.2363	0.934
92.8621	13.2619	0.9363
89.7894	13.0116	0.9163
88.8198	12.2991	0.8862
93.4973	7.8877	0.9628
96.685	2.8393	0.9967
65.3035	28.683	0.5841
94.2276	6.8582	0.9802
91.7039	11.3489	0.9524
81.8844	16.3784	0.7976
89.6517	8.4192	0.9741
96.498	3.3806	1.0
94.2665	9.1467	0.9466
82.7235	10.9444	0.8427
92.1864	6.5135	0.9875
81.5912	14.3689	0.7674
89.8651	8.7888	0.9558
84.1588	10.3171	0.91
89.98	5.1194	0.9947
91.1321	10.2364	0.9561
84.8442	9.2069	0.9444
97.2348	2.9503	1.0
96.981	3.4643	0.9939
87.687	8.3713	0.9298
88.712	13.9314	0.9236
95.5681	4.7054	0.9959
94.2093	7.7547	0.9689
89.2609	6.9512	0.9665
95.1451	9.8708	0.9641
95.7692	3.2614	1.0
96.5792	2.5177	1.0
61.3261	7.9764	0.2222
93.8701	7.2983	0.9824
92.4214	8.7497	0.9574
91.6798	13.2959	0.9363
94.7784	5.349	0.9865
94.5209	8.8808	0.9571
97.546	4.1928	0.9945
81.7424	19.4748	0.7597
65.8915	21.3253	0.4556
92.5049	10.0479	0.9354
83.7654	14.9833	0.7876
87.4412	14.2676	0.8611
87.6293	9.0401	0.9357
97.5721	2.5011	1.0
95.1395	6.5604	0.9778
94.3411	5.1729	0.9916
86.4757	8.3816	0.9381
88.0996	10.8438	0.9392
80.6122	18.3373	0.7708
78.4101	11.296	0.7168
95.1167	4.0657	0.9981
87.289	12.2506	0.8421
89.096	15.2901	0.8462
94.3488	7.2475	0.9766
90.4807	7.5281	0.9745
96.2251	4.1967	0.9956
96.7949	2.5155	1.0
86.4123	8.7483	0.9229
94.1868	8.1316	0.9609
87.903	10.8169	0.9144
89.6546	12.358	0.9073
84.8696	8.265	0.9481
92.9798	9.4959	0.9447
88.7607	10.3422	0.9363
68.6839	20.6376	0.56
95.7705	6.7931	0.9793
97.1564	3.6521	0.9954
80.7607	15.8612	0.8086
74.5941	8.6375	0.7576
96.4731	4.4374	0.9946
82.5475	14.5728	0.7222
95.2188	5.5206	0.991
76.6251	17.5939	0.5816
86.0258	13.2845	0.8232
90.0498	13.615	0.9202
94.6956	6.199	0.9815
96.1168	6.0345	0.9868
94.7593	5.5276	0.9932
57.938	18.9772	0.3137
95.222	6.2593	0.9849
92.0047	9.4627	0.9551
97.8709	1.8802	1.0
89.9669	13.8116	0.92
96.2631	3.3452	0.9937
96.6401	4.1216	0.9932
87.6969	11.1064	0.9273
95.8096	3.9711	1.0
91.5491	7.3617	0.9784
90.8458	8.2126	0.9627
65.706	7.4509	0.2308
92.7755	7.2763	0.9703
87.8007	11.9213	0.9239
90.1362	9.8079	0.8935
94.7405	7.2899	0.9741
95.04	7.0898	0.9738
91.216	7.4149	0.9677
93.5689	8.2739	0.974
94.3525	5.9005	0.9889
95.5133	4.7598	0.9929
66.1303	7.6681	0.381
90.2106	9.819	0.9492
95.1784	5.5952	1.0
86.6979	16.8746	0.8655
67.9712	24.6313	0.4507
90.4958	6.7962	0.9854
85.9656	16.7426	0.876
93.9883	6.9604	0.981
94.6383	4.8569	0.9914
93.6433	7.52	0.9728
87.2715	9.6905	0.919
94.3252	4.8605	0.9815
96.4042	5.1354	0.9934
86.1003	15.5709	0.7923
94.0941	9.8595	0.9368
94.1421	7.6005	0.9958
98.1873	1.6662	1.0
92.3686	8.506	0.9627
96.9666	2.4906	1.0
88.2862	9.5714	0.9455
91.5956	12.3379	0.9499
95.3186	4.7194	0.9875
95.9272	3.8302	1.0
96.7987	3.2197	0.9983
94.7785	3.2706	1.0
95.2073	7.0	0.9784
89.0847	8.6903	0.9379
95.2479	5.0411	0.9936
95.7167	4.188	0.9919
97.8218	1.6895	1.0
97.4834	5.3168	0.9851
95.5149	4.5835	0.9954
97.1443	3.2153	1.0
93.1846	10.9364	0.9364
80.8781	21.0741	0.8067
92.5664	12.0267	0.9542
97.6743	2.06	0.9972
94.3632	9.1116	0.9532
94.273	7.7571	0.9589
83.3196	17.0868	0.8282
94.852	4.2141	0.9926
87.4917	14.2547	0.8619
96.2169	5.401	0.9897
95.5016	5.707	0.9828
93.8472	5.9395	0.9837
92.6522	8.0693	0.9625
95.6252	3.9361	1.0
88.9479	13.7595	0.9141
78.451	22.6571	0.5738
91.8479	7.6751	0.9574
81.3019	10.6656	0.8211
95.3576	6.2934	0.9828
96.9994	2.3341	1.0
90.0996	8.5272	0.9689
94.4245	5.496	0.9894
94.0428	4.9013	1.0
93.6665	7.1364	0.9797
88.489	7.5274	0.9738
80.3465	15.6917	0.8018
88.3071	6.6823	0.9825
94.2882	8.1915	0.977
90.1384	5.852	0.9867
90.317	10.376	0.9342
90.8705	6.6877	0.9783
87.1574	14.5775	0.8817
91.105	10.6865	0.9517
84.8125	16.581	0.8317
92.0048	7.0889	0.9787
95.122	4.7924	0.9887
85.5221	13.8469	0.8415
96.4579	4.1089	0.9971
97.2595	2.2921	1.0
72.4617	13.9554	0.4923
86.1882	17.2688	0.7917
95.389	5.3664	0.9952
93.2064	9.7702	0.9632
93.4908	7.0844	0.9688
95.4127	3.4053	1.0
95.106	4.4181	0.995
90.2094	8.0748	0.9477
83.5003	22.9102	0.831
96.3219	4.0474	0.9928
94.8898	6.7177	0.9767
88.9847	13.5295	0.9371
96.0008	3.8999	1.0
97.4162	2.3459	1.0
95.682	5.3786	0.9918
93.0507	6.0814	0.9879
93.4585	5.9181	0.9867
88.843	9.8859	0.9282
89.1807	8.6476	0.9688
95.39	5.9683	0.9851
90.9456	8.6731	0.9574
92.9257	8.3891	0.9735
94.9888	5.675	0.9852
92.0739	9.897	0.954
95.2079	5.6742	0.9874
94.2729	11.0239	0.9446
86.1576	8.2848	0.9454
90.1013	10.2392	0.9423
95.791	4.7142	0.9923
94.9847	4.805	0.9912
89.3149	10.6115	0.9163
79.1655	26.8994	0.6972
89.6431	9.9248	0.9396
85.1951	12.1075	0.8623
96.2363	3.3067	0.9975
97.0219	2.5295	1.0
95.2844	8.4615	0.9681
77.2445	19.8651	0.7079
84.8944	13.5757	0.8922
93.0195	12.6294	0.9008
93.6709	8.4388	0.9699
96.1516	6.3136	0.9803
80.3238	10.5713	0.8305
76.2564	25.9183	0.7451
82.8457	16.2258	0.7921
96.0925	5.123	0.9939
67.2416	22.712	0.5744
91.3813	10.7896	0.9241
95.5739	5.192	0.9953
97.0701	2.6442	1.0
97.1197	2.6465	1.0
60.6901	11.5313	0.2267
94.4259	5.84	0.9936
91.5397	12.7558	0.9249
90.3096	9.4846	0.9327
87.4044	13.3492	0.8611
92.1899	8.9155	0.9538
86.1558	11.6409	0.905
91.1184	11.0682	0.9482
91.1166	9.2035	0.9702
94.7218	10.8724	0.9443
89.7507	7.4548	0.9574
83.6102	10.3913	0.8832
95.9431	3.3223	1.0
93.9509	7.0776	0.9787
89.8275	5.8951	0.9688
72.6919	22.6082	0.6751
94.4595	11.186	0.9293
87.3055	16.3805	0.8551
86.773	9.2388	0.9297
97.5645	1.8749	1.0
96.9066	4.2693	0.9939
93.9662	7.602	0.9728
92.4445	6.1235	0.991
92.0452	6.0402	0.9891
83.4614	12.9468	0.8872
89.2384	8.1094	0.9559
91.6385	7.328	0.9726
90.261	5.4571	0.9914
96.1992	4.9498	0.9932
95.7155	6.6095	0.971
90.2231	14.1714	0.9351
94.5559	6.6028	0.984
92.1437	9.8097	0.9537
79.5099	13.2497	0.726
71.1268	13.2628	0.5614
83.7495	16.3578	0.8326
94.3871	8.4351	0.9524
96.4214	4.0835	1.0
94.188	7.4051	0.9769
96.8829	4.0806	0.9942
75.021	24.5792	0.6901
93.231	11.9481	0.9528
92.955	4.4594	0.9942
82.7545	12.4662	0.8609
96.787	3.1365	1.0
91.375	15.5309	0.9148
78.9365	14.3556	0.7464
88.5751	10.4136	0.9303
94.5868	10.9695	0.9259
93.0997	6.7859	0.9876
95.6679	4.3002	0.9975
97.9665	1.7804	1.0
91.0802	13.4897	0.9162
90.1889	11.5516	0.9176
87.2116	14.9837	0.8803
93.8025	9.3805	0.9398
69.4853	21.8928	0.5764
97.661	1.6181	1.0
86.9978	13.7199	0.8762
91.0164	16.0682	0.9197
83.9804	14.6446	0.7471
91.9644	7.1078	0.985
93.5624	8.7884	0.9482
89.4913	5.4551	0.974
96.2094	4.9725	0.9928
90.1796	8.1997	0.9548
86.7018	10.5798	0.9205
90.1235	12.7756	0.9094
92.5233	5.4505	0.9862
91.0288	8.9053	0.9575
91.8387	10.4695	0.9091
89.5033	7.8946	0.9709
93.294	5.3486	0.9907
90.8822	15.6567	0.85
92.7912	6.7901	0.9861
91.0753	7.8385	0.9667
81.2534	20.9823	0.7832
91.2957	16.0207	0.9235
97.101	4.0653	0.9907
94.7536	5.8785	0.9945
96.4443	3.8683	0.9978
94.6979	5.3991	0.9877
89.6517	4.7613	0.9912
84.3648	15.8153	0.8171
92.5528	6.8793	0.9777
85.4692	16.139	0.8333
81.4905	11.1461	0.8615
96.9571	2.9019	1.0
91.1803	4.0474	0.9933
72.2007	23.1187	0.5337
86.1197	10.1489	0.9142
95.5528	7.4185	0.9631
93.5892	8.2221	0.9658
89.2565	12.7778	0.9252
84.4946	14.9512	0.8555
94.051	11.064	0.9403
91.8669	11.8569	0.9249
90.8799	9.2136	0.9512
93.0733	2.7512	1.0
85.603	16.8884	0.8271
96.2562	5.6343	0.9897
96.9313	2.7298	1.0
85.7796	12.0353	0.8764
93.4425	7.3948	0.9639
91.0361	7.2715	0.974
74.6073	14.2946	0.6548
95.5207	7.0799	0.9801
91.0083	10.2936	0.911
95.3112	6.1543	0.9808
95.8163	2.8596	1.0
91.8573	4.2375	1.0
80.5015	16.2549	0.7969
89.6966	10.9859	0.9207
94.7635	5.3924	0.9931
93.9076	4.9219	0.9964
79.0683	16.1145	0.7828
86.6464	8.5157	0.9482
96.7664	2.0139	1.0
94.0157	7.6488	0.9697
92.9484	6.8088	0.9837
84.4082	15.5224	0.8597
92.9686	9.5731	0.9649
80.5666	13.7677	0.7854
89.5792	6.9291	0.9716
81.1675	17.0202	0.8
92.0464	8.2637	0.9853
84.8241	9.9611	0.9057
88.3409	14.1451	0.8607
95.129	4.5191	0.9894
86.1638	19.6543	0.7576
93.5904	7.0696	0.986
96.5802	1.8098	1.0
93.5103	5.6374	0.9808
92.2772	10.2209	0.9229
87.14	10.2262	0.8863
82.3665	12.4616	0.8065
91.8684	9.8334	0.9375
80.0881	21.6807	0.7079
87.789	12.9186	0.8914
95.3056	4.5784	0.9931
70.6436	20.2914	0.5377
89.0824	13.4355	0.9135
89.6555	6.4481	0.9945
87.1112	8.814	0.9493
93.5725	7.6151	0.9577
93.1674	16.4189	0.922
96.4148	3.5002	1.0
97.4063	2.1624	0.9972
96.1662	3.7588	1.0
94.8231	4.9416	0.9938
95.3343	9.9003	0.9637
95.9656	5.5641	0.9926
93.6463	8.1554	0.963
83.9227	13.3355	0.8295
94.1724	5.6338	0.9848
91.6444	10.4525	0.915
96.1217	3.7692	0.9958
94.5827	6.2864	0.9852
88.8637	12.3095	0.8727
91.9893	4.8572	0.9894
94.2921	6.1209	0.991
93.0406	5.6385	0.9892
88.488	12.0824	0.9201
62.6566	23.128	0.3718
90.9594	6.9607	0.9771
96.2976	3.0435	1.0
89.0308	11.5066	0.9241
62.978	9.6345	0.3148
91.6996	7.1317	0.9756
90.4458	14.5912	0.8448
90.3515	6.6744	0.9811
80.5925	18.1144	0.751
90.6747	11.2339	0.9526
91.9584	9.9101	0.9243
89.2177	8.4032	0.9639
84.5561	10.6388	0.8995
90.7911	13.3049	0.9184
96.7442	3.1555	1.0
92.1766	9.7847	0.954
78.6057	12.8032	0.6863
93.0502	12.4517	0.935
93.7294	9.002	0.9403
94.1477	6.368	0.9913
96.3891	3.071	0.9974
94.0033	9.6947	0.9421
86.4282	15.8272	0.7786
93.6725	8.8401	0.9777
90.0099	10.3778	0.9472
92.6423	11.6078	0.9429
92.7222	9.1715	0.9656
96.8981	3.6887	0.9935
88.6959	10.4902	0.9203
95.2009	9.8474	0.9317
86.9748	8.5867	0.9342
87.1828	9.3031	0.9548
92.0196	11.0149	0.9353
95.8178	7.4145	0.9655
75.6734	8.7403	0.7376
95.1367	3.847	0.9867
93.1336	10.0554	0.9388
92.6017	12.1833	0.941
91.6005	10.6336	0.9207
86.1036	17.1633	0.7551
87.7178	18.3409	0.9012
97.7109	2.8863	0.9953
87.7551	9.1014	0.9252
93.6419	5.2846	0.9873
89.7079	7.8957	0.9774
93.203	10.364	0.9647
91.6532	3.3435	1.0
96.2394	4.0075	0.9952
97.4385	3.1647	1.0
95.5978	5.4932	0.9884
95.2226	4.5048	0.9939
94.8799	4.1858	0.9976
91.4894	7.0213	0.9688
96.7118	3.5558	0.9947
93.0873	6.4724	0.9775
93.7482	7.7329	0.9728
70.8441	21.414	0.4836
83.5947	13.041	0.8561
86.8285	8.4236	0.946
94.9448	5.3634	0.9914
95.8451	4.3073	0.9948
78.0479	15.6555	0.5849
92.006	10.5843	0.8966
97.4915	2.0692	1.0
97.2394	3.8714	0.9909
94.8645	7.8363	0.9774
83.4477	11.2372	0.9005
97.1607	2.3557	1.0
96.0158	4.7163	0.9975
89.7751	8.7199	0.9567
94.114	6.1572	0.9757
90.5715	9.4164	0.9426
85.2444	8.3091	0.925
96.159	3.5692	0.9958
91.0887	9.3324	0.9416
97.6429	1.8083	1.0
95.3042	4.8443	0.9892
94.3229	8.9083	0.9453
78.7461	19.5985	0.7333
96.3063	6.2516	0.9957
92.5468	10.4952	0.9504
87.1699	12.0429	0.914
93.2688	7.66	0.9643
90.3484	11.3592	0.9492
93.8301	6.4709	0.9907
85.4545	14.8693	0.8556
93.7953	7.6255	0.9684
95.8597	5.6277	0.9875
92.0457	13.0511	0.8768
92.4649	8.8878	0.9648
76.5915	20.8004	0.658
91.9912	11.9582	0.8777
89.1314	12.1451	0.894
95.5996	3.5138	1.0
86.5266	9.8622	0.9247
96.7709	3.8517	0.9934
94.5462	7.1475	0.9725
86.9814	12.337	0.9132
83.2645	9.6585	0.907
95.6134	5.1666	0.9914
93.1427	11.7559	0.9058
81.4296	14.8679	0.7818
93.5311	8.1482	0.9714
74.38	21.4794	0.5402
97.1061	3.9187	0.9917
94.3224	6.2212	0.9788
95.8913	4.5321	1.0
95.6462	4.0052	0.996
91.6828	6.8353	0.9667
70.6849	21.2759	0.5374
91.3522	16.2509	0.8696
93.3509	10.3276	0.9658
93.3144	6.4159	0.9852
96.3486	4.139	0.9929
94.6989	4.7712	0.9945
87.1248	15.041	0.8846
93.7719	7.0365	0.9838
87.2705	12.9015	0.8607
96.8091	3.8023	0.9905
95.8347	4.8055	0.9908
93.902	5.1227	1.0
96.829	2.3671	1.0
90.7462	4.2345	0.9914
97.1957	2.2367	1.0
93.3569	6.5643	0.982
94.678	3.2764	1.0
90.5013	12.0847	0.9498
94.5403	3.8868	1.0
94.9167	9.4858	0.9365
75.5574	12.7228	0.7566
90.0421	16.7022	0.9134
83.181	14.046	0.805
95.7753	3.8415	0.9974
90.7431	7.3657	0.9744
83.0322	17.1079	0.7986
90.7943	13.8164	0.9154
91.2093	9.975	0.9273
85.3801	21.2714	0.7784
73.1842	14.5272	0.4419
90.5893	11.3372	0.9164
96.9022	2.3625	1.0
86.7455	11.8782	0.9125
85.7619	16.8881	0.8586
90.9834	12.7254	0.9416
89.5664	8.3983	0.9621
96.1466	3.8294	0.997
93.1478	5.4927	0.9935
68.5771	8.388	0.32
95.9287	5.7252	0.9864
87.9486	17.4246	0.8571
84.4594	11.2593	0.8806
96.0226	2.5468	1.0
94.7575	4.4147	1.0
96.9696	3.1551	1.0
90.6897	9.9653	0.9617
97.1049	3.9046	0.9971
93.9302	8.5885	0.9645
89.1027	14.0231	0.9035
84.6255	16.8505	0.8571
94.0664	9.1683	0.9624
93.7811	7.3916	0.977
85.6853	11.1761	0.8768
97.6012	1.2542	1.0
93.3855	12.9493	0.9267
87.2248	11.5653	0.9348
93.8996	8.5888	0.9795
79.2875	13.8519	0.7256
93.596	9.5537	0.9655
92.5988	8.1903	0.97
93.4721	7.2505	0.9777
97.034	4.455	0.9876
95.635	5.9831	0.9751
95.0035	3.1338	1.0
92.6587	6.1584	0.9922
95.9109	4.6174	0.992
92.2592	8.3785	0.9617
97.6923	1.915	1.0
82.0666	18.8543	0.805
89.6018	16.0006	0.8224
83.5009	19.9979	0.7817
91.2738	6.4392	0.9879
87.0599	17.6537	0.8826
88.0267	12.1866	0.8812
91.9932	7.0501	0.9665
76.636	12.3696	0.7246
96.4485	4.3614	0.9967
96.5305	7.499	0.9835
79.2478	14.6837	0.7907
97.1282	3.8777	0.9947
94.9026	5.1492	0.9845
87.0776	14.339	0.8967
81.5618	9.2404	0.8676
81.7754	18.8881	0.7169
95.874	8.7851	0.9542
77.4522	19.9475	0.6028
94.0455	6.7364	0.9744
89.9573	7.2967	0.9779
92.2102	6.0381	0.9843
93.4084	7.3678	0.9625
89.3003	10.275	0.9486
81.3298	14.1818	0.8386
94.9986	8.0657	0.9714
96.511	3.5634	0.9969
90.1583	7.2357	0.9724
94.3826	10.0179	0.95
92.2453	10.4824	0.9282
95.7127	4.1541	1.0
95.508	4.4621	0.9957
87.8604	14.3913	0.8854
87.8895	11.1766	0.951
90.4806	15.2021	0.8621
94.814	5.8792	0.9823
97.783	1.7631	1.0
90.5509	6.9017	0.9705
93.2202	13.2456	0.9425
96.2344	3.0862	0.9965
95.147	4.7545	0.9941
97.9347	1.4546	1.0
92.2618	10.6571	0.9644
89.4513	11.9436	0.9039
96.3255	3.7233	0.9943
94.5186	11.5885	0.9342
84.7148	12.203	0.8655
83.6064	16.6477	0.8182
83.9851	12.5712	0.9024
92.4154	9.099	0.9505
81.4275	17.7489	0.8087
91.3906	12.1633	0.9101
85.2847	17.3821	0.8606
92.6177	7.2171	0.9657
97.175	2.1488	1.0
90.1782	11.2529	0.9209
75.7616	12.0342	0.7078
88.9036	6.2737	0.9932
89.1064	12.9002	0.9241
92.4984	9.6602	0.9579
86.4384	11.6037	0.8902
86.8802	12.2686	0.8712
96.896	3.1115	1.0
95.0365	4.107	1.0
84.3809	13.4318	0.8634
92.6863	7.0939	0.9714
93.6234	6.2966	0.9726
82.5978	22.0381	0.811
90.3225	11.4264	0.9214
87.9799	7.4812	0.9458
86.7459	11.8494	0.9103
95.4568	3.5157	1.0
96.948	2.329	1.0
94.9022	5.5324	0.9923
86.593	10.807	0.914
93.2341	9.9875	0.9673
88.6572	10.1224	0.9421
97.1223	2.8451	0.9972
88.9243	13.6505	0.8956
84.7181	11.9802	0.8942
72.858	26.058	0.5962
79.3042	14.7646	0.8094
88.9128	9.2455	0.9486
97.1211	2.2714	1.0
92.716	13.5157	0.875
84.8898	20.2629	0.776
85.7896	13.627	0.8734
95.006	5.7097	0.996
80.2698	14.6246	0.8317
88.2417	10.8013	0.9425
96.6534	3.4628	0.9977
89.9856	11.4707	0.9399
95.1557	1.8237	1.0
96.4983	1.8886	1.0
95.4331	5.0082	0.988
93.9593	6.6631	0.9779
93.9709	7.5757	0.9684
96.93	2.7883	1.0
96.5831	4.6003	0.9877
93.582	9.9265	0.9483
79.6285	13.1518	0.6957
92.9796	5.2223	0.986
92.4892	8.6194	0.9624
97.4168	2.6797	0.996
95.3313	6.4738	0.9817
96.1412	7.7745	0.9643
83.9882	15.2511	0.8708
95.2414	5.4236	0.9915
62.9849	11.4301	0.2781
94.8631	8.8268	0.9778
94.1418	5.8902	0.9885
95.6151	3.7598	0.9972
92.0248	10.2073	0.9579
67.677	12.6168	0.5079
87.2615	10.2241	0.9398
89.518	12.1156	0.913
88.4099	15.1772	0.9273
88.9924	6.1953	0.9778
91.6695	13.0995	0.8976
96.9961	3.892	0.9978
90.6714	8.3961	0.95
75.9779	18.4273	0.6822
73.4397	14.1859	0.6809
94.4027	5.4864	0.9933
97.9853	0.9738	1.0
91.1413	8.0556	0.9898
89.9237	12.6588	0.9104
70.3549	15.0535	0.3673
91.6937	7.2379	0.9823
74.2168	17.2085	0.557
94.2902	5.7805	0.992
97.0219	2.7548	1.0
93.3215	6.3194	0.979
91.7451	11.3644	0.9481
92.8088	8.9395	0.9549
95.7493	3.6588	1.0
97.7678	1.9051	1.0
97.7774	1.8138	1.0
95.9459	7.9629	0.9779
92.215	10.7964	0.9442
90.91	10.3483	0.9262
90.6472	4.3136	1.0
96.9147	2.8471	0.998
91.3027	10.7699	0.95
88.7671	7.8387	0.9686
90.3139	9.208	0.964
92.2038	6.534	0.9892
91.2867	7.7029	0.979
95.2905	4.3454	0.9957
90.4186	10.954	0.9329
96.8929	4.9881	0.9826
74.0191	19.734	0.5547
93.4127	7.1946	0.9728
94.6095	8.2977	0.9579
93.1937	4.8467	0.9958
92.7321	11.4891	0.9581
91.4032	8.3802	0.9679
88.7319	15.6095	0.8762
80.5794	16.3448	0.8182
75.7562	22.1608	0.6224
92.3287	11.407	0.8671
96.314	4.7722	0.9847
96.7335	2.6681	1.0
96.9428	2.6513	1.0
87.7169	10.6529	0.9279
89.5238	9.0531	0.9664
92.4138	9.696	0.9659
96.8181	4.4086	0.9913
91.8574	7.6828	0.9615
92.7536	10.1934	0.9371
89.9608	7.792	0.9606
92.4661	6.0062	0.9902
71.8803	8.3762	0.7097
94.5567	4.874	0.9855
92.9331	6.9343	0.9697
92.4834	3.1826	1.0
97.783	1.8847	1.0
94.0065	7.6686	0.9672
92.266	6.6667	0.9828
90.5484	9.1531	0.9655
88.544	13.372	0.8671
94.0419	6.9493	0.985
96.8162	2.3314	1.0
92.2778	12.3334	0.8686
93.7388	4.7285	0.9921
96.3251	4.9227	0.9925
89.1326	11.0815	0.8925
89.6357	11.3298	0.9355
89.6031	8.1655	0.9696
91.2889	7.8855	0.9673
87.2012	14.3305	0.8571
96.9841	5.0444	0.994
96.4178	2.4527	1.0
88.3603	5.8608	0.9827
82.0941	23.0269	0.7946
85.1983	10.8103	0.892
95.4034	8.5111	0.9614
88.8709	9.6348	0.9372
97.006	5.6386	0.9933
97.6253	2.137	0.9984
96.8196	2.7114	1.0
74.2928	20.4209	0.6033
91.98	16.4725	0.9094
94.3516	5.2801	0.9933
92.1866	4.0699	0.9868
87.0305	13.2135	0.8595
93.5884	6.3961	0.9787
95.6857	3.7585	1.0
94.0505	7.8929	0.9733
92.4891	14.2701	0.9319
95.0329	3.5853	1.0
96.4136	3.4102	1.0
87.7498	8.5292	0.9533
91.9281	10.4618	0.9383
93.9933	5.5793	1.0
96.6991	3.104	0.9961
94.4878	4.778	0.9831
95.6454	7.3096	0.9794
97.183	2.9385	1.0
76.3915	20.3383	0.6813
94.0099	7.6274	0.9667
95.5006	7.3064	0.9626
83.8065	13.8294	0.8771
97.8453	1.6475	1.0
94.9635	4.225	0.9944
94.5438	8.8265	0.9736
90.9851	9.1546	0.9701
79.2993	19.539	0.7054
95.8835	5.5516	0.989
75.136	19.0978	0.752
85.8466	17.5127	0.8235
97.0759	6.1726	0.9801
92.9205	13.7898	0.9105
94.5395	5.0252	0.9954
93.0835	5.4049	0.9897
89.5026	8.8305	0.958
89.7537	6.3256	0.9776
94.4216	5.1284	0.9916
91.1711	10.2037	0.919
84.8287	15.1572	0.7852
91.2551	4.5141	0.997
93.8759	5.4761	0.9926
95.844	3.5534	0.9972
98.5465	0.7408	1.0
94.6653	8.3068	0.9606
44.847	3.9257	0.0
88.6251	9.8494	0.9512
83.3606	17.0735	0.8035
59.2946	12.8324	0.2389
93.4704	8.2715	0.9548
85.6789	10.3963	0.8948
94.0021	6.2214	0.9844
90.0429	10.6328	0.9364
96.5656	4.484	0.9833
71.6183	23.7665	0.5323
89.1343	11.9804	0.8821
89.2612	13.3831	0.9497
94.2012	1.3652	1.0
94.7727	6.9535	0.9794
84.8745	19.0609	0.8119
96.8656	3.5622	1.0
95.4471	3.8002	1.0
85.9081	16.0347	0.835
90.8769	7.539	0.9735
96.0066	3.7314	0.9959
96.663	3.3272	1.0
96.4724	3.1123	1.0
83.7571	12.4693	0.8824
94.888	2.9224	1.0
79.244	9.8612	0.7957
90.3038	10.6315	0.9611
92.7033	7.836	0.9556
90.6972	9.1011	0.9545
97.2346	2.65	1.0
86.5896	13.2304	0.9053
87.5777	17.969	0.81
92.1287	8.7063	0.9676
86.7799	9.6666	0.9047
96.8407	3.3967	1.0
91.3433	9.0113	0.961
93.5922	5.6735	1.0
89.6949	14.3347	0.9281
94.1916	4.4263	0.9932
88.8567	11.8387	0.9151
68.2983	10.7431	0.4514
96.9655	2.6493	1.0
67.2928	21.037	0.4424
97.5253	1.7766	1.0
90.7646	8.8106	0.9512
88.9292	9.1773	0.9474
95.5493	5.4354	0.9957
96.7092	4.0241	0.9944
92.6784	7.3415	0.9888
91.6422	11.6335	0.9136
97.0825	2.1368	1.0
88.3196	11.7057	0.9145
96.8777	2.4143	1.0
92.7468	9.5978	0.9717
91.7886	11.8084	0.9151
69.1696	26.4014	0.6192
88.6495	8.6221	0.948
96.9135	2.353	1.0
89.8	7.6954	0.9596
94.2649	5.5912	0.977
94.2366	6.5259	0.986
94.8922	5.6414	0.9898
85.9313	14.6796	0.8481
88.1127	14.6157	0.8714
91.4575	6.327	0.9878
89.6516	17.8429	0.919
95.347	4.0832	1.0
96.661	4.0475	0.9953
94.1811	7.1538	0.9808
95.6995	6.4196	0.9773
92.6109	6.4844	0.97
89.2901	7.7476	0.9677
93.3925	13.4938	0.9414
95.5851	5.099	0.9921
96.8225	3.4575	0.9962
88.8534	8.7545	0.9626
97.586	2.3288	1.0
86.2972	15.1651	0.8514
78.7092	19.7222	0.6784
92.4412	6.8377	0.9775
81.1578	15.6058	0.7963
97.0272	3.0412	0.9944
94.9168	8.6285	0.9683
93.5543	6.9189	0.9677
96.539	2.8898	1.0
85.2374	11.3205	0.876
91.0196	16.6689	0.8633
93.6344	6.8409	0.9711
89.9095	9.5295	0.9464
58.7119	4.8222	0.0
92.9471	10.9049	0.9474
97.123	1.9238	1.0
94.0044	4.0678	0.9922
88.8552	9.4602	0.9068
90.2934	5.0311	0.9904
83.5254	12.0813	0.8333
85.2724	14.9365	0.8266
96.6806	2.9393	0.9976
95.7443	5.4687	0.9869
96.1639	4.5255	0.9939
88.8685	8.5751	0.9515
94.8049	5.8178	0.9818
94.541	5.024	0.9868
90.034	10.5133	0.956
94.4057	4.3536	1.0
90.3991	12.8072	0.887
66.8934	17.6227	0.3858
90.9649	7.8051	0.9552
94.0032	9.7342	0.9471
88.8782	13.1828	0.9352
88.8513	9.6281	0.951
94.4862	7.1629	0.9823
85.5617	19.5982	0.8641
86.6443	8.1493	0.924
94.0664	4.163	1.0
86.3443	14.4318	0.8304
90.641	15.6097	0.8996
94.2386	4.2546	1.0
77.6631	19.2919	0.7401
83.7149	12.8278	0.8666
94.8481	5.2974	0.9991
94.9735	6.6189	0.9808
93.9655	5.6335	0.9887
96.1259	4.5101	0.9853
92.5283	8.0271	0.9708
91.0206	9.4506	0.9641
93.6434	4.8524	0.9967
95.902	4.2343	0.995
89.2185	9.0708	0.9725
93.4328	10.5772	0.9565
94.0347	4.2343	0.9939
83.5989	12.9877	0.8979
93.886	7.5711	0.969
77.4212	18.1829	0.6267
96.7473	3.9111	0.9944
96.1379	3.3096	1.0
91.4748	9.9595	0.9529
84.2786	13.6409	0.7193
72.1788	17.8363	0.6687
95.545	4.2287	1.0
95.9135	4.0333	0.9936
81.5877	10.0386	0.8806
89.2883	10.6329	0.9421
95.9273	6.4933	0.9809
86.3638	11.6406	0.9058
84.7711	13.089	0.886
93.752	6.3743	0.9896
90.0386	6.9779	0.9804
70.1962	12.1543	0.5088
95.1027	4.9692	0.9908
89.8665	13.4656	0.9242
92.7467	6.805	0.9649
94.8656	4.8661	0.9918
98.0747	1.2664	1.0
95.6466	4.281	0.9976
95.1107	7.046	0.9871
96.2911	4.4703	0.9943
88.5552	14.7294	0.9
96.7855	3.3268	0.9972
73.2102	16.4421	0.5301
94.2503	3.9814	1.0
92.149	11.5324	0.9205
77.0732	13.5728	0.7887
96.573	3.7831	0.9953
87.8543	10.9522	0.9
89.9431	8.4338	0.9615
87.6663	10.1347	0.9429
95.4309	6.7341	0.9785
91.115	8.5225	0.9467
70.1524	27.3508	0.6412
86.9827	10.3799	0.9007
86.7308	12.9493	0.9049
94.8503	8.729	0.9534
92.5161	14.6425	0.9196
89.7859	9.6403	0.9447
92.4454	6.4824	0.9947
90.185	19.0937	0.8859
94.5556	8.5002	0.9576
95.7862	4.4648	0.9904
75.5824	24.5223	0.5983
94.3548	6.164	0.98
92.023	8.4695	0.9798
89.2249	11.0028	0.8983
94.4355	11.0933	0.9258
95.075	4.3937	1.0
95.6472	3.7878	0.9955
86.2804	18.6353	0.8456
91.7238	10.6928	0.9425
90.5929	8.7853	0.9602
95.8337	7.2519	0.984
88.8136	11.6058	0.9422
94.543	4.7467	0.9984
81.3805	10.7605	0.8246
94.8532	4.942	0.9916
97.7546	4.141	0.9945
83.7376	10.2315	0.9155
96.2984	3.7299	1.0
96.4571	5.5894	0.9855
94.2977	6.8724	0.9731
85.606	9.3753	0.9339
93.4901	13.1765	0.9032
93.7169	13.9765	0.9385
84.9451	13.102	0.8023
88.8008	9.6114	0.9268
96.4852	3.9862	0.9949
94.5529	3.8874	0.9952
88.7076	13.0377	0.8571
88.1227	8.7129	0.9481
89.8938	8.1933	0.9638
97.0628	2.9318	1.0
92.5591	13.1472	0.9192
96.2018	3.8698	1.0
94.759	7.7443	0.9731
83.3229	11.8502	0.8277
93.3177	5.5107	0.99
97.0517	2.6826	0.9968
89.4267	10.6423	0.9327
95.1988	3.7265	1.0
95.9649	5.1106	0.9884
94.4274	5.5562	0.9966
90.2669	11.4216	0.9617
96.8021	2.5365	1.0
85.9611	13.8498	0.8323
93.0853	14.9454	0.9067
91.6954	13.4297	0.9232
95.4513	7.5955	0.9694
97.2587	2.4503	1.0
94.2912	10.5358	0.9597
87.2835	12.6181	0.8952
97.3133	2.2896	1.0
96.5986	3.3145	1.0
89.5484	15.2139	0.875
83.4654	17.1993	0.7731
96.0229	6.9443	0.9783
86.4439	10.781	0.8903
81.6585	23.2278	0.7518
95.0037	4.4856	0.9962
94.238	3.7193	1.0
95.2728	4.0551	0.9957
93.6149	10.2372	0.9396
93.4229	8.841	0.9549
97.1151	3.4697	0.9964
95.4943	4.8403	0.991
61.0395	11.5874	0.2909
89.3581	11.7713	0.8922
87.9558	10.1195	0.9501
89.333	13.478	0.9042
93.8357	7.1198	0.9767
96.2099	3.7052	1.0
91.1893	10.6048	0.9295
95.3145	5.5463	0.988
94.6717	5.3293	0.9867
90.156	12.212	0.9249
93.9957	4.2072	0.998
92.7119	14.7836	0.8919
92.6113	6.8721	0.9855
95.5351	6.1147	0.9863
96.1885	4.7027	0.9937
98.5386	2.6949	0.9966
96.2354	6.1881	0.9779
97.664	1.8339	1.0
89.169	10.047	0.9319
92.5529	9.8427	0.9495
90.8648	5.8597	0.9888
95.0131	4.1413	0.9919
90.7891	10.274	0.9114
96.9655	2.9988	1.0
94.4689	4.2709	0.993
86.6965	12.0597	0.9037
85.8252	11.7294	0.8867
90.0224	18.632	0.8826
94.2985	9.3816	0.9628
95.4222	4.0744	0.9965
94.4859	4.9616	0.988
89.6539	10.4373	0.9343
80.935	18.4209	0.7086
92.0806	8.2036	0.9652
95.606	4.1356	1.0
91.9888	6.4896	0.9688
91.1404	8.6856	0.9566
91.37	9.6936	0.9551
96.4496	3.125	0.9959
86.7975	10.9573	0.8837
93.591	5.5503	0.986
92.8488	9.3275	0.9359
85.7499	18.842	0.8419
88.4145	12.5941	0.9289
95.8014	3.84	1.0
70.8813	13.846	0.6296
96.1316	2.5257	1.0
84.825	15.3721	0.8314
94.794	4.6379	0.9979
88.8171	8.7077	0.9669
92.9299	8.6082	0.9437
93.7047	8.4232	0.9803
95.1249	6.987	0.9813
92.0614	8.6906	0.949
98.2827	1.8727	1.0
92.8858	14.4563	0.8827
