94.7338	6.9118	0.9776
97.3099	1.9226	1.0
97.4454	5.0029	0.9899
90.914	12.0145	0.8971
94.0311	6.3068	0.9825
95.0454	9.1051	0.945
91.3536	7.1573	0.9847
89.0423	14.5604	0.8942
84.4801	11.9472	0.845
87.6065	7.6163	0.9563
90.1401	11.9411	0.9356
91.5271	7.4476	0.9846
94.4472	5.3083	0.981
96.6794	5.1558	0.9863
93.3973	8.0874	0.9714
94.1507	4.9671	0.9962
86.4081	14.5034	0.888
88.8483	10.9375	0.9043
91.7669	10.6593	0.9375
87.5526	7.9321	0.95
87.8444	11.7475	0.8978
95.8006	5.1769	0.9934
91.6681	5.2925	0.9964
86.0047	9.6652	0.9172
87.9443	9.8663	0.9366
95.2667	5.2019	0.9879
88.7171	9.9526	0.9621
92.2671	5.601	0.9858
91.7253	13.003	0.9377
79.9672	18.9581	0.8051
59.4755	15.7167	0.3256
85.7484	13.7032	0.8707
93.5893	12.2144	0.9497
86.4409	17.6102	0.8279
96.445	5.3084	0.9833
88.2906	18.3634	0.8707
95.1243	7.1872	0.9722
79.9653	16.6882	0.8041
97.1204	2.6966	1.0
85.2242	10.7506	0.9175
93.8163	5.6253	0.9921
60.6131	18.7685	0.3901
96.2103	7.7978	0.9809
94.9473	7.8249	0.976
77.4234	8.5181	0.7869
84.438	9.0629	0.9333
70.1315	19.0743	0.5377
96.6947	4.3645	0.9965
95.1335	4.8841	0.9936
88.7483	7.97	0.9474
74.1229	16.5521	0.6429
90.3096	17.7305	0.8907
83.3675	10.7664	0.8873
86.7476	10.8027	0.8911
89.0794	8.7498	0.9627
92.2206	8.3684	0.9663
90.2608	10.781	0.9231
96.8259	3.087	1.0
93.4457	5.796	0.9853
81.3982	13.4797	0.8353
80.0348	19.8876	0.7407
96.0564	4.4529	0.9931
96.6542	5.5659	0.9856
97.3696	3.4276	0.9934
91.4451	10.2237	0.9535
96.9448	2.8141	1.0
81.8245	16.9003	0.7333
79.4387	14.8172	0.7143
90.1629	12.1458	0.9041
94.334	4.6971	1.0
96.2323	6.6944	0.9806
88.7093	11.9908	0.9211
97.4895	4.4848	0.9945
88.5616	7.4283	0.9658
95.6529	4.8372	0.9889
82.9387	10.6684	0.8983
89.6706	14.2834	0.9053
82.5821	11.1768	0.8625
97.4972	2.9549	0.9956
65.2915	15.1257	0.374
90.7622	15.8714	0.9009
81.7382	14.1076	0.8223
81.0443	13.2567	0.7843
98.1143	1.3087	1.0
93.3624	7.6577	0.9744
89.776	9.2843	0.9478
79.2374	15.1105	0.7639
87.7112	11.2963	0.8953
86.5463	10.6053	0.9068
87.0636	15.8704	0.8553
87.0764	15.7483	0.8522
92.4874	8.6316	0.9731
95.4489	7.8372	0.9747
80.0832	16.5862	0.8
88.8401	11.1959	0.9
91.279	15.4143	0.8889
89.6647	12.3622	0.9533
65.6849	6.2549	0.2857
87.29	12.8032	0.9011
62.1783	21.3944	0.3432
83.658	18.5222	0.8541
98.0124	1.7215	1.0
94.8249	6.8372	0.9741
90.0456	11.0667	0.9355
86.8461	11.4801	0.8913
94.8221	6.0424	0.9888
91.0933	6.4095	0.9937
96.4564	7.7149	0.9781
92.5955	9.2773	0.9449
95.873	6.9171	0.9755
64.6796	17.3691	0.4
85.4982	12.3705	0.8864
94.8421	5.441	1.0
68.5535	11.2811	0.3871
77.1552	10.7187	0.7215
97.3713	2.1077	1.0
86.7258	16.8885	0.8892
93.5968	7.3243	0.9728
79.1649	20.7067	0.7264
92.8936	6.9732	0.9798
96.5085	5.8716	0.9898
71.1807	15.0303	0.6184
83.0764	12.9236	0.8665
96.9133	3.65	0.9968
93.4127	5.1592	1.0
91.3448	12.5867	0.9096
88.1515	8.1201	0.9706
66.2714	9.9093	0.4603
81.3777	13.9949	0.7533
96.76	4.9231	0.9929
86.8005	10.9196	0.9062
96.3138	6.8423	0.9798
69.6667	9.0102	0.642
85.4935	11.0943	0.8508
86.1857	12.1547	0.8918
88.9621	10.0068	0.9172
88.5104	19.2417	0.8328
90.8787	7.82	0.9714
93.8734	7.494	0.9791
95.3714	6.5793	0.9783
93.201	5.475	0.9922
94.0983	10.017	0.9429
93.0308	8.4454	0.9697
94.0402	8.5683	0.9675
85.7081	10.8425	0.9046
94.0768	7.469	0.9706
88.3164	16.7462	0.8647
94.3124	4.7064	0.988
91.2832	6.0861	0.9802
90.3496	8.0196	0.9683
94.4603	6.8806	0.9867
84.7167	14.8946	0.8674
90.6621	9.0204	0.9601
90.4417	12.3819	0.9288
95.6801	4.9155	0.9899
96.2635	3.7412	0.9974
84.5011	5.8643	1.0
89.0048	8.1721	0.9538
87.1256	12.2751	0.9308
94.2412	4.5098	0.9973
89.9699	8.5894	0.9608
85.9489	14.4892	0.9151
90.0016	9.0661	0.9461
77.948	12.5342	0.6906
86.811	13.7056	0.8977
96.8567	3.4886	0.9963
94.5624	1.9772	1.0
88.946	11.9552	0.8585
86.2802	13.2235	0.8191
97.1489	2.5873	1.0
92.1702	7.1587	0.9785
96.2493	3.6914	1.0
85.19	10.7227	0.8714
89.3595	7.7662	0.9828
92.5042	12.3581	0.9088
86.3699	15.9864	0.7975
97.0449	4.947	0.9915
86.4142	16.2492	0.883
92.1597	11.4859	0.9461
94.547	6.1297	0.9828
95.7804	5.7091	0.9853
89.0535	9.9563	0.9151
94.8838	8.9329	0.9684
94.5316	7.6081	0.9695
91.91	12.4871	0.8958
91.0839	7.2537	0.9625
96.7349	4.0276	0.995
96.404	3.5443	1.0
80.8567	14.6218	0.7361
82.8955	11.1536	0.8704
90.2869	9.7189	0.9571
79.2384	12.2657	0.7617
76.859	18.0089	0.6706
89.4221	11.5296	0.9148
95.7734	3.9585	0.9965
96.0362	3.5147	1.0
89.6436	11.335	0.918
88.6547	13.1532	0.8769
73.6304	21.6969	0.6613
92.5224	6.4143	0.9815
90.203	10.065	0.9444
95.2882	7.659	0.9724
93.7754	6.8415	0.9804
86.3168	10.1207	0.8936
85.6521	13.9158	0.866
85.2505	17.0347	0.8246
91.6435	11.5559	0.9339
89.3959	9.3568	0.9505
91.7061	8.8064	0.9571
97.5328	1.9657	1.0
92.0508	7.1835	0.9655
94.7194	4.9236	0.9956
85.972	16.2832	0.8789
64.5507	13.1096	0.4083
75.3105	8.6194	0.8272
96.7222	2.7881	1.0
94.0176	8.9823	0.9569
80.2936	15.208	0.8113
91.5974	5.8863	0.9912
93.9188	6.4985	0.9831
88.7871	9.7272	0.9266
95.1462	6.2705	0.984
93.1714	7.9473	0.9596
92.2208	8.1311	0.9677
81.3461	12.2282	0.8645
92.1499	7.395	0.9688
87.4478	7.4672	0.9767
49.7786	5.7294	0.0
92.7251	8.3263	0.9508
71.1017	16.3523	0.5758
90.4353	8.8758	0.967
94.9015	7.992	0.9653
93.8205	8.6569	0.9721
94.9563	7.6308	0.9773
83.6106	18.1556	0.8235
83.1554	11.5903	0.84
74.2554	14.591	0.6062
96.6308	4.1642	0.9941
91.1614	7.1774	0.9781
86.3464	9.7774	0.941
90.3292	8.5366	0.9722
74.1497	14.8238	0.7255
86.437	12.9806	0.8877
79.5722	15.7406	0.7582
91.0809	9.6718	0.9279
89.264	11.5296	0.9148
92.8226	8.7647	0.9577
94.21	9.1287	0.9538
97.8043	1.6094	1.0
85.1721	9.3104	0.9306
92.5503	11.9569	0.9527
96.413	5.7391	0.9909
86.5378	20.5435	0.7897
93.9761	7.6949	0.972
90.9639	7.6985	0.9737
96.4517	3.2032	1.0
97.431	2.0794	1.0
89.4548	11.2936	0.8996
90.2563	10.7235	0.9533
96.8223	2.8164	1.0
95.5684	8.7847	0.963
80.1533	23.6611	0.7771
96.0009	5.6299	0.9851
78.9845	19.0688	0.7338
95.4515	8.1424	0.9829
96.3166	4.6856	0.9911
77.6465	16.6821	0.7571
95.4286	4.1785	1.0
87.4339	10.1907	0.9091
54.7671	7.0138	0.0244
64.2645	10.0985	0.32
91.1212	10.5916	0.9324
96.167	2.6799	1.0
93.0122	9.1272	0.9407
92.9537	7.9767	0.9741
94.0706	3.1653	1.0
83.7831	13.5112	0.8824
93.1757	12.6694	0.9316
95.101	5.7766	0.9891
94.0572	8.8766	0.9693
82.8205	20.287	0.7342
69.7705	10.1891	0.5859
96.1724	2.5169	1.0
89.5196	12.3783	0.9193
95.4624	5.0755	0.9947
82.4965	5.3506	0.9753
95.0473	4.4862	0.9933
82.4194	22.0605	0.8375
91.7529	13.015	0.9407
96.7497	7.3731	0.9761
88.2958	19.1482	0.8271
94.3873	8.1154	0.9742
95.6547	6.6576	0.9774
87.5884	12.9273	0.9184
97.9263	1.6751	1.0
93.2149	7.039	0.9719
95.2565	3.8737	1.0
93.7049	11.7959	0.9437
91.4241	9.4397	0.9609
76.4019	12.8288	0.7
83.626	17.0787	0.8032
64.4209	25.8419	0.5113
90.0782	9.6084	0.9512
95.2577	5.5416	0.992
83.0126	16.2598	0.8447
79.9286	7.9329	0.8974
95.7188	6.2956	0.9814
79.7444	21.1019	0.7419
89.0208	14.0751	0.8559
89.6318	8.6866	0.9554
95.6718	4.8497	0.9935
96.3218	5.5576	0.9898
96.8427	4.6948	0.994
96.5852	2.3774	1.0
89.7158	13.404	0.8889
93.3592	8.6813	0.9845
95.8893	6.1716	0.9882
83.8528	14.8453	0.8885
94.9989	5.814	0.9851
79.6266	16.9468	0.6934
91.7876	14.2059	0.922
89.6193	13.1339	0.9073
92.9625	8.4728	0.9806
97.5494	3.2932	0.9942
95.3944	5.4591	0.9868
92.5805	7.0456	0.9783
95.4097	5.1601	0.9933
96.0354	2.5559	1.0
94.8539	8.6051	0.9605
94.839	6.3018	0.9787
93.7735	6.0218	0.9928
94.2341	8.4201	0.9712
95.6514	4.2189	1.0
96.0914	3.2317	1.0
89.8268	8.7909	0.9679
89.7419	12.0094	0.9138
80.7509	11.8873	0.819
89.1529	9.1756	0.9589
93.5798	6.6756	0.9796
89.4016	6.1355	0.9595
88.98	16.939	0.8784
95.3502	3.4256	1.0
94.8672	5.1562	0.9875
90.555	14.7454	0.8912
46.3887	7.7849	0.0
91.9194	11.3692	0.9362
95.6574	6.6546	0.9724
93.9987	10.6482	0.9651
91.8478	7.1987	0.9727
85.3103	12.1163	0.8698
95.9868	3.5277	1.0
96.9278	3.7662	0.9963
89.0545	9.2149	0.9518
86.9729	14.014	0.8508
97.3213	2.1177	1.0
83.8932	13.4288	0.8528
96.8118	6.7689	0.9865
95.7043	3.3386	0.9953
80.6392	24.8818	0.7955
85.952	15.2273	0.8725
93.8817	9.184	0.9648
86.0858	15.4982	0.8899
85.525	15.3849	0.9063
81.9692	8.0095	0.878
75.8822	10.0996	0.75
75.1188	27.1657	0.6111
85.8528	11.8651	0.9188
69.0526	15.2795	0.4462
96.9845	6.4512	0.9829
90.4224	8.4357	0.9559
80.4728	10.7065	0.8167
92.4004	6.5806	0.9807
97.3424	3.0596	1.0
93.9047	7.7706	0.9714
56.4342	9.1143	0.0154
86.5245	12.1944	0.8158
90.7451	7.9602	0.9677
72.5427	14.2818	0.6441
88.8082	7.1336	0.9765
97.191	4.9197	0.9918
89.3047	5.1283	1.0
97.9666	1.6969	1.0
92.8883	7.0727	0.9842
84.1011	11.6033	0.9231
94.3269	6.7301	0.9778
73.382	16.4337	0.5455
95.8093	7.0413	0.9819
91.5055	6.6258	0.9865
89.7409	9.6504	0.9596
87.154	11.209	0.9246
96.0859	3.0726	1.0
84.7418	16.6704	0.8748
96.9903	2.4758	1.0
97.3957	2.4834	1.0
88.1913	8.2438	0.9693
85.609	11.8005	0.9322
87.7729	16.3806	0.8261
96.6876	2.8806	1.0
86.8041	11.9779	0.8486
94.0001	6.2704	0.9944
96.7336	5.2866	0.9898
96.0992	3.9904	0.9976
84.93	11.3462	0.9095
95.7613	5.3018	0.9924
87.5983	10.9971	0.9181
95.8314	9.1181	0.9678
89.8043	8.7113	0.951
91.5767	12.4742	0.9104
95.8558	7.8255	0.9776
82.2076	14.3013	0.7021
60.0403	6.6617	0.1
91.5551	7.2613	0.9691
88.7959	11.3825	0.878
94.7468	10.0748	0.96
87.0829	3.7996	1.0
88.4489	13.1809	0.8804
95.3222	6.953	0.9758
94.8049	7.7293	0.9746
88.7703	7.7534	0.9592
89.7741	8.4292	0.9595
92.42	8.3549	0.9681
93.2962	7.9746	0.9527
89.5595	15.5504	0.8713
95.5367	7.4655	0.9753
92.3795	7.7076	0.965
96.6175	3.8586	0.9935
97.6149	1.763	1.0
86.1216	10.7003	0.919
85.6476	9.9481	0.9044
97.127	3.1216	1.0
89.074	18.3044	0.8257
54.5096	7.8643	0.0
97.7321	1.5033	1.0
92.7997	8.8844	0.9672
90.8217	8.1698	0.962
60.5308	14.9901	0.2532
60.7694	6.786	0.1587
77.3579	18.696	0.783
95.0287	6.6769	0.9829
95.3996	4.6142	0.9948
89.2261	8.6967	0.9478
84.225	9.8356	0.9071
97.7233	2.7805	0.9972
93.2113	8.8933	0.9514
94.4019	8.4249	0.9662
89.6399	13.0703	0.9567
92.6834	8.2229	0.9745
97.1044	2.6393	0.9975
93.9562	4.6685	1.0
95.7065	4.1345	0.9975
71.2749	14.4887	0.6792
96.0385	6.532	0.9824
95.6284	4.8719	0.9971
95.8286	2.618	1.0
92.318	7.5611	0.9675
89.3007	12.8856	0.9213
73.2275	23.0236	0.6156
91.7093	15.3098	0.8763
93.0008	7.5507	0.9492
88.4436	20.2062	0.8435
96.0715	3.7713	0.9961
70.4408	26.3768	0.5031
93.6062	10.497	0.9655
89.7923	15.0469	0.9217
94.8726	7.3492	0.975
90.2412	14.4509	0.9283
93.899	5.5072	0.9956
89.3565	13.3837	0.8679
95.2113	6.1323	0.9781
86.121	15.4082	0.873
89.0442	7.5013	0.9615
90.7241	7.9775	0.9605
87.3905	8.2051	0.9569
86.2689	13.1007	0.907
96.0566	4.3637	0.9961
91.5924	9.601	0.9333
94.433	5.3963	0.9961
77.1816	10.774	0.7146
98.2596	1.15	1.0
84.8055	11.0625	0.9066
90.6335	13.807	0.9257
92.524	7.7059	0.9568
87.8607	11.3466	0.8889
92.5962	7.8408	0.9743
87.3353	14.6522	0.927
96.3883	4.0635	0.997
97.7196	1.8224	1.0
62.2913	13.4832	0.3731
93.4096	5.3931	0.9972
92.6047	8.5451	0.9503
91.7058	14.6435	0.8805
95.8404	7.4344	0.973
96.3427	2.7517	1.0
94.0082	6.0739	0.9899
77.4323	21.6411	0.7778
58.5221	18.1441	0.318
96.2653	4.9104	1.0
79.2078	14.1867	0.7863
86.7455	16.3174	0.871
89.9691	9.14	0.9596
96.2175	5.7865	0.9853
97.2528	2.0166	1.0
92.3104	11.4526	0.9514
77.6985	13.7664	0.7421
92.8455	7.1824	0.9819
93.5179	9.7187	0.9388
88.2121	13.6791	0.8532
87.6413	15.3772	0.8385
91.2074	8.3471	0.9615
90.6011	9.2095	0.951
96.7532	3.095	1.0
91.5377	8.5669	0.9669
92.6872	8.3583	0.9662
80.3186	15.5217	0.6327
90.2449	10.7604	0.9254
95.0752	8.0697	0.9741
90.7953	8.8693	0.9504
74.5042	15.3468	0.5146
96.333	4.5762	0.9941
92.7629	8.788	0.9603
87.5526	8.8261	0.9407
92.3611	7.1121	0.9712
92.1404	6.7267	0.9596
91.5655	9.4458	0.9383
97.5848	2.4068	0.9979
94.3613	6.8228	0.9877
96.127	4.3444	0.9968
81.5405	26.5499	0.7347
80.9963	11.3085	0.8475
70.0105	8.0364	0.5763
90.4631	13.4615	0.8995
94.9454	8.9617	0.9464
95.8652	5.0222	0.994
92.1731	7.6836	0.9675
90.471	9.259	0.9714
65.0851	24.9769	0.4043
96.4461	5.4979	0.9905
89.5961	10.8872	0.9122
89.5137	9.7971	0.9411
94.9927	7.8315	0.9726
85.6338	11.4534	0.9155
93.1246	7.3943	0.9643
91.2068	7.5914	0.9692
93.3568	7.1022	0.9724
98.1954	2.2239	1.0
72.8102	20.3474	0.6226
82.3266	13.4049	0.8287
98.5267	0.7514	1.0
96.3896	4.6808	0.9964
86.7167	9.1879	0.9405
56.0115	12.4728	0.1724
92.8657	8.9314	0.955
94.4119	7.3104	0.9855
95.545	4.3218	0.9963
88.8935	12.0567	0.9268
79.6926	11.8256	0.8043
85.0264	15.1823	0.8591
97.4666	3.5176	0.9946
80.8692	8.2738	0.8587
70.5749	31.5244	0.6232
91.5083	10.1926	0.9444
92.3755	8.8288	0.9443
84.9355	13.1908	0.8927
87.878	12.4861	0.9322
94.3873	6.2032	1.0
90.1919	11.8126	0.913
97.1049	2.4679	1.0
87.8721	13.1212	0.9414
91.1271	7.8519	0.9596
91.1016	13.6352	0.8889
93.0497	10.1383	0.9713
93.3658	8.6984	0.9426
95.7647	8.4737	0.9758
93.9087	9.3637	0.9656
91.2934	9.0972	0.9333
93.6423	6.4185	0.9838
77.178	11.3498	0.7653
97.2271	2.4319	1.0
87.4218	11.082	0.924
90.5224	11.6039	0.932
87.9925	13.4878	0.9395
85.8199	16.5117	0.8377
90.6661	7.2933	0.9781
90.3857	6.7999	0.973
94.1828	5.7671	0.9821
92.908	10.4792	0.9751
97.2616	2.3905	0.9982
94.436	8.7099	0.9609
78.6128	12.901	0.7352
90.6151	11.0517	0.9212
89.2021	7.8483	0.9636
96.978	2.679	1.0
87.9831	6.9894	0.9516
92.6426	8.426	0.9605
90.9099	12.6298	0.8938
89.7007	8.4928	0.9348
87.6243	10.2903	0.8986
96.8455	3.9292	0.9909
90.7972	11.3535	0.9466
94.8696	7.0679	0.9851
94.6551	7.6671	0.9636
69.1603	20.3414	0.6429
90.5819	11.8159	0.9302
90.0802	7.3407	0.9701
88.8759	13.4615	0.8911
92.9309	7.758	0.9722
97.2012	1.8065	1.0
91.8087	9.4273	0.955
87.4054	11.0822	0.8824
71.6092	11.3611	0.5667
89.4569	10.2122	0.954
91.1763	5.2915	0.9811
96.5347	3.6092	0.9976
93.4702	6.158	0.9903
81.9694	12.4545	0.8013
82.8713	16.0831	0.7485
73.1005	23.9014	0.6089
93.5213	7.2127	0.9572
82.0502	19.2332	0.8718
89.0653	9.9008	0.9298
96.3896	4.3711	0.9904
89.3638	14.5482	0.8521
95.8266	5.8665	0.9811
94.2823	8.4563	0.9824
87.4783	11.1656	0.9353
89.6825	13.0325	0.9322
87.0608	7.1435	0.9595
80.3081	14.9383	0.7869
92.3135	10.5022	0.9483
87.7836	17.1511	0.8756
88.5296	10.98	0.891
88.5784	12.5416	0.9123
90.216	10.8508	0.9428
88.7347	10.6149	0.9226
48.6791	13.9168	0.0804
79.1577	17.3886	0.7625
95.7233	5.4061	0.9892
93.1863	6.9297	0.9799
95.73	8.7353	0.9565
75.876	10.2061	0.7
88.9012	16.6452	0.8651
87.4657	6.9846	0.9754
95.9695	6.5263	0.9829
95.6831	6.867	0.9785
96.7147	2.0579	1.0
97.6049	2.1219	0.9977
88.9682	9.5294	0.9408
92.0457	6.3467	0.9789
94.2794	9.9639	0.9657
95.6109	6.0056	0.9769
87.1803	8.4946	0.9461
72.4512	19.2887	0.4925
96.8072	2.6628	1.0
96.5015	2.1912	1.0
89.3548	10.2279	0.9494
89.7203	11.3838	0.9369
96.6297	4.4513	0.9941
96.5157	4.6117	0.991
93.9407	2.7731	1.0
67.9041	9.9411	0.5072
91.0196	5.9065	0.9899
87.5627	17.3948	0.8494
90.568	16.8022	0.9046
97.3943	3.4905	0.9947
92.5847	14.7844	0.9078
94.6008	8.3061	0.9573
83.7927	10.2199	0.8921
89.7702	10.342	0.9186
70.3866	13.5934	0.6125
93.5231	8.8254	0.9658
95.145	6.9314	0.9837
86.6604	12.6952	0.8438
95.2165	6.29	0.9878
83.3299	12.1079	0.8545
88.4441	8.9651	0.9427
84.4504	14.3884	0.8361
82.7088	16.3641	0.859
95.1077	2.6793	1.0
90.575	7.5677	0.9835
88.9741	14.3832	0.878
96.8796	5.5647	0.9864
88.1117	12.346	0.8916
83.8762	11.8821	0.8716
74.9231	19.3558	0.6941
87.6094	9.8186	0.925
70.455	6.1987	0.6667
97.4129	1.8251	1.0
90.297	9.4007	0.9433
97.067	2.7951	1.0
95.401	4.9324	0.9948
90.132	13.8774	0.9226
68.3396	19.6216	0.4
93.9841	6.3002	0.9845
91.4595	7.1331	0.9737
87.6378	18.9322	0.908
77.0812	10.9763	0.6716
93.4459	8.6486	0.9547
92.3852	7.2459	0.9724
90.1372	16.8926	0.8715
85.7774	12.9496	0.9126
87.0038	15.5583	0.8113
89.7558	9.9977	0.9481
91.8499	15.348	0.9091
93.928	7.2561	0.9691
94.4195	8.3274	0.9739
89.6473	9.7957	0.9362
85.343	6.9268	0.96
88.8014	10.1682	0.9383
72.5294	20.0538	0.5833
81.3494	20.7102	0.7055
94.9287	6.6459	0.9717
86.7958	12.9934	0.9305
96.3424	4.3016	0.9941
94.6378	6.372	0.9765
87.5407	10.2273	0.9515
96.7922	2.5736	0.9975
88.995	10.8133	0.9426
72.3771	16.8178	0.5641
92.5605	9.9843	0.9485
85.6768	19.6994	0.8212
89.4088	11.6412	0.9111
95.1876	4.5225	0.9951
69.8285	23.4617	0.6225
90.1095	15.0929	0.9198
98.1449	1.4513	1.0
92.2222	6.7026	0.9834
94.9668	4.3743	1.0
82.6806	13.0547	0.8388
97.5728	2.4902	1.0
89.82	9.6492	0.9448
83.7312	9.2329	0.8644
97.3901	2.2727	1.0
95.7505	6.1937	0.9817
88.7095	4.9823	0.9801
91.7085	9.2798	0.9704
79.9328	25.863	0.7819
92.4706	9.4493	0.9422
92.8136	7.7103	0.9732
81.7118	10.972	0.8684
62.9662	6.3101	0.1429
92.7155	12.3709	0.939
95.4208	5.892	0.9841
89.2313	11.272	0.9188
93.9508	8.3883	0.9568
80.9229	23.2673	0.7961
89.8094	14.1496	0.8947
94.7623	5.213	1.0
89.2443	12.3289	0.9238
73.4929	24.2223	0.5817
93.497	10.6197	0.9392
91.441	11.9057	0.9118
97.3691	3.0615	0.9971
96.5698	4.2919	0.9939
90.2646	12.967	0.9381
92.3887	15.1312	0.9252
81.1985	15.297	0.772
96.0552	4.0208	0.9942
95.1959	3.9325	1.0
87.126	13.9449	0.8834
93.9023	4.7743	0.9974
90.7012	11.2007	0.9353
86.8067	14.5431	0.8798
92.8246	5.6326	0.9916
93.4041	10.7606	0.9653
86.6492	10.0002	0.9013
75.9173	7.1675	0.8256
74.0306	25.0705	0.6603
89.7871	9.5678	0.9457
94.9149	6.6406	0.9727
89.5833	13.0511	0.9106
87.9532	10.7471	0.927
80.9832	11.7022	0.8158
87.0302	19.1592	0.8465
92.7815	8.3524	0.9743
95.1034	7.1558	0.9766
97.8232	3.428	0.9938
97.8178	1.469	1.0
90.226	7.1782	0.9737
92.3257	5.5352	0.9899
92.6664	6.1692	0.9891
95.918	4.1794	0.9906
87.0548	8.5138	0.9396
93.5804	6.3199	0.9821
89.205	10.2493	0.9621
96.868	3.7328	1.0
86.5645	11.3071	0.8333
97.2931	4.8787	0.9882
81.0894	13.4913	0.7961
90.0162	11.6777	0.9284
94.9368	6.6592	0.9762
81.2641	23.6277	0.7023
94.7278	5.0206	0.9972
93.371	6.9311	0.9682
97.0119	4.2854	0.9923
95.902	3.1522	1.0
89.2022	9.8342	0.9438
87.3148	13.7035	0.9308
68.0232	15.4195	0.5145
91.0046	7.927	0.9665
91.753	9.5941	0.9419
90.5304	9.4616	0.9478
82.6012	15.0864	0.8554
84.2391	14.1034	0.8432
90.4952	10.4267	0.9625
96.869	6.8969	0.9818
92.5042	7.9145	0.9743
87.6343	8.9456	0.9482
95.6249	4.9731	0.9878
97.4817	5.0042	0.9884
83.5856	12.6402	0.8759
85.1498	17.1999	0.8154
89.5735	13.2866	0.9175
91.1235	13.8453	0.9049
95.7655	4.3883	0.9976
94.4568	7.3993	0.973
89.239	8.8887	0.9136
90.2956	12.4751	0.9148
86.3935	13.4999	0.8154
93.827	8.4319	0.9601
97.3366	2.499	1.0
95.6832	6.3473	0.9853
95.5389	3.8942	0.9976
67.955	26.6211	0.4879
85.4659	17.1396	0.8108
86.4405	17.538	0.8672
76.3428	16.4858	0.7174
91.5232	10.5424	0.9362
91.3772	9.783	0.9357
96.179	4.456	1.0
96.0468	4.1566	0.9953
73.4292	8.9977	0.7432
94.8301	7.8515	0.9743
95.5468	7.0556	0.9722
95.7263	4.4195	0.9888
90.7739	16.5095	0.8716
97.2315	5.4311	0.9891
75.2516	23.5693	0.6118
80.9754	10.7912	0.8622
59.9628	25.3569	0.4328
95.4534	6.3353	0.9846
88.4379	9.997	0.9261
93.8917	6.8361	0.9843
93.9738	6.0776	0.9838
87.7987	15.5605	0.8955
94.5373	7.8862	0.9796
75.2057	12.0017	0.8116
93.9762	6.785	0.9747
92.9117	12.4096	0.9362
93.8093	3.5015	1.0
87.6063	12.1746	0.902
92.076	8.1213	0.9795
86.9259	11.1673	0.895
96.0033	3.8965	0.9963
93.3909	5.8642	0.9918
94.166	5.6765	0.9841
94.855	8.3825	0.9699
96.8364	3.0934	1.0
95.0196	4.034	1.0
88.8753	9.4905	0.9441
90.2344	10.9929	0.9478
78.1784	13.5231	0.7647
89.1459	9.2802	0.9462
86.7837	14.5711	0.9085
64.2057	6.3989	0.1957
82.6743	13.1478	0.8497
91.2822	9.5876	0.9486
73.4443	26.0242	0.661
92.0006	16.0595	0.8975
79.2585	15.3843	0.7309
93.3216	8.5768	0.9694
92.7316	7.6091	0.9785
94.5892	7.9577	0.9615
83.5694	19.5739	0.8273
94.8466	3.8047	1.0
90.034	12.8479	0.933
73.9468	15.9463	0.6349
94.1149	11.7151	0.963
87.9171	12.7586	0.8397
92.454	5.5937	1.0
94.2651	5.3658	0.9869
97.7752	1.4658	1.0
92.0882	6.0213	0.9867
82.3728	10.9133	0.8286
97.6752	1.4917	1.0
89.3177	11.2804	0.9148
97.7621	3.6889	0.9935
92.0752	9.5399	0.949
91.54	7.4373	0.9742
92.9273	4.6294	0.9902
95.6264	3.8003	1.0
97.8726	2.5252	0.995
92.9931	6.1312	0.9862
94.7287	7.4963	0.9723
38.6758	6.5327	0.0
79.6554	21.8177	0.7659
92.0379	9.757	0.9467
88.9485	13.2853	0.8932
94.8807	5.9862	0.989
68.0897	17.1829	0.4583
94.635	5.1314	0.9877
95.6822	4.5349	0.9941
92.9749	9.8711	0.975
96.8941	2.3189	1.0
91.9549	7.7338	0.9691
92.6412	5.7913	0.9962
95.1966	6.2114	0.9831
94.9256	6.2383	0.991
93.013	6.6877	0.972
93.6233	9.031	0.9608
84.5998	15.3339	0.8102
91.7716	12.3292	0.9503
87.4965	11.7227	0.9364
91.7891	6.919	0.9873
90.4993	9.1343	0.9381
96.9196	4.5288	0.9918
97.3807	2.5579	0.9956
83.6623	12.8762	0.8947
96.9253	3.0993	0.9972
95.0668	6.6438	0.9804
97.6988	2.5564	0.9986
96.9845	2.3665	1.0
89.1316	7.8321	0.9585
97.5863	2.6765	1.0
93.9329	5.2849	0.9838
97.6546	2.4289	1.0
95.4618	4.532	1.0
91.9868	6.7879	0.9833
89.2036	12.436	0.8777
84.4586	12.4106	0.8765
95.5004	8.9027	0.9689
83.9287	20.3451	0.8322
87.3202	16.6285	0.8515
65.1487	29.6816	0.468
95.3148	4.0231	0.9913
96.4769	3.4912	0.9961
92.8056	9.1768	0.9437
82.6889	22.7324	0.7709
86.2923	12.3367	0.9082
89.8117	10.3452	0.9247
91.6212	8.0478	0.9505
80.9362	12.0008	0.846
91.2062	11.3372	0.918
69.9451	25.9604	0.6224
81.8898	16.2889	0.7603
89.9367	11.6091	0.9309
94.6667	6.5436	0.9799
82.4412	11.6265	0.8718
87.6383	16.8015	0.8
89.5834	8.9738	0.9381
90.2765	13.491	0.8802
89.3088	12.4436	0.9
87.5105	10.4479	0.9164
97.1666	2.9821	1.0
96.4371	2.5701	1.0
91.9211	12.4636	0.933
95.6368	5.5465	0.9924
97.1117	2.6533	1.0
87.8963	7.2881	0.9423
79.8829	19.4039	0.7682
73.3058	22.4438	0.5755
88.4626	9.2973	0.9276
95.5743	4.3923	0.9973
87.826	12.8696	0.8972
96.8609	2.7558	1.0
74.9959	26.2891	0.622
93.6889	10.6203	0.9481
90.6546	8.5103	0.9533
91.8179	12.3268	0.9344
88.3951	9.7259	0.9462
95.9836	6.0018	0.9864
93.8019	5.8189	0.9903
84.0359	12.6203	0.8226
85.2588	16.4662	0.8528
93.4227	5.1603	0.9904
86.9637	7.7603	0.96
50.5653	15.641	0.0954
91.1419	9.2512	0.9434
83.6261	13.0646	0.843
97.5972	2.1048	1.0
94.726	5.4951	0.996
96.2805	3.0744	1.0
59.868	7.1102	0.0143
96.8989	2.2977	1.0
86.67	16.0471	0.8451
74.6552	24.5559	0.6371
93.479	9.0993	0.9615
88.9153	15.2634	0.875
91.7078	7.9607	0.9773
95.8033	4.3948	0.9932
92.7863	7.0373	0.9816
97.5088	3.4467	0.9966
89.8501	11.3697	0.9307
79.8722	19.6018	0.7794
95.7076	4.5034	0.9931
94.2146	4.273	1.0
89.8799	10.8406	0.9133
93.5523	6.1928	0.9874
94.0097	9.6625	0.9286
80.8776	18.7855	0.7119
83.3981	11.6852	0.8728
69.9766	12.9372	0.5405
89.0974	11.0987	0.9388
64.4803	6.4323	0.2188
95.3261	4.5263	0.9935
47.216	12.8093	0.0667
93.603	7.2461	0.9829
85.4171	17.8781	0.8321
84.4765	17.7561	0.6957
81.5149	7.8946	0.9016
96.0989	3.3098	1.0
94.5342	8.4759	0.972
95.4031	6.6083	0.976
97.5196	2.099	1.0
87.4857	9.342	0.9238
62.2445	7.3393	0.1045
89.3901	8.1556	0.9546
91.2134	11.375	0.9621
97.5692	2.0376	1.0
97.9397	2.774	0.9955
85.8536	13.4438	0.8897
89.8691	11.5038	0.9309
87.0528	16.4139	0.9051
86.2536	15.2162	0.8802
97.2693	2.551	1.0
93.1629	4.8907	0.988
87.5478	7.7627	0.9531
94.7757	6.485	0.9796
91.7351	5.5389	0.9877
90.8724	14.2498	0.9052
58.496	13.5678	0.25
89.2824	14.7952	0.9356
93.6593	9.5207	0.9598
92.733	9.0121	0.9552
87.8906	7.3411	0.9533
94.0163	5.5553	0.9884
97.2032	3.2872	1.0
83.506	11.3714	0.8387
93.9121	8.6621	0.9594
58.2195	6.1524	0.0462
89.9189	8.2245	0.9701
95.6946	7.728	0.9756
97.872	2.2122	0.9978
89.1603	9.8617	0.9394
92.1176	9.0102	0.9375
70.3305	12.0238	0.5455
91.7381	10.0379	0.9679
95.0348	5.3383	0.9917
97.1215	2.3498	1.0
97.0595	3.4713	0.9965
97.5608	2.0183	1.0
50.2005	7.4456	0.0
97.8207	3.1418	0.9953
74.6049	27.7321	0.6872
96.4734	7.7843	0.9833
91.6217	7.4286	0.9783
91.8463	10.2342	0.9498
91.8784	11.4991	0.9555
86.2756	10.1593	0.9011
94.9432	7.09	0.9862
89.603	12.3777	0.92
89.2848	13.9105	0.8914
98.1019	2.4608	1.0
89.6781	12.5812	0.9375
90.1826	12.3465	0.9245
92.1075	5.7115	0.9962
94.9029	6.6894	0.9749
59.1024	10.8926	0.2097
95.722	6.3943	0.9928
91.476	4.4934	0.9944
96.4086	3.6493	1.0
85.2794	15.994	0.7843
96.0006	5.4696	0.991
96.3092	2.7516	1.0
90.7723	11.693	0.9267
96.8289	1.7469	1.0
96.8251	3.9859	0.9942
92.3031	6.0069	0.9862
89.6126	9.8104	0.9565
97.587	2.3915	1.0
95.128	6.8251	0.981
89.8744	9.39	0.9539
97.1984	4.1266	0.9915
93.3652	6.0643	0.9819
95.8335	6.1558	0.9811
83.9746	10.0204	0.9231
84.8727	16.3995	0.8604
85.5997	8.8736	0.9325
93.8919	7.6989	0.9837
90.3695	13.5099	0.8878
89.6662	8.3045	0.9676
88.159	9.0732	0.9227
95.2316	9.1839	0.9723
79.1278	11.5088	0.7882
94.0831	6.3312	0.9889
80.2097	14.5163	0.7771
89.6541	8.9895	0.9415
83.7366	11.0249	0.8762
94.3518	8.0769	0.9636
83.1709	11.8994	0.8365
93.9163	4.8251	0.9951
86.6236	11.4963	0.8699
96.5553	4.124	1.0
97.3389	5.5499	0.9888
77.9692	13.4558	0.6935
95.3363	5.0712	0.9969
59.7464	8.6487	0.165
96.5527	4.6198	0.9924
92.2327	9.5914	0.9573
90.7884	11.2011	0.9476
88.4129	16.6408	0.8698
94.6002	7.9902	0.963
91.6393	7.838	0.9654
79.152	17.3075	0.7725
56.6641	13.1095	0.2134
60.0179	26.2865	0.4715
88.2948	8.9326	0.9471
96.2822	6.1024	0.9838
87.8633	13.1444	0.8894
93.9071	9.6072	0.9538
91.8669	6.4019	0.993
90.7526	10.3323	0.9384
95.5534	5.0046	0.9905
88.0954	11.8996	0.9174
89.9357	9.4879	0.9216
94.7291	2.0549	1.0
87.647	9.8712	0.9547
96.3945	3.364	1.0
98.0445	2.5351	0.9979
94.3934	5.2064	0.9917
74.1634	8.6699	0.791
86.6742	6.986	0.9643
85.1664	6.9162	0.969
87.7857	11.5152	0.8879
80.2022	16.4593	0.6615
92.0457	6.6725	0.9745
96.2109	4.8839	0.9767
94.7065	5.3401	0.9933
91.5022	8.7232	0.9808
97.5001	2.9107	1.0
89.7769	16.8015	0.8754
95.4232	5.701	0.9946
96.8099	5.392	0.9906
90.9366	10.5777	0.949
90.8356	9.9999	0.9368
98.0595	2.1265	0.9977
80.5074	17.1308	0.7791
83.4242	13.6246	0.8783
97.2369	2.7855	1.0
93.1108	8.6897	0.9816
85.7578	14.8763	0.8673
91.4201	12.098	0.9303
91.0608	10.9066	0.8889
95.4801	8.3146	0.9658
87.3357	10.2058	0.8971
76.2215	9.2941	0.6269
89.6184	9.8269	0.9468
92.494	9.7225	0.9612
95.5305	6.6895	0.9868
94.8122	7.47	0.9771
85.6183	14.7188	0.893
87.0893	17.5475	0.8456
94.4697	5.6238	0.984
91.7531	7.2975	0.9789
80.9722	19.2447	0.7988
89.9704	12.2664	0.9142
77.9239	23.5187	0.584
97.4706	3.8258	0.9952
98.2695	1.3141	1.0
67.8773	11.7865	0.5946
94.7006	7.4057	0.9722
95.297	6.4785	0.9824
96.6055	5.3868	0.9834
95.8445	3.963	0.9966
97.0934	2.4819	1.0
91.9334	11.2311	0.9585
91.7256	6.2483	0.9832
75.5653	18.2717	0.6774
91.868	10.4444	0.9686
94.3923	7.9283	0.9721
90.1666	11.1942	0.9434
93.7022	10.3584	0.9444
96.0353	3.9692	0.9967
88.5543	12.7949	0.8468
85.795	17.3788	0.7918
95.8238	7.4181	0.9735
90.7152	8.9523	0.9684
89.9967	14.0227	0.8933
90.0145	10.6779	0.9326
88.1157	13.8337	0.8824
95.3668	4.9566	0.9885
96.9605	4.2187	0.996
95.9015	4.8128	0.9968
84.3763	15.4829	0.8197
89.7288	9.65	0.9585
96.1997	6.0547	0.9764
89.482	10.9851	0.9273
93.1056	6.5705	1.0
95.3325	6.081	0.984
83.9137	16.1374	0.8664
95.513	4.0055	0.995
90.7354	9.0558	0.9515
72.6677	21.842	0.5864
91.6009	6.7935	0.9857
95.6314	5.0313	0.9956
82.4601	17.9825	0.8399
90.0742	10.9542	0.9113
77.2164	18.2725	0.6145
91.4324	12.5935	0.9515
95.7012	3.7838	0.9916
95.0153	3.7982	1.0
90.9221	8.5312	0.9671
95.6827	4.4417	0.994
64.4809	17.5538	0.4286
84.5785	13.7084	0.8594
90.4544	10.1503	0.9378
74.5169	20.7877	0.7071
92.4738	7.625	0.9773
82.9172	11.5239	0.7921
85.5395	13.3438	0.8981
88.4494	8.9071	0.9392
96.1466	4.2867	0.9922
90.68	11.9267	0.9417
95.7181	6.0495	0.9878
91.8461	5.1111	0.9902
91.1465	8.9754	0.9569
91.121	6.5607	0.9864
87.5281	14.3201	0.8523
93.542	6.9647	0.9811
90.1879	13.7797	0.8384
90.6126	4.4579	0.9932
88.1562	11.5698	0.918
89.6506	16.3076	0.8915
87.0053	13.7907	0.8684
91.7726	9.5542	0.9648
92.2581	9.3864	0.955
82.3623	9.7414	0.8673
83.3402	17.2126	0.7818
95.5253	6.0969	0.986
80.1884	16.7157	0.7366
86.4728	8.8463	0.9252
89.4221	11.134	0.9157
92.7192	9.8652	0.9444
97.8891	2.6028	1.0
66.4947	18.9239	0.4454
83.4338	13.7059	0.7705
86.4704	12.2232	0.9226
92.7701	7.1726	0.98
89.69	11.579	0.9392
96.2907	4.5223	0.9949
90.1624	13.3241	0.9233
94.2113	4.8127	0.9969
86.1432	9.1042	0.9197
88.733	10.5636	0.8981
83.6075	11.523	0.8912
97.2017	2.5086	1.0
83.8422	11.4414	0.8979
89.9649	9.2298	0.9565
92.9328	10.8754	0.954
94.7828	6.9307	0.9887
97.2643	2.9461	1.0
90.4283	8.3689	0.9472
92.0831	9.5558	0.9594
97.1577	1.9328	1.0
82.0484	13.0463	0.8107
94.1731	6.0039	0.9833
90.067	6.4511	0.9767
75.8351	14.3856	0.7156
89.6459	9.0815	0.952
95.6533	4.855	0.9948
92.1369	10.2154	0.9716
77.1885	15.1736	0.6909
87.5632	10.8082	0.8768
58.219	21.1039	0.3655
92.5627	14.524	0.9041
87.5744	10.356	0.9365
90.0521	11.1795	0.9191
92.752	8.794	0.9643
96.088	6.0014	0.9859
96.2578	6.9757	0.9792
90.4363	8.729	0.9514
92.3009	12.4932	0.9391
90.7864	8.8341	0.9477
93.6023	7.2787	0.9672
89.2157	9.631	0.9511
96.28	7.1859	0.9794
94.2924	7.9458	0.9662
93.3262	6.9728	0.9816
90.4863	12.017	0.9144
70.6946	27.3933	0.5403
86.6429	15.2574	0.8507
90.85	10.1405	0.9547
82.6925	10.5224	0.8858
60.5577	10.2019	0.2154
95.1122	8.4877	0.9658
77.6726	11.5812	0.7374
89.3645	10.3139	0.9561
63.833	7.5047	0.1728
89.7305	11.6719	0.9307
95.2774	7.6212	0.984
96.4778	6.2324	0.9831
85.5793	14.3261	0.8906
95.4866	4.381	0.9953
88.9457	11.3642	0.8955
90.4201	12.1421	0.944
95.1956	5.508	0.9867
93.4718	6.4679	0.9837
89.8612	8.4452	0.9643
86.6685	12.6331	0.875
96.7053	3.4572	1.0
73.8114	14.2583	0.7656
92.5481	9.3561	0.9526
96.518	4.0674	0.9968
87.5709	13.5671	0.886
97.5928	1.4518	1.0
93.767	7.7034	0.9727
83.1441	20.9815	0.7172
91.2754	11.5005	0.9414
94.2774	4.543	1.0
92.6828	7.167	0.9684
97.0273	3.6169	1.0
91.0148	7.7354	0.9629
90.9714	10.3908	0.9153
94.3521	5.5317	0.9871
90.1714	16.0794	0.8711
91.6421	14.4268	0.9382
90.637	9.0439	0.9322
81.075	17.7738	0.8172
96.6437	5.4732	0.9891
92.2697	14.7737	0.9035
97.5806	2.3814	1.0
95.3151	5.1026	0.9881
95.1745	8.3088	0.9635
86.6628	13.7582	0.8472
88.7718	12.0342	0.8864
96.239	5.2919	0.9927
90.7042	7.91	0.9663
97.4568	2.1379	1.0
93.1187	9.488	0.9609
96.2483	3.646	0.9968
94.5349	5.4402	0.9848
98.1056	1.4044	1.0
93.1235	6.5488	0.9852
95.9769	6.7492	0.9816
94.4906	6.2591	0.9905
96.6893	2.8021	1.0
85.6755	14.1924	0.8163
94.8394	7.9772	0.9744
92.6289	8.0092	0.9471
93.5159	7.7928	0.9776
95.2426	7.5248	0.9748
82.3571	14.6172	0.7744
89.1107	10.1488	0.9401
91.9893	6.8927	0.9859
97.3473	2.1139	1.0
96.9964	3.0144	0.9979
94.8157	4.3631	1.0
89.1417	8.8215	0.9498
88.3107	11.8025	0.8995
95.1864	7.9447	0.9726
79.8892	14.7457	0.8103
90.7108	11.1977	0.9189
82.8534	20.0979	0.7176
96.6374	5.7508	0.9835
95.2414	2.9962	1.0
96.2796	4.4506	1.0
89.47	8.4977	0.9596
88.3506	7.8598	0.945
88.1727	11.0484	0.9112
91.8568	9.1013	0.9173
92.7445	5.4845	0.9895
76.0322	16.743	0.7787
95.5791	5.3083	0.9838
93.1349	5.2259	0.9872
94.8299	7.8699	0.9774
97.1953	4.2532	0.9932
88.952	9.0823	0.9714
75.8876	19.9943	0.5899
57.0932	4.5957	0.0
94.3783	5.9352	0.9884
89.0328	11.6667	0.9117
94.3253	12.1029	0.9467
91.0805	8.0362	0.9619
75.8417	23.3873	0.6746
90.0227	10.1834	0.9308
88.0968	13.554	0.9227
81.9454	16.1329	0.75
94.5463	5.1675	0.9925
93.6472	8.3966	0.9748
96.0395	4.5221	0.9847
58.6728	4.9159	0.0
97.5655	1.9441	1.0
74.0165	11.3651	0.68
92.6657	6.9923	0.9703
91.8366	10.0195	0.951
61.3178	7.6925	0.1618
85.8874	11.9394	0.8953
88.3081	9.1514	0.9368
87.194	12.2151	0.916
83.8103	13.7655	0.8436
76.4881	20.1088	0.5804
82.9263	11.8998	0.806
96.0185	5.4961	0.9907
96.3872	3.9088	0.9964
90.1175	11.0522	0.9042
96.0581	6.159	0.9815
89.9474	15.2756	0.8905
93.4376	8.3216	0.9765
97.9454	0.9976	1.0
96.0764	3.1854	1.0
90.3777	14.4638	0.9348
69.5247	15.4307	0.5128
81.4832	15.0955	0.7609
96.3772	4.8273	0.9918
78.302	16.5902	0.7024
88.8029	11.621	0.9133
92.3658	10.9059	0.9517
86.6561	9.4598	0.9389
93.6303	5.5805	0.9897
95.7165	5.2426	0.9898
84.3789	11.9498	0.8958
84.7448	7.4748	0.9415
95.6797	6.2068	0.9754
86.2132	11.4546	0.929
52.3424	9.9618	0.0132
68.1569	16.0313	0.4565
78.8109	17.0186	0.7818
75.1577	15.8039	0.6613
90.494	4.5902	0.9792
92.9096	6.6461	0.9664
91.3558	10.2949	0.9584
97.114	5.3297	0.9821
59.9327	16.068	0.411
93.6541	5.9449	0.9756
86.3556	22.4268	0.7945
95.0815	5.3952	0.9898
95.5744	3.5036	1.0
96.4833	4.6851	0.9913
89.5064	9.9416	0.9555
92.2067	10.3044	0.9386
92.024	6.925	0.9772
84.7767	15.1632	0.8466
96.4353	5.0064	1.0
94.9261	6.3997	0.981
78.684	8.5523	0.8095
95.3583	4.4318	1.0
95.0879	4.2795	0.9888
96.3323	5.2223	0.9887
87.4866	10.8523	0.9413
91.732	7.8771	0.965
96.9028	2.6442	1.0
53.7364	16.4964	0.1761
86.797	13.5571	0.8728
91.5134	8.2067	0.9558
88.9467	12.1513	0.9376
95.3029	4.6553	1.0
91.5028	14.8936	0.8801
91.4313	8.4258	0.9457
94.4784	5.9172	0.9817
90.9245	11.8903	0.9052
94.0449	7.0679	0.9681
96.6478	5.5521	0.9895
92.3813	7.4662	0.9669
86.4033	16.5878	0.8642
89.5562	11.0102	0.9148
86.2864	14.6067	0.8828
81.5272	7.4544	0.9429
96.5326	4.1775	0.9975
95.0956	4.1501	1.0
91.8399	5.895	0.9912
95.5006	7.2425	0.96
95.6542	2.6258	1.0
84.9726	7.9874	0.9336
96.0483	3.8051	0.9965
94.3057	4.7864	1.0
97.2278	3.5798	0.9953
71.7611	15.7869	0.5143
95.2693	1.9101	1.0
96.3259	5.5419	0.9861
83.4446	9.5523	0.8802
96.5553	5.1679	0.9921
82.663	16.251	0.8214
82.7627	15.0696	0.8408
97.5961	2.5074	1.0
97.2357	2.4726	1.0
73.4969	7.1023	0.6324
92.6139	8.7181	0.9608
93.1734	6.2842	0.9849
80.6512	13.1044	0.7917
93.6201	6.8265	0.988
59.836	12.1082	0.2432
95.1771	6.4286	0.9905
94.9316	4.449	0.992
88.9034	13.3194	0.9178
61.4226	23.8265	0.4613
89.1584	15.2595	0.9204
93.6715	6.8513	0.9859
90.6505	9.2102	0.9571
83.4029	18.8537	0.8396
95.0831	5.0173	1.0
96.6573	6.1599	0.9895
90.0538	5.4937	0.9848
93.7715	10.3965	0.9443
97.8423	3.0436	0.995
76.9668	13.9592	0.7342
97.1562	2.6846	1.0
77.4738	9.9545	0.8108
67.1533	18.8553	0.5122
89.6636	10.276	0.9363
95.0547	4.3666	0.9921
93.7481	7.4207	0.975
85.6345	18.9443	0.7901
87.8153	16.9065	0.8615
95.3772	7.7098	0.9791
87.1576	11.7637	0.9121
93.2144	10.8759	0.9394
95.5071	7.2961	0.974
91.7564	10.7566	0.9544
94.3735	7.1987	0.9806
93.1067	6.2014	0.9887
93.7944	8.7416	0.95
34.0912	7.6312	0.0
91.7071	11.9544	0.9341
92.4742	13.2428	0.936
88.5002	14.5916	0.878
92.4556	13.3041	0.8741
87.3865	11.9654	0.9136
96.23	5.3656	0.9904
95.8617	5.3325	0.9877
79.986	13.6819	0.7097
47.7416	7.5954	0.0
97.2887	2.817	1.0
94.335	8.6063	0.9648
93.3171	11.4448	0.9231
90.6606	6.2911	0.975
95.0597	4.2206	1.0
97.5171	2.8735	1.0
91.969	8.7391	0.9517
97.0213	3.0423	0.9955
82.553	14.1933	0.8652
87.8412	9.7686	0.9153
90.4422	7.1528	0.9771
93.5429	5.7855	0.988
87.9689	15.4158	0.8839
56.4825	11.4892	0.2167
96.9248	2.3872	1.0
91.8678	16.5676	0.9292
91.492	12.4654	0.919
92.1596	14.8804	0.914
94.717	5.9709	0.9968
85.4547	6.3012	0.9677
94.8462	6.8	0.9831
58.0537	27.8043	0.4425
89.8897	11.7893	0.8879
90.0459	12.3272	0.9404
93.5488	10.6038	0.963
95.8813	6.5757	0.9811
72.3498	9.5672	0.6769
86.1594	16.7103	0.8548
91.2293	8.489	0.9471
93.6214	4.9921	0.9881
90.2431	12.5069	0.88
97.1521	3.2048	0.9974
95.093	5.1854	0.994
94.9328	7.7429	0.9784
91.4927	16.0976	0.8759
87.0081	7.0455	0.9698
96.7421	2.9417	1.0
92.6462	6.5404	0.9851
95.307	4.9281	0.9888
97.0771	2.1861	1.0
92.6221	7.0437	0.9785
97.6427	4.6107	0.9905
95.6887	3.651	1.0
87.3825	12.8655	0.8571
87.0817	14.9768	0.8696
96.4571	3.0827	1.0
94.8094	3.6602	1.0
80.9367	20.0871	0.711
93.6235	8.665	0.967
91.7949	8.1927	0.9805
93.7686	8.7451	0.9552
86.7706	10.8766	0.914
78.5093	8.743	0.8367
85.8938	9.5481	0.9333
96.4435	3.1546	0.9963
83.1539	10.6861	0.8289
88.0763	16.4254	0.8343
90.483	10.1991	0.9434
90.7709	10.0456	0.9467
92.2185	11.5915	0.9455
86.9843	13.4191	0.902
43.5303	10.1779	0.0
84.7916	13.1665	0.8911
82.2741	12.5699	0.7051
93.9555	11.3617	0.9508
97.5108	1.9315	1.0
96.7911	4.8408	0.9927
96.0982	7.9665	0.9715
96.6432	4.7315	0.9902
97.8863	1.8632	1.0
93.7567	9.037	0.9645
98.1057	2.0588	1.0
92.8313	8.5413	0.9538
86.7579	13.4302	0.9169
90.0306	9.5515	0.9423
94.5997	4.6424	0.9958
93.0155	12.7125	0.9077
85.6073	17.7431	0.8342
88.4726	10.8654	0.9032
97.5526	1.5226	1.0
87.2368	12.2439	0.8745
94.5626	5.868	0.9876
96.5321	4.5684	0.9874
92.2897	7.354	0.9677
93.8798	6.9582	0.9794
96.6348	5.8957	0.9873
59.9313	13.9545	0.2368
95.4072	9.0525	0.9711
85.5304	11.7219	0.8732
98.3303	0.7733	1.0
92.0088	8.1775	0.969
81.839	10.9526	0.7937
94.5496	6.729	0.9855
95.0192	6.9225	0.9741
83.21	14.9355	0.7915
95.5486	4.3222	0.9903
87.7884	9.5882	0.907
93.5179	9.1314	0.9707
86.3764	14.726	0.8466
89.1538	14.2169	0.9019
78.4602	20.72	0.7109
95.9685	2.8313	1.0
84.2803	23.1742	0.8352
92.5528	10.0269	0.9462
94.3737	6.1908	0.9921
95.0058	4.7207	0.9877
97.7292	2.16	1.0
74.0442	27.4514	0.6625
71.2642	12.8333	0.6138
83.1229	20.9037	0.8057
93.5274	5.5114	0.994
96.5887	3.2382	1.0
88.2362	5.8199	0.9853
96.7237	2.654	1.0
84.8067	16.9963	0.8602
87.2933	12.8873	0.8989
97.2335	2.5145	1.0
74.1653	23.7612	0.6232
85.371	11.4334	0.913
62.0633	18.2308	0.4776
90.5578	10.7273	0.9263
87.4733	8.5341	0.9507
93.4457	8.9495	0.9634
81.5446	20.5194	0.7064
95.945	4.426	0.9961
85.8314	9.236	0.9271
92.1138	7.5132	0.97
90.6758	8.0628	0.9542
96.714	2.9184	1.0
92.9624	8.3885	0.9754
95.1599	5.284	0.9866
95.8966	4.974	0.992
96.0701	6.13	0.9796
87.6987	13.1052	0.8534
81.0431	13.5676	0.8309
90.1306	12.0283	0.9453
85.1818	20.311	0.7462
85.0258	18.2437	0.8785
81.6024	17.0931	0.8671
96.1541	3.0234	0.9967
75.1699	17.678	0.6868
96.4249	6.475	0.9722
68.1252	4.9237	0.4815
91.9281	5.9927	0.9867
94.2921	9.3985	0.9474
90.8653	6.2972	0.9783
87.8723	12.9442	0.9054
97.5506	3.0255	0.9952
84.8664	10.3178	0.9024
97.2755	2.9854	1.0
92.1547	6.4388	0.9815
94.5511	8.2172	0.9792
80.9826	17.0321	0.8395
83.585	12.0731	0.8721
94.4318	5.4085	0.9967
95.0725	3.0347	1.0
81.4399	18.9378	0.7951
95.2426	6.7752	0.985
97.2799	4.0062	1.0
95.2138	6.8388	0.9806
89.2317	11.4125	0.9383
97.527	1.8481	1.0
88.5744	14.5385	0.8333
89.8214	7.55	0.9574
89.8627	6.8567	0.9744
94.2616	6.3499	0.9849
84.8626	11.266	0.8706
77.5847	20.7212	0.7715
95.3941	4.4132	0.9917
92.8758	10.5898	0.9435
92.3074	6.4202	0.9652
85.7137	14.5783	0.8803
95.1895	4.8958	0.9921
93.5013	10.3538	0.9527
87.7106	11.9975	0.8966
96.82	3.05	1.0
90.6451	5.4098	0.9868
90.8236	15.7556	0.8852
96.4955	4.283	0.9904
90.1751	8.8268	0.9444
89.3131	12.8805	0.9135
95.9842	5.7023	0.9888
96.7241	6.4039	0.975
93.2846	10.092	0.9739
97.0441	2.424	1.0
84.101	10.0989	0.9051
85.4554	14.0262	0.831
84.8658	10.3977	0.9215
79.7934	24.616	0.7292
98.0086	1.4411	1.0
91.8246	9.6957	0.9494
92.2912	6.1996	0.9852
98.114	1.5395	1.0
89.0648	10.4098	0.8861
65.8699	14.6428	0.4828
97.1125	2.3131	1.0
97.5143	2.8296	1.0
95.0687	6.7178	0.9775
83.3383	15.6023	0.8685
88.7934	9.1132	0.9585
94.3068	4.5428	0.9911
92.4281	9.2526	0.9515
87.386	9.482	0.9561
85.8302	8.9341	0.9419
85.2372	11.4465	0.8993
92.8539	4.9076	0.995
87.1298	9.3068	0.9244
93.3476	11.8619	0.9566
91.1224	10.3953	0.9408
85.9393	6.7454	0.973
91.0716	6.7865	0.9833
97.3854	1.9867	1.0
91.3236	6.8269	0.9728
85.691	10.7685	0.9164
81.7517	13.1935	0.8428
88.1954	12.5659	0.8734
92.4864	11.1349	0.9541
89.7993	9.9994	0.9536
81.0664	17.011	0.8468
91.9742	9.9338	0.9577
79.4522	19.728	0.7257
97.0671	3.4874	1.0
85.4022	11.1514	0.9006
96.4213	3.1152	1.0
91.8318	7.2335	0.9867
87.7126	10.4253	0.9288
85.0467	13.8061	0.8831
86.4203	13.464	0.8853
97.0069	2.9517	1.0
94.0202	6.1751	0.9914
91.7368	8.37	0.9658
87.4446	10.002	0.9323
92.2825	12.5797	0.9228
82.7028	11.6022	0.8762
93.577	6.5322	0.9683
80.7812	14.5943	0.8119
96.1786	5.7411	0.9899
83.9996	19.3387	0.7333
90.9093	8.7243	0.9706
89.9277	9.9689	0.9317
89.6974	15.3836	0.9204
73.8334	14.6997	0.6224
90.3896	9.3702	0.941
73.5724	18.3934	0.5156
92.5632	7.8527	0.9712
95.106	5.4974	0.9878
91.3083	10.6805	0.9267
67.8896	8.6475	0.4952
93.0705	7.1852	0.9807
90.3249	8.5064	0.9535
97.6056	2.8981	0.9953
76.2375	14.968	0.7679
66.2053	11.2944	0.383
86.9826	12.2075	0.924
95.8316	4.793	0.9952
90.6586	6.2299	0.9883
97.6024	2.6454	1.0
93.5706	6.4513	0.9877
65.883	14.535	0.5
98.2297	0.9497	1.0
88.8088	13.7101	0.8987
95.7224	5.3648	0.993
97.9438	1.1792	1.0
90.744	10.5701	0.945
95.533	3.1763	1.0
94.2437	4.3246	0.9958
67.9747	14.9057	0.5417
75.2613	12.9501	0.7128
84.1857	10.7432	0.845
97.8472	1.5885	1.0
81.9569	12.8445	0.8402
85.6424	9.556	0.9065
88.3913	10.9617	0.9376
59.7436	28.8729	0.45
85.322	10.4434	0.8925
97.1291	3.6253	0.9911
94.3185	7.129	0.9798
93.4768	8.3951	0.9766
94.3921	6.6321	0.9877
89.4777	6.1464	0.973
93.8532	9.2137	0.9778
95.5172	5.1682	0.9866
91.1364	15.0656	0.9232
90.4742	14.4338	0.8824
82.2993	16.6783	0.8124
96.7676	7.7562	0.9842
95.8626	6.6421	0.9873
87.8596	11.4131	0.9423
90.2858	8.2997	0.9562
75.7387	13.889	0.6729
86.3316	16.9983	0.8673
91.1357	3.1639	1.0
93.6301	6.2276	0.9793
87.6522	9.6794	0.9486
79.5544	18.4052	0.6919
95.2496	4.0347	1.0
87.2546	18.6858	0.894
89.8462	12.1901	0.9152
97.0682	2.6942	0.997
89.6938	8.695	0.9633
84.732	16.7436	0.7899
94.0778	4.9963	0.9861
88.6436	10.9307	0.9275
92.796	11.9682	0.95
85.4459	11.0529	0.9147
79.8765	17.052	0.8313
93.4326	7.0524	0.9826
97.4535	1.9054	1.0
89.1849	14.1165	0.8692
89.8185	8.8319	0.963
90.1022	8.5021	0.944
41.1388	8.1126	0.0
96.417	4.5702	0.9858
97.5505	2.115	1.0
79.8374	15.0013	0.7713
84.0207	15.4017	0.8399
74.0783	20.6954	0.6425
96.2069	4.9686	0.9968
95.6834	5.5232	0.9878
58.6951	7.7447	0.0
78.9802	17.0357	0.7036
75.1024	8.6227	0.6863
67.2114	9.6348	0.4096
74.4426	10.8012	0.7254
91.8504	7.9899	0.9722
92.778	8.2998	0.9557
90.0294	8.2146	0.9774
96.8731	5.0928	0.9848
85.8856	9.0578	0.9327
96.7514	6.4757	0.9764
84.7424	9.9293	0.91
96.0387	7.7911	0.9748
90.4499	9.6986	0.9385
85.3977	12.8337	0.8922
94.7024	4.6156	0.9958
93.6389	10.2817	0.9378
94.2897	5.606	0.9823
61.6048	10.908	0.2836
71.1196	9.5191	0.6809
96.9509	3.8615	0.9919
98.0161	1.4806	1.0
91.0148	7.7436	0.9744
90.1513	12.575	0.9488
93.8975	5.624	0.9866
97.0181	2.2373	1.0
91.6539	9.4194	0.95
86.197	8.3624	0.913
85.4515	13.4139	0.8333
91.7728	11.5528	0.9189
78.1522	6.5676	0.9118
96.2502	5.7255	0.9873
87.0388	7.0571	0.982
97.5826	1.5101	1.0
93.5767	11.2159	0.9481
92.9476	10.2742	0.9615
92.8156	10.6377	0.9474
91.4767	8.9346	0.9507
96.9548	3.5984	1.0
95.8565	5.6093	0.9939
90.2121	11.9144	0.9149
92.5183	8.5427	0.977
92.9276	6.3681	0.9835
89.3428	14.5826	0.9067
85.6634	7.5101	0.9769
91.1778	9.0702	0.9726
93.0236	7.9308	0.96
91.9585	8.0559	0.9781
87.051	13.7962	0.8906
93.7091	7.2416	0.9893
51.6802	13.5987	0.1494
93.307	11.6214	0.9333
55.4204	8.1656	0.0
97.0307	4.1376	0.9913
96.8018	4.0799	0.997
96.7254	4.1375	1.0
57.6436	8.1869	0.0149
93.2096	4.6976	0.9931
96.6148	2.9857	0.9952
97.9432	1.931	1.0
93.0747	6.8029	0.9706
83.9828	11.6927	0.8424
83.0275	8.137	0.9636
97.2825	2.4785	0.9984
65.485	16.4732	0.3874
94.1784	4.56	0.9948
85.4132	9.9348	0.906
96.9806	3.0222	1.0
87.3838	23.7771	0.8317
92.5782	10.2227	0.9408
89.415	12.5302	0.9208
86.0237	9.4688	0.9038
93.501	3.8614	1.0
96.7706	3.6539	0.9964
94.3846	11.1608	0.9507
87.9834	18.6572	0.8726
96.1292	4.7525	0.991
89.3231	17.0481	0.8846
92.5003	6.0489	0.9975
86.9932	8.9411	0.9433
96.6247	6.2593	0.9877
76.533	16.3951	0.7156
96.4243	4.4559	0.9932
97.3085	2.5317	0.9969
62.5596	9.3593	0.2609
81.8003	9.7859	0.8704
93.8977	8.4348	0.9688
97.04	3.6678	1.0
93.5689	6.3882	0.9798
60.294	17.3982	0.4235
91.1042	12.4727	0.9118
57.2539	8.881	0.1123
86.7352	11.6128	0.9225
88.8944	7.1225	0.9579
90.4344	13.565	0.913
97.1251	3.5312	0.9962
93.2474	13.8685	0.9429
97.024	2.4774	1.0
92.2318	8.9669	0.9663
80.5266	16.533	0.7205
88.8053	14.7872	0.8935
96.5985	4.1602	1.0
94.9829	4.812	0.9884
72.8972	24.0337	0.601
83.3761	12.0099	0.8737
96.6274	3.6255	0.9965
83.7456	15.0573	0.8112
95.2693	8.2484	0.9682
95.5886	4.1363	0.9948
94.7833	5.2023	0.9917
87.6493	10.8756	0.9153
89.5123	8.4847	0.9516
96.9725	3.1464	1.0
93.689	6.3656	0.9762
87.2094	16.9891	0.9069
95.3888	7.5252	0.9692
83.1627	8.8516	0.95
88.5777	8.6722	0.9432
90.2283	9.443	0.9606
82.0914	13.0672	0.8684
82.9002	16.6401	0.7442
97.0568	4.6197	0.9911
95.8235	8.2789	0.9646
87.5739	12.413	0.9044
96.7338	3.6062	0.9953
97.5546	2.5083	1.0
89.8088	13.4067	0.8961
90.3439	10.7404	0.9143
67.6715	23.0525	0.5735
95.6505	7.2006	0.9817
94.9584	6.471	0.9809
89.3397	10.5169	0.9318
95.4218	7.5093	0.9571
92.0718	8.4166	0.9656
97.7116	1.925	1.0
91.8356	6.551	0.9787
95.5767	4.9965	0.9897
87.8317	12.2871	0.9077
97.5143	2.1345	1.0
75.0684	21.6764	0.5763
87.0036	15.6332	0.9036
88.6787	13.4489	0.8935
88.8509	12.0808	0.9179
85.4327	16.1296	0.8495
96.9518	4.8759	1.0
88.414	8.5542	0.9425
79.1832	11.6197	0.7828
85.1442	10.0092	0.9165
86.4211	10.3774	0.9208
87.2488	12.1014	0.9341
90.7667	11.9099	0.9196
89.7964	7.8403	0.9776
96.2766	5.63	0.9851
80.9727	22.638	0.7376
71.6269	6.3459	0.6809
82.3916	12.1912	0.8417
91.876	14.7417	0.882
70.4961	17.9276	0.4909
96.7053	2.7852	1.0
94.4319	11.2524	0.9327
84.1699	15.3278	0.8195
89.3825	11.534	0.9148
87.3409	6.0898	0.9681
89.2352	9.2584	0.9489
95.594	3.5222	0.9949
79.5607	16.3253	0.6429
93.3101	10.4726	0.9441
88.1426	13.5628	0.8832
93.528	5.3713	0.9974
95.5064	4.9778	0.9935
93.5834	8.5384	0.9405
85.9398	20.3092	0.8065
97.136	3.4492	0.9948
91.7181	10.5902	0.9348
93.4891	7.8261	0.9764
95.8184	4.0781	0.9976
96.6897	4.3301	0.9948
96.3491	4.7487	0.9935
85.6781	11.8429	0.8984
94.4039	6.0185	0.9717
96.4776	3.7372	0.9959
97.4468	1.5539	1.0
56.0105	12.8703	0.2171
82.1921	21.4236	0.7705
92.9629	2.5947	1.0
95.6103	4.8605	0.9895
81.3443	12.0172	0.8197
87.3412	14.462	0.8687
79.0041	23.8865	0.7786
91.9101	6.5523	0.9779
90.3525	10.0964	0.963
89.7711	11.024	0.9122
92.6217	8.5219	0.9789
89.6405	5.7227	0.9798
92.3285	7.0359	0.9713
95.7962	8.0535	0.9709
94.0192	7.6387	0.974
88.8514	6.1442	0.9829
92.0146	16.5065	0.9258
78.1001	7.7538	0.8953
82.3889	7.075	0.9565
89.8168	8.8142	0.9278
96.954	4.1638	0.9929
92.187	8.2519	0.9512
93.0019	4.3089	0.9963
50.7913	7.3963	0.0
96.034	2.7828	1.0
95.2151	4.1277	0.9945
87.5072	11.0391	0.9132
92.4002	7.6735	0.9784
80.2263	18.2739	0.7595
95.2473	7.4979	0.9731
91.3695	7.9792	0.9737
92.2177	8.4295	0.9651
98.0504	1.9488	1.0
94.0541	8.7788	0.9819
94.5166	7.4806	0.9714
96.0192	4.1448	1.0
92.0858	10.4223	0.9396
88.284	8.9932	0.9549
96.6039	4.4739	0.9944
90.8191	9.0297	0.9581
96.4877	4.1849	0.9925
94.1602	5.1214	0.9925
93.377	4.775	1.0
88.223	10.6463	0.9406
87.7739	10.2159	0.929
89.9268	10.1849	0.9217
95.1996	5.5134	0.9867
92.4338	6.2206	0.9896
66.5447	10.822	0.4286
90.4308	9.2264	0.9536
97.2171	3.1595	0.9972
96.5093	2.8005	1.0
93.307	8.0424	0.9748
87.5796	12.3323	0.9114
92.7171	10.9423	0.9496
88.885	8.4625	0.972
92.3267	4.8244	1.0
77.2713	19.8106	0.6158
92.3763	11.6312	0.925
94.2732	6.5137	0.9726
79.5923	16.9438	0.8447
85.804	11.6685	0.8559
96.8242	3.5708	1.0
87.657	8.3464	0.9643
97.746	1.8641	1.0
72.7592	22.3487	0.7308
94.7289	8.9786	0.9553
93.8328	5.7956	0.9846
89.3395	8.629	0.9574
87.6259	13.6698	0.8874
97.0696	4.5971	0.9893
95.6992	5.3542	0.9922
95.8748	3.7714	1.0
95.4331	6.1487	0.9811
91.4262	6.2548	0.973
90.2472	10.7012	0.9478
93.8415	8.3856	0.971
71.8513	17.7521	0.5897
87.0858	8.4748	0.9489
86.3033	13.0215	0.9152
95.7133	4.6597	0.9964
88.7727	7.9887	0.955
91.9044	8.1866	0.9609
91.4659	16.8519	0.8833
87.3746	12.8679	0.9003
93.0833	7.8201	0.9822
92.6738	2.6311	1.0
96.1575	6.0143	0.9821
96.806	3.2087	0.9963
88.9803	12.8596	0.8974
90.4338	8.1946	0.9563
86.3515	10.5047	0.9079
90.7966	11.8035	0.9386
97.2658	3.2821	0.9959
81.7704	20.6615	0.7635
97.1853	4.0734	0.9941
89.0701	10.3906	0.9264
92.1804	9.1739	0.9504
64.2216	14.5422	0.3614
95.3352	5.512	0.9878
92.8291	12.7362	0.9231
86.4243	13.9348	0.8596
96.0303	4.4292	0.9964
90.1476	13.7184	0.9192
81.3567	13.6268	0.8483
97.145	1.8235	1.0
94.0398	4.9618	0.9942
69.2239	13.8846	0.6232
86.6046	21.875	0.8533
97.4132	2.1808	1.0
89.4466	8.7884	0.9583
81.4985	25.5345	0.7482
93.6058	5.2901	0.9974
62.6072	7.7148	0.1884
89.4411	7.5259	0.973
90.4626	8.9203	0.964
96.018	4.8024	0.9921
95.925	2.4111	1.0
96.4169	3.436	1.0
78.0556	11.1501	0.7746
90.7476	10.3999	0.9515
86.3142	6.0717	0.9651
94.161	11.2341	0.9535
92.3175	6.9244	0.9791
82.3987	17.0343	0.7889
92.2631	6.4706	0.9672
95.1281	1.6731	1.0
91.787	5.5019	0.9906
96.8001	3.9168	0.9974
95.4093	2.9673	1.0
77.9596	18.4694	0.6964
95.185	5.6269	0.9886
87.9309	13.677	0.9318
97.2947	2.2141	1.0
87.1914	5.8318	0.983
97.5753	1.5964	1.0
96.6402	4.4248	1.0
89.2148	9.3227	0.9374
92.9908	12.152	0.9502
54.2244	10.2709	0.0
90.6756	9.0518	0.9514
88.329	9.82	0.9673
96.6619	1.9693	1.0
92.4729	6.3956	0.9828
86.3385	12.5079	0.8761
89.5058	12.1053	0.9007
93.2521	9.0243	0.9459
69.3134	12.9838	0.4342
84.972	5.1626	0.975
94.8398	5.6488	0.9848
96.5151	4.3393	0.9909
87.8229	13.1862	0.9222
95.5861	4.2031	1.0
93.8472	8.6998	0.9586
89.9736	9.7075	0.9402
93.1682	9.558	0.9616
93.4226	2.0965	1.0
90.9399	10.3721	0.9465
93.2827	8.3477	0.9436
97.8489	2.1346	1.0
89.3416	11.4175	0.946
85.2395	7.0579	0.9595
94.428	6.5314	0.9822
76.6317	12.4312	0.748
86.5838	13.7372	0.9032
81.714	19.5468	0.7976
88.5228	8.5972	0.9587
92.2593	7.1461	0.9807
85.6716	15.8557	0.8736
89.7489	10.3908	0.944
88.6702	17.7876	0.8296
91.4392	11.6856	0.9308
92.9432	12.256	0.9375
82.7064	11.2707	0.8659
48.5651	7.5678	0.0
91.7374	9.9535	0.934
97.842	3.0479	0.9976
83.5526	10.8071	0.8621
84.7038	12.5704	0.9105
88.3494	11.5593	0.9083
85.1053	12.8547	0.8677
93.4617	5.5867	0.9871
95.3444	9.2408	0.9591
96.4504	7.7236	0.9821
97.8932	1.8394	1.0
90.0	9.8445	0.9481
93.7799	7.436	0.9575
82.6847	18.6469	0.8007
87.0158	15.4599	0.8544
95.1158	8.3029	0.9758
95.2549	8.5186	0.9794
89.608	8.755	0.9555
82.1778	18.3712	0.7581
93.9436	7.7554	0.9725
79.0206	18.4382	0.7257
81.3821	13.1851	0.7925
86.9205	9.8676	0.9202
90.2312	17.6548	0.8799
91.8003	12.6196	0.9162
83.1496	12.2581	0.8584
94.3564	6.6004	0.9792
95.1668	7.6692	0.9694
86.1896	13.882	0.8919
93.6098	8.5101	0.9524
90.6417	8.708	0.9763
95.1646	5.3874	0.9971
89.8011	10.3776	0.9435
96.485	2.552	1.0
97.2445	2.0203	1.0
90.7767	8.9017	0.9498
96.5436	2.7899	1.0
90.9063	15.265	0.8861
89.5805	10.2646	0.9478
95.6077	3.873	1.0
87.4016	7.5735	0.9603
94.5773	9.1366	0.9657
88.9762	16.8927	0.8462
87.9829	11.8224	0.9023
93.4331	4.7698	0.9869
90.0791	11.032	0.9383
89.7565	17.4131	0.8803
92.4767	6.5243	0.9885
93.928	6.3947	0.9756
96.3875	3.7559	0.9953
97.2973	1.7504	1.0
95.6015	5.0818	0.9896
92.8111	7.9348	0.9836
86.7619	13.1167	0.8972
88.0389	13.6892	0.9257
88.7614	16.3516	0.8698
93.8748	7.4355	0.9732
83.4063	10.0266	0.8795
87.032	13.1262	0.9
84.3715	20.2852	0.8155
91.3033	9.6203	0.9308
87.2006	15.4406	0.9149
91.8747	5.2094	1.0
93.3612	4.8114	1.0
94.8098	8.9642	0.9644
89.6402	11.8879	0.9235
89.266	12.5058	0.9083
89.6078	13.7189	0.8836
95.5472	5.352	0.9902
53.6656	14.4325	0.0952
83.3382	12.4889	0.8628
89.3007	11.6522	0.9124
92.171	6.2775	0.9745
94.8569	5.6811	0.9811
88.2322	12.8361	0.9269
81.8535	20.6982	0.7067
96.7175	5.433	0.9888
95.0478	5.9321	0.9884
97.0073	2.2781	1.0
91.3105	10.5567	0.9574
96.1473	3.6402	1.0
95.6602	7.2319	0.9723
84.0495	19.5471	0.8178
90.8351	9.9281	0.9532
92.9382	9.0333	0.9545
81.4387	18.1152	0.8152
94.1171	8.0133	0.9747
85.3797	7.7985	0.9231
93.9963	7.9735	0.9711
97.6266	2.7864	0.9976
93.778	7.259	0.9764
94.7357	5.2975	0.9919
94.6033	7.7449	0.9589
81.4364	20.0378	0.7625
72.2614	17.1579	0.513
90.4588	15.5691	0.8848
95.2146	4.5373	0.9912
86.2862	11.2127	0.9154
71.7435	19.6436	0.5865
92.834	6.3981	0.9785
87.7481	8.7692	0.9259
90.559	11.1681	0.9487
90.8299	7.9684	0.9579
88.5322	9.0198	0.9539
85.8996	8.0403	0.9429
87.6033	14.109	0.8144
89.8123	10.6301	0.9269
92.4982	10.3989	0.9306
85.2284	16.1754	0.7899
72.3369	16.0358	0.6308
91.7463	11.1271	0.9368
92.7687	8.5293	0.977
90.2789	6.6154	0.973
86.9324	8.9476	0.9318
91.8072	9.5308	0.9435
96.607	4.8221	0.9903
92.8264	10.3332	0.951
91.5931	9.6573	0.9427
90.9326	7.3608	0.9711
93.5808	12.7897	0.9102
94.5689	4.7844	1.0
71.3231	10.6294	0.6129
84.0447	12.0495	0.8679
83.1936	13.8833	0.7832
81.8361	11.1139	0.8669
94.848	4.582	0.9912
53.3243	4.796	0.0
93.3364	14.1592	0.9116
89.169	11.6634	0.948
90.5519	14.3614	0.8879
94.9858	4.5009	0.9962
79.6661	10.0076	0.843
88.7266	8.6543	0.944
95.5467	4.5733	1.0
90.4509	12.4577	0.9314
80.2431	14.1411	0.728
81.1794	16.8162	0.8106
94.9291	6.7626	0.9878
93.9182	5.6967	0.9904
94.2379	7.5133	0.9646
97.0828	2.1154	1.0
96.4356	5.2073	0.9915
87.1249	12.1206	0.8809
95.3161	4.0958	0.9928
85.1794	8.6809	0.9145
93.7836	11.4896	0.9474
88.6189	10.2583	0.9327
94.7929	5.8113	0.9964
93.7465	7.5486	0.9735
51.4904	16.2409	0.1696
90.7878	8.8412	0.9568
86.7079	15.7533	0.8915
97.1344	4.0372	0.9962
94.4475	3.3647	1.0
74.3056	14.7226	0.6316
91.7898	6.9737	0.9835
95.9838	6.1844	0.985
92.9928	6.5474	0.9841
89.5589	13.4183	0.8908
95.1817	5.7217	0.9865
81.2009	15.0315	0.7931
92.5119	7.16	0.9716
94.2379	3.3273	1.0
90.6218	13.5658	0.905
89.5072	17.4501	0.8911
97.194	3.6195	1.0
89.358	8.6345	0.9593
93.757	5.4279	0.9888
92.3306	5.6353	0.9871
95.7872	5.9394	0.9849
91.2952	9.9152	0.9518
60.0271	16.356	0.2926
96.8285	2.5928	1.0
94.9758	6.1034	0.9816
94.8169	6.6487	0.9912
89.7138	10.0574	0.9395
96.9427	4.1285	0.9971
87.7263	11.2822	0.9225
96.5205	3.1374	1.0
97.2326	5.536	0.9868
91.4213	11.7981	0.924
74.7008	14.3722	0.5397
84.2305	14.3941	0.8246
90.0392	8.2104	0.9556
88.6958	15.5037	0.8984
95.9948	3.945	0.9939
88.3892	12.8171	0.8462
87.7119	14.2519	0.8536
96.6319	3.5517	0.9955
92.6507	10.3998	0.9619
93.3007	6.2259	0.9796
78.0412	9.9535	0.8214
93.95	8.2267	0.9671
76.7683	8.984	0.8636
85.7528	11.3099	0.9032
93.0203	6.0124	0.9848
97.0226	1.9217	1.0
88.9733	8.7842	0.9614
90.668	5.3873	0.9893
93.5026	6.8471	0.9875
88.1339	13.6462	0.8746
95.8539	5.3463	0.9912
89.7497	6.7539	0.9749
86.6525	7.8285	0.9625
91.4848	16.4474	0.8829
96.7096	5.4146	0.9904
93.5509	6.6614	0.9796
94.6214	5.8671	0.9933
80.1004	10.9907	0.8162
87.3206	12.0112	0.9395
93.6851	10.9078	0.9633
96.2748	2.9179	0.9983
73.5293	23.1739	0.5781
82.9485	21.4779	0.8009
73.0297	14.2419	0.541
95.4284	7.2842	0.9814
91.7631	5.9869	0.9867
92.9587	9.1105	0.9724
95.1532	4.2432	0.9949
93.9084	7.8703	0.9591
90.1943	11.8473	0.9531
91.2212	6.8082	0.9762
60.8658	15.9248	0.375
83.7329	22.1653	0.7567
95.4434	6.4116	0.986
87.078	13.5086	0.9107
95.2396	6.1813	0.9789
90.9147	8.0943	0.9818
92.3705	9.4483	0.9456
90.6649	9.7946	0.9476
94.7492	5.6816	0.9873
62.0734	21.948	0.4354
88.6374	14.4794	0.8514
93.097	8.5646	0.9524
91.9515	6.0572	0.9867
91.6229	7.1436	0.9781
94.6249	10.609	0.9582
94.0778	7.2889	0.967
91.6702	7.6812	0.9647
92.7666	7.1408	0.9761
93.8973	8.4929	0.9742
93.8242	6.6551	0.967
91.29	8.1677	0.9633
89.8189	8.6838	0.9378
76.8062	13.2149	0.6984
92.2494	15.7204	0.875
79.124	10.3014	0.8308
88.8159	8.377	0.9469
92.154	8.5862	0.9735
96.2551	3.055	0.9968
89.2088	10.9501	0.8977
88.7102	10.6834	0.9325
92.6371	9.3399	0.9399
97.5201	3.7727	0.9916
79.1676	10.108	0.803
88.5783	12.2868	0.8797
93.4825	5.9349	0.9904
91.847	8.7324	0.9552
95.6931	4.2871	0.9903
78.0184	16.2918	0.6473
91.3166	12.7165	0.9266
89.2564	12.2738	0.9148
96.3486	4.4537	0.9938
96.5765	3.0137	1.0
75.4292	14.1226	0.7019
87.9867	10.7801	0.931
95.6247	3.6081	1.0
89.6933	11.1481	0.9091
93.3398	6.2771	0.9837
96.1849	4.7213	0.9935
91.2164	13.2904	0.9306
83.5993	11.2601	0.9041
88.3888	10.2483	0.9231
87.7658	5.7955	0.9808
84.982	13.764	0.8868
94.5354	5.7861	0.981
91.2912	8.5957	0.9412
88.0396	9.7039	0.9142
89.7981	9.5874	0.927
91.1412	8.6044	0.9681
95.7321	4.8546	0.9875
97.6579	1.8042	1.0
87.3965	13.8586	0.9279
94.4312	8.1814	0.9689
92.9831	7.9577	0.9809
97.0798	3.4679	0.9931
52.1943	11.5748	0.0889
85.7587	9.5146	0.9074
93.7722	7.4429	0.9776
69.6357	13.2041	0.5846
94.9121	7.3413	0.9683
91.9163	8.0795	0.9752
90.2324	12.7042	0.883
93.1091	8.897	0.9825
88.1429	10.4936	0.9439
96.303	5.5591	0.9843
90.6518	10.725	0.9323
68.8648	13.6315	0.3861
91.5151	10.1953	0.9457
93.6768	8.4871	0.9587
91.4405	9.7124	0.9481
95.5235	5.4504	0.9906
95.8388	6.9028	0.9792
91.0402	12.9576	0.9259
90.9149	11.0483	0.9333
94.7335	4.7328	0.9967
87.2206	9.7472	0.9358
97.708	2.3848	1.0
88.6483	16.4219	0.86
86.8652	10.7173	0.9048
79.6	16.4384	0.7748
91.1293	12.3104	0.9032
85.8418	11.0309	0.8571
82.9344	13.0625	0.8174
91.8443	10.1265	0.947
89.9334	8.4025	0.9395
91.7007	6.0119	0.9883
94.908	4.1727	1.0
85.6175	14.651	0.83
91.4087	11.1344	0.922
96.3257	6.7053	0.9714
95.7829	3.7145	0.9959
97.3225	2.7931	0.9958
96.8863	3.0548	0.9969
96.548	2.6944	1.0
95.2093	7.0471	0.978
97.1329	2.7669	0.9981
96.3958	2.611	1.0
92.8799	9.8795	0.9237
92.8505	4.4075	0.9968
75.1156	20.4553	0.713
85.9394	16.509	0.8902
95.899	6.648	0.9795
95.9349	5.9386	0.99
96.3124	2.7655	1.0
69.2255	8.2975	0.5057
96.8559	3.3161	0.9975
85.3581	14.5577	0.8333
91.4577	8.1212	0.9587
50.8119	7.4314	0.0
88.7912	9.1676	0.9592
87.3551	13.599	0.8892
97.0154	2.8558	1.0
93.7278	6.2771	0.9912
97.8284	1.8257	1.0
74.7428	15.4118	0.625
76.1095	21.0844	0.68
91.8837	8.084	0.9657
93.9875	5.4881	0.9874
95.1185	4.644	0.9916
83.8522	13.936	0.796
89.9429	12.1139	0.9318
68.5296	16.5158	0.5111
96.9331	4.519	0.9931
87.6201	9.7521	0.926
93.7857	8.4712	0.9424
91.8059	7.5104	0.9837
94.5668	5.8277	0.9895
82.6868	16.0354	0.7585
92.2473	7.8487	0.9681
97.0301	4.5343	0.9894
95.1327	5.3769	0.9894
87.6151	14.2286	0.9079
92.4716	9.8301	0.9526
89.9727	8.965	0.9544
90.6371	12.0884	0.9245
86.3362	12.5792	0.8917
59.0394	8.715	0.1143
52.3367	4.3546	0.0
93.6585	7.2625	0.9752
97.6155	2.9305	0.994
94.877	7.2748	0.9556
88.38	11.6813	0.9313
91.2976	14.4581	0.8889
81.8487	17.105	0.824
95.1711	5.4245	0.9972
91.4185	8.6751	0.969
89.3823	7.6502	0.9719
87.0462	16.4935	0.8844
93.7503	7.1331	0.9866
83.8373	12.8298	0.8914
95.7208	3.4161	1.0
68.1672	19.698	0.3934
93.3538	7.4475	0.9766
87.6448	12.9425	0.9067
95.0401	9.7421	0.9557
97.4867	3.8261	0.993
84.1661	13.7587	0.8775
89.7623	12.9861	0.9145
88.6653	8.4144	0.929
88.4776	11.0947	0.8816
94.4226	10.4032	0.9605
87.5192	16.8092	0.8842
95.0913	3.841	1.0
81.1672	19.9059	0.7816
92.9873	9.9335	0.9485
87.1719	17.1171	0.8986
88.1401	10.8676	0.901
85.8451	13.94	0.902
94.2735	5.6833	0.9932
92.8519	9.5459	0.9521
94.5572	7.3399	0.9742
97.8815	1.7809	1.0
90.8346	14.6876	0.9111
84.3632	14.2099	0.854
71.2372	24.2757	0.6622
85.8025	12.4844	0.8722
86.8809	12.4739	0.8977
82.7775	16.7112	0.8294
89.9795	11.0716	0.9345
96.9352	5.1389	0.9927
96.9738	2.59	1.0
97.3868	3.2492	0.9932
92.0563	8.3314	0.966
96.0904	3.7232	1.0
85.6662	9.6482	0.9371
96.2816	3.6393	0.9956
84.4807	21.202	0.7957
89.5222	8.2971	0.9556
93.7135	8.0832	0.9802
94.7596	7.3413	0.9826
95.5027	5.3914	0.991
92.2171	8.3713	0.9551
90.3764	9.0322	0.978
88.4292	9.8689	0.9495
97.3358	3.9392	0.994
95.0734	9.158	0.9642
89.548	10.1036	0.9134
86.1303	16.6025	0.8465
97.1591	2.3921	1.0
98.0929	2.094	1.0
96.7798	3.1821	0.9978
96.9874	2.9337	1.0
61.5065	13.4122	0.2903
93.4958	5.5679	0.9897
88.2142	15.6995	0.9
91.6637	16.286	0.9093
88.4842	13.481	0.8783
90.7788	8.7793	0.9649
69.2105	25.1185	0.5422
57.8557	10.3795	0.2063
87.0972	8.2881	0.9502
68.4337	6.5232	0.4412
79.8068	14.6756	0.8179
85.0372	17.633	0.7697
93.1421	4.8114	0.997
95.5978	6.2899	0.9843
91.7294	16.2219	0.9144
84.7093	10.8431	0.9158
92.8358	16.0568	0.9277
88.7344	11.5334	0.9196
85.8864	12.5144	0.8595
54.3012	10.324	0.0958
93.8344	6.5031	0.9891
84.8008	7.2602	0.9554
87.2268	12.9648	0.8915
87.4753	15.7688	0.9015
92.8969	7.1748	0.9776
92.0805	7.2938	0.9854
97.3374	2.3502	1.0
87.7949	8.669	0.9585
89.6948	12.5931	0.9066
88.2917	9.5331	0.9561
70.7327	20.2557	0.5955
63.4181	13.6478	0.3125
96.6534	4.9953	0.9852
94.9368	6.6746	0.9806
97.593	2.757	1.0
95.6719	3.7778	0.9831
86.7268	12.3154	0.8455
92.032	8.1969	0.9753
90.7955	9.2473	0.9545
95.9645	4.2447	0.9959
93.9935	5.5181	0.9921
92.1509	9.3999	0.9507
83.3522	16.7439	0.852
83.899	16.8338	0.8205
90.3373	9.6021	0.9614
79.7374	17.8144	0.7263
91.4958	18.7134	0.9067
93.894	6.8954	0.9736
89.5915	7.6495	0.9797
92.7382	11.7024	0.9082
89.4267	9.1232	0.9454
82.5341	9.906	0.8542
94.8367	4.1684	0.9957
94.0016	10.572	0.9327
81.7513	12.6055	0.7949
97.2559	3.1733	0.9968
91.1061	14.4974	0.8944
95.2996	5.9017	0.989
94.4899	4.6152	1.0
93.7063	10.0462	0.9493
77.975	22.8848	0.6807
73.257	14.7167	0.5672
78.5055	13.641	0.7995
92.0522	10.6458	0.9277
50.7478	5.6219	0.0
91.0909	7.1709	0.9737
76.9019	16.1232	0.6436
96.0625	3.202	1.0
95.5691	6.551	0.9828
83.5834	9.1211	0.9296
97.0474	4.4727	0.9922
92.8735	7.1876	0.9746
92.0385	6.4111	0.9895
95.5928	3.7919	1.0
73.4923	21.6799	0.5894
93.6189	4.6294	1.0
84.1185	10.6544	0.875
95.5201	5.5087	0.9817
88.0594	12.6743	0.9224
95.003	5.8005	0.9844
92.317	5.9123	0.9877
82.3469	17.2767	0.7589
86.1494	7.4057	0.9677
88.2317	10.9962	0.9374
92.432	3.7778	0.9977
95.6113	4.6866	0.9947
92.3248	7.3175	0.9652
84.4682	22.998	0.8459
96.3111	5.0402	0.9867
87.4117	10.8437	0.9195
83.236	14.3104	0.843
92.4371	10.1855	0.95
85.2976	13.9404	0.875
96.1365	3.4779	1.0
97.1359	3.732	0.9931
93.267	12.3408	0.9504
94.7457	8.0498	0.967
96.3651	3.9839	1.0
95.6953	5.7013	0.9921
62.995	8.7823	0.176
86.4316	10.647	0.9023
90.3652	4.0409	0.9957
73.4805	7.6106	0.7742
94.9886	6.6106	0.9812
95.0215	5.9565	0.9873
64.3001	7.7737	0.2
95.826	2.9978	1.0
97.6364	2.1366	1.0
95.1765	4.8039	0.9977
95.19	6.986	0.9802
89.0258	9.2457	0.9202
90.9635	7.9872	0.9598
89.7703	16.5859	0.8852
77.1353	8.8527	0.8182
87.9471	11.6928	0.9199
83.0413	22.6063	0.8226
96.7332	2.1595	1.0
93.4145	6.2958	0.9769
93.0585	7.1412	0.9768
95.9643	3.7818	1.0
94.9554	6.039	0.9833
83.6906	12.4151	0.8598
91.7278	10.4501	0.9176
91.2896	8.6431	0.9452
90.2649	10.7357	0.9079
92.5515	6.6574	0.9784
75.3861	18.0623	0.7163
92.204	7.9732	0.9643
91.8535	11.1451	0.9231
93.218	13.5637	0.9453
88.7646	16.7502	0.8759
89.2716	7.1065	0.9655
93.3078	5.6762	0.9943
85.3755	11.2293	0.9135
94.3425	6.2899	0.9854
87.819	9.7871	0.93
85.9974	17.4241	0.8562
92.35	14.5425	0.9229
96.6865	2.6495	1.0
86.2969	12.517	0.8947
72.4046	12.7934	0.6271
94.7636	9.2099	0.9742
73.6767	22.2092	0.6909
98.1943	1.4687	1.0
84.8666	10.6712	0.9239
97.4447	2.8298	0.9971
93.7303	13.6604	0.9314
95.7809	6.3845	0.9864
95.5714	4.7593	1.0
88.2896	15.0593	0.8611
91.119	12.762	0.9247
93.7763	6.3226	0.9899
92.5892	13.8225	0.9331
93.1053	10.2011	0.9416
97.0248	3.0106	1.0
95.4165	4.8379	0.996
85.2036	14.8972	0.8701
96.0608	4.2005	0.9949
84.3169	7.2749	0.9531
68.3587	17.5804	0.5317
97.6149	2.0117	1.0
89.9896	7.3182	0.9689
89.8468	7.0041	0.9776
93.6227	3.3183	1.0
82.2234	12.3369	0.8311
92.4948	8.2028	0.9697
94.3135	5.2374	0.9962
77.7301	19.4786	0.758
85.9088	15.7484	0.8705
78.0607	15.8227	0.7568
84.1196	20.157	0.8361
47.7165	9.0555	0.0
95.7304	4.9086	0.9909
79.3599	15.1618	0.6593
91.0422	9.3031	0.9658
58.5685	7.0387	0.0833
96.7341	4.7516	0.9914
94.7755	7.0212	0.9887
91.1151	10.3606	0.9404
90.3499	7.6776	0.975
95.7514	5.6168	0.9898
95.0792	6.3875	0.9841
93.4869	13.1855	0.9297
69.8722	9.8834	0.5278
91.8793	9.5594	0.9531
