90.5396	6.2998	0.9891
77.6324	17.3882	0.7071
94.7192	13.408	0.9379
95.3614	4.5039	0.995
92.1143	7.539	0.974
70.3555	9.205	0.551
83.4491	10.8081	0.8828
91.3095	7.029	0.9782
93.2223	11.9887	0.9543
94.8974	5.2864	0.9949
91.882	10.1249	0.9453
71.5925	19.4653	0.5815
91.2555	12.7654	0.9168
94.1951	9.6445	0.9659
89.6534	10.0206	0.9544
90.5544	5.8073	0.9927
62.4172	12.508	0.3553
91.888	10.4403	0.9435
90.2828	12.8527	0.9139
77.9502	11.0716	0.8333
90.0145	11.9923	0.934
88.3207	13.6238	0.8986
90.4395	15.3723	0.8352
97.5478	2.9239	1.0
91.2091	5.7584	0.9914
85.0894	14.709	0.8682
92.8047	16.1863	0.9246
87.413	12.3739	0.872
94.1551	7.8661	0.9647
86.6414	14.492	0.8
89.3149	12.7291	0.9414
89.1182	7.8826	0.9662
95.1249	9.7084	0.9453
92.577	12.644	0.926
92.5969	13.2851	0.9224
95.8653	8.6409	0.9652
87.3688	12.1658	0.8808
61.3625	14.9401	0.3235
90.8152	11.6595	0.9267
90.4657	11.2013	0.9328
87.2978	15.802	0.85
90.2517	11.5957	0.9363
89.4009	11.9986	0.9395
95.6462	7.754	0.9747
86.7323	6.5208	0.9537
90.7952	11.0505	0.9556
93.0895	11.1946	0.9537
88.793	9.2	0.9468
88.2961	15.3574	0.8725
89.3282	8.7396	0.9368
95.1669	7.5773	0.979
90.7599	14.6854	0.8872
95.7019	9.5188	0.9562
95.9544	5.0166	0.9931
91.4589	14.1932	0.8759
86.0053	10.2649	0.923
88.8359	5.4932	0.9817
74.9016	22.0885	0.5152
98.4122	1.1338	1.0
88.3959	10.534	0.9125
97.2082	4.074	0.9961
75.0326	16.4942	0.5185
89.0729	15.8762	0.8153
93.3386	8.2749	0.9737
81.0901	15.2233	0.834
74.0446	9.5244	0.5833
96.1524	5.1066	0.9837
96.9393	2.0705	1.0
91.4834	11.7029	0.94
96.2854	6.6455	0.9872
94.4371	11.2465	0.9486
77.0774	13.7164	0.6526
87.3466	13.7381	0.8636
87.157	14.8422	0.9004
97.1651	3.9737	1.0
84.1871	11.9534	0.8758
94.2507	8.068	0.9722
93.2477	8.1452	0.9768
87.1845	11.0538	0.8727
97.0316	2.6607	1.0
94.7721	11.6446	0.9464
89.7855	7.6569	0.9652
94.3555	5.6542	0.9813
96.9652	4.8027	0.9909
86.7366	14.6427	0.8675
98.3449	1.4846	1.0
95.8026	5.4329	0.9945
90.7501	10.2174	0.9523
91.1202	12.0422	0.9459
89.2126	8.6085	0.9412
91.7674	5.0683	0.9915
87.4801	14.5689	0.8592
79.3022	9.9121	0.8088
92.5971	11.8393	0.9398
92.7259	8.6521	0.9648
86.1845	13.9083	0.8986
97.0649	2.1702	1.0
95.1072	5.7207	0.9892
95.2478	5.5308	0.9919
90.7751	9.4237	0.9509
94.5991	5.6898	0.997
94.71	6.306	0.9873
89.7176	10.5942	0.9321
89.9127	7.9421	0.9817
87.2173	12.3902	0.7912
94.2835	12.5546	0.9465
96.653	2.8595	1.0
92.7633	9.0146	0.9733
94.6447	5.1402	0.977
90.6987	7.6921	0.9707
61.5469	9.5643	0.1728
87.5415	14.0131	0.8384
82.6925	13.4786	0.8079
94.8439	6.282	0.9846
96.2781	4.4705	1.0
87.0822	10.897	0.9255
92.7253	12.7667	0.9198
88.9436	8.4126	0.9552
83.0524	9.6738	0.9064
81.8579	10.8586	0.8255
91.2091	14.2898	0.8743
88.4811	15.3639	0.9311
91.3082	11.982	0.9329
90.2553	7.1883	0.9759
78.3596	11.2372	0.7829
92.1787	6.3146	0.9902
84.3586	14.1941	0.8596
89.6772	13.1235	0.9328
90.5686	13.824	0.9194
96.9753	4.7422	0.9948
94.9301	4.7851	0.9948
89.03	12.456	0.8864
86.6443	15.7345	0.8738
78.2574	4.3578	0.9565
95.9541	5.3628	0.9783
92.5824	7.2435	0.9787
88.3444	11.271	0.9301
96.5095	2.8036	1.0
93.3397	15.6932	0.911
87.1399	12.8846	0.9284
88.7715	8.653	0.9574
89.2772	9.1387	0.9442
84.7575	12.779	0.9025
88.6478	14.6378	0.8771
89.4848	14.3205	0.9096
95.2176	4.4616	0.9948
92.4151	10.8366	0.9698
88.1715	18.0059	0.8819
88.5232	11.103	0.9493
88.2302	13.4729	0.9169
90.8634	14.3653	0.8975
97.5474	3.5087	0.9952
91.2782	8.2352	0.96
87.9554	8.3198	0.9714
71.4695	20.762	0.5545
81.9914	17.4381	0.8244
94.5027	9.0322	0.9551
90.579	11.6706	0.9
92.5977	10.9439	0.9546
89.837	12.4474	0.9134
80.0645	15.6619	0.6875
94.919	6.8422	0.9713
93.3213	12.7972	0.9527
90.9378	10.6013	0.9339
94.3896	7.1876	0.9764
86.2663	11.0161	0.8886
94.893	5.585	0.9922
97.2201	3.099	0.995
97.1905	2.968	0.9968
96.7093	4.7971	0.9924
55.1399	18.6517	0.2938
90.9823	9.3941	0.9458
89.3802	10.0795	0.9341
91.5644	10.5364	0.9545
88.39	14.6645	0.8528
94.7829	4.0834	0.9976
94.7727	4.4211	0.9956
90.6508	11.8973	0.9222
96.4253	4.2794	1.0
92.2185	11.1451	0.9115
90.3735	9.5183	0.9722
84.2873	13.4228	0.9077
97.5038	1.4695	1.0
79.7341	12.272	0.8214
93.1254	7.4868	0.9723
93.1932	9.9472	0.9426
85.0523	13.4097	0.8979
88.5727	9.848	0.9494
94.3941	4.8095	0.9975
93.4176	5.3738	0.9971
83.3577	14.1132	0.8442
89.0994	14.3538	0.9129
76.012	19.1255	0.6081
96.8075	5.7037	0.981
84.9701	8.8927	0.9289
83.2373	13.8766	0.8694
95.3521	3.0598	1.0
88.658	6.9008	0.974
83.705	14.1559	0.8749
89.9991	12.4331	0.8934
89.3928	9.4889	0.9412
85.3613	16.212	0.8186
90.3773	5.4736	0.9935
98.1407	3.1825	0.9945
98.218	2.0281	1.0
90.8462	9.1244	0.9556
88.4778	11.071	0.9125
95.4193	5.0149	0.9903
91.3344	11.455	0.9417
89.3582	9.3717	0.9565
80.6343	19.264	0.7719
93.9462	6.8435	0.9725
90.0338	11.5648	0.9398
60.0213	9.6652	0.1984
96.8544	6.0692	0.9817
98.1758	5.1248	0.9901
90.7136	9.2542	0.92
75.1678	9.717	0.7167
98.1558	2.4869	0.998
88.6763	11.6444	0.9179
97.5729	2.1636	1.0
93.5575	6.5218	0.9807
92.6304	7.5746	0.9785
66.4017	12.7178	0.4059
95.0224	5.5588	0.9951
76.9201	19.6521	0.5972
96.5841	3.3423	0.9972
86.5691	15.4922	0.8559
87.129	11.1812	0.9194
87.6935	12.0708	0.9343
86.9361	14.7625	0.875
81.012	20.6921	0.6751
91.687	6.0262	0.9831
92.2764	8.5828	0.9457
79.9483	8.4073	0.835
56.8836	6.8951	0.0303
92.2323	9.8475	0.9634
98.1072	1.8682	1.0
89.9019	11.5414	0.9377
86.82	11.7059	0.9165
96.1241	5.1069	0.9905
89.6183	8.4161	0.9624
96.1219	3.6569	0.9982
85.4242	10.8513	0.8846
95.8784	4.291	0.9976
95.0367	10.0481	0.9463
95.3424	9.1069	0.9684
92.0656	10.3059	0.9438
90.4978	7.443	0.9739
96.1657	5.0232	0.9936
74.6377	14.0987	0.5682
76.835	6.204	0.875
96.2421	5.4657	0.988
89.8181	11.0522	0.921
72.1787	20.5436	0.5112
96.4736	4.3809	0.9972
94.1874	7.9276	0.9686
88.9417	16.0001	0.8496
90.4347	7.2394	0.9721
97.4385	2.593	1.0
96.5627	8.9131	0.9721
82.4495	18.2531	0.757
86.7309	12.6892	0.8571
94.251	5.1337	0.9835
80.4501	22.1535	0.8304
97.1706	2.6697	1.0
79.8248	16.0256	0.784
92.2877	8.7854	0.9489
87.8614	10.9483	0.9089
86.4046	12.7448	0.8865
98.1203	3.3333	0.9955
92.2868	8.5217	0.9355
93.212	14.3381	0.9229
98.0278	1.111	1.0
87.8299	10.4073	0.964
89.8168	9.0919	0.9502
95.9655	7.6278	0.9648
83.0972	13.9293	0.8829
94.8685	4.6995	0.9923
93.402	12.9642	0.9337
95.4438	4.8971	0.9926
96.3501	5.0475	0.9892
81.5054	12.3478	0.7894
89.7218	13.0592	0.875
91.4681	9.2618	0.9671
94.2637	7.2911	0.966
82.3396	18.9787	0.8532
85.916	11.6547	0.9119
75.8401	17.3463	0.6567
87.2815	7.946	0.933
79.1606	16.7208	0.7573
93.4729	13.7305	0.9401
77.5172	7.0809	0.8418
94.3598	5.8008	0.9869
91.7008	8.2368	0.9529
87.5374	15.9377	0.8531
87.8024	8.5911	0.9355
83.2169	12.857	0.8103
96.0216	8.207	0.9744
91.6584	11.4406	0.924
87.7731	8.717	0.9344
72.4379	17.6003	0.7143
96.173	3.0065	1.0
82.3765	12.7621	0.8443
93.003	8.7311	0.9435
87.1188	6.9909	0.9695
95.7279	7.7971	0.9686
91.1334	8.7193	0.9589
97.5868	3.2429	1.0
89.8303	10.1119	0.9355
96.746	6.2577	0.9814
73.3417	19.0529	0.6751
91.306	14.6486	0.8934
89.258	12.3333	0.9091
90.4079	12.3853	0.895
87.185	10.337	0.924
85.8265	16.1689	0.848
93.3189	10.3078	0.9433
95.8426	3.4358	1.0
81.2039	13.6536	0.75
52.4545	11.9199	0.0479
90.5773	7.7574	0.9677
90.5091	14.7674	0.9211
92.8046	9.1853	0.9604
87.931	12.4226	0.9079
86.423	11.7558	0.9093
96.6009	4.0272	0.9954
94.8068	4.9031	0.9915
81.8397	11.8964	0.8641
92.95	6.8523	0.9877
84.5598	15.5785	0.6984
88.9961	9.9569	0.9455
89.8124	7.701	0.9655
96.7178	4.0452	0.9952
92.9403	13.0841	0.9397
97.2568	1.7851	1.0
89.511	9.7375	0.9369
88.1016	10.069	0.9534
92.526	7.8801	0.972
83.6483	13.2442	0.8012
93.4761	9.2607	0.9524
94.4266	11.0576	0.9218
93.8092	12.9182	0.8903
98.3675	1.9734	0.9978
75.4599	16.1894	0.6259
91.4489	14.3045	0.9113
85.4486	11.8281	0.8839
95.9644	5.1645	0.9907
94.8306	9.7876	0.9643
94.5739	10.2195	0.9589
96.6124	4.0933	0.9943
90.042	10.8728	0.9471
96.5577	4.9471	0.9943
97.6361	2.7524	0.9975
93.9803	5.2634	1.0
82.8053	10.6469	0.8762
90.1833	10.9529	0.9259
91.2993	9.8565	0.9593
94.7547	3.6966	1.0
93.7477	7.1827	0.9909
91.0908	12.086	0.937
96.8037	3.8424	0.9965
85.3966	13.9279	0.8539
92.6361	11.2681	0.9491
91.8808	8.7214	0.9574
94.6723	7.8055	0.9742
97.2253	2.8999	0.9953
89.0336	11.6052	0.9152
96.1042	3.6882	0.9955
83.8953	17.7142	0.8526
97.6512	3.1623	0.9945
93.1468	5.6635	0.9971
79.3896	22.0735	0.7525
85.1358	10.3351	0.9091
89.4874	11.6249	0.9243
79.8644	17.7274	0.7107
85.6976	9.7367	0.9286
89.4107	13.7453	0.9087
91.6132	9.6369	0.947
93.5473	5.8115	0.9831
87.7063	8.7049	0.9429
90.529	9.6539	0.9471
88.0542	11.7798	0.9116
84.7487	10.8974	0.9115
94.2591	4.7277	0.9964
91.1367	9.0576	0.9576
88.8813	9.5418	0.9275
96.0907	3.6622	0.9949
96.2133	4.7119	1.0
85.0674	11.3239	0.8979
97.8288	1.5174	1.0
89.3696	13.4337	0.9179
82.9852	16.8303	0.7746
95.1664	7.0033	0.9659
84.9629	11.1605	0.8995
90.2825	13.4816	0.8817
86.0474	15.9091	0.8043
97.2005	3.3626	0.9937
96.2383	7.3677	0.9726
90.448	13.9775	0.8852
90.7236	11.2701	0.9283
96.1455	3.3305	1.0
87.7975	11.4368	0.9373
78.802	15.4192	0.7651
84.5339	11.0093	0.8864
77.0019	14.5596	0.8021
86.8254	11.1446	0.9211
90.0567	12.8263	0.9225
97.0775	2.37	1.0
86.7492	16.1752	0.7603
94.0858	6.1454	0.9854
68.3914	9.854	0.625
91.3314	14.1311	0.9057
93.4156	8.7581	0.9759
93.8532	4.3886	0.995
97.3178	6.6727	0.9825
67.9504	16.4302	0.4872
92.6257	7.2072	0.9805
84.4557	16.1208	0.7917
97.4884	4.332	0.9904
87.2607	14.0391	0.8879
97.5371	3.8551	0.9906
74.1385	21.0038	0.5366
91.5152	14.1829	0.9
93.3878	6.3827	0.9816
88.1665	7.9931	0.9615
97.2541	4.1962	0.9949
94.9541	7.9448	0.9685
89.6527	15.6159	0.9009
96.4645	3.9157	0.9956
93.4667	4.856	1.0
90.9324	15.6791	0.8969
90.7837	8.3588	0.963
76.7943	11.0681	0.7165
91.094	15.3052	0.8346
89.0142	8.0906	0.9474
95.7156	2.9728	1.0
91.2389	5.9126	0.9951
94.8043	11.1555	0.9528
82.1711	18.7159	0.8259
95.5547	8.1026	0.9713
80.541	20.7432	0.6667
74.4869	14.9816	0.5273
94.4037	5.1495	0.9905
91.3677	7.3803	0.9747
87.871	14.3806	0.8848
97.4977	7.1824	0.9866
97.2123	2.9251	0.9968
91.7491	13.913	0.9278
86.992	13.0542	0.922
95.1611	4.0241	1.0
63.4074	7.8931	0.2366
82.595	15.416	0.7611
90.9005	15.3504	0.8931
96.236	4.2273	0.9972
84.4969	13.8308	0.859
75.4806	11.7022	0.752
94.7444	10.0754	0.967
91.0524	9.4614	0.9407
84.174	14.8401	0.8254
97.5272	2.5212	1.0
98.1873	1.6205	1.0
90.5271	10.3927	0.9384
87.2307	7.9603	0.9479
87.7628	8.7166	0.944
76.5928	24.1201	0.7034
96.9872	4.2043	0.9939
88.1435	12.7965	0.8065
97.2145	3.6009	0.9974
89.3913	7.9096	0.9743
95.9019	7.696	0.9781
92.272	9.417	0.9548
90.2108	10.1257	0.9005
91.2807	11.7742	0.9531
93.8706	5.3138	0.9937
91.8917	12.4527	0.9115
89.1096	12.3925	0.9045
96.57	3.9356	0.9924
96.8555	4.0902	0.9939
86.4573	10.0185	0.9091
94.5265	7.514	0.9858
95.9551	3.3209	1.0
81.4611	17.0253	0.8361
87.3892	17.7823	0.8792
88.6656	11.4517	0.9231
96.7732	2.2987	1.0
86.9719	14.7724	0.8638
87.6326	8.624	0.945
92.2904	9.1097	0.957
93.8756	4.7167	0.9968
97.8225	1.9232	1.0
96.6957	4.5387	0.9931
96.4688	2.5634	1.0
98.2257	0.8394	1.0
90.2528	10.5492	0.9163
86.7812	13.2512	0.8982
79.056	15.1874	0.7532
89.061	9.1247	0.9296
91.7807	8.272	0.953
92.5172	8.2765	0.9628
93.3971	10.8858	0.9512
95.9186	5.9402	0.9852
86.3584	15.3204	0.8043
83.7428	15.5741	0.8107
93.7483	9.3878	0.9689
93.1086	6.333	0.9815
86.9664	11.7797	0.87
93.4319	9.4381	0.979
84.0002	11.2933	0.8592
96.845	3.8897	0.993
59.3233	5.6972	0.0185
97.2068	6.5233	0.9836
95.656	7.2908	0.9822
75.7254	20.5426	0.6475
89.2768	7.2431	0.9745
96.8842	2.4396	1.0
94.0087	3.8664	0.9977
88.8101	9.4083	0.9626
78.4316	13.9361	0.7612
78.1107	22.684	0.7153
85.2596	12.2728	0.8985
72.2246	22.8976	0.5446
95.6072	3.7655	1.0
93.689	7.0799	0.9743
96.8077	3.2334	1.0
96.9738	4.9134	0.9904
81.3788	14.7446	0.8338
94.3152	9.8864	0.9492
91.6909	5.4698	1.0
85.5203	13.5538	0.8295
92.7373	7.836	0.981
95.1347	2.669	1.0
74.6805	11.5144	0.6413
80.6606	17.4492	0.6613
89.1119	13.4099	0.8724
94.6722	6.7104	0.9792
91.6303	15.2357	0.8741
90.8933	12.9912	0.8694
93.9655	7.9479	0.9685
94.8733	6.5259	0.9837
96.9444	4.597	0.9936
90.4407	9.7734	0.9481
94.2221	5.6638	1.0
77.1874	8.7161	0.8293
77.3944	9.6221	0.8519
84.8942	17.8157	0.7231
85.1467	8.7456	0.9399
95.0397	4.6874	0.9907
87.9512	10.2009	0.959
95.2329	8.0645	0.9674
72.3172	6.4318	0.6207
89.4841	13.0191	0.8974
89.8238	6.7333	0.9892
91.2448	13.0466	0.9141
71.0319	20.1507	0.5231
95.4819	4.7514	1.0
95.645	4.9407	0.9943
97.5936	4.657	0.9904
95.4364	4.5899	0.9895
97.5007	1.8287	1.0
70.4942	11.4896	0.6541
93.7098	12.4951	0.9175
94.1653	7.2197	0.9783
85.4502	17.1452	0.7642
90.3686	13.1752	0.9188
91.3289	4.9251	0.9905
88.1531	9.2064	0.9375
90.1331	6.8804	0.9692
90.1483	10.7189	0.9382
91.9832	6.9256	0.9857
98.4355	1.8085	1.0
95.0248	6.902	0.9803
91.0577	12.6593	0.9032
81.8596	15.8059	0.7792
96.1724	4.5634	1.0
96.0788	4.2337	0.9954
88.6645	13.24	0.919
84.0046	14.8795	0.8608
70.2581	10.3386	0.5676
85.9224	10.6957	0.8898
92.1116	6.795	0.977
93.0887	10.5156	0.9234
43.1452	9.9707	0.0
96.6986	3.1689	1.0
95.6854	3.3678	1.0
97.0371	4.6723	0.9891
90.1609	9.7033	0.9537
81.9359	10.331	0.8293
91.0091	10.4316	0.9432
82.1844	17.6113	0.7541
91.9891	12.0255	0.8934
86.9534	18.0282	0.7606
93.6453	9.2633	0.9689
93.3957	10.8438	0.9211
92.5148	8.5179	0.954
89.157	12.6545	0.9179
77.5871	15.6948	0.7326
88.3898	7.9719	0.9627
94.9971	5.5256	0.9848
94.0507	8.0346	0.9742
97.1967	3.8583	0.9921
91.3131	11.0329	0.9688
96.9963	6.3808	0.987
95.0396	11.8982	0.9557
97.5357	2.0448	1.0
95.6079	12.5934	0.9511
95.0801	7.5981	0.9768
86.8626	16.5972	0.8741
97.7765	2.2638	1.0
77.0471	18.7208	0.6714
92.4055	5.8865	0.9833
94.7302	10.8982	0.9475
85.8352	11.7093	0.9032
97.8952	2.3984	0.9975
96.9755	3.3673	0.9967
83.2558	19.0168	0.8087
93.0551	13.2512	0.9398
94.941	4.7508	0.9953
90.7221	8.6222	0.9605
95.3367	4.6435	0.9972
88.6735	8.9495	0.9457
87.8342	12.5028	0.9077
87.282	9.6819	0.921
94.8619	5.3752	0.9793
95.8994	7.1249	0.9758
97.2378	4.9867	0.9895
86.7204	10.4271	0.9306
93.7714	7.0051	0.9827
96.5042	4.2226	0.9939
79.9725	17.9698	0.7823
91.5044	13.6105	0.8974
81.7543	18.2864	0.793
94.2315	10.3183	0.9362
87.9129	12.1009	0.9143
93.8105	12.331	0.9366
94.588	5.301	0.9933
94.4383	5.378	0.998
91.0018	10.2527	0.9406
93.6529	5.0004	0.9957
91.8793	12.541	0.9278
88.0362	9.1827	0.9389
94.6712	6.7188	0.9792
88.5044	12.9877	0.8771
67.9652	17.8355	0.4413
95.8264	4.2067	0.9958
94.9321	5.4838	0.993
83.5266	17.2023	0.842
86.8476	7.6008	0.9804
86.8854	14.984	0.904
80.6355	12.3528	0.8466
84.8977	20.8403	0.8034
70.2149	10.7594	0.495
74.4326	9.6247	0.6964
61.1142	13.2578	0.2619
95.3303	6.4204	0.9829
96.073	9.533	0.9719
91.8956	10.1587	0.9551
94.5892	4.0514	1.0
86.0523	11.4577	0.8533
74.8014	8.016	0.7255
87.6848	9.5954	0.948
92.2607	9.1949	0.9593
77.3199	10.4271	0.7857
89.8648	8.3602	0.9048
97.6575	3.4939	1.0
91.1252	10.4645	0.9224
77.4794	15.62	0.7032
98.0571	2.773	0.9977
86.7372	15.1889	0.8305
93.7329	8.8202	0.9674
96.3234	5.0673	1.0
86.5027	12.931	0.8387
80.3798	16.8423	0.8294
94.5431	6.8155	0.982
94.5933	4.4605	0.9928
93.6247	9.233	0.9697
88.1256	16.6658	0.8529
94.0166	8.2728	0.977
95.0153	6.1373	0.9841
88.678	5.9306	1.0
92.9876	13.1734	0.8953
93.0557	7.6091	0.9775
90.0667	14.1171	0.8987
90.5635	7.5086	0.9642
93.4565	7.2669	0.9738
87.5459	15.043	0.8714
94.904	5.4186	0.9929
83.0058	10.1979	0.8596
78.4832	13.3221	0.7184
93.6491	5.9037	0.9868
90.4749	6.9061	0.9827
80.6691	15.9095	0.7795
56.209	7.1773	0.0417
93.5061	9.7247	0.953
91.2855	9.4511	0.9645
82.3209	14.8382	0.7812
92.8668	8.8417	0.9521
84.6349	14.8366	0.8049
85.2583	12.6047	0.9039
72.4098	12.0117	0.6091
80.5384	13.7361	0.8508
78.45	18.004	0.6894
90.3072	14.0587	0.888
95.3445	8.5937	0.977
93.4722	14.5444	0.9064
90.2781	10.8693	0.9511
97.0332	3.9064	0.9951
81.2815	17.6971	0.6788
95.1978	4.4101	1.0
97.9542	3.2703	0.9966
85.1142	16.0899	0.7881
95.3952	9.5842	0.9727
81.3081	15.3142	0.625
93.124	12.3637	0.9336
85.2968	13.9464	0.8792
90.5561	9.2545	0.9355
87.2944	13.4535	0.9057
96.5344	2.7128	1.0
83.0367	13.0364	0.8849
88.7797	9.2877	0.9483
90.38	5.0088	0.9697
91.849	7.1923	0.9898
96.9305	2.8754	1.0
82.2641	19.7616	0.8295
90.3828	7.8007	0.9802
93.2596	5.8888	0.9886
89.4043	10.3365	0.954
89.0032	6.2797	0.9815
81.2334	17.0238	0.7336
96.6426	2.8221	1.0
94.6085	6.4558	0.9854
76.696	12.1504	0.7329
83.5787	16.2135	0.7537
46.3485	9.7363	0.0
88.8749	12.4752	0.8882
96.5973	4.1769	0.996
65.2521	15.1539	0.4587
84.4636	18.3282	0.8622
97.5634	3.5905	0.9966
93.8087	15.0932	0.9162
91.6903	10.6182	0.9205
92.4592	7.4766	0.9766
62.4153	10.3607	0.2553
88.7536	10.1182	0.9371
87.9242	11.0429	0.9016
84.6055	14.7615	0.8547
90.0099	10.767	0.9343
92.3328	8.3955	0.9719
81.6334	16.687	0.7438
94.7253	6.514	0.9817
82.1919	12.1617	0.8682
95.1441	7.4542	0.9763
95.897	7.9758	0.9697
89.0404	8.1607	0.9609
85.8822	10.828	0.918
85.9599	10.973	0.8721
94.872	6.0349	0.9833
96.307	3.3893	0.9977
97.0407	2.4399	1.0
90.0946	10.7402	0.9251
91.0982	14.0454	0.9077
98.4378	2.3407	1.0
84.8807	9.6968	0.8889
88.1879	10.9843	0.9344
95.3987	4.0589	1.0
89.1898	15.1092	0.8529
82.2323	9.1743	0.9007
88.4551	8.2515	0.9625
78.2068	14.1219	0.7934
91.4529	8.3381	0.9707
84.3535	12.3369	0.8551
89.701	6.499	0.9796
97.9695	2.89	0.9969
82.6968	18.2785	0.7143
97.7838	3.0283	0.9963
91.6243	12.0755	0.9227
87.9875	9.4915	0.9203
92.2802	9.893	0.9654
90.9685	12.0343	0.9075
88.6136	15.2683	0.8253
96.0931	3.3879	0.9967
96.1046	5.1506	0.9808
87.906	9.396	0.9499
95.7173	6.9486	0.9838
92.4527	14.0948	0.9032
95.171	9.0631	0.948
97.2966	4.4924	0.9926
95.288	5.686	0.9846
98.368	0.9765	1.0
82.1258	16.791	0.8323
98.7135	0.8053	1.0
82.3924	11.1664	0.8689
95.7237	5.0567	0.9899
61.6008	18.4486	0.4327
84.3219	18.0684	0.7434
85.8357	8.1688	0.9382
85.9572	8.8606	0.8974
96.6633	5.098	0.9895
89.996	9.68	0.9412
93.8342	11.3728	0.9502
88.2791	12.9445	0.8987
84.9795	18.8016	0.8052
97.3825	4.1671	0.9893
95.1421	5.4028	1.0
96.6058	2.3387	1.0
72.5985	18.1528	0.6595
97.5904	2.4806	0.9955
94.1827	3.9172	1.0
59.731	13.9677	0.2283
85.007	11.8182	0.8929
92.0668	8.9284	0.958
93.6792	6.7841	0.9852
93.2043	9.234	0.9662
89.8245	15.095	0.9367
94.9536	9.4374	0.9536
93.8021	7.3918	0.975
87.2099	11.9269	0.9178
91.4	8.4069	0.9798
96.7405	7.939	0.9775
95.888	6.3112	0.9866
93.589	12.4492	0.9418
77.6706	18.5336	0.776
93.9872	6.8381	0.9743
80.429	16.1163	0.8217
88.4597	16.1732	0.867
92.7858	10.0868	0.9558
87.5731	10.5559	0.9568
85.6235	11.7661	0.8592
93.6544	12.344	0.9291
80.9151	9.773	0.8276
95.6592	5.082	0.994
94.6783	7.8917	0.9725
83.3444	12.8799	0.8582
65.9042	6.182	0.2326
98.2561	0.8517	1.0
92.5739	14.1638	0.9384
93.8631	9.2255	0.9675
91.3834	5.9335	0.9901
92.846	4.6524	1.0
87.5289	8.3432	0.9597
92.5243	6.2272	0.9746
86.1769	11.0037	0.8871
92.1782	5.7394	0.9907
86.1166	13.5853	0.8826
92.2601	6.8876	0.9754
80.9236	10.0624	0.8348
97.7993	1.4607	1.0
91.8147	9.0912	0.9395
91.3954	6.4005	0.9851
90.2684	9.0463	0.96
93.1797	14.9973	0.8988
89.6138	8.392	0.9601
89.5572	15.6161	0.8659
89.7062	10.536	0.924
88.2478	15.4453	0.8558
85.0676	8.0023	0.9048
88.6107	16.132	0.8271
84.3304	17.3528	0.8504
79.7016	18.2481	0.7717
84.2458	17.1974	0.725
79.6033	5.9999	0.9583
93.2544	12.6647	0.9372
86.5463	16.4922	0.8469
84.5406	13.9073	0.8542
91.515	10.3311	0.9617
77.8639	14.5598	0.6667
94.8296	11.1306	0.9404
96.8341	3.1628	1.0
97.1686	2.6134	1.0
95.2642	4.5265	0.9971
93.8422	8.6143	0.9757
84.4453	14.3209	0.8408
94.7034	6.8545	0.9942
91.3227	11.6759	0.9216
90.7814	10.733	0.9583
87.9358	14.5407	0.9132
96.9339	4.6451	0.9923
97.6362	1.8861	1.0
92.5606	12.6692	0.911
69.2556	5.7923	0.4211
79.6592	18.0862	0.6788
87.2064	18.83	0.7829
78.6773	9.7877	0.8222
98.3407	1.437	1.0
65.5786	12.0122	0.4326
91.0017	10.7487	0.9638
78.8547	12.5381	0.8166
83.7652	12.3155	0.8579
86.5588	17.7036	0.8448
96.2206	6.2127	0.9815
93.024	9.7635	0.9532
96.7008	3.8454	0.996
97.5549	3.2508	1.0
90.9157	12.2751	0.9269
60.3302	16.9001	0.3393
92.4413	15.0034	0.937
96.9014	4.1359	0.9973
96.6391	4.5228	0.9926
94.8599	7.4242	0.98
92.7693	9.0533	0.959
92.1663	10.2588	0.9333
56.8357	10.0161	0.0761
95.0991	12.5988	0.9511
74.4111	22.5946	0.6465
97.8581	1.7621	1.0
91.8964	9.773	0.9544
80.9102	20.0981	0.806
89.9268	11.9688	0.9379
96.4636	4.3489	0.9941
79.4418	17.5609	0.7377
84.595	13.6269	0.8681
83.3435	17.2964	0.8051
87.4206	12.4944	0.9091
91.613	13.1103	0.9148
87.7617	14.1488	0.8963
96.3117	3.453	0.9959
72.8552	16.6499	0.6075
86.0311	8.0722	0.9444
88.7108	16.9855	0.8533
97.271	3.6146	0.9969
95.9811	10.8944	0.9628
85.6359	13.5798	0.8883
81.5377	14.5731	0.8051
97.9269	2.8502	0.9964
78.3165	13.9514	0.7895
96.1752	7.8463	0.9759
80.0186	15.3395	0.8125
96.4468	4.3055	0.9942
92.3785	5.2911	0.9865
94.8449	8.0507	0.9643
76.9275	12.1638	0.6757
92.1815	7.872	0.9693
96.8506	6.1297	0.9786
90.727	12.5855	0.8306
87.743	8.4951	0.9609
88.4517	11.6111	0.905
98.0139	1.0629	1.0
89.5589	9.6878	0.944
89.2262	8.8629	0.9628
80.8729	16.4735	0.7083
96.2275	3.8821	1.0
91.2768	11.3145	0.9211
98.0998	1.7441	1.0
87.7043	12.3578	0.901
92.76	10.4639	0.9529
97.5571	3.4303	0.9965
93.918	6.7527	0.9744
95.2119	3.9071	1.0
81.6386	21.4254	0.8395
94.126	11.0949	0.9481
93.7968	12.4074	0.9115
93.9628	7.1315	0.9787
90.491	9.7604	0.9324
73.2193	14.4349	0.5987
82.1928	13.896	0.8125
97.7795	4.1679	0.9951
78.976	16.4386	0.8269
93.7739	9.0067	0.974
91.7611	9.8486	0.935
84.7588	15.2657	0.8347
95.327	6.336	0.9851
88.7474	10.6122	0.917
94.8568	10.5012	0.9637
90.5828	6.7974	0.981
90.006	10.6262	0.9585
97.5263	2.6635	0.9949
72.4131	19.1896	0.6393
83.9922	14.1117	0.8729
96.757	3.4409	1.0
89.6268	13.2414	0.876
90.6764	15.8786	0.9106
85.5847	12.6518	0.8939
90.3112	6.0939	0.9883
89.1018	8.5978	0.949
86.5509	11.2943	0.8649
82.8806	6.8297	0.9362
94.679	5.578	0.9875
95.3235	6.5899	0.9876
95.801	11.1157	0.9527
95.3682	5.5724	0.9871
93.1723	9.2672	0.9629
96.8302	4.8068	0.9961
81.1503	15.7759	0.7263
88.2837	17.4788	0.8439
96.6447	3.5157	0.9948
84.3402	21.2669	0.8122
91.4213	8.5596	0.9567
94.8347	5.063	0.9949
89.0526	10.1347	0.945
91.7821	9.8677	0.9391
94.4234	9.1013	0.9677
93.556	7.2436	0.9752
69.5337	11.3091	0.5484
91.7569	4.2631	1.0
84.704	16.5165	0.8211
96.7287	5.7191	0.9921
95.3152	8.3158	0.9718
96.0741	7.7984	0.981
89.3378	7.9028	0.9578
87.4159	10.4221	0.9429
96.291	4.3015	0.9921
98.6937	1.0324	1.0
86.5478	9.8156	0.9321
92.9174	10.308	0.945
93.7585	11.5484	0.9246
71.7633	15.8714	0.6533
95.1166	4.9959	0.9921
95.8559	5.5625	0.9895
93.5849	8.779	0.9617
92.0298	10.183	0.9541
94.8029	11.5978	0.9442
96.8067	2.1567	1.0
92.0053	14.7976	0.8634
98.3161	1.6791	0.9978
94.2535	8.0149	0.9695
90.2581	9.9468	0.9575
96.4978	3.0291	1.0
97.0209	3.8336	1.0
76.8074	16.7863	0.6415
98.4041	2.5422	0.9979
97.8053	1.7267	1.0
95.7133	8.4478	0.9673
96.0213	5.1852	0.9885
97.3018	2.6646	0.9975
97.8436	2.801	1.0
93.5499	8.6077	0.9534
93.362	9.04	0.9659
94.4623	7.9839	0.9791
92.1724	7.2994	0.9783
77.4294	5.6716	0.875
97.8498	1.5651	1.0
97.4515	3.3699	0.9971
90.5569	8.6724	0.9561
78.5781	17.5917	0.7629
85.5403	8.4535	0.9202
78.5705	16.2585	0.7051
98.4516	2.6366	0.9966
90.3031	14.3842	0.8947
95.2556	4.958	0.9915
93.1503	8.8146	0.9502
85.7727	11.6436	0.927
82.2846	10.0875	0.8549
93.0027	7.4577	0.9751
80.9562	10.767	0.8214
82.2593	12.6083	0.8556
61.8636	6.3913	0.0809
74.2521	23.8261	0.6539
94.9734	8.9648	0.9672
89.8602	8.5211	0.956
88.3845	9.6518	0.9566
95.0878	4.9098	0.9958
90.0914	12.1254	0.9367
96.4542	3.5015	1.0
93.5196	10.8163	0.9532
98.0737	3.5675	0.9948
87.9238	15.4882	0.8307
96.7637	5.3656	0.989
94.4138	7.0335	0.9649
79.5271	8.7213	0.8333
90.3182	9.62	0.9456
86.4006	6.2136	0.9765
80.6255	8.1041	0.8875
84.2457	11.5301	0.8605
96.4705	5.8965	0.9817
47.1635	7.9811	0.0
93.7085	13.9302	0.9419
79.4384	13.557	0.7955
91.727	10.5136	0.9423
91.9082	12.6627	0.91
97.7938	1.637	1.0
94.8354	9.1472	0.9702
90.2478	12.0893	0.9335
97.0069	6.1439	0.984
94.5239	12.2013	0.9189
96.9442	6.2519	0.982
97.0003	4.0298	0.9943
81.1931	14.1819	0.8355
90.9126	7.0042	0.9842
97.4412	3.3162	0.9953
93.6599	7.6838	0.9796
90.3823	11.5126	0.9499
91.1047	12.874	0.9397
97.073	2.487	1.0
91.9971	8.8189	0.9655
86.5717	9.2182	0.9333
94.8003	6.8151	0.9892
83.2079	17.4	0.8401
87.3953	9.396	0.9337
92.7748	6.5471	0.9753
89.4896	11.112	0.9374
88.4118	10.2878	0.9451
95.9106	4.3614	0.9976
91.0334	9.2866	0.9428
91.2336	14.3509	0.8931
90.1892	11.1103	0.9174
82.4126	12.0669	0.8761
75.6371	14.5552	0.5921
91.3531	8.4935	0.9592
88.8187	13.7612	0.8947
95.9882	3.1427	1.0
96.2409	4.7607	1.0
90.3545	12.7221	0.9258
95.6012	6.5877	0.9802
95.7901	10.424	0.9552
97.5366	3.6808	1.0
92.3414	10.8517	0.9294
85.6571	18.0068	0.8063
74.4418	18.8644	0.6707
60.1337	14.0035	0.3148
96.0717	5.2908	1.0
92.749	15.4442	0.9227
61.7043	7.7368	0.1845
98.1161	3.1125	0.9927
93.7501	9.2962	0.9524
79.5701	18.2865	0.7346
88.9971	16.1179	0.9223
88.275	14.5418	0.9211
83.2218	13.5847	0.8261
94.4958	7.3322	0.9733
95.4611	6.7408	0.9834
95.9722	8.9731	0.9583
92.9684	12.9295	0.9517
85.611	11.8003	0.8889
93.9609	11.255	0.93
97.8294	1.5783	1.0
98.4103	1.3713	1.0
91.7979	8.8358	0.9705
87.6613	10.8514	0.9221
96.451	6.6309	0.982
96.9439	3.4809	0.996
78.4614	13.2155	0.6932
98.148	1.9039	1.0
97.8188	2.4952	1.0
97.7102	2.552	1.0
91.1126	12.1194	0.9554
96.2809	6.7257	0.9821
85.1044	12.3885	0.8679
88.0999	11.6607	0.9078
83.9818	3.1381	1.0
83.3954	19.2307	0.6923
90.565	9.5974	0.9446
95.6198	4.2976	0.993
97.9198	1.9797	1.0
97.6131	2.4721	1.0
85.8986	13.2078	0.8655
94.1303	5.3082	0.991
95.4296	4.3792	0.9921
73.1092	18.6705	0.5585
92.4062	7.2784	0.9816
97.5629	2.588	0.9961
84.1102	13.7868	0.8865
91.5517	8.8108	0.9688
97.9602	1.5691	1.0
90.2169	7.4996	0.9758
77.2745	14.5449	0.6515
91.5078	10.1902	0.9539
93.4086	8.1114	0.9703
95.4765	6.1186	0.991
94.9606	4.093	1.0
97.0483	2.7701	1.0
82.5507	16.1422	0.814
92.0563	11.573	0.9366
92.6051	11.3133	0.9481
93.8928	7.0687	0.9792
90.4991	9.9897	0.9542
91.0848	3.4652	1.0
89.1523	5.8643	0.9855
87.0163	9.2068	0.9212
93.6457	7.4225	0.968
90.8903	8.3407	0.9716
93.8438	5.8642	0.9877
89.7259	17.2506	0.8736
94.4471	7.1116	0.9694
59.6971	6.014	0.0769
95.7873	6.5622	0.9897
91.6181	12.2727	0.9318
90.9738	9.2479	0.9535
98.4205	1.682	1.0
96.6129	7.9869	0.9783
94.3524	2.8938	1.0
95.3644	4.4892	0.9951
89.1596	10.364	0.9484
78.9314	10.5488	0.8468
97.6939	2.4364	1.0
97.821	2.5333	0.9971
85.5401	15.6522	0.8446
94.3735	12.1782	0.9172
89.365	14.5791	0.8902
80.1754	15.4132	0.7782
97.9158	1.7818	1.0
65.7679	24.7719	0.4741
90.1219	11.9766	0.9395
91.6025	3.8538	0.9909
92.6438	10.2167	0.9195
92.979	9.0691	0.9681
95.31	3.9945	1.0
75.2581	5.5849	0.8313
94.4723	12.8158	0.9185
88.6054	8.2093	0.9714
90.0705	6.8638	0.9833
96.3659	4.1193	0.996
95.9149	7.8532	0.9738
94.5235	14.3704	0.9281
89.8024	10.9089	0.9476
93.2243	8.0068	0.9628
94.5971	6.8762	0.9825
90.9359	13.5989	0.9018
94.5292	7.6406	0.9764
96.8894	3.448	1.0
85.0138	17.0009	0.7692
90.8983	10.9706	0.9355
90.2128	6.2793	0.9884
91.8157	8.4322	0.9609
96.3605	3.7468	1.0
63.8146	18.7006	0.3356
82.6708	12.3175	0.8788
75.9828	19.2576	0.6483
79.6703	18.1248	0.6514
76.2872	23.6062	0.7547
94.7208	11.2451	0.9333
92.5237	12.7898	0.945
87.0647	10.4526	0.9196
93.686	5.5755	0.9846
84.2989	8.7492	0.9325
93.8092	9.1838	0.9653
82.3293	13.7618	0.8396
81.0079	8.7368	0.8077
95.6075	5.5259	0.9905
93.2817	7.2159	0.9688
93.3266	5.6953	0.9864
91.635	6.6655	0.9836
97.1269	7.2949	0.9767
95.1374	9.315	0.9433
96.3077	6.5694	0.982
65.5305	5.9595	0.2381
94.2505	8.8916	0.963
90.9821	12.1652	0.9338
76.4848	9.1714	0.7559
85.9601	10.1548	0.9132
83.4096	7.9755	0.9286
84.5415	13.2667	0.8804
73.1344	12.0956	0.5556
97.4928	1.7496	1.0
93.8171	10.9303	0.9433
98.0051	1.7708	1.0
90.1798	6.3487	0.9844
73.5056	18.5165	0.7077
94.9359	7.2304	0.9801
77.7988	17.0539	0.6769
91.4219	4.5155	0.9912
95.3396	3.9531	0.9967
92.9198	10.1515	0.9435
85.4501	13.6229	0.8829
79.3257	14.3169	0.7429
88.6339	5.6673	0.9884
98.2851	1.678	1.0
96.0784	6.9392	0.9749
98.1624	1.2248	1.0
74.4633	18.0221	0.4944
96.0523	4.2523	0.994
90.011	14.9603	0.8731
95.8776	5.2008	0.9915
87.0625	10.4831	0.875
95.185	4.784	0.9966
90.5358	12.8845	0.9238
91.5124	7.4286	0.9822
86.7048	16.4697	0.855
90.3521	10.0235	0.9326
96.9174	2.9181	1.0
82.705	11.9553	0.8582
85.8262	18.3867	0.8303
95.4311	6.748	0.9748
93.7371	3.8686	1.0
91.5763	15.9668	0.9178
53.8811	10.019	0.125
79.3906	13.9149	0.7407
92.5979	10.6746	0.9622
95.5695	6.6623	0.9742
92.3282	10.8393	0.9018
96.6991	4.765	1.0
87.8309	11.4161	0.9288
86.2533	13.2063	0.9041
97.0631	3.7981	0.9926
91.6703	7.6687	0.9652
94.1997	4.5855	0.9961
93.7201	4.4394	0.9971
76.3963	7.9538	0.7895
96.1147	7.9844	0.9815
97.2711	2.314	1.0
85.805	14.0855	0.9067
92.6105	8.3902	0.9467
97.1184	2.9545	1.0
95.689	6.5777	0.9856
92.6235	10.8442	0.952
80.3047	13.4432	0.8562
85.9063	13.9548	0.9201
85.4721	17.4857	0.8305
76.0084	14.5265	0.7176
88.9659	11.6964	0.9341
95.5878	5.4918	0.984
94.3748	7.9654	0.9726
78.2322	6.0744	0.8889
69.3889	18.9956	0.4678
84.932	12.7609	0.8
86.8242	10.7606	0.9227
73.3778	14.6436	0.5238
88.1645	9.9882	0.9231
85.2059	15.0913	0.8111
86.7109	11.3241	0.8966
98.441	1.0734	1.0
82.7711	12.3406	0.8228
88.0285	12.8671	0.9093
86.7502	11.417	0.9321
86.0713	7.29	0.945
98.1241	2.5015	0.997
80.0504	18.0123	0.6768
78.4204	12.7391	0.617
94.2086	7.4714	0.9799
95.8271	10.0842	0.956
97.2946	4.1021	0.9942
92.7196	6.9188	0.9849
72.9252	8.3351	0.6333
89.7646	7.3044	0.9647
84.7842	11.1254	0.9095
94.5682	9.858	0.9618
96.8984	4.022	0.9959
90.1838	8.5282	0.9532
94.5381	6.6946	0.984
86.0495	13.2087	0.9189
94.7232	11.2368	0.9303
82.3849	18.5862	0.7784
87.1106	12.9994	0.9031
83.5209	19.0256	0.7868
83.6147	13.7499	0.8578
95.5582	4.9216	0.9907
96.4957	5.7986	0.9891
91.8087	13.7052	0.945
97.8222	4.3579	0.9933
80.1318	18.3666	0.739
88.8838	10.7787	0.9231
90.4933	12.1447	0.9174
87.668	8.1335	0.9607
94.8718	4.5939	0.9966
91.9073	11.8408	0.9167
87.1069	14.8635	0.8345
66.6124	5.9041	0.3939
90.0811	7.3094	0.968
93.6248	7.7953	0.9805
92.8856	13.2675	0.901
63.8114	16.7005	0.2857
89.6243	14.7279	0.9139
97.664	1.9716	1.0
91.4574	8.3754	0.9697
84.1318	15.1754	0.8333
94.6815	5.602	0.9907
95.8819	3.9652	0.9959
89.3278	11.4	0.9302
91.7347	10.5972	0.9422
92.0246	9.3336	0.966
95.1011	7.1132	0.9695
97.4938	2.5353	1.0
86.3618	13.1191	0.9064
84.6482	10.3696	0.8915
96.7115	9.3395	0.9681
94.6868	6.8642	0.9884
94.4464	6.7393	0.9753
93.498	8.6561	0.9678
97.6279	2.208	1.0
96.7137	4.2983	0.9938
82.8494	13.1182	0.7941
97.8848	3.9525	0.9906
89.4561	15.614	0.8903
90.9486	13.7128	0.9209
70.784	12.7696	0.425
89.0207	11.2512	0.9426
89.8895	14.3835	0.8851
96.2477	3.8071	0.9963
96.4111	3.8546	0.9943
89.892	11.6772	0.9378
96.8615	4.8276	0.9929
96.136	3.7733	0.9962
86.7325	11.4094	0.8843
95.7253	8.9881	0.9578
88.165	13.2394	0.9084
98.1971	1.5025	1.0
93.1112	8.1844	0.9696
92.525	7.4627	0.9645
95.6591	8.1243	0.9748
97.74	2.3377	1.0
98.1027	2.2393	1.0
98.0109	2.5162	1.0
81.6048	20.4821	0.7807
82.3879	15.5088	0.8661
92.9359	13.7976	0.9
83.4978	13.1445	0.7083
86.5858	14.212	0.8671
93.143	8.6473	0.9578
93.2122	6.6782	0.9808
92.7288	12.7718	0.9197
84.221	9.6371	0.9189
96.6334	4.7894	0.9873
82.3027	16.8719	0.7647
89.7323	12.4441	0.8966
87.1697	10.9319	0.9264
96.4977	3.1708	1.0
95.067	5.848	0.9911
97.3372	3.8951	0.9945
93.1941	14.3528	0.9391
90.5608	12.827	0.9382
93.189	9.0691	0.972
86.5163	13.9763	0.8662
78.5873	17.2652	0.6548
90.7202	10.1862	0.9497
77.6264	15.7623	0.695
97.4698	2.2697	1.0
95.8783	6.8059	0.9877
64.1945	15.4915	0.3445
90.0338	12.9978	0.8785
94.1196	8.0525	0.9586
79.6006	16.0416	0.7439
97.2753	4.2081	0.9961
87.7422	17.4786	0.8688
97.7243	2.2718	1.0
94.8459	8.9342	0.9693
93.5845	6.3516	0.9895
93.9546	7.1437	1.0
92.3361	10.7093	0.9444
90.2291	11.1295	0.9216
89.2855	10.543	0.9668
89.8928	7.8112	0.9679
95.0674	3.184	1.0
84.8287	13.1235	0.7722
93.7518	5.5986	0.9902
96.8879	2.8431	1.0
95.7435	5.0448	0.9915
91.1006	12.2428	0.9485
92.6928	4.0008	1.0
91.5046	8.3315	0.9461
95.0239	6.1394	0.986
95.2616	5.3163	0.9936
94.3173	10.1591	0.9576
91.6828	14.7175	0.9248
62.5473	8.6366	0.2203
91.268	8.7882	0.9495
90.0188	11.5359	0.9136
83.0883	15.1657	0.7971
94.7181	4.3237	1.0
88.2197	13.3324	0.8871
76.8671	19.2683	0.6853
92.5095	8.6268	0.972
88.8593	13.6962	0.8949
88.5518	13.2026	0.8938
89.5178	10.3203	0.9432
95.6174	5.432	0.9886
89.6034	12.5822	0.891
93.4236	8.0913	0.9721
93.7375	10.4687	0.9489
84.2107	7.1202	0.96
90.7753	14.509	0.9313
89.4246	8.7374	0.9412
95.9279	5.7744	0.9836
84.5226	11.0436	0.8148
91.3268	14.27	0.8365
88.5954	10.9407	0.9455
81.0012	12.884	0.8195
92.5193	8.1322	0.9808
87.6299	13.5603	0.9035
83.0499	15.2995	0.8445
85.7672	16.2154	0.8519
89.4437	11.0049	0.92
93.4111	10.417	0.9485
89.8891	8.5983	0.9609
94.0551	9.6676	0.94
90.5715	9.1747	0.951
95.8826	3.7068	1.0
94.4579	4.6214	0.9953
96.3032	3.7654	0.9927
93.2792	6.9817	0.9767
95.338	5.7355	0.9863
89.385	8.3786	0.9599
94.7495	12.9019	0.9397
87.1801	11.5675	0.8704
95.1358	6.9908	0.9686
91.5283	9.5317	0.9583
83.6715	10.3359	0.9118
89.9402	8.88	0.9547
96.8558	3.2915	0.9947
87.0898	6.4512	0.9783
91.609	13.643	0.9137
91.8763	14.0146	0.9136
87.2923	14.6831	0.8571
97.4075	1.2946	1.0
42.3495	5.608	0.0
83.2333	9.487	0.8845
74.6826	11.0963	0.7361
95.9381	2.9802	1.0
87.9639	12.1528	0.9178
84.7671	12.3226	0.8754
94.4874	12.4401	0.9541
95.6935	3.7392	1.0
92.0725	7.0124	0.9712
34.4208	6.1426	0.0
96.6692	7.0696	0.9827
93.9134	9.2271	0.9444
92.3693	10.3237	0.9537
73.8641	13.7781	0.6541
96.9642	4.8425	0.9854
90.8483	10.2102	0.9467
95.9064	6.2061	0.9817
94.1361	10.1909	0.9588
94.2062	9.5656	0.9517
83.4804	12.1918	0.8182
89.3603	11.9016	0.9272
87.3967	15.5952	0.8862
97.8929	1.5046	1.0
97.8886	2.4424	1.0
95.5286	3.4306	1.0
95.0913	5.7169	0.9877
89.1241	10.5652	0.9271
91.3066	6.3777	0.9785
88.4515	10.9435	0.9398
88.2582	9.8201	0.9295
73.8309	14.9914	0.5882
97.1205	2.7107	0.9971
94.3548	7.6338	0.9686
93.8947	8.615	0.972
77.4193	10.2411	0.7111
85.5444	9.3782	0.9168
87.5209	14.7161	0.8627
94.5231	5.1204	0.9911
93.1979	13.5666	0.9267
71.8157	10.5576	0.6237
85.6662	13.3448	0.8696
94.9302	9.1719	0.9752
81.6036	13.8469	0.8047
92.5958	11.4693	0.9495
86.0179	15.4997	0.8194
97.9626	2.6512	0.9976
91.5722	8.1365	0.9653
89.0175	14.0416	0.8409
79.1261	13.0727	0.7953
90.8377	11.3346	0.9324
86.384	17.8729	0.8563
87.0923	11.4363	0.8882
90.6164	9.4405	0.9581
98.2714	1.5819	1.0
90.5238	14.6982	0.9
68.9885	9.9381	0.4412
88.8789	9.5473	0.9462
88.6793	13.8656	0.8857
73.4084	11.2246	0.5224
95.4908	6.5275	0.9834
88.7745	16.3093	0.8894
89.0991	8.8079	0.9473
97.6071	2.562	1.0
96.0306	5.8058	0.9877
93.6081	7.1529	0.9902
90.8855	13.1137	0.9008
87.7893	10.9178	0.925
96.832	2.243	1.0
91.9974	12.561	0.9025
94.9293	8.0623	0.9741
93.3382	7.2556	0.9784
94.2911	5.2914	0.9929
97.2245	2.9977	0.9977
93.8424	6.6329	0.9727
88.6547	10.2015	0.9341
84.115	8.8387	0.8818
92.8755	13.1475	0.9004
94.7339	11.6744	0.9344
92.8691	10.4475	0.9473
98.5131	1.6025	1.0
94.189	6.0545	0.9861
88.6813	6.8634	0.9739
93.8808	5.4291	0.9887
94.3706	6.1108	0.9936
93.9698	4.8914	0.9959
96.3919	4.3391	1.0
92.4677	10.0751	0.9249
80.5062	17.4285	0.6981
95.9593	3.4976	1.0
82.0504	17.7359	0.7682
95.7868	4.7424	1.0
87.0725	11.4764	0.875
89.713	17.225	0.8963
94.8453	9.8187	0.9527
91.776	8.5519	0.947
95.5833	8.3862	0.9672
96.5735	4.3049	1.0
83.459	21.4013	0.7
95.6776	7.8034	0.9788
93.988	6.5298	0.9835
88.9608	8.1845	0.9512
95.4149	8.0606	0.9748
70.6491	14.2441	0.551
85.3262	15.0984	0.8278
97.7075	2.8341	0.9961
91.4276	11.914	0.9116
41.8528	6.5342	0.0
82.2935	14.3604	0.7196
93.3749	11.6203	0.9438
89.7757	4.3796	0.9918
86.7674	17.5758	0.8454
84.7908	17.7727	0.85
82.4563	21.778	0.8061
93.6078	3.081	1.0
65.8532	19.7177	0.5387
90.871	11.8208	0.9337
86.0814	11.7695	0.9165
93.0532	8.8703	0.9489
98.0183	1.8126	1.0
71.7862	7.6846	0.4706
95.4546	11.0113	0.9495
85.5815	12.7331	0.8768
94.7715	13.3494	0.9268
88.7835	9.9437	0.939
84.1233	14.9498	0.875
90.6635	10.5618	0.9428
90.0231	10.4576	0.9148
90.8039	8.6631	0.953
84.9462	8.4141	0.9155
93.8601	7.1759	0.9781
92.8979	8.3877	0.9474
95.9915	4.7727	0.9909
96.3513	7.483	0.9758
93.8208	7.4497	0.9766
93.6225	5.6895	0.9926
88.0987	6.9496	0.9615
97.8245	2.2084	0.9968
97.6654	3.0015	0.9972
93.0655	7.5317	0.9797
88.4108	16.7635	0.874
90.6595	9.279	0.966
74.2108	24.2183	0.6497
95.138	8.8976	0.9722
90.6351	14.8076	0.906
94.0487	6.7708	0.9817
93.6322	4.9918	1.0
86.6726	7.4742	0.9531
97.2424	3.4069	0.9956
95.6828	5.6005	1.0
81.1371	20.3509	0.7386
94.6295	9.7091	0.9764
95.9961	3.2186	1.0
66.4505	17.0039	0.4846
91.7722	8.5412	0.9583
95.0018	6.1603	0.98
39.6184	6.9562	0.0
85.9411	11.1624	0.8591
87.7961	17.4876	0.8509
94.5891	11.3661	0.9614
80.901	18.262	0.6667
88.6281	11.4487	0.8889
88.8764	9.1058	0.9682
89.5416	13.3375	0.918
88.1797	13.0987	0.9195
90.6555	8.0468	0.9573
97.8782	5.0332	0.9901
87.2311	5.4618	1.0
74.7253	9.6572	0.7714
90.1535	12.8592	0.9353
94.1274	5.7149	0.992
91.4389	8.7634	0.9625
89.4066	10.802	0.9071
86.8995	13.9851	0.8563
89.8085	7.0097	0.9732
94.2534	5.3099	0.9714
93.5018	4.4459	0.9976
97.2129	3.4654	0.9922
92.578	8.8515	0.9548
89.5392	14.6549	0.8883
96.8682	3.2421	0.9947
96.7332	2.3984	1.0
89.4715	13.1562	0.8762
85.7933	16.567	0.8135
95.7687	6.897	0.981
81.221	13.1665	0.7905
71.2007	11.3845	0.5621
75.9319	19.2948	0.5976
94.6704	11.7534	0.9265
95.2031	6.4842	0.9773
75.7061	15.5791	0.6574
90.1275	10.9243	0.9467
94.572	7.2053	0.9706
97.0107	4.569	0.9888
91.14	9.1415	0.9481
87.9768	12.6622	0.8877
85.6747	10.0106	0.8985
86.8371	11.6701	0.8571
91.4085	11.1205	0.9425
98.0564	1.2822	1.0
96.6527	9.1343	0.9674
86.6325	9.2951	0.9425
96.7783	4.1982	0.9937
83.066	16.2435	0.7934
93.3064	8.4383	0.9734
85.9501	13.9242	0.883
95.57	8.2363	0.9767
81.1267	8.5898	0.9396
90.8874	12.9711	0.9244
89.4248	11.5475	0.9128
88.5467	12.1754	0.9011
95.4882	4.2142	1.0
89.9666	11.9211	0.9067
90.4016	12.2915	0.9161
93.6919	10.1461	0.9776
67.3579	4.641	0.2619
87.4253	10.3427	0.9255
85.8761	12.7844	0.8929
89.3592	10.4371	0.9247
90.0608	11.6194	0.9057
87.2399	14.8178	0.8601
88.9849	11.8906	0.9414
90.8166	12.7692	0.9164
96.061	5.3362	1.0
77.1264	16.629	0.633
91.9813	12.3988	0.9401
92.8542	7.2699	0.9861
91.6373	10.8978	0.9377
97.2813	3.1795	1.0
95.0503	6.7078	0.9843
82.9296	10.9952	0.8553
91.4888	8.1998	0.967
92.6975	7.7923	0.9719
58.2832	8.1527	0.0588
90.8497	16.4319	0.913
94.8998	4.9589	0.9946
89.6	10.6002	0.9086
97.8697	4.834	0.9915
89.968	15.9109	0.8519
91.8403	8.634	0.9651
65.0996	6.9857	0.2817
80.4739	13.3848	0.7622
95.1127	9.569	0.9629
87.7106	13.9541	0.8884
94.1258	10.8546	0.9481
94.3163	6.4101	1.0
81.6318	14.0563	0.7542
90.1732	15.3858	0.8988
95.0881	4.1032	1.0
90.6205	7.2345	0.9671
93.308	6.7895	0.9773
84.9325	13.8311	0.8691
89.0903	13.6961	0.9052
96.8067	2.4859	1.0
77.4652	26.1829	0.7152
86.5556	20.7915	0.7889
98.186	2.4202	1.0
90.7109	12.3024	0.9314
96.4694	5.3938	0.9873
89.9035	7.1293	0.9749
85.8277	10.2011	0.929
97.8198	1.8555	1.0
76.2873	13.4315	0.6905
91.3215	7.5657	0.9815
74.2835	19.428	0.6134
91.0294	15.8421	0.8987
86.7501	10.9895	0.9122
92.903	9.0148	0.9748
90.0571	11.9217	0.9429
86.2206	10.8127	0.9257
93.7044	5.6527	1.0
95.558	5.7057	0.9866
82.3262	24.3206	0.7774
97.3183	3.0085	1.0
97.0741	3.2892	0.9977
92.9227	12.5502	0.9406
96.5065	5.578	0.9873
93.144	10.0364	0.947
87.1185	13.7531	0.8153
90.9937	10.4164	0.9586
77.2631	11.8683	0.725
90.0462	12.103	0.9426
94.2478	8.4532	0.9679
95.8131	10.5346	0.9353
96.4367	4.1693	0.99
90.402	13.627	0.9308
85.9076	11.6831	0.893
85.7677	11.1201	0.8857
91.4691	12.3652	0.8966
87.3333	15.2747	0.8323
83.5356	16.8689	0.8435
89.9358	6.6401	0.9804
94.6222	5.2513	0.9944
86.4597	15.3231	0.8571
79.9444	15.1144	0.7944
90.4772	8.8796	0.9351
97.4384	3.9439	0.994
92.6445	9.1582	0.9522
94.1003	8.3871	0.9738
83.7542	6.4936	0.9535
85.3495	16.0361	0.787
91.6979	9.9389	0.9669
97.0889	2.2207	1.0
95.7784	5.1439	0.9933
85.149	9.2787	0.9048
91.2489	10.8821	0.9223
94.1457	9.6552	0.9593
95.9328	4.438	0.9956
69.9438	11.1988	0.5748
87.9015	11.2462	0.9073
93.2515	5.745	0.9871
57.0626	12.8454	0.2177
88.3303	14.341	0.8779
94.6254	9.174	0.9646
84.6267	12.6687	0.8413
95.7906	4.9414	0.9815
89.6625	8.3924	0.9642
95.4854	6.8346	0.9776
91.0216	14.6412	0.9178
81.0578	6.9807	0.9225
86.2316	13.8598	0.8671
96.4846	5.1475	0.9934
89.6135	13.8639	0.9339
90.4476	9.3813	0.9496
95.3466	7.1887	0.9732
96.8486	3.2226	1.0
97.9821	1.8671	1.0
83.8157	16.3491	0.8531
94.972	5.473	0.9855
90.0849	8.8032	0.9591
65.4507	17.6778	0.3704
88.8759	13.2367	0.8881
92.9004	16.6668	0.9102
85.5963	14.6053	0.8699
96.3533	3.2863	0.9985
88.8463	7.0099	0.9538
85.9788	13.5528	0.8865
93.4751	7.8562	0.9706
88.1213	10.2311	0.9114
95.9367	6.2642	0.9786
85.7921	20.6547	0.8038
86.9059	12.5629	0.8378
73.5232	13.7642	0.5409
96.0874	4.9686	0.9945
98.5449	1.986	0.9974
92.3673	14.8955	0.919
91.7888	7.9652	0.9615
97.2221	2.9624	1.0
88.8478	6.7847	0.9868
86.918	13.3815	0.8327
84.7391	11.3527	0.8302
97.1126	3.4337	1.0
82.8849	12.0597	0.8571
96.1035	3.9793	0.9973
87.0457	11.6151	0.8989
93.238	8.9114	0.9651
88.0225	8.3762	0.9486
75.0326	20.3295	0.5684
89.177	14.6468	0.919
95.4724	7.9371	0.9709
77.3216	17.2022	0.6047
93.3869	10.5309	0.9634
90.6141	12.1688	0.9312
90.4634	8.955	0.9519
94.6656	4.0516	1.0
96.8532	3.6764	0.9935
67.1545	10.9042	0.3922
88.1332	15.5414	0.852
98.124	1.5372	1.0
91.1065	10.7413	0.9454
54.0873	21.2323	0.2405
84.4942	15.0415	0.8733
84.6684	13.4403	0.8375
96.2614	3.6692	1.0
90.7852	12.3763	0.9257
96.9698	5.3448	0.9908
89.9138	12.9094	0.8862
95.9955	7.0088	0.9759
88.5195	12.1955	0.9352
58.7466	5.5508	0.027
97.1862	3.3896	0.9937
98.0917	1.6105	1.0
89.4175	5.957	0.9892
98.4208	1.3035	1.0
94.5549	7.3289	0.9833
92.9164	13.2682	0.9394
93.8816	7.4031	0.9838
96.9895	3.0415	0.9958
94.8527	9.4761	0.966
82.996	11.2609	0.8683
98.011	2.3202	1.0
85.253	14.7011	0.8603
84.9752	16.655	0.8301
88.4768	9.3717	0.9425
89.0095	11.2185	0.9456
96.3193	7.8857	0.9829
94.0256	4.546	0.9928
90.2559	7.1441	0.9853
92.9615	13.4262	0.9113
94.1228	6.9712	0.981
74.5278	11.9201	0.6729
91.5046	7.4997	0.967
86.528	13.9221	0.8967
81.8738	15.5722	0.7561
87.7103	14.8264	0.9022
50.3752	16.7734	0.1124
91.6966	11.3856	0.9117
74.6035	22.4319	0.6855
96.5552	4.7984	0.987
89.0723	9.2125	0.9261
96.4556	3.881	0.9934
76.7026	13.6979	0.7336
90.4344	13.7758	0.92
95.1305	13.3433	0.9462
97.9106	1.9304	1.0
95.1331	4.2432	0.9941
94.287	12.7115	0.9217
83.022	20.5876	0.7944
93.9508	11.2154	0.9561
87.3247	8.6511	0.9469
96.5929	7.0445	0.9752
92.026	8.4643	0.976
98.2331	1.4214	1.0
87.2568	13.3015	0.8451
89.1109	15.4369	0.8742
89.4031	7.6572	0.9847
90.1459	12.4409	0.9072
95.37	4.0975	0.9969
95.3968	4.4535	1.0
90.7515	14.7048	0.9064
47.8683	12.2701	0.0254
83.791	17.8621	0.8174
86.7314	15.0857	0.862
97.8649	3.3505	0.9962
90.8269	9.0648	0.947
95.1975	6.2954	0.9789
95.4931	7.9764	0.9822
91.7546	10.7633	0.9303
97.6782	1.8598	1.0
94.0747	7.0122	0.9757
96.9686	3.7109	0.9945
75.7348	13.3897	0.7451
94.767	7.3626	0.9853
96.9899	5.8458	0.9885
97.0706	4.2781	0.9948
93.7502	6.2534	0.996
81.8829	4.9856	0.9412
95.895	2.8777	1.0
92.0151	8.9179	0.9691
81.8605	13.0781	0.8369
85.9737	15.7981	0.8333
87.3804	9.7231	0.9583
87.1907	14.2528	0.87
87.8437	10.6072	0.8873
92.6021	7.1763	0.9877
97.2458	3.1699	1.0
95.2805	8.2882	0.9664
92.1953	10.3769	0.9361
94.0701	12.0655	0.9243
86.1996	12.8653	0.9019
88.6444	9.996	0.937
97.1761	3.2374	0.993
96.5155	5.6949	0.9904
64.6631	7.1061	0.3077
90.4581	17.2611	0.8489
94.4125	6.7003	0.9871
92.1866	14.5608	0.9249
90.4991	15.6151	0.8777
97.2508	3.9917	0.9911
95.7848	8.1413	0.9662
87.691	9.9123	0.9453
97.9696	2.2261	1.0
96.9607	2.9532	0.9983
85.1462	10.6726	0.9437
92.7654	6.3226	0.9832
86.8013	9.5247	0.9387
79.5407	15.411	0.6593
91.9962	7.6507	0.9645
97.1003	5.6892	0.9854
96.7683	3.2282	0.9979
88.3654	6.3788	0.9773
88.8131	11.0143	0.8557
89.9983	9.7919	0.9306
95.8911	2.1229	1.0
92.17	6.2021	0.9828
94.7224	10.191	0.9075
79.8525	14.876	0.7802
97.4429	1.8751	1.0
78.5859	18.7114	0.7745
94.237	5.5454	0.9924
97.0062	4.741	0.9906
50.1315	8.7527	0.0225
95.6237	4.5976	0.9963
90.8607	11.5325	0.9244
85.0843	16.8651	0.8012
94.1458	9.2714	0.967
93.7983	6.8437	0.993
93.5245	8.9288	0.9613
86.766	12.7439	0.8927
91.7003	13.85	0.8909
96.1945	6.077	0.9899
86.6445	14.3062	0.8857
96.2881	4.1527	0.997
97.8921	3.6625	0.9948
89.3222	16.4614	0.8872
94.7518	6.7712	0.986
82.1559	15.7239	0.8026
80.7643	14.654	0.7982
92.1847	5.1984	1.0
87.7677	11.7898	0.9209
91.62	13.634	0.9363
96.8837	4.1212	0.9961
92.3175	8.842	0.9554
94.4591	5.1647	0.9955
97.9379	3.2179	0.9956
88.713	9.719	0.945
94.9162	3.5479	1.0
90.7114	7.2601	0.9707
96.5706	5.1711	0.9907
96.1763	4.5473	0.9934
91.0451	13.7811	0.8784
73.9155	23.5924	0.6076
88.5758	17.3792	0.9032
90.9167	13.0798	0.9286
88.6629	12.8005	0.921
92.7782	6.9316	0.9755
92.6336	11.0552	0.964
96.0445	5.5145	0.9868
70.91	11.0486	0.4643
86.1306	12.1785	0.914
95.3089	7.3095	0.9848
84.7364	10.4511	0.9074
90.4399	10.5299	0.9373
97.419	1.4198	1.0
92.8898	7.0694	0.9816
91.62	8.2656	0.9604
94.913	8.1512	0.968
97.0988	3.7114	0.9922
87.6873	10.4548	0.9415
81.6397	19.2884	0.7778
98.0576	2.7419	0.9964
78.0559	15.8611	0.7805
91.4633	9.5909	0.9541
86.8781	16.9638	0.8438
88.2314	7.9656	0.9572
93.6395	10.0271	0.9535
90.7021	7.4227	0.9669
92.1446	16.0643	0.9216
88.0215	8.3219	0.9348
89.947	10.3032	0.9476
91.5333	8.4071	0.9697
69.782	16.9912	0.4258
94.6529	6.3026	0.9898
91.6184	14.8594	0.9155
94.868	7.0779	0.9804
92.6142	7.9472	0.9785
94.759	3.7144	1.0
83.1603	13.7265	0.8943
92.0428	10.123	0.9466
88.2183	13.2048	0.9293
81.9438	8.3737	0.9394
87.841	11.1842	0.902
93.3198	10.2872	0.9258
95.9341	8.2789	0.9575
93.5079	7.7972	0.981
91.4583	6.3755	0.9865
95.8629	7.9885	0.9658
96.2517	7.603	0.9801
90.8255	10.0756	0.9497
82.0268	18.2667	0.8162
88.402	8.9094	0.9604
94.3924	7.7509	0.9775
95.0396	5.0319	0.9929
87.6741	13.6977	0.8551
88.6978	10.6017	0.9121
88.6118	7.6974	0.9543
83.7313	13.7033	0.6866
94.5587	9.4512	0.9551
92.1222	7.0713	0.9703
88.7785	10.5031	0.9346
92.6691	7.9804	0.9623
90.6808	7.2889	0.9707
87.2656	18.8908	0.8008
89.8478	7.0064	0.9691
87.0886	11.751	0.922
97.0845	2.9487	0.9979
86.894	7.5017	0.961
98.1667	3.6234	0.9941
83.6862	11.0006	0.8333
85.4417	22.7043	0.8327
93.7027	6.6753	0.987
84.3734	19.1132	0.8205
94.6217	7.6862	0.975
80.3162	13.8669	0.7807
93.628	7.2297	0.9736
85.2265	21.1649	0.7553
91.8202	8.4912	0.9701
78.2184	19.9971	0.6814
88.0442	10.9714	0.9415
92.5963	9.2526	0.9504
63.0505	22.0653	0.413
81.603	14.0827	0.6491
96.2411	4.9305	0.9949
90.5407	9.5958	0.9185
89.0432	17.1241	0.8682
91.7647	8.3845	0.9534
96.0184	2.8388	1.0
89.4353	12.4042	0.9295
55.0329	13.8423	0.1603
91.9531	10.1016	0.9437
94.2189	6.63	0.9859
91.201	10.1047	0.9541
72.4894	11.5729	0.64
93.0436	10.8949	0.9603
76.8476	20.403	0.6273
93.6413	13.3171	0.917
96.0203	4.7377	0.987
96.7221	3.4378	0.9948
72.3935	13.8842	0.6204
95.1253	11.0208	0.9487
89.8618	10.0816	0.9561
84.5051	9.2945	0.9014
96.8525	2.5884	1.0
89.9657	12.2173	0.9349
91.6516	10.5126	0.9368
92.4875	8.403	0.9682
98.1469	1.174	1.0
95.7915	3.2444	0.9958
89.29	17.0076	0.8915
88.2513	9.7265	0.9356
96.6407	4.4193	0.9971
86.867	9.9375	0.9249
88.9681	18.1933	0.8939
92.699	7.5062	0.9739
92.0177	8.718	0.9775
88.0079	16.9525	0.8166
89.9458	6.6513	0.9825
88.98	7.107	0.9714
92.2033	7.0518	1.0
91.175	10.9378	0.9402
95.4031	5.9769	0.9921
86.8821	12.2763	0.8944
82.7975	11.884	0.8158
94.7818	5.0188	0.9947
95.7971	6.0316	0.9893
71.8778	18.5933	0.5
96.7395	4.4262	0.9925
94.9747	5.8576	0.989
97.8815	4.4731	0.9919
93.1485	12.1723	0.9308
89.6289	13.8395	0.9066
93.1234	8.6518	0.9481
80.1826	18.7801	0.7326
93.1538	7.4235	0.9643
87.1798	12.2345	0.8972
91.0706	9.6004	0.9596
97.5453	2.121	1.0
95.3853	6.2353	0.9812
85.946	9.5555	0.9373
73.9075	18.3502	0.5545
93.0057	9.1863	0.9666
89.7784	14.0199	0.9182
97.3008	3.2868	1.0
87.0374	15.4511	0.8596
88.9385	14.6465	0.8996
93.1563	10.3251	0.9671
92.8116	8.6568	0.9631
68.7386	23.2009	0.4855
95.4902	6.2691	0.9848
90.8938	6.6358	0.9799
77.5841	14.5385	0.8008
89.3268	14.3478	0.8342
86.829	13.0904	0.9444
95.3629	4.2236	0.9977
62.9746	7.5237	0.1667
92.7558	9.4747	0.9538
87.8402	8.5485	0.9502
96.3246	5.1452	0.9945
94.524	8.075	0.9712
84.9189	8.3871	0.9091
98.0398	2.3082	0.9979
83.9228	19.1612	0.8383
79.2015	15.8092	0.7568
79.7751	16.4498	0.6861
95.5475	6.4142	0.9865
97.4981	2.9184	0.9948
90.5932	11.7212	0.9397
98.2732	4.0537	0.9924
85.8401	14.4002	0.8931
73.0724	9.1287	0.6916
76.4568	9.856	0.7333
89.0874	10.4987	0.9064
80.7553	22.5918	0.792
93.3371	5.7766	0.9954
85.6014	15.1077	0.8777
58.4708	5.9767	0.0208
86.487	10.946	0.9254
97.3716	2.8789	1.0
86.8391	17.8149	0.8491
95.6031	6.8225	0.9796
86.4224	12.9017	0.8378
94.5621	6.0682	0.9938
91.7576	11.2229	0.9176
97.0691	2.1463	1.0
96.5413	4.6357	0.994
92.0711	6.1432	0.9853
97.2619	2.6307	1.0
95.0753	6.5556	0.9889
93.445	16.0185	0.9218
98.2241	2.6154	0.9976
88.0406	9.1872	0.9186
86.7508	13.7898	0.8704
97.4031	2.1546	1.0
88.3146	15.4515	0.8683
96.2009	4.6152	0.9929
94.2748	11.9035	0.9444
96.5742	4.3822	0.9937
93.8063	6.1305	0.9714
74.4147	13.5198	0.6716
77.9206	15.4748	0.7969
97.3708	2.199	1.0
95.0468	4.5468	0.9932
87.0992	10.533	0.9284
89.8056	12.4687	0.9038
90.1055	9.0561	0.9362
91.8351	5.5269	0.9903
79.4146	13.2093	0.8499
92.9414	5.7234	1.0
86.796	13.9183	0.8892
90.662	10.5354	0.9405
71.3815	16.2648	0.4426
98.2934	2.959	0.9966
79.2489	20.9642	0.7854
85.492	11.2018	0.8852
98.4189	1.5282	1.0
97.2754	3.1764	0.9935
89.4502	16.4836	0.8815
92.8075	12.7791	0.9062
88.7638	7.2421	0.962
97.2886	2.3274	0.9983
89.4606	9.4243	0.9509
78.3698	23.3615	0.7246
95.3221	7.1889	0.9655
98.1874	3.0672	1.0
88.2848	12.6087	0.915
83.6171	18.0495	0.7996
90.0462	12.4705	0.9019
92.9013	12.8338	0.9449
87.9716	5.4103	0.982
96.1213	4.3213	0.996
85.7523	11.9047	0.8917
90.8864	8.8172	0.9441
73.3986	13.7993	0.7083
92.6081	12.3776	0.9313
86.6247	13.538	0.8628
79.8805	14.4476	0.7523
97.9329	0.8491	1.0
89.258	14.4405	0.9276
37.2351	9.0919	0.0
74.5196	22.0418	0.6129
64.3301	20.0675	0.4901
95.6994	5.7787	0.989
92.2717	8.1156	0.9763
95.1856	9.0362	0.9587
91.8636	8.4947	0.9604
91.2129	9.2572	0.9612
85.5906	11.6919	0.9033
81.0869	16.1279	0.7612
95.4017	3.72	1.0
95.0643	6.0619	0.9895
96.2002	4.7028	0.997
96.4584	7.6122	0.9686
91.2884	7.8542	0.9687
93.538	8.003	0.9628
97.0373	5.1738	0.9918
89.8728	8.2808	0.9667
88.6149	11.6607	0.9286
90.8585	9.3392	0.9456
93.0861	12.4914	0.8967
85.4541	9.5099	0.9312
94.62	2.7941	1.0
91.351	10.549	0.93
95.2497	7.5788	0.9833
89.2619	15.2958	0.8932
97.0884	6.5591	0.9836
95.2655	4.316	1.0
88.7171	11.0614	0.9451
96.4069	3.6885	0.9926
74.6112	8.624	0.7317
94.0266	3.4713	1.0
97.5052	3.277	0.9945
90.0164	9.6017	0.9586
90.9172	11.0336	0.9589
86.3471	7.4135	0.92
94.1047	5.6186	0.9953
92.3027	6.3376	0.9914
86.2108	13.9449	0.8808
71.8145	7.1833	0.6
89.4719	7.4715	0.9689
97.0111	3.0441	1.0
95.4263	8.4116	0.9751
92.0539	8.2443	0.9695
91.2692	9.0488	0.9641
97.525	2.6529	1.0
94.4232	6.506	0.9816
92.6901	4.7534	1.0
93.1355	9.8059	0.9516
92.6872	8.9138	0.945
94.4953	11.7598	0.9486
94.7759	10.7442	0.9642
95.1636	4.4944	1.0
94.7177	5.0312	0.994
96.445	3.3788	0.9974
91.0735	9.8391	0.9405
96.0292	6.6705	0.9869
89.635	11.5188	0.9377
84.144	11.2567	0.8438
93.5175	8.0567	0.9419
97.205	2.5224	1.0
93.1409	15.0678	0.9504
94.607	8.3677	0.9754
82.4511	23.4466	0.7612
95.724	3.1403	1.0
94.4219	3.4053	1.0
94.0124	5.651	0.9889
95.1232	4.9047	0.9961
95.3111	5.8302	0.9855
92.4126	7.4489	0.96
94.1449	6.3658	0.9739
90.4311	5.8936	0.9961
68.3496	15.0417	0.48
82.4996	12.1178	0.8404
82.2685	16.2106	0.7368
94.6304	9.5169	0.9604
90.1595	9.4924	0.9565
94.4173	9.1431	0.9762
94.7452	7.5881	0.9744
58.4591	6.4366	0.0286
90.8625	15.5409	0.9276
91.4436	8.5468	0.9618
73.2195	16.5287	0.6036
96.7098	6.866	0.9775
94.8796	5.3574	0.9893
91.9992	9.9641	0.9515
98.0678	3.0938	0.9975
94.6185	5.0801	0.9906
95.7083	4.9029	0.9961
92.3159	8.0251	0.9798
57.1417	3.9669	0.0
90.7772	9.4487	0.9439
78.6015	19.355	0.6441
87.9619	10.5064	0.9349
80.9598	21.5291	0.6373
92.9134	7.633	0.9732
80.6597	17.283	0.7273
94.9966	6.2381	0.9877
75.9071	21.6683	0.6271
85.7469	9.7388	0.9159
96.9429	3.8332	0.995
96.4067	7.6833	0.9691
93.1607	4.8976	0.9956
85.4448	9.5339	0.9347
86.1076	14.1889	0.8886
92.7668	14.8014	0.8935
86.185	10.4731	0.9364
94.581	5.2782	0.9936
89.2681	11.316	0.9421
88.8398	15.2584	0.8302
96.9432	4.7623	0.9978
93.65	6.9826	0.9761
96.2432	10.8545	0.9682
96.1299	8.3131	0.9623
93.1008	5.688	0.9877
87.6436	16.5868	0.8563
63.3044	19.0617	0.4009
65.8915	13.5114	0.3909
96.2364	4.6419	1.0
89.8843	13.0168	0.8974
83.4872	13.072	0.8945
93.7975	6.6917	0.9745
96.7432	4.1823	0.9949
93.341	14.0149	0.9298
94.638	6.0359	0.9714
97.3409	3.5801	1.0
88.0728	10.6501	0.935
85.2478	10.9016	0.9198
93.6035	8.9458	0.9667
74.8088	11.4775	0.7368
92.0831	6.6335	0.9847
94.1785	9.9864	0.9466
84.7998	14.0271	0.8786
95.0276	8.2045	0.9718
91.6579	11.1015	0.9145
87.5516	10.9421	0.9339
93.8363	4.4463	1.0
74.724	13.0219	0.6364
92.4928	7.4477	0.9778
86.1147	13.8546	0.8669
87.7286	11.8827	0.9155
94.9217	6.7911	0.9778
96.7476	3.2867	0.9971
95.8491	4.1902	0.9961
95.1776	4.5275	0.9934
82.2927	15.9853	0.8352
59.908	17.1835	0.264
92.0177	9.2925	0.9586
86.7501	10.5177	0.9273
85.1107	9.0894	0.9044
92.9437	5.8756	0.9843
80.6046	11.8638	0.7917
79.7241	14.998	0.8085
87.424	14.4119	0.9155
91.8794	9.9152	0.9351
84.3034	13.4813	0.8613
86.1734	11.9533	0.8779
96.276	3.0814	1.0
81.9782	10.4802	0.9157
95.5354	4.4669	0.9961
96.7327	4.6808	0.991
93.7933	12.2156	0.9546
95.495	5.3704	1.0
92.8615	5.7278	0.9923
96.7543	4.6435	0.9896
97.014	4.251	0.9945
82.5298	19.1347	0.8016
90.6414	14.2568	0.9336
92.7646	13.5061	0.9051
52.0888	14.8996	0.142
96.1845	7.9262	0.9714
90.5901	11.0349	0.9553
93.3829	7.6266	0.9801
97.6512	2.7739	0.9978
87.2571	7.4494	0.9643
93.1998	6.7871	0.9852
61.2608	16.3902	0.274
97.6347	2.4747	0.998
89.5258	11.2029	0.9217
74.03	10.349	0.619
97.6546	3.2761	1.0
86.6665	7.3528	0.9855
96.8661	3.8203	0.9928
96.2783	3.2994	1.0
84.0043	13.1432	0.8869
90.9506	14.5686	0.8889
94.1048	5.6918	0.9879
93.2172	12.1043	0.899
97.2244	4.8525	0.9901
82.5217	14.8607	0.8538
89.2409	12.8327	0.9299
94.6871	5.0645	0.9869
86.8423	12.4545	0.898
94.086	4.9302	0.9904
96.5293	2.8839	1.0
92.7857	7.6052	0.9552
72.937	11.9033	0.7105
96.165	3.5069	1.0
86.2178	17.4214	0.875
70.6782	13.0278	0.5735
90.8264	14.8353	0.9004
84.9377	21.4069	0.8439
82.8848	18.3661	0.8162
93.8715	6.9396	0.9758
93.8783	10.049	0.9368
94.1531	9.7359	0.9581
86.8561	9.0789	0.9222
93.9968	10.0903	0.9559
92.5643	8.4313	0.9547
85.8107	9.0541	0.8889
96.5161	4.0046	0.9912
96.339	6.4714	0.9781
82.6343	20.7521	0.6667
88.4627	14.6145	0.8821
82.8582	19.2991	0.7899
91.7535	10.7171	0.9571
85.1757	10.1604	0.9372
97.096	3.4806	1.0
94.4562	6.0977	0.9806
89.408	11.9886	0.8994
97.6408	2.5179	1.0
92.5324	11.9038	0.9195
90.5194	10.1297	0.9462
94.9871	5.5962	0.9923
95.2587	4.9606	0.9949
70.0393	8.3619	0.5342
96.9877	4.7133	0.9958
80.1218	15.6054	0.7961
81.0671	20.2815	0.6404
87.4543	12.8966	0.8918
97.423	1.782	1.0
96.5319	3.1041	1.0
83.3377	12.9471	0.8523
87.295	12.4996	0.8754
96.1883	5.9363	0.9786
90.5971	10.7565	0.9273
82.8155	11.7981	0.8039
91.1584	5.3699	1.0
92.8602	6.9947	0.9816
96.4062	6.8387	0.9797
90.4652	16.149	0.8661
89.6808	9.0799	0.9508
87.6195	15.6121	0.9058
97.2546	2.561	1.0
94.162	8.8932	0.9522
97.4812	3.5436	0.9944
97.9087	1.7104	1.0
89.2086	12.9561	0.9076
88.6321	12.6225	0.8174
97.3506	2.3422	0.9979
97.7307	1.8392	1.0
89.375	5.5092	0.9831
90.0632	7.9644	0.9604
89.2945	11.3293	0.9264
96.1704	4.2164	0.9948
87.7296	10.2175	0.9371
93.1031	11.9539	0.9306
91.5624	13.42	0.9338
90.1099	11.4003	0.956
90.3371	12.8875	0.9277
97.4213	2.6524	1.0
91.4527	10.2742	0.9368
74.6111	14.5528	0.5806
96.8165	2.6244	1.0
96.3347	4.6834	0.9877
93.3117	7.9787	0.9805
91.6352	10.4026	0.9446
89.3733	12.0189	0.9054
84.9599	18.4195	0.8
95.2239	5.6397	0.9842
92.2076	7.8481	0.9724
92.5538	5.6099	0.9885
97.0009	4.7817	0.9921
94.3488	14.7064	0.9392
97.9746	2.4793	1.0
76.6703	15.6196	0.6471
97.3928	5.0797	0.9851
83.7883	9.0827	0.9384
83.3175	12.2199	0.8333
96.1243	5.9054	0.9836
95.4525	5.6553	0.9916
62.9284	14.6182	0.5
91.982	7.9546	0.9591
96.5759	6.1553	0.9793
95.7939	5.6467	0.9832
63.6562	14.2706	0.4722
97.1269	2.8355	0.9971
94.0488	7.9331	0.9724
87.1345	10.6046	0.9394
87.9402	11.364	0.8956
79.5706	16.1741	0.7373
91.0445	7.9799	0.9449
82.2928	14.8392	0.8689
95.463	4.9864	0.9937
94.3213	8.68	0.9686
82.7512	16.9288	0.7676
95.2199	6.9994	0.9596
88.3945	11.1505	0.9242
91.8764	8.2808	0.9653
94.0786	8.0197	0.9632
97.207	2.8605	1.0
95.873	4.9329	0.99
85.0984	15.4632	0.8714
95.7168	8.5475	0.9735
81.3078	18.769	0.7857
96.3416	7.1855	0.985
89.3625	9.0457	0.951
97.7356	3.0676	1.0
67.6678	7.2934	0.3818
59.1565	8.4181	0.0435
47.1992	5.5374	0.0
82.6707	15.4308	0.7381
85.9176	14.1263	0.8945
88.4413	10.1781	0.9435
86.2241	8.8334	0.9233
92.0726	6.2252	0.9959
94.1225	4.8895	0.9939
91.3108	11.4822	0.9327
97.6301	2.4453	1.0
89.0059	8.9676	0.9629
60.5327	7.5857	0.0465
93.2585	13.3148	0.9297
91.4454	12.2704	0.9323
66.1742	21.1976	0.4765
87.2357	12.7458	0.8851
93.5922	14.418	0.9205
93.2956	9.7998	0.9613
97.9512	3.6945	0.9924
89.4824	10.9358	0.961
88.5397	14.7207	0.9056
94.8685	5.3924	0.9868
94.5216	6.8712	0.9679
92.215	10.9618	0.9581
84.1787	10.4151	0.9066
84.7941	22.5118	0.8099
86.5698	10.214	0.9241
91.1006	8.76	0.9658
93.6384	5.2607	0.9954
93.7848	6.9467	0.9829
97.4943	3.1383	0.996
98.1564	5.0655	0.9906
93.1747	8.8342	0.9725
97.3642	1.9939	1.0
92.6969	8.22	0.9589
67.8507	10.1147	0.4841
96.5123	4.5674	0.9917
83.3564	13.6674	0.7536
74.9489	9.5087	0.7222
87.5018	16.3367	0.8747
90.3971	7.8543	0.9657
82.5967	15.4963	0.8273
91.5209	7.5215	0.9848
85.4706	8.8318	0.9444
76.7384	17.8389	0.7258
96.7027	6.3122	0.9844
94.2441	4.463	0.9919
96.7883	3.5511	1.0
89.1919	10.1846	0.9537
90.6478	11.4419	0.9562
97.1217	2.714	0.996
96.4382	6.04	0.9826
90.082	16.1987	0.912
84.6122	19.9006	0.7754
89.7786	9.8909	0.9542
96.683	3.3552	1.0
80.3452	5.4498	0.9344
97.1519	5.8361	0.9847
96.8584	5.736	0.9872
78.0729	17.3795	0.7385
91.6138	7.5947	0.9586
97.8905	2.9849	0.9971
90.5182	8.2303	0.9713
80.5871	23.7862	0.7616
91.9574	11.3926	0.9607
87.8637	13.3917	0.9292
87.4144	10.2869	0.9452
92.1161	14.7895	0.9243
96.2379	7.2948	0.9781
95.7546	3.4158	1.0
79.6009	15.4296	0.8242
93.8677	11.8204	0.9393
84.9564	11.624	0.8522
92.9134	6.5307	0.9672
72.5059	15.1218	0.716
96.9637	6.8871	0.9691
66.5875	14.158	0.5
88.1931	15.4301	0.8737
96.616	4.1292	0.9977
87.8213	11.9624	0.9262
88.2685	10.8227	0.9198
96.2254	4.0235	0.9935
95.4372	7.4881	0.9813
92.4422	5.154	0.9937
90.9012	8.1188	0.9398
85.2806	10.961	0.8954
89.9219	7.9753	0.9899
95.9443	7.3371	0.9803
95.7938	4.8733	0.9912
93.0403	11.4657	0.9503
93.4473	10.8017	0.9502
91.7963	9.9077	0.9506
92.4638	13.1554	0.9443
88.0897	10.92	0.9219
97.9299	3.0287	1.0
84.0062	20.1088	0.7459
95.772	6.5967	0.9853
83.7865	12.8475	0.8353
97.5338	5.4174	0.9918
89.54	11.0568	0.9328
91.2903	10.4508	0.9605
96.5056	2.3512	1.0
96.9321	3.4624	1.0
77.5527	13.4617	0.6894
96.3103	2.4144	1.0
93.8387	4.6854	0.9961
88.8824	4.5797	1.0
92.0944	7.6646	0.9663
78.5096	10.4831	0.8261
87.7393	12.0356	0.9049
97.2756	5.4989	0.9859
94.8874	4.1103	0.9985
96.3969	3.7142	1.0
40.8868	4.2336	0.0
97.4965	3.1272	1.0
89.643	8.4589	0.9522
96.6116	3.6767	0.9986
86.1286	15.5539	0.8627
79.0523	13.0612	0.7656
89.0835	9.1219	0.9664
92.6851	10.48	0.9213
91.4066	7.1316	0.9898
89.0779	12.1696	0.9434
98.3002	1.9761	1.0
90.1563	9.7964	0.9423
92.6575	9.6379	0.9464
93.6121	6.5874	0.9818
96.5552	3.4646	0.9974
83.312	21.0238	0.7655
97.296	2.9478	1.0
96.0422	6.9179	0.9842
89.3386	8.4814	0.9725
90.9677	10.3397	0.9281
96.1679	3.8373	0.9969
89.8262	15.2881	0.8627
76.7436	16.0148	0.7056
90.5279	8.7313	0.967
90.1046	7.9349	0.9617
90.804	10.4458	0.9614
80.8739	16.1866	0.8058
93.7901	10.4417	0.9653
96.0085	5.4179	0.9855
97.2269	4.9107	0.9895
85.8706	20.7125	0.7908
85.6093	10.4211	0.8905
86.1285	12.1036	0.9016
94.1718	7.0001	0.9823
96.4053	5.9224	0.9877
85.548	13.352	0.8
92.3825	8.4426	0.9722
95.9628	3.2613	1.0
95.8025	4.052	0.9973
96.0873	3.6262	0.9983
96.75	6.0892	0.9844
71.38	13.8715	0.5886
92.9327	10.5044	0.9346
91.6127	8.3076	0.9798
86.5807	12.6302	0.9059
84.264	14.7926	0.8465
85.7775	12.6486	0.8801
91.6582	7.4398	0.9662
60.9805	21.2761	0.4237
94.4473	6.5896	0.9776
88.85	18.2475	0.843
97.0494	5.2657	0.9815
84.0282	11.8856	0.8182
91.1611	8.8572	0.9501
90.8658	10.5637	0.9304
90.1084	15.6489	0.8468
90.639	9.1	0.9423
94.4695	3.7865	0.9953
87.8918	5.3932	1.0
66.5358	8.9714	0.3096
96.2632	2.743	1.0
93.2771	9.1671	0.9647
93.9854	11.072	0.9545
90.2432	9.8825	0.9502
98.2685	2.2719	1.0
88.6302	11.2233	0.8913
83.7775	15.0339	0.8864
88.5181	8.3236	0.9506
81.6111	14.9253	0.7582
94.6126	9.77	0.9615
84.9786	12.1974	0.8276
94.2398	6.481	0.9876
98.3031	1.7051	1.0
97.5918	1.9535	1.0
89.2101	11.8619	0.925
78.9494	11.1185	0.8655
90.5231	8.5496	0.9498
62.6771	13.8779	0.368
87.7726	18.5429	0.8484
82.0202	14.0018	0.8175
92.112	12.083	0.888
70.5547	19.2528	0.4727
98.5807	0.4076	1.0
57.6431	21.1322	0.3371
80.4509	16.0137	0.7234
98.5697	1.4334	1.0
93.5346	5.2309	0.994
96.4395	5.5648	0.9831
90.4408	18.3086	0.877
93.5828	9.6302	0.9535
90.2548	14.3524	0.8889
96.6343	3.5822	0.9969
96.0642	5.6662	0.9893
84.1367	12.353	0.8712
95.6452	4.2267	0.9979
94.1318	5.1639	0.9888
95.1261	9.1816	0.9705
74.6883	7.7837	0.6667
95.6137	8.0672	0.9793
82.6626	6.6812	0.9672
83.6768	16.9283	0.8114
94.9266	5.5979	0.99
91.03	11.1959	0.933
94.3062	9.0816	0.9652
91.1443	11.3422	0.954
95.0625	5.7492	0.9909
95.1902	10.7072	0.9401
96.0161	4.1424	1.0
91.3897	8.0084	0.9886
95.2102	7.228	0.976
96.8659	7.8985	0.9754
87.4565	16.0001	0.8553
97.3554	2.0868	1.0
94.8455	5.9723	0.993
88.6605	9.8504	0.9367
96.8224	4.545	0.9922
92.5174	10.6016	0.9243
94.5983	6.6348	0.989
91.6432	9.1611	0.9527
48.7793	7.7906	0.0
96.9588	4.5694	0.992
89.4984	19.9723	0.8655
84.9358	16.863	0.8287
91.1698	14.9521	0.8696
76.0682	12.6776	0.7163
69.6358	20.6295	0.4906
97.2507	3.138	1.0
96.4346	6.1775	0.9817
88.0545	7.646	0.9682
89.7866	11.9329	0.9243
95.7235	5.5828	0.9891
90.1034	10.7454	0.9024
74.3313	16.8409	0.7265
97.0238	3.4301	0.9974
85.0768	10.483	0.9221
88.8368	9.574	0.9341
97.2228	3.1789	1.0
74.9725	14.6257	0.6886
85.3897	17.4427	0.8642
93.154	9.0151	0.9666
86.7451	12.3571	0.8652
93.8099	5.885	0.9943
65.2506	13.1391	0.2817
87.0571	15.639	0.8949
94.2746	11.1081	0.9563
94.9461	8.9068	0.9668
96.8554	4.5615	0.9924
83.1336	13.7675	0.8
78.6165	13.9156	0.7273
89.7012	16.2022	0.8858
94.7311	5.1529	0.9897
88.2432	10.4151	0.958
91.6139	8.3899	0.9798
90.243	7.9416	0.9725
96.6978	5.3337	0.9889
88.4748	12.2215	0.9238
80.4132	13.7527	0.8084
88.3143	10.5833	0.9119
95.0093	4.2213	1.0
93.1925	11.1949	0.9329
96.953	2.5948	1.0
85.0793	16.9017	0.7864
97.8012	1.3442	1.0
94.8136	8.074	0.9801
92.8217	9.4495	0.9481
88.3325	11.4149	0.9157
94.453	5.8507	0.9909
96.346	6.6689	0.9767
81.7085	20.1486	0.7091
91.7799	8.6583	0.954
90.7149	9.3846	0.9397
94.6981	4.4256	0.996
83.3462	13.7309	0.8733
95.3126	7.2672	0.9817
87.4649	13.954	0.9
95.0357	6.8757	0.9716
93.9428	5.8768	0.9804
91.2798	13.7364	0.9235
89.1712	13.6258	0.8979
91.7552	9.5756	0.9591
94.3777	7.4823	0.9671
85.7715	15.9507	0.7989
89.688	11.7495	0.9419
96.5707	3.9586	0.9973
87.3836	19.4601	0.8837
94.1268	5.0945	0.9937
88.8193	16.0128	0.8585
94.7267	3.7959	0.9975
85.425	14.3189	0.8571
94.5778	8.7647	0.9391
94.2948	8.7036	0.9741
96.8034	5.8839	0.9895
84.0333	7.3966	0.9524
83.0617	9.3933	0.8824
86.7979	16.2925	0.867
92.4822	12.6908	0.8692
89.8354	13.2491	0.9062
97.8782	1.5372	1.0
85.8344	15.617	0.8548
95.8155	7.6407	0.9776
80.1453	12.6845	0.7596
90.3027	9.6517	0.9761
98.4826	0.7121	1.0
92.2842	9.2664	0.961
84.0643	18.5477	0.7426
84.2352	18.4427	0.8428
90.2443	13.2898	0.921
97.9137	2.0161	1.0
91.6279	13.9765	0.9368
94.8685	7.3333	0.9691
87.4084	10.4402	0.9136
89.957	12.6923	0.9418
93.4445	11.3472	0.9272
72.3897	10.4072	0.6575
97.8142	2.4728	0.9973
93.6567	15.6481	0.9402
93.7554	8.9373	0.9683
92.5262	6.8361	0.973
90.5455	9.9528	0.967
88.8293	12.5363	0.9318
91.841	6.7013	0.9891
95.821	3.8162	1.0
91.0714	8.2699	0.9565
66.9479	10.7677	0.2917
36.3877	8.0243	0.0
89.1851	9.5686	0.9546
87.8336	13.4251	0.8907
94.826	7.1372	0.9762
91.1377	6.4006	0.9744
92.8587	3.8749	0.9868
89.6024	9.685	0.9592
90.0085	9.0705	0.9671
95.3749	5.8927	0.9801
89.7455	9.839	0.9293
87.4928	12.3659	0.9305
92.333	9.8701	0.9484
92.4868	7.0968	0.9805
88.7585	12.8825	0.9048
96.3688	4.6825	0.9861
96.218	9.9137	0.9678
96.9901	2.1751	1.0
97.1646	2.5956	1.0
94.1815	4.9094	0.9918
84.1001	16.1494	0.7273
97.588	2.9371	1.0
97.5536	5.2243	0.9873
97.4437	4.4857	0.9937
95.4877	6.2588	0.9889
92.9033	4.7773	0.9978
92.5593	7.6426	0.9755
88.5107	12.6138	0.9016
92.9502	12.9107	0.9326
89.9987	14.4003	0.9218
96.0482	6.3895	0.9858
86.3777	13.4563	0.9151
74.3477	13.0338	0.6364
95.5981	4.6707	0.9924
97.031	3.8173	0.9906
97.4053	2.7019	1.0
96.4126	2.7692	1.0
97.408	3.1079	0.9972
89.4933	14.0597	0.8571
95.2523	7.3911	0.9764
87.6489	9.9719	0.9301
90.7783	6.4081	0.9908
80.819	16.8051	0.8013
92.0178	2.8536	1.0
94.8304	7.7497	0.98
96.4658	4.2777	0.9913
85.8285	15.9065	0.8562
93.4378	7.1744	0.9792
93.6801	7.3058	0.9884
91.4507	14.0644	0.8606
70.4836	9.24	0.5689
88.6769	12.6911	0.9288
79.3589	13.4129	0.7414
91.7747	10.4642	0.9306
91.1235	9.2008	0.9741
91.9658	8.4955	0.9593
91.6122	15.942	0.8579
98.1761	1.6973	1.0
84.1408	16.8678	0.7815
90.3501	8.6775	0.9465
85.6029	11.4988	0.9313
96.9046	2.8428	0.9973
93.4672	5.0825	0.9909
82.2849	10.4862	0.8692
97.6637	2.6011	1.0
93.7241	10.7653	0.9388
94.7484	10.1269	0.9276
67.7755	25.4051	0.5556
93.0304	5.5322	0.9933
85.3296	15.258	0.8154
95.8913	5.2121	0.9921
94.1182	10.4054	0.9218
97.1337	2.6355	1.0
85.5797	14.9142	0.8247
94.2741	11.5337	0.9275
83.6314	14.3713	0.6814
89.6352	16.605	0.8525
92.4457	13.5487	0.9419
86.6594	8.1557	0.9596
94.6211	7.4199	0.9697
71.9729	17.9945	0.4706
90.4462	8.5234	0.9533
84.5114	14.4006	0.7051
91.9436	10.4357	0.9471
80.028	20.6804	0.7958
83.0955	11.9625	0.8934
97.125	3.7313	0.9926
92.2996	5.9896	0.9795
94.5238	5.074	0.9872
91.7177	12.8251	0.9319
86.7772	7.8149	0.9192
87.9901	8.0571	0.9613
92.2498	11.7593	0.9266
89.2645	10.506	0.9413
95.1896	9.091	0.9646
94.7081	4.2331	0.9944
85.1174	12.8981	0.8279
90.5362	13.9451	0.9032
79.6313	15.1308	0.7661
93.6425	7.2913	0.9778
97.4212	2.7919	0.9972
96.1548	5.521	0.9907
97.3054	3.2966	0.9961
93.5763	5.3271	0.9833
90.0153	14.9787	0.8429
86.0602	19.1261	0.8172
97.7398	1.6697	1.0
80.906	12.335	0.8176
91.675	10.5085	0.9699
88.636	10.4124	0.9172
75.1133	19.577	0.7044
93.5504	8.5553	0.9554
90.6695	11.3354	0.9521
89.972	14.577	0.8683
88.2256	7.7262	0.9714
95.2592	4.9923	0.9831
91.0439	9.6751	0.9333
92.66	6.805	0.9697
82.2246	9.3095	0.8913
98.2355	2.7145	0.9962
84.2923	17.8081	0.7615
86.1777	9.7263	0.93
90.6401	7.9282	0.9539
96.8342	5.9154	0.9858
96.6711	4.6978	0.9935
90.9211	18.6002	0.9025
87.4488	15.6529	0.7692
97.5222	3.2353	0.9968
61.3578	22.4209	0.4068
95.4235	6.3665	0.9784
86.3697	10.5654	0.9319
80.9246	14.1819	0.8602
90.0049	15.2081	0.8438
88.4551	9.7698	0.948
96.0601	2.4768	1.0
92.2899	9.8306	0.9657
95.4116	8.1709	0.9745
80.0938	20.694	0.6786
84.4178	12.5907	0.8648
80.1026	13.2575	0.8053
95.8987	7.5781	0.9673
89.4218	18.7361	0.9014
96.5592	5.5718	0.9906
90.7339	12.0505	0.9348
89.964	7.832	0.9643
80.4078	12.8367	0.7953
91.6917	9.3762	0.9499
89.3129	13.3101	0.9116
86.2101	6.5296	0.9754
91.1426	11.2999	0.9254
85.5362	14.5138	0.8618
85.4974	9.7398	0.9284
88.3627	14.5404	0.916
96.2435	6.7387	0.9767
64.7623	11.3563	0.4027
91.9029	9.5405	0.9569
86.3109	13.0953	0.9195
81.6469	15.8498	0.8286
91.954	8.5221	0.9583
96.1321	5.9572	0.988
91.6459	12.8623	0.9188
90.9204	15.5081	0.8816
86.2695	17.5122	0.8503
96.6609	2.7504	1.0
87.2676	8.5227	0.9524
97.0123	4.0797	0.9932
70.5176	3.6997	0.619
87.4759	13.8656	0.9061
85.6887	10.7481	0.9097
91.7529	8.5972	0.9167
98.6938	0.6383	1.0
97.1313	2.615	1.0
92.5584	11.3314	0.949
88.9766	15.5832	0.8486
86.3533	15.7527	0.8727
92.3	16.0713	0.9027
89.2363	13.8604	0.9173
78.3699	15.092	0.6667
96.4389	5.1828	0.9946
66.6977	9.8539	0.3936
87.7808	14.9708	0.9196
94.6977	5.1532	1.0
95.0143	9.1206	0.975
96.632	5.1932	0.9977
79.9981	23.5626	0.7246
94.4094	12.1443	0.9454
86.3194	9.6856	0.9244
78.8465	16.7305	0.587
96.6479	4.3988	0.9938
96.2693	9.1918	0.9697
95.4283	11.1859	0.934
97.5671	3.5742	0.9938
74.1694	12.7586	0.621
93.0292	10.4827	0.9567
96.7908	3.0869	0.9971
95.5861	5.8874	0.9965
92.5313	10.8787	0.9593
90.5955	13.233	0.8599
97.8269	1.6254	1.0
95.7759	3.8333	0.9968
88.3793	13.4098	0.9117
76.9876	21.8037	0.7778
89.0555	12.358	0.9233
94.0926	12.1592	0.9273
93.8854	9.9386	0.9586
94.2693	12.8006	0.9368
58.3398	6.4165	0.0
91.0905	14.5327	0.9192
81.239	17.2758	0.8502
75.4882	6.1002	0.7857
94.5154	4.6652	0.991
56.5473	3.676	0.0
90.3101	10.0374	0.9474
90.3547	13.5878	0.9375
91.5897	10.8637	0.9221
75.8784	17.1719	0.6592
95.6317	5.4063	0.9891
90.6951	9.4636	0.9423
95.9839	3.77	0.9972
88.4556	11.727	0.9267
95.8805	5.8674	0.9895
89.8898	9.88	0.9252
94.1646	9.607	0.967
91.8204	9.8912	0.943
94.1285	9.063	0.9738
76.6624	7.7038	0.8088
88.0276	5.6151	0.9837
91.4219	12.1493	0.9286
87.1511	15.5408	0.8165
84.1003	14.9438	0.8487
95.6714	4.7595	0.9944
96.4145	4.5877	0.9929
85.8026	12.1528	0.8834
95.8187	4.3932	0.9908
96.2636	3.2168	1.0
94.2574	6.2667	0.9894
95.484	7.148	0.9802
96.4559	3.0627	1.0
96.8174	6.9148	0.9867
95.4669	4.8878	0.993
97.6602	2.5734	1.0
95.5611	5.8884	0.9824
90.9161	9.3318	0.9394
92.1221	7.512	0.9741
92.4158	6.3528	0.9909
90.8557	16.7899	0.8657
88.9838	16.0766	0.8961
98.2767	1.1986	1.0
89.0559	11.4788	0.9441
91.4889	10.4692	0.922
93.8473	4.8457	0.9889
87.5931	15.3157	0.8537
94.1069	6.7817	0.9916
85.9658	13.2932	0.8892
89.9419	9.6093	0.9412
91.4658	9.1492	0.9735
90.7454	10.2295	0.9348
89.9049	8.287	0.9628
70.4117	11.3976	0.619
94.2417	3.6881	0.9915
94.6352	6.1754	1.0
80.2686	11.2515	0.7767
92.0004	6.5139	0.9753
91.8499	12.0696	0.9205
80.6491	21.1581	0.7353
95.181	9.2313	0.9709
96.8937	3.4163	0.9974
90.6895	8.2066	0.9431
94.273	8.3318	0.9752
95.6577	8.8576	0.975
96.1949	4.5829	0.9926
94.3238	10.7363	0.9542
93.935	8.9382	0.9722
97.96	1.5436	1.0
90.3918	10.5471	0.9346
92.9019	5.5347	0.9957
94.1096	8.9327	0.9713
96.9179	2.7767	1.0
92.6853	10.8751	0.9559
90.3577	7.2263	0.9722
75.9582	19.821	0.6107
66.5098	26.5098	0.5207
95.0749	7.2328	0.9719
92.4592	10.7192	0.9545
87.4368	14.2155	0.8808
95.7349	4.8969	0.9933
90.9339	12.4915	0.943
92.7931	8.3688	0.9651
88.2094	11.0633	0.919
95.1526	6.3326	0.9831
87.2864	6.7311	0.9794
93.4339	6.8312	0.9763
83.9256	8.6797	0.899
95.2671	5.9393	0.9706
76.5059	11.8517	0.6835
96.514	6.7947	0.9808
63.6588	10.7031	0.3871
54.1125	22.7283	0.2992
90.3646	8.7354	0.9446
87.2397	11.2938	0.9134
65.4557	22.4847	0.4426
98.2619	1.1359	1.0
95.2561	5.8583	0.9883
86.3539	14.5279	0.8671
96.8949	3.8256	0.9976
95.0827	6.7573	0.9854
95.2495	3.474	1.0
87.2066	16.3284	0.8951
88.5375	8.6502	0.95
89.1989	9.1709	0.9734
86.3006	13.7239	0.9232
96.9949	4.4197	0.9898
78.172	16.1959	0.7803
97.1603	2.4714	1.0
95.5478	6.1438	0.9868
90.8283	7.4679	0.9754
96.4551	2.229	1.0
82.06	15.9146	0.8083
91.292	10.391	0.9465
97.5713	2.2512	0.998
97.9227	5.6673	0.9907
89.1153	10.6253	0.9322
84.4677	12.3898	0.913
71.5843	12.8502	0.4815
98.0095	1.1575	1.0
75.7966	22.1832	0.6209
97.3694	5.1262	0.9917
93.7356	12.2889	0.9468
53.9151	2.6885	0.0
92.1247	8.713	0.9655
86.2526	12.1668	0.9087
95.0506	5.2871	0.9903
87.68	8.2791	0.9296
93.4597	5.6342	0.9961
90.5594	10.4459	0.9547
94.7469	6.3683	0.9895
82.6612	15.5939	0.8705
89.3094	16.6855	0.8765
93.7168	6.3547	0.9828
93.529	7.1895	0.9736
96.4856	3.6896	1.0
91.8808	5.9698	0.9886
91.8637	8.2174	0.971
89.3977	13.8767	0.9142
90.6431	9.4546	0.9591
98.0721	1.6174	1.0
65.6119	15.31	0.3686
96.2442	5.2809	0.9844
89.8228	10.5815	0.9216
96.5371	4.1687	0.9909
91.0582	13.6707	0.9121
92.3573	13.076	0.9413
90.3044	11.945	0.895
87.2048	5.1676	0.9891
92.1177	7.823	0.9774
88.6252	5.5567	0.9859
91.4522	10.7673	0.9377
93.0755	10.2365	0.9574
87.582	10.0614	0.9403
96.1128	2.7549	1.0
76.4504	19.6299	0.6702
48.6436	5.8641	0.0
86.9476	17.0277	0.8516
93.3208	10.8804	0.9512
90.0782	12.0897	0.9207
92.9144	6.0577	0.9888
88.7254	7.5884	0.9615
89.7127	11.103	0.9231
92.1905	7.7764	0.9801
83.8585	8.0986	0.9353
93.0794	6.3773	0.9794
97.685	1.8853	1.0
97.5791	2.6008	0.9946
94.8081	9.2335	0.9735
78.1487	15.3298	0.802
84.3904	10.6517	0.8442
94.3481	6.1107	0.9879
91.716	9.7735	0.94
97.8895	4.2764	0.9951
95.797	3.9524	1.0
96.5796	3.0924	0.9964
90.5124	14.7919	0.8835
93.5129	8.7718	0.9647
91.4477	10.823	0.9124
89.7896	15.4176	0.8882
95.4388	5.3731	0.9947
87.2289	10.7872	0.9286
96.2505	6.3608	0.9875
94.9383	6.7645	0.9867
90.6554	12.1006	0.8889
96.2991	4.8661	0.9949
93.5876	7.2453	0.9632
96.3257	4.6555	0.9931
83.2094	17.4232	0.8709
96.0829	4.2289	0.9897
76.9285	13.5717	0.6782
86.8947	13.027	0.88
87.6782	13.8521	0.891
92.9154	7.1908	0.9738
97.0738	2.6453	1.0
95.2823	8.0772	0.9744
89.926	9.5601	0.9495
88.6964	14.9788	0.9157
89.7334	9.6603	0.9342
81.8139	10.6508	0.75
93.6211	7.2801	0.9795
79.8264	22.5822	0.806
79.423	8.2667	0.8889
97.7177	3.1826	0.9972
88.7999	8.7478	0.9571
95.0149	5.0881	0.9973
93.5227	7.1512	0.9805
89.4313	5.6965	0.9948
90.1104	10.1816	0.9191
78.7624	17.7941	0.7197
84.358	11.1745	0.8173
89.9362	10.4651	0.9704
78.4666	13.192	0.7778
92.3735	6.933	0.9747
95.4818	1.5447	1.0
26.2058	2.4739	0.0
79.8875	16.9569	0.7687
94.5876	10.1503	0.9408
88.8079	9.5564	0.9583
76.3623	15.1056	0.6786
88.2453	13.0455	0.8942
91.8865	9.6502	0.9561
91.8394	8.9744	0.9646
90.7902	10.2186	0.9373
71.0809	20.6943	0.5258
94.471	4.6826	0.9851
73.1379	18.0549	0.6256
96.5921	4.3957	0.9951
91.7517	7.45	0.9444
86.9818	14.5378	0.7719
95.3642	4.9361	0.9908
95.6361	5.0545	0.9932
90.5593	3.7572	1.0
95.2097	7.4004	0.9627
92.7665	10.2568	0.9617
74.3731	17.0692	0.5085
86.8404	10.0724	0.9309
85.4644	21.1462	0.8158
89.1154	14.6135	0.9161
94.9785	4.4554	0.9961
91.296	9.4074	0.9658
91.9025	14.5887	0.928
89.4909	14.5305	0.9211
87.8412	12.553	0.8944
91.6579	16.8331	0.9085
90.2973	5.6603	0.9792
89.6145	8.2225	0.9543
85.7989	9.8038	0.9175
92.4233	9.0893	0.9336
85.4931	10.6394	0.9157
97.3318	2.957	0.9969
91.2749	12.8556	0.9279
97.4727	2.7674	1.0
94.6041	7.232	0.9727
88.7687	20.0046	0.8627
96.1933	5.6293	0.9797
82.2177	16.748	0.7603
97.907	2.6349	0.9977
98.5298	1.0791	1.0
77.8217	22.4246	0.6627
96.4852	3.2451	0.9938
95.4375	6.7054	0.979
95.2209	5.4782	0.9835
87.8331	8.863	0.9375
94.4662	4.8151	1.0
90.3533	9.9355	0.9644
79.4919	6.2416	0.9048
84.3807	16.2033	0.8333
86.532	13.4093	0.8152
86.4523	14.0849	0.8521
92.0005	12.0361	0.9298
79.1478	19.9673	0.7898
91.3836	10.6317	0.9436
96.1135	4.5147	0.9955
97.7838	1.9496	1.0
77.8203	20.972	0.7186
94.3692	5.7316	1.0
93.5097	5.8353	0.9872
88.5182	8.7061	0.9589
98.1623	2.8272	0.9968
96.7248	3.8208	0.9962
94.0066	11.73	0.9516
95.7397	9.8887	0.9631
92.3101	11.1302	0.9353
93.2657	9.525	0.9429
92.4378	14.2991	0.9231
93.987	11.028	0.9609
91.3046	14.8995	0.9328
90.9994	8.8574	0.9491
76.9989	7.6761	0.7826
91.0614	12.4523	0.9184
74.0986	19.7154	0.7164
94.7503	5.5726	0.98
81.261	13.235	0.7143
92.5014	14.7012	0.8893
86.9821	8.8947	0.962
90.5286	11.7656	0.9163
92.3433	10.4145	0.9159
89.1148	15.3436	0.8837
90.9827	8.6715	0.9615
88.0995	11.3115	0.9411
87.473	18.4174	0.8626
86.3655	8.1482	0.94
91.4465	7.2633	0.9753
80.611	11.1211	0.8068
95.4053	5.8718	0.9903
86.3171	9.427	0.9252
97.6016	1.7014	1.0
88.3151	13.1616	0.9289
95.0085	7.9036	0.9648
86.9939	10.2694	0.9372
92.4786	8.0181	0.9694
81.9389	7.2341	0.9247
87.5444	6.7703	0.9659
90.2144	8.2433	0.9636
92.1759	12.9078	0.91
94.8195	7.442	0.9792
95.0132	5.2167	0.9948
88.3888	10.7664	0.8964
51.4624	13.4375	0.0608
89.292	9.5152	0.9566
95.3303	5.6739	0.9874
87.5651	13.1976	0.8983
88.3681	7.7852	0.9646
90.7662	7.0263	0.9832
84.5055	7.7473	0.973
81.4147	8.9974	0.8947
93.5217	9.3285	0.9457
93.2413	4.1541	0.9951
96.3757	5.0968	0.9888
85.8959	9.5471	0.9365
94.5796	7.6745	0.9598
98.0389	2.2398	0.9979
84.6998	19.6278	0.8033
90.4716	10.5244	0.9327
95.6275	9.7325	0.9444
98.0883	2.5828	0.998
79.2456	17.9134	0.7317
83.7134	13.2946	0.8252
88.7807	9.2762	0.9286
96.6349	3.1767	0.996
95.2463	8.4083	0.9641
89.9119	13.1828	0.9134
95.7763	3.3775	1.0
97.2714	4.0348	0.9959
97.0732	2.9533	0.9951
97.2019	3.0706	0.9958
92.426	3.3052	1.0
67.1633	20.3371	0.4295
95.3042	6.637	0.9786
73.3138	9.591	0.5417
80.5008	15.866	0.7347
82.4651	13.045	0.8614
66.9294	16.1152	0.4706
96.2178	3.2756	0.9963
94.1239	10.9939	0.9563
87.4225	12.4531	0.9322
97.1195	2.5648	1.0
85.2014	12.3197	0.803
88.2454	15.3918	0.8827
90.3897	13.1071	0.9261
87.4148	9.5068	0.9187
84.9777	13.632	0.8783
44.312	10.2699	0.0
95.4621	8.2752	0.9811
93.6132	6.1631	0.9865
86.46	12.3978	0.9001
97.1423	3.7252	0.997
75.3629	13.8493	0.7368
94.656	7.2607	0.9823
85.6779	13.0074	0.8571
71.6685	14.1647	0.5942
97.2221	4.1408	0.9898
80.3009	15.2315	0.814
65.7255	7.9278	0.303
73.8021	16.9477	0.7037
83.4881	13.7338	0.8247
83.161	8.4149	0.9573
61.0318	9.8759	0.2239
94.2578	5.6763	0.9916
88.9143	16.1591	0.8353
97.5196	2.295	1.0
67.8325	10.5976	0.5085
61.7097	17.5307	0.428
96.9901	4.0815	0.9971
77.1049	23.7506	0.6125
96.335	10.488	0.9718
86.9116	11.1509	0.9073
89.2534	14.2996	0.875
88.5159	10.5954	0.9106
93.7492	8.8547	0.9755
91.2759	5.3136	0.9926
93.6888	11.9082	0.9573
81.07	15.0332	0.7395
97.0376	3.1431	0.9955
85.9111	11.3627	0.9098
93.4616	8.794	0.9709
83.8062	12.2802	0.8606
69.5559	11.0869	0.4815
69.6972	19.0753	0.48
88.8662	9.1571	0.9511
92.9427	12.0252	0.9411
96.6151	5.4607	0.9868
95.8492	6.6072	0.9922
91.4477	12.6646	0.9338
97.4281	3.9543	0.9898
95.0416	6.1303	0.982
76.5711	14.0172	0.6484
98.4574	0.8917	1.0
84.7236	12.9251	0.7907
85.8268	15.5606	0.8933
92.744	12.5366	0.9527
97.2288	4.5666	0.9895
79.8402	22.68	0.7677
94.4648	12.5769	0.926
94.2261	10.8888	0.9299
75.8341	9.5633	0.625
74.2483	13.5832	0.6314
92.4689	10.1795	0.938
83.242	12.9437	0.849
94.736	6.0621	0.9729
94.2547	6.7275	0.9831
90.7986	6.5113	0.9739
94.7122	7.6476	0.9774
95.786	3.7638	0.9961
97.8806	4.7193	0.9888
94.0783	8.0207	0.974
97.708	3.4936	0.9974
95.0082	12.0478	0.9423
87.035	10.4163	0.8947
92.0831	10.5415	0.9579
86.1754	13.0317	0.8962
96.6211	1.8145	1.0
82.3671	8.3332	0.9143
97.4396	2.6313	1.0
97.3493	2.4115	1.0
91.3692	9.0599	0.9511
87.1336	9.5425	0.9365
96.5777	3.2577	0.9959
96.0511	4.9577	0.9852
74.0596	14.2973	0.6961
88.8271	13.9505	0.9049
91.1454	13.6894	0.8927
96.852	7.1477	0.9774
88.5618	14.2571	0.9198
85.9935	12.2193	0.9178
96.775	6.0172	0.987
76.4192	16.9323	0.6213
86.0331	15.5658	0.8581
94.9937	8.2126	0.9718
90.4443	15.497	0.9182
95.7856	4.9354	0.9948
72.9	24.5464	0.6667
96.0212	4.0809	0.9924
92.4887	12.7767	0.9224
94.3742	7.0753	0.9727
94.9199	9.7648	0.9454
82.9029	14.4364	0.8589
91.6341	12.178	0.9369
68.6459	11.4468	0.4217
89.0571	10.4088	0.9378
80.7404	9.1483	0.8702
87.1531	16.8708	0.851
90.1051	6.51	0.9855
94.3048	6.8704	0.9766
94.8452	6.2615	0.9879
89.7897	13.1316	0.8795
94.3091	6.1742	0.9796
92.725	14.1573	0.8997
94.158	7.292	0.9596
89.5512	12.6064	0.8739
98.0849	1.198	1.0
80.9469	16.09	0.8075
87.9994	7.0396	0.9897
89.0012	8.3749	0.9487
87.6353	13.8102	0.8898
85.004	13.3372	0.8969
97.4799	2.4472	1.0
95.545	10.971	0.9669
96.7995	5.0917	0.9895
79.2403	15.8715	0.7468
95.3486	7.5199	0.9639
95.8743	3.7114	1.0
98.5388	1.0592	1.0
90.435	9.2958	0.9511
96.1463	10.3501	0.9712
94.3231	12.6724	0.9346
85.5246	18.6742	0.7739
95.7809	6.8629	0.9848
80.2482	16.7947	0.7959
90.2796	10.7456	0.9545
92.83	13.4543	0.9398
90.2066	7.8235	0.9474
86.8367	11.723	0.9205
93.9142	4.7629	0.9916
98.4056	0.9083	1.0
90.549	10.5787	0.9461
88.9389	10.9553	0.9505
92.8893	6.7507	0.9761
92.821	9.162	0.9693
92.1801	11.4994	0.916
92.6287	9.9164	0.9748
90.0233	9.194	0.9715
77.1778	25.977	0.7425
82.715	15.3749	0.7295
81.1057	13.0463	0.766
85.3144	13.9595	0.8429
90.0472	7.6477	0.9746
92.3575	7.4991	0.9712
82.3442	19.2287	0.8377
95.3076	6.8034	0.9817
95.8785	3.42	0.9991
87.188	12.4081	0.9164
86.5993	8.3106	0.9596
82.6316	14.2942	0.7929
96.6118	3.4618	0.9965
89.0713	10.5373	0.9161
76.7031	14.9561	0.709
95.1057	7.5563	0.9716
87.8334	11.83	0.8696
73.8346	16.8524	0.6517
75.7176	18.5345	0.5021
89.7628	8.4409	0.9664
85.6096	19.3014	0.8039
90.8765	18.6269	0.9
89.6239	9.3626	0.9365
91.4532	8.5538	0.9585
88.0066	11.6215	0.9414
96.9573	2.7309	1.0
90.4726	14.5054	0.9385
84.3816	13.3951	0.7838
88.1845	14.5921	0.8163
62.8136	18.8002	0.3568
94.4719	12.0375	0.9179
90.8412	9.0959	0.9657
95.8267	2.2811	1.0
86.8826	13.0931	0.8836
95.9465	6.9803	0.9751
79.4526	8.3457	0.8293
89.8175	11.5776	0.9142
86.5248	12.842	0.8182
91.0065	11.8975	0.9005
83.207	20.4287	0.7514
93.7034	11.9051	0.951
90.5767	10.7915	0.9412
89.7689	14.1887	0.916
96.7635	3.662	0.9935
94.6923	5.2054	0.9909
86.6586	10.0926	0.9439
95.221	6.298	0.9847
88.4946	15.9219	0.9057
94.4006	13.0612	0.921
86.6122	14.8051	0.9312
94.4869	4.7152	1.0
94.3158	8.2924	0.9771
92.724	14.8312	0.9173
84.0531	11.0094	0.9162
96.3299	7.5464	0.9701
95.2923	8.2174	0.9725
78.3348	19.7887	0.7593
96.6873	4.4196	0.9881
88.2074	17.4972	0.8341
97.7954	1.8855	1.0
95.3787	4.3323	0.993
84.6275	17.8089	0.8152
88.0736	14.9865	0.9004
87.906	16.7011	0.8581
95.1665	4.7614	1.0
95.9906	4.0824	0.9938
89.3382	16.4416	0.8468
97.2501	3.1616	0.9975
98.0019	3.7183	0.9952
95.8048	4.4608	0.9963
61.1598	7.1651	0.1064
92.6039	12.3678	0.9291
93.4993	7.117	0.9798
89.7417	15.7053	0.8828
96.299	3.3188	1.0
89.7572	13.8785	0.8739
96.3829	4.5442	0.994
70.1692	11.1589	0.5368
95.3362	11.2756	0.9348
90.496	14.4494	0.9082
69.8292	22.0362	0.6269
94.776	8.064	0.9714
90.1102	9.0652	0.9715
94.6693	9.2634	0.9585
88.7422	13.8417	0.9199
94.2223	5.2999	0.9895
86.6879	14.3522	0.9005
80.219	17.8707	0.6915
89.4347	8.9438	0.956
95.5879	4.4004	0.9969
94.9726	7.0354	0.9875
97.3195	1.9952	1.0
89.1162	8.1853	0.9708
93.0104	8.8111	0.96
92.1448	14.1586	0.9272
91.0506	7.2615	0.9839
89.9255	13.1035	0.8762
86.59	12.9574	0.8468
81.7848	10.0155	0.8647
92.588	12.2192	0.9514
93.4309	14.5709	0.9417
75.571	10.9731	0.6806
93.6132	6.8869	0.9828
95.8114	4.4146	0.9914
88.2922	15.3728	0.852
88.0109	9.6923	0.9524
97.1234	4.5624	0.9942
95.6164	6.495	0.9878
93.2826	10.5308	0.9545
54.6809	9.0356	0.0396
94.7443	5.9472	0.984
96.4372	4.6321	0.9927
68.4185	14.0474	0.5745
94.9038	7.9017	0.9811
89.2108	15.1525	0.8984
93.7862	9.1184	0.9519
85.8587	10.5826	0.916
88.2213	13.7699	0.9336
94.6239	6.1697	0.9907
82.4037	15.1077	0.8473
87.2227	13.0638	0.9315
67.6533	10.5579	0.5571
96.0069	3.7342	1.0
86.3925	15.9643	0.8801
96.0324	6.0592	0.9903
91.672	7.1781	0.9797
87.3989	10.5423	0.9182
94.268	6.1584	0.9856
91.0865	5.8826	0.9855
97.7816	2.2723	1.0
94.7545	8.2984	0.9624
90.9808	8.6814	0.9643
91.9087	15.0411	0.9107
93.6877	14.8391	0.9399
89.6669	14.4483	0.9021
95.9744	4.9198	0.9863
91.8908	7.4636	0.9608
81.4379	20.3949	0.7244
85.428	19.7263	0.7956
86.6695	10.8319	0.9323
87.8077	10.417	0.9137
97.4353	5.4996	0.9908
88.2768	10.8584	0.8894
86.849	9.3107	0.9276
91.1373	6.1481	0.9873
72.7442	11.2012	0.5874
69.4487	10.7703	0.4891
83.5775	19.2449	0.8216
87.4754	14.6981	0.8404
60.2512	13.029	0.1373
86.2476	16.5955	0.8583
91.5648	5.9783	0.9831
90.7281	7.5855	0.9762
93.7014	6.6674	0.9856
95.5885	4.0993	1.0
96.2101	3.5301	1.0
92.5063	9.1796	0.9679
92.9988	6.6703	0.9769
94.1496	7.3041	0.9829
95.8878	6.421	0.98
82.7725	11.6952	0.882
97.3099	2.8851	0.9969
93.4323	13.3009	0.9112
97.6676	1.5653	1.0
92.4194	6.7884	0.9701
95.8413	4.7915	0.9891
96.8051	3.5595	0.9975
92.6658	11.4658	0.9259
93.9032	6.6415	0.9706
82.7543	11.8592	0.853
95.8176	4.0355	1.0
87.4882	9.6205	0.9412
95.7051	6.6949	0.987
87.7144	8.5604	0.931
96.3101	4.7393	0.9973
91.2539	9.6697	0.9324
66.4817	14.0065	0.5
92.04	13.1398	0.9245
88.6298	7.4839	0.9638
83.2618	15.2549	0.8625
90.5857	8.6298	0.9607
62.8833	7.9978	0.193
90.1157	13.8984	0.8768
82.9883	17.5352	0.8227
96.6734	3.6692	0.9971
96.5215	6.2971	0.9813
95.6753	5.4107	0.989
79.672	20.4743	0.7732
91.826	11.52	0.927
70.3012	8.0379	0.4211
66.4921	13.0393	0.4495
98.2127	0.9403	1.0
91.4384	11.8905	0.9519
95.4292	8.0335	0.9718
92.4633	7.8676	0.9816
96.1652	4.7569	1.0
91.8355	7.3399	0.9707
69.1042	7.9592	0.5161
78.9861	14.9248	0.6612
75.2182	13.3097	0.6425
88.252	11.494	0.9144
93.2478	6.126	1.0
96.9491	2.6438	1.0
86.8849	14.172	0.864
96.1751	5.9911	0.9789
90.6826	12.2361	0.8496
95.0585	9.0083	0.9678
71.9332	19.1541	0.5463
93.1179	8.9129	0.9527
91.1995	12.4414	0.9465
63.2776	19.7112	0.3954
94.2811	8.3724	0.9778
94.6645	7.7683	0.9765
93.2939	10.0189	0.9366
83.7221	21.8288	0.711
95.1681	3.5724	1.0
91.773	8.8407	0.9667
94.3419	4.6753	0.9953
96.2208	3.5924	0.9943
87.719	14.2556	0.9234
93.4022	6.5304	0.9961
88.9665	15.4923	0.8516
96.1699	4.1894	0.9933
96.9214	3.9978	0.9951
95.3132	10.194	0.9628
92.3515	8.2273	0.9583
85.6036	11.9173	0.9039
86.1211	13.6133	0.8374
93.1767	10.8737	0.9494
93.3946	12.487	0.9021
93.5721	8.5931	0.982
95.2884	5.8244	1.0
85.1661	12.3145	0.8799
93.6721	8.716	0.9743
77.546	16.0574	0.6667
90.4648	13.0302	0.9122
94.4593	12.5572	0.9318
90.6706	17.21	0.9107
87.6796	11.1101	0.9301
97.7765	2.7285	0.9949
84.9447	11.1938	0.9088
70.6108	19.264	0.5163
87.1045	15.8738	0.8753
90.0282	16.5536	0.8898
93.037	9.6884	0.9646
98.6547	0.7322	1.0
86.9053	14.5028	0.8855
93.6782	6.8678	0.9857
86.242	14.0876	0.7982
90.5794	10.0878	0.9429
92.5322	10.2676	0.9545
87.6549	13.8161	0.8674
90.7515	11.1897	0.9325
95.8935	6.7805	0.9769
95.9867	5.3023	0.993
93.9641	9.4607	0.9492
90.2435	11.8465	0.9227
92.6396	14.424	0.9093
95.1082	9.7592	0.9645
97.204	2.7192	0.9979
92.0658	11.4429	0.9247
89.314	11.0672	0.9263
96.5027	4.2684	0.9958
94.0869	5.3623	0.9884
93.2257	11.8466	0.9587
94.7663	6.7555	0.9806
97.1908	3.0773	1.0
79.565	17.6553	0.6857
89.7648	9.3005	0.956
92.8235	8.6763	0.963
95.6192	3.8002	1.0
97.4984	4.6902	0.9867
94.1878	7.3833	0.9812
92.2325	9.3766	0.9684
92.3582	7.7442	0.9693
93.3286	7.1357	0.9655
88.9935	8.46	0.9627
92.5277	6.4416	0.9897
94.1178	9.4704	0.9615
91.5059	10.1352	0.9532
90.9023	5.3887	0.9903
93.3303	7.0451	0.9751
88.7055	10.2904	0.9341
96.2713	4.9793	0.9856
97.6593	5.8591	0.984
94.5495	9.3478	0.949
94.4308	7.6162	0.9619
89.97	9.8413	0.9587
86.5881	13.8763	0.8672
93.3022	3.2025	1.0
93.4405	7.1551	0.9703
87.0591	12.6858	0.897
88.6053	17.905	0.8803
88.8307	7.7156	0.9709
85.8792	10.0682	0.938
87.9288	11.064	0.9214
96.5783	3.2455	1.0
79.1518	19.8739	0.7041
92.6105	3.7459	0.9848
96.0206	5.4076	0.9873
87.7455	10.8775	0.9235
85.3859	15.0552	0.8333
97.1337	2.3448	1.0
81.5566	10.3077	0.9044
88.2293	16.8967	0.8182
74.9016	7.0767	0.9474
97.4911	4.0317	0.9939
96.4372	3.3814	0.9956
92.8821	7.7814	0.9786
82.2718	17.4763	0.824
96.135	3.5197	1.0
91.3258	12.2622	0.9286
71.7865	10.9326	0.6
88.6112	13.1543	0.912
97.3767	6.1461	0.99
90.5676	8.0889	0.9643
87.4111	13.5218	0.8743
91.7587	5.0905	0.9967
51.21	12.5802	0.1429
74.3633	17.5949	0.6983
91.2949	10.3108	0.9744
86.7259	16.6973	0.8556
94.5849	7.5614	0.966
96.5507	3.1998	0.9983
66.0905	17.0147	0.4481
97.8105	2.3128	1.0
80.916	14.6479	0.7833
96.2822	3.9359	1.0
96.9036	4.6722	0.9938
94.1933	12.2559	0.9154
83.4277	13.5464	0.9053
97.6519	4.8311	0.9901
90.0708	9.7968	0.9576
52.5632	4.4813	0.0
90.9167	8.1368	0.965
76.3008	14.0499	0.686
81.1553	19.1004	0.8089
95.4372	4.0449	1.0
91.238	14.3146	0.9143
87.8813	10.3542	0.9179
92.6703	8.1695	0.9589
91.4067	9.7676	0.9469
87.6642	10.1776	0.9381
90.7854	13.2365	0.8912
90.0705	9.1701	0.9272
73.3528	14.6627	0.46
95.8054	4.2864	1.0
85.8212	8.3224	0.9341
69.2847	19.2512	0.5911
89.4211	19.2864	0.8753
93.9216	6.4822	0.9932
94.9092	8.8119	0.9659
92.8627	7.9981	0.968
97.6925	1.7127	1.0
95.0689	9.2467	0.9615
96.0419	7.6217	0.9715
87.4885	10.8035	0.9381
95.0195	2.9197	1.0
92.3487	8.0615	0.9583
88.8611	15.4389	0.9051
91.0759	9.1484	0.9398
86.5273	14.4215	0.8671
85.3155	14.0348	0.8649
96.9395	5.255	0.991
95.7359	3.8733	1.0
85.8306	12.6003	0.8659
87.0155	9.7134	0.9015
86.4872	13.5913	0.8919
96.4818	3.889	0.9963
96.4065	5.0235	0.9917
88.0611	6.0829	0.9688
91.1374	11.8677	0.9324
87.3476	12.2523	0.9296
87.9065	12.2867	0.926
92.1713	5.9276	0.9881
96.4718	3.4406	0.9954
89.0364	5.8835	0.9888
94.5975	5.6925	0.9896
91.153	11.722	0.9277
84.2484	13.3856	0.866
96.1287	3.2977	1.0
93.265	5.1587	0.9903
96.0224	10.7305	0.9512
95.1229	4.1823	0.9951
93.8177	9.268	0.9614
75.3714	10.3895	0.7576
86.7759	14.7542	0.867
87.57	9.7187	0.9438
73.0533	25.816	0.5674
90.4882	17.5197	0.9016
88.7487	6.9567	0.9724
90.0323	9.5697	0.9676
96.1506	5.4269	0.9845
96.8385	2.8948	0.9975
95.9393	6.0859	0.98
92.0486	8.0519	0.9664
74.4666	13.6341	0.6125
97.8316	1.706	1.0
75.1522	10.5028	0.75
87.5627	12.7613	0.8995
94.8049	8.6857	0.9755
87.1595	10.7279	0.9342
94.0516	10.4127	0.9667
92.9759	7.8694	0.981
79.4001	7.4952	0.8835
87.5784	8.5333	0.9513
89.4965	8.2117	0.9735
88.1302	12.3409	0.8897
91.7489	9.8359	0.9541
93.0693	14.6662	0.9211
88.9	7.3901	0.9722
82.7439	9.7709	0.8806
91.5043	6.1427	0.9925
89.4936	11.2529	0.9314
96.1096	4.3811	0.9916
96.6172	2.2099	1.0
85.6488	11.9501	0.9163
84.1335	16.5577	0.8454
95.0404	7.429	0.9761
96.2794	3.8067	1.0
97.8874	2.1226	1.0
90.8742	11.4491	0.9357
92.329	8.9151	0.9567
94.4333	6.2667	0.9779
75.5111	16.3628	0.6498
87.6372	10.6226	0.9333
97.9456	1.6462	1.0
94.8364	9.7041	0.9451
98.2929	1.7526	1.0
88.6733	14.411	0.8735
84.0559	13.442	0.8883
93.5146	9.4982	0.9628
67.6008	6.4573	0.3462
92.3764	10.2508	0.9493
96.8719	4.7162	0.9861
80.7472	13.3654	0.8374
95.6376	4.5888	0.9974
92.8392	10.5496	0.9502
86.8626	14.327	0.896
94.0169	6.2347	0.9844
95.2909	5.5629	0.9927
90.2327	9.4857	0.9407
95.6869	5.0262	0.9907
94.5795	10.2665	0.9621
85.8868	10.8176	0.9292
95.6595	4.8381	0.994
97.3656	4.1932	0.9934
93.9347	14.3274	0.9317
66.0591	16.9252	0.3333
77.6122	11.1618	0.764
95.9743	8.0294	0.97
85.7454	15.9343	0.8412
96.3522	4.4761	0.993
92.5125	8.7708	0.9619
96.0955	3.5686	1.0
84.29	6.8256	0.9565
91.221	12.1664	0.9523
94.7393	6.8365	0.988
93.3606	10.2524	0.9745
91.9844	13.9456	0.9289
88.7792	12.6333	0.8873
86.4844	7.7466	0.963
75.9803	16.1432	0.5222
85.3994	16.5729	0.811
97.3752	4.4084	0.9936
82.4803	13.7732	0.84
95.1007	4.0386	1.0
91.7396	13.7067	0.8815
95.7323	3.6175	0.9967
90.7861	8.2721	0.9602
94.4031	8.1166	0.9741
95.9969	4.3099	0.9899
94.2404	6.7009	0.9779
82.8413	17.8751	0.8267
97.0655	4.1549	0.9941
95.4808	6.9165	0.9796
94.5792	3.9452	0.9939
93.8146	7.3329	0.9728
91.7064	7.4954	0.9775
64.808	8.6866	0.2182
82.396	15.4844	0.8276
89.2053	11.977	0.9333
85.2886	19.0233	0.801
80.7576	14.066	0.8386
92.18	10.9492	0.927
96.5275	2.9322	1.0
91.4801	8.0518	0.9615
90.8086	7.4905	0.9866
95.6511	3.1863	1.0
90.6221	13.1172	0.932
84.5727	18.636	0.8201
74.9042	9.6551	0.7636
90.2235	11.5188	0.941
94.9674	9.7891	0.957
91.811	9.3288	0.9535
91.1647	11.8345	0.8939
95.8684	5.1759	0.9844
85.8354	15.7618	0.875
86.2186	13.9852	0.865
85.52	13.9462	0.9074
91.0007	8.4421	0.9563
84.4225	16.7823	0.7164
91.1291	9.398	0.9608
83.7903	16.0729	0.732
95.9928	5.4555	0.9914
90.7882	8.576	0.9528
88.3046	12.879	0.9303
96.426	4.8386	0.9902
92.7414	6.2685	0.987
95.3369	7.197	0.9758
93.5561	5.6458	0.9846
97.7531	2.0148	1.0
71.6464	15.7898	0.5388
97.5111	2.6182	1.0
90.3305	12.7253	0.9015
96.9777	2.3464	1.0
84.3389	19.6262	0.8007
94.3623	7.859	0.9704
82.8375	18.477	0.7532
97.5649	2.2175	1.0
86.847	15.4057	0.9051
73.2068	6.0113	0.8049
90.391	9.6846	0.9662
87.3388	16.3677	0.8602
89.6199	10.0462	0.9341
88.1066	12.7011	0.8826
94.1502	3.5835	1.0
86.5142	9.0543	0.9251
76.3785	10.5081	0.7677
86.7133	17.0378	0.8603
95.6589	9.229	0.9715
95.2965	7.8024	0.9756
96.6557	4.7267	0.9846
92.065	12.7502	0.9273
97.8522	1.7979	1.0
92.0199	12.271	0.8701
79.8005	15.5937	0.6875
81.3488	12.3805	0.86
87.3321	9.6103	0.9049
88.0387	12.0442	0.9205
76.8518	15.9618	0.7214
80.1889	10.288	0.8321
90.9401	8.8011	0.964
97.1718	2.5383	1.0
94.9943	5.2394	0.9972
94.3202	6.0207	0.9905
86.1069	14.5938	0.8745
92.136	9.4429	0.9318
95.9761	4.8443	0.9943
97.0381	2.8412	1.0
97.3901	1.9655	1.0
97.1483	5.2234	0.9898
95.2341	5.3371	0.9783
93.2314	10.3822	0.9581
82.1694	10.9085	0.898
90.6998	10.1351	0.9543
96.6873	4.132	0.9944
93.7013	5.7457	0.9899
95.5228	6.0534	0.9717
95.2047	4.5461	0.9948
85.9764	13.7209	0.8827
94.4245	8.9732	0.9603
87.5562	14.023	0.9378
66.1037	10.4143	0.3333
92.8526	7.3256	0.9781
62.0777	12.2902	0.2553
91.4961	12.896	0.9213
86.248	10.5065	0.8957
93.1343	9.3502	0.9578
65.2298	13.7283	0.3953
91.3353	11.1315	0.9452
84.3599	15.0672	0.8583
90.1332	9.3045	0.956
87.9108	13.2643	0.8788
92.2536	7.2116	0.972
97.723	1.4862	1.0
89.1784	12.7438	0.883
89.388	6.0588	0.9812
95.2627	9.1152	0.952
92.4624	9.2069	0.9638
96.1877	8.0342	0.9726
84.2104	8.1539	0.9258
92.8226	14.7255	0.9295
78.7321	12.8696	0.7254
96.0408	4.0582	0.9953
93.2052	7.6977	0.9637
95.2798	4.7827	0.9968
87.3018	17.4147	0.8623
89.1671	6.6576	0.9846
96.0684	4.5193	0.9922
88.9629	14.9797	0.8256
95.4875	6.7176	0.9778
80.4855	12.4931	0.7543
82.3971	17.2219	0.7981
77.9502	20.4251	0.6452
58.1703	16.9465	0.3534
81.6487	20.9821	0.7662
92.2055	11.6886	0.9436
87.9448	13.0426	0.8891
97.6674	3.0728	0.996
93.0649	8.2838	0.9551
96.3516	7.1246	0.9677
92.2168	11.378	0.9198
94.9733	6.3541	0.9875
94.0819	5.7188	0.9879
97.04	4.4412	1.0
97.3549	3.9435	0.9931
83.0139	14.9521	0.75
94.287	5.6175	0.9899
86.8886	13.693	0.9059
85.2207	8.824	0.9091
93.2	7.9384	0.9628
87.5986	18.2342	0.8593
90.0329	9.6596	0.9444
83.37	12.4628	0.8723
97.4961	5.3098	0.9882
88.1984	15.7561	0.8942
72.6098	15.0134	0.4444
90.7841	10.4024	0.9375
88.5682	9.2144	0.9612
90.2323	16.5994	0.8102
96.8393	2.9595	1.0
93.8461	6.2995	0.9921
90.5665	11.8305	0.948
93.3522	5.6848	0.994
88.2827	11.2327	0.9358
78.4575	12.8897	0.6316
94.8756	12.4707	0.9277
95.0687	3.4632	1.0
90.0358	15.7217	0.914
95.0285	7.5123	0.9773
77.5525	12.0112	0.7882
97.1829	2.9544	0.9979
94.3213	4.4217	1.0
95.1038	12.2821	0.9503
93.177	8.5082	0.9565
90.634	7.186	0.9685
86.4128	7.8915	0.9531
92.0912	7.3903	0.9807
91.4356	11.1021	0.9405
94.9821	7.711	0.9764
92.0753	8.7042	0.965
83.927	11.6175	0.7526
96.1291	5.0873	0.9948
87.5514	12.0859	0.8781
59.5817	17.6198	0.2453
82.6528	14.0228	0.8298
81.4946	14.6322	0.8481
89.8557	10.2977	0.9373
96.2026	7.4585	0.9878
91.6908	12.1319	0.9343
84.3427	14.5495	0.8617
89.4649	10.4489	0.9466
95.2777	6.9807	0.9781
90.8973	13.4264	0.92
88.4037	10.2525	0.8889
79.6639	16.796	0.7333
96.155	5.2717	0.9924
97.2757	2.7482	1.0
95.3115	5.1209	0.991
94.918	5.8729	0.9896
88.0544	11.5431	0.9388
97.193	4.0047	0.9976
90.315	10.8998	0.9218
91.7209	8.4886	0.9708
93.7767	5.5594	0.991
93.77	10.2761	0.9626
97.0069	4.2625	0.995
88.4613	18.6218	0.8508
80.5372	21.3754	0.6892
81.8524	19.8069	0.75
94.4114	7.0906	0.987
78.1628	20.1954	0.6875
91.9204	11.9759	0.95
97.2135	2.1767	1.0
92.8948	8.8083	0.9608
95.1383	5.4935	0.9885
96.2047	9.4643	0.9523
96.4119	3.5512	1.0
78.3405	8.0906	0.85
87.8201	16.1036	0.847
96.1194	4.6428	0.9967
92.6621	7.7927	0.971
86.2209	10.6467	0.874
87.5722	9.3637	0.954
77.3388	15.0004	0.7385
97.2711	2.5937	0.9977
95.9165	4.804	0.9954
65.9024	15.7667	0.398
96.9203	2.8068	1.0
93.466	7.222	0.9647
82.5916	8.9327	0.8765
80.6355	12.6945	0.8308
95.884	5.7952	0.9898
97.0371	3.8382	0.9975
92.3043	8.7819	0.9632
95.8447	4.2019	0.9963
96.6539	4.6719	0.9925
89.459	9.2264	0.9561
96.6505	6.457	0.9841
82.9252	14.6308	0.8764
96.0667	3.4048	1.0
94.5986	10.0106	0.9402
90.6239	5.5568	0.9796
95.1268	11.4333	0.9403
97.9117	1.9307	1.0
97.8657	2.4687	1.0
94.6651	4.4487	0.997
96.7219	4.8132	0.9895
90.7615	11.6551	0.9255
67.1718	20.7809	0.4748
96.7167	6.9315	0.9773
88.0051	8.8229	0.9441
97.7945	1.6575	1.0
94.4023	2.2882	1.0
95.5849	7.8149	0.98
95.1569	8.8779	0.9663
84.974	15.8106	0.813
85.1659	18.7119	0.8543
96.4766	5.4302	0.9748
95.9065	5.6759	0.9942
93.5708	3.1383	1.0
89.0241	8.375	0.9725
88.6243	12.918	0.9151
98.5218	1.3954	0.9986
96.1044	4.5944	0.9959
73.421	11.9691	0.5435
82.0315	15.9485	0.7589
88.1191	13.2915	0.8532
87.652	7.8259	0.9658
78.5274	14.2782	0.7991
91.2585	10.5188	0.9316
94.4883	10.4389	0.9564
88.6353	11.2106	0.9399
91.0353	14.6668	0.9263
87.6615	12.1729	0.9107
77.6717	20.9895	0.6896
86.6837	4.8828	1.0
95.678	6.9565	0.9883
91.4474	10.6671	0.93
84.5125	13.1641	0.8969
86.5027	10.9419	0.9241
92.5271	11.4907	0.9405
91.9256	10.4332	0.9606
94.5511	7.1491	0.9841
90.7451	11.5146	0.9419
83.4398	19.356	0.8174
84.1487	12.964	0.8407
96.5133	2.9268	1.0
89.9729	15.7118	0.8485
95.2269	5.9742	0.9787
80.7305	12.5865	0.8525
91.552	13.5963	0.929
98.31	2.5118	1.0
86.6495	18.2826	0.8434
95.8975	7.8815	0.9718
80.3976	17.5051	0.7273
90.6713	15.0781	0.8677
96.1916	4.1519	0.996
94.5588	7.3047	0.9795
97.0105	3.9854	0.9952
