90.8046	4.2425	1.0
89.9489	11.3982	0.9195
81.9332	18.685	0.7919
93.7141	9.9868	0.9535
53.0178	8.5558	0.0333
72.3334	10.9422	0.5053
97.7379	1.8781	1.0
93.9187	5.5516	0.9862
93.7568	5.7534	0.9916
92.3765	7.5774	0.957
92.1782	10.1025	0.9442
89.7979	15.5774	0.8807
82.4204	11.9036	0.8537
94.3257	10.6949	0.9545
94.8068	5.3799	0.9967
88.2814	12.4045	0.8759
77.7386	19.975	0.7646
88.1252	10.261	0.9583
91.3707	14.4377	0.9123
95.331	6.495	0.9879
91.9927	8.7592	0.9738
90.306	8.0824	0.9651
91.8766	11.0209	0.9329
98.011	3.056	0.9947
82.4955	19.4669	0.81
82.4495	18.8914	0.7935
87.8807	12.9707	0.9296
86.8634	11.4902	0.918
94.3571	5.5887	0.9844
93.7238	6.3071	0.9781
92.9311	6.7556	0.9873
93.4818	6.7231	0.9892
74.0127	22.1217	0.6286
93.9927	6.16	0.99
89.9503	14.4023	0.9037
96.9452	3.4536	0.9972
65.1745	8.2144	0.3241
92.5863	7.8645	0.9712
92.3058	13.7846	0.9331
92.1273	9.3373	0.956
84.69	14.5238	0.8788
94.9609	4.497	0.9907
93.1219	6.4726	0.9821
96.6016	3.9996	0.9963
90.8641	10.2944	0.9252
87.8769	15.2544	0.9015
95.4483	5.7075	0.9971
88.8457	17.8271	0.8634
67.2704	31.0762	0.5538
91.575	6.1739	0.9845
94.5853	4.6869	1.0
57.3412	13.4352	0.2202
96.6402	2.6744	1.0
95.5954	7.7337	0.9765
94.146	9.5399	0.961
91.1451	9.2455	0.96
85.4645	25.0138	0.8006
84.777	16.893	0.8652
96.2208	2.1468	1.0
91.1345	8.0996	0.955
68.3621	25.8513	0.5373
95.1278	4.2649	0.9923
84.7482	9.2431	0.875
94.1489	6.549	0.9736
93.9557	6.3117	0.988
77.427	15.4494	0.7184
94.4901	11.1506	0.9434
90.6038	8.9419	0.9481
97.4828	4.6096	0.9911
96.5718	4.1329	0.9949
95.2854	4.4054	1.0
94.0805	6.0222	0.9843
93.8315	7.1812	0.9735
95.7857	3.8964	1.0
93.4349	9.2522	0.9673
95.6804	4.2919	1.0
90.7017	13.789	0.9004
79.3479	21.9354	0.7616
80.1261	11.0686	0.8461
80.7341	17.3594	0.6625
92.1269	6.3835	0.9781
93.5267	9.5476	0.9486
74.9854	14.9275	0.7463
95.9822	3.2503	1.0
96.7399	3.9586	1.0
96.5671	3.9147	1.0
92.8516	7.1365	0.9773
93.5612	6.6421	0.9821
67.7036	23.8708	0.6021
88.9892	14.2044	0.8716
93.3999	11.1423	0.9461
93.4355	11.0538	0.9425
91.9919	9.1958	0.9514
78.9623	15.5585	0.7376
84.3888	17.7174	0.757
95.3466	2.4843	1.0
92.104	13.227	0.9149
91.2868	9.9307	0.928
94.8984	6.8696	0.9749
97.8283	1.8349	1.0
94.2954	9.0281	0.9715
97.921	2.1033	0.997
94.2174	9.3341	0.9737
90.008	12.027	0.93
91.9277	10.201	0.9587
81.3439	15.1644	0.8473
92.7707	10.4824	0.927
84.0697	13.63	0.8453
90.3207	8.8952	0.9569
94.8278	10.4478	0.9435
93.5664	5.9216	0.983
96.2552	5.712	0.9877
96.2278	2.9638	1.0
97.1635	4.9997	0.992
89.892	9.7927	0.9544
93.0188	5.4225	0.9933
91.6854	7.0276	0.9631
93.127	5.0429	0.9905
88.4047	18.0725	0.8961
94.7945	5.8312	0.9811
91.9809	10.2306	0.9393
95.2843	6.6691	0.9802
82.8736	13.3519	0.8477
90.0795	13.1168	0.8966
95.5422	7.2348	0.9719
91.527	4.4123	0.9932
91.6269	7.0435	0.9939
94.3368	7.3301	0.9772
89.7181	13.867	0.8829
90.1687	10.0543	0.9324
41.6472	11.4374	0.0054
91.9824	8.7493	0.9699
96.8318	7.2004	0.9752
97.9362	2.9873	0.9941
95.7519	5.6783	0.9801
92.0913	11.5977	0.9259
90.0278	9.8512	0.9423
83.472	13.9739	0.841
92.116	8.5323	0.9526
91.3354	9.3218	0.9528
93.603	12.9788	0.9262
85.442	10.942	0.9057
88.1332	12.8865	0.875
96.8466	5.8451	0.985
84.0927	17.4367	0.8221
94.7329	7.2439	0.9819
96.1654	6.0796	0.9806
95.9563	2.7238	1.0
86.8705	18.2745	0.8852
89.3779	10.6439	0.8971
96.7149	2.4106	1.0
93.5029	7.756	0.9641
95.4264	5.9701	0.9807
95.4301	4.9854	0.9894
96.4746	4.5983	0.9917
91.013	10.2774	0.9475
90.4302	12.8713	0.9363
93.8104	6.2895	0.9854
61.173	24.0902	0.4568
95.4051	3.0936	1.0
93.5847	10.9115	0.9251
91.8238	13.8478	0.9135
87.1302	11.8361	0.9179
90.6427	12.7635	0.9205
95.7423	3.8517	0.9972
96.7202	6.1062	0.9912
96.2771	3.3315	1.0
76.3055	7.5952	0.8356
92.4854	7.1701	0.9737
97.4354	1.9857	1.0
94.8801	4.6687	0.9917
70.4275	18.1548	0.6456
92.1557	7.4848	0.9683
94.9103	7.8224	0.9697
96.2208	2.5631	1.0
91.9784	6.3051	0.9867
93.69	5.203	0.9926
69.6176	11.75	0.626
93.3355	11.644	0.9295
93.9222	6.31	0.989
91.5197	5.6374	0.9872
89.7689	5.548	0.993
79.0846	19.3125	0.6443
92.4181	7.9064	0.9825
78.8313	11.646	0.8372
93.1468	10.7776	0.9339
97.7992	3.2706	0.9966
98.4991	1.1586	1.0
90.0664	9.1622	0.9555
89.089	10.458	0.9214
90.9907	4.5446	0.9901
95.4933	5.6901	0.9865
83.7837	12.885	0.8505
69.0697	18.9715	0.5936
93.4965	6.4056	0.9869
90.064	9.5954	0.9489
94.2151	11.4348	0.952
96.8864	2.4604	1.0
92.2229	6.7388	0.9892
92.3835	14.3839	0.9107
92.3189	13.1571	0.8971
97.2131	2.7964	0.9977
84.6232	22.5754	0.847
89.3343	14.081	0.9222
95.5363	6.7262	0.9808
81.6742	12.9918	0.8186
89.8951	10.8092	0.9022
95.8432	5.4353	0.9885
95.7599	3.9163	1.0
96.5062	4.3396	1.0
90.0879	14.071	0.9187
64.8858	17.5345	0.4634
90.9974	12.8557	0.9367
92.8698	13.3831	0.924
95.9024	4.3665	1.0
83.4091	16.0625	0.7957
68.1885	18.0628	0.5
95.9301	3.0053	1.0
67.0101	17.1285	0.4296
95.0839	3.3915	1.0
94.8766	7.0416	0.9754
86.4158	12.6261	0.8557
95.3892	4.7485	0.9923
96.4325	5.8869	0.9861
91.5909	6.863	0.9775
92.238	9.9969	0.9317
93.6411	7.6766	0.9742
93.2304	9.178	0.9731
96.0147	4.7411	0.9921
84.5413	10.4822	0.8909
96.2292	3.3601	1.0
82.5436	16.0329	0.7943
75.9539	20.7024	0.6923
68.0098	14.2566	0.5273
80.373	14.7072	0.8254
92.986	6.43	0.9913
91.8055	7.1468	0.9794
95.0112	9.7518	0.9505
82.5444	14.1301	0.8313
90.4146	5.5736	0.9894
92.5495	8.8915	0.9746
85.0772	15.3006	0.8676
79.1899	16.4285	0.734
74.7437	26.3136	0.6618
93.2033	8.453	0.9785
90.4044	8.3779	0.9806
96.6537	2.0942	1.0
90.8289	8.9821	0.962
95.7223	2.3444	1.0
94.16	8.968	0.9636
92.5236	13.7607	0.9302
95.1733	2.9575	0.9949
43.1209	11.9712	0.0
85.2997	15.3755	0.8091
90.6411	8.1948	0.957
87.2478	15.129	0.8596
96.838	6.1878	0.9885
82.5692	19.0189	0.7836
95.7075	6.0399	0.986
76.1113	11.8851	0.6867
90.6776	16.2813	0.8935
93.0277	9.126	0.9637
96.2224	5.2731	0.9903
86.961	10.9652	0.9192
90.8945	9.5499	0.9468
92.6196	8.1971	0.9634
96.4905	5.0616	0.9973
89.837	11.9207	0.9091
93.3602	8.2262	0.9694
95.6378	5.3345	0.9911
96.7372	3.3341	0.9956
96.5133	3.987	1.0
93.7195	9.9711	0.9708
86.2783	8.3916	0.9424
94.1221	7.894	0.9709
69.7739	17.8383	0.4715
94.2618	10.6729	0.9606
97.1871	2.6628	0.9978
77.4226	17.4098	0.6471
96.2694	3.5463	0.9968
89.9868	16.0302	0.9224
88.098	15.632	0.9024
96.5669	2.691	1.0
94.3247	7.5284	0.9623
83.0172	13.1318	0.8252
87.2595	15.2321	0.9281
87.4417	13.6366	0.8874
95.5839	5.1062	1.0
95.6882	5.1935	0.9887
97.2827	2.5085	1.0
91.7955	11.853	0.9043
83.488	15.5057	0.7677
76.4129	11.5017	0.8625
88.0082	15.433	0.8163
94.373	6.8124	0.9841
91.0788	14.6277	0.9024
96.1166	4.243	0.9924
84.3897	15.9362	0.8338
93.9559	7.2716	0.9747
94.1073	8.0715	0.9765
97.6892	1.6508	1.0
98.0877	1.3024	1.0
84.4755	18.0347	0.8378
94.5599	5.6742	0.9857
75.1563	16.1711	0.5658
95.2282	6.8023	0.9858
92.1493	12.8801	0.9269
96.9393	3.8327	0.9944
91.3434	9.0821	0.9667
92.5582	10.873	0.9205
85.3613	13.9869	0.8746
97.4445	1.9369	1.0
97.3074	2.1431	1.0
79.8155	14.7864	0.7739
95.9899	6.8584	0.9767
95.4179	3.5788	1.0
78.2783	8.2755	0.8403
93.4442	7.3078	0.9622
95.3969	4.3481	0.9932
88.9818	10.373	0.9343
93.9418	4.0618	0.9932
94.9881	4.8687	1.0
96.1098	5.477	0.9885
91.6885	14.7544	0.9176
89.124	15.4535	0.9295
93.196	7.1334	0.9769
37.528	9.514	0.0
87.2391	14.53	0.891
97.3208	3.1239	1.0
88.9002	15.2395	0.8612
95.0448	5.1324	0.997
84.198	9.9281	0.8875
85.4764	16.0411	0.8538
96.5777	3.4456	0.9961
72.0107	21.6846	0.5028
65.1774	15.6753	0.5393
94.215	5.5954	0.9904
95.3498	5.4093	0.9925
91.0403	7.5205	0.963
88.135	14.85	0.8616
93.2222	8.594	0.9699
93.1221	6.7434	0.9898
85.7107	10.1774	0.8909
90.7778	11.8311	0.9388
94.1512	11.9943	0.9474
97.7673	3.2625	0.9956
93.7224	9.9921	0.9777
96.3355	3.5333	0.9983
65.3653	29.3891	0.5219
91.7117	11.6829	0.9353
94.6055	4.5828	0.9856
97.4579	2.5129	1.0
90.7806	11.4477	0.9402
89.9704	16.3297	0.9301
91.5878	7.9284	0.9675
96.7481	7.0326	0.9831
90.0721	12.2034	0.8974
90.8437	13.72	0.9429
83.9251	20.0787	0.8133
91.9691	9.6665	0.9304
93.0831	6.9383	0.9763
95.0789	6.7529	0.9777
90.5195	9.2315	0.9401
85.9263	14.6576	0.8613
91.6304	7.5539	0.9695
95.3109	3.6398	0.9966
95.1458	6.0212	0.9855
93.2254	4.9463	1.0
97.567	4.6126	0.9928
95.3739	6.4044	0.9748
89.8884	13.0599	0.9016
88.776	18.8955	0.8906
49.7624	18.2349	0.1818
96.5938	4.3909	0.9935
92.2326	11.5524	0.9532
96.8208	2.3135	1.0
97.7038	2.0951	1.0
97.3369	3.1905	0.9967
97.3073	4.8017	0.9844
72.3821	8.4326	0.7097
74.6082	16.3274	0.6845
84.5535	12.4994	0.8473
90.3479	5.6775	0.9857
90.8657	8.3358	0.9709
87.0673	19.7357	0.8746
89.2898	12.4955	0.9295
95.8793	4.121	0.9958
86.1112	13.772	0.8492
95.0259	5.89	0.9892
97.9435	1.4942	1.0
96.7797	4.9065	0.9939
92.4367	5.6645	0.9712
96.9247	3.8137	1.0
94.3886	10.3738	0.9402
89.7143	5.2579	0.9947
89.6121	10.512	0.9343
97.9018	1.3065	1.0
96.4724	2.9444	0.9977
69.5553	13.7991	0.5172
93.7265	6.6445	1.0
92.349	8.6814	0.954
95.0382	8.0175	0.9689
79.655	13.695	0.7037
94.4623	7.0813	0.9735
96.1503	3.0891	1.0
94.6073	3.5531	0.9973
91.7076	6.3413	0.986
95.6675	5.1502	0.9904
84.8176	18.3719	0.8446
82.0871	20.1437	0.7958
95.4665	3.6333	1.0
84.34	15.1993	0.8756
97.2425	2.4416	1.0
92.4706	8.5397	0.9704
58.9263	19.6547	0.3671
93.7285	7.5538	0.9689
93.3183	6.107	0.9846
96.7999	5.255	0.99
77.9504	19.5245	0.7488
73.3226	11.7327	0.6504
97.3623	2.5302	0.9965
93.8996	9.938	0.9457
96.8194	2.2505	1.0
94.8454	6.2196	0.9895
90.195	12.7622	0.9345
92.4389	8.3112	0.9706
95.0674	5.5635	0.9882
94.232	8.8638	0.9705
81.7912	16.7686	0.854
95.561	4.7653	0.9938
87.2941	13.1618	0.879
81.462	14.3391	0.8219
90.0506	9.3732	0.9603
85.4443	10.1064	0.895
92.5009	10.3206	0.9412
97.3461	2.3578	1.0
83.3224	20.5605	0.7566
97.0664	2.2581	1.0
71.2401	9.1071	0.5963
97.0616	2.7127	1.0
93.6741	2.9472	1.0
91.3229	7.1994	0.9572
90.293	13.2415	0.8735
93.3323	5.1519	0.9977
89.9626	6.6922	0.9848
95.8718	5.2771	0.9851
98.0826	1.3086	1.0
96.5633	5.5894	0.9767
93.4593	6.0316	0.9865
58.0463	18.4733	0.3846
90.5174	13.1303	0.9354
97.2298	3.6692	1.0
91.1901	12.7575	0.9288
75.7891	17.8606	0.6923
84.7681	8.3839	0.9295
88.0187	12.0032	0.9181
97.7456	1.6331	1.0
91.21	7.8936	0.9493
93.4622	7.5284	0.962
91.3186	8.3078	0.9754
83.75	14.1146	0.836
94.6555	7.1076	0.9826
90.1683	14.9119	0.8893
96.3635	3.8383	0.9946
95.1546	6.506	0.9911
96.0291	5.7164	0.9858
89.8278	11.6204	0.9256
94.4863	5.5665	0.9901
94.771	6.9557	0.9789
90.864	13.475	0.9361
93.9592	9.2174	0.9665
96.0001	8.5567	0.9695
90.4875	10.7238	0.9566
92.8482	7.2208	0.9885
75.2166	21.9272	0.7062
92.9248	9.8436	0.957
94.6147	6.5691	0.9847
93.9506	8.2467	0.9787
97.7124	1.8319	1.0
88.8144	9.1711	0.9501
95.5061	6.8894	0.9815
90.5287	10.87	0.9296
96.6849	3.9184	0.9967
95.1178	4.9904	0.9878
94.5019	10.7466	0.9391
80.486	9.8992	0.8387
85.4251	12.9589	0.8491
91.9077	6.2457	0.9881
97.1053	2.3093	1.0
67.8558	9.002	0.4595
92.5136	7.9519	0.9846
98.4629	0.8698	1.0
91.4446	8.1005	0.9604
94.3125	3.8271	0.9981
96.0841	6.0362	0.9846
96.1652	8.1321	0.9732
93.8667	12.8102	0.914
88.7138	20.3057	0.8557
91.8174	9.1054	0.9612
94.7612	5.9481	0.9899
83.669	9.2501	0.8871
95.9965	4.2183	0.9935
84.4218	10.1029	0.8741
93.4083	15.2945	0.9209
95.9893	5.0605	0.9913
96.0705	2.963	1.0
92.2376	7.0484	0.9609
74.4692	13.1129	0.6538
95.9248	4.4685	0.9881
82.5524	11.1885	0.8534
88.7521	9.33	0.9377
96.8193	3.4515	1.0
88.3227	11.87	0.908
95.8525	3.8759	1.0
94.6435	7.5536	0.9759
88.5356	7.643	0.9672
98.1143	3.491	0.9965
96.441	5.4182	0.9923
95.6679	6.6125	0.9788
95.0449	5.1191	0.9892
86.8485	16.5288	0.8889
68.4687	20.1373	0.5294
89.1118	11.621	0.8983
93.3714	6.0475	0.9941
85.7012	11.2969	0.8797
89.6485	13.9347	0.9162
88.9597	9.8892	0.9283
94.0054	8.9194	0.9688
93.1501	7.8811	0.9707
97.1832	2.5844	1.0
88.0555	14.6404	0.9219
93.1165	8.2131	0.9603
98.0137	2.5163	1.0
92.9852	14.1035	0.9277
96.7332	2.6978	1.0
90.005	8.448	0.9552
88.4396	10.602	0.9277
85.4508	10.5497	0.8913
89.3149	9.9737	0.928
85.6361	11.5805	0.8991
82.2026	8.3093	0.9221
95.5741	8.1026	0.9826
92.5942	10.3251	0.9315
94.3809	9.7439	0.9596
94.6228	7.7845	0.9725
92.6499	9.3859	0.9773
95.7742	7.6844	0.9738
80.4404	17.0856	0.7884
95.2633	3.1985	1.0
89.9714	9.8392	0.9289
70.8181	11.774	0.6379
87.7852	18.601	0.8486
90.0624	11.0015	0.9211
95.1614	6.2302	0.9781
94.6425	4.4469	1.0
92.944	6.313	0.9935
98.1275	2.5497	0.9967
86.6388	20.2068	0.7923
92.3685	11.406	0.9107
90.5066	11.8115	0.9484
95.6848	7.2291	0.9766
91.8711	6.3477	0.9796
91.6451	8.7136	0.957
96.3386	4.0443	0.9965
94.7913	4.9455	0.988
61.9685	8.4526	0.1667
85.8562	13.4041	0.856
95.3106	7.0481	0.971
93.5518	10.1257	0.9547
76.9044	13.5563	0.7265
94.5574	10.2189	0.9407
90.906	10.3677	0.9417
83.6266	12.1001	0.8333
90.0038	7.8485	0.9577
96.8973	3.365	0.9975
84.1324	11.9328	0.8544
94.3896	6.8402	0.9806
95.5416	5.9822	0.984
93.5045	8.6024	0.9574
91.6879	9.972	0.9401
90.3196	11.5763	0.8872
42.7713	7.5689	0.0
95.7999	3.7857	1.0
89.4186	13.492	0.8343
94.3974	7.6385	0.9739
84.84	16.7801	0.8723
88.5641	11.433	0.9178
93.6871	6.2906	0.9932
48.6021	17.1014	0.198
85.7863	17.485	0.8528
90.4959	10.0677	0.9185
80.0797	20.5615	0.6961
82.5832	14.1211	0.8634
95.1934	6.7342	0.9701
90.1941	14.5894	0.9244
84.4215	14.3508	0.8203
91.2679	9.2066	0.9518
91.2644	7.8457	0.9713
76.7901	18.035	0.7134
85.7877	18.3054	0.8215
96.4145	4.1117	0.9936
92.1241	4.0533	0.9945
93.1355	9.0634	0.9756
94.3136	9.6596	0.9463
96.2395	4.7287	1.0
84.0737	10.4545	0.9173
97.7167	3.1469	1.0
94.5764	5.9111	0.9835
96.6897	4.2795	0.9946
93.1686	11.4815	0.9425
92.7114	9.6688	0.9505
91.5198	12.0683	0.9225
97.6035	2.4739	0.9972
96.4128	4.2545	0.9949
93.1186	9.5851	0.9536
97.4667	3.2548	0.9928
87.8842	18.0562	0.8519
95.1627	8.0332	0.9727
95.6586	6.6422	0.9865
98.3433	0.756	1.0
94.5291	7.8462	0.9855
96.6504	2.6314	1.0
95.7839	2.6437	1.0
95.0475	3.5186	1.0
95.2575	4.9629	0.9889
90.6092	9.7269	0.9352
95.8232	5.31	0.9923
96.7059	3.8692	0.9955
95.7433	8.4504	0.9642
96.4996	4.9382	0.9923
93.56	8.3444	0.9659
95.367	7.5906	0.9773
91.1918	8.8188	0.9645
92.5986	7.156	0.9782
95.4512	4.5573	0.9951
87.5771	16.6784	0.8654
96.0339	5.0165	0.9923
85.3646	9.9745	0.9037
95.2391	4.4474	0.9932
93.3104	6.4224	0.9821
83.3939	14.7199	0.8285
87.5536	15.8283	0.8829
95.9454	8.0267	0.9624
95.9936	3.9993	0.9941
86.7535	15.6553	0.8144
95.9271	5.4652	0.9927
73.7445	11.9054	0.7667
90.0131	10.1343	0.9322
93.0968	9.6887	0.967
94.2036	9.0977	0.9558
96.2368	6.7325	0.9828
83.3485	22.1069	0.7907
92.2749	8.6112	0.9673
83.7818	8.0557	0.9605
82.625	19.6892	0.7976
97.0869	3.3786	1.0
92.9299	6.466	0.9828
83.5355	17.68	0.8246
81.4783	15.0695	0.7923
69.7247	18.8087	0.5833
65.7522	19.2564	0.4557
91.4459	8.0187	0.9693
92.5495	5.5741	1.0
94.2565	7.19	0.9798
89.2763	13.4252	0.9179
86.008	16.1957	0.8386
92.6413	6.0614	0.9821
69.1674	20.8562	0.5498
94.3966	8.7491	0.9655
89.4508	11.2823	0.9532
89.6094	13.2961	0.8993
94.1314	6.332	0.9774
92.8911	10.832	0.9494
70.2925	15.4144	0.5238
94.2133	5.9209	0.9933
93.4314	8.3535	0.9568
88.6826	9.9697	0.9397
94.6264	7.6002	0.9672
96.484	3.7816	1.0
93.0859	6.8653	0.9679
89.301	7.4105	0.9673
96.1877	3.2815	1.0
97.4258	2.1454	1.0
95.9636	3.4339	1.0
96.7327	2.5779	1.0
94.2571	3.2174	1.0
97.2897	2.9799	0.9954
97.2592	2.0592	1.0
91.9802	9.9641	0.9624
91.5847	8.5147	0.9735
78.458	20.2073	0.7178
77.0711	10.6528	0.7745
97.3484	2.7575	1.0
95.4741	8.9401	0.9608
95.3082	5.77	0.9858
96.797	3.3324	0.9953
96.0889	7.3629	0.9798
81.166	11.7456	0.823
86.0558	13.289	0.9001
87.5843	8.4784	0.9205
90.539	12.2887	0.9451
89.5866	14.1602	0.9091
79.9726	14.7542	0.8286
92.1244	6.8099	1.0
34.1065	9.4739	0.0
82.347	14.589	0.7682
86.8575	12.8329	0.8968
90.2973	14.3574	0.8786
91.7592	12.626	0.9467
95.7801	4.1646	1.0
91.8325	10.0732	0.9261
97.7562	1.5228	1.0
94.8473	5.0069	0.9964
87.8244	12.7847	0.9
92.7212	10.5356	0.9365
79.8512	16.2429	0.8713
96.705	2.9708	1.0
84.5131	13.5865	0.8258
96.2401	3.4916	1.0
84.8282	14.7026	0.8737
82.8956	16.2885	0.8
81.0589	15.9383	0.7375
94.5576	11.038	0.9455
81.5899	24.8889	0.6963
93.6167	6.4124	0.9783
96.9955	2.882	1.0
91.4493	9.0729	0.96
65.1171	7.3779	0.2824
95.5535	4.6041	0.9931
97.7696	2.5703	1.0
95.3835	6.2715	0.9798
82.3098	12.8027	0.807
91.3712	8.3274	0.9729
93.9442	9.5567	0.9502
90.3445	7.2063	0.9828
83.954	13.0941	0.8143
53.7478	7.5493	0.0225
93.4165	8.355	0.9575
96.846	3.7829	0.9913
92.6657	6.2551	0.9915
90.0717	14.4066	0.8539
83.8298	19.3828	0.898
88.4235	13.1705	0.8901
95.8548	7.7571	0.9567
96.9391	4.5701	0.9946
93.2812	10.8758	0.9484
71.5545	26.8912	0.604
93.3295	12.2912	0.9352
95.4861	4.4964	0.9946
90.6103	14.4235	0.913
87.0482	8.2071	0.9536
96.4241	2.783	1.0
81.1481	20.9725	0.7956
96.7717	7.4816	0.9817
82.8698	22.021	0.8225
95.1552	4.9866	0.9893
89.5686	12.5577	0.9323
86.6039	9.0218	0.9471
95.0731	6.5691	0.9769
65.2089	14.2931	0.4662
88.3695	15.6164	0.8984
90.6374	13.7025	0.888
95.2808	6.594	0.9745
85.9365	10.393	0.8914
87.2909	8.2803	0.9421
78.8949	17.6901	0.7269
94.0629	6.031	0.9865
87.7272	11.0283	0.9174
97.7252	2.0712	1.0
96.3252	6.1493	0.9877
96.8717	6.8587	0.9832
84.9423	14.3631	0.8837
96.7042	3.7205	0.9953
87.6488	9.4122	0.9323
80.9761	21.7076	0.7996
90.2682	13.9744	0.9167
97.2142	4.1415	0.9946
97.2919	2.848	1.0
94.9135	6.3525	0.9802
79.9958	18.6507	0.8282
90.5575	10.7744	0.9514
95.204	7.1811	0.9816
48.271	5.9616	0.0
96.8732	3.4881	0.997
94.1394	7.9219	0.9767
89.9683	11.5567	0.9257
91.099	4.7627	0.9869
72.525	17.5208	0.6321
92.556	9.362	0.9515
92.1765	7.5956	0.9671
71.3221	20.0851	0.6526
91.7047	9.6922	0.9531
80.6518	24.8319	0.7573
83.7659	14.5639	0.8438
90.3565	12.3237	0.8702
61.7214	22.5296	0.3965
90.542	8.4103	0.9847
96.7632	3.7214	0.9929
92.1118	7.1989	0.9712
83.161	15.3918	0.8805
95.1835	5.9942	0.9903
83.0869	13.4543	0.8462
87.967	11.4792	0.9176
53.4166	10.1364	0.0636
90.0156	7.2993	0.9786
80.4218	21.361	0.7716
92.8844	6.3436	0.9862
83.1795	15.4906	0.8173
95.6756	8.056	0.9776
67.2944	14.6506	0.518
88.4545	14.137	0.9227
95.0667	6.1088	0.9866
89.427	20.0454	0.8849
68.5037	23.503	0.5244
96.2173	5.0369	0.9945
93.0861	5.4146	0.9974
95.306	4.0521	0.9971
95.0496	6.6653	0.9753
87.6111	13.2551	0.9012
92.6494	7.5443	0.9742
97.1727	3.2613	0.9951
90.2851	17.2896	0.9218
89.3675	11.4115	0.9123
98.0736	1.5854	1.0
92.0086	10.2433	0.9272
91.8698	10.9644	0.9631
97.0962	2.036	1.0
82.044	11.824	0.88
95.801	5.857	0.9884
96.17	3.9381	1.0
96.4302	4.3846	0.994
83.8358	13.5359	0.8848
75.5499	19.3485	0.6765
92.2657	17.4575	0.9017
95.7879	5.8787	0.9844
93.4007	10.5701	0.9419
97.9886	1.9813	1.0
96.2698	3.8804	0.996
85.6767	9.2718	0.9078
90.2062	12.2683	0.895
91.6158	14.4949	0.9115
87.5099	18.0454	0.821
94.4127	7.4306	0.9746
89.6676	8.1412	0.9588
94.5752	6.1272	0.9905
92.4929	9.2963	0.9571
93.1115	12.8923	0.9273
96.6036	5.1441	0.9891
60.9868	18.4789	0.4109
80.3109	12.2372	0.7857
97.169	3.4877	0.9941
97.3452	2.2543	1.0
96.8159	4.1261	0.9959
96.3287	6.6524	0.9728
91.5388	10.7909	0.9513
93.9207	5.7785	0.9856
92.6497	8.7746	0.948
81.2998	13.5039	0.836
93.2718	8.1497	0.9556
93.9659	5.9653	0.9884
92.39	9.3252	0.9461
92.4983	7.2357	0.9809
94.7955	7.0324	0.9798
88.3455	12.7941	0.865
97.7621	3.4952	0.9951
92.9896	6.3473	0.9799
96.527	3.3495	1.0
91.9235	10.625	0.9514
96.5821	2.7115	1.0
94.0272	7.9507	0.964
91.5646	13.1169	0.9354
95.4438	3.0715	1.0
91.7488	12.4414	0.917
97.1774	1.9055	1.0
82.7777	10.9996	0.8828
89.2907	17.8336	0.8802
54.2272	12.9219	0.0533
93.5056	12.6692	0.9395
92.292	9.537	0.9499
95.7236	6.2534	0.9898
91.7444	8.1458	0.9474
95.2085	5.812	0.9808
95.552	5.7745	0.9835
95.7593	6.153	0.9837
84.7502	13.956	0.7899
89.7161	11.1093	0.9158
93.7418	7.2516	0.9791
94.005	7.5248	0.9742
96.0184	3.7702	1.0
71.1157	22.94	0.5946
97.7363	2.1652	1.0
91.5519	9.1621	0.9694
87.0627	11.3784	0.878
93.9187	5.3062	1.0
84.9045	15.56	0.7826
96.6032	2.5281	1.0
93.9049	13.6915	0.9435
91.4793	14.7232	0.9349
76.4447	27.1216	0.6975
88.2735	15.9522	0.8906
96.4489	5.8983	0.9856
94.8244	7.152	0.9782
90.379	14.0841	0.9024
89.7883	10.4192	0.9141
93.2213	9.4401	0.9691
94.6591	7.9116	0.9756
91.5091	11.4464	0.9608
95.8437	7.2201	0.98
86.6282	12.1562	0.9049
96.4087	2.9555	0.9966
95.4349	5.6211	0.9859
88.8697	14.8554	0.9141
91.9965	4.789	1.0
95.6652	6.6777	0.9783
93.8697	5.1927	0.994
92.9293	13.3228	0.9064
57.5639	15.6931	0.2404
91.9526	7.9606	0.973
52.6182	11.3691	0.1161
91.0315	11.3728	0.9474
96.715	3.2181	0.9978
91.5081	9.8283	0.95
94.1686	9.994	0.9536
96.5189	5.5689	0.9905
93.6132	9.4227	0.9524
93.4119	9.6216	0.9496
93.162	6.3945	0.9747
94.2993	6.1111	0.9917
95.9242	2.8597	1.0
78.9557	17.5671	0.786
91.4364	15.24	0.8981
89.8965	8.0417	0.9681
91.2052	9.9232	0.9474
83.0217	14.2835	0.8699
92.5693	5.9703	0.9937
68.6112	19.36	0.5155
96.0053	5.1355	0.9898
93.3585	7.9782	0.9752
95.7068	5.6304	0.9833
96.3293	6.674	0.9725
93.6603	8.0894	0.9693
84.684	15.1494	0.8287
88.9651	13.257	0.9123
96.3692	3.863	0.9951
91.0149	11.4333	0.9198
94.6043	8.5149	0.9745
97.0594	1.886	1.0
96.0131	3.4806	1.0
97.72	1.776	1.0
89.4825	12.1604	0.8913
94.3325	7.5225	0.9668
89.4974	12.0436	0.9059
89.3969	15.5579	0.8673
97.3095	1.7065	1.0
97.3948	2.0017	1.0
97.4121	1.9504	1.0
94.9125	3.5312	1.0
95.8071	5.0876	1.0
94.6843	9.5221	0.9715
95.6539	7.3433	0.9652
95.0354	5.8856	0.9882
68.8843	15.1638	0.5988
90.8159	13.7417	0.8934
84.8845	10.5115	0.8987
86.3771	8.9191	0.9453
95.0526	4.8524	0.9947
87.7299	10.6705	0.9205
88.7272	11.2414	0.9327
90.005	6.5951	0.9727
91.9948	9.1617	0.9532
84.1541	9.1994	0.9065
91.4298	7.3018	0.9833
95.3601	4.6986	0.9937
89.1813	12.9122	0.9265
69.5967	12.7622	0.604
86.0372	16.3223	0.7967
83.8929	13.4277	0.8612
63.6678	17.4641	0.3529
91.9389	9.2378	0.9726
92.0601	10.0136	0.9159
67.3082	12.6495	0.5256
98.1293	1.2439	1.0
86.6215	12.0742	0.8827
94.0693	9.56	0.9675
95.1509	11.3605	0.951
39.347	17.0215	0.0865
96.1154	2.7683	1.0
92.5629	12.141	0.9417
92.9047	9.8158	0.9679
94.2661	6.6389	0.9773
88.9783	15.4421	0.8698
92.9511	10.2286	0.9454
96.0914	3.8709	1.0
97.1326	2.9954	1.0
91.9783	10.8959	0.9356
89.0113	11.0886	0.9211
88.5916	6.2904	0.9907
94.428	5.3245	0.9974
87.1417	15.3625	0.8065
74.3676	9.0319	0.7541
92.5545	11.8278	0.9174
88.1214	7.1931	0.9408
88.4268	13.7358	0.9253
94.0382	9.4434	0.9559
90.636	12.5735	0.9109
92.7792	8.3615	0.9444
92.0121	7.9781	0.9673
97.4919	2.5386	1.0
92.3279	6.1515	0.9853
95.1651	3.3869	0.9948
91.5252	10.4231	0.9252
97.5132	5.4587	0.9818
88.215	9.9208	0.9438
90.6242	11.9689	0.9362
96.5528	3.1305	1.0
88.4079	13.6601	0.885
91.6556	10.7133	0.9275
90.7307	9.6166	0.964
98.362	1.5801	1.0
95.6515	5.9282	0.9879
93.4901	8.0984	0.9758
94.8742	8.2298	0.9684
96.7788	3.6433	0.9941
96.4249	7.0641	0.9808
55.1227	9.2222	0.0088
91.1297	10.9065	0.9379
94.0714	8.5028	0.9593
95.5171	4.1588	0.9936
94.6942	5.8737	0.9881
93.1012	7.0127	0.9806
89.4776	5.0649	0.9837
97.1181	2.9556	0.9976
91.0912	10.0442	0.9481
55.5771	18.2811	0.3092
95.521	6.6832	0.9828
96.4772	7.0274	0.9776
95.2573	6.713	0.9701
78.4	15.1212	0.7143
84.0313	17.0075	0.7966
90.0873	5.8161	0.9783
95.7821	5.9994	0.994
97.3372	4.3017	0.9946
88.1659	15.988	0.8836
88.9287	11.4161	0.9013
93.3337	4.8635	0.9911
85.9613	13.2662	0.8449
93.4713	7.282	0.9846
95.7154	5.1961	1.0
70.2333	16.6221	0.5909
91.274	5.9975	0.9796
85.8917	10.8207	0.9121
92.994	5.61	0.9875
77.6816	20.1206	0.7188
93.513	9.3953	0.9465
92.4086	5.7286	0.9874
87.0884	13.2448	0.9067
85.5508	10.0764	0.9407
95.1045	6.3945	0.9772
76.6492	20.2668	0.7099
92.1215	9.3533	0.9435
95.9522	4.8549	0.9918
94.3642	5.4187	0.9921
95.6316	6.9193	0.9834
97.3601	2.2887	1.0
48.7061	9.0257	0.0093
93.2927	6.9651	0.9801
88.2304	9.521	0.9537
92.8733	12.0055	0.9527
91.9242	6.7658	0.9686
93.404	8.1162	0.9699
81.3735	11.7429	0.8052
95.7883	5.0847	0.9973
93.7838	6.729	0.9783
79.8635	10.8894	0.85
97.2198	3.2649	1.0
94.5432	9.6846	0.9672
75.9762	20.4023	0.6598
93.2585	5.7209	0.9966
91.1697	9.1848	0.9533
97.0694	2.4792	1.0
96.6289	3.2279	1.0
94.9995	7.9714	0.9839
85.226	12.5943	0.8849
97.4735	2.8015	1.0
81.8555	17.6214	0.7825
91.4616	9.8733	0.9372
93.9104	5.853	0.9878
91.1971	9.3857	0.954
75.6198	19.3751	0.6768
97.7943	2.332	1.0
97.9642	1.8278	1.0
97.7552	1.781	1.0
82.6767	15.4286	0.7837
88.9736	7.3298	0.9764
96.9062	2.63	1.0
94.8676	5.5933	0.9945
93.9387	10.7626	0.9222
91.8192	9.9438	0.9601
83.6394	16.1821	0.8033
94.3271	7.6423	0.9716
91.0153	12.0455	0.9501
96.2112	3.2068	1.0
93.9023	7.8999	0.9715
47.4014	9.1099	0.0
92.3449	9.5968	0.9494
94.5453	4.8278	0.9924
97.5866	2.6079	1.0
82.9992	22.5304	0.796
95.1392	9.1072	0.9543
93.6159	5.8157	0.9904
94.605	3.5973	1.0
85.2559	12.0624	0.8787
92.8297	7.2643	0.977
92.5551	13.7074	0.9385
93.7527	7.1771	0.9661
87.572	18.9018	0.8423
90.1285	11.7228	0.9133
92.4992	4.9286	0.9863
96.7225	4.8736	0.9896
96.5566	4.9948	0.9899
96.1499	4.6997	0.9937
81.4939	12.0643	0.8906
91.3267	10.7519	0.9589
97.2092	4.8026	0.9854
95.022	9.8683	0.9696
96.5872	3.5369	0.9936
96.5116	2.2502	1.0
91.0934	10.8258	0.9134
97.1689	2.2845	1.0
91.2798	13.583	0.8941
94.4132	11.5071	0.9578
81.3245	9.1104	0.8764
95.3274	4.726	0.9935
79.2401	21.3181	0.7467
94.9962	4.5029	0.9894
70.2153	21.1259	0.5104
90.7368	7.6387	0.9626
92.8752	9.5296	0.9399
94.5859	5.5465	0.992
93.2575	8.3416	0.9717
91.421	9.1701	0.9692
94.9839	7.2385	0.9806
93.5603	5.6623	0.9862
87.9573	14.1719	0.8869
85.9334	6.9052	0.9697
78.0732	11.5614	0.7719
92.948	7.8854	0.9739
74.5596	13.1573	0.625
94.4199	5.4516	0.9871
82.6297	15.5736	0.765
95.0964	6.204	0.9852
90.9306	6.0935	0.9958
67.6716	21.2165	0.557
93.8457	7.2961	0.9735
79.2248	12.9269	0.7619
53.0325	13.4405	0.1286
94.7413	9.0011	0.9747
92.0962	8.1432	0.9665
95.7256	5.4285	0.9794
74.0875	11.7041	0.6462
97.5523	2.4308	1.0
93.4613	6.7727	0.9791
92.8879	7.87	0.963
95.0611	8.9482	0.9721
97.4561	2.104	1.0
97.1732	2.1836	1.0
95.8845	4.2019	0.9917
92.9523	8.0251	0.9625
93.817	5.8061	0.9933
78.8289	14.0448	0.7358
97.304	1.865	1.0
96.9132	2.5744	1.0
96.5414	3.8951	0.994
85.5741	15.8025	0.7701
93.4345	6.9989	0.9727
91.417	5.9268	0.9929
53.6004	9.1	0.0463
98.0008	0.8946	1.0
86.9609	13.6462	0.8686
90.7201	12.8609	0.9135
95.2249	7.5697	0.9777
95.0149	6.1375	0.989
92.0548	8.0174	0.9643
93.2218	6.774	0.9923
89.5096	4.9328	0.9775
83.8702	8.318	0.9394
75.7105	13.8276	0.6301
91.759	12.4403	0.936
96.0068	4.6384	0.9839
84.9367	9.6534	0.9156
95.4673	3.9278	0.9932
85.7854	14.4853	0.8998
95.9768	6.6916	0.9795
96.8618	5.3032	0.9816
83.8324	13.6931	0.822
92.0077	7.4862	0.9646
93.2165	8.9537	0.9645
96.3023	4.1908	0.997
96.4133	2.2062	1.0
96.1907	2.8499	1.0
94.9239	8.0214	0.9697
85.9519	22.1467	0.8323
85.9038	13.4264	0.8826
95.0735	7.5417	0.9691
94.8722	5.2348	0.9941
87.9639	11.8716	0.9154
97.5951	4.3013	0.9928
90.5021	7.9212	0.9756
95.3369	6.8076	0.9731
91.0275	12.1987	0.9262
95.4136	6.5236	0.9876
89.456	9.7175	0.9474
94.683	7.6277	0.9792
94.4417	6.7943	0.9821
96.7095	3.1498	1.0
93.4412	4.6473	0.9968
85.9854	8.7649	0.9111
90.7952	13.5145	0.8811
93.5554	7.3797	0.9701
96.6501	3.8955	1.0
62.2769	7.2956	0.1111
94.462	9.6769	0.9624
90.9017	11.6566	0.9559
94.8114	5.0459	0.9926
96.8056	5.1678	0.9862
83.531	8.0994	0.9343
82.4583	16.4876	0.8453
88.5393	7.5976	0.9333
92.9311	8.6815	0.9595
95.6113	6.2034	0.9823
95.7361	6.1084	0.9843
95.7324	7.549	0.9817
92.3606	9.4429	0.9607
87.6647	15.6284	0.8929
90.4685	17.6245	0.8865
71.291	10.8466	0.5484
91.6491	7.8615	0.9655
83.8736	13.6268	0.8525
56.8798	12.9155	0.1273
97.4849	2.8892	1.0
96.0962	4.0477	0.997
92.9631	2.7444	1.0
35.354	7.7499	0.0
90.5339	7.6357	0.9667
66.9995	10.9399	0.4615
77.9537	17.4497	0.7087
79.5067	7.6968	0.913
97.0958	2.8211	1.0
92.27	10.6354	0.9593
91.1388	10.2295	0.9583
83.4478	14.8436	0.8162
86.3833	11.9654	0.9025
94.865	7.378	0.9768
81.7256	14.7561	0.8047
62.5918	21.9112	0.4565
85.656	13.3031	0.8696
91.3789	10.4407	0.965
91.1247	10.8585	0.9606
94.5766	10.0122	0.9796
94.6252	6.3915	0.9783
89.8543	7.0801	0.9842
80.2611	22.3304	0.7579
93.7453	10.1286	0.9399
96.1965	2.5794	1.0
78.5291	6.1639	0.8696
57.4843	24.0214	0.4125
85.1435	13.0097	0.8919
53.2347	23.8335	0.2713
80.5753	17.3863	0.7638
94.7158	6.2083	0.9875
88.0456	3.7364	1.0
91.3866	7.5189	0.9798
93.7479	7.5234	0.9729
96.2538	4.3877	0.9947
97.2633	2.4988	1.0
96.3962	3.8491	1.0
95.6935	5.7097	0.9795
90.2539	10.4973	0.9167
94.0539	8.7582	0.9349
91.7346	7.4753	0.9711
95.3336	3.7612	1.0
91.9847	8.6016	0.95
91.9276	8.445	0.9679
97.8617	1.7931	1.0
96.7196	2.377	1.0
91.6079	10.0577	0.9502
96.1829	5.8917	0.9818
93.3579	10.3369	0.9419
90.4543	12.2276	0.8836
96.414	3.5416	0.9936
92.7073	9.7419	0.9542
92.9642	10.2297	0.9621
88.0825	9.3528	0.945
82.8033	17.719	0.8169
79.1434	14.2031	0.7833
96.3882	3.781	0.9968
95.0861	5.0336	0.9839
84.0175	17.8966	0.856
96.6891	4.112	0.9916
93.9934	4.4749	1.0
63.775	20.0772	0.3806
97.1941	4.071	0.9928
96.6978	5.3901	0.9832
91.8628	8.8554	0.9542
93.1955	10.8563	0.9545
84.9795	12.8082	0.8506
86.7507	13.6285	0.875
94.6351	6.1226	0.9796
94.073	11.5951	0.9444
90.2905	8.1098	0.9702
94.9376	6.6291	0.9823
96.8015	2.0152	1.0
91.8251	6.675	0.9786
95.7016	2.9004	1.0
97.4594	2.0057	1.0
94.137	5.1886	0.9962
97.5552	2.4009	0.9952
97.4074	1.5013	1.0
69.2821	9.954	0.5534
95.778	4.7442	0.9932
61.5723	14.7145	0.3491
93.2815	8.1646	0.9735
80.7666	22.4254	0.7705
91.2611	12.5396	0.9049
80.1398	12.3963	0.7812
96.7467	4.4273	0.994
90.2408	16.9165	0.9203
96.9183	3.5209	0.9953
92.5005	11.391	0.9589
91.9437	11.4298	0.93
86.2147	10.3845	0.9297
89.6756	9.8973	0.9402
80.412	20.581	0.7277
80.076	16.8253	0.72
97.1611	5.8913	0.9858
96.6188	3.6293	0.9981
91.4654	5.8747	0.969
70.3507	21.1415	0.6804
97.2935	3.8528	0.9949
97.4406	2.7625	1.0
88.8415	14.4017	0.9062
94.768	6.8817	0.9889
95.6089	7.5173	0.9635
82.2516	16.3515	0.8196
48.5838	8.14	0.0
89.2133	15.2601	0.8438
90.9555	9.3824	0.9692
71.9744	13.696	0.6299
95.0145	4.3062	1.0
85.9391	8.3535	0.9677
94.7727	5.6051	0.9948
92.6869	9.3045	0.9561
83.8649	7.389	0.9149
86.0293	7.5248	0.954
84.591	15.5336	0.7792
81.3059	16.826	0.7615
94.3789	5.9471	0.9857
95.7465	7.087	0.9803
96.6374	7.3365	0.9847
91.871	8.9343	0.9591
95.2318	6.3468	0.9898
82.8591	13.1663	0.8456
84.1875	12.8252	0.8286
91.725	15.3517	0.9048
81.5269	12.293	0.8425
95.6348	3.6077	1.0
92.0052	11.041	0.9045
90.5257	10.0503	0.9528
91.7463	8.205	0.9785
88.4148	15.532	0.8372
98.2264	1.5407	0.9982
96.9771	2.0353	1.0
93.5755	8.5086	0.9623
96.594	5.1419	0.9886
93.8075	8.0019	0.9677
90.2888	7.5531	0.9783
92.6587	6.1545	0.9923
92.0723	7.2946	0.9718
94.7593	5.3177	0.9868
77.5514	12.2525	0.6019
91.9161	10.3104	0.9476
38.5222	11.6098	0.0253
95.2292	3.9506	0.9956
91.7969	7.4971	0.9652
89.7385	8.8672	0.9326
82.904	15.6322	0.7941
91.4201	9.5767	0.9708
84.3424	12.5074	0.9
94.0709	6.7689	0.9712
96.3891	3.2847	1.0
95.1154	5.7238	0.9877
95.4893	3.3348	1.0
95.9781	5.9724	0.9701
93.9122	8.0163	0.9533
89.4958	13.6722	0.8804
76.3663	9.2149	0.6867
89.961	7.2456	0.9816
98.1227	0.967	1.0
96.1137	3.5369	0.9976
94.4056	9.0076	0.9574
96.0311	4.5464	0.9916
95.831	9.3031	0.9569
81.4004	7.6006	0.8765
51.3761	8.3577	0.0
89.8602	12.3388	0.9225
88.9224	16.622	0.892
90.7039	16.9103	0.8961
96.7163	5.3732	0.9869
95.5728	3.82	0.996
90.1773	6.5282	0.9839
94.881	8.6674	0.9766
93.145	12.5868	0.9392
93.0549	8.8333	0.949
96.4202	5.078	0.9884
80.9223	13.7287	0.7783
97.4802	2.5775	0.9946
81.3642	14.1863	0.732
92.5468	12.0141	0.9419
88.7618	10.3417	0.9009
93.8223	6.1916	0.9933
76.0865	15.4793	0.6892
88.5275	11.0144	0.9373
95.5258	4.3396	0.9946
85.224	8.7098	0.9298
81.314	8.5751	0.9186
91.9945	11.3619	0.9279
86.7346	16.7279	0.8711
83.8788	15.5474	0.8053
95.9035	3.5501	1.0
94.2913	11.6749	0.9483
94.596	6.5086	0.9796
69.6066	11.0983	0.4684
90.2369	4.8874	0.9804
97.5826	1.9001	1.0
96.8056	3.4998	0.9947
92.5554	9.0694	0.9592
94.5515	7.6908	0.9741
94.3979	9.591	0.9455
91.5839	12.0824	0.9206
96.386	8.7116	0.9694
68.6003	8.8449	0.5738
92.9355	11.5916	0.958
95.8178	4.5792	0.9951
93.6188	7.7762	0.961
96.2451	2.8043	1.0
92.0087	6.5242	0.9836
83.4989	21.9934	0.7574
96.9027	2.7293	1.0
94.2541	7.5109	0.9767
65.8775	26.1204	0.6106
91.6711	7.2394	0.9699
94.2033	8.9263	0.9586
93.5559	5.7325	0.9916
95.4316	6.4983	0.9789
93.9465	6.9181	0.9683
94.8374	7.2126	0.98
93.7813	5.1681	0.9877
97.8148	3.214	0.9937
90.2219	8.7883	0.963
92.5134	12.7774	0.9471
79.2967	9.1505	0.8571
80.2646	19.7266	0.7024
95.4583	3.2327	0.9969
94.8878	5.9864	0.9851
94.2456	5.3393	0.9926
89.6559	8.3189	0.9579
94.4295	7.3287	0.9656
96.855	3.5374	0.9964
77.9937	16.0611	0.7059
92.4559	7.2461	0.9603
89.3255	4.556	0.9803
92.4169	8.2791	0.9492
81.5859	15.9474	0.7805
97.0579	2.9415	1.0
94.4216	9.1866	0.9669
89.6303	14.0711	0.8962
69.7063	14.9835	0.598
82.4892	19.7271	0.768
90.9576	9.0533	0.9482
93.4293	7.6011	0.9631
95.212	3.6152	1.0
93.5889	8.1108	0.9744
89.1042	14.7101	0.9192
90.4804	15.6207	0.8954
97.255	4.2213	0.9877
91.3925	8.6209	0.9668
95.2942	5.8337	0.98
93.6333	8.7454	0.965
94.9685	5.4346	0.9868
86.7482	15.5546	0.9101
86.0995	17.1007	0.8353
96.002	3.224	1.0
87.6793	8.7043	0.9474
92.9	8.1272	0.9489
97.4516	3.188	0.9954
92.3265	9.2285	0.9476
94.8329	6.3124	0.9781
97.2143	2.809	0.997
90.2801	9.9025	0.9319
92.6211	12.0274	0.95
47.5658	11.6687	0.0469
93.184	7.4003	0.9734
92.3674	7.8446	0.9677
96.2793	3.6487	0.9981
94.4884	6.9259	0.975
95.9936	4.4958	0.9928
82.7909	17.4046	0.8034
97.6657	4.242	0.9911
96.069	3.3719	0.9943
95.6795	4.5747	0.997
92.2887	9.0754	0.9574
97.0228	2.5644	1.0
93.495	11.9387	0.9398
89.5604	13.9577	0.9003
88.7878	18.9498	0.8949
77.5445	15.5033	0.7647
93.1527	7.6152	1.0
97.4061	3.5404	0.9945
91.578	11.3668	0.9388
90.5671	11.7767	0.9229
91.475	5.7528	0.992
79.6297	11.7052	0.8
90.0694	11.0225	0.9144
96.4379	6.1733	0.9783
89.0428	8.3175	0.9674
98.5567	0.4661	1.0
81.5052	15.165	0.7771
97.5697	2.1596	1.0
95.2676	7.1871	0.973
96.1784	7.0429	0.9761
85.7203	5.4895	0.9857
95.369	5.0889	0.9899
79.0365	14.0286	0.8
93.7139	6.771	0.9717
86.5055	12.1046	0.9031
69.8719	15.8319	0.5563
98.2713	1.9009	1.0
82.4457	13.1631	0.8454
92.1216	6.9279	0.9732
87.3982	8.6779	0.9274
83.124	17.6659	0.8182
96.6023	3.6001	0.9948
84.8094	15.6879	0.7857
63.4769	14.0555	0.3607
67.513	10.8949	0.4231
94.5591	7.2533	0.9788
91.7697	6.0101	0.9798
87.6119	15.0005	0.8486
95.5396	5.753	0.9866
93.3728	10.7968	0.9568
93.5305	6.6562	0.9888
94.8827	4.7715	0.996
89.8924	11.5298	0.9375
94.2609	9.3657	0.9369
95.7696	5.9609	0.9828
93.3789	11.2565	0.9494
85.7415	12.9005	0.8537
89.6834	10.4996	0.9634
94.535	6.7217	0.9861
60.0432	16.0334	0.2468
97.8984	1.2397	1.0
97.6419	4.2435	0.9975
92.0669	10.138	0.9496
81.1534	17.3781	0.7447
85.2849	17.8473	0.847
93.0554	10.8702	0.9538
94.8396	3.8232	1.0
91.7511	8.4209	0.9514
88.7496	15.7726	0.8641
76.9197	18.3548	0.6991
89.0984	13.0799	0.9015
89.8444	5.7748	0.9747
76.6045	19.8347	0.5963
89.7458	9.9949	0.9394
91.4921	15.8949	0.8992
79.3959	13.817	0.7742
96.1532	3.4525	1.0
92.6761	9.857	0.9448
92.2843	9.6777	0.9602
84.8256	8.3932	0.9242
94.5854	6.5736	0.9859
94.8553	6.4906	0.9649
63.4574	22.2932	0.5117
97.6376	2.3263	1.0
66.5538	16.2218	0.4654
95.8653	5.6583	0.9898
51.1159	12.1727	0.0892
94.9937	7.1246	0.9808
91.6355	10.7497	0.9561
92.6338	4.8298	0.9935
96.3626	3.5741	1.0
91.6247	7.9747	0.9607
96.4177	3.4723	0.9951
88.8638	12.6024	0.9163
95.8049	3.8278	0.9977
85.7349	15.0072	0.8595
95.7279	6.4247	0.9854
96.7684	7.303	0.9774
90.3246	9.8108	0.9506
84.5233	12.7465	0.8863
77.827	16.373	0.7341
92.164	10.0021	0.9286
94.9259	4.9653	0.9875
95.9409	4.214	1.0
93.4031	7.467	0.9701
88.1353	12.6105	0.8683
88.9109	10.5379	0.9198
89.1755	18.2852	0.8756
88.9925	15.5407	0.9094
92.139	10.8729	0.9567
96.8916	2.6693	1.0
81.4519	14.3799	0.81
90.7223	8.6852	0.9619
97.0224	2.075	1.0
97.5923	1.9088	1.0
96.4779	3.1886	1.0
93.4116	7.777	0.9716
89.8971	21.246	0.8865
87.6814	11.957	0.9032
96.6789	3.3316	1.0
95.5631	2.731	1.0
77.2232	16.0831	0.7027
49.4272	18.0288	0.1684
55.6128	9.444	0.0461
84.0786	12.8555	0.8688
84.578	11.5404	0.9067
83.7601	18.6695	0.8421
94.9102	2.8377	0.995
85.7928	15.9905	0.8496
94.5696	5.0245	0.9965
80.9939	16.5425	0.7942
92.5784	6.0301	0.9789
89.5172	13.9585	0.872
91.4162	10.4414	0.9414
95.1918	5.7445	0.9927
97.5743	2.8815	0.997
89.3771	10.183	0.9524
92.7419	5.3555	0.9924
90.8033	13.8774	0.9172
96.6022	5.7164	0.9866
93.3843	3.1087	1.0
90.6313	8.1812	0.9702
80.8737	12.6782	0.8323
91.3041	8.6674	0.9569
94.3199	6.9881	0.9813
88.7158	8.4379	0.9588
91.7496	11.0509	0.9079
95.1197	4.3822	0.9914
84.8177	15.2495	0.7829
95.35	4.8244	0.9932
85.559	12.215	0.8235
92.8119	6.3615	0.9884
97.4463	3.4042	0.9946
88.8883	14.2268	0.906
95.7409	6.5182	0.9729
96.626	6.2177	0.9729
92.6989	9.5946	0.964
97.3028	4.6343	0.9895
93.3506	12.5055	0.9327
94.8042	2.5811	1.0
79.8017	17.9722	0.7042
85.424	11.5435	0.897
88.834	17.1211	0.8462
91.4431	9.0325	0.9536
78.1353	9.0074	0.7765
94.9349	5.4859	1.0
96.6348	4.2121	0.9962
93.1316	3.7896	1.0
96.0227	6.5123	0.9806
90.1127	18.8171	0.874
56.5096	22.6812	0.3392
86.6437	12.9849	0.8158
97.2916	7.1119	0.9804
86.645	11.8918	0.903
91.973	9.3048	0.9522
97.5256	3.2615	0.995
93.7876	4.3938	1.0
95.5389	4.2332	1.0
96.236	4.9504	0.9912
96.7755	3.521	0.9948
93.5759	10.2531	0.9404
95.2642	11.4478	0.9581
94.3847	7.3751	0.9735
79.7098	17.8596	0.7099
51.7593	5.8573	0.0
97.6995	1.8435	1.0
88.8537	7.7925	0.9677
97.0125	2.8477	1.0
92.0867	7.0897	0.9826
96.7567	4.6507	0.9882
88.0424	8.4812	0.9534
88.3111	5.0967	1.0
93.6529	5.4793	0.9878
95.6265	5.4515	0.9894
94.7034	9.5316	0.9595
86.7573	7.7457	0.9688
61.9613	18.3617	0.3409
94.2658	7.0456	0.9802
95.932	4.5439	0.9915
94.1383	6.7366	0.9882
91.2361	8.5371	0.9503
88.8281	15.7298	0.8521
98.164	1.6504	1.0
94.756	6.1262	0.9801
96.1051	4.2881	0.9916
95.5208	4.0669	0.9966
93.8852	9.2275	0.9545
94.234	7.5638	0.9839
92.8458	5.2342	1.0
91.9861	12.163	0.8592
95.5079	7.1074	0.9803
96.4134	2.5386	1.0
97.2191	2.377	1.0
92.2513	7.9083	0.9687
95.1171	8.3493	0.9768
96.1346	5.3717	0.984
92.5336	10.4422	0.9318
91.6114	10.0949	0.9335
91.0944	9.667	0.956
94.5584	8.762	0.9561
95.6175	4.4729	1.0
93.8011	7.4265	0.9699
47.45	22.6979	0.2063
90.5816	8.9547	0.9583
94.9003	7.762	0.9626
90.2552	13.0789	0.8585
94.4752	7.6515	0.9773
94.1276	5.3468	0.9967
97.5843	2.4102	1.0
87.5489	10.5357	0.9435
88.3311	9.8051	0.9429
93.7288	7.2644	0.9691
90.626	9.7864	0.9345
82.2799	10.1983	0.8428
97.6808	2.1953	1.0
87.4824	10.1514	0.9161
91.8438	11.9051	0.9418
96.2394	5.3331	0.9873
97.6352	1.4753	1.0
86.6698	12.0655	0.9008
92.5653	6.552	0.9608
97.6836	1.842	1.0
85.0813	13.8071	0.8624
92.0256	8.861	0.9706
97.5254	5.3853	0.9811
95.2415	9.5332	0.96
91.3279	10.8692	0.9547
97.2221	2.2186	1.0
87.8609	16.8854	0.7625
92.7975	9.1241	0.9577
95.5796	4.7972	0.9857
94.303	4.4738	1.0
68.2774	5.7443	0.4643
94.9747	4.8024	0.9978
93.8797	7.2352	0.9659
92.6601	12.5958	0.9328
90.4094	11.4268	0.9167
91.663	6.4858	0.9808
97.1489	2.3247	1.0
93.996	7.2278	0.9813
92.4047	11.9358	0.9351
96.1669	4.219	0.9919
93.4632	8.9496	0.9545
95.0533	5.6369	0.9756
94.6741	5.9464	0.984
72.0501	10.2665	0.5273
94.4429	7.8657	0.9656
95.2892	7.2431	0.9832
97.1443	3.9134	0.9953
96.6833	3.071	1.0
72.7209	20.6432	0.6032
93.0079	7.3311	0.973
96.949	3.4512	0.9963
