519	27.2196	25628.9569	49.3814	9.5362	11.2902	22.8582
245	20.2121	13553.7027	55.3212	6.7483	9.1947	16.6868
286	23.5927	15143.8856	52.9506	7.5912	9.4138	20.2576
229	18.122	13171.7189	57.5184	8.5349	9.586	12.7934
150	20.3996	10874.1347	72.4942	5.8488	8.6739	17.5128
267	19.2971	12861.4843	48.1704	6.7629	10.451	14.7451
328	20.8049	16617.9109	50.6644	7.6989	11.4276	15.5878
1211	43.674	64099.5356	52.9311	16.2698	19.9097	35.3032
136	17.3511	9674.3654	71.135	6.178	7.476	14.3876
558	53.2897	31941.9903	57.2437	7.4443	13.0491	51.1282
456	21.1903	18524.5044	40.6239	9.9949	11.5729	14.6697
91	35.7822	9443.6328	103.7762	3.7818	4.5737	35.2866
743	45.0045	45386.3012	61.0852	12.7956	17.5055	39.4365
312	31.5164	18861.067	60.4521	8.9939	10.0733	28.4766
242	17.6468	12365.1613	51.0957	8.659	9.0231	12.4504
101	16.5639	6935.3743	68.6671	5.9657	8.5744	12.855
315	24.758	18958.9752	60.1872	8.4674	14.4209	18.2565
353	40.8059	21357.9441	60.5041	7.6115	9.4419	38.962
194	15.6034	9442.7142	48.6738	7.2915	8.9395	10.5065
301	20.0938	14437.7575	47.966	7.7832	9.6688	15.8017
656	27.824	34691.2846	52.8831	12.221	15.1572	19.8766
141	16.6098	8152.5219	57.8193	5.7316	6.9998	13.9297
226	17.6337	12410.8408	54.9152	7.4599	10.4479	12.0888
457	21.9431	19014.0181	41.6062	9.4263	11.4315	16.1853
114	16.5591	7950.0393	69.7372	5.4762	6.8716	14.0356
252	17.7544	11542.9174	45.8052	7.8402	9.3117	12.9245
322	23.0094	18521.1273	57.519	8.8786	9.8483	18.8047
423	27.4101	21851.5053	51.6584	9.7694	10.6406	23.2949
272	18.6567	12777.8388	46.9773	8.3193	8.5203	14.3619
492	22.9436	19593.5289	39.8242	9.9795	10.8785	17.5635
92	22.0114	7338.6194	79.7676	5.2946	5.6225	20.612
360	21.2109	17540.2689	48.723	8.9099	11.7381	15.2555
213	19.2513	18115.3427	85.0486	8.5262	10.6925	13.5494
178	21.3013	11656.1239	65.4838	6.6069	7.9377	18.6303
200	22.2346	14030.3602	70.1518	7.792	10.9441	17.7168
593	30.8113	33486.6232	56.4699	9.9128	15.8808	24.4718
161	15.4409	9990.7172	62.0541	8.2199	9.0649	9.417
79	11.8964	5247.7143	66.4268	5.2696	7.0151	8.0338
185	24.4801	13958.0878	75.4491	6.4727	8.0795	22.1834
237	17.6366	12411.2359	52.3681	7.8145	10.9106	11.443
98	13.4802	6376.828	65.0697	5.8217	6.7118	10.1378
194	19.0228	13725.9726	70.7524	6.4427	10.2779	14.6535
633	24.6031	27312.6584	43.148	11.0489	14.8776	16.183
121	14.5336	8095.3073	66.9034	7.2794	8.1186	9.6086
551	25.5549	23968.9072	43.5007	10.1457	12.5324	19.8257
452	22.968	21644.5901	47.8863	9.8068	11.4131	17.3522
215	16.939	10862.8958	50.5251	7.3414	9.0711	12.2779
266	18.9268	13628.1018	51.2335	7.4466	10.37	13.9726
429	27.1403	21194.4679	49.4044	9.3478	10.114	23.3864
149	20.3572	9388.302	63.0087	4.9016	7.6193	18.23
343	20.4359	16104.0298	46.9505	8.4805	11.361	14.7185
282	23.0488	18038.3401	63.9657	9.3331	11.8991	17.3939
397	20.053	16405.6106	41.324	9.8272	10.7677	13.7698
367	23.3311	19470.6732	53.0536	11.4238	12.7815	15.8262
362	20.9074	16532.1519	45.6689	9.3701	12.5299	13.8681
926	31.2364	45324.3335	48.9464	15.5987	18.4741	19.7762
82	12.8541	5697.9958	69.4878	4.6393	7.5791	9.2878
659	29.7909	34674.4544	52.6168	11.9996	14.9955	22.7737
466	31.6423	27699.3802	59.4407	9.6041	14.6705	26.3397
632	28.765	33755.028	53.4099	10.5828	15.8733	21.5283
1694	46.5334	107955.9195	63.7284	19.7214	23.99	34.654
268	19.3722	14223.7105	53.0735	7.5011	10.8777	14.1665
186	38.2718	20547.7349	110.4717	8.5515	20.9464	30.8683
268	22.8231	16719.1141	62.3848	8.5175	12.1614	17.3334
208	22.841	13552.7468	65.1574	7.888	11.2378	18.2539
614	35.7678	34400.0698	56.0262	10.7039	12.6409	31.7012
150	33.3025	13488.4187	89.9228	6.8061	8.0921	31.5793
278	19.8145	15020.9268	54.0321	8.986	9.9485	14.5909
253	19.5348	13820.6714	54.6272	7.9292	10.713	14.2818
353	21.2883	15964.5852	45.2255	8.7883	9.3756	16.9722
362	25.2946	17882.3303	49.3987	9.1911	9.9186	21.3767
232	21.4862	13017.273	56.1089	7.222	7.8771	18.64
34	13.8413	4138.2502	121.7132	3.6325	6.1463	11.858
458	27.3242	24752.0612	54.0438	9.7706	12.3103	22.3518
176	16.8381	11091.2175	63.0183	7.2951	9.3365	11.9638
626	33.2216	31277.7549	49.9645	9.4937	12.1855	29.4119
129	24.2257	13981.2342	108.3817	7.8122	14.4684	17.7911
625	27.7348	28095.152	44.9522	10.0702	13.1847	22.2255
382	43.5665	24441.8417	63.9839	8.6034	9.6878	41.5953
72	14.4655	6764.4527	93.9507	6.7074	8.2321	9.8232
390	22.6317	19303.3797	49.4958	9.2596	10.3143	17.8904
325	46.3628	24847.74	76.4546	9.0827	9.6777	44.4225
73	17.4337	6759.5502	92.5966	3.857	6.848	15.5616
48	13.4391	5101.7889	106.2873	5.8974	7.0788	9.7837
245	22.4957	15746.4134	64.2711	10.5085	11.7469	16.0511
612	24.2055	22625.5613	36.9699	10.3916	13.0913	17.5082
232	18.0546	13155.2369	56.7036	8.8342	10.4852	11.7468
105	21.8205	10587.6277	100.8345	5.3815	13.5539	16.2316
192	18.8901	12370.4655	64.4295	7.0476	8.8778	15.1114
221	25.6779	14750.5343	66.7445	6.8401	10.7136	22.3111
292	19.2195	15143.5048	51.8613	9.0579	10.2256	13.5197
164	15.8377	9288.8856	56.6395	7.0153	8.8886	11.0731
226	19.8699	12402.6669	54.8791	5.899	9.2673	16.5569
146	15.9351	10301.0238	70.555	7.8974	8.7509	10.7228
404	21.3169	17520.42	43.3674	10.0456	11.386	14.9618
337	30.4287	22470.235	66.6773	8.5801	12.7269	26.2738
143	15.5478	9128.3013	63.8343	7.7591	9.0409	9.9895
235	22.2871	14565.3495	61.9802	8.2746	10.6133	17.7653
295	55.4492	22127.1632	75.0073	7.8165	11.4348	53.6914
416	24.6341	22368.5737	53.7706	8.1707	12.2763	19.7325
205	16.2758	11115.9466	54.2241	8.2065	9.686	10.1851
447	21.8141	20187.5948	45.1624	10.1693	11.6536	15.383
456	31.0685	23325.3013	51.152	7.8867	11.3581	27.8217
397	20.8714	17389.5295	43.8023	10.1056	11.8825	13.8672
468	30.8096	27638.0591	59.0557	9.8708	13.3812	25.9373
245	19.8394	14270.7523	58.248	8.3823	10.2363	14.7837
366	31.8132	23892.3798	65.2797	8.8517	13.5608	27.3831
346	21.3526	15834.9898	45.7659	8.4449	9.8819	16.9401
168	24.1743	12791.5176	76.14	5.4592	9.7485	21.4374
155	15.0397	8013.245	51.6984	6.788	8.8689	10.0727
436	21.924	19860.3486	45.5513	10.0576	12.2142	15.1763
338	20.1985	16432.4105	48.6166	9.7061	11.4735	13.4955
413	22.3479	17813.923	43.133	8.9441	10.3139	17.6934
275	17.8602	12172.7722	44.2646	8.6719	10.4055	11.6409
382	21.6958	18508.3171	48.4511	9.1023	11.3047	16.1263
276	19.5338	14743.4478	53.4183	9.2609	11.8163	12.4972
431	21.2233	18060.9853	41.9048	9.629	11.0418	15.3555
521	26.0117	23722.7289	45.5331	9.1113	12.2608	21.0538
371	22.0977	18985.6224	51.1742	8.5716	12.2847	16.2457
227	21.6239	13802.242	60.8028	5.4203	11.7513	17.324
139	30.367	15856.5014	114.0755	6.1772	14.0356	26.2107
208	19.1117	12357.1533	59.4094	6.2778	10.2149	14.8829
87	17.6407	6472.5979	74.3977	4.5111	5.2547	16.2244
358	20.4958	16244.4822	45.3756	9.6393	11.8646	13.6526
548	27.8517	27061.5376	49.3824	10.197	16.3467	20.1128
886	32.7318	37545.9236	42.3769	11.6914	14.8961	26.6981
155	15.684	8577.405	55.3381	6.3586	7.6946	12.0975
901	35.809	50514.4477	56.0649	15.8029	17.4887	26.9573
129	18.7559	9930.3456	76.9794	7.6721	9.2657	14.3899
233	17.2444	11972.104	51.3824	8.4869	9.7176	11.4415
258	20.284	14280.6677	55.3514	8.9635	12.1843	13.5144
134	22.2785	9948.7501	74.2444	6.3059	7.0294	20.178
328	26.2318	16473.6456	50.2245	7.6607	9.9306	23.0391
619	30.3204	30230.9895	48.8384	10.761	13.605	24.8683
119	14.1047	7667.0544	64.429	6.9066	7.3757	9.8408
369	23.9441	18435.1259	49.9597	9.8839	12.8648	17.6103
437	23.3809	21599.6489	49.4271	9.9869	10.5513	18.3194
720	28.8156	31171.5677	43.2938	12.5546	14.9298	21.209
913	33.1756	44447.6296	48.6831	11.2825	15.4316	27.1145
288	21.2034	17598.6655	61.1065	7.7667	13.7008	14.1969
83	14.853	6759.0285	81.4341	5.7186	7.4523	11.5053
292	20.3754	15411.7828	52.7801	9.4233	11.8105	13.6701
999	36.8058	53493.1774	53.5467	14.3239	15.2063	30.3028
288	18.8875	15042.0075	52.2292	8.3134	11.3154	12.6328
1111	52.2218	72879.8953	65.5985	20.565	23.6516	41.7708
166	18.7244	10578.6588	63.7269	6.3732	8.9612	15.1552
730	31.4128	28828.5817	39.4912	9.7771	11.0711	27.7237
179	16.5531	10197.9129	56.9716	6.4318	9.9005	11.6024
218	17.5504	11245.106	51.5831	7.0826	9.501	12.9454
328	25.5735	16732.7116	51.0144	7.6571	9.9639	22.2731
90	13.9073	6878.524	76.428	5.6812	8.2499	9.6476
63	13.1696	5517.3827	87.5775	5.3101	6.1153	10.3847
453	22.7921	19026.4236	42.0009	9.4938	13.2996	15.8893
135	22.6228	9773.8167	72.3986	4.7908	9.6763	19.8798
264	20.2559	14380.4659	54.4715	8.7787	9.8092	15.3953
73	11.6271	4829.6035	66.159	5.2805	5.9245	8.4974
215	16.2912	9973.4416	46.3881	8.225	8.748	11.0102
323	21.1446	16487.5187	51.0449	8.2162	10.3522	16.5051
328	21.3491	17220.0953	52.5003	9.5991	10.1468	16.1457
392	22.707	18386.4966	46.9043	8.4812	11.2401	17.814
212	22.1874	14778.4585	69.7097	7.1427	10.2463	18.3378
560	36.6659	30852.5028	55.0938	10.0703	11.5533	33.3092
72	31.0932	7409.0189	102.903	2.8046	3.5409	30.7634
327	21.5506	17600.9149	53.8254	9.383	10.811	16.1093
117	14.4065	7731.0382	66.0772	5.8592	7.702	10.6722
481	21.9208	20126.6449	41.8433	10.003	12.217	15.2055
414	22.2156	19576.7196	47.2868	9.9865	11.2014	16.3808
50	20.8334	5662.1294	113.2426	4.0793	8.3246	18.6573
318	23.2093	15965.1617	50.2049	7.3047	9.7853	19.7373
98	22.4029	8254.5448	84.23	5.6017	6.0068	20.843
101	12.9782	5993.3839	59.3404	5.9243	6.5247	9.527
394	21.3582	17709.8231	44.9488	7.8505	13.328	14.7277
504	27.4682	31549.0651	62.5974	10.9403	15.7112	19.6969
339	18.8702	14830.0968	43.7466	9.5397	10.4269	12.5043
510	24.6848	24055.4822	47.1676	10.8626	11.2395	19.1053
459	30.2204	31918.2351	69.5386	9.7051	17.3532	22.7585
78	16.5549	6046.6039	77.5206	4.8423	5.3958	14.883
205	22.4608	12398.6326	60.4811	7.6078	9.8291	18.7082
357	30.2215	27485.2987	76.9896	10.5926	19.4438	20.5687
185	23.952	11586.2317	62.6283	5.47	8.7752	21.6049
217	26.2145	14194.8213	65.4139	5.8558	9.4245	23.7505
635	26.5724	28905.1123	45.5199	9.1267	16.6295	18.6079
128	22.8916	9792.9332	76.5073	4.7316	9.8817	20.0995
856	38.7957	45270.2121	52.8858	13.4023	19.4698	30.7638
88	16.65	6683.7421	75.9516	4.4024	6.6205	14.6291
670	28.8503	34629.4984	51.6858	13.83	15.803	19.7822
56	13.0957	4948.5382	88.3668	4.3218	5.185	11.2221
328	37.1788	32689.5339	99.6632	13.9956	21.5913	26.8366
136	15.9055	8328.5195	61.2391	6.039	7.5385	12.6367
160	17.9457	9744.8091	60.9051	6.8685	7.2008	14.9339
291	19.4024	14983.7209	51.4904	7.9179	11.7763	13.2316
437	24.524	22238.1239	50.8882	10.2206	15.0943	16.4052
96	18.5889	8358.7419	87.0702	7.3025	8.3841	14.8972
291	20.417	15000.3616	51.5476	9.2606	9.682	15.4063
300	21.9654	17569.0005	58.5633	9.4755	11.5097	16.1313
506	24.5892	25618.885	50.6302	11.0202	15.0356	16.0348
237	17.5424	12388.4971	52.2721	7.6176	10.5025	11.8069
255	19.9998	13313.5424	52.21	8.2955	9.2867	15.6503
39	10.6936	3486.693	89.4024	3.2473	5.5286	8.5583
202	17.1769	10770.3875	53.3187	8.0253	8.9892	12.2408
46	11.374	4532.9415	98.5422	3.9817	6.3652	8.5439
275	17.6352	11409.963	41.4908	7.9207	10.2834	11.9379
211	17.7177	11056.8675	52.4022	7.2431	8.2322	13.9171
396	21.1621	18282.693	46.1684	9.1295	13.1927	13.7999
700	33.3135	32570.7089	46.5296	10.2689	13.0282	28.8895
85	12.4617	6021.5217	70.8414	5.8533	6.5237	8.8585
1298	58.479	82762.6409	63.7617	19.6328	26.5607	48.2584
213	19.2819	11224.1315	52.6955	7.1819	7.8522	16.0797
212	17.5873	11098.1219	52.3496	7.5887	8.5649	13.3555
68	17.2782	6410.5186	94.2723	5.1205	5.4735	15.5679
194	29.1478	14283.4192	73.6259	6.6082	8.3287	27.1396
154	15.3572	9185.0882	59.6434	7.7649	8.8448	9.8651
310	32.5346	21097.113	68.0552	7.1702	9.5095	30.2763
128	27.7674	12029.3362	93.9792	7.1402	12.7384	23.6173
313	37.3126	22333.9752	71.3546	11.1641	13.5474	32.9251
191	17.3523	10756.6538	56.3176	7.8872	9.1771	12.4369
432	22.1011	18111.4043	41.9245	8.5494	11.9692	16.4955
70	14.0064	5500.1816	78.574	5.2839	6.7847	11.0556
333	19.3934	14548.0782	43.6879	9.2505	10.1475	13.6952
304	19.7876	16530.8131	54.3777	8.3228	12.3646	13.0153
417	21.1229	18349.9846	44.0048	9.7753	12.3275	14.0945
238	29.5319	14958.7714	62.852	6.8675	7.9928	27.5878
59	15.1589	5648.4905	95.7371	4.4133	5.1589	13.5536
332	21.5771	17977.8441	54.1501	9.4854	11.114	15.877
270	18.2112	13029.2626	48.2565	8.0737	10.7419	12.2913
186	18.1269	11467.8208	61.655	7.3696	9.857	13.3085
325	27.3327	19161.9849	58.96	7.0153	10.2211	24.3596
527	25.4164	24428.3305	46.3536	10.7648	11.5833	19.8983
393	33.689	23140.1412	58.8808	8.0319	9.4936	31.3098
337	31.6608	20625.2055	61.2024	9.0017	13.0934	27.385
150	19.0332	11304.1462	75.361	7.3481	8.709	15.2454
185	20.6502	12919.6003	69.8357	7.4156	8.9433	17.0721
503	22.5626	20769.1146	41.2905	9.6969	12.7507	15.889
257	22.7912	16206.8265	63.0616	8.1899	11.6009	17.8265
1159	38.0727	55954.1959	48.278	15.3059	20.8804	27.9154
193	17.4379	10650.7294	55.1851	7.1945	7.6601	13.9156
448	21.65	18623.3199	41.5699	10.5629	11.9974	14.6016
318	21.8307	16141.949	50.7608	8.3259	9.4275	17.8432
156	65.3763	14863.0802	95.2762	4.1643	6.2784	64.9408
320	18.9938	14892.556	46.5392	9.9536	11.0107	11.8514
420	24.3152	20478.3959	48.7581	9.977	10.5932	19.4801
140	17.2337	9668.7231	69.0623	6.2007	7.891	14.0102
70	25.0197	7134.7869	101.9255	4.2429	5.693	23.9911
445	22.8328	19252.2341	43.2634	8.8801	13.3025	16.295
427	25.0864	20159.3332	47.2116	9.0081	13.8968	18.8431
418	21.6195	18955.9297	45.3491	9.3881	12.1462	15.2228
340	28.461	20663.5366	60.7751	8.2574	16.6375	21.5647
339	20.2415	15279.4123	45.072	8.6918	10.1468	15.2058
443	27.1861	24248.3555	54.7367	10.7252	13.3347	21.1244
107	12.6197	5812.8983	54.3262	5.9046	7.5355	8.2224
711	34.3258	32611.874	45.8676	8.166	13.8148	30.3435
578	37.6951	33566.7656	58.074	11.5008	16.4096	31.9277
107	18.1508	7497.5736	70.0708	5.1462	6.2347	16.2511
371	22.4332	17253.2362	46.5047	8.6538	13.1708	15.9652
291	18.5955	13418.892	46.113	8.4132	10.4545	12.873
71	23.561	8597.0999	121.0859	8.7756	13.9682	16.8226
623	47.5244	31177.1097	50.0435	8.2713	9.798	45.7619
168	20.5307	12718.4051	75.7048	5.9054	10.465	16.6469
236	18.702	12888.8906	54.6139	7.4531	10.1403	13.8344
89	17.361	8062.2679	90.5873	4.8809	10.4579	12.9697
185	18.3004	11733.9091	63.4265	6.3825	10.8172	13.3101
75	19.8611	6416.4197	85.5523	3.9417	8.1936	17.6576
170	19.0977	13422.2803	78.9546	7.7819	12.1589	12.5031
257	19.2579	13301.8426	51.7581	7.2729	10.9944	14.0391
718	29.4258	34459.1242	47.9932	10.4856	13.549	23.924
350	26.5201	17477.6261	49.9361	7.585	10.3725	23.199
368	28.95	23123.6923	62.8361	9.1527	10.6812	25.303
303	22.5654	15703.2671	51.826	7.4907	10.8515	18.312
288	19.1285	13860.9892	48.1284	7.6736	11.6699	13.0702
92	35.0918	10200.5013	110.875	4.1783	6.901	34.1519
138	22.6605	10194.1012	73.8703	5.5182	6.9899	20.8372
327	20.1654	15370.8872	47.0058	9.0198	10.3	14.8053
244	19.4206	15211.2565	62.3412	8.2013	10.8495	13.8632
562	24.5655	25419.6916	45.2308	11.428	12.2861	17.942
410	58.5473	38788.0523	94.605	11.3833	16.7665	54.928
127	31.8892	10646.0882	83.8275	5.0827	6.1707	30.8708
308	22.1878	16251.7639	52.7655	8.1816	8.6575	18.7192
567	75.8781	37252.9686	65.7019	6.6621	14.107	74.2569
414	21.272	19355.1695	46.7516	10.0639	12.2021	14.2241
112	17.5219	8154.9021	72.8116	5.7566	7.1568	14.9218
457	30.6157	22754.6556	49.7914	8.7018	9.9906	27.6005
504	22.8144	20005.7901	39.694	9.2537	12.1438	16.9527
130	14.7658	7861.6582	60.4743	6.3123	8.2068	10.5278
368	23.4791	17738.8834	48.2035	7.9482	10.1358	19.6306
452	28.2848	24450.3986	54.0938	8.1615	17.9736	20.2575
335	19.6859	14618.1728	43.6363	8.4001	9.8516	14.8297
211	18.7706	11289.4249	53.5044	6.5357	8.4826	15.4164
321	22.3966	14494.3205	45.1536	7.949	8.4432	19.1608
45	15.6504	4444.5323	98.7674	3.4913	6.2154	13.9325
161	16.0107	9737.2534	60.4798	7.2904	8.013	11.7891
485	22.8539	20939.6759	43.1746	9.968	12.5115	16.3218
935	38.5398	42630.3321	45.5939	11.3133	16.2771	33.0512
943	36.3659	46052.1795	48.8358	13.1847	18.5097	28.3907
770	25.738	27323.2006	35.4847	11.5431	13.8889	18.3385
476	23.3038	19076.5931	40.0769	9.8334	10.331	18.4293
432	22.8129	19706.9665	45.618	9.292	11.6566	17.2687
419	21.3856	17630.5628	42.0777	9.3811	11.0294	15.7382
115	19.5105	8749.54	76.083	5.7983	7.5638	17.0243
309	22.1718	16821.3262	54.4379	7.7644	10.4626	17.9398
332	25.3303	17028.8973	51.2919	7.1968	10.463	21.917
177	20.722	11258.1151	63.6052	5.9914	9.0882	17.6327
218	27.0093	14750.0113	67.6606	7.7537	10.8724	23.4771
556	25.8402	26836.5568	48.2672	9.9905	14.2267	19.1181
475	30.9376	22660.3535	47.706	7.976	10.817	27.8659
161	19.8272	12355.1099	76.7398	6.5096	11.8369	14.5131
246	18.2497	12826.6539	52.1409	6.8971	11.7059	12.1841
157	15.8117	8753.001	55.7516	6.916	8.0409	11.7271
368	22.8128	18220.4698	49.5121	9.0008	10.8217	17.9527
283	18.5789	13135.6573	46.4158	8.1254	10.98	12.5934
394	20.5311	16723.197	42.4447	9.7008	11.6033	13.8847
572	29.7591	26534.4003	46.3888	9.8796	14.5059	24.0328
147	26.625	12697.2743	86.376	7.9385	14.9063	20.5834
396	34.3275	24063.3369	60.766	7.5938	11.7135	31.3609
210	19.8616	12834.5608	61.117	7.8528	9.3185	15.6838
372	29.8841	23282.2238	62.5866	8.231	11.6674	26.2523
88	15.3063	6633.987	75.3862	5.3868	7.5623	12.1687
279	19.6263	13665.5382	48.9804	7.7891	9.2534	15.4563
261	18.9122	13881.4646	53.1857	7.6678	11.6127	12.8071
229	19.8399	13302.6264	58.0901	6.6309	9.1772	16.2921
101	20.0063	8473.1913	83.893	4.5667	7.8559	17.8237
935	45.9672	87540.717	93.6264	21.5127	26.5145	30.7762
880	46.2089	47380.4485	53.8414	12.4978	13.1741	42.4913
332	26.2464	17410.2414	52.4405	7.792	9.0992	23.353
303	24.9164	17676.4033	58.338	7.3232	14.1041	19.1904
420	22.5874	17421.564	41.4799	8.0744	10.0311	18.5573
439	26.1728	26083.9008	59.4166	9.1515	14.4942	19.7784
53	13.8406	5123.0238	96.6608	3.3308	5.7739	12.1297
148	15.5039	9029.2006	61.0081	7.4616	8.0159	10.9745
258	18.4718	12320.9565	47.7556	8.5425	9.1831	13.561
203	63.2761	19329.7575	95.2205	5.4767	15.1923	61.1806
462	27.9376	26925.4831	58.2803	8.6672	16.5134	20.8014
285	25.1453	16168.0071	56.7298	7.8091	9.7252	21.834
126	14.2694	7377.1587	58.5489	5.6862	8.096	10.2829
192	16.0095	9784.4972	50.9609	7.493	9.0068	10.9104
153	22.5646	12242.6711	80.0175	6.9206	10.504	18.7332
99	13.23	6267.5143	63.3082	5.7695	6.7684	9.7945
124	14.8019	9176.6647	74.0054	7.3528	8.6588	9.4898
72	31.5388	7853.6969	109.0791	2.7621	4.4201	31.1052
166	20.5782	13059.9788	78.6746	5.9549	10.1546	16.8786
306	20.8042	17090.9171	55.8527	8.8363	10.6496	15.5344
150	29.2287	12716.9456	84.7796	6.5868	9.2051	26.9481
599	23.4916	22636.0117	37.7897	11.0372	12.5702	16.4932
157	17.4641	9306.1467	59.2748	6.1095	7.8646	14.3463
114	14.3719	6943.6739	60.9094	5.9604	6.518	11.3375
388	20.8378	18563.2896	47.8435	9.1103	12.6673	13.8114
182	16.9677	9890.0324	54.3408	6.4617	9.566	12.4354
363	23.2283	19563.6861	53.8945	7.6454	14.0446	16.8479
57	19.7616	6875.5546	120.6238	3.9969	9.4774	16.8738
334	23.6496	16148.2613	48.3481	7.961	10.3408	19.7229
193	15.4941	8964.4666	46.448	7.8838	8.3778	10.379
349	25.3597	17368.4446	49.7663	8.1093	10.402	21.6599
330	21.3741	15272.076	46.279	7.8817	9.9218	17.2131
406	20.3315	15815.3958	38.9542	8.1964	12.7947	13.5086
572	23.9203	21875.0069	38.243	9.527	12.4855	18.0424
795	42.0583	41522.7329	52.2299	12.9439	16.1304	36.6219
286	18.8159	14895.8917	52.0835	8.7561	10.5352	12.8987
341	26.6324	19588.5496	57.4444	7.3616	16.7312	19.369
444	27.9263	26458.0682	59.5902	10.3765	15.6804	20.6477
177	16.3314	9682.6758	54.7044	7.1792	7.9158	12.3496
223	16.4882	10143.925	45.4885	6.8761	9.3732	11.6928
118	20.4574	11760.9073	99.6687	6.3263	9.544	16.9527
254	25.0145	13669.8997	53.8185	6.8948	8.4817	22.5
153	25.3978	10327.4626	67.4998	6.0027	9.3971	22.8191
73	23.1908	8221.1503	112.6185	5.2664	9.0484	20.6931
579	30.6777	38333.621	66.2066	10.6764	16.3393	23.6678
173	33.6686	14021.0688	81.0466	6.0046	9.4227	31.7606
488	25.6111	24301.5107	49.7982	10.3486	11.5772	20.3667
184	15.5479	9258.6905	50.319	7.9742	8.6027	10.2051
93	33.9206	9005.1255	96.8293	3.6018	4.9388	33.3653
730	28.2893	35432.7425	48.538	12.1984	16.5697	19.4146
632	29.3477	35981.9281	56.9334	10.465	18.337	20.3844
338	20.1245	14948.5031	44.2263	8.3216	9.965	15.3768
197	39.0609	16634.6348	84.4398	6.683	10.3253	37.0739
116	16.028	8372.6213	72.1778	5.893	8.9763	11.8993
643	30.715	31219.1789	48.5524	11.49	16.8023	23.0016
311	20.6978	16363.7252	52.6165	8.2208	12.2789	14.4929
410	25.7028	20387.1514	49.7248	8.4495	10.6377	21.8193
82	11.8807	5130.7017	62.5695	6.0628	6.3576	7.9984
40	15.2055	4873.0567	121.8264	3.0461	5.9865	13.6415
506	26.3492	25537.4326	50.4692	10.9411	12.1867	20.6412
815	38.4282	37093.2534	45.5132	10.6378	13.7846	34.2571
495	36.2272	30879.179	62.3822	9.6746	17.7842	30.0422
286	23.2841	16327.5155	57.0892	7.7792	10.7969	19.1066
251	18.36	12681.3784	50.5234	7.4493	10.0001	13.4757
86	12.2268	5384.0315	62.605	6.0294	6.6025	8.3395
217	17.9373	11905.7213	54.8651	7.9744	9.0894	13.2491
457	23.8529	19728.3839	43.1693	9.427	12.4666	18.0188
365	30.6909	21819.0002	59.7781	7.1757	16.8034	24.6594
629	36.817	35104.7488	55.8104	10.9299	16.7889	30.8895
292	24.3472	16514.5356	56.5566	7.3754	10.8263	20.5227
279	21.8072	16427.2869	58.8792	8.6069	13.1037	15.1581
101	15.5668	8415.1373	83.3182	7.3168	7.5711	11.466
428	48.9554	29766.5245	69.548	9.1587	13.555	46.1413
44	13.2733	4452.359	101.19	4.5178	6.1415	10.8651
206	23.2003	11519.3082	55.919	6.1389	6.8084	21.3122
109	20.7977	8381.2068	76.8918	4.2574	5.756	19.5265
279	19.7697	14124.2997	50.6247	6.5246	10.5892	15.3669
195	19.4061	12548.4509	64.351	7.5179	10.9611	14.1397
657	26.3603	28961.9898	44.0822	11.336	13.2736	19.7528
432	34.1334	27917.4198	64.6237	11.418	14.743	28.5895
206	16.9559	10627.1745	51.5882	6.8413	8.6059	12.9089
118	15.7091	7540.481	63.9024	5.6731	6.4351	13.1598
451	24.3989	20556.8018	45.5805	8.4592	13.9447	18.1465
168	21.2186	12042.7484	71.683	8.8052	10.2165	16.3804
321	21.4586	16641.7635	51.8435	7.3033	12.3679	15.9426
177	19.2536	12347.668	69.7608	7.5072	7.8183	15.9128
148	21.7767	10323.7093	69.7548	6.9654	7.7485	19.1224
178	19.6415	11618.77	65.274	6.3424	8.9205	16.3091
190	24.7624	15644.0868	82.3373	7.3862	14.0488	19.0067
356	24.8162	19256.6982	54.0918	7.8999	12.278	20.067
252	18.4667	13045.9361	51.7696	8.3835	9.0795	13.7223
310	19.5955	15134.8645	48.8221	9.4875	10.9428	13.1995
132	22.9609	11736.8851	88.9158	5.7979	12.188	18.5752
125	14.5662	7671.4612	61.3717	5.9923	8.3196	10.3465
205	22.66	13235.9908	64.5658	8.0555	8.4556	19.4188
274	19.4204	12976.3622	47.359	7.8166	9.3988	15.0902
144	23.2811	11815.772	82.054	5.8042	9.4611	20.4648
86	21.5835	8759.7463	101.8575	4.8236	10.4859	18.2381
241	19.3091	12455.9549	51.6845	7.4903	7.7904	16.0014
124	16.1968	7827.6934	63.1266	4.8004	7.2468	13.6665
253	20.1082	16045.0223	63.4191	9.424	10.7228	14.1615
216	18.6602	13071.2348	60.515	7.612	10.04	13.7644
329	20.4606	15607.2533	47.4385	8.1571	9.6741	16.0782
204	20.3188	13429.7356	65.832	8.5222	10.7009	15.0239
417	24.4332	19567.7752	46.9251	8.4818	13.2953	18.6621
72	12.2193	5703.9907	79.2221	5.5315	7.0083	8.3425
333	19.5423	13837.7164	41.5547	8.5326	9.6468	14.6982
231	24.4201	14396.346	62.3218	7.8871	8.5291	21.4799
332	26.1767	17267.6425	52.011	7.7522	8.2837	23.5903
312	23.2591	17727.5113	56.8189	8.3764	11.7596	18.2355
228	28.6152	14771.4326	64.787	5.5522	7.2991	27.1058
222	17.6204	12373.9474	55.7385	7.9749	10.2225	11.9323
401	21.8564	17512.7522	43.6727	8.9252	11.2742	16.4601
545	25.1942	23207.6441	42.5828	9.2103	12.8938	19.5874
178	18.3864	12591.8284	70.7406	7.5351	9.1752	14.0391
93	15.2711	7004.3769	75.3159	5.1855	7.1369	12.4652
166	18.3846	9265.1905	55.8144	6.5306	7.4176	15.5024
191	38.2156	16199.5578	84.8144	7.2651	10.3296	36.0687
142	17.0847	9342.5962	65.7929	6.3662	8.567	13.3404
152	20.904	10011.1227	65.8626	5.3678	6.7409	19.0454
324	25.5761	18190.6019	56.1438	8.1409	10.4086	21.898
213	17.5514	11069.0953	51.9676	7.0831	8.9936	13.304
109	13.6353	6939.2724	63.663	6.0065	6.8349	10.1553
269	17.4251	12646.2734	47.0122	9.077	9.816	11.1754
118	19.9935	12506.6608	105.9887	9.1598	12.1181	12.9996
113	18.8379	9006.2698	79.7015	7.5417	8.9115	14.7843
322	26.4316	22764.8791	70.6984	9.0313	11.2278	22.1586
669	33.8266	31727.583	47.4254	9.8266	13.7658	29.2947
430	22.0007	19351.5895	45.0037	9.6016	12.3353	15.4817
77	21.7278	8627.5288	112.0458	5.8075	9.2067	18.8045
508	22.4614	20649.61	40.6488	10.2855	11.5808	16.2669
264	17.4132	11862.1597	44.9324	8.0223	8.8262	12.687
204	17.8576	11181.185	54.8097	7.7908	9.4173	13.0197
256	23.7013	17170.8111	67.0735	7.1803	11.5404	19.4168
188	39.8718	17384.6291	92.4714	7.1473	13.1564	36.9538
425	20.2285	15928.6308	37.4791	9.6324	11.7549	13.3504
439	85.0049	32736.8638	74.5714	7.1854	22.99	81.521
95	25.0345	11778.0432	123.9794	6.4575	14.7596	19.1619
207	17.8141	11013.8644	53.2071	8.1273	8.2578	13.5314
182	17.5234	10575.6666	58.1081	6.8174	10.4686	12.2883
404	30.7799	20369.8196	50.4203	7.655	12.4796	27.0751
589	25.5628	24149.8472	41.0014	9.4659	12.4995	20.1896
806	27.7746	32210.6506	39.9636	13.4388	15.0775	19.0656
239	29.3736	15697.4543	65.6797	6.6043	8.8833	27.2081
186	38.4383	21721.6327	116.783	9.1327	16.9752	33.2557
432	38.4416	28916.1811	66.9356	8.5131	14.4386	34.5949
240	25.1657	17931.6848	74.7154	8.4948	15.2795	18.1021
306	19.7379	15652.3103	51.1513	8.405	12.572	12.6841
271	19.2415	13297.2847	49.0675	7.4553	9.4672	15.0008
254	41.9577	18800.5344	74.0179	5.5793	7.8863	40.8304
51	15.8767	6946.9564	136.2148	5.2706	7.0461	13.2153
167	26.6164	12467.9364	74.6583	7.064	9.1366	23.9803
337	21.3241	16899.0088	50.1454	8.4434	12.4621	15.1037
323	20.4148	16845.6413	52.1537	10.3331	11.9161	12.9615
258	17.2705	12097.5622	46.8898	8.4134	10.4831	10.8438
437	22.1335	19719.7725	45.1253	9.7983	12.8653	15.1119
21	11.5674	2708.6523	128.9834	2.3362	3.3409	10.8252
429	20.9848	17582.2814	40.9843	10.3195	11.8443	13.9134
289	27.8401	16968.6478	58.715	6.3327	9.5258	25.3816
127	29.6633	10069.4499	79.287	5.8597	6.7545	28.2834
261	18.5452	13363.2211	51.2001	7.996	10.3778	13.126
179	16.0057	9898.8023	55.3006	7.3972	8.3184	11.5008
128	27.1294	10648.5325	83.1917	5.7148	7.8302	25.3383
868	33.3337	47216.1377	54.3965	14.5864	19.6817	22.6054
142	17.7953	9058.291	63.7908	6.3238	7.4705	14.8619
432	29.6038	32501.0192	75.2338	11.3672	17.444	21.0446
547	28.4144	25333.6995	46.3139	10.184	13.907	22.5889
296	24.3996	18118.4303	61.2109	9.7132	13.3699	17.9511
436	35.2145	29821.9331	68.3989	10.2631	15.304	30.0087
338	20.1878	16238.569	48.0431	9.5733	11.7587	13.3278
97	17.1107	9567.3148	98.6321	6.0305	6.7191	14.5349
464	26.8652	27474.5958	59.2125	11.2219	13.1351	20.5737
38	10.5675	3691.2313	97.1377	4.3739	5.4678	7.9148
625	30.934	33940.1887	54.3043	12.2765	13.1386	25.171
257	21.8588	16109.4439	62.6827	8.7794	8.8137	17.9736
853	37.19	44747.3832	52.4588	9.8008	15.0226	32.5785
269	18.1574	12724.5499	47.3032	8.931	9.5195	12.6218
344	21.9858	16998.7016	49.4148	7.3567	12.2776	16.6888
358	20.1217	15335.9806	42.8379	9.2485	11.6268	13.5707
465	26.0066	22759.1614	48.9444	9.7799	10.6155	21.6335
202	26.1366	15326.5101	75.8738	8.7329	13.4485	20.6397
474	23.4833	22914.7772	48.3434	11.0974	13.1539	15.9777
357	21.2403	17875.3854	50.0711	9.1297	11.7842	15.1304
92	14.7406	6917.3827	75.1889	5.4049	6.8806	11.863
386	23.3058	16823.0134	43.5829	8.5557	9.7943	19.3399
273	29.9548	15221.7965	55.7575	7.2934	8.5279	27.7736
459	26.2469	22015.1322	47.9633	8.0808	11.6499	22.0881
401	21.6197	18595.5139	46.3729	10.7824	11.576	14.7359
353	31.7023	25928.9447	73.4531	9.4688	20.3107	22.4244
333	19.1767	16131.6649	48.4434	9.3624	11.1836	12.4507
157	21.2553	12743.3076	81.1676	7.9979	9.8097	17.0761
244	21.7429	16175.774	66.2942	6.9293	11.8006	16.8964
149	15.1397	8558.368	57.4387	6.5436	8.5174	10.6698
456	23.9261	21822.4228	47.8562	9.8828	13.5753	17.044
371	21.6268	19624.3527	52.8958	8.7836	12.6991	15.1426
389	25.7233	19025.8526	48.9096	8.2336	11.3768	21.5515
568	26.1817	24529.1734	43.1852	9.0233	13.8708	20.2894
401	25.3467	17834.6766	44.4755	7.9629	9.238	22.2195
182	42.0821	17827.1017	97.9511	6.8517	9.4808	40.4237
415	24.2438	21613.0871	52.0797	8.8455	14.0793	17.6434
99	15.5102	7470.6507	75.4611	5.9332	7.9549	11.9198
209	17.1469	11766.4571	56.2988	8.276	9.2053	11.8654
327	23.7954	17454.4509	53.3775	7.5538	10.4848	19.9807
349	23.1877	20702.2939	59.3189	8.1995	11.8059	18.195
509	24.1002	23008.9361	45.2042	10.9805	11.713	17.9737
287	20.8406	14589.741	50.8353	7.468	9.5218	16.9674
121	17.7796	9133.8282	75.4862	5.806	10.5126	13.1107
181	33.5926	14350.8979	79.2867	7.5608	8.2769	31.6668
213	17.4712	11163.7585	52.412	7.0098	9.6698	12.7515
538	23.0525	21289.3063	39.5712	10.0247	11.6664	17.1702
169	17.7285	11695.4865	69.2041	6.7831	10.7177	12.3863
247	21.0129	13928.5091	56.3907	8.3157	8.8814	17.1322
272	24.6839	17875.7481	65.7197	9.1005	11.252	19.9967
346	23.7202	18429.1319	53.2634	7.9892	11.7978	18.9639
191	24.4405	13501.1292	70.6865	7.4187	8.7805	21.5686
239	22.4076	12904.6484	53.9943	6.9426	8.1909	19.6675
61	28.1431	6985.8522	114.5222	4.2698	7.9464	26.6582
63	16.7541	6476.5977	102.8031	4.8123	7.0881	14.398
219	17.5553	12011.2769	54.846	8.2288	9.3357	12.3822
193	27.8854	14700.3793	76.1678	5.7885	15.3507	22.5487
615	27.9729	31982.3035	52.0037	13.3145	16.1746	18.5361
321	22.0563	17795.7417	55.4384	8.9813	11.4901	16.5467
1409	55.4642	71970.5085	51.0791	13.6538	19.8597	49.9543
274	25.2207	16635.4822	60.7134	8.0543	10.0833	21.6689
52	11.5937	4538.1418	87.272	3.9835	5.8635	9.1741
565	26.1802	27450.0581	48.5842	11.3564	16.4001	16.9551
647	31.5886	38973.2718	60.2369	13.8987	18.7318	21.3022
226	16.4965	10811.497	47.8385	7.5255	9.6615	11.0525
484	25.2428	20952.7274	43.2908	9.2859	10.4641	21.0112
514	22.2286	19997.5537	38.9057	9.9102	13.3368	14.7658
34	21.8534	4687.8354	137.8775	2.5569	5.9997	20.8576
223	17.7229	11576.8103	51.9139	7.2071	9.5889	13.0466
400	20.7635	17525.9764	43.8149	9.0759	11.5119	14.7047
115	16.3592	8290.8136	72.094	4.9474	7.259	13.8005
246	20.4556	13950.2038	56.7081	7.2747	9.9115	16.3485
136	14.7936	8308.6144	61.0928	7.1644	8.114	10.0839
150	16.0886	8799.0294	58.6602	6.5205	7.6299	12.5742
270	40.4738	29591.8048	109.5993	17.5864	22.284	28.849
282	20.295	15046.2001	53.3553	8.0767	12.8459	13.4772
145	19.6377	10638.933	73.372	5.6575	9.1592	16.4237
412	24.2597	19193.6443	46.5865	9.2861	11.0543	19.4963
240	20.4704	12980.6847	54.0862	7.0426	11.2865	15.5581
229	21.5062	13681.7743	59.7457	7.3205	9.9906	17.5816
449	21.9267	19294.9134	42.9731	9.5419	13.4731	14.4295
549	25.8604	24656.5462	44.9117	12.0432	12.7075	19.0326
323	20.0502	15611.7017	48.3334	8.1458	11.5831	14.1947
454	22.4008	20440.0252	45.0221	9.3019	13.8883	14.9127
154	16.5176	10754.9005	69.837	7.4877	8.2219	12.2134
905	38.8773	44160.4218	48.796	11.1627	12.7339	34.9955
376	23.0131	18900.6181	50.2676	9.2942	14.0152	15.7096
134	27.6984	12490.6924	93.2141	7.723	13.3319	23.0178
194	46.2588	17859.9539	92.0616	6.2626	8.7555	44.9888
169	31.8189	17588.3355	104.073	8.5636	16.8636	25.5876
314	21.6497	14570.4711	46.4028	8.0221	8.7834	18.0888
251	17.3811	11799.9192	47.0116	7.9737	10.2523	11.5504
441	42.2446	33239.8563	75.3738	9.8422	13.9053	38.6573
351	37.4518	29944.1775	85.311	13.2774	19.1117	29.3444
635	30.5382	32460.8252	51.1194	12.6079	13.9729	24.0495
601	34.1575	32539.8421	54.1428	9.851	13.431	29.8212
292	25.6024	14437.376	49.4431	7.4543	8.2262	23.0705
231	22.9116	17886.8113	77.4321	8.3978	11.5231	17.9341
410	55.4533	27494.5455	67.0599	6.6433	12.9293	53.5142
308	25.0079	16888.5383	54.8329	6.8825	11.986	20.8413
257	24.5453	14199.2981	55.2502	7.3831	8.9163	21.6439
123	17.2242	10062.4044	81.8082	7.5168	8.0494	13.243
50	24.4178	6463.9487	129.279	6.1803	12.499	20.0452
613	34.682	43918.7716	71.6456	14.1791	19.9322	24.5866
255	17.6567	12355.2547	48.452	8.6623	9.4247	12.1613
54	18.5274	6260.5659	115.9364	4.1816	7.0349	16.6219
332	25.6821	16038.8196	48.3097	7.8054	9.3771	22.5991
163	19.669	10174.5669	62.4207	5.8465	7.0066	17.424
131	21.7493	10450.5626	79.7753	6.917	7.6229	19.1593
552	35.2151	30476.2083	55.2105	10.3457	12.018	31.4426
183	15.6958	9748.3444	53.2696	7.4057	8.1273	11.201
1027	31.3182	42858.0285	41.7313	12.5069	16.398	23.5693
228	16.9149	11048.6434	48.459	8.4198	9.4954	11.183
564	23.997	24121.9212	42.7694	10.5139	13.0721	17.1591
576	35.7718	31293.5345	54.3291	10.4578	10.7624	32.472
336	26.0784	18064.0027	53.7619	7.8048	9.5268	22.9871
167	28.0586	13477.6993	80.7048	6.2863	12.5462	24.2973
288	22.6106	16369.7558	56.8394	7.8155	10.6419	18.3551
92	24.7074	10461.9866	113.7172	6.5643	10.8191	21.2206
292	21.387	14894.7804	51.0095	7.3047	10.0924	17.3835
315	26.1162	18967.0527	60.2129	7.8474	11.9954	21.8307
226	17.0724	10780.2382	47.7002	7.4632	9.748	11.8636
193	16.3591	10882.1422	56.3842	8.1251	9.0932	10.9049
73	33.0113	7927.08	108.5901	3.0891	4.3537	32.5768
343	20.4332	16789.6075	48.9493	9.1288	10.2897	15.1097
283	24.7309	16316.6699	57.6561	7.079	11.7356	20.5859
114	14.7501	8016.8034	70.3228	6.4196	8.0018	10.5984
140	20.8244	11549.9701	82.4998	6.8394	7.9605	17.9863
355	56.3828	26945.1277	75.9018	9.3892	15.0858	53.5096
161	20.9864	11292.4391	70.1394	6.2236	8.3862	18.2035
695	31.109	38434.0991	55.3009	12.9873	16.3411	23.0666
514	26.0127	30543.1278	59.4224	11.481	12.1187	19.9495
106	29.5379	10445.614	98.5435	5.3866	15.674	24.4499
284	19.9865	13580.1397	47.8174	7.9434	8.8989	16.0366
431	48.5718	51042.4933	118.4281	21.6292	25.9154	34.9255
218	19.9735	13002.4925	59.6445	6.1768	9.892	16.2154
162	16.1731	9951.6466	61.4299	7.2143	8.1465	11.9648
382	37.6115	28953.4591	75.7944	11.111	16.8108	31.758
203	19.4331	12768.5649	62.8993	7.6886	8.0304	15.9387
197	17.7969	10341.8772	52.4968	5.9728	8.4154	14.4996
235	21.2328	15991.0626	68.0471	9.1869	11.4901	15.3104
372	25.6167	19831.4183	53.3103	7.495	11.7831	21.4756
301	23.4682	15938.8358	52.9529	7.0143	11.1546	19.4198
334	22.4257	17514.4394	52.4384	8.8525	9.3017	18.3855
306	21.5358	17250.7988	56.3752	7.8791	11.7254	16.255
173	18.1221	10471.731	60.5302	7.3076	8.0645	14.4905
565	32.2249	32004.0874	56.6444	10.5857	11.5052	28.1783
221	21.0767	13617.913	61.6195	7.0608	9.0815	17.6607
174	26.0029	12461.0174	71.615	6.1064	10.6469	22.9239
494	24.2452	23242.1948	47.049	10.412	11.6703	18.5262
1343	40.2804	68596.9783	51.0774	18.8962	20.3048	29.2088
575	25.3519	26794.0611	46.5984	10.0977	14.5981	18.1011
195	36.0004	20534.0746	105.3029	11.1879	21.6406	26.5056
129	14.7076	8321.8102	64.5102	7.0457	7.7939	10.2921
315	22.5648	16425.7473	52.1452	8.4853	10.3801	18.15
308	19.9195	14873.4807	48.2905	7.9115	11.4337	14.2641
447	26.1258	26536.8654	59.3666	8.995	15.2023	19.2493
616	24.9537	26427.6102	42.902	11.7607	12.882	17.8446
36	15.922	3880.8145	107.8004	2.7235	3.0706	15.3839
586	36.6585	32330.8474	55.1721	10.5272	12.4821	32.8211
63	14.8701	5387.3761	85.5139	3.8488	5.4941	13.271
196	26.8214	14113.5777	72.008	7.3472	8.7069	24.2815
85	20.5662	7744.8966	91.1164	4.0532	5.4315	19.4175
63	11.6425	4618.2524	73.3056	4.9532	5.4721	9.004
297	23.3044	16952.1149	57.0778	8.4559	9.883	19.3369
509	28.2609	24973.3365	49.0635	9.4883	10.7786	24.3408
224	17.5517	12558.3435	56.064	8.7795	8.9697	12.2689
69	26.8972	8935.1916	129.4955	6.2076	12.0257	23.2445
999	35.1429	52624.2242	52.6769	12.9582	15.1259	28.9537
98	18.2821	8384.0614	85.5516	5.8909	9.0058	14.7793
294	19.0679	14772.9344	50.2481	8.644	10.0348	13.7175
231	19.8628	13144.1494	56.9011	7.892	8.5735	16.0855
508	28.6907	27103.0381	53.3524	9.9964	11.3116	24.3983
479	23.0187	19658.9389	41.0416	10.3336	11.3006	17.1864
139	14.0771	7504.1849	53.9869	7.1155	8.0783	9.0706
72	15.5966	7025.1707	97.5718	6.5184	9.6866	10.3408
532	23.1949	21647.5294	40.6908	9.6988	12.7128	16.8024
670	28.3772	34267.9093	51.1461	11.775	15.0732	20.9622
183	28.2112	13661.5534	74.6533	6.664	12.3967	24.4497
142	18.7881	9683.0633	68.1906	6.5954	9.5901	14.7486
205	19.5919	11949.6399	58.2909	7.2007	8.4998	16.1166
513	28.6526	23799.5857	46.393	8.4141	11.7961	24.719
99	25.3869	10044.4326	101.4589	7.67	10.701	21.706
115	18.3495	9022.9017	78.46	5.9574	8.1778	15.3081
314	26.1669	19275.9065	61.3882	9.1089	10.4556	22.1904
384	40.6467	31415.5318	81.8113	12.7246	16.4232	34.9359
267	18.3909	13239.1021	49.5847	8.5219	9.8733	12.9661
247	17.2274	12053.1853	48.7983	8.5694	9.3467	11.6613
293	18.8253	12776.221	43.6048	7.4037	9.8885	14.2055
302	20.368	15975.4528	52.8989	8.4067	11.2218	14.7734
109	20.7677	10237.2549	93.9198	6.0966	11.1716	16.4111
103	14.7565	7752.7615	75.2695	5.7438	8.4581	10.6406
479	29.3142	23665.382	49.4058	7.7059	13.9863	24.583
788	30.3892	40198.402	51.0132	13.7412	15.3141	22.3642
480	31.5393	23663.9536	49.2999	8.7063	9.9701	28.6274
103	17.1567	7353.1337	71.3896	4.7954	7.0272	14.8988
188	16.9926	10303.9165	54.8081	7.2233	8.9961	12.4757
64	16.7879	5991.0799	93.6106	5.3018	7.4645	14.0715
171	27.5619	14218.3204	83.1481	7.7332	14.822	21.9126
107	13.6104	6723.4205	62.8357	5.6846	8.1097	9.3359
231	17.6118	11796.1347	51.0655	8.1083	8.9907	12.7905
393	26.5836	21508.9162	54.7301	7.8794	12.9436	21.8418
215	16.8867	10670.5494	49.6305	7.1822	10.0906	11.4785
272	18.5078	12314.4912	45.2739	7.6899	9.5247	13.8811
274	18.1601	12388.8739	45.2149	8.4959	9.8927	12.6389
58	23.2056	6795.6107	117.1657	4.2173	8.1241	21.324
332	24.5363	17245.541	51.9444	7.6699	10.4798	20.8177
688	39.3923	52808.7227	76.7569	14.3488	23.8166	27.9041
306	19.8499	13946.5624	45.577	7.7738	9.9718	15.3019
874	38.7801	43033.4389	49.2373	12.1011	19.8046	31.0682
406	21.0735	17516.997	43.1453	9.347	11.4509	15.0202
188	23.0203	14041.459	74.6886	8.4919	9.5979	19.1234
321	23.8264	19442.8569	60.5696	8.3449	13.5163	17.7586
144	15.3611	8142.1405	56.5426	7.2651	7.975	10.9354
762	34.3304	42206.1698	55.3887	10.5199	18.046	27.2442
363	21.0201	16512.2741	45.4884	9.5989	10.1043	15.7355
306	24.2817	17568.2528	57.4126	6.3061	12.4896	19.8455
241	17.6852	11880.5328	49.2968	7.4155	9.8807	12.6549
118	17.0094	7877.2167	66.7561	6.4641	8.5718	13.1932
648	26.7656	29118.6645	44.9362	9.3633	17.0788	18.3587
124	16.4054	8634.6388	69.6342	4.6857	8.1441	13.4482
257	18.3189	13548.2212	52.7168	9.355	10.151	12.0425
293	21.7664	15746.3161	53.7417	8.6607	9.4035	17.6166
195	16.8628	10027.6425	51.4238	6.556	8.0741	13.2733
879	28.5458	36726.1185	41.7817	13.2562	16.3975	19.242
438	21.6829	19340.8385	44.1572	9.7249	12.9875	14.3841
610	43.99	36971.3159	60.6087	11.0023	15.8861	39.5184
179	24.7585	12422.2491	69.398	6.5562	9.8717	21.7382
191	16.3494	10967.2813	57.4203	7.9369	9.5192	10.6627
105	12.9298	6166.422	58.7278	5.9518	7.1332	8.993
139	24.1819	13852.8218	99.6606	6.693	9.7804	21.0787
323	22.0213	16716.9091	51.7551	8.0236	10.0607	17.8702
192	17.8743	11015.0757	57.3702	6.6207	9.5625	13.5726
404	21.4637	20362.0067	50.401	10.0692	11.8233	14.8159
146	27.8971	11319.7615	77.5326	5.0385	8.996	25.9217
923	34.6569	44037.5423	47.7113	11.9593	15.7353	28.4689
135	15.4972	8675.6497	64.2641	7.8731	8.3217	10.4367
113	18.9382	8840.702	78.2363	4.9793	8.0929	16.3819
243	18.311	12049.3406	49.5858	7.0136	10.1308	13.545
207	23.798	12308.3427	59.4606	6.9131	10.7985	20.0486
102	24.2051	8335.7919	81.7234	4.7067	5.7041	23.0477
262	26.4983	16246.0267	62.0077	5.9277	12.0797	22.8276
556	29.4228	29393.0412	52.8652	11.0999	15.0155	22.7382
311	23.3847	17191.897	55.2794	7.3704	11.6628	18.8812
80	28.1824	8368.7033	104.6088	3.0302	7.0838	27.1088
238	23.4852	14606.2963	61.371	6.3634	9.6296	20.4532
394	22.1321	19766.0223	50.1676	9.7988	11.8699	15.9033
216	17.247	10972.6452	50.7993	7.3583	8.4845	13.0892
132	14.8903	7605.2158	57.6153	6.6429	7.6919	10.8824
303	42.4956	28569.5948	94.2891	11.9299	17.3434	36.9155
156	17.8957	9728.9033	62.3648	6.5938	7.0805	15.0547
215	25.2844	16402.4566	76.2905	8.6799	13.3639	19.6309
210	16.787	10782.5114	51.3453	7.3884	9.2827	11.8763
209	23.3672	13599.3793	65.0688	7.2265	11.2793	19.1463
100	33.0019	12227.9536	122.2795	5.8463	11.9004	30.2213
430	24.4927	20160.1568	46.8841	8.6117	11.3356	19.9307
353	30.0163	21037.2874	59.5957	9.0534	15.5465	24.0276
183	24.4614	14840.3785	81.095	7.3897	10.6169	20.7614
461	28.361	23560.151	51.1066	10.6143	13.6638	22.4718
174	20.479	12132.8055	69.7288	6.5119	10.2738	16.4752
421	26.4864	26886.9677	63.8645	12.1223	12.4285	20.0027
262	17.4224	11512.4752	43.9407	8.1131	10.1278	11.6251
235	27.349	16651.1538	70.856	8.0354	15.8231	20.8094
461	23.2112	20876.0215	45.2842	9.8488	12.686	16.7579
366	32.1788	28293.0998	77.3036	9.5443	16.428	25.9712
236	20.171	13470.5817	57.0787	7.059	8.7707	16.7367
180	16.4018	10207.1057	56.7061	6.7328	8.9889	11.9535
200	19.425	11145.8738	55.7294	6.1131	10.4106	15.2178
288	25.176	18168.4039	63.0847	7.8681	9.8059	21.8122
682	32.8922	33178.3634	48.6486	9.051	19.3375	25.0208
254	18.6883	12488.9172	49.169	7.708	10.2731	13.5758
142	16.5891	9078.9148	63.936	5.4455	8.5817	13.111
470	23.1805	20353.4439	43.3052	9.7762	12.6531	16.7827
306	19.2567	14429.5682	47.1555	9.2473	10.8696	12.929
430	29.1567	25261.2544	58.7471	8.8917	12.4206	24.835
86	14.7597	7244.4435	84.2377	4.4871	7.5557	11.8586
406	29.29	26267.4916	64.6983	8.6677	15.9121	23.0126
249	16.7752	11119.1648	44.6553	8.1775	10.0654	10.6406
275	17.836	12941.5295	47.0601	9.23	9.9946	11.5342
289	24.7785	18320.8681	63.394	8.5622	12.8399	19.3856
502	29.2294	26213.3302	52.2178	10.5841	11.2672	24.8069
47	11.7095	4026.3581	85.6672	3.6756	6.1564	9.2575
302	21.5857	18397.3756	60.9185	8.9312	12.2337	15.379
217	20.5555	14484.4864	66.7488	7.7381	11.3018	15.3271
781	38.5304	42122.0395	53.9335	10.7244	14.499	34.0493
457	24.8847	20191.4003	44.1825	8.7056	10.051	21.0342
185	25.8575	13929.1271	75.2926	6.9862	14.928	19.9238
173	37.5806	15199.265	87.857	6.4741	8.3363	36.0679
212	16.9554	10837.007	51.118	8.1285	9.2739	11.6364
280	19.4341	13972.4204	49.9015	6.9829	11.1636	14.2932
130	14.0295	7153.8721	55.0298	5.9952	7.9794	9.8597
114	18.3257	8498.136	74.5451	6.0287	7.2734	15.703
440	22.4437	20021.8929	45.5043	9.1634	13.1849	15.6814
385	24.2052	22396.4754	58.1727	9.2894	14.6444	16.8861
681	25.3644	29262.7336	42.9702	12.2685	13.1285	17.9019
86	20.7838	8110.793	94.3115	3.7555	7.4209	19.0471
257	22.414	16210.8635	63.0773	8.2782	10.9913	17.6932
207	44.453	17575.2048	84.9044	5.928	9.5142	43.0164
196	16.557	10500.229	53.5726	6.7714	10.1389	11.202
163	18.9509	9447.5872	57.9607	6.9955	7.2119	16.0682
172	24.364	12588.5958	73.1895	6.3826	12.0562	20.1871
37	9.4167	3075.0307	83.1089	4.1796	4.8506	6.9048
165	22.6331	11922.2466	72.256	5.9795	7.1009	20.6417
861	37.2044	45500.2441	52.8458	12.3865	16.2673	31.0824
296	19.5444	14776.1508	49.9194	8.6728	9.6331	14.6277
810	30.3702	39217.7114	48.4169	11.9787	15.9371	22.91
455	21.9715	20595.2722	45.2643	9.8026	12.5325	15.1523
538	29.0467	28853.5826	53.6312	10.3898	15.302	22.3967
186	21.3328	11558.9841	62.1451	6.7268	9.0477	18.1102
70	25.3172	8222.1161	117.4588	4.047	7.4556	23.8537
126	14.4857	7524.7036	59.7199	6.2971	7.9761	10.323
318	26.9201	18526.1658	58.2584	7.8994	13.7779	21.7362
180	16.1108	9381.6505	52.1203	6.6982	9.3134	11.3116
228	18.8951	12574.6367	55.1519	8.6131	9.9449	13.5624
1510	99.5258	99674.7822	66.0098	12.3826	18.683	96.969
265	20.0331	16253.9128	61.3355	9.1557	11.6791	13.4573
354	23.7991	20903.4819	59.0494	10.3177	12.9123	17.1235
607	26.0478	29994.906	49.415	11.8511	14.2613	18.2936
334	22.0131	17429.291	52.1835	8.7491	10.0359	17.5302
396	21.5748	18269.5984	46.1353	9.7799	11.8398	15.1541
629	40.9996	45616.4352	72.5222	17.6314	23.5517	28.5556
451	55.1994	31197.5627	69.1742	7.5051	11.5837	53.4459
647	28.0962	28510.9413	44.0664	10.2146	12.6521	22.9124
185	16.4972	9648.6029	52.1546	6.2337	9.0925	12.273
340	18.8593	13522.5222	39.7721	8.4728	11.651	12.1712
89	14.116	6538.1729	73.4626	4.9827	7.3659	10.9625
220	20.5229	12964.4015	58.9291	8.1206	10.9555	15.3369
165	17.2556	9078.7668	55.0228	5.893	7.178	14.5432
335	22.6976	17505.781	52.2561	7.8753	11.7857	17.7273
404	22.9277	18717.7542	46.3311	7.9357	12.4129	17.5677
447	23.0085	20037.9618	44.8277	8.8865	11.9311	17.5519
279	33.7828	21273.0814	76.2476	9.1088	12.185	30.1634
99	12.6519	6010.1215	60.7083	5.7605	7.5891	8.3242
257	18.424	13788.3837	53.6513	8.4963	9.3991	13.3759
251	18.9902	12112.817	48.2582	7.6065	8.3426	15.2698
101	13.1381	6469.879	64.0582	6.1503	7.7369	8.6558
212	16.3227	9579.2015	45.1849	6.5503	9.6965	11.3799
459	25.6394	21220.1601	46.2313	7.9595	10.5039	21.993
229	19.821	12666.6089	55.3127	7.8153	9.4915	15.5468
113	13.4608	6642.8456	58.7862	5.7397	7.6388	9.4815
128	20.614	10171.2175	79.4626	5.0462	9.6738	17.4897
237	17.2476	11532.6861	48.6611	8.2676	10.2163	11.1694
206	18.604	12078.5381	58.6337	6.8848	10.197	13.9545
156	19.9861	10737.0033	68.8269	6.5979	7.7234	17.2122
225	16.897	11268.6627	50.0829	7.4081	10.4453	11.0237
168	28.4725	16191.6621	96.3789	7.5991	14.9785	22.9909
85	20.8008	6929.6728	81.5256	5.5188	6.9649	18.807
329	46.7955	20140.9403	61.2187	8.776	8.9356	45.0883
598	28.6895	28466.1015	47.6022	10.7493	12.9288	23.2462
207	16.3755	10273.2215	49.6291	7.8525	8.1096	11.863
77	14.7602	5897.2955	76.5883	3.8001	6.3829	12.7546
294	19.3288	14255.0007	48.4864	8.6923	10.0674	14.0247
176	21.5746	11095.2014	63.0409	7.5485	9.1058	18.0435
438	21.7024	18470.2953	42.1696	8.6833	12.448	15.5126
281	36.0874	20854.6629	74.2159	10.4046	12.6865	32.1418
344	24.7363	19112.2319	55.5588	8.2453	11.0713	20.5263
172	29.8333	12345.8891	71.7784	6.3317	6.9303	28.318
76	24.2551	7265.3167	95.5963	3.5767	6.5965	23.0652
538	25.1289	28759.1018	53.4556	11.2217	15.6706	16.1235
68	20.1746	5997.034	88.1917	4.1734	4.9695	19.1024
94	18.8118	8141.1654	86.6081	7.1961	8.4573	15.1846
219	17.0152	9869.4114	45.0658	6.8575	8.9363	12.7529
165	14.4526	7463.5907	45.2339	7.5176	8.1777	9.246
401	22.332	20790.1083	51.8457	9.4298	14.0158	14.6067
315	23.8533	17984.6309	57.0941	7.1897	11.9938	19.3245
161	28.2612	11383.7151	70.7063	6.9591	7.6117	26.3121
72	11.9512	5105.4467	70.909	5.2945	6.8203	8.2634
127	20.9865	9101.2765	71.6636	5.2748	11.3931	16.8169
241	18.8028	12896.833	53.5138	7.9953	9.2615	14.2774
173	34.499	14491.8583	83.768	7.6673	13.7443	30.7
50	18.7543	6064.5901	121.2918	4.1741	5.304	17.4977
382	20.9241	16825.7538	44.0465	9.3182	11.7786	14.5689
68	11.0751	4359.0444	64.1036	5.0868	5.2859	8.2971
172	17.1275	10234.6527	59.5038	7.0338	7.2499	13.8317
287	24.6797	17484.0299	60.92	7.6961	13.4262	19.2248
317	19.3184	13485.2199	42.5401	8.4822	10.7784	13.6043
116	22.2213	8762.7235	75.5407	4.9506	9.2309	19.5976
86	13.0901	5751.4353	66.8772	5.4734	6.0699	10.2249
158	15.3072	7878.907	49.8665	6.1763	8.2393	11.3259
295	23.5166	16901.9134	57.2946	6.0689	10.8625	19.955
194	17.2077	10145.5948	52.2969	7.1621	10.0215	12.0157
146	17.1173	10993.0785	75.2951	6.4631	9.83	12.4339
182	30.4148	16159.3461	88.7876	6.3039	7.8733	28.6937
244	17.3832	11241.0096	46.0697	7.1581	10.6132	11.7599
96	16.1545	8409.2581	87.5964	5.5633	8.7475	12.3894
221	25.7368	16564.7851	74.9538	7.2268	15.6245	19.1319
203	16.537	10210.4387	50.2977	7.3257	9.0072	11.776
212	16.3784	9785.071	46.156	7.1643	9.5702	11.1954
302	20.7766	15515.0541	51.3744	7.9249	10.7026	15.9473
116	14.1516	6680.1958	57.5879	5.4416	7.6028	10.6233
249	19.7351	12513.0417	50.2532	7.53	9.2818	15.7041
250	20.9772	17682.5329	70.7301	10.4765	11.0774	14.4075
481	29.2458	27304.9081	56.767	9.5011	10.306	25.6678
328	19.7702	16459.7502	50.1822	9.788	11.4381	12.8152
64	23.588	7785.6824	121.6513	4.796	9.8765	20.8769
295	24.0011	18340.0038	62.1695	8.2433	12.8786	18.4998
85	11.6294	4802.9829	56.5057	5.7311	5.8799	8.2354
204	29.7972	14012.7716	68.6901	5.9052	12.2827	26.4979
107	40.1826	11524.8789	107.7091	7.0054	8.5786	38.6261
328	24.1451	18039.9543	54.9999	7.1026	11.5492	19.9789
411	23.5711	20425.1491	49.6962	8.1433	14.4503	16.7473
321	19.5204	14020.509	43.6776	8.477	11.2474	13.516
193	18.7166	11717.3594	60.7117	7.0797	9.1245	14.7286
96	15.2536	7144.6817	74.4238	5.4744	6.5363	12.6483
220	19.295	12988.3157	59.0378	7.6593	9.1559	15.1592
265	19.1578	13978.201	52.7479	8.4729	11.4784	12.7859
441	25.8018	26614.5977	60.3506	10.9703	12.3682	19.8093
518	26.7725	25644.1151	49.506	9.0295	14.9965	20.2568
665	27.6393	25015.1917	37.6168	10.2588	12.3571	22.4943
332	20.1937	16046.5441	48.333	10.7507	11.9006	12.2713
103	19.3435	8019.5978	77.8602	4.8433	6.0776	17.7137
146	18.0377	9753.7921	66.8068	6.1398	6.4065	15.7041
299	26.9832	21832.9039	73.0197	9.2568	14.6063	20.7138
460	31.6986	29710.0028	64.587	10.9462	18.1987	23.5328
208	18.9739	12540.2429	60.2896	6.8703	10.6922	14.0884
160	15.633	9230.4708	57.6904	7.0421	8.4258	11.1269
229	16.5655	9996.5734	43.6532	7.5168	9.1668	11.5709
1415	40.7119	76803.929	54.2784	15.666	23.1988	29.561
723	28.6438	36938.1825	51.0902	12.1351	13.3557	22.2449
245	22.5032	15126.9536	61.7427	6.5706	10.8715	18.5751
400	26.1804	20671.8088	51.6795	8.7662	11.4247	21.8642
434	22.3009	17698.7315	40.7805	9.3112	10.4866	17.3396
315	34.4855	19411.5221	61.6239	7.3903	9.2818	32.3803
268	20.8713	16645.3333	62.1095	9.0415	11.5284	14.8647
206	17.7353	12239.5159	59.4151	6.7635	9.8579	13.1003
693	31.4258	34754.8588	50.1513	9.4447	16.553	24.9876
981	39.519	46914.0697	47.8227	11.5054	15.9979	34.2556
286	23.9974	18720.3076	65.4556	9.5112	13.9838	17.0254
119	14.3047	7823.5376	65.744	7.0838	7.5894	9.841
638	31.622	37400.9193	58.6221	14.4809	19.3996	20.3447
400	22.6272	19683.7509	49.2094	9.8862	11.2933	16.9326
308	18.978	14004.4841	45.4691	8.501	10.0709	13.6556
209	17.4046	11173.9462	53.4639	6.7696	10.5378	12.085
174	21.4736	11450.1663	65.8056	6.2631	9.6377	18.1385
116	13.9976	6741.7065	58.1182	5.8188	6.7609	10.7872
354	30.3326	28804.438	81.3685	10.2505	16.8338	23.0568
470	25.0626	24133.038	51.3469	9.0102	14.2129	18.5725
329	25.0739	16613.6791	50.4975	7.3334	11.3621	21.1145
54	12.6506	5643.3492	104.5065	5.0086	7.6955	8.7023
381	20.3403	16527.0076	43.378	9.1172	11.4436	14.1297
391	29.132	23639.9807	60.4603	8.6754	9.7544	26.0435
128	24.2726	11477.3893	89.6671	6.6916	11.5358	20.2807
138	14.9	7575.0773	54.8919	6.2747	7.2377	11.4129
201	19.1042	15682.6855	78.0233	7.6272	11.5256	13.1892
189	19.4307	13861.9634	73.3437	8.7424	9.5744	14.4725
162	14.843	8025.0608	49.5374	6.6978	7.3984	10.9872
284	17.7672	12941.0109	45.5669	9.3713	9.9579	11.3443
102	19.5927	8200.5614	80.3977	5.3963	6.5657	17.6535
213	20.1617	12143.055	57.0096	5.6529	9.2896	16.9778
670	26.2451	28510.4486	42.5529	10.8309	14.1831	19.2441
482	24.2122	19740.408	40.9552	7.7005	13.3093	18.7029
156	15.2351	8520.4771	54.6184	7.1951	7.5569	11.1009
198	18.208	10959.2074	55.3495	6.6621	9.3375	14.1407
224	16.3326	9904.4642	44.2164	7.0931	9.9143	10.8696
315	19.4831	14409.5021	45.7445	8.5568	9.907	14.43
265	17.1619	11648.0218	43.9548	8.4124	9.6864	11.399
215	16.6941	10364.8811	48.2087	7.6319	8.5185	12.1608
425	22.6038	20168.8947	47.4562	9.3919	13.9819	15.0742
455	36.3	27052.9973	59.4571	9.4772	16.1251	31.1104
493	26.3904	23543.618	47.7558	10.6305	11.4984	21.2422
85	12.9661	5972.2938	70.2623	5.3862	7.1407	9.3872
138	20.7888	11460.6172	83.048	8.1265	12.6595	14.3482
520	36.5161	36354.3428	69.9122	9.3255	24.2324	25.676
100	24.2343	8787.8808	87.8788	4.0134	9.6276	21.8747
573	25.051	23848.7363	41.6208	9.2005	14.6889	18.087
610	25.9216	24236.6074	39.7321	10.0719	12.3696	20.4323
514	25.3348	27610.1326	53.7162	9.4351	14.2299	18.7173
94	16.7961	9017.4301	95.9301	7.0558	9.7818	11.6893
126	14.0289	6706.348	53.225	6.0681	6.3898	10.9161
179	16.8583	9849.4028	55.0246	6.3639	9.4967	12.3902
420	36.7165	26958.6412	64.1872	8.452	12.2776	33.5548
411	30.8822	26385.7469	64.1989	9.835	15.4905	24.8401
427	25.6924	21593.8341	50.571	10.1393	14.3251	18.7639
246	21.3326	15431.0158	62.7277	8.5777	10.1621	16.6804
158	14.8318	8503.2034	53.8177	7.5521	7.8481	10.0676
226	30.9212	21448.0599	94.9029	9.9518	16.6444	24.0842
184	29.3169	13546.8759	73.6243	7.0842	8.7307	27.0752
444	23.4081	22544.617	50.7762	10.4388	10.9701	17.8501
241	21.7151	14569.5845	60.4547	7.6411	9.7343	17.8438
218	16.7444	10780.6363	49.4525	7.8618	8.866	11.8305
209	32.5304	15969.1266	76.4073	5.9348	9.7198	30.4718
227	20.2851	13374.5938	58.9189	8.2729	9.8686	15.6734
221	18.4938	11629.9816	52.6244	7.3855	8.1389	14.8739
206	17.5959	11428.1458	55.4764	8.5764	9.3567	12.1865
954	37.5951	44604.0333	46.7548	11.2406	17.4451	31.3482
134	15.4158	8436.058	62.9557	6.7634	8.1178	11.2251
359	22.1419	17424.8287	48.5371	8.3043	11.7966	16.7971
118	18.0403	9106.8523	77.1767	5.8275	10.2788	13.6322
168	48.2893	14751.7127	87.8078	4.726	7.9395	47.3971
243	21.5987	15372.3903	63.2609	7.3917	12.8972	15.6694
208	18.0416	10906.127	52.4333	7.1899	9.3191	13.6733
262	18.305	11865.4389	45.2879	8.0321	8.3898	14.1481
651	31.2629	35645.5851	54.7551	11.9489	16.1736	23.9375
163	16.2365	8986.2519	55.1304	6.6204	8.0504	12.4493
273	22.2712	17538.2123	64.2425	8.2911	12.473	16.483
359	22.989	20982.9607	58.4484	10.2643	12.7696	16.1268
285	19.7824	14749.354	51.7521	8.5836	9.9738	14.7712
359	21.2534	16290.3285	45.377	9.4102	10.3456	16.0039
97	15.2881	7683.258	79.2088	6.1377	9.0704	10.6668
287	19.6285	14713.6029	51.2669	8.7834	9.7431	14.6014
127	17.5107	9077.9136	71.4796	4.9923	7.8607	14.8294
88	18.1602	7717.0543	87.6938	6.1335	6.6454	15.7484
297	23.2793	17466.3623	58.8093	8.2136	11.8219	18.2949
484	22.8626	20729.239	42.829	8.8337	12.6826	16.8468
347	21.0415	16452.3651	47.4132	8.4717	10.548	16.1157
349	20.9975	18031.0531	51.6649	9.6961	12.3891	13.9064
378	24.594	20691.2008	54.7386	8.3194	10.7993	20.4702
76	11.4666	4995.7938	65.7341	5.36	6.6017	7.6922
398	21.1418	18241.1071	45.8319	9.194	12.9956	13.9126
428	22.205	18679.3433	43.6433	8.3032	13.1888	15.8169
511	25.5565	24616.7284	48.1736	9.684	16.1007	17.324
107	19.3324	8296.9196	77.5413	5.0313	7.6889	17.0091
351	22.02	16967.7681	48.3412	8.04	10.1612	17.8042
115	19.1439	9416.8012	81.8852	5.484	8.6573	16.17
499	29.6394	27249.9069	54.609	9.9957	15.9181	22.9171
199	16.862	10206.8921	51.2909	6.9842	8.7436	12.6134
782	35.1512	43385.1434	55.4797	13.8465	14.7973	28.7214
468	23.6718	19309.9523	41.2606	9.021	12.033	18.2806
331	21.6792	16757.8484	50.6279	8.8739	10.308	16.8815
425	24.2701	22559.2005	53.0805	9.1766	11.8121	19.113
342	20.5064	15331.5216	44.829	8.7827	9.6222	15.8363
141	14.6717	8578.1978	60.8383	7.3263	8.8053	9.1679
323	21.287	16197.317	50.1465	8.037	11.5667	15.9611
346	21.0922	16182.8196	46.7712	8.7587	9.8179	16.4856
313	20.3255	15955.2144	50.9751	8.8595	10.1565	15.2144
104	21.846	8115.0864	78.0297	5.2984	6.3804	20.2105
148	25.5482	11569.2674	78.1707	6.236	12.5335	21.3713
90	17.5878	7261.4431	80.6827	5.9012	6.1158	15.3982
269	18.7546	13173.229	48.9711	8.3752	9.5759	13.7802
174	15.0064	8388.1674	48.2079	6.949	8.3997	10.3126
541	30.439	30280.698	55.9717	9.4899	11.8168	26.3977
223	18.3925	12687.4442	56.8944	7.8946	9.2295	13.8122
230	19.7928	14297.1944	62.1617	8.0815	11.4916	13.9423
309	22.3525	16943.7518	54.8341	7.5053	12.399	17.0167
439	24.0078	21731.8497	49.5031	8.6914	13.5309	17.8255
262	24.1237	22513.721	85.9302	8.2695	11.6859	19.4166
278	21.0988	14775.7185	53.1501	8.2181	10.3737	16.4319
313	19.3609	14867.7231	47.5007	9.018	11.4717	12.7248
198	23.0255	13418.622	67.7708	8.0183	8.24	19.9495
144	15.3464	8703.4025	60.4403	7.0672	9.3763	9.8819
452	29.9329	27483.1401	60.8034	10.2056	10.6246	26.0565
158	21.9236	9953.1529	62.9946	5.4022	8.0358	19.6694
332	20.8451	16784.8261	50.5567	9.439	11.3219	14.739
144	28.314	11948.9646	82.9789	5.971	14.0752	23.831
467	26.9145	23584.0132	50.5011	9.4982	12.321	21.9629
474	27.0275	24782.5943	52.284	7.9642	12.1464	22.793
97	27.3225	9415.29	97.0648	2.8733	9.6226	25.41
616	27.6671	30776.2311	49.9614	11.1662	13.4648	21.4356
438	24.5657	22435.3794	51.2223	9.1761	15.1928	16.9838
118	14.9742	7493.0626	63.5005	5.2964	7.449	11.8611
235	17.6988	12026.2425	51.1755	7.6651	9.7121	12.6558
513	26.4641	25069.94	48.8693	8.9227	12.2562	21.6915
258	17.4726	11340.4217	43.9551	7.8464	10.009	11.981
1297	30.3201	43547.0659	33.5752	14.6131	18.5035	19.0626
274	17.7267	11854.5172	43.2647	8.4213	9.7965	12.1385
265	22.1227	19092.7937	72.0483	8.0651	13.3172	15.7169
114	16.0946	8109.9796	71.1402	6.0102	7.6369	12.8292
228	17.5845	12208.3647	53.5455	7.7113	10.859	11.4819
1055	34.9585	51819.0792	49.1176	10.631	19.5366	26.9704
160	14.9812	8608.9344	53.8058	7.1706	9.0473	9.5481
221	22.342	14917.4801	67.4999	8.4719	9.4693	18.3773
941	38.946	41004.7087	43.5757	9.9757	15.7802	34.1799
272	27.461	20495.1758	75.3499	10.4387	15.3166	20.2619
144	14.4116	7910.1575	54.9316	7.2476	7.5408	9.9147
243	17.8795	12738.8878	52.4234	8.4439	10.1184	12.0829
331	26.176	16080.8013	48.5825	7.8933	9.1261	23.2292
369	21.4338	16595.7047	44.9748	8.2445	11.9912	15.7368
366	21.0267	17673.1319	48.2872	10.0321	11.7676	14.2478
307	20.4036	16449.2998	53.5808	10.5887	10.7317	13.7483
246	23.1661	14823.7479	60.2591	7.4813	9.0716	19.9601
298	21.624	15161.3838	50.8771	7.5667	10.1622	17.5235
146	17.6102	10091.147	69.1174	5.6266	10.0561	13.3168
172	17.9693	10626.0877	61.7796	7.0532	8.6913	14.0574
240	17.9304	12756.4147	53.1517	7.6105	10.4161	12.4533
464	23.0634	23963.4853	51.6454	9.8901	13.9647	15.4627
475	23.0995	21210.9149	44.6546	10.1321	13.1042	16.0999
223	41.8517	26275.8646	117.829	10.2668	18.9401	35.8808
292	20.6953	16856.0946	57.7264	9.1336	9.4683	15.9757
264	18.4658	12290.1793	46.5537	7.9122	8.6501	14.2674
178	24.3058	13216.6187	74.2507	6.2968	10.5662	20.9637
208	16.6417	10789.5391	51.8728	7.2779	9.139	11.8514
351	23.611	17302.5344	49.295	8.5865	9.5433	19.8161
119	20.9586	9465.5284	79.5423	4.8288	7.3166	19.0371
245	17.179	11640.291	47.5114	7.8205	9.8009	11.7432
95	17.2154	7403.5979	77.9326	4.9184	9.646	13.3841
421	22.3601	19185.6127	45.5715	8.3454	13.7095	15.5685
225	18.0803	11358.0355	50.4802	8.2251	8.3905	13.7421
349	26.6646	21298.7251	61.0279	8.6258	9.9934	23.1674
177	24.4854	12516.133	70.7126	5.8461	7.7666	22.473
861	33.7607	39916.9395	46.3611	12.2164	18.3526	25.568
484	25.7287	23484.4089	48.5215	9.6255	14.4874	18.9588
91	22.6167	7938.8945	87.2406	5.1111	6.5107	21.0476
210	16.9881	10813.3527	51.4922	7.8645	7.9433	12.7925
255	27.3189	16613.4673	65.1509	7.0515	9.4729	24.6345
147	20.3783	10187.1627	69.3004	5.2825	7.5824	18.1625
164	16.871	9451.9519	57.6339	6.1516	9.5235	12.4937
267	18.0151	12282.9137	46.0034	8.3319	9.6153	12.7542
281	17.7802	13664.0426	48.6265	9.2331	10.2719	11.1971
304	26.2791	19170.2108	63.0599	8.685	9.5911	22.873
500	25.4676	21548.9636	43.0979	9.6118	12.6588	19.899
244	23.6958	16309.4739	66.8421	8.2055	9.6697	20.0164
149	27.4327	10307.1788	69.1757	4.7501	7.3012	26.0131
912	33.7811	47693.0349	52.295	13.0841	15.4589	27.0368
727	29.497	38423.2577	52.8518	12.4793	17.5174	20.1861
450	22.9665	19790.3626	43.9786	9.4644	10.9484	17.833
404	22.9942	21944.664	54.3185	9.4463	14.5227	15.1192
158	14.9349	8383.7003	53.0614	7.2334	8.297	10.094
163	21.3786	11398.9859	69.9324	6.9385	7.9987	18.5722
194	17.0046	10035.4972	51.7294	7.4853	8.0703	12.9613
270	19.9709	13729.3879	50.8496	7.636	8.7699	16.2363
217	27.1243	14062.9216	64.8061	6.921	7.3309	25.1811
158	21.5646	10731.3503	67.9199	5.6716	8.2306	19.1082
119	13.7758	6902.3836	58.0032	5.8767	8.0528	9.5074
514	24.0641	22361.5835	43.505	10.5145	13.3523	17.0365
440	22.4064	19239.6783	43.7265	9.4399	12.1613	16.28
71	20.3087	7862.1314	110.7342	5.1882	8.4633	17.7172
225	24.0356	14895.1844	66.2008	7.5633	11.5638	19.6669
161	25.4192	12867.9512	79.9252	6.6304	9.2817	22.7162
287	24.1679	17061.7088	59.4485	7.2331	13.4701	18.717
302	20.9283	15056.2627	49.8552	7.8981	10.0968	16.5429
178	31.4054	14619.6011	82.1326	6.9011	9.2352	29.2128
423	23.0857	17513.8818	41.404	9.3915	10.9988	17.9937
1084	36.2667	59057.7525	54.4813	14.2534	17.9629	28.0972
160	24.9106	12406.8561	77.5429	5.8087	10.2152	21.9647
1304	53.2967	69222.7916	53.085	14.1761	21.9539	46.4501
216	17.9189	12411.3506	57.46	7.5495	9.3602	13.2845
446	31.0131	27042.7152	60.6339	8.962	14.9617	25.6445
253	23.2039	15504.3588	61.2821	7.206	8.7761	20.2355
207	22.3205	12791.0121	61.7923	6.7053	8.9557	19.3142
256	22.4971	14838.9122	57.9645	7.1597	10.6499	18.478
435	21.5017	18311.9116	42.0963	9.6448	11.4355	15.4444
317	20.0484	15599.5473	49.2099	8.3774	12.0158	13.6887
50	12.9648	4910.7845	98.2157	2.9331	5.8252	11.2048
238	18.6586	13254.9119	55.6929	6.7906	11.5447	12.9904
377	25.5547	23782.5166	63.0836	8.8811	15.7317	18.0744
463	21.9454	20938.3655	45.2233	11.2473	11.9658	14.5575
92	13.9643	7543.2891	81.9923	5.7059	7.6845	10.1683
346	25.0562	21924.879	63.3667	10.6425	12.1569	19.151
176	23.1219	13263.0924	75.3585	6.6446	11.2713	19.0638
313	22.876	21191.3904	67.7041	9.9602	13.8792	15.2143
249	20.3911	13953.1554	56.0368	10.3757	11.2307	13.4912
139	30.2019	12210.7017	87.8468	6.1249	7.269	28.6671
199	15.699	9158.8543	46.0244	6.8754	9.3648	10.5588
314	18.7606	14886.684	47.4098	9.6086	10.7308	12.0203
270	21.0508	15237.0695	56.4336	8.3085	12.3154	14.9143
384	21.2853	15942.6562	41.5173	8.5003	11.3345	15.8852
432	21.5016	16622.1065	38.4771	9.3334	9.953	16.6176
155	17.3628	9932.9479	64.0835	6.5326	9.5837	12.9207
829	41.8783	62726.5965	75.6654	18.2798	24.1948	28.8834
592	35.2224	33071.3983	55.8638	10.6684	11.6621	31.4769
285	21.5266	15831.1341	55.5478	9.2968	10.5474	16.3007
397	20.5858	17425.1225	43.892	9.4507	11.5218	14.2023
194	20.9861	14052.1403	72.4337	7.7952	9.8423	16.8161
190	24.0469	12436.1744	65.4535	7.3614	8.2086	21.3701
342	20.8124	14961.8545	43.7481	7.5325	10.793	16.1222
311	18.8546	13946.4419	44.8439	8.9202	9.9302	13.316
756	31.3332	34284.7326	45.3502	9.2016	16.1726	25.21
206	21.3056	13909.3879	67.5213	6.6208	10.7607	17.1552
491	25.0274	21085.9589	42.9449	9.6288	9.795	20.9216
220	19.5512	13358.2311	60.7192	7.8458	10.9026	14.2065
261	20.6636	13341.4118	51.1165	7.4527	8.1236	17.4771
124	20.5089	9515.8066	76.7404	7.5432	7.9052	17.3558
238	18.0491	12109.9512	50.8821	7.9641	9.1146	13.3891
162	17.3053	8777.4641	54.1819	5.6558	7.1291	14.7194
71	20.5772	7585.8102	106.8424	4.2027	12.0728	16.1247
444	53.1079	32766.9713	73.7995	13.4011	19.6134	47.4992
505	23.8277	22639.9482	44.8316	10.4107	10.8461	18.4862
302	21.2767	17608.7756	58.3072	9.2388	11.7897	15.1112
199	16.9505	10909.2134	54.8202	6.8779	9.3921	12.3207
151	19.9014	9662.8751	63.9926	6.619	7.1417	17.3566
120	28.2715	10389.0053	86.575	5.1546	7.8419	26.6686
271	21.5014	15460.2369	57.0488	8.1301	9.6268	17.4224
282	19.4369	13938.6625	49.4279	8.2812	9.6562	14.696
151	19.6346	10924.2001	72.3457	6.3823	10.6362	15.2202
160	16.7122	8848.4074	55.3025	5.6783	7.3334	13.9024
268	17.189	11418.2012	42.6052	8.0257	10.1601	11.3058
618	34.4271	37659.9182	60.9384	11.092	14.3458	29.2642
271	19.8005	14834.4223	54.7396	7.5081	12.6589	13.2454
81	11.6428	4942.6145	61.0199	5.4692	6.6607	7.828
351	21.8635	17952.4023	51.1464	6.9488	13.5337	15.7024
803	39.4386	47390.5742	59.0169	11.8397	23.1883	29.6231
164	15.06	8517.6281	51.9368	7.1423	8.1983	10.4201
411	26.3987	21645.0816	52.6644	9.7208	12.495	21.1252
70	17.8172	7353.4652	105.0495	6.8138	9.0193	13.7722
268	21.0356	16608.5522	61.9722	8.6868	11.2398	15.5146
116	14.7406	8615.5769	74.2722	6.5285	8.92	9.7519
238	17.0333	11163.5495	46.9057	7.8512	9.4942	11.7623
756	27.3704	31170.7208	41.2311	12.0092	13.7275	20.4077
154	15.443	8880.8136	57.6676	6.3662	9.0781	10.7492
224	17.8686	10028.5462	44.7703	7.3549	7.6798	14.3602
181	17.7759	11417.77	63.0816	6.8135	9.7506	13.2092
192	15.4727	9135.2939	47.5797	7.2582	8.8427	10.4178
427	24.0501	20492.7379	47.9924	9.4421	10.4379	19.5014
482	27.6564	25581.1255	53.0729	11.0397	13.1933	21.655
503	26.2149	25071.6127	49.8442	10.7317	11.9314	20.7291
178	18.3791	12260.6426	68.88	7.7703	10.4515	12.9684
160	19.0868	10635.4474	66.4715	6.6714	8.9116	15.5042
414	23.5291	20950.5297	50.6051	8.9092	13.1612	17.3502
128	15.6528	7663.6294	59.8721	6.251	7.0239	12.5139
424	21.611	16566.3419	39.0716	9.3022	9.9127	16.8001
323	20.8562	16969.0713	52.5358	8.116	12.2003	14.8413
227	17.2837	10797.7862	47.5673	8.1338	8.6681	12.5472
338	19.2076	14631.2658	43.2878	8.4066	10.5216	13.6952
184	15.8825	9874.5053	53.6658	6.9637	9.0624	11.0288
237	19.6572	14585.9463	61.5441	8.694	10.064	14.4754
78	24.1141	8530.0617	109.3598	4.8913	9.6971	21.5298
241	20.5926	12884.6047	53.4631	7.8541	8.9152	16.8192
575	29.2621	30135.3704	52.4093	12.9661	14.4974	21.8626
267	21.4129	14633.7984	54.8082	7.1932	9.9987	17.5156
160	15.7619	9672.7317	60.4546	7.4818	9.5335	10.0783
447	22.794	19914.3643	44.5512	10.1569	11.9892	16.5125
311	20.3105	17081.2055	54.9235	8.9713	11.3468	14.2578
238	18.4291	11806.9973	49.6092	8.0452	8.593	14.1798
346	26.7055	16845.0013	48.685	8.3614	10.2127	23.2157
155	14.7229	7947.9522	51.2771	7.2314	7.7195	10.2411
40	9.7454	3136.6165	78.4154	3.4656	5.5761	7.2021
300	20.0086	14955.9768	49.8533	7.9006	10.6291	14.9983
214	25.6149	15011.9597	70.1493	8.1699	11.4966	21.3824
215	17.3518	10874.8665	50.5808	7.4552	8.8262	12.9462
180	15.5717	8863.2139	49.2401	7.2961	8.9414	10.4544
114	27.9503	11524.0075	101.0878	3.9204	15.2957	23.0628
588	30.2095	30398.6982	51.6985	10.6673	16.5374	22.9203
587	35.2891	32502.1321	55.3699	9.8495	11.5428	31.8602
366	25.3792	18810.2828	51.3942	8.2093	10.3443	21.6727
155	26.1932	12591.0736	81.2327	7.2144	13.8428	21.0336
263	17.3684	11985.4458	45.572	7.9822	10.1658	11.6018
212	16.504	10324.478	48.7004	7.367	9.2564	11.5078
56	15.5273	5007.3966	89.4178	3.2074	7.268	13.3411
110	17.3518	7502.1213	68.2011	4.7888	6.4437	15.3828
144	14.7879	8121.1846	56.3971	6.4912	8.1835	10.4678
228	18.3594	12428.404	54.5105	7.2435	10.5488	13.1651
187	18.6337	11195.3157	59.868	6.4939	8.7122	15.1374
430	22.703	20244.2679	47.0797	9.0807	11.7033	17.2046
52	13.3183	4994.5077	96.0482	5.063	5.7878	10.874
39	10.4426	3230.7142	82.8388	2.9897	5.9421	8.0499
393	21.0219	17153.6273	43.6479	8.593	12.8943	14.2063
199	28.1662	12850.6782	64.5763	6.3127	9.465	25.7663
362	20.3991	15397.0139	42.5332	8.3579	10.0828	15.6399
362	20.6351	17553.8095	48.4912	9.1863	10.6524	15.0978
363	22.4102	17384.4663	47.8911	8.4755	9.8469	18.2599
651	39.3439	36885.8698	56.6603	11.3708	14.0451	34.9482
192	17.2904	11206.7576	58.3685	7.9518	8.5983	12.7199
295	19.8939	15103.1663	51.1972	8.4237	10.7904	14.4353
102	13.9865	7040.5773	69.0253	6.5393	7.0299	10.1705
87	12.3264	5534.5252	63.6152	5.6147	5.9017	9.2512
819	40.1279	62510.1761	76.325	18.1763	23.1829	27.2475
383	22.6456	18866.2936	49.2593	8.6666	11.0805	17.7464
181	22.0741	11395.8325	62.9604	7.4457	8.2058	19.0916
121	27.1431	10057.5422	83.1202	5.9994	7.9775	25.2411
221	21.466	13641.6944	61.7271	5.5269	11.5332	17.2403
131	16.5681	8987.36	68.6058	6.3253	8.2223	12.9185
50	13.1796	5360.7084	107.2142	4.4697	7.0222	10.2182
575	27.3202	28161.1281	48.9759	9.4069	14.2613	21.3194
123	14.0644	7147.548	58.1101	6.2207	8.0354	9.7233
269	20.1334	14616.3172	54.3358	8.2713	11.5514	14.2654
589	35.2349	34074.4442	57.8513	10.4022	11.879	31.4989
108	15.756	8429.9397	78.055	7.0336	8.5811	11.1869
67	26.7133	7034.3849	104.9908	3.1406	4.7041	26.1076
631	35.6402	56923.0348	90.2108	15.5884	21.2547	23.9887
217	17.8731	10642.7637	49.045	6.5709	10.0866	13.2111
287	36.6814	18778.4571	65.4302	6.17	8.1116	35.2372
358	22.6546	19286.5348	53.873	7.6056	12.9322	16.9749
263	19.606	14559.5079	55.3593	8.4132	11.0895	13.8071
91	14.8299	6560.9005	72.0978	4.8114	8.2893	11.3165
275	20.5656	14055.9806	51.1127	8.0104	9.8492	16.1793
481	33.5125	29111.0918	60.522	9.5614	10.0098	30.52
87	13.5053	6309.5177	72.5232	4.9501	6.5606	10.7168
151	16.6574	9649.0202	63.9008	7.8046	9.7395	11.0317
178	16.082	10079.756	56.6278	6.9452	9.8169	10.6781
232	16.85	10696.7314	46.1066	7.642	10.2616	10.9646
214	16.4103	10687.8317	49.9431	8.119	9.5351	10.6047
280	27.3997	17756.5162	63.4161	8.6474	10.6816	23.7038
825	27.0114	33512.9434	40.6217	13.3491	14.6044	18.3882
84	35.2777	9006.8751	107.2247	3.2615	3.7762	34.9231
881	66.3229	55977.7929	63.5389	9.044	27.3389	59.7455
210	20.5403	12187.0394	58.0335	5.2086	10.4128	16.9218
213	17.7282	11794.2488	55.3721	7.8726	8.5461	13.3893
400	22.269	20742.4648	51.8562	11.889	13.0877	13.5377
296	21.9498	16743.5915	56.5662	7.3885	12.9028	16.1469
106	20.291	9530.0163	89.9058	7.5446	8.0339	17.037
176	15.2332	8932.8078	50.7546	7.6994	9.0346	9.547
316	19.2006	14319.0805	45.3135	8.8481	10.0003	13.7974
183	24.919	14119.258	77.1544	6.6552	12.6554	20.4085
333	19.7128	14500.8809	43.5462	9.5369	9.7935	14.2031
313	18.7961	14839.8323	47.4116	9.5081	10.2783	12.5397
339	21.4799	17509.3923	51.6501	9.285	11.9537	15.2409
244	22.5302	14419.1143	59.0947	8.6417	10.3466	18.0521
477	25.4907	21259.0154	44.5682	9.3396	10.3835	21.3244
489	31.8607	28546.6373	58.3776	9.7615	16.4874	25.4554
295	23.83	16572.723	56.1787	6.3027	12.7966	19.0891
193	15.2766	8547.2459	44.2862	7.6455	8.263	10.3269
137	24.9558	11650.9286	85.0433	5.4584	10.1081	22.1546
1063	36.5246	55675.9777	52.3763	13.4594	16.8382	29.4851
91	16.8933	7527.0691	82.715	5.5775	7.9186	13.8409
106	14.0671	7242.2682	68.3233	5.9436	7.4837	10.3224
250	17.7664	12698.0906	50.7924	8.3879	9.5881	12.3837
146	17.0314	8862.9372	60.705	5.1797	7.9601	14.1377
711	35.1422	36504.5441	51.3425	9.1129	15.9687	29.9488
795	39.477	44499.3781	55.9741	13.7164	16.2412	33.2644
491	30.7768	28246.4008	57.5283	10.7153	16.2561	23.8356
156	17.9358	10530.7945	67.5051	6.1742	9.1748	14.1207
106	20.6185	8952.5948	84.4584	5.7962	7.1155	18.4634
444	27.054	23915.0142	53.8626	10.2778	12.1503	21.8783
472	22.9191	22149.1374	46.9261	10.8884	13.5143	14.9696
116	14.1853	7571.0945	65.2681	6.5826	7.9481	9.7324
341	20.5569	16152.7584	47.3688	8.3313	12.8162	13.7449
659	26.7399	26429.7617	40.1059	10.6268	11.1794	21.8429
707	30.4903	30990.2471	43.8334	11.4951	14.1745	24.4255
155	14.7866	8118.9003	52.38	7.7511	8.1826	9.5712
426	21.3285	19636.6487	46.0954	10.8804	11.1645	14.556
166	19.2974	11318.1498	68.1816	6.4	9.7077	15.4009
239	18.5055	13373.7795	55.9572	8.1838	11.2055	12.244
105	12.8972	5913.9219	56.3231	5.9947	7.2347	8.8353
409	39.0159	28157.9901	68.8459	9.7157	15.8697	34.2928
286	18.2717	13211.5594	46.1943	8.2869	11.0834	11.9307
843	32.332	44090.4466	52.3018	12.2038	15.3254	25.7208
242	20.3866	14869.0647	61.4424	8.3031	9.4484	16.0437
269	20.8442	17498.5467	65.0504	9.6733	10.8692	14.9254
551	27.5751	25883.6282	46.9757	9.2136	12.3571	22.8647
219	16.7926	10406.4834	47.5182	6.9557	9.7337	11.784
373	25.6523	20227.6491	54.2296	8.5298	9.9557	22.0492
267	17.5384	12189.8278	45.6548	9.0078	9.7861	11.4319
563	23.4015	23836.6975	42.3387	10.752	14.1251	15.2483
478	23.925	20619.3144	43.1366	9.4547	10.158	19.4892
378	21.1783	16457.1252	43.5374	8.9336	9.5165	16.6777
32	13.9363	3550.5939	110.9561	2.7887	4.813	12.7781
333	24.8672	19366.3678	58.1573	7.7736	12.6951	19.9194
168	16.1416	9047.7239	53.8555	6.4211	7.9449	12.498
411	23.9075	18167.3938	44.2029	9.0474	10.7024	19.3694
109	18.516	9435.8843	86.5677	5.2403	9.4994	15.0048
98	18.8086	8843.3612	90.2384	5.517	6.2514	16.8596
184	17.7576	11476.1282	62.3703	8.1662	10.7311	11.5536
245	23.2787	12995.833	53.0442	6.42	8.2863	20.7851
261	19.4092	14079.0906	53.9429	8.2829	10.4642	14.0929
139	14.7848	9004.2172	64.7785	7.6971	8.274	9.5334
293	18.4453	12543.5846	42.8109	7.8789	10.8726	12.6467
102	16.5313	8412.6158	82.4766	5.5257	8.7047	12.922
156	24.32	13179.0678	84.4812	6.29	13.929	18.9178
258	22.4438	15482.0795	60.0081	7.1267	11.1418	18.1327
616	33.3352	32941.3297	53.4762	8.5943	15.7722	28.0822
98	22.9751	9916.5744	101.1895	5.7729	9.5032	20.1052
254	20.2781	13577.8586	53.4561	8.4211	9.7944	15.6319
227	33.9402	15449.6142	68.06	5.7463	7.6739	32.5581
262	18.3381	12597.744	48.083	8.0532	9.7587	13.274
451	24.9835	23060.8388	51.1327	9.8088	13.8692	18.3196
393	20.5099	16861.2622	42.904	9.4372	12.068	13.6367
260	18.9425	13099.0603	50.381	7.7988	8.9637	14.7529
347	32.0967	20195.9306	58.2015	8.4782	9.3212	29.52
63	27.2381	6896.736	109.472	2.7614	3.1984	26.9084
221	18.1574	11461.266	51.8609	7.2331	8.0778	14.5644
309	20.3723	14545.5034	47.0728	8.008	9.1288	16.3574
141	23.0825	10057.5987	71.3305	5.297	8.7827	20.6786
105	14.5768	7834.8459	74.6176	7.0325	7.2464	10.5126
123	19.2475	9187.4226	74.6945	6.2241	7.1083	16.769
290	18.9062	14261.2865	49.1768	8.886	10.9518	12.5913
315	21.2534	15984.8239	50.7455	9.1048	10.3144	16.1995
421	30.6477	25628.0933	60.8743	8.4909	15.7639	24.8733
335	21.8592	16955.7199	50.6141	7.9194	10.926	17.1968
84	19.2848	6057.8396	72.1171	2.9921	5.1953	18.3291
677	33.1038	40198.5375	59.3775	14.0335	14.933	25.9987
454	30.4354	27471.1334	60.5091	7.7551	14.94	25.3568
360	24.315	18672.4576	51.8679	9.1042	12.3533	18.8607
493	22.8287	19980.2538	40.5279	9.4379	12.7537	16.4139
223	18.5936	11847.41	53.1274	6.717	11.0193	13.3858
44	19.6552	4788.4481	108.8284	2.7776	3.9525	19.0523
390	47.3058	27211.7695	69.7738	8.3738	11.1976	45.1921
478	24.9325	23375.5217	48.9028	9.5875	14.4216	17.9368
146	14.9051	8453.8622	57.9032	7.0067	8.728	9.8434
314	21.6772	15193.5726	48.3872	7.3248	9.771	17.9103
363	22.3797	17431.3344	48.0202	8.1398	11.333	17.4974
412	21.0754	18310.6082	44.4432	9.4654	11.7663	14.7014
149	23.7355	10508.1297	70.5244	5.5313	7.8988	21.6884
304	20.0561	15522.44	51.0607	8.6461	10.4852	14.7497
241	29.6219	15199.772	63.0696	7.0518	8.637	27.4433
59	11.1543	4218.8061	71.5052	4.3886	5.6668	8.5467
155	22.8212	11339.815	73.1601	6.3805	6.6838	20.8668
229	20.2387	13579.8187	59.3005	6.541	10.8599	15.776
287	22.8345	16975.0183	59.1464	8.7685	11.7571	17.5014
201	28.5462	17182.0394	85.4828	8.4317	11.1243	24.9006
236	18.2502	12837.5657	54.3965	7.9788	8.7801	13.8678
268	23.4973	16983.2859	63.3705	8.371	14.4418	16.5373
169	15.9043	8733.5941	51.6781	7.2006	7.9754	11.7257
302	19.8421	14787.261	48.9644	7.619	11.9482	13.8888
640	27.101	30653.6796	47.8964	11.0093	16.7579	18.2327
175	15.6997	9044.8242	51.6847	6.2796	9.2383	11.0318
456	31.2564	22706.6692	49.7953	9.5248	10.1976	27.9687
512	30.8743	30185.1023	58.9553	12.1681	15.3792	23.8462
330	19.7459	15775.1337	47.8034	9.286	11.1516	13.3907
508	25.6701	26045.3193	51.2703	10.2572	14.4972	18.5358
316	18.809	13815.6434	43.7204	8.1743	11.0041	12.8791
302	19.1095	15120.1087	50.0666	8.2902	11.7048	12.6272
355	20.9272	18362.2502	51.7246	9.2748	12.6224	13.8781
302	24.5015	17583.4089	58.2232	8.597	13.5549	18.5115
640	26.8753	31367.5097	49.0117	11.8476	14.2508	19.4635
629	33.0889	45934.6522	73.0281	13.9167	18.7694	23.4288
117	14.0154	7265.8192	62.101	5.6505	8.4239	9.6717
348	24.8298	21333.3895	61.3028	8.7342	12.2061	19.78
394	25.5978	22630.654	57.4382	8.5405	11.659	21.1275
390	34.702	26362.0978	67.5951	7.7871	9.3404	32.5014
293	24.797	15621.8049	53.3167	7.2119	9.7886	21.6116
314	21.1368	15545.5242	49.508	7.2957	12.9317	15.0435
523	26.6748	24843.5652	47.502	9.1525	13.5338	21.0858
137	25.1899	12345.5872	90.1138	6.1614	10.6456	21.9827
206	33.2899	20827.0832	101.1023	10.5427	15.2219	27.6652
869	28.3073	35081.7852	40.3703	12.2352	14.9953	20.6578
318	19.9159	16137.2329	50.746	10.339	11.5094	12.5412
98	14.4547	7482.5529	76.3526	5.4369	9.042	9.8804
314	19.4717	13642.8463	43.4486	8.3274	9.659	14.7141
84	25.1184	8428.5526	100.3399	5.1923	6.7742	23.6238
180	18.7081	12844.8673	71.3604	8.6203	9.8572	13.3612
281	23.6037	14717.5784	52.3757	6.2048	9.2781	20.7979
454	35.6161	26842.3937	59.1242	8.389	13.8956	31.7025
336	21.0699	17157.6524	51.0644	8.1524	12.3231	15.0206
205	18.0887	10571.7674	51.5696	7.2912	8.6289	14.1273
487	22.6451	22710.37	46.6332	10.791	13.6154	14.525
264	22.0449	14385.7627	54.4915	7.1848	10.1058	18.2272
134	38.4235	14408.9554	107.5295	7.1745	9.6874	36.4835
145	20.7636	10886.0147	75.076	5.3804	8.7029	18.0676
485	35.581	32101.3608	66.1884	11.2915	15.6328	29.9019
230	48.1258	21661.2265	94.1792	8.1091	13.7455	45.4026
593	31.5495	35906.1541	60.55	10.7354	18.4851	23.204
488	24.1326	20953.6075	42.9377	9.1532	12.9439	18.1951
368	34.2253	21549.2052	58.5576	7.7769	9.32	32.0005
519	23.8776	22938.8772	44.1982	10.6814	13.6317	16.4385
863	33.1543	39936.3814	46.2762	11.1457	16.9398	26.2303
99	17.6536	8584.5263	86.7124	5.9317	11.1598	12.3257
158	17.2686	10195.4036	64.5279	7.2325	7.6238	13.703
225	17.7175	12160.9823	54.0488	8.5774	10.5398	11.3689
292	18.7394	13005.9689	44.541	7.8135	10.5625	13.3622
283	26.02	16234.4652	57.3656	6.9699	11.468	22.2923
140	25.7714	12930.6909	92.3621	7.5665	13.933	20.3171
224	21.2959	14995.2565	66.9431	6.8241	12.6487	15.7149
179	18.1168	11341.9784	63.363	7.0415	8.4977	14.3675
165	21.1653	12706.661	77.0101	7.6858	8.9448	17.5752
187	16.1925	10559.2148	56.4664	7.728	9.0511	10.9796
94	15.7933	7958.6416	84.6664	6.3179	8.3925	11.7931
240	18.5507	12765.3444	53.1889	7.578	9.831	13.7861
806	31.8141	41922.2822	52.0128	11.8531	19.2736	22.3645
399	25.0318	22281.3472	55.843	8.2922	14.3054	18.7933
122	21.2373	9794.0919	80.2794	6.2122	8.091	18.6271
69	13.1115	5437.4458	78.8036	6.1326	6.7221	9.4401
532	30.3205	27272.9884	51.265	8.6121	12.8631	26.0711
315	20.7608	15406.2496	48.9087	8.2067	9.9825	16.2483
291	20.5916	16096.9818	55.3161	8.6309	9.6705	16.0002
288	17.959	12372.651	42.9606	9.1346	9.8015	11.959
459	27.3344	24233.7663	52.7969	10.4555	13.0201	21.6409
135	15.8801	8544.0552	63.2893	6.2486	7.6254	12.4494
235	20.4048	14430.509	61.4064	7.1722	10.3172	16.077
155	18.8163	11449.8805	73.8702	7.0717	9.5163	14.6111
107	14.6195	7563.4615	70.6866	6.1391	6.5024	11.5654
358	26.6859	20712.2125	57.8553	7.5675	10.5552	23.3121
383	21.0691	18071.1093	47.1831	8.8402	13.2713	13.7705
268	17.3978	11603.4364	43.2964	7.7172	10.2692	11.7333
384	21.7388	16513.648	43.0043	6.4913	13.7137	15.5684
229	20.7573	14295.0916	62.424	7.5542	11.0488	15.8658
150	23.644	10211.1108	68.0741	5.0853	5.737	22.3666
156	20.2254	9779.1655	62.687	6.4844	8.1845	17.3216
557	31.1731	27490.9109	49.3553	8.8558	11.8818	27.4256
609	31.6352	33821.7939	55.5366	10.201	18.4152	23.6137
585	30.0922	30368.322	51.9117	10.245	11.1177	26.0187
629	26.6943	28185.7611	44.8104	11.6469	15.7454	18.1388
236	27.3569	15202.9797	64.4194	7.5991	11.588	23.5876
635	41.4174	42098.7038	66.2972	14.0555	22.9214	31.5032
190	25.7822	14466.5399	76.1397	6.5551	13.2571	21.1188
167	28.2435	14905.2225	89.2528	7.3029	12.1197	24.4434
305	18.6688	13879.6485	45.507	8.7329	10.7096	12.5525
105	16.6439	7350.8117	70.0077	4.7688	6.7355	14.4538
460	24.3721	23618.1147	51.3437	10.3764	15.2275	15.9517
416	25.9348	20345.6695	48.9079	8.6317	11.4508	21.6099
169	23.8416	12110.9083	71.6622	5.7254	10.9168	20.4075
377	23.9039	16585.3192	43.9929	8.6546	10.5013	19.6524
227	18.3124	12351.638	54.4125	7.7245	8.506	14.2592
212	17.6767	11992.2681	56.5673	7.1812	9.8888	12.7713
200	17.7837	10336.951	51.6848	6.9963	7.7899	14.3746
529	29.8685	30464.4083	57.5887	10.477	13.1571	24.683
399	22.0174	19385.5898	48.5854	8.5706	13.1705	15.4223
50	22.3266	6265.7569	125.3151	2.9269	4.1572	21.74
213	22.9217	13437.4667	63.0867	6.3287	11.1706	18.9887
167	22.7201	11774.2125	70.5043	6.1266	14.6083	16.2869
475	38.5884	34231.9992	72.0674	10.8985	14.0125	34.2628
89	23.1066	10451.0495	117.4275	4.5606	13.5237	18.1721
91	14.0245	6481.136	71.2213	5.1162	7.2708	10.8465
469	21.8355	18589.0053	39.6354	10.014	12.2075	15.0826
821	27.783	34100.7026	41.5356	12.1735	16.1881	19.0171
290	18.8656	14429.3731	49.7565	8.4375	10.9741	12.8174
128	17.5882	11267.9239	88.0307	7.2445	10.6571	11.9703
747	44.194	39169.3601	52.4356	11.8606	13.2163	40.4693
1146	34.4073	56269.6428	49.1009	14.4034	18.8091	24.9525
227	21.8502	13469.4826	59.3369	5.8668	10.5915	18.1887
85	15.1637	7149.3125	84.1096	6.2757	7.9694	11.2713
1032	37.4641	47139.1851	45.6775	11.6157	13.9695	32.7642
123	21.859	9480.3821	77.0763	5.2032	9.5759	18.9485
577	28.3406	27811.2535	48.1997	8.3842	15.2161	22.3912
380	21.6678	18599.2971	48.9455	10.0316	12.6427	14.4576
518	22.9016	22289.0822	43.0291	10.3589	12.8702	15.8598
314	24.1816	15758.9619	50.1878	7.0264	10.9345	20.3915
756	26.6844	29316.3878	38.7783	11.4579	13.9109	19.6789
204	37.351	21765.2853	106.6926	9.8893	20.2429	29.7913
367	26.3746	25596.1277	69.7442	11.2136	12.6452	20.2478
372	22.4372	18256.1769	49.0757	9.2232	10.2299	17.7118
679	28.3207	34546.3544	50.8783	11.9434	15.407	20.5436
330	20.5332	15519.4243	47.0286	8.0644	10.6585	15.5876
200	25.4554	15755.6464	78.7782	7.8416	9.9612	22.074
246	20.8915	13294.747	54.0437	7.6627	8.2209	17.6112
471	27.7355	28205.0875	59.8834	9.6964	16.8829	19.7535
200	27.2544	13269.71	66.3486	5.9291	9.6536	24.7882
266	23.7919	16414.5391	61.7088	7.9614	11.5867	19.1943
231	19.3683	13745.019	59.5022	7.9514	10.4071	14.2688
167	16.514	9506.1368	56.923	7.1964	8.8102	11.971
238	19.3687	14368.9904	60.3739	6.9367	11.5469	13.9176
338	26.1153	20600.0243	60.9468	8.5032	13.513	20.6665
295	18.7985	13966.4306	47.3438	7.7936	11.875	12.3137
193	22.0264	13541.7192	70.1643	8.1327	8.9164	18.4261
35	15.6736	3967.5078	113.3574	2.9595	3.0976	15.0767
185	16.9675	11501.5998	62.1708	7.5884	10.3057	11.1403
352	21.412	18136.4707	51.5241	9.8825	10.9334	15.5329
241	18.2772	12054.5301	50.0188	7.3049	9.8429	13.5577
151	17.6113	9569.8092	63.3762	6.3339	8.0207	14.3426
405	33.5772	35988.8823	88.8614	12.4464	19.5845	24.2686
238	17.5729	11039.7799	46.3856	7.3254	8.968	13.2182
242	17.6093	12360.5927	51.0768	8.3299	9.7782	12.0452
241	29.6748	18637.5667	77.3343	7.6744	13.317	25.3841
134	16.4627	8705.755	64.9683	6.1301	8.4406	12.7357
351	34.441	27826.4879	79.2777	9.7314	15.3369	29.2619
300	20.1506	16441.7107	54.8057	9.0028	11.9757	13.4751
57	13.9987	4690.595	82.2911	3.1887	5.3604	12.5324
329	20.0766	15352.7744	46.665	7.9867	11.246	14.5879
197	16.5805	10276.068	52.1628	7.0741	9.3454	11.7275
200	18.1805	10797.7228	53.9886	6.9286	8.614	14.4335
262	20.1002	12193.7356	46.541	7.1491	8.6208	16.691
285	21.276	14903.1983	52.2919	7.7212	9.2727	17.5233
128	16.5682	8856.5649	69.1919	6.3957	10.4658	11.1386
370	22.2355	17904.6032	48.3908	8.9968	11.5571	16.7305
362	21.2478	16169.1224	44.6661	7.4664	12.7668	15.2555
445	49.6415	33365.5675	74.9788	8.3278	16.8353	45.9511
171	20.3133	11542.8566	67.5021	7.2777	9.0525	16.6648
210	18.235	11896.6724	56.6508	6.6693	9.8884	13.7933
522	25.5131	24251.7923	46.4594	8.7942	12.1486	20.6396
262	18.2788	12922.3499	49.3219	8.3301	9.6195	13.1221
188	21.9171	11479.8718	61.0631	5.4826	10.3429	18.529
117	25.6324	9679.1686	82.7279	5.1759	6.291	24.3034
688	35.404	32865.9494	47.7703	9.7421	23.2359	24.8723
246	17.9951	13017.1604	52.9153	8.9809	10.1029	11.8785
351	23.3978	17843.5695	50.8364	8.0151	11.5002	18.7339
238	30.7035	16488.0649	69.2776	7.2787	8.3073	28.6481
256	20.3884	12791.4036	49.9664	7.2124	8.0867	17.2706
404	25.0488	22543.3836	55.8005	9.3695	15.6457	17.1717
100	13.737	6391.7066	63.9171	5.2451	7.5112	10.236
151	16.901	9567.2845	63.3595	6.2167	8.1794	13.4199
312	18.8177	13136.3475	42.1037	8.5014	10.2139	13.3233
238	21.5447	15172.4862	63.7499	7.5509	9.0441	18.0377
134	32.9652	13226.4268	98.7047	4.7352	18.8114	26.6536
282	24.7811	17873.1308	63.3799	8.8089	14.8691	17.7599
112	33.3319	10748.307	95.967	4.0261	5.294	32.6616
283	23.5063	17358.9023	61.3389	7.9757	10.665	19.3699
170	22.2654	11110.1845	65.354	7.1037	7.6361	19.6716
68	11.0882	4385.3939	64.4911	5.0866	5.3037	8.3034
168	26.7004	11297.8567	67.2491	5.5437	7.6503	24.973
480	23.9327	22430.7638	46.7308	9.2907	13.6636	17.3137
603	30.1981	27904.6394	46.2764	10.6428	13.9574	24.5733
304	19.9788	15183.8131	49.9468	8.6612	9.8173	15.0916
79	20.5801	7025.7737	88.9338	4.323	6.9896	18.8679
437	23.125	19493.0296	44.6065	8.7802	13.121	16.8972
381	32.0174	26958.5672	70.7574	9.6977	16.8936	25.4101
334	19.8638	15298.4025	45.8036	8.8226	10.7962	14.1482
488	23.6438	21791.2378	44.6542	9.4813	13.2016	17.1713
330	20.7097	19309.1615	58.5126	9.9746	11.1389	14.3291
197	24.3839	15304.2883	77.6867	5.8851	13.3851	19.5135
135	24.8328	10917.6171	80.8712	6.3217	9.5404	22.0383
254	18.5974	13658.1281	53.7722	8.7447	9.8845	13.103
154	16.5309	8726.2415	56.6639	5.6833	8.0767	13.2566
364	26.2282	19253.0266	52.8929	10.6117	11.3658	21.1218
95	12.4549	5692.7436	59.9236	5.7014	7.5595	8.0915
407	20.8294	17057.6741	41.9107	8.7366	12.0557	14.567
360	30.367	22549.4996	62.6375	7.1939	17.8407	23.497
378	22.757	16777.7471	44.3856	8.2811	9.6163	18.89
101	26.7787	8922.3254	88.3399	4.7939	7.3089	25.312
239	19.3929	14503.0248	60.6821	7.7631	11.0962	13.8814
146	14.2209	7230.9616	49.5271	6.1414	8.6031	9.5134
458	23.3988	21857.5414	47.7239	8.854	15.2253	15.4045
95	12.8974	6133.2334	64.5604	5.3919	7.7606	8.7775
416	32.4856	22999.6205	55.2875	7.1754	10.758	29.8009
97	22.6414	7973.1412	82.1973	4.748	5.6843	21.3958
95	22.561	8842.1007	93.0747	6.1989	7.9721	20.1747
345	26.0844	23248.4961	67.3869	10.2643	14.9986	18.7104
311	28.1601	19073.6421	61.33	6.097	12.7995	24.3308
487	28.2416	24583.2882	50.479	8.7023	12.238	23.9183
261	22.0522	14650.1486	56.1308	7.5263	10.3274	17.9722
214	19.0671	12925.2039	60.3981	8.0518	10.7574	13.5278
263	25.1167	19823.7932	75.3756	9.7315	14.1161	18.3543
357	24.468	20194.6507	56.5676	9.7746	12.757	18.4499
414	27.1927	27243.2796	65.805	10.9113	15.431	19.5518
619	35.9456	30841.5184	49.8247	8.8662	11.9195	32.7323
381	20.532	15645.9694	41.0655	9.5925	10.0762	15.1002
619	28.4322	30412.3097	49.1314	9.81	13.6947	22.9043
96	18.2431	8109.4829	84.4738	5.3466	8.5766	15.1877
227	17.6815	11273.9187	49.6648	7.8839	9.2246	12.8602
267	18.5245	13818.0834	51.7531	7.8129	11.0513	12.6486
169	15.9537	9439.55	55.8553	6.5592	9.0355	11.3954
127	14.4785	7650.8211	60.2427	5.4106	8.5267	10.3753
330	21.3264	16560.9947	50.1848	8.1122	10.2732	16.8366
38	17.5279	4311.7255	113.4665	2.3772	3.1452	17.0788
304	20.6922	14496.0938	47.6845	8.2869	9.5003	16.4085
261	33.5445	17290.8166	66.2483	7.3146	9.6958	31.2686
1121	40.8295	57509.3836	51.3019	11.8999	18.2842	34.5127
323	23.1712	17166.9509	53.1485	8.1989	11.3338	18.4724
111	22.7393	9130.443	82.2562	5.9248	6.9881	20.812
167	19.9159	10816.1761	64.7675	6.7055	8.0446	16.94
119	14.1206	8165.12	68.6145	7.1822	7.2897	9.7297
63	13.2496	4964.4539	78.8009	4.0625	5.4297	11.3827
150	19.2989	10082.4301	67.2162	6.014	10.262	15.1978
95	12.7232	5659.5911	59.5746	5.7762	6.3997	9.3573
90	18.744	7257.679	80.6409	6.8724	7.6431	15.6745
163	21.516	12105.6505	74.2678	6.7534	12.8394	15.8896
309	21.5975	17509.6785	56.6656	9.046	10.1926	16.7551
271	19.9379	13343.4322	49.2378	7.1722	9.2842	16.1209
148	16.8573	9758.5592	65.9362	6.1474	7.7321	13.6599
102	45.601	12156.5479	119.1818	3.9682	15.5652	42.6782
65	15.2366	5869.1862	90.2952	4.2618	5.9491	13.3641
337	19.7044	15921.517	47.2449	9.2681	10.3531	13.9706
372	64.3992	35973.8542	96.7039	7.8103	17.0695	61.6026
930	34.2123	45928.7497	49.3858	13.485	18.0551	25.7419
296	23.1563	16937.374	57.2209	7.5712	10.5074	19.196
56	23.1746	5887.0155	105.1253	4.1003	5.313	22.1816
230	17.2673	11464.1113	49.844	7.5628	10.1666	11.7305
268	18.229	13735.9692	51.2536	8.314	9.5382	13.1224
205	16.4392	10889.7463	53.1207	8.0921	8.8452	11.2485
485	22.8715	20806.5662	42.9001	9.5985	13.3699	15.8814
360	23.7187	16336.2583	45.3785	8.1823	9.3093	20.2229
197	32.6251	15749.3829	79.9461	7.8257	11.2401	29.611
375	23.6026	18539.1682	49.4378	9.4722	11.5077	18.3011
235	17.9123	12397.9485	52.7572	7.6358	9.4394	13.1698
184	15.7685	9250.1867	50.2728	7.3751	8.5485	11.008
107	13.2486	6487.0951	60.6271	5.7378	7.4199	9.3568
194	16.99	9931.1315	51.1914	7.3728	10.0125	11.5781
396	21.9664	17700.3113	44.6978	8.431	11.7367	16.5436
107	20.8684	8789.3683	82.1436	5.7843	8.1369	18.3255
88	14.8525	7093.2155	80.6047	6.2448	8.3918	10.544
455	22.3786	19409.6864	42.6587	9.3241	11.6682	16.6647
103	19.3182	8929.8115	86.6972	6.5533	11.3756	14.172
378	21.8824	17808.9521	47.1136	9.3678	9.8889	17.1257
189	30.5359	15651.8879	82.8142	5.2139	9.9594	28.3913
121	18.7461	9338.839	77.1805	5.2537	7.2426	16.473
45	11.6987	4141.6138	92.0359	3.9452	6.8104	8.6553
450	49.4215	35969.1488	79.9314	7.8563	13.5647	46.8697
269	19.3003	13706.1366	50.9522	8.0009	9.2128	14.9537
385	31.2478	22593.2941	58.6839	9.9899	12.0653	27.038
218	17.4746	12009.6848	55.0903	7.7607	9.1312	12.7183
192	16.9529	10122.1595	52.7196	7.3634	9.3347	12.0849
311	19.7611	16000.3883	51.4482	9.3954	11.7463	12.816
622	38.753	41084.9396	66.053	13.4008	21.0162	29.6737
387	24.8271	20675.696	53.4256	8.0547	11.8082	20.2996
178	27.6005	14942.5407	83.9469	9.0161	9.4742	24.3051
182	19.0895	11622.5391	63.8601	6.5352	9.8548	14.986
355	29.5541	20478.9346	57.6871	10.2247	14.919	23.3735
193	19.2239	11480.4818	59.4844	8.3267	10.7892	13.5579
64	10.9	4264.1107	66.6267	5.1169	5.7365	7.7278
75	14.9708	6632.1764	88.429	4.3278	7.7585	12.05
476	27.6912	23861.5284	50.1293	9.9851	12.6933	22.4939
425	22.177	18380.5189	43.2483	9.4036	11.4082	16.5301
203	16.4195	10770.2395	53.0554	7.5447	9.4249	11.1287
292	18.7999	14957.3143	51.2237	8.6468	11.5138	12.0872
141	14.3919	7746.5084	54.9398	6.5857	8.2753	9.7609
246	17.7877	11349.3308	46.1355	8.1693	9.5033	12.6235
515	29.7776	25681.8774	49.8677	8.2737	12.6621	25.6499
102	12.742	5938.9901	58.2254	5.5562	7.9532	8.2604
567	36.1972	41556.587	73.292	13.689	22.5088	24.8235
198	46.6928	17915.0909	90.4803	6.8057	10.1618	45.0626
510	24.7471	24695.2657	48.4221	9.7723	15.1953	16.9122
148	26.9011	12610.8251	85.2083	5.243	8.0059	25.1413
125	18.1819	9291.1266	74.329	6.5838	9.2862	14.1775
699	26.6912	31226.3999	44.673	11.9731	15.6725	17.9845
79	14.7919	7719.0175	97.7091	5.8358	6.281	12.0538
390	25.4351	20165.1404	51.7055	9.2192	12.2452	20.2979
443	27.9784	26121.598	58.9652	9.6706	13.5755	22.4717
310	19.5333	13734.3541	44.3044	7.9504	10.5563	14.3841
351	19.5982	14659.338	41.7645	8.2592	12.1381	12.9823
415	23.0655	18515.8528	44.6165	9.1441	10.5783	18.344
298	18.205	12582.5646	42.2234	8.2854	10.4896	12.3588
