560	55.8659	49273.8118	87.9889	10.4707	24.2009	49.2512
246	18.3072	12288.4755	49.9532	6.5352	10.7935	13.2645
328	30.4956	21701.1684	66.1621	7.7405	12.7263	26.6102
87	15.2827	6732.633	77.3866	5.0282	8.069	11.9654
1517	40.706	81660.2996	53.8301	15.5914	22.7586	29.9321
341	26.4393	20637.5837	60.5208	9.5133	12.1895	21.4465
317	78.4096	24518.5788	77.3457	6.3122	9.2005	77.6117
274	23.3059	19098.2674	69.7017	8.1581	10.4447	19.1708
116	22.9735	9406.4081	81.0897	5.3575	6.0603	21.5024
271	20.7413	16511.5478	60.9282	9.2324	11.8859	14.272
397	45.137	27848.6312	70.1477	8.3433	11.446	42.8571
600	25.6331	25902.6323	43.1711	10.3871	13.6909	19.0191
201	18.4946	12068.1979	60.0408	6.8241	10.1027	13.9075
470	22.021	19505.0309	41.5001	10.1074	12.3049	15.2104
336	22.4265	17596.0566	52.3692	8.3493	9.6246	18.4555
80	16.1299	6565.7587	82.072	4.8016	7.6319	13.3743
404	22.5179	18227.5335	45.1177	9.8582	10.9392	17.0355
357	22.3633	17435.1085	48.8378	8.2396	11.4788	17.3338
406	22.7117	19835.2497	48.8553	9.5102	12.6064	16.3235
265	44.1265	23205.4159	87.5676	7.7771	9.2224	42.4454
619	29.5197	30499.6885	49.2725	9.0343	16.5397	22.7208
56	20.5136	5971.4247	106.6326	3.3887	8.8974	18.1703
143	24.1375	11423.7786	79.8866	5.5729	9.3748	21.5332
222	16.8301	10765.7289	48.4943	7.3706	10.1447	11.2255
485	25.4633	24198.8081	49.8944	10.4945	11.6206	20.0801
258	20.4011	13964.3519	54.1254	7.9826	10.0798	15.8392
401	29.3628	25347.5161	63.2108	9.0648	13.2644	24.5776
598	26.0175	24252.2439	40.5556	10.1791	12.2477	20.5741
155	15.1708	8949.7602	57.7404	7.9471	8.3718	9.8442
219	18.2774	12822.0524	58.5482	8.0485	9.0449	13.6921
339	23.4422	16829.8452	49.6456	8.0311	9.4137	19.9103
59	25.1276	6273.0567	106.323	2.6634	6.3272	24.1716
30	15.7671	4033.0548	134.4352	3.0644	5.2196	14.5591
254	17.6048	12310.9052	48.4681	7.9925	9.2335	12.6804
239	18.3666	13174.5535	55.1237	8.195	9.282	13.5653
433	22.2505	19809.4815	45.7494	10.4647	12.6827	14.9908
352	25.5601	17430.4209	49.5182	8.2965	8.7761	22.5271
189	15.371	9046.9461	47.8674	7.9442	8.8814	9.7096
368	49.7948	23034.97	62.595	9.253	11.0524	47.6629
445	26.2455	24802.3286	55.7356	8.2048	15.8915	19.2085
255	35.4251	19234.3603	75.4289	5.6817	10.8776	33.2315
87	23.59	8302.5737	95.4319	5.8887	6.9359	21.7648
257	24.601	13858.6852	53.9248	6.3545	8.4763	22.2033
249	17.3471	12104.5362	48.6126	7.7203	10.5115	11.4379
288	20.7248	13752.7275	47.7525	7.6236	8.5324	17.2799
48	15.1569	5430.9786	113.1454	2.8776	7.5173	12.8429
512	26.9307	23155.5711	45.2257	9.7714	10.9167	22.5967
113	21.8405	9705.3989	85.8885	6.236	13.3623	16.1111
114	50.0431	12284.9831	107.763	3.2986	4.6402	49.7182
312	21.6031	15749.4088	50.4789	7.7169	9.6766	17.706
300	19.5655	15153.4297	50.5114	8.5726	10.1277	14.3788
221	20.6842	13206.3875	59.7574	7.5856	8.5384	17.2451
290	18.8492	13786.5096	47.5397	9.0492	10.6225	12.6715
941	36.6856	46827.6251	49.7637	13.5046	18.2136	28.8396
416	21.2617	18212.4096	43.7798	10.2112	11.8473	14.4025
372	34.49	20992.7925	56.4322	6.8649	8.5974	32.6882
365	24.0648	16741.1716	45.8662	8.8477	10.4015	19.8153
239	17.8228	13214.8667	55.2923	8.8515	9.9083	11.8796
144	30.3221	16543.2685	114.8838	10.5351	14.9771	24.1687
588	32.5586	33033.1881	56.1789	9.3309	13.323	28.2045
1378	41.1872	73407.1626	53.2708	19.4786	21.0372	29.5704
341	28.1881	19993.2957	58.6314	7.733	9.3247	25.4523
464	26.2388	22694.0858	48.9097	8.8565	12.7996	21.1237
149	19.9866	10847.9813	72.8052	6.4962	9.9919	16.0444
423	22.1809	17801.3954	42.0837	8.3671	11.7786	16.83
239	17.4122	12104.054	50.6446	8.3487	10.3488	11.2423
384	21.6861	17629.2874	45.9096	7.6789	13.6335	15.0149
527	31.4082	26825.3081	50.9019	8.3404	11.9693	27.8146
290	28.7105	20830.9954	71.831	7.807	13.1136	24.3182
246	18.4131	12296.7956	49.987	8.1907	8.9853	13.8282
299	31.8675	22405.0394	74.9332	8.2746	9.9383	29.1256
374	21.3408	16203.275	43.3243	8.4219	10.7972	16.3683
201	16.5423	10867.0829	54.0651	7.0256	10.3805	10.7951
149	15.1846	9329.1315	62.6116	7.0108	8.7847	10.2103
284	22.3345	15763.341	55.5047	7.9062	8.6258	19.0242
187	17.1675	9878.1322	52.8242	6.5218	7.8145	13.8247
785	34.2854	39851.718	50.7665	11.8884	14.4597	28.7241
605	27.622	27719.5767	45.8175	9.4993	16.0023	20.4124
328	46.5419	22291.7166	67.9626	6.6999	9.4357	45.0802
769	37.4443	49911.9652	64.905	13.4399	14.7066	31.7043
288	18.6526	13963.7027	48.4851	8.4265	10.0511	13.2623
33	9.8231	2987.4472	90.5287	3.5733	4.5707	7.9268
323	26.9312	19494.2092	60.3536	7.7048	10.4001	23.617
127	14.5079	8094.443	63.7358	6.7637	7.7487	10.2319
153	15.5219	8841.2899	57.7862	6.8793	7.2691	11.8644
375	61.9266	28840.0499	76.9068	6.5987	12.2198	60.3493
174	18.0324	10749.6803	61.7798	6.7633	8.4482	14.4241
303	18.9658	15065.1547	49.72	9.487	10.6624	12.4904
206	17.1102	10850.533	52.6725	7.5898	8.0534	13.0498
553	30.3452	27247.6166	49.2724	8.8588	16.2758	24.0302
432	29.3733	24077.0603	55.7339	8.6277	9.9362	26.2607
389	20.9225	17438.4647	44.829	9.489	11.4974	14.6806
342	20.7614	16459.4883	48.1272	9.4524	9.8551	15.6386
67	18.4068	6679.2978	99.691	4.5543	8.742	15.545
622	37.446	45069.7327	72.4594	13.5592	18.7294	29.4544
809	34.4283	37872.4211	46.8139	10.3146	18.7772	26.9506
476	22.9817	21923.5582	46.0579	11.1486	13.4738	14.9104
315	30.5323	17606.0037	55.8921	6.7834	10.6698	27.7914
111	18.6488	8363.8949	75.3504	5.1352	6.1515	16.8395
191	16.3322	10667.701	55.8518	7.7091	9.2419	11.0407
141	17.093	9738.5021	69.0674	6.1375	9.0678	13.1253
212	17.1006	10887.3015	51.3552	7.8602	8.7046	12.445
473	34.1566	27202.3089	57.5102	10.3295	11.7958	30.3452
218	21.6952	13483.5137	61.851	5.5941	10.4414	18.1759
51	32.5746	7364.3942	144.3999	2.446	9.5403	31.0501
401	20.8141	17934.1482	44.7236	9.7353	12.5037	13.4948
256	17.4645	12049.5522	47.0686	8.3443	10.5599	11.1297
310	23.2179	18414.5781	59.4019	8.1213	9.5874	19.5243
421	21.1634	19037.9532	45.2208	10.4273	11.499	14.3852
167	26.1296	10819.4356	64.787	5.9742	8.5901	23.9432
307	19.6282	14887.714	48.4942	8.6935	10.8737	13.8367
201	24.1959	14968.7743	74.4715	8.0915	11.3358	19.7856
394	22.1144	18920.2069	48.0208	8.7781	11.6911	16.5924
250	24.1834	15154.3108	60.6172	5.9121	10.8855	20.7699
100	14.2495	8019.5726	80.1957	6.7164	7.7827	9.8675
368	69.2419	26702.9373	72.5623	7.9037	8.8845	68.2132
218	19.9949	13250.1486	60.7805	7.0014	10.756	15.3326
789	28.6623	32644.0515	41.374	12.2088	14.1777	21.7133
123	41.4268	12555.7278	102.0791	5.0905	8.3548	40.255
84	21.4507	6918.9292	82.3682	5.1399	7.0792	19.5856
382	22.6561	18382.5895	48.122	9.1917	10.1499	18.0497
145	14.6051	7870.2706	54.2777	6.4618	7.8782	10.4637
545	27.9039	27127.3989	49.775	10.2697	16.1745	20.2866
462	26.2672	23011.1776	49.8077	8.2356	11.6692	22.0447
425	36.5361	25957.3397	61.0761	8.8407	11.1731	33.6436
113	14.6636	7656.0583	67.7527	5.6255	8.7362	10.3466
393	22.4903	17860.2221	45.4459	7.8892	12.6276	16.8559
247	17.728	11990.3365	48.5439	8.6192	9.1566	12.496
395	22.9722	20817.5086	52.7026	9.6113	11.8826	17.1508
260	19.9081	15759.364	60.6129	7.7074	9.965	15.4151
332	22.8176	16855.3724	50.7692	10.2048	11.493	16.8647
118	14.8221	8011.46	67.8937	5.748	8.1328	10.9778
256	19.5803	13542.8488	52.9018	6.9342	10.0766	15.2894
442	21.727	19293.792	43.6511	9.321	12.1187	15.4376
318	23.6886	19772.2643	62.1769	8.6597	9.7127	19.7944
443	22.3148	19203.9877	43.3499	10.5345	11.9095	15.6569
209	19.7133	11614.9344	55.5738	6.955	8.1932	16.5262
330	26.7705	18606.8542	56.3844	7.7447	15.2028	20.6289
150	15.262	8433.3542	56.2224	6.2497	8.1433	11.2941
314	23.9297	19017.5039	60.5653	7.0278	12.0398	19.4495
729	27.7851	30786.1437	42.2306	10.1305	14.8482	21.1876
311	22.413	16271.4917	52.3199	8.7655	10.0346	18.0227
107	16.997	8535.2257	79.7685	6.5458	7.5282	13.7615
246	20.0231	13832.4433	56.2294	7.9592	8.9821	16.028
178	15.9436	10100.4271	56.744	7.2258	9.3523	10.7015
696	31.3304	40727.4173	58.5164	12.7002	15.7074	23.9495
217	22.0109	18681.5922	86.0903	7.6271	10.4801	17.7898
402	23.3507	18688.4599	46.4887	8.7662	12.387	17.7474
211	22.3904	15347.1441	72.7353	8.9338	12.463	16.3153
879	39.0408	44568.3344	50.7035	12.1162	17.7336	32.6021
315	49.2798	27774.9587	88.1745	10.2227	12.7606	46.4883
135	15.3992	8454.8861	62.6288	6.6781	7.9589	11.3663
129	14.5274	7705.9599	59.7361	6.4431	8.2747	10.0528
275	26.6969	17427.7243	63.3735	8.658	13.5972	21.281
536	29.6498	28105.5253	52.4357	10.4035	12.4175	24.833
438	22.4882	21241.5213	48.4966	9.347	13.9347	14.9726
221	18.8137	12265.9772	55.5022	8.695	9.3548	13.8145
365	58.5183	25798.3888	70.6805	5.7107	7.8191	57.7117
457	26.4489	22184.6083	48.544	7.7513	12.8145	21.8003
543	25.2318	24048.4169	44.2881	9.2746	12.776	19.6825
181	15.2168	8893.8061	49.1371	7.2975	8.5577	10.25
273	18.935	14973.6165	54.8484	8.8066	9.5805	13.7548
137	16.6857	7850.9433	57.3062	5.2086	7.3822	14.0281
112	20.6525	8580.839	76.6146	5.7092	7.5931	18.3378
372	26.6768	22080.1266	59.3552	10.4426	12.0448	21.3899
272	27.3182	23784.6333	87.4435	9.4019	14.4127	21.217
719	35.3904	36364.0198	50.5758	10.5863	14.4351	30.5293
404	20.3231	15852.3378	39.2385	8.254	12.8686	13.3903
501	26.7626	24450.9197	48.8042	8.6133	11.9705	22.3328
148	15.3243	10270.7579	69.397	8.1057	8.9471	9.4383
218	20.7728	12804.9539	58.7383	6.619	8.1556	17.9216
337	31.8517	20612.1335	61.1636	7.7834	8.6461	29.6513
463	30.7104	21645.4737	46.7505	8.0935	10.1268	27.8401
606	37.3461	41235.7327	68.0458	10.2189	15.7401	32.2886
221	17.0247	11669.605	52.8036	7.7864	9.8731	11.4775
150	22.7702	10875.0155	72.5001	6.1814	8.9088	20.0226
260	19.1229	15190.9254	58.4266	8.9779	10.2934	13.3839
224	16.9114	11320.1927	50.5366	7.7544	9.2223	11.8665
415	21.5938	18748.6467	45.1775	8.7907	12.5865	15.1853
173	22.215	12643.1233	73.0816	6.5251	8.4123	19.4977
172	22.6807	16067.7501	93.4172	7.8344	13.4734	16.4773
392	23.2741	19854.4477	50.6491	10.1761	14.3118	15.2742
163	17.7334	10795.9657	66.2329	6.9991	8.2963	14.0235
342	20.7185	16256.4717	47.5335	8.7054	9.9269	15.9665
291	19.7989	14576.8278	50.0922	8.3791	10.0894	14.832
230	22.3148	15522.2798	67.4882	7.872	8.924	18.8771
141	15.5262	9998.7906	70.9134	7.985	8.8813	9.9209
119	13.4894	6911.3282	58.0784	6.2849	8.3807	8.4987
172	28.8952	12392.8243	72.0513	6.0049	7.8831	27.1428
240	18.6262	12540.0896	52.2504	7.0906	10.1528	13.9133
101	16.2783	7582.8216	75.0774	4.9124	6.0766	14.2803
243	20.7876	16108.2065	66.2889	9.0375	10.6838	15.3722
468	30.7865	22475.3029	48.0242	7.955	10.4179	27.8567
820	30.8719	37111.9323	45.2585	12.2268	18.5098	21.4701
1041	34.4291	44213.7169	42.4724	11.9585	20.8467	24.6531
460	30.5273	23438.642	50.9536	8.524	10.062	27.532
391	22.0052	21128.6948	54.0376	10.5466	13.5263	13.7854
331	20.409	14685.2296	44.3663	8.1437	9.6724	16.0204
416	22.2265	19270.8782	46.3242	8.4879	11.7747	16.8324
448	21.4204	20569.5872	45.9143	10.283	12.7989	13.7579
596	30.3023	27063.8608	45.4092	12.034	14.0205	24.0174
233	20.717	16577.9103	71.1498	9.9491	11.7984	13.8205
297	18.5376	14046.8734	47.2959	8.6707	10.7074	12.4022
354	25.4735	20888.6467	59.0075	8.3126	12.6472	20.4902
91	20.2816	7506.6868	82.4911	4.407	5.39	19.0491
613	31.2191	33018.7103	53.8641	10.5898	11.4221	27.0559
104	16.2951	8899.1299	85.5686	5.2929	8.8076	12.6467
279	24.6412	16588.7554	59.4579	7.9614	10.5245	20.8096
80	12.6639	5237.3387	65.4667	5.3097	6.1603	9.7073
220	35.4543	16206.304	73.665	5.2084	6.8672	34.3907
332	20.2197	15200.2294	45.7838	8.7297	10.0601	15.2125
171	27.2925	13107.307	76.6509	6.6956	10.3115	24.3664
268	24.4406	20521.4828	76.5727	10.0728	11.235	19.2264
445	23.2155	20331.5346	45.6888	8.9011	13.7224	16.4749
422	24.4688	18992.2741	45.0054	8.7611	10.1409	20.4726
474	22.8819	21170.7011	44.6639	10.463	12.3656	16.1617
625	35.5662	34294.7696	54.8716	12.0236	14.3177	30.2554
176	41.4577	14688.3112	83.4563	4.0602	9.3913	40.1753
121	20.3282	9202.7119	76.0555	6.2022	8.3005	17.4892
501	27.3349	24023.432	47.951	9.3625	10.7937	23.3031
227	19.6506	14296.2272	62.979	7.8016	9.1253	15.5567
186	16.7238	9214.1051	49.5382	6.9412	9.4926	11.891
198	19.3364	13517.3563	68.2695	8.471	9.8613	14.3141
461	26.2869	24218.953	52.5357	9.8065	11.0897	21.7222
96	17.7535	7843.0625	81.6986	5.4861	6.7316	15.4846
304	21.1556	15860.223	52.1718	8.4264	11.8674	15.3532
1040	37.6226	45541.7056	43.7901	11.2934	14.2098	32.9545
465	28.1169	27237.2646	58.5748	8.0992	16.5573	21.2324
423	22.5541	20899.6383	49.4081	9.2747	12.3674	16.423
178	18.268	11344.7666	63.7346	6.0858	9.8999	14.0953
458	23.8223	24093.1374	52.6051	10.741	13.8806	16.1079
541	27.4942	29013.2306	53.6289	10.16	15.9459	19.9607
306	19.159	14202.5788	46.4137	8.4815	10.0044	13.9658
186	17.0345	10243.8807	55.0746	6.0135	9.8529	12.5272
213	23.7522	12557.5986	58.9559	6.9995	7.9802	21.2483
276	22.1923	17721.7775	64.2093	8.4047	12.3388	16.4199
254	17.6703	12111.3891	47.6826	8.6176	9.5795	12.0918
178	15.4208	8953.6805	50.3016	7.229	9.291	9.9608
728	26.2814	27139.6925	37.2798	10.1712	12.7783	20.5907
264	18.9434	14067.7504	53.2869	8.0416	10.1595	13.8193
156	18.5703	10669.3586	68.3933	7.1001	9.4794	14.3033
465	25.2257	21356.3884	45.9277	9.0375	10.016	21.3153
374	21.5076	17542.5359	46.9052	9.6989	9.818	16.4959
61	13.1766	4907.0024	80.4427	3.9475	5.4642	11.3217
483	24.1591	21293.8985	44.0867	9.6057	10.3986	19.5771
116	14.1674	6976.9418	60.1461	5.423	7.7201	10.5691
198	15.9047	9118.3061	46.0521	7.1132	8.7236	11.2365
140	17.2658	9032.767	64.5198	6.4688	7.241	14.2769
265	18.603	13713.6003	51.7494	7.7136	10.826	13.0142
263	18.8764	12946.0094	49.2244	7.8192	10.8228	13.3433
188	15.4845	9711.452	51.6567	7.5016	8.5224	10.5293
369	33.7758	22327.2504	60.5075	8.6839	12.9522	29.9605
242	18.3485	12066.7953	49.8628	7.1115	10.1417	13.5367
387	64.4977	27312.7836	70.5757	8.042	15.0356	62.203
61	24.6335	7278.6696	119.3225	3.9519	7.0475	23.2707
229	17.6034	12257.2478	53.5251	8.5227	10.6677	11.1105
211	19.0183	13451.951	63.7533	8.7383	10.1631	13.4926
207	18.5331	12435.3495	60.0742	6.8111	9.8088	14.1729
373	23.2165	18290.3532	49.0358	8.7121	10.7813	18.6244
387	22.5589	19587.1905	50.6129	8.6573	10.915	17.7431
70	18.0335	7622.6302	108.8947	4.0043	11.6254	13.1918
233	17.128	12299.9313	52.7894	9.0153	10.1093	10.4831
115	20.1459	9198.9326	79.9907	6.0179	8.5594	17.2156
442	31.2183	22599.231	51.1295	7.8621	10.3265	28.3924
120	13.6227	7031.5548	58.5963	6.0285	7.8496	9.3605
156	18.5776	9709.1793	62.2383	5.3097	7.647	16.0767
130	25.8491	10623.7627	81.7213	5.9092	8.3344	23.7443
372	48.4612	26415.2607	71.0088	8.6514	10.2016	46.5786
258	25.8108	15212.7432	58.9641	5.3507	9.0328	23.5791
102	19.3168	7724.0345	75.7258	4.8738	7.7629	17.0036
202	17.1011	10811.2889	53.5212	7.3294	8.6488	12.8033
60	28.5812	5965.1191	99.4187	2.3892	4.6436	28.1001
195	16.8266	9327.3325	47.8325	6.3632	8.072	13.3224
167	24.0678	14639.5051	87.6617	5.923	9.5125	21.3
112	14.0693	7411.6943	66.1758	6.54	7.4103	10.013
192	17.1838	10572.0857	55.0629	7.3985	9.5881	12.1907
1081	35.1024	56606.5667	52.365	14.1281	20.8822	24.4235
371	20.6947	16978.4954	45.7641	9.4132	9.9848	15.4908
242	19.9726	13151.8187	54.3464	7.5268	8.5321	16.4151
178	21.4311	11795.2577	66.2655	5.8468	9.4854	18.3067
91	17.7007	7929.7192	87.1398	4.1004	9.6535	14.2587
215	22.5702	14008.0791	65.1539	6.3893	10.8317	18.7421
229	17.0198	10883.8451	47.5277	7.8113	9.2105	11.9927
374	23.7497	18764.3403	50.172	8.3771	10.6535	19.5032
309	22.4444	18036.2005	58.3696	9.8109	11.193	16.7993
334	19.8396	15555.7827	46.5742	8.6624	11.1676	13.9233
282	21.3352	15771.8529	55.9286	8.2588	10.4126	16.6901
32	14.4204	3325.7744	103.9305	2.4972	2.8984	13.9036
369	23.1358	16881.4632	45.7492	8.257	9.1403	19.5842
61	14.572	5801.1797	95.1013	4.3396	6.1481	12.4784
598	43.0105	64432.8652	107.7473	21.4049	25.1731	27.5327
274	21.1884	16756.3603	61.1546	7.613	12.7464	15.1169
249	18.7039	13649.2612	54.8163	8.3803	9.1971	13.9649
322	20.378	16226.9278	50.3942	8.214	11.8024	14.4395
506	26.3029	25979.6839	51.3432	8.807	13.9499	20.4861
264	22.0487	14467.1348	54.7998	6.4285	9.9105	18.6172
100	30.1092	9124.3279	91.2433	4.3233	5.9959	29.1877
122	13.8398	7151.9489	58.6225	6.1166	7.8318	9.6328
318	21.7637	18510.173	58.2081	8.4554	10.011	17.3766
293	19.6074	15251.8843	52.0542	8.8397	11.0304	13.5882
335	19.1947	15158.925	45.2505	9.4234	10.6637	12.8811
280	20.982	15731.158	56.1827	10.1363	11.0457	14.6797
289	20.7798	16275.8438	56.3178	8.4956	12.3619	14.3808
68	24.5526	7163.4644	105.3451	4.2782	7.877	22.8578
511	26.3899	24971.8217	48.8685	8.9805	13.4987	20.8222
127	14.4641	8424.942	66.3381	7.2295	8.2543	9.424
467	32.2374	27356.014	58.5782	10.6433	12.2732	27.8449
223	17.1314	12146.657	54.4693	7.3984	10.0832	11.7081
429	60.7215	30549.2272	71.2103	7.5683	11.5275	59.1349
526	34.4102	27826.6845	52.9024	8.5643	11.3468	31.3363
166	16.6022	9306.0151	56.0603	6.1488	7.9294	13.2269
289	24.3522	19067.141	65.9763	8.9342	13.9837	17.8231
63	15.2179	6135.2128	97.3843	4.3879	6.3523	13.1141
427	22.3899	20145.9215	47.1801	9.7032	12.227	16.0516
359	33.9443	27532.1284	76.6912	8.5206	15.6053	28.9152
1031	34.8126	51592.2379	50.041	10.1542	18.9512	27.38
73	19.4805	7035.271	96.3736	5.1127	6.4907	17.6415
125	16.8005	8816.6324	70.5331	6.5959	10.2042	11.6028
413	22.9112	18592.1084	45.0172	9.7026	10.7677	17.7438
205	18.9914	14122.3476	68.8895	7.2416	10.5898	14.0032
167	20.2593	10357.9019	62.0234	6.2272	8.4405	17.3327
416	21.482	19603.5152	47.1238	10.012	11.9889	14.7479
372	24.1212	22934.5565	61.652	9.5792	13.1507	17.8081
181	16.5238	10812.9443	59.74	7.8961	8.633	11.6688
128	17.2282	9521.7922	74.389	5.4554	8.3912	14.0228
251	23.4236	15307.3777	60.9856	7.0255	8.759	20.5569
191	16.6363	11061.0579	57.9113	7.352	9.2569	11.7057
401	25.4618	20310.5987	50.6499	8.3476	12.6728	20.4455
233	20.8935	13207.9194	56.6863	6.3529	10.2931	17.0361
285	18.8871	14495.9761	50.8631	8.8383	11.3234	12.2634
232	34.6858	20087.6166	86.5846	8.3393	9.4352	32.3193
160	14.2388	7806.9351	48.7933	7.6781	7.8027	9.1053
173	25.5324	12500.1574	72.2552	5.7914	9.8664	22.8258
611	29.8689	28948.079	47.3782	10.1199	14.0351	24.3466
138	31.7941	15576.9706	112.8766	10.8416	19.1737	22.928
75	11.2601	4567.3773	60.8984	5.2754	5.9168	7.9969
334	22.991	16225.6669	48.5798	7.7783	9.8468	19.2646
105	14.0991	7336.069	69.8673	6.0471	8.5389	9.4501
287	19.5452	13993.6335	48.7583	7.4177	11.7228	13.7685
569	29.8807	27719.2759	48.7158	10.0417	14.1628	24.3194
200	18.9019	12506.6037	62.533	6.6802	9.4793	14.9265
161	21.7545	9961.2181	61.8709	5.4995	8.522	19.2455
319	27.8601	19798.3884	62.0639	6.9606	10.0564	25.0321
1170	39.4445	54273.7768	46.3878	12.8736	15.8036	33.7696
316	19.9506	15344.1074	48.5573	8.645	10.1302	14.855
259	23.2474	16329.3179	63.0476	7.9852	13.1719	17.412
371	26.1587	18556.2163	50.0168	8.2301	9.3594	22.9987
220	16.526	10125.5347	46.0252	7.1361	9.6649	11.3479
262	18.8159	14031.0186	53.5535	8.7127	9.6779	13.5818
408	24.1964	22974.2117	56.3093	9.2695	11.849	18.9511
370	27.2361	22741.6197	61.4638	10.0175	12.9451	21.7688
544	27.153	29348.1677	53.9488	11.7537	12.3375	21.1406
460	23.461	20704.9749	45.0108	9.0044	12.4269	17.7458
293	32.6691	17425.8991	59.4741	7.1508	8.0436	30.8454
387	21.6192	19442.4557	50.2389	9.7591	12.6421	14.5715
173	19.8716	11843.5408	68.4598	6.425	9.4307	16.2684
400	23.9129	19513.6961	48.7842	8.3312	12.2874	18.7466
157	15.5631	9788.6821	62.3483	7.4687	8.5141	10.6742
136	17.281	8844.0	65.0294	5.5154	7.7078	14.4501
657	28.8816	31273.084	47.5998	11.9521	13.3909	22.6269
340	19.3227	14177.8158	41.6995	8.795	10.7077	13.4671
89	19.6277	7187.5848	80.7594	3.9023	6.5971	18.0693
239	17.8862	12616.4186	52.7884	7.6974	10.2405	12.4819
235	18.7508	12809.6251	54.509	8.5705	10.1472	13.2354
447	21.4113	17459.228	39.0587	9.4465	11.2358	15.5872
50	21.7579	5390.4734	107.8095	2.8635	4.4029	21.1145
223	19.2032	12607.9007	56.5377	7.5479	8.2021	15.6371
1005	36.6811	46859.1686	46.626	11.4881	14.346	31.7446
339	23.9812	19287.2371	56.8945	7.5511	11.331	19.7405
48	20.7249	5238.9338	109.1445	2.8849	3.4112	20.2377
75	11.5994	4995.7869	66.6105	5.5486	6.1663	8.1077
75	21.4493	7835.8165	104.4776	6.0986	6.5169	19.504
330	45.2848	20675.644	62.6535	8.8828	9.574	43.3607
52	14.316	4719.3365	90.7565	4.3917	4.9587	12.6914
140	14.8543	8074.1759	57.6727	7.2017	7.2977	10.7484
440	26.6903	24587.863	55.8815	8.939	13.785	21.0343
200	19.1993	11101.5123	55.5076	6.1672	10.3187	14.97
257	18.1985	13372.7795	52.0342	8.1571	10.7665	12.1954
220	30.2895	19225.9488	87.3907	8.9618	12.7871	25.9543
169	21.4258	12315.4319	72.8724	6.5153	8.7248	18.4524
159	22.1932	10818.1596	68.0387	6.3536	7.643	19.8433
190	22.5234	12163.2374	64.017	6.9831	9.0027	19.4292
136	34.8334	12541.8655	92.2196	6.2017	10.7833	32.5365
255	19.3667	13284.9713	52.0979	8.0286	8.7625	15.2914
392	19.8264	16531.634	42.1725	9.7424	10.8535	13.4304
63	16.1487	5267.7103	83.6144	3.1451	4.9327	15.0518
1031	35.4438	50672.1316	49.1485	14.0031	18.5344	26.7704
238	40.2933	16873.5722	70.8974	5.993	9.1939	38.77
415	49.2178	27803.6954	66.9969	7.4498	10.9505	47.4023
308	31.815	23868.0708	77.4937	7.7436	10.7374	28.93
608	39.4972	30213.2404	49.6928	6.8504	11.0976	37.2819
210	16.4221	11069.175	52.7104	7.1714	10.0321	10.845
295	27.0975	18136.8602	61.4809	6.9967	10.3913	24.0279
75	21.4454	7604.582	101.3944	3.1869	10.9299	18.1737
387	25.8692	19260.0807	49.7677	8.1863	11.3148	21.7756
593	24.8193	25970.8702	43.7957	11.3455	13.7472	17.2711
299	24.7224	17418.5674	58.2561	7.2364	13.9411	19.0913
488	22.9539	21352.6573	43.7554	10.7315	12.1061	16.2837
336	25.0557	17893.716	53.2551	7.6237	10.5104	21.4289
247	22.943	15354.3938	62.1635	5.5434	11.592	19.0073
414	20.9329	16034.5906	38.7309	9.4203	10.6049	15.3941
1089	29.0404	42304.9267	38.8475	14.8489	16.8488	18.4112
335	22.7305	18042.0293	53.8568	8.0022	12.2543	17.3918
118	16.6429	9196.713	77.9382	6.0542	9.0638	12.5769
69	11.2903	4780.2517	69.279	5.2685	5.8202	8.1141
195	15.7567	8985.0634	46.0772	6.771	9.1765	10.8728
81	13.2922	6451.3134	79.6458	5.5061	8.3829	8.7231
209	17.017	11965.1873	57.2497	7.8025	9.9602	11.3796
190	19.979	11889.8633	62.5782	6.4075	8.9541	16.6712
227	33.6419	23195.3777	102.1823	10.1644	21.2335	24.0334
202	19.7642	11722.0081	58.0297	7.2614	7.5009	16.7819
699	34.3765	34872.852	49.8896	9.0466	13.2687	30.3948
283	23.5265	17024.8142	60.1584	9.1636	10.9321	18.7087
393	23.5633	18668.1387	47.5016	8.3519	12.1772	18.3628
263	20.5622	13178.8586	50.1097	7.3602	8.7167	17.1071
163	22.2903	11534.9266	70.7664	6.0759	7.5118	20.0877
211	18.6857	11121.0949	52.7066	7.8019	8.1735	14.8822
208	17.7954	14507.7191	69.7486	8.6118	9.4322	12.3914
258	24.505	14453.9159	56.0229	6.4175	8.5288	22.0584
48	21.782	5413.1042	112.773	3.6138	5.6054	20.7359
245	27.6376	17125.5313	69.9001	6.8583	9.8693	24.8877
163	28.3036	13055.4118	80.0946	6.4687	8.331	26.2649
282	19.2772	14143.1004	50.1528	8.4065	9.4668	14.5369
113	16.4583	8313.9063	73.5744	5.1896	9.5044	12.394
33	15.0002	3295.8664	99.8747	2.4678	2.7428	14.5394
642	29.6181	27049.7618	42.1336	9.1195	11.4718	25.7384
435	22.263	19031.7884	43.7512	9.8157	10.9798	16.6955
386	31.3118	26173.6312	67.8073	9.7658	11.8571	27.2849
440	27.353	23757.7574	53.9949	11.1226	13.3957	21.0957
355	29.7652	21572.485	60.7676	6.7841	18.0602	22.6665
496	38.5618	34237.1368	69.0265	15.9016	22.3988	27.0638
407	22.1852	20860.0429	51.2532	9.7341	11.3992	16.3551
419	24.1912	25678.7408	61.2858	12.1946	13.2782	16.1306
448	22.4684	18863.9607	42.1071	8.9588	11.6013	17.0287
190	22.5102	12218.7086	64.309	6.6829	7.095	20.2906
210	24.1237	14016.5411	66.7454	7.3873	9.0104	21.1233
79	16.1873	6385.2582	80.8261	5.2873	6.5472	13.8278
189	19.6157	12889.3305	68.1975	8.66	11.5267	13.3011
124	28.9293	10716.1936	86.4209	5.1766	8.0019	27.3144
203	16.0694	10151.8608	50.0092	8.116	8.7496	10.7612
199	23.0437	13865.1128	69.6739	7.4591	11.8509	18.3011
300	52.686	21266.798	70.8893	7.3172	7.9376	51.5681
734	27.0783	31151.687	42.441	13.2116	13.7636	19.2159
447	22.5222	23378.9324	52.3019	11.3673	12.1034	15.2165
127	15.6554	8252.3842	64.9794	5.4826	9.3903	11.263
224	16.816	11304.273	50.4655	8.4147	9.112	11.3553
328	20.9663	16959.1674	51.7048	7.9853	12.6386	14.6999
566	24.9049	23928.9409	42.2773	9.131	14.7765	17.8476
294	23.109	17734.281	60.3207	8.0034	11.8374	18.1617
700	34.22	39396.5556	56.2808	13.4519	19.2687	24.8751
274	27.5138	22738.7244	82.988	8.1702	14.6029	21.8406
663	24.5313	25183.8058	37.9846	11.7322	13.7004	16.6265
511	29.4076	24696.1284	48.329	8.3319	12.4087	25.326
354	21.1688	15858.2508	44.7973	9.0675	10.1016	16.2437
110	15.2949	7972.1973	72.4745	5.9901	8.8016	10.981
137	14.4261	8223.735	60.0273	6.6995	8.6474	9.4049
112	38.0181	12762.2928	113.949	5.447	10.189	36.2201
274	18.3201	13923.0706	50.8141	8.5203	10.9749	11.9408
98	19.0035	8340.1891	85.104	7.3024	10.0639	14.371
50	22.3038	6048.7754	120.9755	2.9792	3.0899	21.8869
143	21.222	11342.7362	79.3198	4.8051	13.1486	15.9499
221	17.4055	11659.8974	52.7597	7.4047	9.0577	12.8872
1339	46.0936	69007.3076	51.5365	12.984	21.9701	38.3843
296	25.383	18662.6346	63.0494	8.6046	10.7635	21.3168
402	25.7573	21024.7425	52.3004	8.0896	15.7276	18.7253
192	16.2276	10151.293	52.8713	7.7138	9.7343	10.444
862	32.9734	46470.3858	53.91	11.4741	18.982	24.3982
295	19.4988	14074.6553	47.7107	7.5935	10.22	14.768
181	16.3516	10166.494	56.1685	6.8477	9.3673	11.5211
242	21.4225	17416.1197	71.9674	9.4095	9.6423	16.6557
105	21.8893	9776.5795	93.1103	6.9104	7.639	19.3141
316	25.0494	19601.8905	62.0313	7.8622	9.1138	21.9681
838	27.631	34969.1517	41.7293	12.4766	16.454	18.3596
406	23.3394	20269.1539	49.924	8.521	12.83	17.536
179	20.3197	11441.9088	63.9213	6.8334	7.0492	17.7906
253	21.115	15595.1555	61.6409	9.1199	9.8665	16.2887
188	16.5409	9672.4992	51.4495	7.4941	8.9946	11.6849
172	55.0669	14981.3196	87.1007	4.471	6.9806	54.4393
172	15.9891	9618.6887	55.9226	7.179	8.5759	11.4266
339	20.5315	15626.7797	46.0967	8.9286	10.0503	15.5182
156	21.8225	11648.4139	74.6693	6.4267	11.2992	17.5285
417	23.1688	20076.3919	48.1448	10.3485	12.5738	16.4803
379	26.9566	19149.4824	50.5263	7.4793	11.7425	23.0831
1120	54.4887	51793.2072	46.2439	10.0222	19.5759	49.8534
185	15.622	9122.6768	49.3118	7.3818	9.3998	10.0598
74	19.2566	7657.2694	103.4766	3.0182	6.4886	17.8774
52	11.8597	4393.0908	84.4825	4.1853	5.0897	9.8605
641	45.8158	33333.7214	52.0027	8.0456	11.5276	43.6059
387	20.9441	18312.5924	47.3194	8.8143	12.533	14.2789
297	19.0028	13303.3665	44.7925	8.2991	9.0955	14.4743
199	24.5667	13230.9387	66.4871	6.7439	8.0674	22.2027
416	21.2818	17782.8216	42.7472	9.3706	11.9163	14.9368
129	25.3812	10905.3945	84.5379	6.7819	8.1229	23.0702
946	43.7561	77196.1346	81.6027	23.9491	25.0048	26.7543
201	15.8531	9399.1346	46.7619	7.0691	9.261	10.7509
112	15.942	7701.6297	68.7646	3.8759	9.5956	12.1264
731	32.528	39656.2221	54.2493	13.0484	15.0044	25.7426
297	20.1898	15281.9581	51.4544	7.2243	11.0147	15.3008
141	17.7667	9079.7712	64.3955	6.2246	7.5526	14.828
457	33.3878	25070.3322	54.8585	9.2158	15.3914	28.1588
250	23.3334	13750.6355	55.0025	7.094	8.6894	20.4601
253	23.9415	19165.5213	75.753	8.0573	9.9664	20.2225
298	28.5311	19889.1105	66.742	7.3042	16.274	22.2672
255	18.767	12876.6422	50.4966	7.9021	8.8255	14.5556
754	26.4964	31149.2231	41.312	11.6911	14.1682	19.0956
407	21.7483	19248.458	47.2935	10.356	11.5465	15.2454
189	21.5942	12555.5889	66.4317	7.9429	9.8718	17.4862
204	26.6656	13142.8895	64.4259	6.0364	9.4281	24.2018
276	59.7384	27311.7204	98.9555	7.8824	13.4686	57.664
664	36.2951	38942.4577	58.6483	14.0434	19.236	27.3878
405	22.8024	18518.7994	45.7254	9.7896	10.7008	17.5957
186	17.9453	13695.5689	73.6321	7.7275	10.4657	12.3608
90	12.6783	5820.8264	64.6758	5.3325	7.1117	9.0403
317	22.3098	19175.7327	60.4913	10.3349	10.7047	16.623
130	28.1008	11654.0975	89.6469	5.5758	13.2079	24.1685
394	21.1464	18669.7611	47.3852	8.3864	12.8211	14.576
424	23.1926	22161.4647	52.2676	11.3493	12.5317	15.8759
203	23.8371	12709.564	62.6087	5.8032	8.0144	21.6864
167	18.1223	10557.6908	63.2197	6.7689	8.9677	14.219
376	22.0514	18533.8896	49.2923	9.0501	10.3968	17.2124
303	19.4742	14433.4871	47.6353	7.9645	11.5203	13.5312
719	36.6899	60172.0735	83.6886	16.7257	20.6797	25.2735
354	19.8128	15508.5315	43.8094	9.0381	10.7328	13.9882
210	20.0224	13637.3098	64.9396	7.1264	9.3812	16.1896
593	36.3617	37221.4139	62.768	10.1494	11.3824	33.0091
580	36.1954	33200.603	57.2424	10.3683	12.4379	32.3714
329	21.2902	15648.6481	47.5643	6.9011	12.3572	15.9042
281	19.3494	14504.2732	51.6166	7.5782	11.9285	13.2166
89	28.7504	9694.217	108.9238	4.1325	13.6206	24.9797
321	23.339	18886.3139	58.8359	8.9628	10.1346	19.0176
86	14.7325	7467.2739	86.8288	5.3751	8.7128	10.5945
249	38.7497	15431.3153	61.9732	5.3899	6.4439	37.8281
411	46.9996	28460.5611	69.2471	7.0195	11.4384	45.0428
564	36.3411	34045.0275	60.3635	10.8165	12.6373	32.3107
842	38.1891	41379.3498	49.1441	11.2841	19.3451	30.9328
72	12.1335	5651.6101	78.4946	5.498	7.0632	8.1918
202	17.201	10985.7525	54.3849	6.8201	9.566	12.564
164	15.7029	9079.8275	55.3648	7.3127	9.0476	10.5474
57	17.2387	5463.3387	95.848	3.6037	4.9858	16.1036
157	18.7723	11165.9637	71.1208	5.8643	11.3234	13.7765
242	18.2484	11942.829	49.3505	7.2108	9.9518	13.4897
257	18.4712	12513.6122	48.6911	8.3377	8.5088	14.1161
239	35.736	16739.6788	70.0405	6.208	6.4669	34.5934
223	16.4483	10486.2737	47.0236	8.2453	9.5838	10.522
227	19.9125	12007.1236	52.8948	7.2665	8.2804	16.5874
274	21.0103	14615.7567	53.3422	8.131	10.3322	16.388
36	15.9339	4631.2918	128.647	3.5236	5.8273	14.4054
170	15.9903	9422.9768	55.4293	6.4002	8.8737	11.6613
235	17.9765	12975.5467	55.2151	7.5924	10.9507	12.0661
251	17.7336	12956.0692	51.6178	8.8532	10.3067	11.3962
446	21.3548	18655.3473	41.8281	10.7723	11.4955	14.4166
233	18.435	11973.1793	51.387	7.6622	8.6085	14.3886
364	21.0376	17815.4417	48.9435	9.8098	11.8214	14.3737
362	62.3796	30686.9491	84.7706	14.6743	14.892	58.7716
259	31.3059	26020.9639	100.467	10.1643	16.9709	24.2639
294	21.7933	17632.51	59.9745	8.244	11.5317	16.5531
113	16.7781	10160.1723	89.913	6.3041	8.9421	12.7201
144	22.7218	10584.5897	73.5041	6.0438	8.0458	20.3719
389	21.4301	19250.9972	49.4884	10.0592	12.8799	13.8626
393	21.3725	18859.0928	47.9875	9.3631	11.9378	15.0534
406	25.3801	21588.5012	53.1736	9.7081	10.9282	20.7479
239	22.511	14615.8581	61.1542	7.3557	10.6669	18.408
339	35.1054	22671.5332	66.8777	8.3195	11.0386	32.2696
362	45.7234	27321.8072	75.4746	9.1832	13.1417	42.8205
445	26.9965	27429.7399	61.6399	9.9447	14.7395	20.3141
113	31.7848	10275.1667	90.9307	4.8435	5.5089	30.9268
515	28.9484	25299.084	49.1244	9.541	11.8776	24.6151
171	24.7134	14007.8944	81.9175	7.3761	8.225	22.1064
65	13.7305	5793.4706	89.1303	3.8088	7.8564	10.597
128	21.0035	10079.885	78.7491	7.5104	8.2165	17.811
431	22.07	19206.355	44.5623	9.0966	13.3791	15.0112
228	18.4129	11824.0065	51.8597	7.3413	8.8102	14.4056
172	15.2303	9039.5305	52.5554	7.7979	8.7844	9.6948
545	48.3416	29861.9155	54.7925	8.8974	9.7067	46.5137
179	17.4252	12038.6553	67.2551	8.0806	9.4077	12.2409
187	24.453	13733.8639	73.4431	6.0105	14.2164	18.9663
453	24.9642	22804.116	50.3402	8.8768	10.4042	20.8846
77	14.9685	6376.6943	82.8142	5.0878	6.8813	12.2808
199	25.4879	12762.6211	64.1338	6.9155	8.4364	23.0355
769	32.4561	40404.7142	52.5419	12.1245	19.5799	22.8697
200	26.3577	17639.8955	88.1995	7.0712	16.7503	19.0829
386	25.4595	18791.1964	48.6819	8.1296	12.0997	20.8733
435	25.4136	19675.512	45.2311	8.1704	9.9648	21.9043
209	20.1575	13225.5151	63.28	6.6769	9.3494	16.5629
66	23.2853	6745.6964	102.2075	3.4891	6.7074	22.0236
373	20.739	16060.3892	43.0573	9.1721	11.2159	14.8385
144	20.8323	11140.9575	77.3678	7.2117	11.9554	15.461
222	17.0179	11039.3025	49.7266	7.8535	8.9611	12.1503
141	28.5812	14088.7501	99.9202	6.1014	16.5638	22.4789
198	20.5795	13898.0412	70.1921	7.1884	12.504	14.6797
263	21.3914	15891.6749	60.4246	7.0128	10.399	17.3284
108	13.5976	6455.6737	59.7748	5.4511	8.0355	9.519
76	32.9084	7832.562	103.06	2.8304	4.1763	32.5193
148	16.3778	9401.1007	63.521	5.9105	8.7204	12.5401
542	45.8821	64537.7887	119.0734	21.4601	27.0655	30.2008
332	24.7643	18739.7902	56.4452	7.894	12.0496	20.1436
601	34.3353	31235.1603	51.972	10.4106	12.6604	30.1703
163	14.2451	7482.4943	45.9049	6.7	7.7221	9.9198
200	19.6577	12180.5095	60.9025	6.8853	10.6709	15.005
159	17.0982	11916.7796	74.9483	8.1727	9.7456	11.4271
292	18.9806	13894.071	47.5824	7.7002	10.5358	13.7829
165	19.3461	11791.8658	71.4659	5.9648	10.4976	15.1159
246	18.7176	13776.9033	56.0037	8.9633	10.9488	12.2528
139	22.4696	12162.7759	87.502	6.5988	10.332	18.8304
617	26.9484	30394.7584	49.2622	10.1261	15.3174	19.7245
78	18.4152	8899.8656	114.1008	4.5079	10.385	14.5241
572	45.5342	28542.2792	49.8991	8.4323	9.2753	43.7748
184	25.5783	11956.1325	64.979	5.0903	6.719	24.1494
169	25.4861	12597.2694	74.5401	4.9142	12.6326	21.5826
270	17.8916	13066.4836	48.3944	9.1572	10.5557	11.1728
610	26.2254	29616.6722	48.5519	10.8154	15.3901	18.2742
93	17.0702	7391.6415	79.48	5.089	7.2451	14.5946
923	30.1522	38954.1097	42.2038	12.7122	15.1406	22.7667
180	15.8181	9407.854	52.2659	6.2448	9.9168	10.6241
424	22.9779	20707.3926	48.8382	8.7752	13.5085	16.386
63	27.4894	8510.0101	135.0795	4.2586	8.6031	25.7588
295	30.5868	19037.2309	64.533	7.3315	12.1272	27.1059
37	16.7946	4011.8241	108.4277	2.5486	2.8875	16.347
119	16.088	8784.7235	73.8212	6.0837	7.7606	12.7116
142	28.9488	14902.8932	104.95	6.9376	14.3986	24.1368
205	19.0798	11845.2344	57.7816	7.0738	8.1848	15.7165
863	46.3532	50726.0473	58.7787	12.9768	15.3431	41.7709
105	12.8306	6191.9733	58.9712	5.6705	7.7584	8.5015
583	30.363	31541.7371	54.1025	10.7332	16.5763	23.0637
331	20.4156	17553.416	53.0315	8.6088	12.9044	13.2726
691	33.4711	32666.0973	47.2737	10.2064	13.0627	29.0776
108	13.3576	6855.865	63.4802	6.1271	7.6027	9.115
151	14.7208	8284.185	54.8622	7.4495	8.3501	9.5647
207	27.941	15191.6029	73.3894	7.2098	14.0354	23.0592
269	22.9261	14722.031	54.7287	6.886	9.2752	19.803
239	18.3499	12407.0678	51.9124	7.1964	10.1847	13.4611
252	17.2652	11165.0748	44.3059	7.0036	10.3561	11.9075
590	35.9696	30484.0237	51.6678	8.9704	14.05	31.8738
247	17.6715	12056.0647	48.81	8.3381	9.8846	12.0438
55	15.7968	4990.6533	90.7392	2.922	4.6772	14.8029
399	21.1413	18734.7351	46.9542	8.6086	12.6649	14.5755
319	22.2959	16995.6903	53.278	8.2055	9.5578	18.3963
124	15.686	7956.5377	64.1656	6.4411	6.5048	12.7377
596	25.3864	26750.6441	44.8836	10.6286	14.0488	18.2793
211	16.9376	10120.1957	47.963	7.3825	8.7542	12.4798
462	22.6179	19366.004	41.9178	8.7989	14.1701	15.2761
145	23.7687	10612.9465	73.1927	6.952	7.6366	21.4079
157	15.5602	9958.8516	63.4322	7.4868	8.5124	10.6587
246	18.6321	12342.8985	50.1744	7.1148	9.6392	14.2696
154	15.7387	8905.3898	57.8272	6.9951	8.0546	11.5715
269	17.0822	11745.6127	43.664	8.5656	10.2833	10.6155
439	22.2568	20059.7141	45.6941	10.3928	13.1679	14.6273
324	18.9341	14327.8958	44.2219	8.5539	10.9287	12.88
236	25.3734	15466.0074	65.5339	6.9605	9.3926	22.5198
388	27.3988	23857.0809	61.4873	8.9179	10.0698	23.8697
611	23.9113	24979.4404	40.8829	11.1765	13.1452	16.5542
357	20.6974	15899.3816	44.5361	7.8318	12.5651	14.4625
363	21.241	17926.2035	49.3835	8.0662	11.8689	15.6602
73	11.8901	5301.7899	72.6273	5.6713	6.4423	8.2285
291	21.1107	16228.9222	55.7695	7.8571	9.0029	17.4033
136	16.2796	9072.2917	66.708	5.9038	9.5229	11.8104
268	21.665	16261.6446	60.6778	8.7174	9.8516	17.2141
194	18.6428	11494.1918	59.2484	6.982	9.2424	14.6077
524	23.4235	22054.4827	42.0887	10.2225	11.5491	17.6289
429	61.5713	29523.133	68.8185	7.7697	13.8549	59.4869
267	18.3036	13202.6281	49.448	8.3116	10.003	12.8795
365	21.3393	16896.0812	46.2906	8.7319	9.9674	16.7263
198	16.4276	11329.9578	57.222	7.654	10.1497	10.4051
183	29.6245	18518.5636	101.1943	6.0581	13.8269	25.4897
141	58.8755	14232.9943	100.9432	4.0162	5.1721	58.5102
95	25.446	9173.0759	96.5587	6.653	10.0838	22.3953
408	22.9009	19183.9093	47.0194	9.8839	10.6941	17.6747
265	17.5244	12375.345	46.6994	8.3896	10.4682	11.2755
483	24.1641	25554.9614	52.9088	10.4728	14.2519	16.4653
188	16.2211	10334.1839	54.9691	7.638	9.2334	10.933
253	21.0307	15101.5016	59.6897	8.3307	9.0782	17.0434
296	19.772	15089.5772	50.9783	7.5708	11.3864	14.2816
191	22.8132	13084.3886	68.5047	7.3293	10.6551	18.7934
449	73.4937	42475.1663	94.5995	7.3516	16.9468	71.1343
458	33.2517	27365.9698	59.751	8.5375	12.3113	29.6853
217	16.7465	11175.7486	51.5011	7.9802	9.4261	11.3097
75	11.9826	5358.9531	71.4527	5.6069	5.7934	8.8647
304	23.7668	17861.0188	58.7534	8.2901	13.074	18.0334
782	33.4668	39370.0362	50.3453	10.0586	17.4817	26.7066
93	15.3088	7917.8699	85.1384	6.4968	8.3145	11.0915
393	28.0096	24201.7708	61.5821	8.329	15.8855	21.5131
398	40.0018	28787.3027	72.3299	9.5207	22.6885	31.5395
703	25.3406	27827.2692	39.5836	12.6913	13.7226	17.1104
530	28.5838	26199.2224	49.4325	8.0075	14.4851	23.3044
82	18.6595	7255.773	88.485	5.2506	6.6468	16.6261
348	21.015	15784.1275	45.3567	7.7152	11.0261	16.141
236	17.3506	11678.9584	49.4871	8.0975	10.3433	11.3353
65	23.2528	6678.9854	102.7536	2.9937	8.6262	21.385
144	25.1196	10684.9038	74.2007	6.0082	9.0854	22.6352
210	16.975	10998.5892	52.3742	6.5097	10.5382	11.6069
136	16.2332	9151.3928	67.2897	6.3315	7.4952	12.9325
224	21.6628	12602.2429	56.26	5.7873	10.2097	18.2085
135	14.3342	7872.3355	58.3136	6.8173	7.9246	9.8079
200	16.2971	10600.3391	53.0017	8.086	9.3693	10.6032
459	73.865	33086.8297	72.0846	5.7879	11.5535	72.7259
574	32.2275	36198.5314	63.0636	11.5766	14.2327	26.4957
277	20.8305	13962.3714	50.4057	5.9564	12.4445	15.6067
215	16.9439	10868.3126	50.5503	7.7297	8.9199	12.1566
175	15.8949	8794.5106	50.2543	7.5846	8.5911	11.0142
400	21.6662	18535.7744	46.3394	10.4104	11.9243	14.7939
274	19.5734	13611.705	49.6778	8.1876	9.6424	14.9368
122	16.2776	7732.6958	63.3828	5.5248	8.1697	12.9496
414	28.1916	21670.6913	52.3447	7.6504	14.168	23.141
150	17.8666	9519.6374	63.4642	6.117	6.6496	15.4136
362	35.2086	23371.4549	64.562	8.6618	11.9949	31.949
321	22.9049	17742.7055	55.2732	8.4114	10.5896	18.4863
201	16.4543	10369.3134	51.5886	7.6177	9.0773	11.4155
258	23.0089	15060.8811	58.3755	6.7801	8.6085	20.232
340	18.9866	15545.4062	45.7218	9.6525	11.1611	11.9477
203	20.749	12697.6405	62.55	7.3754	10.2554	16.4606
261	23.5574	17716.2386	67.8783	8.0482	13.342	17.6683
1186	32.3065	49638.4686	41.8537	15.0262	17.7423	22.4307
325	22.5124	18001.1434	55.3881	7.6746	11.6201	17.6885
183	19.9142	12403.2732	67.7774	5.9916	11.8787	14.818
676	30.3743	33164.4773	49.0599	11.2137	15.1533	23.8165
390	20.5533	15649.6091	40.1272	8.8598	11.3789	14.6446
456	25.6244	22272.2886	48.8427	9.1757	10.1854	21.6488
609	50.3037	34433.1994	56.5406	8.881	10.8415	48.312
360	28.0832	28968.0902	80.4669	14.2395	14.5378	19.3535
447	22.8506	23594.0216	52.783	9.7689	13.5905	15.5569
443	27.7225	24984.7438	56.399	9.8111	13.6588	22.039
396	21.855	19076.5279	48.1731	10.7957	11.7426	14.9401
573	22.95	22037.3327	38.4596	10.9666	11.9589	16.2303
313	19.6035	15321.5415	48.9506	8.5838	10.3204	14.2865
178	58.2381	17716.2819	99.5297	4.9695	8.723	57.3663
538	39.8699	35384.9894	65.7714	12.2822	16.8435	33.986
262	27.9851	15150.0648	57.8247	6.4014	8.4819	25.889
266	20.7579	14460.3295	54.3621	7.4581	8.771	17.2724
152	15.2206	9293.3447	61.1404	7.3492	8.9484	9.8784
177	23.2688	12186.2262	68.8487	6.3984	6.9686	21.2588
659	33.2025	46977.0736	71.2854	14.7385	19.8348	22.1758
178	24.7019	14595.4359	81.9968	8.4296	12.7078	19.4329
164	16.2618	9279.8001	56.5841	7.0326	8.6921	11.8083
289	28.6465	23911.1575	82.7376	8.4398	16.7538	21.6496
145	18.7361	10357.2611	71.4294	7.4441	9.0821	14.5994
430	23.3806	19255.8468	44.781	9.7265	10.7831	18.324
222	17.56	12172.1586	54.8295	8.3434	10.5133	11.3231
409	21.7689	18216.2779	44.5386	8.6917	10.3405	17.0709
75	15.2467	7282.3452	97.0979	5.5725	7.184	12.2392
628	29.184	31513.4611	50.1807	9.4388	16.7236	21.9758
293	22.5358	18697.3312	63.8134	9.0052	13.157	15.9267
788	55.5373	46771.1408	59.3542	11.8114	19.4767	50.6512
36	16.8533	3803.6868	105.658	2.5357	3.9671	16.1823
584	29.6162	30452.757	52.1451	11.7952	14.3335	23.0769
600	35.3638	33969.2372	56.6154	11.4899	13.1998	30.7302
657	24.6766	27391.9052	41.6924	11.8622	14.0799	16.431
739	40.6587	42018.8438	56.8591	14.0033	17.1158	34.1187
341	24.5502	17716.0581	51.9532	7.1536	10.714	20.8985
141	22.2463	9544.3475	67.6904	4.8963	5.6643	20.9485
334	31.8618	22039.6533	65.987	8.9077	10.5913	28.6994
378	20.7811	17625.628	46.6286	8.8512	11.8926	14.5628
750	41.6094	35979.1111	47.9721	9.4986	14.9944	37.6336
64	16.6071	5838.1613	91.2213	3.6719	6.7361	14.7287
871	42.9474	70268.5474	80.6757	18.49	23.6948	30.6783
283	20.9307	14506.4603	51.2596	8.0794	10.357	16.2957
138	22.4411	10107.0571	73.2395	6.3081	6.8846	20.4063
185	20.0578	13062.9976	70.6108	6.6994	11.1075	15.299
137	14.0823	7712.4387	56.2952	6.488	8.4413	9.2175
327	20.4039	15482.5711	47.3473	8.7069	10.7252	15.016
367	21.1673	17364.4663	47.3146	9.0489	12.3294	14.6341
444	21.5266	17891.1959	40.2955	9.2936	11.509	15.6387
368	25.2223	21732.2667	59.0551	9.6008	10.6296	20.7606
541	28.5297	30453.6661	56.2914	10.9223	13.5833	22.5863
431	22.5941	19706.2271	45.7221	8.223	12.4549	16.9633
583	29.9521	28980.6327	49.7095	8.3212	16.3049	23.7073
700	101.2336	43055.3877	61.5077	7.258	16.8894	99.5505
146	15.0744	8124.8767	55.6498	6.4042	7.5975	11.3359
69	20.2683	6317.9923	91.5651	3.5849	5.1593	19.27
755	29.5449	34880.181	46.1989	11.9337	14.1604	23.0211
501	29.4674	26849.7326	53.5923	10.2178	11.7099	25.0361
367	23.2695	19415.0999	52.9022	7.7426	13.8051	17.057
73	32.8485	8437.1318	115.5771	4.3086	7.097	31.7819
57	14.1135	5725.0021	100.4386	4.8739	7.5617	10.8745
472	26.9459	28161.1448	59.6634	11.5604	14.4225	19.6069
147	15.4375	9030.2658	61.4304	6.6264	9.5214	10.1858
274	17.5433	12140.7192	44.3092	8.3383	10.3466	11.4538
260	24.7088	17833.2783	68.5895	9.4994	10.4716	20.264
343	20.8166	16424.8136	47.8858	8.5958	12.0069	14.6724
484	31.6584	35630.6661	73.6171	12.2141	18.1602	22.8754
424	40.1891	27934.9578	65.8843	11.7099	13.808	35.8801
865	56.0151	40743.6449	47.1025	8.1842	12.4201	54.0042
978	32.706	49099.1779	50.2037	14.0001	18.9643	22.6724
334	30.2191	17865.6279	53.4899	8.2581	9.7196	27.3958
305	21.0147	17240.2941	56.5256	8.1406	12.8315	14.5154
138	17.3262	9583.0797	69.4426	6.5358	9.3764	13.0217
488	28.2966	26013.28	53.3059	9.874	12.9905	23.1181
216	20.155	12771.0142	59.1251	7.7659	9.79	15.8137
241	18.4056	13117.6999	54.4303	8.4302	10.3666	12.6582
403	25.5229	19213.5217	47.6762	8.1282	12.0027	21.0068
173	15.4172	8937.9672	51.6646	7.6479	8.2842	10.5153
346	22.2477	18656.8872	53.9216	6.8549	13.6878	16.1435
170	20.9116	11149.4529	65.585	5.9895	12.7246	15.476
284	21.049	15903.3559	55.9977	8.765	10.1655	16.2141
133	16.1802	8521.6799	64.0728	6.3698	6.6395	13.3095
229	21.7058	17427.7892	76.1039	7.0638	12.5923	16.2074
207	16.5996	9728.3584	46.9969	7.6776	8.0059	12.3494
856	60.2243	52115.5295	60.8826	9.5089	12.0141	58.2426
411	49.1624	25956.4687	63.1544	6.4531	14.4202	46.5549
170	65.1675	17222.9279	101.3113	4.4815	5.7978	64.7541
399	21.5653	17908.1766	44.8826	7.8073	13.2105	15.1523
309	21.4654	16511.8408	53.4364	8.7923	10.8199	16.3214
77	11.4715	5061.4071	65.7326	5.6119	6.4353	7.6609
416	22.6527	19055.2358	45.8059	8.6063	12.3908	16.8981
398	25.8539	23203.847	58.3011	8.0136	11.9888	21.4587
365	24.839	21304.6768	58.369	8.059	14.1853	18.7298
265	19.2074	13332.9903	50.3132	8.2394	11.068	13.3618
362	28.1088	21027.2998	58.0865	8.5213	12.5593	23.6592
400	21.4119	18847.5313	47.1188	8.674	13.5518	14.1272
165	15.5534	9331.1569	56.5525	6.5771	9.0773	10.782
103	19.2256	8062.1991	78.2738	4.8234	6.2703	17.5227
430	22.1757	19527.2821	45.4123	10.0453	12.3575	15.432
200	23.7951	12561.9812	62.8099	8.1766	8.5996	20.6251
502	23.0695	22954.2711	45.7256	11.5391	12.6104	15.4928
30	13.8905	3564.7737	118.8258	2.7709	3.0689	13.2609
143	19.1348	12654.626	88.4939	6.2296	10.3207	14.8598
340	20.8673	17097.9902	50.2882	8.352	11.6105	15.1949
215	16.3361	10393.2224	48.3406	7.1892	9.8198	10.8974
362	21.8105	18508.3829	51.1281	8.9654	11.8809	15.9425
455	30.4945	23325.3977	51.2646	8.1124	10.4222	27.4859
163	19.5697	9740.6849	59.7588	5.6231	6.9293	17.4166
114	17.4979	7637.2746	66.9936	5.0562	6.7925	15.3125
164	28.2221	14362.443	87.5759	6.0097	14.5578	23.4188
224	57.1034	18857.2762	84.1843	4.6542	6.3078	56.5628
144	23.8708	11152.3579	77.4469	6.2561	6.6853	22.045
65	14.6124	6399.6174	98.4557	4.9171	7.9506	11.2309
299	18.7656	13474.0361	45.0637	8.3202	9.862	13.6258
150	18.3287	10584.2042	70.5614	6.5274	10.7409	13.3405
163	29.0162	18582.8555	114.0052	10.2659	13.704	23.4255
373	28.1039	23627.4408	63.3443	9.1063	10.0462	24.6166
271	18.0131	12644.5156	46.6587	8.5525	9.8889	12.3909
497	26.5653	23614.4637	47.514	9.6572	11.4837	21.9221
682	35.9272	39776.5926	58.3234	13.8333	16.9436	28.5011
256	21.4617	15813.8196	61.7727	8.0339	11.8544	15.9854
268	23.6596	15774.3041	58.8593	7.7107	12.4496	18.583
346	22.5337	19582.6101	56.5971	10.4723	12.0092	15.9336
779	30.0979	36130.3379	46.3804	12.9763	14.0539	23.2376
81	11.7115	5278.2042	65.163	6.121	6.3548	7.7012
214	21.8542	13458.3223	62.8894	8.0668	11.4098	16.8033
291	19.1706	13508.23	46.42	8.1093	10.6303	13.7385
165	15.8822	9728.0291	58.9578	7.3873	9.2344	10.6018
348	29.7785	21765.8304	62.5455	7.4163	17.0813	23.2376
83	15.0209	6929.192	83.4842	5.7653	7.3242	11.779
192	33.3083	15131.4626	78.8097	6.5842	13.5223	29.7193
168	23.6088	14497.5988	86.2952	5.5997	10.5875	20.3451
351	20.3744	15981.3197	45.5308	8.3272	10.5014	15.3458
292	20.8185	17033.0232	58.3323	7.7395	12.5121	14.7295
208	18.2015	11826.6324	56.8588	7.4718	9.6571	13.4984
274	18.7543	13847.6398	50.5388	8.805	9.3812	13.645
147	25.5763	10324.0003	70.2313	4.8751	7.5245	23.9533
645	39.7258	42656.9185	66.1348	11.6618	21.5457	31.2717
290	19.3079	15727.6806	54.2334	8.5278	11.6356	12.8329
145	17.0306	10079.0578	69.5107	6.5069	10.3945	11.8176
279	19.1829	14413.1101	51.6599	8.5784	10.263	13.7502
488	28.3816	26716.5548	54.747	7.7713	14.7818	22.9482
598	29.0519	29037.4754	48.5577	10.3307	13.0998	23.7842
140	14.8247	8497.1041	60.6936	6.4144	8.8195	10.0422
363	21.2959	17062.3594	47.0037	8.5939	10.6165	16.3385
184	25.1609	13417.8537	72.9231	5.7219	8.9908	22.7924
442	29.6712	25780.5682	58.3271	7.3274	18.0003	22.4205
313	25.367	17555.8338	56.0889	7.9577	11.2304	21.3082
261	20.4863	16448.0533	63.0194	8.3907	10.8985	15.1826
176	21.6628	13092.3098	74.3881	6.2004	11.2165	17.4648
240	23.3349	16367.673	68.1986	6.8593	9.6486	20.109
475	27.5327	25215.3716	53.085	8.2419	14.4241	21.956
297	31.5428	20150.4533	67.8466	6.2662	9.9465	29.2703
122	21.6253	9631.7624	78.9489	6.0773	7.972	19.1617
94	11.982	5153.0021	54.8192	5.8924	6.3337	8.2905
165	25.2201	12312.6704	74.6222	5.7819	15.3032	19.1946
286	20.5565	14541.4439	50.8442	7.8681	9.4293	16.4849
44	13.3131	4616.9237	104.9301	4.5637	6.2321	10.8431
156	18.1451	10805.2404	69.2644	6.3432	9.2033	14.2936
389	21.9297	18960.6823	48.7421	9.2728	11.7341	16.0386
255	23.488	14800.0441	58.0394	6.5816	8.1043	21.0401
62	18.4132	6346.7268	102.3666	3.7141	9.6678	15.2245
80	17.9403	7185.455	89.8182	4.0411	8.6742	15.1751
178	29.5407	15298.171	85.9448	7.9139	13.5352	25.0364
396	29.4314	23560.5222	59.4963	9.0524	14.255	24.1051
432	22.3515	20000.8329	46.2982	9.7927	13.2787	15.0787
106	31.638	12011.8107	113.319	9.2029	20.1591	22.5806
104	13.7182	6924.1947	66.5788	6.0204	6.987	10.1551
182	49.7683	15296.5247	84.0468	5.0979	6.2755	49.1072
592	106.2495	41141.5616	69.4959	6.4428	7.0248	105.821
189	22.2257	11779.8071	62.327	5.4438	10.4881	18.8241
513	23.9444	26480.7633	51.6194	12.3286	13.5969	15.3774
110	47.3646	11306.844	102.7895	3.2638	4.465	47.0406
356	20.2734	16956.3102	47.6301	9.5557	11.7492	13.478
288	19.4859	14399.3253	49.9977	8.7743	9.9032	14.3051
321	24.1837	18581.1289	57.8851	8.5459	13.0941	18.4489
441	22.7858	21261.5784	48.2122	10.5358	12.5936	15.7985
271	17.3605	12211.9804	45.0627	9.1457	10.0543	10.8006
324	20.2339	16821.6318	51.9186	8.3781	10.3721	15.2197
176	22.8703	12544.4715	71.2754	7.337	12.561	17.6477
328	21.015	16303.6986	49.7064	8.105	13.0982	14.296
153	21.2571	11785.1563	77.0272	6.8014	11.7974	16.3226
481	23.4339	23008.1666	47.834	10.1655	13.9705	15.8316
135	14.4753	8030.1345	59.4825	7.2726	8.7708	8.9283
110	17.0628	8497.7758	77.2525	5.1757	9.4769	13.2113
94	22.9878	10115.6886	107.6137	5.5226	13.479	17.7837
446	21.5636	18158.359	40.7138	9.8451	11.163	15.603
186	16.5685	10419.4759	56.0187	7.3742	8.368	12.252
776	33.7019	40893.8265	52.6982	12.1408	16.2754	26.8986
312	45.725	38714.6806	124.0855	13.0464	17.9999	39.9572
525	28.6357	27924.9255	53.1903	9.0986	17.3471	20.8878
429	30.3519	22288.1117	51.9536	9.2026	10.0256	27.13
224	27.041	13220.9936	59.0223	7.2135	7.974	24.8113
54	16.3554	6447.8086	119.4039	5.2641	7.6562	13.4599
287	35.9681	20295.0152	70.7143	8.1666	11.5068	33.0848
232	24.3966	15980.6145	68.882	9.777	10.5378	19.7119
318	27.5811	18735.6709	58.9172	8.3422	9.4786	24.521
253	29.4538	17978.2704	71.0604	6.1734	8.5851	27.4902
190	19.1129	11531.2223	60.6906	5.9047	9.1671	15.6972
251	18.8935	14657.7752	58.3975	8.8281	11.3628	12.244
249	24.3632	17440.9834	70.0441	8.1615	13.8814	18.2829
199	17.7129	11212.8259	56.3459	7.1111	8.4185	13.8676
282	21.7616	17259.7102	61.2046	10.9647	11.1898	15.1039
208	18.4583	11319.9026	54.4226	6.4801	8.5207	15.0371
500	27.6024	26406.3449	52.8127	10.4337	13.7575	21.5352
51	22.893	5090.2392	99.8086	2.4372	2.7411	22.5973
246	33.8877	16520.4849	67.1564	6.7687	12.4603	30.7783
268	22.2908	15097.9829	56.3358	6.7037	9.2675	19.1325
231	20.8108	13766.8638	59.5968	7.2009	9.1847	17.2302
384	20.8438	17264.9139	44.9607	9.4278	10.2376	15.5167
121	15.788	8567.3712	70.8047	6.5206	8.8957	11.2964
131	20.3332	9422.5032	71.9275	6.8235	10.3821	16.0963
628	31.268	30916.9842	49.2309	9.6422	17.8735	23.7751
322	22.6582	17205.4216	53.433	8.6795	9.6012	18.5978
333	34.4661	20641.9519	61.9878	6.8017	8.5898	32.6782
320	19.22	14677.0838	45.8659	9.1322	10.3727	13.3574
308	19.6865	14215.2018	46.1533	8.0285	10.1629	14.8263
138	18.2485	9586.9419	69.4706	6.2279	6.9142	15.6976
249	23.1664	13576.0117	54.5221	6.462	8.7022	20.4743
517	54.9526	37772.938	73.0618	8.1336	34.2007	42.2368
465	58.0569	33419.0895	71.869	7.2997	12.2188	56.2852
232	20.8002	13576.4549	58.5192	7.1746	8.2863	17.678
87	13.0714	5595.6583	64.3179	5.1613	6.339	10.2
728	30.4643	40534.0526	55.6786	14.2626	16.031	21.6254
75	12.5436	5273.2313	70.3098	4.5996	6.9686	9.3608
245	22.0598	13564.0749	55.3636	7.1824	8.2902	19.1395
441	25.4588	23560.4676	53.4251	10.1978	12.7403	19.5408
164	19.7171	10710.0362	65.3051	7.006	7.9543	16.6255
98	27.9038	9537.1113	97.3175	4.1141	9.5687	25.887
1144	56.3559	52637.1007	46.0115	10.66	19.6575	51.7295
213	17.0598	10143.342	47.6213	7.323	7.9205	13.2165
401	33.5523	22646.7966	56.4758	7.792	10.4068	30.9312
395	21.1717	18231.1952	46.1549	9.336	13.0512	13.8112
665	101.8059	42227.897	63.5006	7.4404	13.4784	100.635
312	21.1468	17206.9961	55.1506	7.9432	11.9075	15.5661
74	11.3773	4869.5413	65.8046	5.3403	6.6162	7.5598
207	22.0251	13339.0178	64.4397	7.0342	8.9233	18.868
164	17.5052	9783.4684	59.6553	6.2201	9.3406	13.4348
346	21.0796	16594.0223	47.9596	8.6492	10.3143	16.2222
330	19.1879	15251.1102	46.2155	9.0753	10.9206	12.9056
416	22.1458	19730.6331	47.4294	10.0632	12.9283	14.9007
32	11.9515	3265.1967	102.0374	3.0604	4.5178	10.633
187	16.2226	10347.4002	55.3337	8.1656	9.22	10.5588
267	19.2636	14355.7708	53.7669	8.1257	11.6636	13.0007
257	20.7889	14083.4775	54.7995	7.6931	10.0492	16.4926
244	28.4588	23924.5725	98.0515	11.4321	17.6903	19.138
396	46.1017	25860.6526	65.3047	7.9182	10.283	44.2372
352	27.2509	19899.5511	56.5328	7.4777	9.9131	24.2575
463	31.9939	24052.5866	51.9494	8.5834	9.7572	29.2358
573	25.0757	26821.951	46.8097	11.4822	13.4725	17.7608
53	14.8199	4967.5449	93.7273	4.7409	5.3848	12.9676
87	15.9307	7128.3529	81.9351	3.9255	8.0722	13.1612
363	19.2576	14917.9961	41.0964	9.7582	10.8316	12.582
219	17.2351	11539.4067	52.6914	8.6374	9.5902	11.4225
133	15.5637	9116.2988	68.5436	6.7986	7.4705	11.8406
643	34.5173	39449.5198	61.3523	14.4401	18.5583	25.2688
343	30.4812	17893.2846	52.167	8.6243	9.5257	27.6403
398	21.837	16561.0286	41.6106	6.622	13.9791	15.4138
647	35.6813	36029.5423	55.6871	13.0894	16.103	29.0261
247	19.2463	13449.5234	54.4515	7.0409	9.8314	14.973
296	22.0805	16693.466	56.3968	8.4132	10.7657	17.3455
120	18.27	8967.6384	74.7303	5.0059	9.4139	14.8362
240	17.9661	12195.0147	50.8126	8.0888	9.2951	13.0749
462	22.1506	20012.227	43.3165	9.2107	12.6556	15.6731
396	24.2885	17728.196	44.7682	8.7366	10.3466	20.1631
649	29.9735	30977.8006	47.7316	9.1268	16.82	23.0694
256	22.6749	14282.6716	55.7917	7.3846	8.712	19.5888
255	25.0961	18032.5251	70.7158	8.9709	9.335	21.4987
234	24.0209	14164.126	60.5305	8.204	10.3616	20.0583
282	18.7056	14537.3028	51.5507	9.2408	10.3787	12.5215
523	62.0235	37872.6611	72.4143	10.5438	17.2982	58.6218
308	20.8114	15547.4252	50.4787	8.3491	11.3755	15.2973
846	58.2033	50874.7766	60.1357	10.9397	11.7651	55.9422
644	28.0503	33175.0835	51.5141	12.3231	14.9908	20.2542
284	21.7086	16708.842	58.834	8.189	11.9968	16.1332
158	15.4305	8994.5296	56.9274	7.3397	7.4986	11.3138
321	23.5233	17246.9982	53.729	7.574	14.5395	16.8695
138	21.2113	9765.0669	70.7614	6.2461	9.7692	17.7614
142	34.2027	11531.7856	81.2098	4.0455	5.4777	33.5179
231	37.9692	22327.3533	96.6552	8.7516	10.0911	35.5421
139	21.3093	9896.2678	71.1962	5.5899	8.1179	18.8928
283	23.5009	17429.8566	61.5896	9.2239	11.4822	18.3131
234	22.6027	14897.228	63.6634	8.3795	8.7903	19.063
239	19.704	14337.1639	59.9881	8.9296	10.1065	14.3656
302	18.693	13387.9282	44.3309	8.175	10.5613	13.0789
255	17.1097	11515.767	45.1599	8.289	10.2849	10.8746
783	37.497	44898.2416	57.3413	11.2367	23.0073	27.3938
129	14.3134	7861.5843	60.9425	6.0075	7.9149	10.3023
348	19.4464	14476.1286	41.5981	9.0291	10.8387	13.3851
191	20.8474	12677.5859	66.3748	8.5744	9.1065	16.6783
472	45.7623	35931.2542	76.1255	9.1268	13.7856	42.6714
210	17.6886	11771.8494	56.0564	7.6829	10.3547	12.1095
87	28.2249	10135.9122	116.5047	4.2929	8.6159	26.5327
241	19.1661	12446.8282	51.6466	6.9229	9.1997	15.3225
613	25.839	27386.6977	44.6765	10.5088	13.799	19.1521
292	19.4591	13943.0659	47.7502	8.368	9.4713	14.7963
248	17.0568	11554.4364	46.5905	8.1655	10.3385	10.8339
90	14.1734	6601.078	73.3453	4.9958	7.3153	11.064
227	29.9941	22978.0951	101.2251	11.861	18.1907	20.6896
138	21.0869	9407.7753	68.1723	6.0962	9.2973	17.9179
380	24.0295	21750.8846	57.2392	9.2294	11.7514	18.8187
472	30.7225	24771.4554	52.4819	9.5392	12.4034	26.4392
281	19.4384	13915.2319	49.5204	8.2698	10.2737	14.2798
362	24.8357	18534.5371	51.2004	8.3198	11.4749	20.3941
390	46.9285	27448.5957	70.381	7.9583	12.0192	44.6597
495	22.439	19684.6931	39.7671	9.289	12.1411	16.4261
244	25.5922	17673.1305	72.4309	8.9296	14.2662	19.2794
105	14.284	6904.1627	65.7539	5.5382	6.3019	11.5606
327	23.9033	16361.0657	50.0338	7.6429	8.796	20.8706
343	21.2235	16055.3934	46.8087	8.2214	10.2765	16.6505
275	21.6284	15837.936	57.5925	7.8693	9.8959	17.548
233	19.7333	12630.1457	54.2066	7.8353	9.5334	15.3989
252	17.0913	11532.1102	45.7623	8.9036	9.9694	10.6512
1496	32.4762	52785.9013	35.2847	16.0017	19.1986	20.738
59	23.9832	6343.9407	107.5244	3.3762	8.4751	22.1804
657	29.1694	35527.052	54.0747	14.0027	14.7438	20.914
102	15.1386	7212.0768	70.7066	4.1998	9.2704	11.2071
126	14.8902	7316.2862	58.0658	6.3533	7.4967	11.1872
567	30.0011	36183.6758	63.816	11.0851	16.3588	22.5738
358	22.8756	17880.6337	49.9459	8.0273	9.5946	19.152
200	27.8073	14933.0521	74.6653	6.3581	12.033	24.2493
390	21.4448	17444.548	44.7296	9.2409	12.3338	14.9118
1250	36.5857	56716.1753	45.3729	14.7037	18.6538	27.8272
417	27.6981	27627.5164	66.253	9.668	16.3652	20.1468
260	19.1635	12882.0919	49.5465	7.693	12.0014	12.8072
220	27.4344	14914.7762	67.7944	6.7522	10.93	24.2402
185	26.8238	13574.1947	73.374	6.8804	12.4674	22.7319
43	19.0999	4703.3486	109.3802	2.6809	2.9629	18.6773
694	27.5174	31390.7149	45.2316	12.2428	13.3262	20.73
258	19.041	13016.0356	50.4498	7.5777	10.208	14.1752
823	34.4073	41615.0808	50.5651	11.4619	12.8749	29.7779
297	29.9726	22338.1604	75.2127	7.6135	13.4919	25.6585
599	26.1616	27982.4353	46.7153	11.2744	14.2716	18.8052
264	23.5678	15095.9578	57.1817	7.5142	8.0423	20.8398
338	21.7554	17328.3437	51.2673	8.2473	11.0992	16.7954
917	38.3887	40954.8666	44.6618	10.1794	15.5895	33.5714
75	20.0178	7200.8558	96.0114	4.2067	5.0104	18.9186
368	22.0542	17718.5842	48.1483	8.8934	11.1169	16.8436
462	29.9161	26357.0376	57.0499	8.9412	15.2985	24.1036
268	23.6326	19192.1805	71.6126	8.3523	11.056	19.1442
140	15.1437	8408.1332	60.0581	6.5093	7.2969	11.5636
204	19.2661	11384.3934	55.8059	6.5491	8.1184	16.1982
317	19.2401	15123.297	47.7076	8.7068	10.0921	13.8753
366	21.6344	19580.889	53.4997	9.4516	12.3091	15.0731
340	21.9839	19123.1293	56.2445	9.9555	10.2077	16.7327
394	21.4992	19143.3472	48.5872	9.8543	12.279	14.6402
228	18.7446	12778.1782	56.0446	7.9498	8.3459	14.7819
280	23.7149	19288.804	68.8886	8.4333	13.7609	17.3757
319	20.7552	15640.9444	49.0312	8.7038	9.5513	16.2417
435	35.0734	26945.5716	61.9438	8.766	14.4732	30.7218
138	17.2583	10067.1859	72.9506	6.5959	7.3061	14.1761
211	16.5484	10666.0035	50.5498	7.6366	8.993	11.6043
273	35.4404	20502.2555	75.0998	10.5697	13.9808	30.8032
736	45.7919	47638.2232	64.7258	16.9416	23.0188	35.7772
342	21.5156	16721.1712	48.8923	8.444	9.7359	17.2288
164	24.321	12730.4466	77.6247	5.6519	10.0474	21.4154
145	18.9593	8929.9974	61.5862	7.6549	7.9464	15.4179
533	29.9998	24112.28	45.2388	9.1147	11.9308	25.9724
224	20.2434	13374.1931	59.7062	6.5206	11.0209	15.6785
241	21.2309	13812.4607	57.3131	7.5775	9.3725	17.4783
201	16.8318	10666.1859	53.0656	7.7209	9.5777	11.4876
154	18.7717	9433.6541	61.2575	6.5423	7.676	15.832
258	19.6039	14236.627	55.1807	7.4908	10.6559	14.651
373	20.8054	17137.8742	45.946	8.817	11.8951	14.6161
392	25.02	21411.8954	54.6222	8.4226	12.1275	20.1986
198	18.0256	10053.8094	50.7768	7.2173	7.7549	14.584
400	33.3999	28178.6418	70.4466	11.9635	12.5033	28.5674
152	25.68	10896.2835	71.6861	6.5493	7.692	23.6094
426	31.8347	28090.4339	65.94	10.5415	12.2112	27.4446
331	23.5006	17638.5827	53.2888	7.4979	10.5756	19.6015
528	29.2937	30805.5013	58.3438	9.816	12.4209	24.6473
303	19.7029	15194.2358	50.146	8.1791	11.011	14.1444
507	46.2295	30419.9248	59.9999	6.9911	15.8111	42.8755
167	23.292	13510.6451	80.9021	6.1149	12.5148	18.6683
304	19.5891	14330.7437	47.1406	7.7635	10.9069	14.3004
424	21.6333	19502.0931	45.9955	9.6633	12.307	14.9385
129	32.5414	11406.9836	88.4262	6.9114	7.5383	30.8926
376	21.6143	17484.4136	46.5011	8.0759	12.212	15.9005
386	31.3863	20691.7489	53.6056	7.9144	11.7761	27.9962
368	23.3027	18946.5387	51.4852	8.1154	10.7909	18.9925
68	18.9239	6212.0693	91.354	2.8124	5.8899	17.7627
166	23.2928	12373.2326	74.5375	6.6076	10.1535	19.8948
371	23.8392	16913.2293	45.5882	8.3325	9.0134	20.4362
214	20.9003	13832.2104	64.6365	7.3128	8.5699	17.6041
117	16.6797	7596.7404	64.9294	5.2113	7.4706	13.973
181	18.1834	11349.1464	62.7025	7.1803	8.5189	14.3704
445	21.9165	19138.2574	43.0073	10.0924	12.4945	14.9119
160	15.5667	9560.9294	59.7558	6.8934	8.5417	11.0382
623	50.3147	36170.2497	58.0582	8.2422	19.2774	45.7386
570	34.1479	35647.779	62.54	10.704	13.4663	29.4985
175	16.9684	10253.5089	58.5915	7.16	9.2499	12.2922
324	19.4857	15761.8459	48.6477	9.4307	10.3428	13.5565
543	34.6998	31531.2537	58.0686	9.6959	11.8689	31.1319
280	18.8255	14164.8407	50.5887	8.8718	9.9266	13.3099
390	22.0652	19995.3642	51.2702	9.4578	11.8428	16.0366
192	16.0769	9967.2315	51.9127	7.5464	9.326	10.7025
230	17.515	12734.3448	55.3667	7.5079	10.7515	11.6108
253	21.0946	14802.7154	58.5088	7.1944	12.124	15.6918
408	23.2073	20182.2773	49.4664	7.848	13.5049	17.164
116	24.3029	10158.8319	87.5761	7.0674	9.6011	21.1779
396	31.2159	20476.5212	51.7084	7.9179	11.6586	27.8535
358	20.9935	15755.7086	44.0104	7.3957	12.4065	15.2352
237	21.9897	14338.7938	60.5012	6.7728	9.1717	18.8031
348	23.0199	17123.6321	49.2058	8.1439	13.2614	16.9625
285	18.8185	12956.2279	45.4604	7.4528	10.3254	13.8557
508	31.9523	26175.3226	51.5262	8.6644	12.9474	27.8971
193	17.045	10767.9242	55.7924	6.9029	8.4785	13.0766
450	27.934	24661.6217	54.8036	9.694	13.1361	22.6666
281	26.1117	16080.842	57.2272	7.4963	10.3011	22.7928
353	19.9826	16210.1309	45.9211	9.3887	11.1104	13.7009
304	23.1961	15959.6553	52.4989	8.3466	11.9233	18.0617
171	63.0623	16425.4184	96.0551	4.263	8.4869	62.343
231	21.2771	14594.9252	63.1815	6.9483	8.7988	18.0836
164	16.9609	10998.2305	67.0624	7.4512	8.8278	12.4187
202	17.9022	12031.3007	59.5609	7.9015	9.9527	12.6094
460	26.5077	27557.2321	59.907	8.8465	14.2999	20.4917
367	45.0268	24030.1743	65.4773	9.0962	12.008	42.4321
373	33.3797	28014.6146	75.1062	8.0272	16.8316	27.6851
233	35.2797	16240.1145	69.7001	6.8567	10.0499	33.1156
151	14.3122	8046.4245	53.2876	7.3127	8.4799	8.9137
215	24.9547	15181.3026	70.6107	5.4498	14.189	19.7916
421	24.4294	24042.0326	57.107	10.3014	11.2098	19.1054
439	21.4722	19187.5091	43.7073	10.1511	12.231	14.4366
395	20.608	18349.2955	46.4539	9.2667	12.506	13.5063
713	29.1392	32425.6459	45.4778	10.4916	14.5108	22.9881
264	26.6569	20818.5056	78.858	9.6894	14.4618	20.1882
365	21.1713	18590.3532	50.9325	10.5619	11.9207	13.9489
334	19.4383	14989.3318	44.8782	9.0583	10.4489	13.6608
117	15.1895	7785.264	66.5407	6.537	7.7958	11.2789
183	24.3651	13331.0318	72.8472	6.8605	8.7246	21.6904
70	15.6592	6302.2237	90.0318	5.4458	7.6221	12.5482
73	11.3059	5023.9346	68.821	5.7266	6.5653	7.206
820	46.7639	51198.0469	62.4366	13.1928	15.6464	42.0477
560	23.9509	23234.0777	41.4894	9.6399	12.4885	18.0209
332	20.8303	17507.3186	52.7329	9.6544	11.8236	14.1737
223	18.9021	13013.8317	58.358	7.22	8.8176	15.0802
183	17.3199	9885.4664	54.0189	6.9158	7.812	13.8247
359	21.5799	17554.3399	48.8979	8.6956	10.5904	16.671
261	17.824	12521.5987	47.9755	7.7631	9.8772	12.644
791	52.9496	44170.6613	55.8415	10.9128	16.3059	49.1802
520	25.8321	24479.9232	47.0768	9.2739	12.9846	20.3148
984	36.3891	56414.4454	57.3318	13.4966	20.9083	26.5491
352	19.2071	15423.2314	43.816	9.8216	11.2517	12.0768
364	31.2421	22014.5582	60.4796	8.44	13.2879	26.9864
709	40.992	39889.0966	56.2611	11.8138	14.2318	36.5818
312	37.7692	29059.4035	93.1391	10.8095	21.4699	29.1326
278	32.203	20084.0979	72.245	8.084	8.8249	29.8965
486	37.1368	28677.6731	59.0076	7.2008	14.2283	33.5387
428	21.2448	17461.0657	40.7969	9.3918	10.226	16.08
96	18.9838	7317.7979	76.2271	5.4292	6.2408	17.0869
192	18.7367	13807.9297	71.9163	7.3758	11.1877	13.0957
458	23.6137	22372.7724	48.8488	9.5987	12.4421	17.6258
253	18.6041	12705.8356	50.2207	8.037	8.9407	14.198
416	29.0623	27870.4347	66.9962	9.9649	16.2381	21.9463
1200	37.5587	60816.2086	50.6802	16.9852	19.3484	27.3458
427	22.8527	19692.4623	46.1182	9.0809	12.8615	16.5639
183	18.8293	11040.3936	60.33	6.7237	10.2408	14.299
37	9.4031	3150.2952	85.1431	4.1887	4.9149	6.835
109	14.0137	7161.3504	65.7005	5.8185	6.7816	10.7953
415	24.0977	19363.567	46.6592	8.2171	10.4355	20.1066
181	16.3319	9991.6578	55.2025	7.4795	8.3949	11.8454
253	18.7502	13537.5601	53.5081	7.1048	11.0309	13.3945
305	23.1121	16273.1317	53.3545	7.2887	9.7168	19.6628
81	16.4249	6326.9246	78.1102	4.0251	6.9646	14.3203
445	22.9857	19948.0663	44.8271	9.8428	10.1567	18.1192
46	20.6334	5254.0702	114.2189	2.6836	2.8563	20.2577
428	22.0943	20040.6247	46.8239	9.9627	11.379	16.1065
372	26.4737	20211.0462	54.3308	9.1967	10.4398	22.5231
253	17.2835	11444.3527	45.2346	8.6853	10.4277	10.7027
219	21.1266	12601.1407	57.5395	5.7118	10.1383	17.633
924	26.9381	32993.1403	35.7069	13.7969	14.4716	18.0522
627	49.2543	42206.5257	67.315	11.4273	17.1834	44.7228
235	17.0305	11538.36	49.0994	8.1454	9.1916	11.7985
187	25.1085	14806.5066	79.1792	8.4136	14.2294	18.899
180	16.15	9735.2784	54.0849	7.4658	8.448	11.5635
262	20.0372	14613.9198	55.7783	6.9558	10.8581	15.3365
357	28.6344	20798.5282	58.2592	6.9498	11.8336	25.1315
642	46.9938	36433.722	56.7503	11.1432	25.829	37.6446
63	21.6992	7810.4131	123.9748	6.1436	10.2646	18.1038
665	25.1337	29072.7674	43.7184	10.9396	15.0813	16.8696
161	16.3248	10707.2028	66.5044	7.3097	9.7031	10.905
605	30.1155	35358.6513	58.4441	14.0582	14.9578	22.0358
45	16.7037	4888.2701	108.6282	5.4254	6.3303	14.4743
615	27.6497	28545.6968	46.4158	9.8348	12.513	22.6099
453	21.1336	17797.0632	39.2871	9.5151	12.4687	14.1642
220	18.5078	11894.0745	54.064	7.7087	9.3418	13.9945
107	26.3272	9176.8143	85.7646	3.7197	8.4896	24.6417
398	42.6123	30322.187	76.1864	10.8233	12.1964	39.369
300	22.5643	16736.7102	55.789	8.2828	10.5578	18.1404
115	13.8087	6998.2855	60.8547	6.2273	7.1092	10.0678
294	19.5299	14703.9634	50.0135	7.6676	11.6009	13.713
201	20.531	12789.8919	63.6313	6.911	9.3858	16.9018
49	25.0556	6059.1405	123.6559	2.9231	4.7396	24.4289
453	22.1273	21311.1088	47.0444	9.9621	13.3635	14.5531
79	25.9972	9016.9788	114.139	6.4092	12.1192	22.0885
374	27.3954	23209.2127	62.0567	7.3929	15.3317	21.4661
68	29.6756	7326.6232	107.7445	2.7555	3.4804	29.3417
572	45.5842	28544.8121	49.9035	8.3441	9.2456	43.8499
347	22.4014	18697.3987	53.883	9.1251	12.5057	16.1914
266	18.1483	13128.2963	49.3545	8.2767	9.4054	13.13
389	20.6537	17126.8707	44.0279	8.99	12.2691	13.9722
306	18.965	13152.7516	42.9828	8.6054	10.0141	13.6138
343	30.0785	17337.4695	50.5466	8.0251	9.4077	27.4191
226	17.0592	11116.92	49.1899	7.5112	9.7578	11.8061
233	19.7475	13589.1756	58.3226	7.7627	8.7426	15.9145
271	27.2273	19064.7462	70.3496	8.7971	12.676	22.4334
109	25.7397	10400.9063	95.4212	3.344	10.2392	23.3775
492	26.7735	21893.3381	44.4987	9.0147	11.2337	22.569
200	17.376	11942.967	59.7148	7.2668	9.9415	12.2591
382	21.3635	19296.7563	50.5151	9.7151	13.0148	13.8792
361	20.6873	18427.2311	51.045	10.7614	11.4445	13.4603
185	24.8077	12087.904	65.34	5.1739	8.7858	22.6155
619	48.0174	36815.0994	59.4751	7.9016	23.5849	41.073
231	17.7747	11539.3856	49.9541	7.1895	9.8619	12.9226
298	19.5021	15717.0268	52.7417	9.3177	11.2708	12.9027
172	15.4615	9202.9922	53.5058	7.7948	8.3921	10.3861
247	31.5839	20685.3151	83.7462	8.716	13.6962	27.0922
147	16.8453	9060.7569	61.6378	5.5012	8.5636	13.4226
309	20.6308	15407.3967	49.8621	8.0579	9.8273	16.2519
236	18.5492	12915.3956	54.7263	7.5307	9.8266	13.813
215	21.6423	14935.06	69.4654	7.3568	12.1838	16.304
312	19.903	16538.8795	53.0092	8.5922	11.7901	13.5388
412	26.6546	21999.2043	53.3961	8.2411	15.2921	20.2164
220	29.8625	15770.5202	71.6842	7.8033	7.9742	27.7
294	43.2115	24182.2825	82.2527	13.0689	20.5758	35.6801
158	21.0317	10627.7572	67.2643	7.4677	7.9397	17.9868
131	15.0352	8177.776	62.4258	6.1703	8.63	10.6541
209	19.0102	12215.4777	58.4473	6.5398	9.7652	14.9419
282	19.3406	14107.0158	50.0249	8.2905	9.7227	14.5188
458	30.5392	26519.5752	57.903	10.4342	10.4798	26.7197
298	19.5209	15055.1088	50.5205	8.4522	10.8206	13.876
176	16.0279	10487.1971	59.5863	7.1507	9.7259	10.5436
231	17.4951	11795.6511	51.0634	7.1243	9.5952	12.7771
130	18.0796	9932.5714	76.4044	6.9641	9.9215	13.4141
175	23.997	12787.9233	73.0738	6.9076	8.7725	21.2411
508	30.4925	24558.6921	48.3439	9.1783	9.7927	27.3798
612	35.7691	32214.8531	52.6386	11.2553	14.1515	30.8623
62	15.3415	5862.0932	94.5499	3.5885	5.4668	13.878
69	15.1904	5358.3713	77.6576	4.691	5.8151	13.226
132	14.2787	7792.8264	59.0366	6.5408	7.4986	10.2406
178	19.2313	11412.0587	64.1127	6.1467	9.1559	15.7554
162	15.3347	8768.4104	54.126	7.487	8.4491	10.3785
274	23.7704	16634.8985	60.7113	7.1034	12.857	18.6888
870	37.7612	41407.7172	47.5951	10.0769	19.4247	30.7742
174	27.5164	14343.8579	82.436	7.4953	11.165	24.0066
444	34.4622	29588.2935	66.6403	8.4253	17.956	28.1823
400	22.969	18159.4761	45.3987	8.5697	10.5148	18.5358
209	16.3153	10336.2979	49.456	7.9098	8.7086	11.3042
137	23.3336	9822.5864	71.6977	5.6408	8.1156	21.137
127	31.1553	10107.8253	79.5892	5.2699	5.6358	30.1847
402	23.1107	18907.7896	47.0343	8.879	11.0432	18.2569
93	16.6369	7795.3392	83.8209	5.8797	7.8448	13.4415
93	15.2399	7216.0002	77.5914	5.645	7.199	12.1886
230	25.2661	15343.5639	66.7111	7.7126	8.3547	22.563
520	25.7957	25152.6325	48.3704	8.8213	15.7292	18.4443
266	22.7249	16463.439	61.8926	7.6887	12.191	17.5694
167	17.435	9506.0435	56.9224	6.1415	7.1561	14.6646
93	16.6178	7222.2622	77.6587	4.431	7.4172	14.1951
347	25.261	22148.3696	63.8282	9.9548	10.0346	20.9363
336	23.9269	23352.7408	69.5022	10.3284	13.3515	16.9575
213	32.1726	19032.0242	89.3522	9.3655	15.966	26.3144
492	37.111	28858.2383	58.655	8.6353	13.8164	33.3431
1243	36.6572	59745.2648	48.0654	15.0951	23.5443	23.6972
149	16.1896	8752.7451	58.7433	5.4878	8.4794	12.6525
632	27.6772	25047.3367	39.6319	10.1784	11.7747	22.8863
342	19.9956	15566.7444	45.5168	9.2953	9.9086	14.6711
121	32.2369	11835.3839	97.8131	5.902	11.8245	29.4035
265	22.6134	15400.2821	58.1143	8.8654	9.8384	18.3296
594	29.4767	29284.0348	49.2997	9.7229	12.8792	24.6671
76	11.6989	5225.1033	68.7514	5.2871	6.538	8.1341
242	20.2338	15667.239	64.7407	9.7408	12.03	13.0309
141	17.2735	9967.7856	70.6935	6.3765	7.8533	14.0014
231	17.5242	11418.7098	49.4316	7.7913	9.5833	12.432
150	17.9977	9314.902	62.0993	5.2546	7.646	15.4222
191	18.387	10837.3706	56.7402	7.639	8.8018	14.2216
422	23.6981	22012.4554	52.1622	9.795	13.7521	16.6294
328	19.1398	14024.8618	42.7587	8.585	10.0378	13.8517
857	38.9519	45965.1591	53.635	13.5966	18.4921	31.4711
81	12.5962	5517.3524	68.1155	5.3265	6.6446	9.2812
286	19.1334	13182.245	46.0918	7.4423	10.376	14.2492
258	17.9744	12515.8345	48.511	8.0988	9.8431	12.6729
59	11.8647	4803.4482	81.4144	4.7968	5.776	9.1869
291	19.0239	14679.6735	50.4456	8.4266	10.676	13.3012
256	18.4559	13067.4411	51.0447	8.7448	9.3846	13.2695
251	33.2886	21403.7884	85.2741	7.16	18.5847	26.6735
481	24.8147	22788.434	47.3772	10.657	14.6453	16.9621
294	18.5484	13680.3121	46.5317	8.2955	10.5947	12.7663
724	40.1197	44277.1737	61.1563	13.7454	15.1556	34.5104
274	19.5934	13660.6548	49.8564	7.7749	9.2017	15.4525
178	15.8366	9367.6498	52.6272	6.7022	8.821	11.3167
454	22.2436	20760.217	45.7274	9.3672	12.0821	16.1573
67	28.1158	6977.8576	104.1471	3.3476	4.5596	27.5409
129	24.6956	11679.1143	90.5358	6.437	8.4101	22.3094
364	22.3119	17850.3118	49.0393	8.4676	9.9293	18.0977
125	19.9463	9609.064	76.8725	5.7795	10.8473	15.7095
102	20.9205	9530.6968	93.4382	5.6548	10.7195	17.0524
201	17.558	10467.5576	52.0774	7.5489	10.2099	12.1266
257	20.6971	13810.0402	53.7356	8.5989	10.3679	15.7142
218	21.7743	14284.4408	65.525	8.1522	12.1115	16.1547
773	43.9089	42794.7791	55.3619	12.3807	15.7209	39.0841
357	23.8	20058.7899	56.1871	8.5359	14.8534	16.5214
268	36.4031	18465.3631	68.9006	6.9833	9.2574	34.5068
356	22.2421	18701.4845	52.5323	9.5257	13.4441	14.9408
210	28.8493	15738.2067	74.9438	6.6556	9.0998	26.5551
419	21.0573	19211.2848	45.8503	9.2845	11.7872	14.774
659	103.56	41466.8405	62.9239	7.27	12.0698	102.597
408	27.2313	22026.1751	53.9857	9.7099	10.194	23.3098
355	25.2183	18251.0065	51.4113	7.7649	10.9201	21.364
325	18.6984	14145.1555	43.5236	9.1205	11.037	12.0264
254	18.5806	12982.3085	51.1115	7.6723	9.0934	14.2718
54	14.4954	6553.4853	121.3608	5.4735	6.9645	11.4741
82	18.2917	7951.9838	96.9754	6.3033	7.1432	15.6151
509	40.4067	34496.1956	67.7725	9.8806	17.5668	35.0212
226	22.4696	18011.4292	79.6966	8.9184	10.5205	17.7388
199	16.184	10653.7933	53.5366	6.8542	10.2323	10.4995
466	32.0426	25272.4683	54.2328	8.097	12.5645	28.3425
385	23.8305	19433.5916	50.4769	9.3345	10.3426	19.3336
582	31.2506	30295.1746	52.0536	9.0881	14.1373	26.3466
120	14.8689	7545.488	62.8791	5.3152	8.2944	11.1372
248	34.1804	25944.8946	104.6165	12.8417	19.5214	24.946
195	45.9249	17973.7429	92.173	5.0578	16.043	42.7333
696	27.0388	32510.1461	46.71	12.2412	14.0834	19.568
64	10.8089	4360.7354	68.1365	5.188	6.1152	7.2472
243	16.9335	11463.6321	47.1754	8.172	10.086	10.8736
319	22.9503	19680.9311	61.6957	8.5097	12.5407	17.2347
335	19.006	14875.5084	44.4045	9.5782	10.3012	12.7817
384	24.5038	19798.6543	51.559	8.4982	10.5724	20.4069
303	24.1921	19061.2801	62.9085	9.2691	12.8202	18.3025
226	22.9024	13118.3434	58.0458	7.4815	7.7527	20.2099
242	18.4553	12146.3346	50.1915	7.0781	10.2593	13.6106
380	21.8519	19201.1323	50.5293	10.0224	12.7631	14.6342
255	17.1962	12006.3741	47.0838	8.2543	9.7512	11.5105
238	23.6229	16761.0388	70.4245	8.5471	9.4806	19.8772
117	25.7496	10015.7235	85.6045	5.4236	6.3885	24.3478
93	26.0154	9544.6137	102.6303	3.9673	9.8451	23.7515
386	24.5514	20874.8563	54.0799	8.3612	12.3188	19.522
90	21.9995	7497.5059	83.3056	4.6451	5.199	20.8655
220	21.8832	12813.469	58.243	7.0421	8.5504	18.8725
323	19.2906	15054.3785	46.608	8.8623	10.0612	13.8693
433	26.0974	25696.3628	59.3449	11.3529	15.9962	17.2135
100	18.914	7432.9741	74.3297	5.2102	7.1894	16.7005
216	23.5739	13091.9007	60.6107	6.8558	8.6432	20.8332
430	33.3007	23810.3883	55.373	7.8093	10.7911	30.5205
289	18.6242	12337.3243	42.6897	7.5017	9.6411	14.0582
205	19.2672	14577.3726	71.1091	8.5416	9.5491	14.3902
147	16.7903	9063.4709	61.6563	6.0658	7.6735	13.6468
709	27.5242	34969.307	49.322	12.9358	14.4255	19.5488
147	18.406	9888.4368	67.2683	6.2017	9.1035	14.746
106	14.3034	7268.4312	68.5701	6.3657	6.7214	10.9035
556	61.7463	39952.8842	71.8577	8.6822	11.8173	59.9797
199	16.2291	10445.0288	52.4876	7.3362	9.9444	10.5201
278	37.1035	30167.3611	108.5157	15.7356	18.3348	28.1584
383	23.6891	16750.59	43.7352	8.8338	10.2066	19.467
41	18.4319	4586.4548	111.8648	2.7574	2.9056	17.9913
171	22.9035	11119.0691	65.0238	5.3903	8.3826	20.6215
235	17.5382	12215.6826	51.9816	7.658	9.873	12.3071
358	20.4945	15894.4172	44.3978	9.0057	9.6238	15.6941
267	22.1126	14265.1647	53.4276	7.8271	9.1675	18.538
162	19.0162	10155.7435	62.6898	6.6104	8.3056	15.7777
73	16.938	6271.0493	85.9048	4.1606	8.6857	13.9336
538	25.372	28421.9909	52.829	11.295	15.4246	16.6806
241	19.293	12817.2611	53.1837	7.4246	8.7333	15.5185
495	22.8404	20223.9228	40.8564	9.6958	11.7615	17.01
212	27.5601	13915.3273	65.6383	6.4506	9.8869	24.9037
239	21.5424	17945.7812	75.087	8.9487	9.7681	16.9876
788	37.9751	44296.4178	56.2137	10.7027	16.2136	32.6294
159	17.9368	9171.8565	57.6846	5.822	7.2244	15.3506
198	20.9704	13072.125	66.0208	6.9757	8.4288	17.8901
87	17.6687	7012.1329	80.5992	4.5419	5.488	16.169
357	23.9286	17644.179	49.4235	8.1562	9.9244	20.1881
393	22.6033	19666.8713	50.0429	9.1963	11.1275	17.3931
270	25.7594	16458.5309	60.9575	6.5545	10.3241	22.6715
241	21.6176	15144.5167	62.8403	7.0929	13.9109	14.9498
410	21.5959	18827.1481	45.9199	9.3982	12.0584	15.2529
247	19.8549	14409.7798	58.3392	9.047	9.2684	15.0487
194	23.647	11241.7927	57.9474	6.0363	6.8006	21.8288
215	23.3783	14835.6984	69.0032	9.5448	11.1487	18.1975
364	21.398	17971.4083	49.372	9.4429	9.9582	16.4177
308	19.4951	14717.1618	47.783	8.589	10.2898	14.1565
601	35.6312	30678.5258	51.0458	9.285	13.6904	31.5586
279	23.6198	17795.062	63.7816	9.5529	13.3447	16.987
273	19.7806	15355.6844	56.2479	8.519	9.4729	15.1315
126	14.4631	7985.5046	63.377	5.8469	8.5065	10.1309
262	18.4464	12616.3863	48.1541	7.8259	9.2162	13.9314
321	21.6275	18973.8976	59.1087	9.0442	12.5925	15.0792
474	25.2837	25975.0349	54.7997	9.8658	14.8746	17.9075
74	12.479	5394.6492	72.9007	4.5004	7.504	8.8973
171	31.0675	15851.1033	92.6965	8.878	15.7763	25.2483
355	24.4538	19538.7945	55.0389	8.2598	11.3204	20.0403
162	30.2658	16199.9337	99.9996	7.3709	14.509	25.5181
180	16.268	9059.8043	50.3322	6.8026	7.6646	12.6343
63	11.5514	4790.7583	76.0438	5.4632	5.7522	8.3965
217	17.4693	10868.714	50.0862	7.398	9.164	12.9022
335	20.7665	15181.6588	45.3184	7.3339	11.002	16.013
258	21.0356	17033.2661	66.0204	7.6563	12.0015	15.4868
256	30.7951	15440.5045	60.3145	7.1076	9.8203	28.3087
380	24.6219	19839.6771	52.2097	9.2794	12.1599	19.2943
261	17.7295	12458.2179	47.7326	8.6985	8.8393	12.6704
74	26.1382	8843.1325	119.5018	4.1471	10.6946	23.4869
133	15.9444	8592.5013	64.6053	5.7038	6.9769	13.1535
328	23.225	15630.6439	47.6544	8.4064	8.8053	19.7787
129	19.1662	8802.6959	68.238	5.9349	7.2573	16.7168
118	40.3796	11225.7656	95.1336	3.8042	5.1753	39.8655
104	15.0051	7068.8273	67.9695	4.0445	9.3552	11.0125
120	18.9253	9504.4314	79.2036	4.4269	9.0248	16.035
173	20.6496	12235.6228	70.7261	7.3209	7.6779	17.716
411	22.408	19653.3041	47.8183	9.739	10.8135	17.0393
381	19.8758	16031.264	42.0768	9.2557	11.2954	13.4831
165	15.11	8638.3469	52.3536	7.7332	8.4808	9.8278
103	13.3186	6622.1204	64.2924	5.3076	8.2716	8.9886
384	26.1431	20170.988	52.5286	8.6256	11.283	21.949
607	27.6306	27495.0631	45.2966	9.3817	16.0802	20.4171
432	25.4028	22490.1788	52.0606	8.3831	12.1292	20.6859
253	21.8328	14281.0211	56.4467	7.1009	9.8748	18.1312
115	16.8065	9251.8241	80.4506	6.0445	8.6812	13.0598
127	31.5352	13432.7106	105.7694	6.3938	14.9696	27.0093
402	21.8582	20420.4776	50.7972	10.7672	12.6723	14.1867
170	15.6607	9476.0876	55.7417	7.653	8.5829	10.6312
386	24.3921	21868.9007	56.6552	8.4877	15.2875	17.0066
245	21.9076	15813.9604	64.5468	6.5038	12.126	17.0471
113	13.5865	7064.6736	62.5192	6.4188	8.0589	8.8569
552	44.3027	35431.4725	64.1875	12.8841	16.3063	39.1259
263	27.2408	15275.3693	58.0813	6.6992	9.263	24.7261
664	35.1609	34745.5944	52.3277	10.4242	21.809	25.5341
112	22.1297	9221.8532	82.338	3.1078	9.8799	19.5563
269	19.1614	14496.4863	53.8903	8.8485	9.8988	13.8158
408	21.0012	19316.0755	47.3433	10.6081	11.6793	13.8604
177	20.404	13829.6254	78.1335	7.8507	9.7292	16.1255
607	33.0552	33730.0119	55.5684	9.3408	15.579	27.6168
1162	33.5401	45634.3742	39.2723	13.0394	16.088	26.3835
156	15.5091	9109.7147	58.3956	7.5377	7.9248	10.996
619	26.7099	27711.0529	44.7675	11.8407	15.6579	18.112
68	15.8045	5336.229	78.474	4.7565	5.7323	13.9391
308	20.9654	17185.3023	55.7964	8.4795	12.3257	14.6875
418	22.0059	19260.7907	46.0784	8.1583	12.8564	15.8875
302	23.927	16569.487	54.8659	6.8951	10.9511	20.1253
200	17.4864	10592.5317	52.9627	6.4861	8.0608	14.097
436	22.1046	19541.5249	44.82	8.9542	12.9474	15.5177
253	19.6232	13659.8312	53.9914	7.3	11.3073	14.2803
329	24.0927	17949.5356	54.5579	6.8693	11.3517	20.11
921	33.944	50809.3042	55.1675	15.4417	16.0585	25.61
258	20.4057	15540.3285	60.2338	10.6034	11.2686	13.3034
75	16.9584	6368.0701	84.9076	4.26	7.9136	14.381
358	20.5566	16729.5303	46.7305	9.6797	11.7072	13.85
249	19.014	12356.2455	49.6235	7.2852	9.1997	14.9607
85	13.323	6591.1166	77.5425	6.3173	6.6078	9.6918
57	25.0375	6013.4904	105.4998	2.658	3.3207	24.6735
480	95.5749	44449.17	92.6024	13.0381	14.6186	93.5461
301	20.0797	15143.2778	50.3099	8.8785	10.3134	14.7648
470	21.3978	19692.8671	41.8997	10.7619	12.8408	13.3103
268	29.9759	18750.5623	69.9648	6.2492	9.2049	27.8348
691	29.958	35726.3979	51.7025	12.6728	17.0102	21.155
157	17.9969	9647.4117	61.4485	6.5362	7.2743	15.108
446	28.4917	24025.401	53.8686	9.7434	11.1213	24.3549
342	31.5841	24959.6683	72.9815	8.6061	19.8297	23.0277
479	26.0568	25064.6267	52.327	10.0228	11.8663	20.921
662	102.9967	42939.2666	64.8629	7.7524	12.048	101.9954
114	20.6668	11205.6572	98.2952	6.0998	10.6152	16.6501
653	29.8093	31348.9313	48.0076	9.453	16.9681	22.6124
343	23.5749	20529.5241	59.8528	9.4246	13.5294	16.8496
57	15.3432	5099.9518	89.4728	3.5973	4.685	14.1606
486	26.1452	23150.2423	47.6342	8.6637	11.4449	21.8523
414	22.0223	18499.4936	44.6848	8.2875	13.4968	15.3015
410	24.0995	19412.6104	47.3478	8.6747	12.8526	18.4485
232	19.5583	13372.4891	57.64	8.7639	9.9702	14.3637
348	22.9439	17548.2093	50.4259	7.6848	12.1303	17.8947
250	37.9032	17457.5678	69.8303	5.6019	9.9181	36.1511
355	20.8343	17385.1967	48.9724	8.9611	12.5804	13.9821
83	26.1332	9335.8862	112.4806	4.8163	8.305	24.3058
190	22.5391	14098.3189	74.2017	7.2885	11.2035	18.1486
88	13.415	6504.1436	73.9107	6.0991	6.4804	10.0384
71	16.325	6683.5169	94.134	3.8022	6.6279	14.4263
428	25.8589	22014.0273	51.4346	10.1029	14.8614	18.5944
40	17.7174	4288.5448	107.2136	2.5971	2.8326	17.2956
519	28.2384	27885.8073	53.7299	8.1427	14.9192	22.5505
35	16.0104	3789.1827	108.2624	2.6506	2.7317	15.5514
325	19.4428	14988.2227	46.1176	9.4172	10.7393	13.1911
488	22.3815	20652.5505	42.3208	10.277	12.011	15.8446
340	28.1715	28782.1554	84.6534	11.9314	16.5282	19.4446
403	57.5228	28967.528	71.8797	8.8168	10.1088	55.9371
452	41.2787	31104.7636	68.8158	8.4673	14.7708	37.604
279	18.6322	13375.1214	47.9395	7.8526	10.3996	13.317
448	25.1635	23783.1307	53.0873	11.2964	14.0881	17.5247
199	19.3504	11626.0161	58.4222	6.0475	7.8168	16.6362
189	51.2991	15734.1011	83.2492	5.0685	6.1322	50.6785
412	26.0884	22430.8132	54.4437	10.0587	11.4647	21.1657
118	18.4158	9320.2559	78.9852	5.6573	9.7022	14.5947
104	12.3756	5500.2609	52.8871	5.9334	7.1924	8.1377
234	39.077	21363.8635	91.2986	6.38	12.4969	36.471
250	19.4381	13935.9298	55.7437	8.3018	10.5844	14.0318
445	26.2546	24460.8558	54.9682	8.8093	12.742	21.1977
59	25.522	6555.5525	111.1111	2.7654	4.116	25.0356
256	23.8099	14465.0142	56.504	6.6033	8.374	21.2881
272	22.4476	14762.3799	54.2735	8.1193	8.9369	18.9236
221	22.1031	13441.508	60.8213	8.2332	10.2244	17.7827
149	22.7039	11578.0688	77.7052	6.7154	10.4291	19.0159
643	36.2923	32420.6989	50.421	9.7077	10.7459	33.2779
327	34.6663	20284.4558	62.032	7.5327	8.6818	32.7053
250	17.676	11891.5348	47.5661	8.6013	9.2695	12.3505
623	31.8688	31791.7379	51.0301	12.4973	14.7955	25.3086
610	24.3005	27414.0762	44.9411	12.3701	13.7523	15.7598
57	24.9811	6417.7595	112.5923	2.7492	3.1096	24.6339
357	23.9017	19636.1285	55.0032	8.078	13.9589	17.6404
182	16.6961	9328.7428	51.2568	5.9205	10.4745	11.5755
71	13.8737	5977.4761	84.1898	5.0547	5.5606	11.6623
223	16.9302	11187.1029	50.1664	6.8584	10.2597	11.5902
207	21.2877	11614.4032	56.1082	5.8288	8.0481	18.8261
186	20.2158	11552.6532	62.111	6.5825	9.9463	16.3225
681	34.6985	32989.5994	48.4429	8.6741	12.75	31.0835
279	26.7727	15670.2551	56.1658	7.8656	10.4041	23.3809
130	14.2208	7259.5685	55.8428	7.3866	7.879	9.2515
86	14.302	6689.3661	77.7833	5.4495	6.498	11.5164
246	26.9222	17395.2207	70.7123	11.4898	14.9914	19.1845
392	21.1374	17554.1924	44.7811	9.1648	11.5832	15.1204
208	17.7628	11911.6716	57.2677	6.6302	9.9478	13.1377
294	28.6624	18578.1285	63.1909	6.4398	9.5361	26.2511
135	17.2782	9354.3367	69.2914	5.798	6.7591	14.8065
608	35.8333	32669.6499	53.733	10.5438	10.8079	32.4968
160	15.0068	8882.5964	55.5162	7.1874	8.5145	10.0523
297	22.4991	16249.3281	54.7115	9.1334	9.94	17.9996
182	16.3415	10018.2887	55.0455	6.7301	9.5686	11.4102
372	22.357	19384.4379	52.1087	9.3546	11.799	16.5261
296	55.1152	25279.54	85.4039	9.6804	14.6518	52.2427
602	29.8482	30669.652	50.9463	10.6092	17.1361	22.0161
312	20.874	15922.4451	51.0335	9.3191	10.4768	15.4634
208	18.0932	12108.6634	58.2147	8.0878	8.3116	13.8877
345	22.9884	18053.9176	52.3302	8.4913	10.8232	18.418
259	17.9135	13104.4925	50.5965	8.8771	9.1687	12.5709
295	19.363	15831.2783	53.6654	8.839	11.5606	12.7731
444	34.9321	31152.8444	70.1641	9.5027	17.7724	28.5323
510	30.261	26261.6157	51.4934	8.6945	11.8412	26.456
161	20.8984	11756.0707	73.0191	6.7354	9.7164	17.2328
150	18.5013	9445.1143	62.9674	5.367	7.1297	16.2068
456	36.3777	27776.7367	60.9139	8.8392	13.0212	32.7972
98	17.2078	7292.8189	74.4165	3.9565	7.0339	15.198
201	19.4042	12586.1769	62.6178	7.5686	10.4849	14.4675
571	23.6125	22733.2115	39.813	10.2829	14.2219	15.7972
439	28.165	27242.1222	62.0549	10.5197	15.7134	20.8733
372	20.6102	15961.773	42.908	8.8077	10.62	15.3108
418	21.5674	16928.4438	40.4987	9.4336	9.7618	16.7591
128	15.7785	8268.5748	64.5982	6.0158	6.7935	12.9081
119	20.938	11004.4832	92.4746	8.9075	12.4692	14.268
138	15.5211	8758.1204	63.4646	6.6059	8.2549	11.3632
310	19.702	16592.9425	53.5256	9.3598	11.7614	12.737
141	28.1495	12536.6187	88.9122	5.5188	15.5442	22.8105
523	24.8745	25575.0199	48.9006	10.1869	13.3451	18.3542
83	16.5997	7068.0716	85.1575	5.9521	7.1249	13.7607
230	18.4216	12250.3721	53.2625	7.1826	8.7866	14.5107
331	24.3949	16654.1776	50.3147	8.5534	9.9587	20.5615
288	20.5614	16869.419	58.5744	8.943	9.9171	15.6347
278	17.6837	12702.3174	45.6918	8.757	10.5559	11.1624
558	23.8834	21841.9259	39.1432	10.5056	11.949	17.8121
55	27.701	6810.6974	123.8309	2.8936	5.6886	26.9557
204	23.1749	13258.4487	64.9924	8.4004	8.8864	19.6861
461	23.7681	21936.7875	47.5852	9.6432	14.1771	16.4603
762	31.6778	32580.0654	42.756	9.3813	13.6552	27.0002
300	18.9232	14522.8526	48.4095	8.2939	11.0879	12.898
411	26.5947	20372.4646	49.568	9.2599	9.7067	22.9632
156	18.3091	9697.6757	62.1646	5.8991	7.2546	15.7415
416	24.2838	22084.6575	53.0881	8.8481	14.3634	17.4674
451	21.9244	20105.4926	44.5798	9.626	13.442	14.3991
213	17.285	11936.0322	56.0377	7.8388	9.238	12.3282
501	26.3263	23666.2844	47.2381	8.0402	13.969	20.8158
259	27.888	14544.4579	56.1562	7.1788	9.201	25.3287
689	30.078	34302.4146	49.7858	10.9125	13.8909	24.3443
146	15.6462	8694.3631	59.5504	6.42	9.3198	10.8041
159	16.5338	8845.1016	55.6296	6.6078	8.1396	12.7848
298	18.2459	12836.5236	43.0756	8.2191	10.4039	12.5347
271	21.2719	14738.3625	54.3851	7.4964	9.2169	17.6451
136	15.0383	7761.2956	57.0683	6.2666	7.8995	11.157
323	30.0376	17832.9914	55.2105	7.2755	10.752	27.0873
99	20.1443	7472.1537	75.4763	4.2258	6.2166	18.6893
448	23.4714	19286.4301	43.0501	8.2194	12.0475	18.3904
124	15.7112	8769.8983	70.725	6.6409	7.2744	12.2403
237	20.2941	14741.9101	62.2022	7.7674	10.0334	15.8383
184	14.8972	8572.9175	46.5919	8.2755	8.3408	9.1582
431	30.9495	22053.4162	51.168	8.376	9.3008	28.3057
602	27.2616	29307.6688	48.6838	11.4021	13.284	20.8979
150	27.6826	11735.7701	78.2385	5.6334	7.0888	26.1599
247	21.0401	14590.9718	59.0728	8.307	11.2719	15.7042
511	25.1784	23571.0268	46.1273	8.8596	15.4685	17.7817
848	27.9769	32995.8762	38.9102	12.8136	13.4814	20.8991
251	18.7938	13195.8212	52.573	7.4391	10.6438	13.5859
350	21.8969	18999.5811	54.2845	10.265	12.5531	14.7146
151	26.3885	12507.8603	82.8335	6.5756	13.3865	21.7696
115	21.3397	8986.5265	78.1437	6.4056	6.8288	19.176
311	20.9739	15339.8703	49.3243	7.9649	9.7647	16.7664
96	12.5712	6409.5255	66.7659	6.4598	6.9484	8.2477
461	28.8122	23836.0357	51.7051	9.6239	12.4958	24.1118
602	37.2228	32521.056	54.0217	10.2766	13.6318	33.0773
243	21.493	14910.2005	61.3588	7.4268	9.4614	17.8121
129	26.0416	12838.4788	99.5231	4.1342	15.4571	20.5463
215	19.1624	12906.3698	60.0296	6.5944	12.2747	13.1545
281	20.159	15045.9939	53.5445	8.3572	10.9408	14.7255
329	26.6933	22386.6064	68.0444	9.4856	11.2406	22.2757
577	25.876	26344.3064	45.6574	11.4339	12.7071	19.4258
258	17.4741	12177.5226	47.1997	8.536	9.8491	11.6394
189	24.0314	14114.8948	74.682	8.9275	14.9517	16.5605
363	25.6328	19407.5517	53.4643	7.7438	10.0918	22.2537
350	29.7883	19487.9677	55.6799	7.4999	8.2769	27.615
480	24.8605	21075.7181	43.9077	9.5561	9.8565	20.7262
453	22.3019	19923.779	43.9819	9.3685	11.2424	16.8289
71	15.8426	6278.977	88.4363	4.7606	6.7233	13.5323
356	21.5139	17495.2249	49.1439	9.607	9.7657	16.5887
321	20.468	15741.1136	49.0377	8.7314	9.3464	15.9796
353	20.7089	16804.6994	47.6054	8.6995	11.4632	14.892
386	21.319	16803.9641	43.5336	7.9311	12.6935	15.1813
179	19.5011	11323.2589	63.2584	7.0244	11.1652	14.3628
