98	12.8906	6564.3131	66.9828	6.1934	7.0086	8.8706
174	22.0577	11486.7054	66.0155	5.3385	8.9714	19.4308
197	19.6745	12798.4943	64.967	6.9284	12.0864	13.8925
172	19.4321	10882.7946	63.2721	6.9486	8.4947	16.0363
60	15.443	7340.248	122.3375	6.3438	8.049	11.5524
95	36.1411	9836.5186	103.5423	3.353	10.0474	34.5541
343	20.2107	15264.5054	44.5029	8.6883	9.8529	15.3592
145	14.9885	8515.8677	58.7301	6.0553	8.5493	10.7191
238	17.7686	12085.9646	50.7814	8.3603	10.1417	11.9572
93	13.3278	6571.8621	70.6652	5.921	7.3628	9.4
197	17.137	11281.5211	57.2666	7.674	10.3927	11.2596
109	17.962	8229.0597	75.496	5.2496	6.1052	16.0562
1750	41.5033	78009.6658	44.577	16.7258	25.2909	28.3397
308	19.3095	15020.2877	48.7672	7.8515	12.2405	12.7037
300	20.0773	15520.8066	51.736	8.6263	10.4339	14.8262
145	24.1352	10494.7867	72.3778	5.7636	9.4024	21.4682
395	28.5402	29711.9338	75.2201	11.4557	14.7639	21.5717
96	17.3033	7805.873	81.3112	5.3614	10.5098	12.6572
308	25.1274	18392.4271	59.7157	9.09	11.1512	20.6012
330	19.8403	14762.9122	44.7361	8.6791	9.9639	14.7997
343	34.9685	22372.9606	65.2273	8.7502	9.7433	32.4237
172	24.2129	12345.8351	71.7781	6.1838	7.7648	22.0847
149	17.315	10077.7654	67.636	6.3222	7.4123	14.3142
187	16.4948	9314.6966	49.8112	6.9445	9.7129	11.3803
421	29.9011	27681.9878	65.7529	7.5469	14.0509	25.2921
184	46.1138	15258.7125	82.9278	5.17	7.5897	45.1902
469	29.6641	24765.1338	52.8041	7.8298	13.0105	25.483
439	26.6341	23143.5949	52.7189	8.4924	14.6562	20.5536
448	27.058	22883.9877	51.0803	8.7442	11.6288	22.8133
320	30.4656	18716.3441	58.4886	8.2149	10.1538	27.524
316	20.3079	14619.9932	46.2658	7.771	13.1002	13.4316
279	18.7766	12918.7093	46.3036	7.8518	10.0633	13.771
210	27.66	18615.5855	88.6456	9.1661	16.7139	20.0424
201	17.0514	11395.6819	56.6949	7.8311	9.5937	11.7211
270	22.243	16154.9111	59.833	6.982	9.5639	18.8291
358	19.794	15847.9789	44.2681	9.0662	10.971	13.7566
108	14.1351	7806.5645	72.283	5.9673	7.5343	10.3647
104	12.9294	6399.4613	61.5333	6.7005	7.0113	8.5507
254	18.9921	15146.2679	59.631	9.6541	11.0812	12.0293
91	12.6858	6504.9411	71.4829	5.7863	7.1631	8.7256
1155	40.4674	58634.6953	50.766	12.5186	24.2053	29.9165
214	26.2777	13526.8108	63.2094	6.167	7.8101	24.3205
335	24.1154	19982.3731	59.6489	9.5992	13.1056	17.8228
273	17.6881	12872.3437	47.1514	9.0665	9.9162	11.5038
441	24.8624	23430.2374	53.1298	9.755	11.6647	19.6701
335	27.7515	20786.0988	62.0481	8.3649	12.8632	23.1238
347	20.2993	16125.8962	46.4723	9.0627	11.8202	13.7918
227	23.5903	16677.5781	73.4695	7.1608	14.7444	16.9655
195	24.2433	19275.3808	98.8481	11.4366	13.7783	16.3433
388	31.153	21143.2851	54.493	7.1482	10.8319	28.3211
226	22.3817	13508.3474	59.7714	7.937	8.8629	18.9577
109	20.037	11013.7668	101.0437	6.7122	10.1782	15.9007
433	23.7055	21202.2768	48.966	10.1653	12.1848	17.6111
170	16.9498	9342.3603	54.9551	6.3487	9.8542	12.2427
205	19.8887	10688.3015	52.1381	7.0057	8.7037	16.4537
150	20.5473	11883.5441	79.2236	6.0428	10.6786	16.4816
346	22.6998	21197.9001	61.2656	10.2343	13.0452	15.5037
987	39.1633	48286.915	48.9229	13.7556	20.4376	30.4442
89	13.3246	6263.472	70.3761	6.0415	6.6545	9.8368
222	20.2792	12765.7126	57.5032	6.8676	8.8348	16.9124
469	27.2537	33128.0148	70.6354	13.5528	15.4653	17.886
260	19.0195	14501.5026	55.775	7.7555	11.3122	13.1767
56	12.7592	5497.5049	98.1697	4.4357	7.368	9.4252
492	23.7327	21418.6364	43.5338	9.5253	11.5203	18.4335
332	19.6894	15141.3838	45.6066	9.3208	10.4085	13.8729
174	18.9201	11193.6439	64.3313	6.4186	9.2047	15.2331
318	21.3119	16018.3575	50.3722	7.0907	11.1879	16.6959
347	26.2247	20818.7233	59.9963	8.4996	16.0947	18.8799
447	23.8242	19380.1928	43.3561	8.0401	11.0463	19.5174
197	15.5765	9563.9881	48.5482	7.2484	8.9596	10.4792
249	18.1114	12437.8829	49.9513	8.0789	9.2009	13.3453
191	16.8804	10380.0939	54.346	7.8252	8.7723	12.1145
452	24.0228	23627.6542	52.2736	11.7616	13.6284	15.9069
232	16.9816	11331.0594	48.8408	7.9968	9.5388	11.5515
398	31.1527	21450.6105	53.896	8.7959	11.3692	27.638
350	20.3226	16957.5097	48.45	9.1791	12.2765	13.3431
261	18.438	13555.3525	51.9362	8.4128	9.4316	13.4249
516	40.426	38590.0574	74.7869	12.3546	19.1499	33.3902
903	41.2316	51399.9871	56.9214	14.9329	21.13	32.1026
240	29.4033	18374.135	76.5589	7.0084	9.163	27.0458
137	18.0213	11084.2477	80.9069	7.0322	11.5426	11.92
214	19.0747	11276.7234	52.695	6.0291	8.7509	15.8403
134	14.5537	8432.153	62.9265	6.8629	8.7471	9.3914
307	23.7662	14818.8607	48.2699	7.8542	9.0603	20.5196
152	18.5008	9272.8751	61.0058	5.8037	7.7959	15.7423
319	19.9357	16059.1286	50.3421	8.7097	12.0915	13.2427
573	25.803	27767.1523	48.4593	10.9861	13.0324	19.3715
56	23.9733	6057.2453	108.1651	2.8001	3.9658	23.4766
1048	35.8294	65749.1131	62.7377	16.4542	20.956	23.9552
405	25.5324	23468.8769	57.9478	11.261	14.2516	17.9439
167	15.9587	9786.9121	58.6043	7.4536	8.8242	11.0117
87	14.0013	6579.7776	75.6296	5.0985	5.9201	11.6186
350	21.8483	16971.7289	48.4907	9.2751	12.6311	15.2242
141	32.6261	14257.1918	101.1148	6.7058	20.5649	24.425
107	18.4718	8256.369	77.1623	5.6962	6.6188	16.2773
98	13.2957	6295.5041	64.2398	5.5661	8.2329	8.8326
141	17.4508	10176.7037	72.1752	5.7529	11.0492	12.2208
264	21.9213	14091.7449	53.3778	8.4161	10.9782	17.0057
358	21.1618	16697.3047	46.6405	8.2769	10.5281	16.3851
213	16.6651	10298.2328	48.3485	6.6764	10.1626	11.3962
491	27.6062	22973.9633	46.7901	9.4381	10.5777	23.6883
331	19.4325	14901.009	45.0182	8.999	10.5651	13.6022
380	21.3629	17542.8808	46.1655	9.3217	10.2933	16.2334
243	17.9726	12971.4832	53.3806	8.7974	10.1993	11.8993
121	15.1008	7832.1615	64.7286	5.7854	7.1858	11.9553
131	17.0944	8953.824	68.3498	6.667	8.0852	13.5055
233	17.1096	11663.7578	50.059	8.8884	9.0108	11.5126
375	22.0205	19583.9914	52.224	8.7997	12.7247	15.67
116	15.3818	8344.047	71.9314	6.0407	6.6777	12.4706
124	15.712	7667.2113	61.8323	5.9902	6.8175	12.826
352	20.6372	16408.9695	46.6164	8.5052	11.7103	14.7113
243	17.5159	11825.6665	48.6653	8.2263	9.5748	12.1432
240	17.5035	11801.9638	49.1748	8.2987	9.0514	12.4731
249	17.296	11795.8536	47.3729	7.9394	9.9767	11.6869
263	17.8347	12648.7388	48.0941	7.6797	9.9647	12.6414
1039	41.2112	47583.3066	45.7972	11.7088	19.3456	34.4531
244	19.681	14486.3941	59.3705	8.8997	10.0529	14.3902
105	38.1295	10290.3915	98.0037	4.3279	5.7217	37.4485
558	28.7985	30972.3041	55.5059	12.4466	13.2144	22.3565
423	26.6541	20688.7628	48.9096	8.1669	11.1994	22.7665
313	25.247	18776.7388	59.9896	8.7131	9.9796	21.4919
253	17.1009	12387.1768	48.9612	8.4914	10.1782	10.8047
1175	32.8537	55076.6937	46.8738	16.1582	17.5239	22.6095
58	15.3071	5143.468	88.6805	3.9655	5.3282	13.7911
462	30.6219	24335.246	52.6737	7.9668	11.2253	27.3537
148	17.0345	9400.9339	63.5198	7.4107	8.5429	12.7386
163	28.1407	12052.994	73.9447	7.3158	8.8215	25.7014
395	20.8458	17015.1118	43.0762	8.594	12.389	14.3946
222	28.4111	18541.392	83.5198	9.7019	12.2459	23.7298
296	25.9837	18489.4427	62.4643	7.2054	14.4339	20.369
184	18.3142	14181.3194	77.0724	8.3319	9.6436	13.1526
266	27.9449	16162.199	60.7601	6.0686	10.5036	25.1747
121	14.3772	7183.1906	59.3652	6.0781	8.1968	10.1278
169	15.2757	8997.8867	53.2419	7.165	9.1018	9.9583
351	23.6238	17256.8246	49.1647	8.2306	9.3696	20.0637
108	16.2334	7845.3111	72.6418	5.9191	7.5362	13.1031
208	23.6342	15309.8009	73.6048	7.8876	13.3197	17.859
239	27.0178	15533.8417	64.9952	7.831	9.3732	24.0995
380	21.2991	20680.2849	54.4218	11.0044	12.0336	13.7022
254	21.1653	14695.4281	57.856	7.8453	9.4768	17.2224
149	15.1906	9128.2451	61.2634	7.6898	8.104	10.293
403	29.6642	24221.856	60.1039	8.9415	11.111	26.0107
168	21.1039	11473.5352	68.2949	5.9598	8.0234	18.5871
267	20.38	14741.201	55.2105	8.0737	12.3708	14.0401
371	29.5167	24676.7053	66.514	9.6415	12.0161	25.1772
553	32.6325	28471.7441	51.486	8.8576	15.32	27.4176
258	17.3382	11715.9367	45.4106	8.5408	9.9931	11.3051
548	33.4533	28307.9173	51.6568	10.1111	14.9287	28.1784
418	26.6738	25196.5222	60.2788	9.2089	14.3818	20.4904
68	30.0108	6777.7908	99.6734	3.0856	4.7605	29.4698
390	21.7118	16467.0896	42.2233	9.2016	9.9673	16.9524
223	17.1709	11142.8734	49.968	8.3086	9.1071	11.9527
207	16.808	10829.5957	52.3169	7.8972	8.3915	12.2363
94	14.2034	6137.0049	65.2873	4.3601	7.3594	11.3388
484	30.9464	23695.8633	48.9584	8.7374	10.2987	27.8438
381	27.8934	21841.2109	57.326	9.1762	10.3267	24.2321
361	23.6602	19549.5918	54.154	8.5186	9.7968	19.7804
206	23.0378	14143.436	68.6575	7.5021	8.9459	19.8602
1064	40.497	77175.3202	72.5332	17.1507	19.528	31.0567
218	22.8723	12782.852	58.6369	6.7777	8.6103	20.0766
187	16.1547	10137.6472	54.212	7.6597	9.5892	10.5049
289	19.9037	15687.1517	54.2808	8.4404	10.4451	14.6907
682	32.3482	37704.1198	55.2846	10.8338	15.9559	25.9701
239	20.614	13896.4913	58.1443	7.0172	9.0577	17.1363
355	31.3586	20841.0549	58.7072	10.0767	11.2652	27.4758
227	17.6983	12117.3541	53.3804	8.8367	9.7143	11.8647
149	15.6674	8999.8394	60.4016	7.5148	7.9949	11.1838
73	14.3541	6148.2539	84.2227	4.6518	6.0219	12.1712
380	21.2677	17259.686	45.4202	7.6469	12.6588	15.2838
333	19.8528	14746.499	44.2838	8.7395	11.2974	13.7885
120	13.346	6807.2371	56.727	6.686	7.3842	8.8818
79	13.8316	7396.6654	93.6287	6.8051	7.0169	9.7861
315	24.4207	18655.8254	59.2248	7.566	14.2803	18.3085
66	11.6202	4823.3453	73.081	5.2794	6.0021	8.4339
279	20.7992	14551.9321	52.1575	7.2889	11.0466	16.0453
75	31.4029	7216.7743	96.2237	2.5488	6.0733	30.7044
136	19.7012	9746.733	71.6672	6.3706	7.1834	17.2032
123	16.7683	9091.2873	73.9129	5.7026	8.4791	13.2952
227	19.3548	12763.2445	56.2257	6.7626	11.4308	14.0787
365	25.7765	21651.5044	59.3192	9.8285	12.0014	20.5863
78	13.3779	6339.9669	81.2816	5.1577	8.2398	9.1909
143	29.3964	12410.3415	86.7856	6.0718	11.8377	26.2135
149	39.5482	15307.86	102.7373	7.4199	18.7101	34.0431
114	13.8288	7075.807	62.0685	6.2602	7.5257	9.7678
172	22.3409	13539.6931	78.7191	6.6406	8.7013	19.4758
121	15.6123	7984.3587	65.9864	5.5708	7.3293	12.6092
294	19.1363	13379.5207	45.5086	7.6827	10.1789	14.2676
218	16.2143	9902.8796	45.4261	7.0556	9.6357	10.9671
539	26.3616	26162.5665	48.5391	9.4057	12.7439	21.0727
509	45.441	29247.5235	57.4608	8.5703	12.1215	42.9477
101	19.1714	7679.821	76.0378	4.9203	5.9747	17.5395
444	21.8769	19484.7969	43.8847	10.4276	11.8001	15.1862
107	15.1185	8041.4106	75.1534	6.4062	7.4145	11.5132
1272	41.1738	78703.2657	61.8736	17.6107	21.8938	30.0966
153	15.7088	8638.8892	56.4633	6.5313	7.6061	12.0935
411	22.2467	20510.4232	49.9037	8.3823	13.7949	15.3085
375	21.3322	18062.8256	48.1675	10.5531	10.9586	14.9533
489	24.7759	22544.2252	46.1027	9.4989	14.4071	17.7778
278	20.8012	15112.614	54.3619	7.4199	11.5842	15.6025
224	20.4133	13332.3625	59.5195	7.1126	10.1263	16.2349
136	16.7307	9644.0696	70.9123	6.743	10.0304	11.5689
429	21.5158	17020.0005	39.6737	9.2643	10.162	16.548
183	19.1095	13273.57	72.5332	7.9868	8.4827	15.147
90	13.534	6928.9647	76.9885	6.0168	6.6884	10.111
104	44.6926	10627.8126	102.1905	2.8343	3.6375	44.4541
430	43.1065	30567.6527	71.0876	10.0626	14.6311	39.279
92	20.2973	7536.669	81.9203	3.0976	6.7377	18.8941
261	17.4377	12564.4287	48.1396	8.1743	10.718	11.0626
148	20.1034	10686.7298	72.2076	5.9345	8.571	17.1891
375	20.7085	16677.5453	44.4735	9.1742	11.7188	14.3994
160	18.4961	10794.7004	67.4669	7.4239	8.3476	14.7413
205	29.4675	17591.3367	85.8114	8.134	11.5742	25.8498
379	23.0472	20330.9966	53.6438	8.4421	12.8452	17.1728
250	23.1422	14946.3866	59.7855	7.3582	10.0876	19.4848
93	14.1849	6571.0272	70.6562	5.0728	7.9105	10.6256
93	20.6106	9890.8481	106.3532	4.9081	10.6043	16.9781
138	15.8662	9602.5554	69.5837	6.2635	7.8039	12.3127
147	15.7793	9043.5413	61.5207	6.4197	9.0387	11.2284
135	25.1865	13889.7156	102.8868	6.4053	14.0682	19.8851
297	22.7138	15643.965	52.6733	6.8113	10.9337	18.7077
366	20.4662	16142.2139	44.1044	9.4979	9.6933	15.3197
97	14.7918	6979.1533	71.95	4.8031	7.035	12.0928
392	24.0653	20328.2138	51.8577	10.6888	13.2726	16.992
359	19.9483	15683.633	43.687	9.6651	10.681	13.7999
89	12.9946	6443.5317	72.3992	6.2374	7.2045	8.8347
205	17.4033	11287.0282	55.0587	7.6453	8.355	13.2143
349	26.8211	19135.7087	54.8301	8.0302	10.7105	23.2416
186	18.8116	11507.9103	61.8705	5.7591	8.8391	15.575
254	18.8805	13502.0356	53.1576	7.5125	10.6804	13.6369
1613	38.5883	72394.3002	44.8818	20.4277	22.6543	23.6336
340	20.1512	17084.248	50.2478	8.9945	12.0294	13.4337
209	25.144	18183.02	87.0001	10.3612	11.1609	20.0075
234	19.111	13523.6103	57.7932	7.9358	10.1101	14.1435
110	30.6494	11195.1462	101.7741	5.0339	8.8201	28.918
338	36.8393	25044.6715	74.0967	6.9633	17.1744	31.8385
574	28.6075	26099.2556	45.4691	10.7954	12.9769	23.0964
97	16.7207	7694.8858	79.3287	5.0373	5.6557	14.907
222	18.1506	10457.0862	47.104	6.6298	8.429	14.6439
160	17.0862	10091.4754	63.0717	6.2701	8.0299	13.7166
94	19.4958	8650.4439	92.026	5.0245	8.6322	16.743
276	20.6729	15429.4539	55.9038	7.1557	10.3468	16.4045
438	28.5698	24790.108	56.5984	8.8589	13.4609	23.5915
203	31.5867	18168.3467	89.4992	6.3145	13.4251	27.8857
204	20.877	17235.5127	84.4878	9.505	9.9746	15.6847
651	30.7562	32727.6494	50.2729	10.6663	15.5007	24.329
310	21.0097	16848.8731	54.3512	8.489	11.8579	15.1239
140	20.1429	10038.3713	71.7027	5.6532	8.449	17.3894
684	28.145	34659.2192	50.6714	12.8624	16.028	19.2302
98	13.319	6376.9736	65.0712	5.7347	8.1481	8.8384
55	10.3425	3865.03	70.2733	4.5194	5.9251	7.172
358	20.4523	17281.5905	48.2726	9.3123	12.2191	13.5009
195	19.4461	12266.0859	62.903	6.7407	9.8081	15.379
189	23.0033	19629.7975	103.8614	8.0624	13.1304	17.0805
330	24.5595	22049.6269	66.8171	9.7972	13.2407	18.2172
93	18.1505	7836.6011	84.2645	3.4354	7.6354	16.1041
228	21.4344	14778.221	64.8168	7.4032	10.5469	17.1286
87	12.4934	5786.2303	66.5084	5.461	7.5038	8.3639
134	21.7967	11602.4291	86.5853	7.1918	8.3597	18.8013
429	25.5638	21882.1039	51.0072	10.1116	14.6455	18.3513
83	14.7567	6833.0304	82.3257	4.2809	7.7443	11.8093
263	27.3398	18269.3378	69.4652	7.0577	12.4361	23.3023
496	26.8904	25541.7167	51.4954	10.2832	12.2328	21.6265
310	20.0194	15603.3695	50.3335	8.4877	9.9236	15.1742
334	25.2358	22071.5973	66.0826	9.5967	11.0887	20.5376
188	22.3333	11467.1891	60.9957	6.8281	7.0899	20.0471
82	15.5338	6555.9208	79.9503	3.1481	8.0057	12.9344
377	22.2791	18613.9657	49.3739	8.3025	12.7179	16.2998
220	16.8605	11324.5099	51.475	7.6611	9.2715	11.8161
98	16.2018	6902.6984	70.4357	5.5946	6.028	13.9593
448	22.6145	19093.2047	42.6188	9.0324	10.6196	17.806
228	19.8088	11678.1363	51.2199	7.4063	7.7737	16.6465
284	20.575	13867.261	48.8284	7.7186	9.335	16.6317
480	25.1578	24600.9938	51.2521	8.3894	13.2552	19.6681
695	38.474	37676.6025	54.2109	13.0299	20.4619	29.8627
378	21.7692	19468.6375	51.5043	9.0952	11.8536	15.8325
193	21.2231	14378.694	74.501	6.7888	9.2525	17.8529
406	26.479	20755.7124	51.1224	8.2193	11.3014	22.4913
448	23.7842	21491.764	47.9727	9.4799	13.9593	16.7619
170	31.4048	16985.3293	99.9137	9.1342	16.7877	24.9199
317	22.2128	15724.8327	49.6052	8.0228	11.4928	17.2325
541	24.7578	25278.6453	46.7258	9.7568	13.0067	18.6703
748	30.9024	38082.2092	50.912	10.8838	16.7436	23.5829
378	21.6212	17170.1955	45.4238	8.7484	10.9174	16.4849
53	23.79	5264.7108	99.3342	2.3516	2.8574	23.5004
595	32.0304	34268.4565	57.594	11.0538	19.6966	22.7114
167	17.8517	11838.1824	70.8873	6.8595	10.6151	12.6076
151	15.3976	8787.1353	58.1929	6.8671	8.3013	11.0008
186	15.9311	9618.4416	51.7121	7.8369	9.0168	10.5394
177	16.6535	10375.0381	58.616	6.3441	10.0648	11.653
95	14.7531	7113.983	74.884	5.8903	8.995	10.1019
303	20.6286	16946.1695	55.928	8.9467	10.1535	15.5692
155	19.5265	11332.9727	73.116	6.2282	10.5717	15.1899
80	11.9303	5649.9976	70.625	6.0769	6.5828	7.8785
147	19.4132	12136.813	82.5634	6.4284	10.5824	14.9519
377	21.7854	17250.4173	45.7571	7.4415	12.3738	16.3131
123	15.1316	8428.3382	68.5231	6.7969	7.4154	11.304
132	14.2031	7234.2184	54.8047	6.194	8.2891	9.729
331	23.9028	20153.9961	60.8882	10.1587	10.9013	18.6897
237	16.964	11637.7366	49.1044	8.8651	9.7318	10.6995
766	28.6994	31635.688	41.2999	10.3162	14.9442	22.2239
167	15.5247	8509.2061	50.9533	6.2313	8.2235	11.6001
244	19.3448	12222.5206	50.0923	7.2223	8.7059	15.6928
222	26.1982	16042.3759	72.263	6.7737	11.4868	22.5503
70	11.504	4869.2737	69.5611	5.3479	6.0119	8.2218
76	15.7981	6540.0619	86.0534	3.7631	10.6384	11.0563
211	19.0555	12091.379	57.3051	6.9333	8.2154	15.7336
383	21.7361	19877.7575	51.9002	9.6271	13.0795	14.4466
180	16.7225	10175.8684	56.5326	7.8173	9.3038	11.4879
120	18.5489	9311.9905	77.5999	5.1442	8.1201	15.8639
88	37.9521	9559.9038	108.6353	2.9297	5.0234	37.5039
351	27.1759	22898.6569	65.2383	10.531	11.9246	22.0325
341	19.9587	15600.7595	45.75	9.3102	9.7232	14.7353
156	18.1462	9710.5392	62.247	5.2415	10.3778	13.9325
199	17.7115	11741.2428	59.0012	7.1994	9.1826	13.3246
343	18.6694	13741.9061	40.0639	9.1249	10.3086	12.6102
99	13.3156	6385.4475	64.4995	5.0911	8.2123	9.1622
144	18.6323	10186.2638	70.7379	4.9861	8.2737	15.9326
185	17.0912	10246.5132	55.3866	6.3652	9.0976	12.9934
148	15.6699	8824.8094	59.6271	6.0401	9.1061	11.2313
137	17.7678	9166.3136	66.9074	4.7675	8.0404	15.1102
146	16.8939	9065.4685	62.0923	5.8069	6.9713	14.2508
252	17.6112	12676.3838	50.3031	8.521	9.9711	11.7526
87	14.1728	5930.4735	68.1664	5.278	6.0637	11.6723
182	18.4144	13148.4658	72.2443	6.5119	10.9676	13.2815
241	22.7084	15060.9027	62.4934	6.642	12.6991	17.6151
260	21.746	15223.2036	58.5508	6.9106	10.8386	17.5402
286	27.2732	28842.4688	100.8478	10.3971	12.3223	21.9975
376	22.7418	21478.7093	57.1242	9.6583	12.1689	16.608
423	21.2601	16567.9892	39.1678	9.598	10.6734	15.6828
245	20.5604	15390.7932	62.8196	8.3254	11.9982	14.4728
328	19.6326	14722.5466	44.8858	8.593	10.8264	13.9423
80	12.3595	6219.2585	77.7407	6.4187	6.6448	8.21
301	23.0356	19166.7247	63.6768	8.4664	10.3189	18.7745
257	17.8554	12393.4835	48.2237	8.1304	9.909	12.4308
179	18.7358	11869.2709	66.3088	7.1528	8.1159	15.2971
89	18.6301	7194.8067	80.8405	4.2124	6.4245	16.9724
521	24.1606	20804.0773	39.9311	9.6215	11.4959	18.9475
133	14.6773	8122.8553	61.0741	7.2142	8.5392	9.5111
189	22.2999	14583.5834	77.1618	6.9683	12.0807	17.4007
159	15.0282	8938.8874	56.2194	6.9429	8.6642	10.1279
166	17.0498	10062.5484	60.6178	6.4161	8.0026	13.6194
491	27.5472	22957.9187	46.7575	8.0949	12.4029	23.2269
339	25.4491	20226.4096	59.6649	8.1242	15.1712	18.7481
98	13.6965	6539.5041	66.7296	5.0764	7.8068	10.0438
304	19.3921	15041.9874	49.4802	8.9971	10.5421	13.5636
228	16.2961	9969.0906	43.7241	7.2508	9.9358	10.6897
224	17.8038	11906.8669	53.1557	7.6784	9.2926	13.1021
603	25.6352	26336.1517	43.6752	12.0135	13.471	18.2037
251	29.9589	23307.2696	92.8576	8.5784	10.7694	26.6077
541	24.329	24805.3941	45.851	11.4223	13.9321	16.3502
139	14.6339	7775.5446	55.9392	6.4279	8.1774	10.2939
215	16.4046	10320.0415	48.0002	7.9699	8.6624	11.426
435	21.3981	19673.6568	45.2268	10.4142	11.4831	14.7499
558	37.0688	28251.9089	50.6307	8.263	13.8705	33.3681
154	18.3985	10151.0254	65.9157	6.1471	7.4355	15.6662
354	20.2369	16525.1706	46.6813	8.9463	10.6551	14.6958
341	26.9765	21377.4042	62.6903	9.7496	11.7867	22.2206
473	25.1608	24028.3418	50.7999	9.4924	11.961	19.9973
391	26.1459	24056.6451	61.5259	12.8382	13.8582	18.0759
230	26.5032	14952.2204	65.0097	7.6938	9.1994	23.6346
169	15.0517	8766.9263	51.8753	7.4064	8.5297	9.9469
314	28.0974	18543.9846	59.0573	8.329	11.4714	24.259
367	21.4217	18578.2418	50.6219	9.2972	10.4667	16.2142
649	40.8905	36220.3278	55.8094	10.7856	14.8966	36.5212
394	24.1379	21300.1829	54.0614	8.9778	13.6554	17.7642
293	29.3675	17026.7768	58.1119	6.541	11.1853	26.3544
415	22.7171	19886.4814	47.9192	10.2221	11.0973	16.9831
145	21.8288	9785.5739	67.4867	5.6277	5.9468	20.2352
552	25.1679	24490.5795	44.367	8.9534	13.6059	19.187
119	14.2283	7427.165	62.4132	5.9015	8.1392	10.0683
183	19.1114	11400.6463	62.2986	7.3278	9.2956	15.0047
594	30.5279	33728.18	56.7814	9.9813	17.6528	22.819
220	20.489	17269.9689	78.4999	8.7138	11.2619	14.7322
155	16.2266	8688.162	56.0527	6.0703	7.7833	12.8792
171	16.037	10037.1017	58.6965	8.1475	8.8747	10.5851
451	23.9359	20003.6197	44.3539	7.8673	13.2876	18.2886
251	18.0889	12157.5354	48.4364	6.975	11.051	12.5072
307	19.7331	14109.3126	45.9587	7.2438	12.5496	13.3952
385	21.3368	16081.7779	41.7709	8.0873	11.8594	15.7864
62	14.4394	6123.7109	98.7695	4.6246	7.2984	11.569
206	23.1896	13910.2847	67.5257	7.0458	11.201	19.0434
537	25.3017	26871.794	50.0406	10.3312	14.4155	18.0453
70	14.4012	5876.8116	83.9545	5.2698	7.1329	11.3466
275	21.8542	15497.856	56.3558	8.1162	10.3223	17.4694
622	27.9136	32580.8529	52.3808	10.4692	13.8666	21.8468
440	30.731	25805.3315	58.6485	9.4751	15.1821	24.9824
237	16.7192	10773.4707	45.4577	8.0395	10.1069	10.6183
179	19.3098	11474.1887	64.1016	6.0814	8.3128	16.3334
93	16.2823	6798.1401	73.0983	4.1228	6.26	14.4544
392	19.629	15058.2984	38.414	8.9651	10.8573	13.6764
329	19.9756	15576.7416	47.3457	9.586	10.3901	14.1131
139	26.8637	9794.0165	70.4606	5.7525	6.9756	25.2964
129	13.2644	6438.7411	49.9127	6.2725	7.2197	9.191
234	18.3133	12105.1008	51.7312	6.9825	10.5904	13.2086
189	17.5079	10606.2504	56.1177	5.8868	9.8263	13.2407
213	25.4476	14829.5571	69.6223	5.4729	10.0636	22.7234
230	16.2314	10018.7938	43.56	8.1542	9.0425	10.7331
432	23.3162	20200.5642	46.7606	9.0713	13.4114	16.7777
87	33.8594	9616.425	110.5336	3.7906	9.9931	32.1283
112	17.6879	8083.7371	72.1762	5.7725	6.9248	15.2179
261	26.788	16706.7807	64.0107	6.0737	14.5586	21.6507
161	16.1264	10244.781	63.6322	7.8571	9.4305	10.459
108	25.1009	9332.0035	86.4074	5.9436	6.4351	23.5227
151	17.8187	9670.4189	64.0425	6.3275	7.7872	14.7251
191	20.3926	11370.6772	59.5323	5.6595	9.1441	17.3267
373	23.4086	19438.1784	52.1131	9.1751	11.2847	18.3421
214	18.4007	12167.0065	56.8552	6.6876	9.2353	14.442
417	23.2062	18381.1873	44.0796	9.0706	9.9806	18.8848
148	18.6454	10963.5186	74.0778	7.2228	11.6625	12.6281
524	33.0289	28574.5622	54.5316	8.0796	14.6118	28.4979
421	21.8114	17698.7759	42.0398	9.7394	10.1467	16.6712
402	25.759	23220.9449	57.7635	8.9759	12.1863	20.8435
350	21.3469	15539.9714	44.3999	8.1821	10.302	16.8111
506	22.7261	21967.7429	43.4145	11.2881	12.577	15.1946
346	29.9426	21818.2558	63.0585	8.4406	11.4748	26.3372
225	17.3846	11986.8452	53.2749	8.0529	9.3378	12.2549
65	12.2455	5180.8608	79.7056	4.6095	7.079	8.8653
402	22.2689	16716.0281	41.5822	8.2465	10.9317	17.5612
215	19.4111	14120.8604	65.6784	7.7323	9.7017	14.9291
123	17.9932	9731.5548	79.1183	5.251	8.9114	14.7231
283	23.6398	15174.132	53.6188	6.4076	9.0962	20.8576
258	22.8806	15320.8481	59.3831	8.5254	10.4478	18.4847
170	15.4787	8943.4549	52.6086	7.1018	8.4386	10.8602
286	18.6964	14571.5826	50.9496	8.7168	10.6033	12.6943
290	28.6461	18266.4217	62.9877	7.6322	9.7693	25.8245
680	26.5042	30391.7734	44.6938	12.038	12.8761	19.7931
509	29.3849	25738.9378	50.5677	8.2482	14.868	23.9663
237	17.8507	11694.5134	49.3439	7.3162	9.6525	13.113
808	35.9302	43076.5965	53.3126	9.524	17.3117	30.0096
322	20.2342	16208.5714	50.3372	8.1209	12.0776	14.0571
157	22.7667	10889.5115	69.3599	5.2292	7.7326	20.765
219	20.1048	15306.2405	69.8915	7.9288	10.9772	14.8606
428	22.2534	19751.7986	46.1491	8.7577	13.1095	15.7052
238	18.3004	13793.5737	57.9562	8.0925	9.63	13.2921
170	25.2954	11620.9462	68.3585	6.5612	6.7818	23.4694
429	22.2542	18518.0018	43.1655	8.6568	13.7018	15.2502
152	19.5432	10845.7707	71.3538	5.9364	10.7907	15.1742
350	21.0844	15876.4564	45.3613	8.5473	9.8488	16.568
109	25.4393	10639.2571	97.6079	4.9935	8.8698	23.3142
270	18.3971	12025.3218	44.5382	7.7883	9.414	13.754
242	22.5672	15615.2741	64.5259	7.6969	10.1887	18.6071
187	22.933	11708.3178	62.6113	5.7629	7.8272	20.7712
166	21.6908	11902.7082	71.7031	6.915	9.7157	18.1185
878	39.5278	40190.6419	45.7752	10.0453	18.5166	33.4466
66	11.819	5161.9881	78.2119	5.1704	6.0019	8.7711
67	15.703	5833.415	87.0659	4.3809	5.6506	13.9808
301	21.1598	14583.7801	48.4511	7.6472	9.1912	17.4579
386	21.9729	17479.9864	45.2849	7.9125	12.3609	16.3527
148	23.0871	11279.9466	76.2159	6.086	8.0847	20.7512
130	19.0541	13997.7278	107.6748	6.8638	10.8791	14.0568
542	30.8662	29182.5376	53.8423	8.8226	17.3406	23.9622
311	19.0188	14087.5855	45.2977	9.3139	10.7522	12.6236
267	23.7256	16869.049	63.18	6.6865	13.0857	18.6269
377	27.0609	23999.2101	63.6584	10.0869	10.6061	22.7609
241	21.0631	14100.3034	58.5075	6.5904	10.1466	17.2414
415	23.9233	22809.4122	54.9624	10.4307	12.44	17.572
256	17.2564	11225.269	43.8487	8.2718	10.1344	11.2541
217	33.6086	12952.0313	59.6868	5.8474	7.607	32.21
158	14.9248	9074.8293	57.4356	7.905	7.9814	9.8265
122	19.2602	9658.5225	79.1682	6.367	8.5294	16.0519
1018	36.1019	52715.0096	51.7829	13.8007	16.2997	29.1069
172	15.5109	9711.2037	56.4605	7.6437	8.74	10.2847
244	17.8192	12871.8661	52.7535	7.3633	11.0459	11.8866
553	23.6919	21062.4424	38.0876	10.2966	11.8689	17.7317
447	23.9237	20894.595	46.7441	9.7541	10.132	19.3531
211	16.9608	10305.8451	48.8429	7.5959	7.9808	12.8948
309	22.7233	16138.7838	52.2291	7.8767	8.3661	19.6039
203	21.3489	13144.3809	64.7506	7.3218	9.7309	17.5351
142	27.2674	11403.3425	80.3052	5.8328	7.0281	25.6923
391	25.0781	22235.3501	56.8679	9.8903	12.3135	19.48
179	17.2851	11123.9726	62.1451	6.7656	8.6669	13.3374
426	21.7878	19366.5814	45.4615	9.6209	12.3462	15.1565
761	46.6291	40539.268	53.271	9.1569	21.7673	40.2071
174	19.1641	11014.2009	63.3	6.7772	6.9664	16.5167
194	22.5832	17735.7725	91.4215	9.2216	11.9729	16.7814
535	24.6899	23622.5333	44.1543	9.9329	12.153	19.0587
458	21.6189	18935.1731	41.3432	8.8328	12.8216	14.9988
375	25.7987	20429.0757	54.4775	8.8209	10.5547	21.8257
255	17.6007	11694.694	45.8615	8.1327	9.1247	12.6642
421	28.0271	24624.6576	58.4909	7.5345	15.3642	22.1966
216	16.7413	11026.7128	51.0496	7.9865	10.3326	10.4749
142	28.1014	9973.5999	70.2366	4.8614	6.7352	26.8457
305	19.1487	13548.1533	44.4202	8.3039	10.1125	13.9804
82	14.409	6090.034	74.2687	4.9005	6.0912	12.1038
115	17.6704	9094.7695	79.085	6.2084	9.6922	13.4074
62	16.7285	7060.2308	113.8747	5.4753	8.6413	13.236
53	18.2742	6645.6288	125.3892	3.7236	11.8027	13.4454
84	20.0828	7317.836	87.1171	4.2488	6.395	18.5572
202	15.6974	9759.0599	48.3122	7.9555	8.9024	10.1914
74	31.2637	7700.3345	104.0586	2.8945	3.0536	30.9793
518	33.4934	25157.8649	48.5673	8.4405	11.2152	30.4103
289	18.2311	12557.5646	43.4518	8.0295	10.6058	12.4666
303	21.5407	15212.0889	50.2049	6.2494	11.9552	16.7934
539	37.6497	31720.3101	58.8503	10.835	18.1969	31.1283
259	19.0313	14154.126	54.6491	8.66	10.9518	12.9327
224	17.7644	12710.5891	56.7437	8.571	9.7262	12.1456
93	14.5447	6317.2729	67.9277	5.2935	7.4087	11.3419
298	24.7235	19168.0918	64.3225	8.0304	9.5127	21.3605
309	22.8601	16228.138	52.5182	7.9769	9.1699	19.3614
298	18.9682	14212.9563	47.6945	8.7224	10.4092	13.2424
1169	87.9194	78019.3535	66.7403	17.9214	18.8803	83.9773
462	22.5184	21005.131	45.4657	10.3766	12.4287	15.6502
143	21.422	10994.4768	76.8845	5.5942	7.4655	19.2841
417	28.1327	19449.5573	46.6416	8.7045	9.9661	24.8266
230	17.3784	10941.5777	47.5721	7.5361	9.4573	12.4809
301	21.4076	15754.8498	52.3417	7.8884	9.4027	17.5398
128	20.1676	10674.6365	83.3956	6.5341	10.7948	15.7324
78	27.5757	8320.178	106.6689	3.3892	9.5547	25.6444
252	18.7092	12518.455	49.6764	7.3849	9.9622	14.009
614	26.2318	31394.3148	51.1308	12.7324	14.8625	17.467
562	30.3382	28720.5601	51.1042	8.3964	15.2128	24.8692
381	22.9344	17107.1187	44.9006	7.9091	10.4944	18.7963
174	19.4841	10521.3983	60.4678	5.1597	8.4398	16.7863
288	25.0171	15835.9519	54.9859	7.1178	12.7527	20.3116
249	19.4121	12892.4783	51.777	7.0528	9.3355	15.4898
61	15.1707	6224.9598	102.0485	5.0769	7.6797	12.058
287	17.5709	11610.3146	40.4541	8.5032	10.4513	11.2784
389	20.8449	17163.4601	44.122	9.4877	10.6519	15.1996
236	21.4204	13363.6307	56.6256	5.9021	13.366	15.6637
277	19.4747	14763.3684	53.2974	8.0517	11.806	13.2308
414	34.5609	29974.3685	72.4019	12.5139	17.2158	27.2301
136	18.2335	10933.5989	80.3941	6.963	8.0046	14.8291
118	14.4563	7344.2891	62.2397	6.1714	6.9604	11.0658
337	22.0867	17275.9032	51.2638	8.1796	11.3149	17.114
241	18.8378	12833.1077	53.2494	7.2699	9.0936	14.8094
549	32.8877	28687.5426	52.2542	9.3518	11.712	29.2741
544	42.5155	28607.7285	52.5877	8.0453	13.1335	39.6277
353	23.4322	20654.5474	58.5115	9.7923	11.7496	17.7518
478	33.7851	26538.8883	55.5207	8.7599	13.9058	29.5182
330	22.3135	17804.32	53.9525	8.7147	10.9296	17.3922
384	36.1256	24791.1908	64.5604	9.7161	11.3737	32.883
277	22.2732	16088.3626	58.0807	8.5046	13.4119	15.617
266	22.4162	16027.6008	60.2541	7.198	13.1669	16.6525
249	22.611	14925.9523	59.9436	7.1015	9.711	19.1447
622	23.7443	23556.4271	37.8721	12.1355	12.5401	16.1017
268	26.6088	16374.4532	61.0987	8.1186	9.2268	23.6004
968	32.768	39491.4655	40.797	12.4642	15.6918	25.9259
322	20.8704	16661.6906	51.7444	9.3347	10.7268	15.2766
361	42.4545	24784.4163	68.6549	5.9019	11.3343	40.4856
317	22.2045	17474.1357	55.1235	7.1322	10.7862	18.0508
77	17.8758	6672.89	86.6609	3.1129	5.8145	16.6146
287	19.1637	14843.2422	51.7186	9.7227	11.2192	12.118
146	14.3776	8230.6623	56.3744	6.9558	8.8229	8.9715
322	19.1123	15415.7052	47.8749	9.3747	11.1772	12.3477
109	19.1955	8275.6649	75.9235	4.7024	7.8905	16.8551
397	23.4331	21510.2394	54.182	9.4664	13.0903	16.9747
420	22.3862	18315.1975	43.6076	9.5647	11.5967	16.5884
241	24.916	15391.1742	63.8638	6.5193	10.6195	21.5763
344	24.8628	18466.445	53.6815	8.3394	10.1624	21.1031
253	19.2513	13322.6838	52.6588	7.4416	9.1546	15.2128
58	24.2233	6328.8011	109.1173	2.8095	4.2035	23.6898
469	26.9548	26160.0851	55.7784	10.5031	13.653	20.7327
279	27.02	15952.79	57.1785	7.3039	8.3359	24.6424
183	16.2222	9616.9269	52.5515	7.0753	8.7238	11.7045
417	26.0002	20430.9293	48.995	8.8787	9.5356	22.5001
153	26.9956	11426.7878	74.6849	5.4263	8.6095	25.0039
301	17.6813	11972.8341	39.7769	9.4108	10.2713	10.8887
207	28.3938	14566.4621	70.3694	9.7524	10.8939	24.3397
280	20.2858	15941.3709	56.9335	9.2194	10.7802	14.5018
155	15.7657	9690.5845	62.5199	7.415	9.1255	10.5024
427	22.6628	20135.2833	47.1552	9.7971	12.5257	16.1469
147	18.215	9197.2686	62.5665	4.7149	8.3169	15.5044
512	28.0581	25048.3596	48.9226	10.0488	10.3391	24.0703
286	19.0398	14019.5782	49.0195	9.0992	10.0482	13.3698
83	13.2156	5666.4874	68.2709	5.2523	6.5862	10.1827
108	18.4263	9198.7589	85.1737	6.4276	7.3077	15.6464
486	29.6043	30071.7618	61.8761	11.826	16.0043	21.9185
69	12.0375	4994.18	72.3794	5.6351	6.138	8.6875
243	20.009	13229.9617	54.4443	6.6964	9.6429	16.203
234	23.3326	17705.8576	75.6661	8.252	14.8043	16.0358
118	14.7305	7493.4605	63.5039	6.5046	7.1749	11.0996
326	21.4528	17689.1802	54.2613	7.8144	12.5982	15.5062
114	13.6701	7768.5375	68.1451	6.9816	7.8215	8.7723
71	17.6361	6765.5728	95.2898	4.3012	5.8686	16.0652
403	21.6551	17518.9579	43.4714	7.7	13.2054	15.3385
103	20.7026	8551.629	83.0255	3.3559	7.4403	19.0257
206	49.5713	15979.9292	77.5725	5.1443	8.027	48.6458
125	16.6102	8200.1384	65.6011	5.6507	6.7664	14.0779
94	13.1366	6593.9785	70.1487	6.0676	7.9162	8.5492
167	35.528	13214.0393	79.126	6.5159	8.2527	33.9363
133	15.5039	8924.7948	67.1037	7.2559	8.6863	10.5959
105	15.7665	10077.1873	95.9732	6.8093	8.4021	11.4726
241	18.2037	12844.5468	53.2969	8.1324	9.8951	12.9354
175	20.7969	12240.3674	69.945	8.6761	9.1693	16.5275
230	19.827	12132.0297	52.748	6.3565	9.2961	16.3183
501	31.5684	31950.5972	63.7736	10.9271	12.2957	26.944
365	24.0885	21514.357	58.9434	10.8271	12.7763	17.3145
147	21.9929	9828.0206	66.8573	5.8301	6.9943	20.0194
197	21.2357	14621.5746	74.2212	5.7981	8.6731	18.4963
163	18.3031	11096.2237	68.075	5.8239	11.7905	12.7307
135	19.2911	9613.7085	71.2127	6.0552	7.7339	16.6033
102	44.1033	11223.1998	110.0314	2.9608	8.4979	43.1755
827	38.7629	46157.4951	55.8132	13.3115	20.6741	29.9658
67	15.7912	5721.7557	85.3993	4.3603	5.5864	14.1118
569	28.0954	27732.2929	48.7387	8.9355	13.3488	23.0503
128	33.0448	12018.6145	93.8954	6.0295	7.3137	31.6562
394	23.9143	20154.0297	51.1524	9.1333	10.3802	19.5122
349	21.2348	17437.7714	49.965	7.9457	12.7657	14.994
335	28.2646	25639.4329	76.5356	11.2571	14.5856	21.4342
437	57.6183	31593.2068	72.2957	5.8656	15.5025	55.1827
624	23.8114	23608.0698	37.8334	12.3462	13.0219	15.652
182	21.0629	11931.9875	65.5604	6.1825	8.743	18.1379
369	22.9783	17752.8915	48.1108	7.4507	11.7203	18.3064
149	16.7284	9696.5105	65.0773	6.4559	9.2721	12.3365
150	15.0382	8197.5532	54.6504	6.2981	7.8121	11.2006
859	36.2373	47330.7818	55.0999	15.7948	19.0678	26.4591
141	19.4961	10740.668	76.175	7.4056	10.994	14.2964
425	29.7337	22971.8088	54.0513	10.5782	12.4724	24.8322
372	21.7745	18567.762	49.9133	10.7438	11.997	14.6551
261	19.3388	14463.3321	55.4151	8.9215	11.7462	12.5069
222	26.4987	14153.7396	63.7556	6.4954	7.8495	24.4617
129	17.0796	9264.2763	71.8161	5.2474	8.5427	13.8276
354	20.4954	15053.9448	42.5253	8.7815	9.5176	15.886
591	25.7343	25736.6425	43.5476	10.5512	15.7182	17.4317
366	27.3457	20969.6808	57.2942	9.2781	11.9905	22.7581
138	17.1031	7857.1538	56.9359	4.8372	7.3256	14.6783
81	13.9681	6651.8384	82.1215	6.2474	7.2137	10.2
183	20.8228	11533.0538	63.0222	6.0844	7.7937	18.3256
296	19.344	14780.8889	49.9354	9.615	10.0468	13.4464
217	15.9485	9227.9215	42.525	7.8451	8.3575	11.0888
276	22.0498	14170.1396	51.3411	7.8963	9.7718	18.1206
281	18.171	13371.456	47.5853	8.0835	11.1921	11.8143
364	25.7862	18853.1813	51.7945	8.1012	11.7367	21.4836
56	10.5404	4000.1643	71.4315	4.9178	5.9917	7.1424
361	21.7086	17340.7076	48.0352	9.4527	10.4028	16.5437
108	16.6674	9528.3641	88.2256	6.7098	7.563	13.2507
259	20.1699	14720.6542	56.8365	7.2166	11.2994	15.0688
448	22.8429	19447.8729	43.4104	8.6991	13.9564	15.8537
335	21.5421	16543.7177	49.3842	8.6055	10.8864	16.4771
389	20.8951	17162.7056	44.1201	10.2801	11.8792	13.7771
704	31.7611	32581.227	46.2802	8.9627	18.3076	24.3571
220	18.4492	11849.2509	53.8602	6.7962	8.9948	14.6041
141	19.9393	9893.6492	70.1677	5.3292	8.2277	17.3632
229	18.9904	12438.8821	54.3183	6.8044	8.8857	15.3422
411	23.3295	18496.9445	45.0047	8.8096	10.7598	18.7319
602	29.3849	32624.3494	54.1933	11.0794	12.9888	23.9167
259	19.9252	12643.667	48.8172	7.2729	8.7556	16.3542
436	23.495	24074.706	55.2172	10.7816	12.2432	16.9079
146	14.8156	8479.5105	58.0788	6.8779	8.3795	10.0986
503	28.9146	25189.8807	50.0793	9.6903	11.4701	24.7101
274	22.6262	20071.3366	73.2531	11.2395	13.0239	14.6968
222	20.3421	14102.7538	63.5259	8.5956	9.6267	15.724
133	14.3636	7800.9054	58.6534	6.4352	8.1264	9.943
338	22.7799	18823.5331	55.6909	8.7492	11.8463	17.3794
97	14.5035	7701.5949	79.3979	5.365	7.6603	11.0854
275	21.8221	14200.8716	51.6395	7.4595	8.4885	18.6683
60	13.8459	5974.5621	99.576	5.8656	8.5686	9.1587
59	12.8352	6321.1802	107.1386	6.332	7.0833	8.6298
515	24.3253	25186.5578	48.9059	11.2212	12.7265	17.431
113	23.3432	9240.3779	81.7733	4.3656	5.8932	22.1612
233	17.8002	11695.5161	50.1953	7.18	9.6638	13.1113
129	24.0881	12281.8338	95.208	6.8026	10.1164	20.7754
214	19.5436	13743.0279	64.2198	7.6892	12.5026	12.904
76	13.1258	5912.4282	77.7951	5.2849	5.7083	10.5722
252	19.9732	16252.8732	64.4955	9.2489	11.1473	13.7522
217	20.4701	11859.9937	54.6543	7.2296	8.1235	17.3426
233	19.1827	12751.8902	54.7291	7.4726	10.4985	14.2098
211	23.8037	15595.3913	73.9118	6.7602	10.448	20.2918
366	39.4168	25779.8133	70.4366	8.3086	10.5762	37.0513
180	18.0948	11331.8731	62.9549	7.4892	9.7483	13.278
237	18.3231	13927.105	58.7642	7.6159	9.8611	13.4348
651	29.2581	33299.5017	51.1513	10.6879	16.3096	21.813
95	21.2099	9154.1772	96.3598	6.1431	11.1392	16.9717
99	27.7907	9008.5726	90.9957	5.2925	5.8054	26.6572
402	22.775	21343.4185	53.0931	10.0293	11.5433	16.878
223	18.6461	13981.3695	62.6967	7.7475	10.5668	13.2663
112	17.737	8554.6568	76.3809	5.9651	8.4788	14.3919
231	37.411	21700.9906	93.9437	7.6006	19.8403	30.7925
116	14.9499	7468.0063	64.3794	5.735	7.2763	11.7331
598	37.5733	30200.1683	50.502	11.0949	12.211	33.7572
139	18.0567	10027.6318	72.1412	5.7411	9.1075	14.4961
177	17.5474	10378.3772	58.6349	6.9009	8.1554	13.9204
79	12.4947	5652.1352	71.546	4.8415	7.0641	9.0981
63	15.6211	6781.4167	107.6415	5.6973	6.5444	12.9896
300	20.7048	14208.5834	47.3619	7.5683	9.0648	17.007
370	26.3958	21082.7199	56.9803	7.9927	14.0019	20.8998
713	28.8279	34906.8115	48.9577	11.657	15.4636	21.355
61	20.7754	6216.3618	101.9076	5.6342	6.577	18.8842
347	19.7	15681.6973	45.1922	9.9218	10.5649	13.3427
374	23.2916	18597.6141	49.7262	8.0951	12.2841	18.0574
367	33.6202	20852.2725	56.8182	6.4183	10.4824	31.2929
129	16.9495	9128.5234	70.7637	6.3896	8.9821	12.8756
319	19.2324	14176.0635	44.4391	9.7887	11.5732	11.8374
162	16.0693	9191.4599	56.7374	6.4087	7.774	12.5186
313	19.5385	14950.8356	47.7662	8.5745	10.4962	14.0734
100	13.5114	6433.4565	64.3346	5.5586	8.3142	9.0848
434	20.8499	17471.7275	40.2574	9.5773	12.5087	13.6575
251	17.678	12109.8189	48.2463	7.6569	10.2962	12.1603
426	21.7775	19898.4693	46.71	10.51	12.2321	14.6347
151	15.7452	8742.402	57.8967	6.7411	7.4884	12.0994
241	19.455	16101.4719	66.8111	9.7135	11.1067	12.6802
102	28.9648	10137.7475	99.3897	3.8166	6.6354	27.935
220	16.8068	10402.8416	47.2856	7.1227	9.7141	11.7206
306	18.7596	14031.0347	45.8531	9.6072	10.4541	12.2611
141	19.5833	10609.8602	75.2472	5.3309	10.3128	15.7712
426	22.8384	19914.0126	46.7465	8.4671	12.5484	17.1008
198	16.3195	10375.5544	52.4018	8.2745	9.3599	10.5
209	18.9829	13472.2745	64.4606	6.6877	11.6727	13.393
1181	36.0742	56784.7877	48.082	14.0243	21.1575	25.6326
88	12.4048	5955.9087	67.6808	5.9918	7.1464	8.1797
164	17.6743	10972.9063	66.908	6.7136	7.7317	14.4058
198	20.4547	13262.5571	66.9826	6.9998	10.5862	16.0415
175	21.5182	12245.8932	69.9765	7.244	7.9954	18.618
108	16.6873	7787.6872	72.1082	5.8666	7.871	13.4943
278	30.4684	28866.5402	103.8365	9.4038	14.25	25.2355
151	32.5443	11738.8606	77.7408	4.8595	7.8605	31.2047
630	32.7352	33751.9674	53.5746	11.4566	15.4394	26.4947
140	18.2973	9350.606	66.79	7.3296	7.9039	14.7851
300	18.5176	14279.4951	47.5983	9.0296	10.6585	12.1558
138	15.9768	8715.8002	63.158	6.1919	7.7043	12.5524
609	24.2817	25402.0091	41.711	11.7934	13.7925	16.1333
114	13.3679	6639.1795	58.2384	6.6963	7.7666	8.5756
280	19.6656	13835.4313	49.4123	6.2216	12.5575	13.7963
90	14.5777	6442.1529	71.5795	5.0704	6.3052	12.1263
189	25.6657	13229.7086	69.9985	5.9702	7.7999	23.7117
101	14.9281	7737.1219	76.6052	5.4241	9.2932	10.3472
274	21.0878	14494.9087	52.9011	7.6373	9.1614	17.3907
178	31.791	13452.1212	75.5737	5.7462	7.3828	30.3832
147	15.4308	8579.4774	58.3638	7.2505	7.4246	11.4199
95	17.0717	9484.5113	99.837	8.9612	9.8814	10.6536
240	32.0323	14654.2116	61.0592	6.9246	8.0328	30.2257
80	14.2015	6434.3037	80.4288	4.7029	6.8023	11.5453
110	14.2165	7660.3462	69.6395	6.7404	8.0083	9.6199
135	23.86	10701.896	79.2733	7.1875	13.2887	18.4675
92	18.6767	7936.5403	86.2667	6.229	7.9333	15.7189
326	19.4354	14905.8321	45.7234	8.7026	10.4109	13.9145
75	11.6588	4848.4032	64.6454	5.1833	6.0663	8.5006
85	12.4627	5985.6614	70.4195	5.5515	6.6196	8.9822
144	14.8165	8388.7928	58.2555	6.8751	8.4953	10.0046
266	17.2592	11389.1402	42.8163	8.3754	9.3177	11.8707
346	22.7165	17253.7312	49.8663	8.8407	10.167	18.2897
57	14.4877	5323.626	93.3969	4.5547	7.8124	11.3187
295	19.0771	13801.5793	46.785	8.5237	10.0763	13.7751
301	19.1685	14497.544	48.1646	8.8629	9.9008	13.815
58	14.6518	5200.7341	89.6678	3.5213	5.3818	13.1648
70	12.6789	5854.8392	83.6406	5.2749	6.8799	9.2518
89	19.886	9498.816	106.7283	5.3994	7.7079	17.5182
259	18.2006	13307.768	51.3813	8.4028	9.1348	13.312
115	15.6186	7347.0384	63.8873	5.0737	7.8412	12.5186
587	27.4282	25031.6361	42.6433	8.8407	13.0705	22.4345
89	17.0716	6717.0668	75.4727	4.6074	5.1912	15.5969
765	41.5373	47185.1783	61.68	15.2318	18.9998	33.6504
373	24.9729	22068.6815	59.1654	8.6044	13.7277	19.0042
208	19.0847	11584.6599	55.6955	6.9514	9.2871	15.1543
186	20.3302	12119.8205	65.1603	7.2505	9.1741	16.6308
155	15.5901	9387.4363	60.5641	7.0074	8.3758	11.1263
202	20.2037	16605.5475	82.2057	8.6191	11.6972	14.0384
293	19.679	15143.1902	51.6832	8.84	10.8192	13.8587
556	25.4504	22971.4061	41.3155	9.7346	11.7273	20.3821
184	18.2284	11905.2516	64.7025	7.3518	10.3878	13.0507
668	31.6865	33089.6923	49.5355	10.962	12.5813	26.9366
237	17.6883	12528.62	52.8634	8.5512	10.2836	11.5759
181	18.1499	14265.8095	78.8166	8.5384	9.9709	12.5338
273	18.078	13097.3592	47.9757	8.2166	10.8933	11.8591
400	24.1875	24323.592	60.809	10.6122	13.5094	17.0267
469	23.1868	21596.4835	46.0479	9.1092	12.7729	17.0735
251	22.0475	15644.1526	62.3273	7.0834	10.5002	18.0461
1341	43.1275	67440.307	50.2911	18.0661	18.5064	34.5125
130	14.7992	8093.0442	62.2542	6.4069	7.3831	11.1112
148	20.4675	11676.693	78.8966	6.4078	7.5641	17.9065
364	22.0012	19615.2254	53.888	8.7457	13.0016	15.4442
259	18.5614	13041.5772	50.3536	7.2172	9.8741	13.9621
157	19.8076	10513.0267	66.962	6.4436	8.1482	16.865
175	17.3463	10408.8789	59.4793	6.7237	7.4613	14.1426
121	14.4677	8014.4486	66.2351	5.7944	7.643	10.8316
216	17.5824	12348.1924	57.1676	7.207	10.7144	11.9332
296	32.0937	16914.4003	57.1432	6.8005	7.7424	30.3943
726	27.8809	32300.5241	44.4911	11.481	14.2155	21.0583
424	20.9054	16692.275	39.3686	8.806	11.9809	14.6952
243	17.1565	10679.8501	43.95	7.9026	8.6512	12.532
416	24.4778	18367.0124	44.1515	8.7257	9.4668	20.8184
447	42.5246	29061.9394	65.0155	9.6876	13.4237	39.1701
425	23.6796	18401.7053	43.2981	8.4182	10.8155	19.3101
399	31.7779	22502.5134	56.3973	7.4871	11.0168	28.8515
469	59.6151	39527.1096	84.2796	9.0557	13.8931	57.262
372	24.0676	21618.2272	58.1135	8.8638	12.6195	18.4778
186	16.9195	10296.7123	55.3587	8.0649	8.3845	12.2852
193	15.9345	9074.6276	47.0188	6.5053	8.9018	11.5042
655	28.6158	29121.9051	44.4609	10.1509	13.4356	23.1367
262	20.9941	14841.3659	56.6464	7.3244	9.5062	17.2261
432	22.2048	19960.8937	46.2058	8.2207	13.7637	15.3634
381	27.0406	20275.8387	53.2174	8.3874	9.0208	24.0722
108	15.1285	9048.1723	83.7794	6.745	7.3184	11.3937
336	21.0358	15400.9045	45.836	8.2308	10.3989	16.3286
86	15.2894	6565.8223	76.3468	5.0599	7.3141	12.4366
377	23.1422	20116.4881	53.3594	8.6183	12.572	17.4136
153	19.2165	11945.926	78.0779	7.0509	8.914	15.4952
106	21.3318	10582.2872	99.8329	7.765	11.4717	16.2219
474	22.2145	21649.7757	45.6746	11.1187	12.0438	14.9935
365	23.1637	18246.663	49.9909	8.2005	11.768	18.1886
616	34.6541	39833.6234	64.665	11.8418	17.8899	27.2145
320	22.3076	16545.1671	51.7036	7.8168	13.6825	15.7897
342	27.2255	22559.8799	65.9646	10.1191	13.8432	21.1471
762	36.6145	42078.3402	55.2209	10.9009	13.0817	32.414
131	17.9967	8934.6212	68.2032	6.142	7.3045	15.2578
343	21.7604	21196.2246	61.7966	9.4223	12.5383	15.084
262	21.558	15733.3015	60.0508	7.8151	11.0994	16.7474
140	14.5665	8525.0436	60.8932	6.6415	8.5721	9.7259
312	21.2612	17050.4718	54.6489	8.6704	11.2449	15.8244
159	17.9729	10813.1106	68.007	7.561	9.6132	13.1697
103	15.0365	7201.9009	69.9214	5.7595	7.1312	11.9194
234	21.7318	16245.1769	69.4238	6.6077	12.4657	16.5292
267	18.2703	13573.0635	50.8354	8.1649	9.239	13.4826
110	19.1767	10296.6931	93.6063	6.7041	8.8201	15.6527
234	20.8513	13530.9971	57.8248	6.55	9.2568	17.4982
486	35.2747	32996.4758	67.894	10.7929	17.8544	28.4436
942	37.0546	43730.8904	46.4235	11.796	18.9753	29.5607
197	21.3995	13647.5733	69.277	7.2111	8.6758	18.1843
268	20.6791	13669.5542	51.0058	7.4973	8.9535	17.0661
139	22.1375	11536.8781	82.9991	5.6408	6.2955	20.4601
414	26.6339	25947.9926	62.6763	11.2793	13.7618	19.8181
224	16.6947	10743.3777	47.9615	7.4984	8.964	11.922
391	26.0611	21909.2176	56.0338	9.9127	13.4293	20.0143
246	21.8184	17593.2146	71.5171	7.4794	9.3507	18.2392
362	25.6301	17795.719	49.1594	7.361	9.3465	22.7016
380	23.7036	20272.4439	53.3485	9.4726	11.6111	18.366
350	22.875	18015.4529	51.4727	7.3311	12.6203	17.6138
365	20.8538	17815.7616	48.8103	9.1979	11.5217	14.7489
162	23.8852	14109.8348	87.0977	6.1778	12.2105	19.5765
542	25.2792	26074.6336	48.1082	10.941	14.3527	17.7012
205	16.1322	10204.4237	49.7777	7.587	9.2965	10.7824
422	24.2312	24274.9404	57.5236	11.0895	14.8794	15.5813
57	12.9796	5072.0193	88.9828	5.4587	5.5597	10.3808
157	17.7086	9523.1702	60.6571	6.0802	9.0855	13.9313
206	18.8308	11273.9291	54.7278	6.9294	9.3822	14.7837
1139	33.9209	50155.2161	44.0344	15.5424	16.8373	25.0113
312	19.5639	14097.2277	45.1834	7.4551	10.9938	14.3633
75	32.7321	7519.5343	100.2605	2.8012	3.9705	32.3694
259	18.4005	13597.1091	52.4985	7.7676	10.2608	13.1514
242	17.2634	11656.4145	48.167	8.2373	9.2531	12.023
336	19.6082	14171.4234	42.1769	8.4601	10.1346	14.4981
382	26.688	21125.165	55.3015	8.5214	11.4995	22.5254
238	20.0664	16615.7664	69.8141	7.9891	10.8393	14.8777
346	27.3468	18060.111	52.1969	7.9236	12.0833	23.2177
385	22.5894	17820.8111	46.2878	7.6882	11.4718	17.8765
86	13.0484	6268.7789	72.8928	5.747	6.4348	9.7891
345	19.064	14348.4659	41.5898	8.7641	10.7063	13.1149
249	19.837	14736.9438	59.1845	6.9716	11.321	14.722
217	33.4718	12996.815	59.8932	5.8232	7.5555	32.0837
219	19.8284	13486.9237	61.5841	8.2841	9.0315	15.5875
226	17.5225	12014.8473	53.163	7.2947	10.8712	11.6466
162	22.3638	10986.1608	67.8158	6.8638	8.9162	19.3269
355	20.7867	17927.2387	50.4993	10.0681	11.7931	13.8435
388	20.9513	18343.4818	47.277	10.8368	12.5289	12.8275
525	29.5938	30095.5504	57.3249	9.1567	18.1524	21.5043
140	18.6537	9451.5256	67.5109	6.39	10.7537	13.8378
110	13.3908	7027.1579	63.8833	6.7757	7.2357	9.0027
183	16.5884	9859.6357	53.8778	7.1501	9.1314	11.8604
129	16.6198	10565.4264	81.9025	5.9196	9.1901	12.5187
224	19.9736	13067.8352	58.3386	6.787	8.2447	16.8792
337	30.7049	17155.1603	50.9055	7.7185	9.4589	28.1735
539	22.8728	20509.0527	38.0502	9.694	13.4283	15.7757
242	17.6611	12523.5401	51.7502	8.0333	10.4392	11.7646
405	25.2475	19834.9123	48.9751	8.4187	16.0095	17.6141
267	19.4006	14437.5959	54.0734	9.085	10.5491	13.5115
416	28.2749	23021.5694	55.3403	9.3192	10.8596	24.3863
404	22.9615	19890.9544	49.235	8.9253	12.3463	17.1796
1847	45.8244	92250.6337	49.9462	19.6584	25.7132	32.4384
360	20.42	18010.2555	50.0285	9.4906	11.8702	13.6382
432	22.4988	19298.2565	44.6719	9.7199	12.1568	16.2459
204	16.4884	10536.8584	51.6513	7.9387	9.2904	11.0694
366	19.9118	16195.5652	44.2502	8.8271	11.1588	13.9301
99	18.2919	8701.8584	87.8976	4.5242	8.9835	15.2781
200	16.253	10948.6145	54.7431	7.384	9.2361	11.1504
205	16.5027	10299.9413	50.2436	7.7075	8.8587	11.5955
199	29.5169	14007.1231	70.3876	6.7525	9.871	26.9855
432	22.2321	19265.8365	44.5968	10.014	11.9695	15.8341
144	23.7478	10720.797	74.45	5.7749	8.4271	21.4381
421	22.7426	19185.9874	45.5724	9.7924	10.5308	17.6193
417	25.9057	21026.2273	50.4226	8.7544	13.8714	20.0512
263	21.185	14530.1696	55.2478	7.8422	9.3959	17.2922
85	12.3285	5783.2439	68.0382	6.0311	7.1882	7.9968
265	20.3983	13311.1957	50.2309	6.2674	10.6834	16.2073
91	13.9796	5670.8524	62.3171	4.5506	6.1692	11.6902
145	19.0866	9538.9335	65.7857	6.3981	6.5805	16.735
192	20.8334	11581.6749	60.3212	8.204	9.5164	16.6181
150	17.0579	10628.635	70.8576	6.2162	8.5994	13.3559
281	18.6547	14016.9242	49.8823	8.3286	11.5253	12.0747
379	29.504	21427.9424	56.5381	9.045	12.4689	25.1635
197	15.8356	9596.97	48.7156	7.6711	8.6404	10.8288
57	12.376	4780.7189	83.8723	4.6984	5.2203	10.1902
260	18.4737	13485.2929	51.8665	8.5192	10.6957	12.4218
243	17.8721	12087.4754	49.7427	8.1522	8.8286	13.2291
184	16.239	10364.3347	56.3279	7.2874	8.8324	11.5147
138	21.321	10051.8811	72.8397	5.0786	5.7699	19.8872
95	12.8501	6555.8237	69.0087	6.3513	6.7697	8.8858
191	21.1225	12150.282	63.614	7.9561	8.4603	17.6432
233	21.9514	13568.2324	58.2328	6.8323	7.6096	19.4236
128	15.1674	8223.5412	64.2464	6.3852	6.9387	11.88
703	31.7027	42681.3669	60.7132	13.7423	16.4616	23.3501
273	20.5718	12547.5208	45.9616	7.4133	7.944	17.4681
98	15.8159	7150.6076	72.9654	5.6294	7.2111	12.9016
82	28.3502	8674.9749	105.7924	3.0939	9.3694	26.5777
127	15.439	7811.8143	61.5103	5.8015	7.4649	12.2058
69	14.3115	5610.4223	81.3105	3.6273	6.9424	11.9777
168	22.4111	10812.5983	64.3607	6.1449	7.2451	20.2979
336	23.132	18539.5288	55.1772	8.2254	11.781	18.1284
292	21.1865	17766.6221	60.8446	9.8072	12.3373	14.1591
162	26.5018	14780.3209	91.2365	7.3863	8.2593	24.0743
128	13.9639	7643.8803	59.7178	6.3013	8.2921	9.3018
347	22.3527	16990.0892	48.9628	8.49	10.3759	17.8859
505	23.294	23825.9155	47.18	10.674	13.9936	15.2595
82	12.6596	5589.8782	68.1692	5.3756	7.0356	9.0481
128	21.167	9384.7008	73.318	4.2712	7.5905	19.2921
162	16.6532	11562.1376	71.3712	8.5267	8.9938	11.1237
328	19.6023	15304.356	46.6596	9.2522	10.7278	13.5485
1226	32.5456	48488.1814	39.5499	14.2258	16.8063	23.9665
449	22.8547	21106.3277	47.0074	9.1513	13.2156	16.2462
284	20.7282	15777.4755	55.5545	8.3382	10.0814	16.0779
298	19.156	13255.9604	44.4831	6.9021	11.4389	13.7283
283	19.7493	14800.1706	52.2974	7.3555	12.6569	13.2564
163	29.6933	12960.2888	79.511	6.0869	9.4191	27.4941
137	15.7301	8862.4364	64.6893	6.4125	9.5916	10.6919
92	14.6404	6789.6086	73.8001	6.0324	6.1008	11.863
498	26.7333	26823.3256	53.8621	8.7001	15.4625	19.9972
203	16.9426	10929.2146	53.8385	7.8132	8.5646	12.3553
366	27.6945	27180.5557	74.2638	8.1368	12.3789	23.3996
74	27.8797	7995.7721	108.051	4.159	13.037	24.2903
155	24.7856	16846.4012	108.6865	7.3521	9.7885	21.5513
190	19.8706	13533.0497	71.2266	8.5803	10.8687	14.251
461	22.6682	21644.4458	46.9511	9.7889	13.2259	15.5916
220	22.3857	14934.6857	67.8849	8.4326	12.9645	16.1844
194	20.3355	12763.8096	65.7928	7.8057	9.3748	16.2701
210	17.5488	10823.2816	51.5394	7.4246	8.3088	13.5573
147	14.5273	8067.377	54.8801	7.04	7.3514	10.3652
119	13.583	6551.1417	55.0516	6.3862	7.0529	9.6939
79	14.7111	6102.6386	77.2486	3.1299	7.2715	12.3995
120	19.1297	9353.5772	77.9465	6.1362	7.5408	16.475
224	17.9585	11361.7453	50.7221	7.4548	9.254	13.4647
673	35.3232	42879.642	63.7142	10.2765	21.2054	26.3145
373	31.0203	19979.5915	53.5646	9.0518	10.7594	27.6506
282	23.942	15168.8037	53.7901	6.86	8.518	21.298
513	31.0667	27756.5029	54.1062	10.6403	15.3759	24.8093
246	19.7301	15973.205	64.9317	8.3418	9.4269	15.193
634	25.9161	28221.0819	44.5127	10.26	14.423	18.9303
161	32.7161	17804.1268	110.5846	8.924	15.2013	27.5613
294	18.1122	13309.5631	45.2706	9.217	10.819	11.2272
403	26.2095	20397.312	50.6137	8.328	11.8716	21.8323
359	19.7534	15047.0238	41.9137	9.1356	10.6286	13.9202
109	14.3172	7340.9112	67.3478	5.8025	6.9437	11.0949
261	21.3287	15454.0082	59.2108	8.1438	12.3344	15.3771
800	28.3091	38392.1575	47.9902	11.5988	16.1607	20.142
228	22.9792	14801.7659	64.92	6.3629	10.8617	19.2245
615	26.5505	24096.0237	39.1805	9.8757	11.8848	21.5905
162	17.4649	10328.0884	63.7536	6.7423	8.1699	13.8858
235	18.3273	12728.7568	54.1649	7.6671	10.1162	13.22
371	21.2324	16928.5382	45.6295	8.6525	10.0489	16.5822
131	14.3492	8003.6947	61.0969	6.5237	8.1855	9.8152
156	16.1632	9586.6778	61.4531	6.4277	9.8632	11.0747
276	18.8915	15218.6234	55.1399	9.1355	10.8864	12.4466
482	23.6369	21872.4933	45.3786	10.178	10.5767	18.5269
170	18.8035	11713.8771	68.9052	7.0804	7.982	15.4831
113	17.1573	8616.9289	76.256	5.5257	7.9361	14.1724
169	15.5845	9419.3419	55.7358	7.2855	8.8188	10.5843
256	17.2604	11488.9423	44.8787	7.4136	10.1841	11.8002
393	21.5296	17716.1432	45.0792	8.6752	11.2479	16.1787
178	16.0766	9782.1382	54.9558	6.7251	9.5849	11.0164
192	20.0519	12092.9098	62.9839	7.2096	8.7864	16.5197
246	19.8259	13655.8808	55.5117	8.1239	9.1581	15.5948
115	13.7673	6623.9126	57.5992	5.9212	6.7331	10.4471
255	18.23	12900.805	50.5914	7.8613	10.6045	12.5729
167	25.3	14094.8633	84.4004	5.5765	10.4368	22.3621
197	20.9675	12364.643	62.7647	7.5787	9.5951	17.0334
237	21.404	14697.4159	62.0144	6.9288	9.8514	17.6939
805	35.1571	40251.1468	50.0014	10.099	15.1852	30.0573
188	15.2624	9290.9557	49.42	7.4464	8.7361	10.0584
151	15.2929	9551.3554	63.254	7.4343	9.3457	9.5531
297	22.9377	17231.9333	58.02	8.1337	10.2575	18.8352
110	13.9402	7349.9491	66.8177	6.7484	8.0967	9.1232
406	22.3987	19415.6428	47.8218	9.5896	10.2305	17.4665
214	19.3607	12726.6274	59.4702	6.5514	9.4237	15.5919
180	19.7225	11352.1973	63.0678	6.3545	7.6609	17.0268
318	29.5858	18014.7409	56.6501	8.2778	10.5858	26.3579
408	23.8343	22185.2209	54.3755	8.637	13.1187	17.927
101	13.1904	6375.19	63.1207	6.0341	6.8977	9.4868
123	16.5408	9663.8118	78.5676	6.3464	9.3849	12.0518
353	28.4998	20607.2633	58.3775	7.1898	9.5489	25.8721
374	28.7072	24828.8393	66.3873	7.1194	14.2158	23.9026
219	19.9993	13146.27	60.0286	7.3018	9.3728	16.0875
107	16.7305	8553.1013	79.9355	5.4114	8.1695	13.5605
78	20.8008	7466.5494	95.725	4.824	5.7609	19.3963
114	13.2437	6397.5831	56.1191	5.7393	7.9375	8.9136
895	34.1587	39823.913	44.496	10.8184	15.9982	28.175
308	20.9247	15628.665	50.7424	8.529	10.8887	15.7014
204	21.8083	12813.6659	62.8121	6.8173	6.9864	19.5017
312	30.0643	29908.5539	95.8607	10.0455	15.2684	23.8711
119	15.4822	7691.5728	64.6351	6.3061	7.2783	12.1226
360	28.5294	21328.3087	59.2453	9.0588	12.517	23.9831
156	18.1822	11121.7234	71.2931	5.6805	10.3882	13.7989
308	19.1462	14550.1297	47.2407	9.2446	10.2184	13.2929
338	42.9025	19378.8591	57.3339	6.7718	9.95	41.1797
238	21.18	14022.6959	58.9189	8.4637	9.6269	16.8606
257	19.965	13330.3972	51.8692	7.7936	9.3053	15.8516
219	16.4846	9910.0774	45.2515	6.6754	10.4152	10.8952
233	24.7599	14705.4744	63.1136	7.035	10.0312	21.5159
190	20.1348	13184.2712	69.3909	7.4238	12.0877	14.2892
216	32.7972	13124.8367	60.7631	5.8439	8.0587	31.25
392	22.936	19185.0442	48.9414	9.1027	10.1109	18.4655
186	29.239	13975.0264	75.1346	7.7721	11.6637	25.6608
122	19.4332	9769.1124	80.0747	4.0704	13.2234	13.6464
121	15.6173	7908.2312	65.3573	5.6899	7.2989	12.5798
169	30.4733	12529.3424	74.1381	6.0519	7.5915	28.8853
241	20.3519	13778.7983	57.1734	6.988	9.4823	16.5968
272	18.4236	13241.212	48.6809	7.9989	10.6589	12.7215
202	22.4319	11894.4706	58.8835	6.5052	8.271	19.8107
288	19.8108	14917.3663	51.7964	7.62	10.5649	14.926
214	20.4184	13551.6818	63.3256	6.7347	9.7171	16.6473
116	14.4148	7270.7962	62.6793	5.4138	9.0443	9.8325
339	28.2212	20755.3189	61.2251	8.8239	10.195	24.7919
194	19.249	13208.5395	68.0853	8.079	11.1073	13.4864
214	21.0329	12526.6043	58.5355	6.4703	9.7031	17.5034
165	16.3074	8662.7283	52.5014	5.0455	9.7936	12.0233
249	19.0624	13803.5126	55.4358	7.0074	12.2686	12.7966
423	25.1298	22246.7917	52.5929	9.0321	12.2634	19.9885
127	15.0856	7291.6522	57.4146	5.867	6.5791	12.242
287	24.048	17055.3974	59.4265	6.3427	10.3484	20.7602
138	27.3	9792.9292	70.9633	4.739	6.2854	26.1405
555	25.7009	26073.6186	46.9795	11.1555	12.8696	19.2474
260	21.2833	15360.613	59.0793	7.0563	13.2512	15.0861
247	19.5391	12829.607	51.9417	7.7424	8.1685	15.9721
620	32.4427	31322.719	50.5205	10.9048	13.8332	27.2444
443	22.7862	19413.9067	43.8237	9.1569	10.6304	17.9543
338	19.7976	15210.4141	45.0012	8.913	10.511	14.2135
261	19.5062	13232.7416	50.7002	7.6164	9.7386	15.0878
113	18.2403	11999.0833	106.1866	7.2589	9.0394	14.082
177	19.1525	10376.674	58.6253	6.3417	6.7638	16.7587
221	16.7583	11359.291	51.3995	8.1929	9.6111	11.0157
314	20.4413	15122.2036	48.1599	8.6435	9.4571	15.928
336	26.6006	18633.1753	55.4559	8.9954	13.1503	21.3012
103	15.8141	7270.0867	70.5834	5.3976	6.3719	13.4295
123	23.2992	8843.8491	71.9012	5.2531	5.5415	22.0125
415	22.6815	19589.9157	47.2046	9.5161	13.2951	15.7205
636	38.1015	40365.9643	63.4685	15.7824	17.6148	29.8724
152	20.7153	12655.2065	83.2579	7.3599	9.2476	17.0128
58	10.8262	4247.4303	73.2316	5.2441	6.4075	6.975
134	15.0395	7727.4835	57.6678	6.2023	6.8459	11.8681
67	15.796	5781.5859	86.2923	4.3914	5.6017	14.1014
98	20.3252	9154.2443	93.4107	5.2666	6.8741	18.3881
118	18.239	8987.2458	76.1631	5.9718	7.1209	15.6937
230	18.8291	10190.7641	44.3077	6.0795	7.744	16.0501
168	16.3752	9325.6551	55.5099	6.6052	8.6231	12.2541
185	16.2491	9186.36	49.656	6.642	8.575	12.099
146	30.8932	12185.8188	83.4645	5.7822	7.0021	29.5284
314	24.0263	18691.5833	59.5273	8.083	11.6413	19.4012
112	41.683	11155.5176	99.6028	4.1582	6.0752	41.0277
245	18.7052	14271.6861	58.2518	7.7365	11.2927	12.7479
130	18.1029	8816.1883	67.8168	5.0917	6.6105	16.0652
178	15.199	9101.7411	51.1334	7.6806	9.0077	9.5332
66	19.8903	6881.3399	104.2627	4.0063	6.339	18.4225
98	14.7211	7790.5018	79.4949	5.3705	8.8934	10.4297
182	21.4279	12504.0454	68.7035	7.3395	7.7979	18.5601
160	18.6862	9979.3458	62.3709	5.9625	7.6728	15.961
96	24.3023	9248.4279	96.3378	5.4676	6.0902	22.8827
299	26.6889	18163.4763	60.7474	9.9675	11.4579	21.9468
397	20.305	17936.206	45.1794	10.7323	11.6339	12.7186
643	54.2732	35679.6936	55.4894	8.4664	17.4204	50.6994
118	15.8721	7573.5785	64.1829	5.3115	6.2002	13.6113
438	27.0181	22469.4139	51.3	9.2544	10.4841	23.1174
424	42.3727	30650.2861	72.2884	9.0112	12.4427	39.4895
248	27.2895	16760.9292	67.5844	7.9913	9.3117	24.3751
733	26.4462	26980.425	36.8082	10.2687	12.7112	20.7937
126	14.8906	7753.6786	61.5371	5.8674	8.1359	11.0051
302	19.038	14605.5814	48.3629	9.6235	10.6988	12.4648
217	20.8416	12224.8855	56.3359	6.4625	9.9376	17.1422
107	19.9191	11126.94	103.9901	6.056	11.0797	15.4057
151	16.0502	8467.2705	56.0746	5.5463	8.2289	12.6148
216	37.0314	16559.0424	76.6622	5.5583	6.6428	36.0043
275	22.0458	15925.3095	57.9102	7.0471	9.7907	18.4526
223	18.9867	12274.5221	55.0427	7.3152	8.5106	15.3151
365	23.9124	19089.3874	52.2997	8.297	11.3912	19.3184
77	19.6264	8032.0579	104.3124	5.2797	8.9503	16.6497
374	23.0721	18296.7717	48.9218	8.7701	11.2533	18.132
276	18.4593	13087.1078	47.4171	7.6453	10.6177	13.0215
100	14.0108	7187.0973	71.871	5.4508	8.1626	9.9981
158	16.4846	9350.177	59.1783	7.4376	8.2425	12.1855
274	18.6332	13738.6775	50.1412	8.0653	10.3714	13.2129
194	18.3625	13634.7623	70.2823	7.7546	9.3286	13.7851
290	22.6217	15709.5572	54.1709	7.3449	10.8743	18.4267
214	24.2443	14194.1754	66.3279	7.3199	7.9449	21.7044
241	17.0378	11609.4068	48.1718	8.7892	9.243	11.2962
308	19.6799	14186.8205	46.0611	7.5338	12.2227	13.4591
620	26.4787	28266.2575	45.5907	11.8398	12.811	19.9202
391	54.8435	26637.627	68.1269	9.1604	13.4787	52.3663
270	18.1567	13069.9808	48.4073	8.2672	10.8067	12.0222
377	56.1168	27045.1483	71.7378	7.3166	8.7626	54.9435
207	20.1927	11975.4871	57.8526	6.1425	9.1713	16.9086
82	16.6996	6677.3086	81.4306	4.8102	5.0043	15.1887
761	34.0733	42740.1847	56.1632	12.8896	18.8235	25.3086
99	16.99	8781.8362	88.7054	6.1563	8.7478	13.1999
370	21.0513	17136.5269	46.3149	9.3415	11.7476	14.7611
463	23.261	19264.9978	41.6091	8.8139	12.6201	17.4392
114	13.3535	6669.6407	58.5056	6.6903	7.7131	8.606
624	36.6684	32916.3659	52.7506	8.7546	22.1823	27.8545
297	21.5701	17153.5247	57.756	7.9565	10.761	16.9164
519	23.2466	20080.1325	38.69	10.2403	10.9559	17.7625
366	20.5944	17406.3971	47.5585	9.0585	11.7452	14.2872
90	13.4715	6023.782	66.9309	5.139	7.8282	9.6846
551	28.4724	28904.8374	52.4589	9.7915	12.6281	23.5656
244	17.9133	14229.7335	58.3186	8.7892	10.2293	11.7898
211	20.8028	12139.5521	57.5334	7.2617	9.711	16.9033
361	22.8735	18678.0753	51.7398	8.1322	12.0814	17.6381
563	24.751	22669.2555	40.2651	9.8266	13.4302	18.3217
281	24.0055	16809.7742	59.8213	8.3751	14.3532	17.3236
180	18.9893	14804.0222	82.2446	7.2881	10.6507	13.9298
257	18.5516	12588.9339	48.9842	8.0876	9.581	13.6731
131	17.1398	8380.975	63.9769	5.8304	7.2975	14.3709
226	17.7288	11213.3919	49.6168	7.2918	9.0917	13.3597
299	35.1117	22670.7396	75.8219	6.6861	13.3709	31.7702
197	16.5983	10756.6273	54.6022	7.3614	8.9528	11.8811
208	20.4706	12967.5771	62.3441	6.7193	8.7519	17.2424
135	18.6736	9750.7831	72.228	5.7522	6.7841	16.4192
602	29.5578	32276.1871	53.6149	11.0889	12.6242	24.3173
521	30.8689	27585.4635	52.9471	9.9309	12.9121	26.221
260	19.5306	15186.5383	58.4098	7.8305	10.3766	14.5758
177	17.223	10319.6477	58.3031	7.1341	7.9713	13.4979
241	21.9224	15711.7845	65.1941	9.0965	11.6736	16.1732
150	16.5686	9467.1763	63.1145	7.2932	8.0009	12.5425
146	23.86	12411.6157	85.0111	5.8316	9.229	21.2159
288	19.6369	13922.3481	48.3415	7.5267	10.8043	14.568
298	19.1296	14233.4631	47.7633	8.5853	9.2452	14.3792
159	16.8442	9584.7789	60.2816	6.3268	7.8874	13.4718
64	18.6285	7530.1375	117.6584	5.043	10.0627	14.8435
292	19.7967	15394.8943	52.7222	8.1903	10.8126	14.4192
274	17.7802	11871.6107	43.327	8.0387	9.6794	12.5629
263	20.7442	14157.3017	53.83	7.7006	9.1776	16.9351
156	15.7178	8837.4907	56.6506	7.0663	9.6961	10.1539
119	16.2912	8756.0692	73.5804	6.8265	9.2261	11.5621
127	18.9624	10017.6439	78.8791	5.9976	9.0161	15.5663
416	23.5779	19125.321	45.9743	7.7601	13.0795	18.0173
255	20.4209	14889.4295	58.3899	7.9503	9.786	16.0636
308	21.857	17769.7639	57.694	8.5506	11.1677	16.7302
178	30.0214	12961.6665	72.8184	5.8216	6.4049	28.7466
154	14.6218	8148.8625	52.9147	7.6064	8.4161	9.2254
225	22.6086	17029.3685	75.6861	8.276	12.2654	17.0944
94	15.0734	6682.2551	71.0878	6.0977	6.5194	12.1459
96	23.0727	9223.9585	96.0829	5.5385	9.7537	20.1628
214	18.37	12318.4476	57.5628	6.6971	9.2092	14.4152
283	22.4809	16027.8614	56.6356	8.6638	12.8666	16.2721
249	19.9241	13243.6969	53.1875	7.5878	8.457	16.3669
566	29.6219	27049.9535	47.7914	8.1818	14.6944	24.3842
130	20.5749	9609.1591	73.9166	5.5625	10.3452	16.8926
103	17.2014	7151.9143	69.4361	4.8536	6.0444	15.3556
580	31.2545	27421.9774	47.2793	8.7248	15.5996	25.6393
283	23.3606	16681.1198	58.9439	8.4057	14.1164	16.607
132	21.7212	11257.7098	85.2857	5.7287	7.1309	19.7014
114	13.7534	7250.7853	63.6034	6.4743	6.9088	9.9753
230	18.6112	12973.554	56.4068	7.2935	10.6304	13.4229
48	15.5178	5142.0784	107.1266	4.8872	5.4394	13.6869
620	29.8837	29729.8377	47.9514	10.3735	11.806	25.4174
349	25.7341	22158.2311	63.4906	9.8506	10.6884	21.236
203	27.2012	13654.6295	67.2642	6.2128	7.6952	25.3395
480	37.5357	29158.4919	60.7469	8.3341	20.3545	30.4165
237	24.2903	16661.9304	70.3035	6.5449	13.5422	19.0734
226	16.5746	10927.7388	48.3528	7.673	9.9781	10.7833
105	18.5342	9444.6791	89.9493	6.2005	9.8794	14.4037
241	20.1479	18173.5386	75.4089	8.3324	11.3125	14.4407
395	22.8782	21138.1338	53.5143	10.9816	13.2843	15.0447
507	24.4554	24321.654	47.9717	9.8663	14.7768	16.804
97	14.7336	6515.0878	67.1659	4.6428	8.8665	10.8125
65	17.4995	7524.1298	115.7558	5.836	6.8668	15.0008
306	20.585	15435.8299	50.4439	8.4349	9.6881	16.0853
191	17.9698	12045.6797	63.0664	7.8463	9.2085	13.2873
135	19.5633	9982.627	73.9454	5.4327	9.2956	16.334
179	16.7105	9586.6602	53.5568	7.1508	7.447	13.1396
420	20.9795	16839.8025	40.0948	9.1311	11.9558	14.6226
100	13.9477	6159.1258	61.5913	4.1896	7.7614	10.8049
362	19.8208	15192.987	41.9696	9.1519	11.0319	13.6895
933	32.1167	40425.4706	43.3285	11.6224	15.8366	25.4087
450	22.1855	19884.032	44.1867	9.0011	13.0854	15.4903
53	20.2368	5774.8232	108.9589	3.9214	6.4628	18.7719
83	16.7941	6513.001	78.4699	4.0411	7.0495	14.6975
252	17.8201	11442.6426	45.4073	7.9656	9.4488	12.8383
168	15.6779	8642.9316	51.446	6.4307	9.7561	10.4528
87	17.6701	7623.0509	87.6213	5.0274	6.6487	15.5805
110	13.6834	7159.5077	65.0864	6.5059	7.8329	9.1408
283	25.7067	16128.1311	56.9899	7.565	8.8596	22.9153
108	14.7349	7687.4414	71.18	5.973	6.5754	11.756
59	11.367	4294.3598	72.7858	4.3218	5.394	9.0241
137	34.3693	11342.1797	82.7896	4.5639	6.2016	33.4956
393	23.9042	21189.0087	53.9161	7.4995	15.5207	16.5613
179	17.3641	11089.1505	61.9506	7.344	9.0426	12.8767
454	22.8606	21452.7032	47.2527	10.6838	12.5993	15.8024
336	22.0714	16926.4299	50.3763	8.2387	11.2166	17.1306
130	24.9446	9155.8827	70.4299	5.0772	9.6698	22.4265
89	12.9899	5643.0925	63.4055	5.1087	6.0963	10.27
66	27.0991	6971.334	105.6263	4.0934	6.4402	26.0024
73	21.7355	7996.0077	109.5344	5.4754	7.7262	19.5641
250	18.6137	13355.9375	53.4238	8.1626	9.6993	13.6296
62	10.6495	3989.8053	64.3517	4.9691	5.8839	7.3553
308	21.0803	16690.3481	54.1894	7.9483	10.5038	16.4583
147	16.9747	10049.8613	68.3664	7.5912	9.9708	11.4497
1188	35.1359	54591.2813	45.9523	15.8886	18.0782	25.5981
146	14.2934	7825.6977	53.6007	7.0694	8.0278	9.4806
163	15.4716	9045.0933	55.4914	7.1176	8.935	10.4344
118	45.4496	12215.9639	103.5251	4.037	4.4923	45.0465
226	18.5285	12687.728	56.1404	7.2763	9.6313	14.057
310	20.8849	15922.6551	51.3634	8.0607	10.1872	16.3531
335	19.5512	16160.3902	48.24	9.3994	11.2065	12.9735
100	13.5229	6292.4724	62.9247	5.0435	8.163	9.5287
352	22.0016	16711.9816	47.4772	8.4225	9.365	18.0396
231	23.4696	15246.4876	66.0021	8.6966	12.1457	18.1018
161	21.8533	12457.2264	77.3741	7.3046	10.4663	17.7388
213	25.6832	16718.8622	78.4923	6.8486	15.6276	19.1965
356	21.8001	16798.4734	47.1867	8.3735	9.7761	17.5942
510	25.4727	24817.2427	48.6613	10.9922	12.0682	19.5548
1099	37.2442	48663.5411	44.2798	14.817	20.0949	27.6365
553	25.1218	24283.2166	43.9118	8.9659	13.5513	19.1593
82	24.005	9893.656	120.6543	6.4628	13.8849	18.4846
186	15.2437	8980.2603	48.281	7.4395	8.8121	9.9685
474	22.5133	21862.7978	46.124	10.5276	13.4543	14.6628
404	20.0016	16537.8336	40.9352	9.8783	11.1294	13.3649
247	29.3072	17482.6051	70.7798	7.9316	9.8718	26.43
240	24.5839	13994.2142	58.3092	6.9431	10.5732	21.0801
391	22.0326	18094.7814	46.2782	8.5875	10.7457	17.211
408	23.68	19646.9602	48.1543	8.9494	10.8457	19.0531
634	38.4281	33571.5912	52.952	8.2126	15.0616	34.3863
135	30.2866	10860.8323	80.4506	4.3681	4.9929	29.5511
286	25.8369	19196.925	67.1221	8.7237	12.3884	20.9277
334	26.315	19702.6893	58.9901	6.9054	14.5969	20.778
222	18.067	12105.4322	54.529	7.1457	9.8418	13.3601
162	19.9442	11117.0961	68.624	5.9638	6.5444	17.8711
266	18.6995	14132.7065	53.1305	8.3409	11.5491	12.1128
227	18.7887	13424.3548	59.1381	7.5847	8.8415	14.7416
269	21.6386	13790.2769	51.265	7.4713	9.2502	18.0788
218	16.192	10355.0634	47.5003	8.1308	9.6076	10.1865
1005	78.6336	67667.3984	67.3307	16.124	25.5931	72.5827
181	19.5548	12174.0962	67.2602	5.9053	9.1478	16.243
45	11.6323	3990.7902	88.6842	3.4692	5.5503	9.6161
618	27.3023	28767.1165	46.5487	11.369	13.119	21.0725
395	25.4244	21074.3813	53.3529	9.8821	10.8792	20.7458
127	15.5846	8266.3428	65.0893	6.6604	7.7202	11.7864
492	22.1425	19807.1737	40.2585	10.3785	11.5027	15.8197
484	22.7326	21416.8141	44.2496	10.4325	12.5625	15.8151
504	56.1821	31820.9238	63.1368	8.6501	13.5527	53.8324
467	32.1064	25861.5286	55.378	9.8816	11.7206	28.21
93	24.869	10204.836	109.7294	4.603	11.1793	21.7325
261	20.3236	14368.9161	55.0533	6.9257	12.2688	14.6479
61	12.1407	4911.7499	80.5205	4.3291	6.7939	9.0829
165	25.6684	12955.4308	78.5178	5.6028	8.8723	23.4256
284	17.8205	12520.6905	44.0869	9.0172	9.4566	12.1174
329	26.0534	16991.184	51.6449	8.3147	9.8865	22.6253
89	20.6586	8337.5092	93.6799	5.0654	6.4727	18.9531
128	15.8933	11663.3718	91.1201	7.6551	9.3915	10.2857
660	33.5615	35598.2424	53.9367	10.2265	21.5373	23.6207
117	16.9357	9734.621	83.2019	5.6611	8.1176	13.7432
103	17.8755	8324.0771	80.8163	5.4641	7.5785	15.2395
161	19.1028	10174.4726	63.1955	5.8298	8.2068	16.2351
118	13.5966	6849.2232	58.0443	6.6407	8.0901	8.6785
295	31.929	17195.359	58.2894	8.2956	9.6976	29.2677
144	18.1284	11054.2997	76.766	6.6966	9.0318	14.2205
185	16.6892	11009.3212	59.5098	7.0336	9.4943	11.7862
759	35.8783	40147.2976	52.895	12.6355	16.1941	29.4168
259	22.2719	15545.7606	60.0222	8.1825	11.756	17.0552
1075	35.2708	59013.2795	54.8961	16.1254	18.5538	25.2934
552	40.8785	38620.3585	69.9644	8.9224	13.0872	37.6851
92	18.101	7314.8852	79.5096	3.4265	7.4941	16.1165
600	25.5777	29014.9715	48.3583	10.6231	14.3904	18.2835
355	21.1745	17278.6966	48.6724	7.8708	11.4199	15.9999
294	18.8545	13584.4473	46.2056	7.7746	10.057	13.9249
230	19.683	13384.0849	58.1917	7.4869	8.6005	16.0436
317	35.0663	19288.1013	60.8457	7.0576	8.6579	33.2396
409	33.5121	26482.9442	64.7505	9.4412	12.9988	29.4102
233	18.5582	11117.4601	47.7144	6.8434	8.6244	14.9397
112	14.1539	7771.5336	69.3887	7.0252	8.4716	8.9001
46	14.2663	4652.6972	101.1456	4.1198	5.2407	12.6131
417	31.9974	36735.3148	88.0943	13.9668	19.7439	20.9509
259	26.3757	18512.7854	71.4779	8.3163	11.3695	22.2991
317	27.7673	26526.2963	83.6792	9.6277	15.1567	21.1802
199	18.3202	12330.1207	61.9604	7.3491	9.5068	13.829
481	21.9439	18402.5878	38.259	9.1341	11.805	16.0855
57	14.1462	5074.1022	89.0193	3.0181	6.1789	12.3623
892	37.8375	44142.9963	49.4877	12.1269	20.5908	29.3366
221	17.613	12489.0574	56.5116	8.6576	10.014	11.6183
380	22.3205	17910.5611	47.1331	9.1798	13.1928	15.4882
129	16.7211	9083.3093	70.4133	6.6594	9.4459	12.0839
282	19.032	12560.253	44.5399	7.9222	8.9198	14.8288
244	18.2847	12142.5174	49.7644	7.5124	8.5259	14.3248
84	23.3764	9077.7834	108.0688	6.7344	8.0798	20.8763
292	19.5432	14832.682	50.7969	8.0704	11.1098	13.906
381	24.6775	20374.4297	53.4762	10.7571	12.0625	18.6484
363	22.2614	16948.9095	46.6912	7.4974	11.4852	17.5342
60	15.9958	6250.0554	104.1676	3.7302	9.2701	12.4906
156	23.2104	11608.6364	74.4143	6.8139	10.1178	19.7465
333	19.9535	14272.1681	42.8594	8.1895	10.6103	14.7817
164	16.0658	9945.6717	60.6443	7.2674	9.8088	10.4443
321	19.2397	14917.5623	46.4722	8.888	10.8326	13.1843
110	15.1794	6743.4806	61.3044	5.3437	6.5972	12.5832
86	12.4196	5435.3123	63.2013	5.2478	6.5815	9.1319
292	25.4019	19493.5637	66.7588	9.789	12.3867	19.8998
156	15.6052	9108.8979	58.3904	6.139	9.4784	10.77
371	23.0144	19745.7697	53.2231	8.4148	12.502	17.3941
449	27.8743	25101.4417	55.9052	11.3361	12.5837	22.1387
218	19.5062	11611.9139	53.2657	5.8923	8.755	16.405
721	33.6761	41861.6439	58.0605	12.6594	14.2736	27.7504
180	16.3814	11009.4682	61.1637	7.6028	9.599	10.8814
311	19.1324	14377.636	46.2303	8.8194	10.5527	13.3006
124	15.0262	8060.8418	65.0068	6.0897	7.2351	11.6771
778	34.2928	48008.002	61.7069	14.5893	21.3127	22.5592
238	18.7036	12545.6728	52.7129	6.888	9.6282	14.4803
259	17.8371	12603.3565	48.6616	7.6934	9.9211	12.6707
247	27.2725	20269.4555	82.0626	8.268	16.6762	19.9333
138	16.4003	7997.1394	57.9503	5.4618	7.4919	13.5281
179	15.5657	9179.2071	51.2805	7.5207	8.4451	10.6964
262	21.6541	14492.164	55.3136	7.4538	11.3698	16.8543
330	30.3911	18409.807	55.7873	6.7114	11.513	27.3135
174	16.4305	11606.2668	66.7027	8.0103	9.1143	11.0781
408	44.067	30314.1645	74.2994	10.2822	17.6528	39.0456
147	18.9458	11032.9257	75.0539	6.2414	9.8001	14.9648
288	21.5651	15631.7431	54.2769	7.3645	9.0585	18.1318
168	24.7016	13611.9449	81.0235	7.4159	12.0766	20.2319
282	22.4249	15944.5646	56.541	7.6729	10.9244	18.0183
173	16.9132	10154.4938	58.6965	7.0708	8.3009	12.9288
187	19.906	13669.3653	73.0982	8.7886	9.7551	14.9615
93	12.8207	5866.4952	63.0806	5.4181	7.9308	8.4922
366	21.0771	15548.1645	42.4813	8.1391	11.0612	15.989
524	30.7247	26007.1344	49.6319	8.3674	11.8631	27.0788
207	17.2945	10981.6065	53.0512	8.1278	8.2049	12.8732
214	16.9961	10250.9346	47.9016	7.3084	9.1246	12.3368
103	20.462	9154.2398	88.8761	4.4552	11.2135	16.5258
147	15.8244	8728.8449	59.3799	6.0359	7.4192	12.6069
106	17.8428	9966.1228	94.02	6.1931	10.9337	12.6675
151	33.3913	12826.9469	84.9467	6.2495	9.5132	31.3914
183	30.4026	15055.0877	82.2682	8.564	10.1414	27.3519
389	21.9549	19885.5414	51.1196	9.2766	12.5255	15.462
64	18.9395	7501.9275	117.2176	4.995	7.4359	16.6872
335	20.0032	15827.1217	47.2451	8.9607	9.5621	15.1129
251	19.6985	15382.5916	61.2852	8.7393	11.8312	13.1026
426	22.9816	19059.4387	44.7405	9.8195	10.7553	17.7779
219	17.5659	12195.4733	55.6871	7.9844	9.7372	12.2473
257	23.2913	15609.6554	60.738	7.3142	12.2776	18.3914
384	26.5016	23437.8019	61.0359	9.042	11.8933	21.889
117	16.3953	8398.3037	71.7804	6.1599	7.6525	13.1264
191	21.4293	14184.3411	74.2636	6.5384	10.4248	17.5439
75	17.9511	7836.1593	104.4821	6.7428	10.488	12.9143
141	15.1054	8067.8698	57.2189	5.9305	7.8317	11.4746
513	23.0799	22104.2476	43.0882	10.203	13.507	15.6889
129	19.1101	9896.648	76.7182	6.3085	8.1613	16.087
97	15.8664	8175.2043	84.2805	5.8193	8.6704	11.9458
198	16.606	9948.8005	50.2465	6.7428	9.0669	12.1689
126	16.2424	9211.8975	73.1103	6.9516	8.2323	12.1541
224	22.8792	14650.1648	65.4025	7.0662	9.2262	19.7079
270	18.6662	13854.0653	51.3114	9.3305	10.1965	12.546
438	23.473	19893.8336	45.4197	9.0025	11.6305	18.294
1042	35.0688	51149.1655	49.0875	11.7022	19.1517	26.9461
150	16.3407	10496.1797	69.9745	6.7292	7.7451	12.718
224	27.2196	14413.3712	64.3454	6.6901	10.3092	24.2872
422	21.3937	19174.8658	45.4381	10.6594	12.5926	13.6197
154	20.8585	11878.9261	77.1359	6.8052	7.4279	18.2645
173	23.8279	11620.6791	67.1716	6.1597	9.4628	20.983
124	24.0742	11601.8025	93.5629	6.1873	8.3391	21.7196
192	16.9381	11287.1732	58.7874	7.2123	10.4093	11.2485
501	26.9564	24032.1824	47.9684	10.3097	13.3269	21.0416
47	12.2085	4608.4441	98.052	3.7162	5.7061	10.133
87	14.5339	6539.2015	75.1632	5.0558	5.6363	12.4059
77	19.2764	6666.3088	86.5754	4.5721	5.368	17.9404
109	19.4027	9748.4931	89.4357	7.6738	12.4028	12.7964
140	22.7026	10505.8817	75.042	5.7655	6.7595	20.8921
305	19.2867	14662.4964	48.0738	8.4062	9.9336	14.2351
391	20.302	16060.0759	41.0744	8.723	11.0743	14.6096
318	24.3635	17631.121	55.4438	8.1097	9.3125	21.0021
391	24.3989	17964.0872	45.944	8.4876	9.1681	20.9574
149	54.7088	15258.1104	102.4034	4.2295	9.9939	53.6217
140	36.7389	12222.4284	87.3031	5.3294	7.4661	35.5753
147	16.289	9736.8814	66.2373	6.1757	8.1479	12.6808
127	17.2487	8031.3174	63.2387	5.4707	6.4464	15.0344
290	26.9693	16313.5258	56.2535	8.5753	9.0474	23.9155
178	19.0015	11484.8687	64.5217	6.6462	8.8442	15.4488
254	21.3704	15866.6253	62.467	7.1023	10.8441	16.9899
465	25.4524	21374.7478	45.9672	8.2673	10.7257	21.5507
86	15.014	6661.3905	77.458	4.094	7.8637	12.117
567	22.7197	20249.4309	35.7133	10.0719	13.1791	15.5258
401	22.5572	18769.2744	46.8062	9.3341	12.1319	16.5685
398	22.17	19046.6567	47.8559	8.735	12.1253	16.3764
176	15.579	9603.4897	54.5653	7.5253	8.3569	10.7813
341	20.3354	15937.7854	46.7384	9.1811	9.3969	15.5221
415	22.1593	19492.0605	46.9688	9.1034	12.7277	15.6897
392	33.7743	24030.3642	61.3019	8.7338	9.8988	31.0876
567	39.8422	29150.9063	51.4125	8.1645	9.605	37.7953
530	30.2006	26022.2228	49.0985	8.4918	12.0453	26.3605
103	30.0926	9539.5411	92.6169	4.7445	7.5179	28.7496
248	20.8585	14466.4366	58.3324	7.3074	10.6095	16.4048
237	22.446	22580.2624	95.2754	8.8515	12.8942	16.1001
225	17.1287	11891.8719	52.8528	8.1484	9.6557	11.5657
115	21.363	10230.0686	88.9571	8.8088	12.8176	14.6454
89	12.7258	5848.6999	65.7157	6.1627	6.6104	8.9593
102	28.3813	9027.7904	88.5077	5.5406	10.8521	25.6327
343	22.1266	17338.9764	50.551	8.1816	11.3724	17.1265
120	19.5849	9681.1823	80.6765	6.2154	8.9545	16.2713
208	18.0297	11694.125	56.2218	7.4685	8.5604	14.0004
312	20.4138	14383.3831	46.1006	8.5469	9.3049	16.0341
407	23.2313	20534.0942	50.4523	10.2822	12.7341	16.4867
504	22.8905	19677.7386	39.0431	9.3019	12.0199	17.1165
67	15.6007	5711.2236	85.2421	4.2592	5.6674	13.8968
107	15.3797	7202.8188	67.3161	5.7632	7.3478	12.2201
92	15.5707	7160.3529	77.8299	5.3793	6.3359	13.1668
166	19.0909	11042.1287	66.5188	6.3288	7.4118	16.4157
217	19.2043	12606.9919	58.0967	6.2973	11.5573	13.9849
277	19.3313	13592.2192	49.0694	6.9159	12.3907	13.1278
411	24.7167	21550.7847	52.435	7.8382	12.7889	19.645
188	16.1558	10660.1924	56.7032	7.0484	9.6107	10.907
237	17.755	12915.9885	54.4978	8.4462	9.3281	12.5255
116	15.2319	7341.9002	63.2922	5.7428	6.6483	12.4431
170	22.2867	12373.649	72.7862	5.5226	8.7188	19.7529
61	13.1233	6354.9432	104.1794	6.5534	7.0373	8.9303
142	18.9852	10241.2514	72.1215	5.0961	8.008	16.442
389	24.4835	23331.2291	59.9775	10.2817	14.8964	16.4871
77	12.9023	6368.5248	82.7081	5.5858	7.1851	9.1457
153	16.2743	8954.6125	58.5269	6.7705	8.8804	11.8386
250	21.2757	16079.0947	64.3164	8.4537	11.4879	15.7867
62	11.4503	5236.022	84.452	5.6163	6.6171	7.4685
427	24.0737	20615.0102	48.2787	8.8551	10.9413	19.53
543	24.2856	23931.7718	44.0732	10.8959	12.809	17.5213
294	20.3336	14833.411	50.4538	8.0875	9.9806	15.7619
258	18.3682	12736.0749	49.3646	8.5783	10.1218	12.7025
397	26.4769	22397.1481	56.416	8.3581	10.2566	22.9341
373	20.1184	16187.97	43.3994	9.9243	10.984	13.6239
97	18.1929	10316.7184	106.3579	7.4204	10.7558	12.6583
327	20.3986	16577.1389	50.6946	8.3514	11.123	14.921
232	20.9729	14037.9726	60.5085	6.6911	10.5647	16.8369
149	16.8849	9952.2239	66.7934	6.7535	7.7645	13.3867
74	13.4936	6337.0491	85.6358	5.8174	7.8192	9.3326
255	19.9338	15357.0335	60.2237	8.3788	9.2745	15.5285
185	17.1896	10032.2102	54.2282	6.2369	8.4224	13.6253
57	11.6736	4475.5182	78.5179	4.1346	6.2199	8.9717
172	21.7274	12917.9449	75.1043	6.1476	9.0414	18.776
305	20.8381	15507.3038	50.8436	9.0567	10.9196	15.2632
194	20.2813	13948.8951	71.9015	7.5789	12.1775	14.3387
262	24.6323	17903.8151	68.3352	8.7723	13.3714	18.735
243	18.7643	12250.4366	50.4133	7.0739	9.5526	14.5192
774	28.2729	32180.7476	41.5772	11.6022	17.7552	18.6949
196	16.2134	10113.8063	51.6011	7.522	9.6103	10.674
158	22.979	13587.3087	85.9956	7.3564	9.6021	19.5376
153	19.5149	10650.1316	69.6087	5.0546	8.7831	16.6775
223	16.7771	11190.1969	50.1803	8.3316	9.9635	10.62
188	15.4463	9133.1898	48.5808	7.2851	9.0153	10.2097
147	28.4566	11155.11	75.8851	5.1781	6.717	27.1634
540	25.2991	23821.7185	44.1143	9.4129	12.672	19.7703
220	19.2163	9863.922	44.836	4.8221	8.4981	16.5468
189	73.3359	17975.4537	95.1082	3.6488	6.559	72.9508
196	16.6541	10968.1029	55.9597	8.6067	9.2852	10.8198
122	18.9872	9319.4004	76.3885	4.6122	7.1907	16.9568
333	20.7755	17762.8368	53.3419	9.139	10.5802	15.3675
405	21.7437	18714.8023	46.2094	9.8428	12.0944	15.1536
231	17.3877	12013.7685	52.0077	7.9379	10.2324	11.6026
73	13.897	5523.1688	75.6598	4.1916	6.7883	11.3787
671	44.0535	37407.2878	55.7486	10.2329	17.1177	39.2808
169	18.2355	11980.4621	70.8903	7.35	7.6568	14.8285
249	20.1441	13673.0597	54.9119	7.889	9.3837	15.9843
387	22.9862	19351.0779	50.0028	7.8885	11.6108	18.2024
208	19.6518	16985.9396	81.6632	8.763	10.8229	13.866
366	22.3918	18669.3274	51.0091	9.9225	10.5816	17.0577
266	20.2587	15089.5962	56.7278	10.2389	11.5081	13.1584
358	22.864	18518.2571	51.727	8.1346	12.1741	17.5609
95	16.1926	7115.0655	74.8954	5.3316	6.085	14.0267
252	19.7176	14334.1594	56.8816	7.4859	9.6721	15.4659
350	29.7729	18549.1832	52.9977	7.463	7.9781	27.6962
571	29.1965	26918.6731	47.143	10.2569	11.8541	24.6315
316	18.9863	12964.2021	41.026	8.6272	8.8796	14.3945
351	21.3888	18528.9184	52.7889	8.7897	12.5502	14.9236
454	35.8822	26338.1717	58.0136	8.3237	11.6681	32.8953
49	15.3439	4691.3981	95.7428	2.6298	6.5321	13.6328
84	18.8436	8045.2739	95.7771	5.4205	7.8199	16.265
323	21.303	16826.1236	52.0933	8.212	12.2414	15.3795
134	16.8087	10465.7388	78.1025	7.1517	9.8668	11.5772
272	21.1435	14772.1381	54.3093	7.5347	10.1186	16.9673
808	34.9586	39643.8163	49.0641	12.5199	16.2092	28.3305
291	20.6697	14664.4714	50.3934	7.2234	10.6479	16.1765
280	18.1706	12548.8531	44.8173	7.7106	10.065	13.0159
187	22.8975	15110.8255	80.8066	9.2945	11.3488	17.5815
630	32.6138	32108.1184	50.9653	11.6646	14.8497	26.591
152	19.278	10187.9065	67.0257	5.0218	8.5485	16.5332
315	20.5998	16114.2151	51.1562	8.3728	12.2343	14.3027
451	28.206	26638.5182	59.0655	8.2395	15.9581	21.7493
420	21.4733	17213.8104	40.9853	9.6431	11.0372	15.6937
242	19.7813	13763.2706	56.873	7.6143	8.9881	15.8914
366	23.8644	19955.6596	54.5237	9.0868	13.9372	17.1083
102	15.1998	9037.0956	88.599	6.2056	7.6034	11.6066
194	19.807	15284.9566	78.7884	10.0684	10.7413	13.2502
386	21.009	17374.274	45.0111	8.7137	12.7747	14.2218
271	23.324	15683.4459	57.8725	8.2672	9.5879	19.5892
86	12.3117	5618.241	65.3284	5.381	7.2714	8.3516
273	20.4184	13577.1963	49.7333	7.6756	8.6586	16.8234
359	22.4599	19393.2404	54.0202	8.9945	11.7113	16.9231
153	20.2113	10867.5119	71.0295	6.247	10.3801	16.178
163	17.7132	9394.995	57.638	6.5929	6.9666	14.8916
663	29.4002	33940.7271	51.1927	11.0004	15.3283	22.5479
350	18.5732	13770.0609	39.343	8.9789	10.5497	12.3713
200	16.735	10743.9429	53.7197	7.3808	9.596	11.5543
152	21.6645	11265.7832	74.117	6.9242	7.7335	19.0158
278	24.4884	19749.9341	71.0429	9.3869	13.4216	18.2051
170	17.1977	12035.7868	70.7987	7.175	9.1647	12.6606
308	19.7328	15167.602	49.2455	7.2522	12.5713	13.3699
114	14.8695	7847.067	68.8339	6.4443	7.5701	11.0574
313	19.9947	16332.6966	52.1811	9.5091	11.9328	12.9218
434	24.8909	21005.612	48.4	8.8732	13.2813	19.0901
229	17.0973	12095.8665	52.8204	8.3739	9.1409	11.7745
137	20.5373	9651.9106	70.4519	5.9343	7.7933	18.0507
338	19.747	15010.3282	44.4093	8.254	11.1002	14.0927
191	17.6598	11489.2401	60.1531	6.2363	10.2396	12.9663
340	22.9826	19210.6416	56.5019	8.5717	13.5077	16.5006
128	22.2308	15485.1648	120.9778	6.611	11.6564	17.7378
451	23.2982	22413.8515	49.6981	9.2679	14.3467	15.8456
620	36.0012	31922.4971	51.4879	9.374	17.283	30.1581
539	22.8105	21230.0284	39.3878	10.7436	12.7617	15.5574
160	16.4125	9263.6381	57.8977	6.3587	8.4949	12.521
418	22.4235	20113.7797	48.1191	10.7599	12.5218	15.1738
117	14.3927	7855.5209	67.1412	6.6368	7.5011	10.3361
447	23.77	19734.23	44.1482	8.0737	11.1236	19.3931
175	16.4753	9914.997	56.6571	6.8549	8.3466	12.4411
330	21.3133	15554.3968	47.1345	8.136	10.3236	16.7776
141	18.5526	10744.5457	76.2025	6.3312	10.4981	13.9249
418	21.2864	17740.52	42.4414	8.9977	12.2158	14.9308
415	21.6372	17480.2489	42.1211	7.4047	13.3944	15.2948
361	23.2772	19689.1948	54.5407	8.2404	11.8385	18.2694
352	22.8867	20816.6623	59.1382	8.7028	12.1977	17.2997
85	14.318	6781.575	79.7832	5.0479	7.4291	11.1504
112	17.9376	8209.6566	73.3005	5.6365	7.1955	15.4341
181	15.9559	9142.421	50.5106	6.8602	8.0612	11.9392
245	22.2325	15079.7718	61.5501	7.6392	10.7257	17.9133
363	24.1891	19584.5397	53.9519	8.2847	11.3295	19.7007
125	22.3556	9327.3274	74.6186	6.1275	6.784	20.4011
145	37.3574	14618.3566	100.8163	4.442	6.9354	36.4383
257	18.6495	13233.3387	51.4916	7.7598	9.4412	14.0873
323	19.138	14154.077	43.8207	8.4121	10.8184	13.359
645	41.854	39896.3087	61.8547	11.2155	18.9399	35.5984
135	13.8681	6604.4504	48.9219	6.7144	6.7812	10.0627
157	28.3914	12934.6768	82.3865	4.9683	7.6402	26.889
251	17.1335	10919.8222	43.5053	7.3805	10.0564	11.7454
333	20.4336	16460.5491	49.4311	8.911	10.9499	14.7725
293	19.2228	14101.8985	48.1293	9.148	9.7098	13.8402
70	30.1818	7630.3992	109.0057	2.8423	3.9024	29.7932
99	15.8728	7034.528	71.0558	4.769	10.2775	11.1165
75	14.4922	6821.3013	90.9507	5.2921	6.2577	11.9524
212	16.8104	10743.6878	50.6778	7.4118	9.9025	11.384
227	23.2139	14156.9969	62.3656	7.9128	9.0707	19.8493
426	24.5357	27046.8753	63.4903	11.4143	13.6637	16.8825
121	16.0232	7863.3	64.986	5.5055	7.4269	13.0871
414	25.4047	23826.1612	57.5511	8.5649	13.242	19.9172
112	21.9019	9906.1502	88.4478	5.5633	12.6958	16.9576
303	27.0387	17649.491	58.2491	6.6793	10.7453	23.896
352	24.1167	19379.6315	55.0558	9.3081	10.3026	19.7187
193	20.3987	13942.8703	72.2429	8.6306	12.0213	14.0395
140	19.5515	11108.4268	79.3459	7.1871	11.7955	13.8374
61	18.9926	6736.4965	110.4344	4.3481	9.3453	15.9524
104	17.3903	8789.2158	84.5117	4.9186	10.149	13.2373
425	27.9623	23428.5184	55.1259	10.6305	11.7129	23.0584
396	30.7684	21155.7548	53.4236	8.6115	8.8144	28.1929
185	21.9336	11568.3713	62.5317	6.0578	7.4015	19.7384
373	21.5094	18676.8578	50.072	10.7014	12.187	14.1284
370	21.5819	18192.2829	49.1683	9.2015	10.8603	16.2223
446	32.0497	28341.1325	63.5451	8.7884	15.2785	26.7678
503	26.2485	23948.9483	47.6122	11.0697	13.1865	19.8131
336	21.5901	17272.3056	51.4057	8.2721	12.7576	15.328
222	27.9598	14399.9484	64.8646	5.7811	8.28	26.0724
232	18.1058	12550.2355	54.0958	8.3268	10.2526	12.3843
237	20.5687	12418.7112	52.3996	7.5632	10.6044	15.919
164	16.871	10878.0081	66.3293	6.8567	8.5379	12.8344
164	17.4217	11448.695	69.8091	6.9984	11.0904	11.4692
288	21.0072	16076.8166	55.8223	7.3411	12.4234	15.2666
154	15.5309	9555.5517	62.049	6.8497	9.7473	9.964
206	15.8774	9413.1751	45.695	7.5606	8.9521	10.7139
396	22.691	19897.7094	50.2467	9.4306	13.7382	15.4016
337	21.4662	18539.7022	55.014	9.4282	11.4783	15.4969
47	13.671	4851.6285	103.2261	3.883	5.9122	11.6989
608	40.9438	30648.4529	50.4086	8.0444	13.4255	37.8343
303	21.2513	18400.2719	60.727	8.9044	10.4806	16.2014
234	20.6273	15650.715	66.8834	7.8383	12.3976	14.5034
350	42.8644	23965.5885	68.4731	6.3456	11.0349	40.9307
184	20.2752	12434.5896	67.5793	7.0276	7.616	17.4268
226	30.6826	20376.9289	90.1634	7.4856	17.9719	23.715
264	20.6921	14364.1327	54.4096	7.4366	9.8529	16.6067
79	14.5489	5832.8161	73.8331	4.2626	5.6528	12.7101
109	16.0205	9281.1743	85.1484	5.9065	8.8405	11.9839
297	19.5268	14931.5886	50.2747	7.6487	10.0127	14.9177
129	16.5002	8729.7866	67.6728	5.8109	9.4777	12.1928
1634	38.7872	70519.8482	43.1578	17.5303	19.9024	28.3024
428	21.822	18173.4224	42.4613	9.3768	10.4864	16.6827
471	23.039	20509.1207	43.5438	9.8937	10.8803	17.7349
226	18.9838	13500.4576	59.7365	8.7748	10.4221	13.22
198	23.1275	13588.546	68.629	6.9417	9.2342	20.0356
425	27.9186	23979.0592	56.4213	11.0546	11.911	22.7018
57	10.75	4057.6706	71.1872	4.426	6.4443	7.3785
342	39.8261	36500.7317	106.7273	17.2163	24.554	26.2072
148	14.1804	7641.8736	51.6343	6.9804	8.2704	9.1628
260	19.7444	16215.8654	62.3687	8.3739	9.8746	14.9068
488	28.2335	24017.1626	49.2155	9.1837	14.3754	22.4976
157	26.6117	17834.509	113.5956	7.9691	10.9788	22.8942
156	15.1134	9018.3499	57.8099	7.1577	8.3744	10.3466
114	20.2081	9249.5698	81.1366	4.8306	8.1673	17.8417
154	29.5829	10213.3499	66.3205	5.0444	7.6646	28.1239
117	12.9477	6469.0842	55.2913	7.0587	7.3013	8.0317
484	25.1327	24231.7811	50.0657	9.0455	13.035	19.4916
410	25.0775	18193.6315	44.3747	8.6693	10.5915	21.013
263	27.7395	18987.3734	72.1953	7.6096	10.1074	24.6863
439	24.8974	21853.6066	49.7804	10.3053	11.5768	19.4849
299	25.1903	17539.947	58.662	6.9237	11.1051	21.5241
342	19.5519	15759.0042	46.079	9.8975	10.6484	13.0739
310	18.633	15100.1172	48.7101	10.0694	10.5011	11.6415
324	41.8461	24675.1565	76.1579	7.9279	12.4646	39.152
642	41.1967	38510.2536	59.9848	9.3592	14.6429	37.3518
692	31.3034	42007.9852	60.7052	12.9033	16.8861	22.9841
154	15.418	8906.6277	57.8352	6.7062	9.065	10.5151
240	21.2837	13510.5593	56.294	7.3226	8.6119	18.0336
324	19.3158	14959.6051	46.1716	9.5682	10.8172	12.8272
67	27.8018	6628.306	98.9299	2.8919	3.9457	27.368
167	19.4903	11324.2244	67.8097	6.2804	8.8035	16.215
748	53.6398	43081.954	57.5962	10.1725	15.211	50.422
217	19.6827	14018.785	64.6027	7.4069	9.6183	15.4931
265	24.5961	16693.6445	62.9949	7.59	10.9289	20.6862
462	33.8717	24424.1934	52.8662	8.2863	9.9281	31.306
205	17.3035	11922.7414	58.1597	7.6097	8.7158	12.8661
1195	35.8714	57479.9247	48.1004	14.1024	20.0943	26.1552
472	29.9827	25731.2045	54.5153	9.516	12.8441	25.366
428	23.8473	21295.5226	49.7559	8.5678	12.7979	18.2071
195	17.3257	9936.7306	50.9576	7.7635	8.5986	12.8831
201	17.5694	10696.3454	53.2156	7.1888	8.233	13.7558
141	15.9724	8799.8644	62.4104	6.434	7.7884	12.3718
414	26.1386	22755.9418	54.966	12.1991	15.2958	17.3335
785	33.7134	37717.7556	48.0481	12.042	12.9708	28.6939
292	18.223	13114.7017	44.9134	8.4682	10.8602	11.9342
283	19.8915	15183.3535	53.6514	8.4706	11.0034	14.2424
1009	55.0337	53168.4141	52.6942	10.7191	17.7101	50.9918
374	36.9002	26894.9907	71.9117	11.1082	12.5361	32.8798
152	18.8362	13239.5181	87.1021	6.3612	10.2255	14.4837
320	25.7488	18767.6447	58.6489	6.7733	11.8181	21.8508
75	12.9371	6201.551	82.6873	5.4365	6.498	9.777
380	23.4079	22349.4255	58.8143	9.2903	11.3794	18.2244
199	19.5003	13847.5386	69.5856	6.9491	11.4901	14.1404
113	19.6419	8637.4972	76.438	4.8089	7.7523	17.3949
577	30.4077	30227.936	52.3881	10.5649	14.3026	24.6668
277	24.9628	19272.2103	69.5748	9.01	12.9625	19.3374
95	12.8774	5968.6456	62.8278	4.9398	7.1719	9.4862
211	20.1573	13221.9882	62.6635	7.5176	9.4222	16.1563
256	20.4373	14180.7567	55.3936	7.5701	10.1385	16.0495
137	14.089	7935.8162	57.9257	7.374	7.9953	8.9553
330	22.2346	18817.8802	57.0239	9.9009	10.3001	17.0369
336	21.3617	18720.4539	55.7156	9.6869	10.6342	15.7924
131	15.0161	8387.2271	64.0246	6.2911	7.5021	11.3853
338	30.5794	20075.9152	59.3962	7.861	11.1885	27.3519
449	22.5252	18833.1858	41.9447	9.0367	12.9466	16.0656
252	26.3704	15986.2885	63.4377	6.8602	9.5358	23.6094
436	21.6349	19194.3219	44.0237	9.7408	12.8627	14.4131
161	17.9961	10672.1704	66.2868	5.6318	8.629	14.7541
116	39.8237	11684.6765	100.73	3.7864	6.3924	39.1245
1232	33.3678	47413.6473	38.4851	14.0212	17.0852	24.9983
728	29.0787	36401.651	50.0023	11.0655	13.5476	23.2291
76	15.6542	6357.4879	83.6512	4.9546	8.0243	12.4946
116	14.2979	7821.6193	67.4278	5.2399	9.3274	9.4853
152	23.7326	13836.4435	91.0292	7.7727	14.1427	17.4012
444	22.7993	21073.1273	47.462	8.7361	13.4015	16.2447
136	15.3094	9134.3557	67.1644	7.289	8.4087	10.5139
345	21.573	17329.2535	50.2297	9.694	11.4507	15.5016
184	16.0612	9562.0321	51.9676	7.7964	8.7176	11.0082
553	59.588	33326.0509	60.2641	9.1133	11.9164	57.6687
406	23.4486	18609.7673	45.8369	6.3458	14.8477	17.0033
221	17.3418	11102.1264	50.2359	7.4245	10.7251	11.4274
111	13.5619	7217.9406	65.0265	6.9159	7.3875	9.0289
285	19.4867	14006.128	49.1443	8.2698	11.1548	13.6715
104	14.8178	7241.5458	69.6302	5.6558	7.3623	11.5488
98	13.266	6208.8501	63.3556	5.5571	8.302	8.7282
71	16.2746	7421.1144	104.5227	4.8362	7.1665	13.7883
233	17.3897	11849.2131	50.855	8.0634	9.2078	12.3532
143	17.0474	10894.0315	76.182	6.6857	10.6525	11.5083
841	28.8979	36316.9525	43.1831	11.112	16.2077	21.1878
170	19.8059	11539.9902	67.8823	4.8514	10.1342	16.3106
176	16.236	10260.3962	58.2977	7.0864	9.3955	11.1855
266	17.401	12326.4008	46.3399	8.3753	10.2192	11.3232
154	15.3263	8857.7946	57.5181	6.9594	7.6065	11.3403
103	15.9245	7596.155	73.7491	5.1915	7.741	12.9117
389	24.0268	20071.0122	51.5964	8.8754	12.4668	18.5228
849	43.3327	65694.7414	77.379	15.361	26.3453	30.7845
38	17.1609	5354.3444	140.9038	3.1873	3.5322	16.4883
204	18.4863	12006.7791	58.8568	6.1736	10.4491	13.9443
268	24.883	18665.5966	69.6477	7.0881	13.7151	19.5146
335	26.9661	18780.0768	56.0599	7.9279	8.8765	24.1977
398	21.61	18533.7839	46.5673	9.5535	11.9763	15.2412
116	14.6316	7487.8638	64.5505	6.1221	6.9166	11.3475
267	19.5287	13911.8433	52.1043	8.0678	10.0837	14.6492
455	25.2146	22074.3921	48.5151	10.111	12.2548	19.5797
193	19.1394	11024.7513	57.1231	6.9961	8.3438	15.7401
302	19.3004	14656.6857	48.5321	8.9338	11.2199	12.9153
358	24.3466	19559.2618	54.6348	10.5612	11.9729	18.3812
226	16.9301	11143.6	49.308	8.0574	10.0137	11.0196
162	25.5391	14973.0307	92.4261	6.8267	9.7937	22.577
104	16.1018	8719.8064	83.8443	5.7419	8.1418	12.6495
166	14.7338	8089.302	48.7307	7.4812	7.9358	9.9065
62	13.5989	5048.8112	81.4324	3.9048	5.9055	11.6106
282	18.947	13767.8403	48.8221	7.9245	9.9197	14.0638
230	21.8582	16081.279	69.9186	8.3343	11.7549	16.436
169	14.977	8583.698	50.7911	6.8425	8.9868	9.8351
365	21.3974	18379.2407	50.3541	9.1357	12.0463	15.1418
53	15.6672	5452.6747	102.8807	4.1457	4.9139	14.2874
164	15.9553	8585.5564	52.351	5.7186	8.6342	12.1375
379	21.4759	18745.0292	49.4592	9.1746	11.6164	15.5596
173	16.8614	10131.8318	58.5655	6.4914	8.1024	13.2861
192	24.8489	13371.6639	69.6441	6.672	10.5666	21.4778
132	27.2468	14524.2908	110.0325	5.6955	11.6638	23.9563
202	15.9256	10695.1322	52.9462	8.3075	9.2902	9.9147
351	21.2699	16305.3253	46.4539	8.8059	9.6656	16.7762
169	15.6567	9604.7506	56.8328	6.6191	8.8768	11.069
181	28.1382	12621.3671	69.7313	5.2766	5.3254	27.1211
311	28.6911	21623.4182	69.5287	10.5326	11.4229	24.1197
295	19.064	13178.2388	44.672	7.7268	10.1826	14.1439
151	18.8141	10048.293	66.545	6.6594	8.4122	15.455
238	16.7914	11291.0182	47.4413	8.0899	9.8197	10.9581
295	19.3733	13540.7673	45.9009	8.2648	9.9161	14.4461
132	21.3771	10368.2319	78.5472	6.9983	7.978	18.5568
249	21.9232	15384.7353	61.7861	8.0353	12.839	15.8499
102	13.3154	6688.8743	65.5772	5.744	7.6689	9.2464
71	18.7792	6489.2336	91.3977	5.4183	5.7024	17.0524
152	16.5721	9284.4854	61.0821	6.8073	7.3133	13.2216
218	20.6271	11848.6673	54.3517	6.5833	9.0234	17.3412
196	15.6289	9378.9704	47.8519	7.0701	9.185	10.4839
415	22.1704	18495.6595	44.5679	8.32	13.6026	15.4037
345	19.6564	15379.5233	44.5783	8.2833	11.4458	13.6658
125	15.0855	7913.7441	63.31	6.0618	8.0288	11.2413
44	12.3357	4059.7814	92.2678	2.8649	6.3384	10.1875
361	24.8081	18390.0881	50.9421	8.4023	10.3702	20.9117
409	25.871	22699.9298	55.5011	9.6259	14.2354	19.3391
387	21.8388	18140.7839	46.8754	8.6277	10.784	16.9175
385	20.4665	18221.6522	47.329	10.3406	11.4563	13.4426
432	26.3278	22902.0182	53.0139	9.9895	12.5254	20.892
795	41.3761	68754.2149	86.4833	14.9414	19.4174	33.3422
120	16.401	9410.387	78.4199	6.2847	10.4423	10.9752
374	21.4673	17020.0232	45.5081	9.0205	10.6407	16.3172
106	19.2457	7799.8302	73.5833	5.8374	7.0264	16.9396
132	17.8906	8034.6706	60.8687	5.176	6.432	15.8717
306	19.5925	14250.7989	46.5712	8.4796	10.3286	14.3277
235	16.4152	9852.1248	41.9239	7.3959	9.7259	10.962
354	20.47	18260.3505	51.5829	9.9863	11.609	13.5842
70	13.7764	5557.7824	79.3969	4.5444	5.5272	11.7723
388	21.3435	16923.6664	43.6177	9.1446	10.1742	16.3831
290	19.8795	15100.5073	52.0707	8.5384	9.4321	15.275
299	26.8389	18338.3699	61.3323	6.2084	10.7478	23.7964
124	16.4929	7852.6689	63.328	5.057	8.5735	13.1506
322	27.8055	19143.8663	59.453	8.3646	9.0325	24.9317
567	25.7936	28311.9676	49.9329	12.2474	13.7161	18.0882
393	24.1857	16852.0778	42.8806	8.2379	9.2581	20.7695
225	18.9069	12036.3165	53.4947	6.247	9.458	15.1324
121	26.3473	9018.0422	74.5293	5.074	5.4889	25.2647
51	15.0462	5577.4836	109.3624	3.9263	6.1788	13.1451
197	15.897	9848.1693	49.9907	7.551	9.5332	10.2379
109	13.4729	7025.561	64.4547	6.3457	7.5624	9.1684
204	23.7798	13844.493	67.8652	6.4692	9.7438	20.7047
159	14.8028	7877.9585	49.5469	5.9943	8.6422	10.4166
100	14.7732	6879.3341	68.7933	4.9952	6.9594	12.0359
530	26.2702	28444.9351	53.6697	10.3491	15.3261	18.6582
307	20.1971	15109.2515	49.2158	8.3054	12.3309	13.6709
80	19.3842	7227.7069	90.3463	4.99	6.9578	17.3907
473	24.6296	21971.0051	46.4503	8.9881	13.7442	18.3557
70	12.0756	5078.6501	72.5521	5.2824	6.5669	8.6482
229	18.7167	12258.4457	53.5303	7.6222	10.3843	13.5787
84	14.9177	6992.5782	83.245	4.9919	5.8919	12.7634
465	27.4803	22510.4559	48.4096	6.8304	12.7779	23.3503
176	16.486	9859.6928	56.021	6.8884	8.7054	12.1882
268	20.7645	14546.1089	54.2765	8.1252	11.6691	15.132
84	33.2088	8891.5024	105.8512	3.1159	7.1588	32.278
261	22.6452	15046.3129	57.6487	5.9897	9.9845	19.4226
344	20.7016	16671.8407	48.4647	10.6048	12.0002	13.1182
482	24.4206	22137.2303	45.9279	9.8811	13.4857	17.8007
231	27.3307	15930.4891	68.9632	8.293	10.0363	24.0305
124	18.6669	8179.6841	65.9652	4.9481	6.7944	16.6675
132	14.6791	8325.7669	63.074	6.5314	8.2756	10.2143
82	12.53	5302.3538	64.6629	4.9602	7.0931	9.0601
250	23.7732	15781.7274	63.1269	6.7357	11.4652	19.7064
110	18.2321	9530.5368	86.6412	6.2266	8.3686	14.9535
494	23.6048	21085.9839	42.6842	8.7594	13.9966	16.8688
357	20.2658	17525.6849	49.0916	9.3566	11.2792	13.9977
423	21.2992	17749.5611	41.9611	9.6732	11.0541	15.4238
296	19.2516	13513.5243	45.6538	8.3234	8.9881	14.8513
441	25.593	31516.9911	71.4671	10.3541	14.4703	18.3957
333	35.3359	20737.2062	62.2739	8.006	10.369	32.8179
270	18.8149	13317.5897	49.3244	8.2636	9.9996	13.6279
