0.37033	0.67671
0.37806	0.7414
0.40144	0.71749
0.3664	0.6504
0.41946	0.76145
0.43799	0.7391
0.33737	0.69682
0.31762	0.76774
0.54411	0.71964
0.26688	0.62032
0.77851	0.61935
0.48117	0.69054
0.44556	0.72461
0.51154	0.72541
0.35391	0.63679
0.51831	0.71631
0.46985	0.66366
0.4541	0.73968
0.34374	0.73392
0.45248	0.68097
0.78616	0.74184
0.3545	0.62541
0.39821	0.83791
0.49422	0.70488
0.44425	0.69365
0.31314	0.55903
0.53088	0.69485
0.55133	0.67128
0.46877	0.66397
0.48858	0.78236
0.24029	0.65038
0.44312	0.68969
0.46882	0.65324
0.40937	0.77674
0.47081	0.71218
0.22606	0.68815
0.40394	0.70097
0.4532	0.74047
0.49041	0.64741
0.45712	0.71512
0.49157	0.79249
0.43209	0.64325
0.32745	0.64628
0.38243	0.63077
0.50613	0.71795
0.44214	0.70839
0.46276	0.76707
0.43341	0.7092
0.35442	0.69869
0.34409	0.67439
0.77389	0.69265
0.39124	0.72564
0.52164	0.70682
0.33183	0.67395
0.31399	0.55017
0.58661	0.74274
0.40516	0.7085
0.48822	0.7052
0.43948	0.74089
0.62939	0.69551
0.32336	0.68293
0.31818	0.73413
0.32679	0.6632
0.34426	0.69933
0.49673	0.63653
0.3743	0.59995
0.93779	0.73361
0.25427	0.62157
0.44653	0.78925
0.56971	0.73826
0.42289	0.66785
0.41036	0.66737
0.54704	0.74076
0.26619	0.71188
0.44766	0.71438
0.35728	0.50687
0.56729	0.72031
0.60132	0.8327
0.44287	0.6674
0.52816	0.75887
0.32599	0.5829
0.29543	0.68742
0.49039	0.66189
0.39683	0.66135
0.35738	0.74309
0.33828	0.69938
0.61879	0.60465
0.19657	0.63012
0.51574	0.71595
0.35171	0.67839
0.36133	0.6852
0.46013	0.77079
0.4083	0.72356
0.35742	0.77563
0.26219	0.69123
0.10767	0.63749
0.42443	0.78044
0.3246	0.53646
0.60097	0.60984
0.45645	0.73237
0.47097	0.62466
0.28645	0.69344
0.33626	0.62632
0.36004	0.64425
0.37772	0.68338
0.45013	0.69881
0.41772	0.61087
0.45517	0.72946
0.57211	0.66781
0.45697	0.78161
0.53786	0.66607
0.34223	0.71048
0.20836	0.61751
0.49941	0.74134
0.47174	0.65187
0.37543	0.55309
0.41544	0.73568
0.38218	0.74256
0.30343	0.68645
0.31879	0.63923
0.51945	0.61216
0.57271	0.65659
0.47445	0.63667
0.4305	0.69873
0.37095	0.7109
0.42477	0.72786
0.39106	0.69669
0.38666	0.60797
0.42423	0.62992
0.35208	0.68343
0.31244	0.80942
0.16813	0.65694
0.36013	0.76667
0.30436	0.72799
0.29857	0.62527
0.46009	0.71769
0.56935	0.71017
0.34277	0.63819
0.45027	0.71737
0.57253	0.75011
0.32105	0.57777
0.4329	0.77146
0.363	0.77364
0.48958	0.66988
0.27659	0.6236
0.40259	0.70041
0.34544	0.71318
0.4165	0.70033
0.47746	0.78896
0.73943	0.72911
0.3072	0.67188
0.51595	0.66732
0.32331	0.68644
0.38912	0.71016
0.31542	0.5793
0.33883	0.74042
0.3289	0.59401
0.38824	0.6487
0.45891	0.66275
0.4186	0.67401
0.24171	0.65742
0.56683	0.70187
0.35926	0.61421
0.33028	0.52964
0.36428	0.72315
0.50683	0.73285
0.37594	0.76827
0.44668	0.6917
0.10132	0.62754
0.35407	0.66989
0.3567	0.8179
0.40492	0.70724
0.55162	0.67325
0.52049	0.63747
0.39659	0.74314
0.31708	0.6903
0.60278	0.69787
0.45054	0.71396
0.48912	0.71034
0.48901	0.6375
0.55037	0.76047
0.51743	0.72096
0.34978	0.76986
0.43539	0.72586
0.37387	0.56808
0.4681	0.74881
0.41711	0.78299
0.44964	0.67299
0.48258	0.74619
0.62912	0.73683
0.43163	0.74915
0.55399	0.66927
0.30586	0.76265
0.50954	0.73712
0.48484	0.7185
0.4483	0.6797
0.3745	0.6614
0.35266	0.69442
0.36781	0.72875
0.42315	0.77662
0.47748	0.77176
0.31159	0.55795
0.4431	0.68291
0.4166	0.67183
0.27913	0.58975
0.4568	0.79241
0.6386	0.69451
0.45773	0.52408
0.44124	0.66356
0.43407	0.63357
0.32783	0.55963
0.43625	0.73206
0.36096	0.6203
0.49129	0.73575
0.38966	0.61312
0.46274	0.76499
0.74806	0.87238
0.30635	0.6128
0.42189	0.72109
0.29948	0.69734
0.45523	0.68351
0.40027	0.6798
0.33651	0.64486
0.47435	0.73762
0.45091	0.66227
0.33979	0.85868
0.54988	0.59423
0.53752	0.53073
0.48945	0.70298
0.37953	0.6738
0.47513	0.69789
0.34779	0.68165
0.41113	0.82337
0.45886	0.69518
0.37849	0.78655
0.53022	0.67806
0.50486	0.74483
0.39191	0.78915
0.43307	0.73221
0.52858	0.62454
0.47467	0.69348
0.26141	0.55548
0.28569	0.68787
0.33245	0.69987
0.33176	0.59515
0.41718	0.71677
0.39673	0.6599
0.67954	0.73973
0.35711	0.69246
0.43491	0.67355
0.43181	0.77444
0.28719	0.77773
0.43985	0.76319
0.28695	0.53098
0.33491	0.68874
0.44914	0.66175
0.32622	0.71163
0.54407	0.80487
0.5282	0.73766
0.29042	0.63219
0.47505	0.73572
0.45577	0.59727
0.52441	0.72969
0.46224	0.68276
0.44637	0.63758
0.19627	0.64382
0.30461	0.67527
0.41808	0.65982
0.44001	0.73449
0.53107	0.70075
0.40851	0.66589
0.43429	0.67458
0.56009	0.70951
0.51684	0.72271
0.34119	0.62376
0.32764	0.73802
0.21968	0.64109
0.3532	0.78306
0.44284	0.74195
0.47797	0.5774
0.42214	0.75219
0.41547	0.68349
0.55878	0.65509
0.31876	0.58511
0.64036	0.69564
0.45492	0.70742
0.4484	0.79606
0.33718	0.7517
0.35636	0.74345
0.2325	0.60781
0.34797	0.64938
0.54733	0.68745
0.44936	0.65753
0.53459	0.72721
0.38582	0.72301
0.40981	0.71826
0.59615	0.71037
0.70902	0.81647
0.44164	0.55058
0.44045	0.71963
0.50297	0.78214
0.45167	0.72558
0.89438	0.61438
0.42779	0.71786
0.40573	0.73729
0.52433	0.72217
0.32299	0.54786
0.48672	0.51333
0.47724	0.66406
0.17739	0.63595
0.46178	0.74106
0.43077	0.69646
0.3898	0.61973
0.42308	0.69801
0.34221	0.60725
0.44803	0.72447
0.37616	0.67796
0.59359	0.6354
0.28794	0.62895
0.3759	0.70914
0.27955	0.71954
0.20059	0.73344
0.40354	0.66203
0.35077	0.67892
0.38904	0.65001
0.33858	0.67991
0.4125	0.69055
0.4784	0.68519
0.52168	0.70469
0.49688	0.73429
0.33477	0.68121
0.44664	0.6212
0.44944	0.70933
0.38369	0.70519
0.1834	0.62935
0.38019	0.71152
0.52068	0.62771
0.42873	0.67033
0.38673	0.73489
0.34719	0.69155
0.38763	0.68927
0.22623	0.63535
0.47393	0.73681
0.58629	0.6943
0.32147	0.68985
0.25769	0.53758
0.42778	0.71104
0.37173	0.58911
0.41877	0.72737
0.39648	0.85511
0.49694	0.68746
0.49042	0.69779
0.4444	0.67644
0.58197	0.69204
0.36385	0.70639
0.50191	0.71624
0.35456	0.66017
0.39351	0.65105
0.52894	0.72325
0.47706	0.78836
0.37431	0.82156
0.38805	0.72124
0.4049	0.71898
0.54449	0.64846
0.32704	0.66482
0.39375	0.74285
0.5007	0.79269
0.40016	0.69838
0.40342	0.63152
0.51487	0.76292
0.40278	0.6857
0.41853	0.68809
0.25478	0.7139
0.31645	0.65228
0.48287	0.73028
0.31988	0.66715
0.43762	0.81545
0.60831	0.73982
0.33432	0.6648
0.49381	0.64594
0.41677	0.68599
0.42354	0.70796
0.4071	0.58477
0.40475	0.69352
0.28173	0.55745
0.7597	0.63679
0.49678	0.70582
0.37021	0.6498
0.27342	0.67747
0.26565	0.60651
0.54376	0.66516
0.58342	0.65954
0.5018	0.70894
0.45191	0.53821
0.63104	0.8264
0.3716	0.74851
0.59341	0.698
0.438	0.65591
0.25218	0.6559
0.31845	0.64791
0.41824	0.6568
0.29029	0.6166
0.44092	0.75688
0.28683	0.78516
0.44846	0.68757
0.44509	0.72053
0.50194	0.70462
0.52368	0.66743
0.41548	0.67987
0.32143	0.60207
0.42293	0.5851
0.36605	0.68654
0.70363	0.67077
0.46715	0.64223
0.43197	0.78256
0.49869	0.72371
0.54329	0.68621
0.36127	0.69519
0.3858	0.73356
0.43288	0.7772
0.40631	0.72647
0.36358	0.6745
0.41511	0.78699
0.43519	0.68219
0.39401	0.63352
0.40522	0.66828
0.77491	0.68973
0.36431	0.51343
0.3381	0.74459
0.43221	0.60093
0.41413	0.73869
0.30047	0.50355
0.42731	0.65297
0.57728	0.61836
0.49913	0.67678
0.54085	0.65111
0.5162	0.62086
0.35701	0.67882
0.43431	0.68392
0.38183	0.70044
0.40631	0.70538
0.40375	0.66885
0.38711	0.72646
0.38703	0.5521
0.49982	0.69296
0.47182	0.75103
0.42105	0.74801
0.23217	0.62547
0.28173	0.50066
0.53291	0.6737
0.48508	0.72134
0.39762	0.65094
0.46938	0.62766
0.25246	0.66421
0.30529	0.67428
0.35542	0.68254
0.3585	0.70679
0.51084	0.6972
0.61617	0.72228
0.38292	0.68364
0.36617	0.61981
0.50958	0.61282
0.4339	0.70501
0.5058	0.65198
0.43373	0.73248
0.36887	0.52105
0.36519	0.65816
0.5439	0.69002
0.27578	0.71624
0.43459	0.75138
0.70367	0.78287
0.47619	0.70321
0.32275	0.72889
0.34213	0.61924
0.53971	0.71564
0.45394	0.7954
0.43726	0.70846
0.46433	0.68895
0.67512	0.50326
0.38016	0.70197
0.37846	0.87139
0.40938	0.746
0.91223	0.69606
0.38937	0.71012
0.61253	0.71607
0.38172	0.68658
0.47757	0.72926
0.30042	0.6778
0.54907	0.6915
0.44822	0.72739
0.42114	0.77491
0.40739	0.74621
0.33518	0.76355
0.32571	0.69973
0.24081	0.66036
0.46839	0.63073
0.51771	0.71943
0.45468	0.73128
0.34598	0.71837
0.55315	0.67997
0.37075	0.60729
0.22261	0.89909
0.38412	0.66358
0.36242	0.68007
0.38758	0.70216
0.46884	0.64652
0.46504	0.73943
0.4211	0.67989
0.53242	0.63033
0.51605	0.64462
0.40317	0.72297
0.33604	0.63086
0.40264	0.73043
0.26769	0.53306
0.41739	0.71394
0.46942	0.71226
0.40122	0.59114
0.44805	0.71962
0.36129	0.54541
0.44358	0.68272
0.43048	0.67392
0.42758	0.66837
0.38606	0.59473
0.45636	0.67044
0.38673	0.62693
0.54409	0.70331
0.40049	0.79649
0.39764	0.5454
0.3637	0.75873
0.33526	0.70821
0.5624	0.70866
0.39386	0.70844
0.33198	0.71417
0.39878	0.68298
0.41056	0.68607
0.4514	0.63714
0.48611	0.80129
0.55722	0.68514
0.24834	0.67445
0.45364	0.73848
0.4979	0.56067
0.42631	0.77226
0.47892	0.65847
0.22397	0.63005
0.34415	0.6842
0.2964	0.62199
0.48933	0.60428
0.834	0.61975
0.37321	0.76778
0.2628	0.68076
0.47137	0.73997
0.31621	0.71584
0.37893	0.61005
0.28548	0.65848
0.53685	0.71252
0.50403	0.7019
0.40048	0.7208
0.39093	0.6995
0.44559	0.75611
0.53626	0.6881
0.4918	0.67407
0.24319	0.65036
0.46107	0.68703
0.44761	0.74337
0.36558	0.66492
0.36601	0.70902
0.38451	0.66057
0.35781	0.61859
0.30934	0.59754
0.46604	0.68897
0.46264	0.73319
0.45257	0.59673
0.50796	0.67329
0.38159	0.60501
0.47627	0.70009
0.4737	0.63328
0.30488	0.61075
0.51411	0.70252
0.27739	0.61136
0.36251	0.75506
0.33465	0.69168
0.41694	0.73083
0.49696	0.75275
0.49726	0.64861
0.43216	0.70164
0.33959	0.69133
0.45942	0.71463
0.43976	0.63572
0.32604	0.60463
0.4492	0.68898
0.43711	0.69865
0.35877	0.70873
0.41633	0.65733
0.60583	0.66934
0.22624	0.63554
0.4475	0.73081
0.28755	0.66628
0.32164	0.63887
0.45345	0.68787
0.42002	0.65002
0.4782	0.8383
0.5446	0.6315
0.60853	0.78668
0.33746	0.56482
0.60437	0.64373
0.47153	0.71261
0.28715	0.59802
0.58075	0.60046
0.34217	0.60391
0.64748	0.86502
0.32152	0.65136
0.44227	0.651
0.49504	0.6487
0.54988	0.69345
0.4479	0.7146
0.42664	0.686
0.5296	0.66611
0.31037	0.70227
0.44845	0.70884
0.23601	0.70834
0.43857	0.70548
0.38585	0.72912
0.28558	0.68507
0.56072	0.65526
0.44435	0.73505
0.31772	0.56187
0.36708	0.64215
0.46822	0.73568
0.51284	0.63019
0.44951	0.67939
0.24385	0.63655
0.5026	0.64458
0.44411	0.59814
0.46662	0.62219
0.43683	0.67841
0.36171	0.56718
0.46474	0.69416
0.46964	0.72483
0.51051	0.73703
0.38951	0.73603
0.37565	0.70563
0.48215	0.68371
0.4536	0.69617
0.37509	0.82851
0.39796	0.6778
0.35964	0.67839
0.30404	0.68456
0.45285	0.53073
0.49587	0.6394
0.4785	0.71213
0.56775	0.70012
0.28434	0.62946
0.36694	0.67533
0.35585	0.73549
0.34422	0.68702
0.6675	0.74372
0.44422	0.70173
0.3643	0.65752
0.3446	0.69566
0.40726	0.70861
0.29267	0.54504
0.45261	0.71494
0.35652	0.66382
0.3011	0.67612
0.49522	0.69622
0.40734	0.69388
0.47498	0.70426
0.42125	0.73973
0.37031	0.71507
0.30306	0.73057
0.38979	0.7096
0.38037	0.69041
0.32599	0.66652
0.35119	0.6125
0.35567	0.68531
0.51312	0.68285
0.42938	0.70381
0.32213	0.73146
0.32134	0.66793
0.31785	0.56783
0.4727	0.7703
0.40783	0.70179
0.43148	0.71249
0.47433	0.74157
0.68295	0.72662
0.44008	0.70494
0.49932	0.70743
0.36539	0.69406
0.40595	0.77262
0.26939	0.58177
0.47419	0.71422
0.44998	0.75005
0.48168	0.75549
0.52265	0.6744
0.46196	0.68998
0.30619	0.64436
0.35142	0.69508
0.56533	0.77179
0.45684	0.67133
0.3446	0.77068
0.72171	0.7403
0.60826	0.62223
0.43237	0.70659
0.36631	0.72523
0.35154	0.60825
0.5798	0.67695
0.45317	0.6806
0.328	0.73
0.4159	0.70058
0.37554	0.59627
0.44071	0.70576
0.26124	0.6046
0.4617	0.59251
0.35143	0.66153
0.40634	0.70742
0.38641	0.62671
0.32433	0.59946
0.65112	0.76725
0.36976	0.72237
0.22254	0.61137
0.40913	0.70315
0.2262	0.64972
0.47168	0.63804
0.44191	0.73061
0.65788	0.67942
0.49873	0.70591
0.43695	0.71297
0.2437	0.64778
0.43443	0.67295
0.51642	0.7853
0.37706	0.63906
0.28638	0.71719
0.39819	0.68118
0.4251	0.78455
0.52343	0.71975
0.46729	0.75122
0.55644	0.68057
0.51376	0.73086
0.50763	0.72937
0.25182	0.64938
0.34111	0.63755
0.52769	0.66716
0.43906	0.70824
0.22704	0.63397
0.60498	0.72198
0.50155	0.71771
0.42653	0.71146
0.23941	0.67096
0.39351	0.76288
0.28238	0.62069
0.39678	0.71014
0.457	0.68663
0.46233	0.68011
0.5009	0.6369
0.4058	0.72507
0.48691	0.78799
0.59548	0.71013
0.56696	0.62696
0.53676	0.70697
0.33508	0.70722
0.45606	0.73198
0.42438	0.63104
0.49953	0.60438
0.53853	0.75452
0.40262	0.73911
0.4252	0.68533
0.405	0.76466
0.55342	0.61248
0.41422	0.54082
0.36458	0.72061
0.42966	0.73551
0.49872	0.71679
0.36786	0.71833
0.36894	0.62438
0.39103	0.70654
0.60828	0.71939
0.37296	0.73949
0.27786	0.63923
0.36287	0.71673
0.50986	0.62055
0.45128	0.69708
0.5696	0.69953
0.41612	0.75469
0.37294	0.66269
0.35538	0.65654
0.43446	0.5992
0.4028	0.67046
0.43343	0.80183
0.41227	0.64259
0.50834	0.78562
0.38889	0.70443
0.41144	0.6983
0.36746	0.64844
0.37836	0.6397
0.41311	0.67391
0.38613	0.57562
0.37532	0.56057
0.22664	0.63356
0.37554	0.62947
0.39121	0.74547
0.48879	0.73695
0.54292	0.70011
0.46597	0.64572
0.37437	0.68659
0.46763	0.66111
0.74543	0.67936
0.31674	0.57795
0.38013	0.6713
0.45001	0.73912
0.55877	0.70361
0.45304	0.64092
0.56828	0.7108
0.52393	0.72255
0.33862	0.73402
0.50174	0.62789
0.24096	0.70615
0.47457	0.64798
0.33596	0.74455
0.52953	0.72042
0.44984	0.48605
0.27245	0.69473
0.54653	0.6366
0.34788	0.59061
0.46219	0.63187
0.43667	0.69102
0.4164	0.72288
0.21256	0.67356
0.36499	0.66689
0.24838	0.67545
0.3953	0.72689
0.45729	0.68016
0.36108	0.76444
0.46219	0.6315
0.33938	0.71475
0.43969	0.66321
0.29292	0.47727
0.41457	0.68648
0.45777	0.72327
0.39964	0.69842
0.48366	0.7187
0.36075	0.69591
0.35041	0.66313
0.43797	0.59599
0.34984	0.73966
0.30187	0.67532
0.45219	0.69812
0.56168	0.67181
0.43321	0.70421
0.46587	0.73539
0.42287	0.75383
0.23802	0.66841
0.49062	0.61693
0.42715	0.67274
0.46953	0.64941
0.34735	0.64781
0.50282	0.58611
0.40271	0.70202
0.46867	0.68644
0.34782	0.81012
0.30239	0.70253
0.50663	0.70731
0.42951	0.67631
0.39616	0.69864
0.24607	0.65799
0.40653	0.70298
0.41306	0.86332
0.49517	0.71912
0.32038	0.75582
0.35807	0.75589
0.30655	0.79596
0.60647	0.65649
0.35893	0.78508
0.36259	0.7391
0.36257	0.62196
0.4758	0.72911
0.36837	0.7436
0.28786	0.47062
0.38308	0.66984
0.42117	0.66343
0.53778	0.65297
0.52523	0.72698
0.39013	0.60836
0.40736	0.66031
0.55306	0.68356
0.49789	0.68559
0.37597	0.68677
0.56384	0.57689
0.38858	0.76947
0.38626	0.65844
0.39125	0.67875
0.36612	0.73179
0.3584	0.72684
0.41841	0.68262
0.6051	0.69543
0.31084	0.70872
0.39042	0.75529
0.66271	0.7478
0.31505	0.64532
0.40039	0.7013
0.26871	0.70167
0.44386	0.68449
0.52333	0.72121
0.35432	0.7257
0.48513	0.64565
0.58567	0.71105
0.3628	0.80753
0.40073	0.62433
0.42199	0.61342
0.409	0.78241
0.45023	0.71809
0.41096	0.77043
0.43674	0.64712
0.52682	0.71856
0.4211	0.66794
0.52076	0.798
0.34235	0.6924
0.46906	0.74041
0.34317	0.72799
0.50706	0.70982
0.34919	0.70127
0.25756	0.66306
0.53852	0.68406
0.36386	0.71062
0.27841	0.62599
0.49336	0.63356
0.44712	0.66228
0.76591	0.55724
0.33221	0.61652
0.4934	0.71281
0.36259	0.64806
0.60242	0.71763
0.26122	0.63037
0.46985	0.66982
0.43265	0.7169
0.38227	0.68669
0.36122	0.66032
0.65174	0.66423
0.32108	0.80392
0.39316	0.66983
0.32315	0.59957
0.34061	0.72309
0.4656	0.61346
0.38262	0.65158
0.38898	0.68933
0.41133	0.79441
0.36766	0.67039
0.37424	0.80873
0.53558	0.74431
0.43356	0.69581
0.48675	0.74631
0.42909	0.68918
0.44442	0.71386
0.58855	0.6637
0.4267	0.86526
0.41018	0.68236
0.40122	0.63203
0.63468	0.72217
0.45088	0.70211
0.4364	0.74225
0.73147	0.74918
0.38914	0.70134
0.50211	0.58427
0.37568	0.65754
0.30549	0.70248
0.33028	0.65624
0.29163	0.64182
0.26041	0.70448
0.56413	0.69221
0.43911	0.69739
0.35338	0.67548
0.31752	0.61904
0.46846	0.67099
0.40227	0.64666
0.49091	0.78691
0.69882	0.69852
0.37937	0.75558
0.24705	0.64845
0.29528	0.7431
0.34934	0.70338
0.52985	0.72193
0.45444	0.68538
0.45674	0.6902
0.40957	0.65352
0.74849	0.825
0.3262	0.57746
0.36612	0.66926
0.49797	0.73856
0.36012	0.62212
0.32255	0.70617
0.46037	0.71321
0.32204	0.64607
0.46507	0.68854
0.70274	0.74186
0.41054	0.65561
0.47678	0.6712
0.49066	0.68104
0.24052	0.60903
0.22961	0.6865
0.47132	0.63099
0.45363	0.67387
0.6508	0.68999
0.48055	0.72507
0.48682	0.76764
0.39585	0.66294
0.59697	0.6682
0.39208	0.66501
0.38153	0.72338
0.41401	0.62846
0.52417	0.70698
0.421	0.76373
0.40351	0.54636
0.52693	0.67132
0.52913	0.71258
0.41903	0.78491
0.43677	0.7087
0.38437	0.68857
0.44827	0.6561
0.52834	0.68145
0.37531	0.6793
0.38659	0.68935
0.41126	0.76385
0.68572	0.76193
0.42221	0.71521
0.67924	0.70576
0.46214	0.69838
0.30202	0.64887
0.597	0.68388
0.50712	0.69337
0.43947	0.64828
0.40835	0.66147
0.41709	0.68323
0.49765	0.67436
0.34019	0.73303
0.59468	0.74522
0.4467	0.7129
0.47147	0.69375
0.40298	0.84954
0.41545	0.70689
0.25657	0.65342
0.44248	0.73199
0.35662	0.68898
0.679	0.66444
0.35101	0.73364
0.4568	0.64611
0.57139	0.64511
0.43091	0.84963
0.39344	0.6677
0.50278	0.70494
0.46173	0.69842
0.48384	0.72401
0.44978	0.71124
0.30838	0.71603
0.41174	0.69878
0.45361	0.73045
0.44882	0.69053
0.41839	0.73798
0.34954	0.55727
0.28268	0.67164
0.42096	0.74928
0.41327	0.65273
0.40953	0.71455
0.51049	0.72302
0.52245	0.72035
0.25597	0.61794
0.38337	0.71886
0.39811	0.66325
0.52263	0.63442
0.25331	0.65497
0.49591	0.70387
0.40847	0.6522
0.39445	0.64342
0.41426	0.71252
0.60642	0.68874
0.26299	0.70514
0.44199	0.70053
0.22036	0.65099
0.45124	0.70315
0.47673	0.61166
0.17535	0.52209
0.42676	0.65208
0.51671	0.72755
0.60737	0.72295
0.42466	0.68806
0.44542	0.7203
0.35615	0.65929
0.45909	0.68434
0.52496	0.71121
0.38205	0.74595
0.46813	0.65139
0.50424	0.6266
0.41768	0.65622
0.4992	0.69843
0.48111	0.64284
0.55379	0.66097
0.74048	0.65631
0.50927	0.70812
0.40918	0.67521
0.46924	0.73805
0.26352	0.62565
0.33795	0.71226
0.38839	0.602
0.55987	0.62782
0.43483	0.594
0.45355	0.63586
0.39003	0.72213
0.32304	0.71001
0.40186	0.64903
0.56389	0.71713
0.19921	0.72022
0.55796	0.60537
0.4652	0.77339
0.48255	0.81643
0.34916	0.69745
0.56124	0.69621
0.36436	0.77211
0.21915	0.67542
0.53454	0.68863
0.4126	0.80125
0.37244	0.76152
0.21	0.67679
0.55319	0.76948
0.50587	0.67888
0.41054	0.72792
0.52076	0.68063
0.37953	0.73069
0.55262	0.51215
0.43165	0.67473
0.33308	0.78282
0.19813	0.6488
0.28158	0.5706
0.20201	0.65463
0.34746	0.65348
0.50574	0.78645
0.44088	0.72655
0.483	0.70544
0.42949	0.67311
0.22968	0.63656
0.40434	0.78597
0.6731	0.65493
0.42457	0.72146
0.38197	0.72794
0.45841	0.64226
0.12911	0.64919
0.40821	0.73494
0.5126	0.63858
0.25697	0.63725
0.49311	0.69016
0.34928	0.74995
0.44826	0.67539
0.45502	0.70341
0.3738	0.75132
0.37411	0.69734
0.35383	0.59537
0.41642	0.69919
0.2954	0.5516
0.55278	0.72697
0.36207	0.71431
0.36797	0.7146
0.32714	0.72622
0.45475	0.71965
0.52925	0.78277
0.30761	0.68684
0.44553	0.68194
0.37288	0.5651
0.38097	0.61491
0.41785	0.68965
0.30332	0.61601
0.20941	0.6268
0.58688	0.66848
0.28886	0.6474
0.48711	0.72563
0.38622	0.70944
0.37134	0.77651
0.39051	0.76868
0.36808	0.69594
0.39872	0.67474
0.41267	0.71205
0.26315	0.68356
0.39128	0.64399
0.38471	0.76218
0.38668	0.71819
0.3413	0.73349
0.68271	0.69699
0.42078	0.68108
0.45687	0.686
0.3512	0.57637
0.46282	0.64966
0.42181	0.56632
0.50635	0.6555
0.42482	0.74898
0.35898	0.76464
0.41571	0.70153
0.42841	0.68873
0.19103	0.55646
0.38891	0.69054
0.45591	0.65226
0.38859	0.44294
0.47228	0.68978
0.43987	0.65871
0.34117	0.57915
0.38386	0.67308
0.44754	0.772
0.3647	0.64245
0.53594	0.72775
0.51625	0.67824
0.26043	0.67386
0.41601	0.67652
0.5002	0.75873
0.28006	0.69314
0.34471	0.76464
0.52512	0.75946
0.27587	0.79814
0.57663	0.65981
0.42902	0.64829
0.44812	0.60186
0.45015	0.80214
0.4582	0.66146
0.51774	0.71574
0.44457	0.69277
0.28455	0.59904
0.46758	0.72037
0.35847	0.75166
0.21231	0.60882
0.51431	0.69735
0.42914	0.73563
0.32842	0.66792
0.4089	0.74034
0.45737	0.66094
0.37251	0.61589
0.41585	0.72517
0.32812	0.5877
0.66764	0.69183
0.46414	0.77666
0.43858	0.71673
0.38228	0.69522
0.48698	0.69418
0.36714	0.62566
0.48127	0.69284
0.40401	0.63792
0.38639	0.69796
0.35602	0.67812
0.38007	0.61189
0.56019	0.75739
0.24648	0.56401
0.38651	0.66466
0.23562	0.63109
0.53291	0.6448
0.50689	0.71459
0.63663	0.66879
0.20794	0.64492
0.19931	0.66276
0.30784	0.8205
0.49556	0.764
0.52567	0.61626
0.42958	0.65988
0.47494	0.65589
0.55741	0.73185
0.21607	0.48498
0.40358	0.70673
0.43807	0.71748
0.29517	0.62135
0.45635	0.60892
0.37143	0.69285
0.42262	0.65788
0.37326	0.60825
0.35328	0.71722
0.36411	0.68775
0.54262	0.74061
0.38736	0.74299
0.64671	0.5926
0.38113	0.64842
0.41929	0.67498
0.42236	0.7188
0.56646	0.68081
0.44759	0.66588
0.13969	0.5355
0.48852	0.64725
0.3286	0.7618
0.37993	0.69631
0.31933	0.67685
0.31646	0.80548
0.56115	0.69578
0.30317	0.68053
0.30912	0.70198
0.67284	0.6738
0.45241	0.85283
0.43636	0.65459
0.40665	0.71373
0.34183	0.68249
0.53057	0.82554
0.52679	0.79776
0.23329	0.6575
0.48338	0.71011
0.5276	0.6737
0.4987	0.72883
0.77529	0.66766
0.50136	0.70251
0.51912	0.66944
0.41	0.60931
0.39881	0.71279
0.47803	0.66528
0.44044	0.76783
0.51542	0.79421
0.31705	0.54332
0.43459	0.71887
0.39227	0.83536
0.52002	0.71647
0.38419	0.69975
0.70247	0.77376
0.37285	0.70345
0.34401	0.78755
0.30143	0.61296
0.3304	0.65648
0.3022	0.58302
0.49007	0.63721
0.52601	0.67544
0.51505	0.57543
0.50409	0.68046
0.54839	0.8696
0.45094	0.66879
0.43836	0.5859
0.34386	0.65429
0.33215	0.61892
0.27567	0.65219
0.43484	0.70445
0.4273	0.62665
0.37729	0.65754
0.13814	0.60977
0.3686	0.60328
0.37842	0.75396
0.47614	0.70993
0.51765	0.68483
0.48508	0.69551
0.47213	0.71791
0.45431	0.71724
0.55828	0.70309
0.45413	0.68724
0.50431	0.6862
0.45047	0.77297
0.50571	0.74014
0.57217	0.75917
0.49934	0.72088
0.52655	0.68852
0.42254	0.65805
0.54345	0.67518
0.35895	0.66884
0.36693	0.74271
0.34015	0.67181
0.45897	0.74844
0.36547	0.67529
0.55359	0.63582
0.43948	0.68994
0.3769	0.71043
0.41402	0.72455
0.554	0.63804
0.34507	0.66247
0.42458	0.69732
0.44184	0.71885
0.42124	0.67346
0.27102	0.60748
0.51142	0.759
0.42915	0.69814
0.48327	0.68354
0.44255	0.66821
0.37777	0.72824
0.42423	0.67167
0.25993	0.55689
0.459	0.70044
0.25229	0.54034
0.45822	0.72301
0.4294	0.73525
0.24022	0.62833
0.42905	0.71396
0.79496	0.73154
0.30712	0.71617
0.41263	0.60785
0.44859	0.72684
0.40647	0.66399
0.33569	0.69801
0.36604	0.77358
0.37089	0.77539
0.40473	0.70122
0.4263	0.63331
0.41235	0.75758
0.4285	0.72042
0.54394	0.69171
0.36769	0.73415
0.46556	0.77429
0.48742	0.69356
0.41479	0.65299
0.5083	0.72835
0.40252	0.63874
0.42414	0.75902
0.37286	0.67492
0.45421	0.62624
0.3737	0.66908
0.43829	0.72856
0.37619	0.77484
0.38064	0.73705
0.26201	0.61995
0.43804	0.58715
0.43385	0.69737
0.24763	0.64633
0.41436	0.65486
0.68344	0.71213
0.46934	0.71597
0.39544	0.5582
0.34508	0.7509
0.43326	0.65044
0.2429	0.62863
0.34398	0.61552
0.31951	0.73725
0.57419	0.62325
0.36409	0.6013
0.38333	0.70704
0.39608	0.73927
0.41991	0.7092
0.44087	0.72424
0.66461	0.73845
0.7163	0.65333
0.34027	0.64869
0.39779	0.75576
0.2082	0.66288
0.32673	0.72096
0.54567	0.63483
0.42888	0.69177
0.34226	0.7327
0.36794	0.69958
0.25835	0.63989
0.42002	0.68337
0.39814	0.72529
0.46082	0.71049
0.40836	0.5984
0.86099	0.68641
0.38061	0.66215
0.28085	0.66997
0.37618	0.631
0.44651	0.71483
0.6711	0.77807
0.371	0.71495
0.26725	0.61905
0.43374	0.69727
0.42035	0.76598
0.53227	0.69319
0.1515	0.65894
0.35992	0.82332
0.41423	0.73093
0.32012	0.66691
0.45061	0.65562
0.4234	0.7678
0.5374	0.78955
0.37858	0.66886
0.46568	0.72783
0.63881	0.75949
0.45395	0.66398
0.15878	0.66957
0.31097	0.71495
0.45568	0.72802
0.35489	0.64473
0.39637	0.73796
0.42576	0.73181
0.45705	0.73645
0.46329	0.74073
0.28528	0.62169
0.47195	0.63204
0.41524	0.63932
0.48116	0.68313
0.3463	0.71755
0.38501	0.76427
0.35689	0.69978
0.82674	0.77966
0.56874	0.74865
0.30433	0.72813
0.61448	0.62758
0.48281	0.79777
0.4911	0.65898
0.46426	0.70097
0.43725	0.71571
0.50574	0.78504
0.35999	0.66419
0.78638	0.6847
0.44574	0.67185
0.51765	0.7072
0.45264	0.64649
0.45923	0.65322
0.46383	0.69705
0.47208	0.65365
0.40646	0.66076
0.20649	0.65276
0.32812	0.77519
0.66227	0.65859
0.45096	0.73489
0.40864	0.64415
0.46646	0.72763
0.42567	0.73287
0.49262	0.60444
0.34198	0.64898
0.35563	0.69288
0.45018	0.74438
0.45951	0.79029
0.47856	0.71015
0.33252	0.63982
0.40829	0.64185
0.58007	0.7804
0.42606	0.69633
0.54244	0.62865
0.37562	0.72655
0.67944	0.70146
0.41147	0.70035
0.33559	0.62032
0.46246	0.64275
0.63862	0.69876
0.51482	0.63314
0.47986	0.66133
0.42511	0.77922
0.38437	0.66458
0.36995	0.70634
0.37916	0.69653
0.43067	0.72862
0.40307	0.74783
0.36042	0.78868
0.48018	0.66876
0.56033	0.65939
0.50307	0.6748
0.40348	0.71601
0.46517	0.68302
0.30862	0.48966
0.39459	0.71133
0.4214	0.63375
0.46438	0.63877
0.41106	0.80935
0.61786	0.76145
0.43291	0.73638
0.3393	0.6972
0.39975	0.69073
0.3888	0.66899
0.23987	0.69761
0.46703	0.63705
0.46292	0.67952
0.39794	0.67944
0.47275	0.71266
0.54235	0.65936
0.4447	0.70487
0.37569	0.80601
0.54829	0.70445
0.7343	0.70451
0.31544	0.64088
0.44061	0.76793
0.38158	0.65656
0.39674	0.68008
0.25256	0.66212
0.45794	0.79507
0.48111	0.68063
0.42058	0.70885
0.39443	0.72514
0.30371	0.61543
0.32077	0.76437
0.542	0.69255
0.33245	0.66024
0.3306	0.75911
0.28953	0.66187
0.41498	0.75647
0.28273	0.61479
0.49303	0.75794
0.44522	0.75974
0.29612	0.61938
0.54494	0.75592
0.33672	0.72786
0.39024	0.59073
0.26859	0.58792
0.3073	0.74283
0.45316	0.59808
0.38005	0.62681
0.35969	0.67345
0.62607	0.70928
0.44512	0.73617
0.3049	0.62041
0.49825	0.63416
0.65036	0.76605
0.2843	0.62895
0.31087	0.62593
0.4312	0.69476
0.28763	0.61384
0.38908	0.64857
0.50268	0.67893
0.23567	0.64415
0.43704	0.73436
0.20444	0.70135
0.56713	0.51808
0.3224	0.68389
0.22608	0.48915
0.53658	0.71121
0.49057	0.71122
0.3961	0.6856
0.35997	0.7358
0.40194	0.71522
0.4375	0.72975
0.50749	0.68095
0.48857	0.73757
0.31983	0.70351
0.66582	0.67584
0.48329	0.74366
0.27394	0.60823
0.43673	0.72029
0.38511	0.65737
0.45976	0.67968
0.38062	0.67762
0.30184	0.62605
0.42725	0.60635
0.43151	0.69484
0.40376	0.68111
0.37613	0.75204
0.44778	0.70486
0.47003	0.73991
0.37977	0.56376
0.45459	0.63908
0.53039	0.61728
0.32486	0.62869
0.54739	0.72254
0.61721	0.69649
0.5118	0.78258
0.34493	0.67589
0.48806	0.666
0.48374	0.67936
0.38493	0.79182
0.35789	0.67457
0.3058	0.61583
0.43296	0.64122
0.44095	0.7427
0.39431	0.67218
0.47613	0.75234
0.3669	0.72005
0.6652	0.76431
0.25283	0.69462
0.41423	0.69318
0.28456	0.60759
0.57538	0.71738
0.23296	0.58597
0.46798	0.70338
0.34192	0.64712
0.43716	0.74963
0.31441	0.51561
0.38899	0.71327
0.48283	0.70946
0.51928	0.76567
0.42654	0.71253
0.29489	0.63097
0.38307	0.67705
0.57593	0.70907
0.39485	0.62425
0.38736	0.73017
0.59593	0.70141
0.34612	0.63636
0.35994	0.78307
0.41847	0.72327
0.4469	0.70142
0.45609	0.7164
0.29347	0.67219
0.35269	0.73157
0.27729	0.62437
0.47726	0.70762
0.41878	0.72577
0.2931	0.74238
0.44987	0.75485
0.38196	0.54895
0.36106	0.78697
0.36682	0.69777
0.42334	0.65661
0.37159	0.72113
0.40437	0.64592
0.30153	0.70302
0.4341	0.7505
0.26679	0.65415
0.34499	0.63247
0.48398	0.70422
0.43425	0.68232
0.36319	0.6324
0.49048	0.64508
0.67464	0.57005
0.4623	0.64607
0.56865	0.73381
0.44815	0.68685
0.44434	0.60576
0.37288	0.85836
0.29925	0.75714
0.41965	0.64616
0.39822	0.75651
0.42718	0.75677
0.46472	0.82459
0.39023	0.62726
0.47151	0.72222
0.40438	0.78778
0.36464	0.73118
0.30155	0.77148
0.5543	0.68786
0.31923	0.67293
0.60605	0.67185
0.49193	0.68771
0.49883	0.66944
0.43987	0.66052
0.40038	0.72148
0.39719	0.58407
0.76207	0.82963
0.48554	0.72296
0.39529	0.79544
0.46196	0.72387
0.38771	0.77777
0.52143	0.63247
0.38446	0.73908
0.50431	0.66106
0.4854	0.57055
0.44723	0.73379
0.49146	0.72351
0.42634	0.72221
0.36866	0.67561
0.24965	0.54728
0.39953	0.68419
0.44684	0.72781
0.46635	0.69995
0.4369	0.70226
0.36414	0.62434
0.3402	0.6711
0.45474	0.67487
0.60956	0.63973
0.32852	0.62276
0.54754	0.6405
0.35676	0.71336
0.43612	0.79869
0.38595	0.65999
0.25236	0.65613
0.5082	0.66262
0.23782	0.58384
0.51269	0.69722
0.40104	0.75945
0.28326	0.61533
0.48197	0.58811
0.3769	0.61947
0.406	0.64427
0.30943	0.68196
0.42558	0.58744
0.34794	0.69388
0.38446	0.72938
0.39301	0.68059
0.35159	0.71652
0.33565	0.58616
0.4601	0.66673
0.46333	0.69907
0.39423	0.71706
0.66553	0.66832
0.38276	0.68584
0.40582	0.67543
0.3726	0.62332
0.37847	0.68475
0.36003	0.83075
0.54417	0.67616
0.42731	0.59563
0.35675	0.6874
0.4431	0.74394
0.4385	0.72434
0.56276	0.67114
0.43748	0.68913
0.40559	0.74139
0.4561	0.71503
0.45987	0.6711
0.36051	0.54684
0.49759	0.73663
0.51938	0.64545
0.41952	0.80155
0.40629	0.68248
0.32788	0.67735
0.43467	0.60544
0.7143	0.73364
0.65007	0.65587
0.60583	0.80345
0.42003	0.66753
0.45723	0.67269
0.36026	0.70596
0.45508	0.70812
0.43546	0.59919
0.50112	0.77757
0.28195	0.61992
0.27765	0.76617
0.38887	0.70051
0.34082	0.82135
0.35889	0.65641
0.38445	0.66025
0.45281	0.71668
0.38252	0.64517
0.38858	0.71319
0.53425	0.70454
0.63987	0.66406
0.49331	0.7385
0.37268	0.7391
0.50428	0.64207
0.36943	0.67852
0.45956	0.70036
0.32045	0.48537
0.36569	0.69108
0.29845	0.642
0.48814	0.70584
0.42533	0.70203
0.43902	0.71374
0.53175	0.7495
0.40051	0.72083
0.39459	0.6657
0.50006	0.64691
0.38636	0.58239
0.68683	0.77468
0.4075	0.72211
0.4323	0.73338
0.23332	0.50521
0.47672	0.71531
0.34042	0.72372
0.36959	0.6652
0.4095	0.64761
0.44021	0.69417
0.40959	0.69896
0.25945	0.60516
0.45693	0.7232
0.39736	0.66461
0.38471	0.62831
0.44039	0.70471
0.39644	0.71737
0.49258	0.68159
0.26993	0.69716
0.33168	0.62565
0.22547	0.63122
0.27364	0.53872
0.28955	0.61621
0.40292	0.6993
0.47662	0.75296
0.39354	0.70175
0.45764	0.72053
0.37069	0.80301
0.5964	0.63199
0.74269	0.86255
0.39431	0.70454
0.34255	0.7379
0.38307	0.67661
0.49819	0.62386
0.51968	0.67262
0.60988	0.64808
0.34912	0.71528
0.42718	0.70622
0.36664	0.6984
0.41626	0.71207
0.52695	0.67346
0.40765	0.78684
0.55747	0.62257
0.40584	0.72563
0.29847	0.66999
0.32636	0.76931
0.30341	0.61902
0.46559	0.75471
0.43476	0.72417
0.49941	0.6512
0.37032	0.79371
0.29106	0.74842
0.87123	0.70694
0.59986	0.73592
0.40903	0.78395
0.62204	0.75965
0.81832	0.83291
0.46719	0.65063
0.26568	0.72919
0.73346	0.66892
0.32839	0.70284
0.59889	0.71154
0.37668	0.70125
0.47019	0.61925
0.47941	0.69514
0.61818	0.71286
0.36593	0.65612
0.46208	0.6995
0.22469	0.70977
0.34682	0.83098
0.77997	0.81179
0.53093	0.71674
0.40216	0.70735
0.39118	0.68244
0.38335	0.72585
0.3419	0.71107
0.45621	0.60108
0.38801	0.70017
0.80885	0.70496
0.52704	0.66834
0.39399	0.60596
0.39602	0.60112
0.60501	0.69356
0.24222	0.66067
0.39166	0.68413
0.39718	0.70475
0.48517	0.71084
0.34628	0.72773
0.31356	0.57999
0.44683	0.66548
0.27908	0.70951
0.48716	0.71573
0.33479	0.6217
0.45589	0.68896
0.34366	0.68053
0.44641	0.70251
0.3426	0.66964
0.53754	0.70362
0.34896	0.73217
0.40961	0.70621
0.38488	0.67223
0.33966	0.6568
0.3757	0.74298
0.40874	0.63872
0.42799	0.6173
0.46679	0.77701
0.55118	0.62307
0.25418	0.68648
0.43975	0.81531
0.35313	0.63894
0.39367	0.82379
0.40376	0.71432
0.48369	0.68429
0.31918	0.75691
0.39721	0.70404
0.53311	0.7188
0.34386	0.64603
0.41229	0.65174
0.46807	0.71524
0.33055	0.73601
0.4093	0.6703
0.32047	0.7016
0.51011	0.71676
0.35445	0.78356
0.38351	0.77051
0.45183	0.71078
0.3503	0.67362
0.21374	0.62957
0.5885	0.72641
0.49069	0.57584
0.43132	0.69642
0.39205	0.62714
0.25072	0.65736
0.38725	0.69132
0.2318	0.63551
0.677	0.64508
0.48782	0.66974
0.45336	0.73114
0.51501	0.71511
0.50234	0.73501
0.38766	0.67956
0.35306	0.65703
0.22064	0.64292
0.44267	0.67287
0.77702	0.63126
0.39912	0.64276
0.39727	0.59162
0.3321	0.7215
0.4775	0.73716
0.40684	0.67865
0.43025	0.66772
0.40934	0.61178
0.4818	0.68976
0.43567	0.65824
0.38427	0.66747
0.35541	0.6327
0.41677	0.6546
0.44507	0.66507
0.38639	0.68776
0.60923	0.71084
0.51677	0.62729
0.3506	0.67228
0.41155	0.69986
0.46185	0.60632
0.5116	0.68716
0.58425	0.75125
0.35146	0.66723
0.48685	0.74452
0.35991	0.61495
0.56253	0.67251
0.36061	0.67714
0.31357	0.62677
0.22784	0.63955
0.61246	0.6078
0.39562	0.68944
0.54372	0.66681
0.54271	0.70589
0.33559	0.71449
0.40246	0.64515
0.4611	0.54809
0.55469	0.68489
0.45442	0.7217
0.45263	0.68652
0.42353	0.71857
0.29389	0.59209
0.52061	0.68621
0.34488	0.777
0.41896	0.71307
0.40894	0.63988
0.4667	0.65399
0.52833	0.73013
0.28879	0.6174
0.43742	0.78129
0.37841	0.71052
0.50555	0.66806
0.52167	0.74543
0.40339	0.76563
0.5807	0.6276
0.39233	0.64821
0.38701	0.66556
0.50734	0.67235
0.35147	0.64687
0.32148	0.66806
0.35706	0.6193
0.49877	0.69072
0.45613	0.68155
0.3757	0.67116
0.36209	0.6634
0.2822	0.59862
0.33016	0.69416
0.36313	0.6357
0.28737	0.65642
0.40666	0.71615
0.61541	0.60254
0.70074	0.76068
0.45958	0.7272
0.40558	0.73724
0.39125	0.61046
0.32193	0.5813
0.52642	0.71159
0.43898	0.6991
0.39707	0.66808
0.31989	0.65029
0.30434	0.56885
0.39963	0.7268
0.47161	0.71581
0.45598	0.78516
0.47929	0.68614
0.23026	0.65709
0.40997	0.81632
0.41866	0.70924
0.41386	0.76044
0.45254	0.6796
0.1767	0.59198
0.37402	0.76475
0.3731	0.73058
0.50657	0.70817
0.45123	0.68554
0.38289	0.668
0.41756	0.67154
0.40456	0.63473
0.4031	0.47719
0.42489	0.61733
0.34547	0.76727
0.47911	0.72028
0.36868	0.80327
0.44666	0.5852
0.23908	0.65522
0.45521	0.67616
0.40326	0.69686
0.46687	0.65008
0.24089	0.67917
0.38504	0.72433
0.1595	0.52773
0.34674	0.63014
0.40018	0.73399
0.63358	0.62647
0.38529	0.72833
0.37666	0.61508
0.5132	0.74101
0.45042	0.7695
0.41839	0.6863
0.45359	0.71714
0.302	0.67444
0.3592	0.67097
0.45253	0.68077
0.38119	0.81919
0.42046	0.69434
0.43817	0.7186
0.49057	0.71303
0.56426	0.68632
0.46388	0.74492
0.39766	0.63687
0.34527	0.81178
0.44444	0.67375
0.45564	0.71622
0.49828	0.60401
0.25139	0.64102
0.44673	0.68983
0.38164	0.66988
0.48637	0.59628
0.30709	0.5324
0.75442	0.59978
0.37271	0.70426
0.31603	0.66912
0.57525	0.7009
0.1697	0.55397
0.35453	0.73045
0.46154	0.62525
0.39907	0.73449
0.45172	0.7552
0.38138	0.69811
0.48903	0.6641
0.26531	0.63883
0.49606	0.709
0.52372	0.71474
0.44375	0.6873
0.38353	0.72051
0.45466	0.72506
0.28755	0.6605
0.37983	0.69327
0.62762	0.75324
0.48244	0.74118
0.45642	0.76381
0.36955	0.76523
0.38892	0.68246
0.67745	0.75179
0.45317	0.64798
0.47007	0.74424
0.39293	0.5242
0.43704	0.7677
0.32673	0.6503
0.27348	0.60113
0.39671	0.72483
0.37119	0.72117
0.46397	0.73874
0.57839	0.67644
0.41351	0.66259
0.43287	0.63958
0.57381	0.68743
0.40785	0.56426
0.44445	0.72502
0.49394	0.66528
0.3264	0.65408
0.16491	0.68691
0.40364	0.60305
0.30318	0.6727
0.71953	0.76124
0.48857	0.78728
0.28817	0.73185
0.35978	0.66447
0.39471	0.68037
0.29299	0.64185
0.41355	0.68625
0.2708	0.7025
0.3233	0.61215
0.37663	0.6814
0.60391	0.6595
0.76754	0.56804
0.41663	0.72161
0.4365	0.67707
0.44345	0.62095
0.60016	0.72122
0.46719	0.65315
0.46007	0.71553
0.39349	0.70703
0.37536	0.65377
0.64657	0.72496
0.54414	0.71538
0.30869	0.72226
0.26425	0.53169
0.35672	0.70331
0.42417	0.77358
0.43504	0.69519
0.38082	0.5965
0.47503	0.7136
0.501	0.69995
0.53662	0.63911
0.44538	0.71895
0.20921	0.53313
0.46245	0.65488
0.46265	0.68136
0.55636	0.6981
0.42848	0.70842
0.39623	0.65304
0.3523	0.81702
0.35162	0.68597
0.52118	0.65725
0.39206	0.69395
0.39858	0.6606
0.47172	0.67897
0.68215	0.68994
0.49512	0.69055
0.38134	0.69534
0.33547	0.68745
0.33155	0.71112
0.55422	0.68776
0.43383	0.57043
0.55382	0.6934
0.55416	0.55917
0.47732	0.6858
0.42515	0.71313
0.43156	0.69119
0.48124	0.56228
0.19277	0.54022
0.31371	0.71637
0.39844	0.6725
0.40648	0.72543
0.29692	0.69118
0.52226	0.77467
0.75398	0.66401
0.29719	0.61467
0.47741	0.60541
0.35498	0.7679
0.46647	0.70268
0.48967	0.71305
0.3886	0.63905
0.41585	0.69971
0.33873	0.60058
0.36462	0.62452
0.45084	0.67324
0.47577	0.67649
0.36553	0.66775
0.44913	0.71308
0.40551	0.71966
0.35583	0.70391
0.3848	0.73564
0.35625	0.72897
0.42372	0.65975
0.40935	0.56278
0.49529	0.7686
0.4824	0.68983
0.37709	0.75273
0.53456	0.65944
0.41721	0.68981
0.51242	0.65864
0.26644	0.5616
0.55599	0.55678
0.38521	0.70661
0.35674	0.49195
0.37903	0.61272
0.40227	0.74449
0.35894	0.74174
0.55037	0.82298
0.23527	0.57696
0.35999	0.79599
0.3567	0.62121
0.52602	0.72145
0.40586	0.75671
0.53134	0.69035
0.5075	0.78549
0.50356	0.7172
0.43461	0.63652
0.38679	0.66194
0.44495	0.75564
0.31851	0.74166
0.36912	0.74829
0.4858	0.7003
0.41255	0.6987
0.46488	0.81639
0.5201	0.7256
0.36855	0.68619
0.44875	0.7076
0.48649	0.69492
0.4518	0.64783
0.50889	0.69261
0.54866	0.73703
0.27478	0.57408
0.44271	0.76754
0.39489	0.72452
0.40026	0.68403
0.42241	0.68504
0.3801	0.73901
0.46565	0.74962
0.24535	0.60394
0.44108	0.73747
0.24052	0.64242
0.38321	0.70334
0.48635	0.67628
0.5432	0.67303
0.30502	0.54429
0.35205	0.7672
0.435	0.62578
0.36777	0.74717
0.37195	0.72337
0.49365	0.74511
0.48578	0.70909
0.59759	0.71481
0.42045	0.69474
0.34485	0.70901
0.47289	0.71156
0.43121	0.7456
0.417	0.68771
0.42366	0.70087
0.44678	0.60079
0.67566	0.6361
0.34095	0.68677
0.73956	0.63686
0.46337	0.72081
0.39665	0.67267
0.44698	0.77119
0.36579	0.78426
0.24376	0.64043
0.22008	0.64071
0.41667	0.66543
0.3925	0.70863
0.4053	0.73239
0.40018	0.77178
0.45212	0.61619
0.33204	0.67677
0.33858	0.70376
0.38662	0.74503
0.40084	0.73247
0.39864	0.72222
0.42545	0.72858
0.46505	0.72831
0.49798	0.70266
0.42023	0.71385
0.49775	0.71268
0.41886	0.70029
0.38017	0.66817
0.44027	0.67507
0.41624	0.69343
0.39745	0.67752
0.60674	0.70037
0.24968	0.65726
0.41809	0.69586
0.43631	0.69515
0.54779	0.64108
0.4069	0.78742
0.10506	0.61837
0.85004	0.73213
0.58904	0.63776
0.6537	0.62776
0.43917	0.64259
0.37586	0.73758
0.62455	0.62634
0.66815	0.69388
0.35318	0.67632
0.16713	0.54947
0.22126	0.63297
0.4515	0.65224
0.27113	0.75051
0.40262	0.85414
0.37454	0.82298
0.498	0.69244
0.38499	0.78292
0.45643	0.77174
0.32243	0.6645
0.51958	0.65759
0.41921	0.70377
0.50767	0.75739
0.4314	0.68407
0.44244	0.64865
0.43707	0.71743
0.30372	0.69927
0.41077	0.70616
0.39882	0.69369
0.51331	0.52624
0.37109	0.67519
0.37865	0.7925
0.71874	0.74056
0.38553	0.56096
0.46158	0.69099
0.4054	0.71687
0.42962	0.74373
0.35155	0.68672
0.76095	0.74142
0.50079	0.69286
0.3325	0.63492
0.42612	0.69799
0.50559	0.76772
0.43401	0.69286
0.27975	0.61952
0.6602	0.79963
0.45869	0.66863
0.4114	0.65609
0.69525	0.52452
0.46065	0.71594
0.64794	0.77014
0.32754	0.61967
0.48112	0.71004
0.46929	0.70896
0.22657	0.64703
0.44717	0.64276
0.39812	0.54492
0.59762	0.72769
0.35593	0.7377
0.47352	0.72537
0.40412	0.64433
0.26652	0.57008
0.32618	0.79015
0.38738	0.73595
0.51674	0.69269
0.43011	0.71741
0.4303	0.71975
0.62237	0.74918
0.64482	0.62614
0.46162	0.76313
0.2971	0.53521
0.42049	0.76154
0.47807	0.73334
0.29613	0.52103
0.37765	0.59063
0.31613	0.70168
0.37656	0.74813
0.71286	0.58535
0.51815	0.65227
0.55399	0.67935
0.22578	0.66767
0.51143	0.70597
0.55607	0.66397
0.37184	0.6843
0.42301	0.7437
0.29473	0.57738
0.44471	0.64934
0.31624	0.59598
0.3608	0.75188
0.52126	0.7536
0.46777	0.6387
0.357	0.59315
0.35585	0.67189
0.57979	0.69625
0.41466	0.72505
0.67304	0.69395
0.33509	0.6647
0.41208	0.81569
0.46664	0.70249
0.3023	0.66324
0.43619	0.67855
0.38568	0.6947
0.22288	0.63512
0.47685	0.67714
0.35602	0.73016
0.28027	0.61694
0.61845	0.75651
0.61318	0.72838
0.49795	0.71891
0.23973	0.65128
0.59195	0.70493
0.42451	0.76763
0.4512	0.78756
0.45578	0.64816
0.4722	0.70518
0.77868	0.66436
0.43302	0.67124
0.41173	0.69042
0.38909	0.62332
0.44537	0.63998
0.41757	0.73879
0.40841	0.74234
0.4737	0.78325
0.42271	0.74592
0.46959	0.76643
0.40564	0.7183
0.50974	0.70853
0.49155	0.62335
0.40537	0.83924
0.40733	0.77754
0.39491	0.69699
0.314	0.66129
0.50142	0.74494
0.46657	0.67954
0.42633	0.72487
0.35537	0.68881
0.47212	0.71993
0.27608	0.66649
0.3244	0.56756
0.33183	0.67724
0.44542	0.71628
0.39432	0.7028
0.45218	0.64956
0.04473	0.64111
0.50788	0.70265
0.37863	0.58619
0.38379	0.60335
0.58852	0.7281
0.57102	0.66229
0.40214	0.72249
0.2802	0.59771
0.35832	0.63686
0.49724	0.65336
0.38263	0.68593
0.53982	0.80383
0.35622	0.70236
0.43971	0.68511
0.29839	0.62493
0.39413	0.76407
0.42608	0.72563
0.33114	0.64954
0.46802	0.71661
0.28158	0.50657
0.41156	0.68471
0.44612	0.77653
0.36263	0.67962
0.38653	0.6665
0.34116	0.64386
0.40111	0.57281
0.42168	0.72537
0.38362	0.65989
0.42993	0.52647
0.3949	0.6206
0.52076	0.72361
0.25831	0.7099
0.40599	0.58487
0.44981	0.71706
0.37696	0.79503
0.45598	0.72194
0.47555	0.62989
0.38627	0.68275
0.41483	0.71622
0.6906	0.79477
0.34507	0.67911
0.3394	0.69569
0.45562	0.79021
0.38913	0.56813
0.40868	0.72404
0.41325	0.73158
0.31515	0.62861
0.38395	0.7112
0.37935	0.68369
0.39865	0.70471
0.48202	0.60287
0.32958	0.75118
0.38534	0.81147
0.17616	0.54696
0.40967	0.64737
0.5831	0.67454
0.3614	0.78257
0.3731	0.68411
0.44666	0.71017
0.37964	0.61414
0.3031	0.57736
0.52734	0.67405
0.41843	0.79668
0.50543	0.69347
0.47733	0.63182
0.47941	0.57317
0.45156	0.71498
0.52591	0.67398
0.4843	0.73215
0.21964	0.63418
0.3662	0.67014
0.46768	0.65282
0.42454	0.69746
0.3975	0.69599
0.4827	0.7074
0.28579	0.60937
0.42493	0.72055
0.39053	0.63333
0.39348	0.71687
0.39686	0.7677
0.53502	0.6728
0.27128	0.61471
0.42031	0.69111
0.4729	0.69638
0.53364	0.64921
0.38723	0.65916
0.52461	0.71865
0.36487	0.68254
0.41113	0.6988
0.46372	0.7175
0.53818	0.6914
0.39237	0.64339
0.56169	0.75284
0.1882	0.68321
0.43172	0.73961
0.32668	0.72551
0.55462	0.67398
0.28855	0.66572
0.45731	0.67567
0.408	0.78589
0.1603	0.60694
0.3959	0.72471
0.27326	0.66929
0.25288	0.63103
0.51466	0.70971
0.49865	0.7324
0.45291	0.6232
0.4473	0.7222
0.40389	0.69351
0.36902	0.54207
0.6153	0.74983
0.32395	0.69421
0.21797	0.69966
0.46344	0.76533
0.20961	0.62687
0.28237	0.52948
0.35582	0.73021
0.43047	0.76136
0.33626	0.62922
0.44844	0.70604
0.43252	0.72302
0.45679	0.79736
0.62811	0.69781
0.40381	0.62113
0.678	0.71756
0.28702	0.65978
0.90102	0.70882
0.42168	0.6079
0.50734	0.73604
0.37081	0.74634
0.48555	0.74471
0.4058	0.80132
0.36274	0.67498
0.58018	0.6242
0.22311	0.64157
0.32326	0.69477
0.49303	0.60324
0.35992	0.65869
0.46994	0.7468
0.54736	0.77287
0.28478	0.5994
0.33131	0.6323
0.42239	0.76619
0.22033	0.60098
0.33	0.65754
0.57878	0.72675
0.52807	0.74659
0.35374	0.6737
0.38632	0.47167
0.38623	0.73642
0.39969	0.61155
0.40303	0.68073
0.44238	0.81213
0.46694	0.81696
0.34159	0.69822
0.43319	0.72019
0.25733	0.64125
0.32935	0.69008
0.28268	0.70282
0.39422	0.70252
0.44762	0.80693
0.24424	0.52024
0.45756	0.62638
0.52929	0.76158
0.44525	0.69274
0.48111	0.70249
0.28351	0.69797
0.2818	0.67755
0.23041	0.65924
0.36219	0.68019
0.44665	0.71451
0.53954	0.52249
0.48589	0.73268
0.50339	0.69215
0.37962	0.7273
0.44729	0.70077
0.46071	0.663
0.47269	0.80971
0.35165	0.62547
0.37887	0.63796
0.44665	0.69413
0.35526	0.66314
0.37404	0.77659
0.66982	0.73408
0.34645	0.67257
0.41656	0.79734
0.52369	0.68415
0.30349	0.58564
0.43926	0.76421
0.48979	0.72139
0.35551	0.81478
0.48111	0.74533
0.48767	0.69792
0.48353	0.53111
0.54589	0.75919
0.40484	0.6062
0.43764	0.67814
0.50757	0.69467
0.4032	0.64271
0.46081	0.63919
0.37349	0.60099
0.48197	0.70297
0.50323	0.74438
0.36293	0.57474
0.29915	0.82853
0.47087	0.75529
0.44477	0.66606
0.34339	0.68536
0.37489	0.72588
0.88402	0.77256
0.42935	0.76055
0.35122	0.68484
0.37436	0.62482
0.47902	0.69491
0.5051	0.69131
0.54445	0.6777
0.39202	0.70882
0.42669	0.69745
0.51781	0.70805
0.42158	0.70335
0.41157	0.68447
0.33565	0.64054
0.59315	0.61763
0.49215	0.6752
0.53177	0.72167
0.70712	0.70968
0.42624	0.64171
0.32061	0.61795
0.47358	0.54687
0.38338	0.67132
0.38188	0.68471
0.40268	0.70292
0.26447	0.63181
0.42124	0.68235
0.22903	0.47774
0.54167	0.7075
0.64761	0.64782
0.45631	0.59343
0.40033	0.71802
0.36567	0.72404
0.44705	0.83698
0.3614	0.60561
0.4441	0.73989
0.50936	0.60796
0.38676	0.70248
0.46102	0.74219
0.44638	0.68887
0.42418	0.69581
0.39182	0.72154
0.34156	0.69892
0.19394	0.56432
0.4741	0.71585
0.3609	0.58822
0.40794	0.77511
0.52929	0.73062
0.37425	0.64499
0.46126	0.68962
0.48979	0.74502
0.27348	0.75879
0.55374	0.80454
0.1391	0.63474
0.28583	0.71769
0.56562	0.6777
0.44566	0.70166
0.43701	0.72525
0.35467	0.66216
0.35598	0.74681
0.85844	0.75456
0.50784	0.73487
0.40459	0.72658
0.80971	0.74535
0.55887	0.69617
0.28635	0.64684
0.2824	0.80015
0.41136	0.62643
0.42038	0.5187
0.5591	0.65388
0.4912	0.70101
0.31662	0.68529
0.49582	0.70466
0.28413	0.67107
0.49827	0.69966
0.49282	0.73235
0.41143	0.78649
0.4644	0.63451
0.28507	0.70951
0.36317	0.66988
0.34856	0.68665
0.44218	0.74229
0.70154	0.74918
0.43731	0.769
0.45128	0.69552
0.42749	0.67792
0.50609	0.68736
0.42168	0.72123
0.28972	0.62159
0.4893	0.75251
0.41164	0.70928
0.33798	0.82416
0.30429	0.65192
0.27474	0.67416
0.4096	0.7209
0.23845	0.51613
0.44033	0.71646
0.33825	0.7228
0.66653	0.66481
0.49631	0.70979
0.42572	0.72352
0.58536	0.729
0.46498	0.7145
0.56432	0.73147
0.41448	0.814
0.37812	0.67316
0.33817	0.66686
0.54189	0.64518
0.33755	0.70415
0.2863	0.56934
0.4108	0.60021
0.38771	0.64464
0.49365	0.73535
0.41218	0.72135
0.40486	0.66387
0.33862	0.78462
0.52851	0.63269
0.38365	0.60258
0.39889	0.63544
0.40939	0.75985
0.48706	0.68429
0.32646	0.65422
0.47638	0.67986
0.46104	0.65574
0.23755	0.51999
0.44694	0.63991
0.28554	0.61928
0.8185	0.69362
0.38931	0.66931
0.41497	0.56432
0.56178	0.70063
0.71085	0.73673
0.53894	0.71792
0.3685	0.79025
0.45112	0.77291
0.45016	0.6661
0.43863	0.69406
0.47626	0.68958
0.53876	0.63675
0.14063	0.62519
0.44917	0.72673
0.49754	0.68324
0.50173	0.70871
0.43317	0.69618
0.35907	0.66756
0.4216	0.69919
0.37924	0.80781
0.57766	0.69137
0.47717	0.68797
0.86333	0.68562
0.4237	0.60066
0.39594	0.71935
0.57137	0.8496
0.29168	0.72195
0.57078	0.67131
0.45698	0.68529
0.38174	0.60763
0.35076	0.70176
0.36833	0.70346
0.35906	0.77006
0.47451	0.71207
0.5521	0.67362
0.43618	0.59615
0.33408	0.76792
0.3891	0.73
0.37483	0.65855
0.50605	0.67799
0.35406	0.58139
0.39674	0.69768
0.31307	0.61541
0.38177	0.7511
0.37504	0.77323
0.44095	0.73187
0.21819	0.61231
0.38996	0.63694
0.43192	0.71714
0.42442	0.68943
0.29694	0.67893
0.32911	0.70404
0.21777	0.72349
0.27156	0.68802
0.56689	0.64977
0.56068	0.67828
0.41651	0.66211
0.28482	0.61387
0.44704	0.72521
0.37338	0.73894
0.19889	0.65112
0.45934	0.68707
0.66578	0.78561
0.70349	0.7284
0.4972	0.6007
0.3684	0.79364
0.41108	0.69395
0.38177	0.6622
0.42056	0.68504
0.51244	0.61529
0.40592	0.7018
0.4222	0.68406
0.34532	0.73044
0.41867	0.73853
0.34031	0.79786
0.26482	0.65576
0.48603	0.6635
0.42966	0.68647
0.65398	0.87608
0.324	0.75955
0.4443	0.73335
0.33752	0.68742
0.45676	0.62792
0.79127	0.84253
0.20025	0.67189
0.51033	0.65215
0.49082	0.69348
0.41631	0.60781
0.38029	0.71219
0.34782	0.72439
0.53821	0.73933
0.43584	0.71289
0.36073	0.71114
0.3384	0.8187
0.40134	0.6758
0.30096	0.63897
0.24727	0.68424
0.38088	0.71491
0.45743	0.70918
0.41656	0.74664
0.43408	0.68909
0.44391	0.72738
0.27329	0.89522
0.41487	0.68473
0.43224	0.68734
0.38461	0.67303
0.75107	0.79222
0.44916	0.80319
0.49412	0.8193
0.43258	0.67199
0.37862	0.70075
0.44038	0.70793
0.42983	0.72392
0.41056	0.68795
0.4867	0.74964
0.46161	0.60374
0.4406	0.60632
0.42841	0.72866
0.43295	0.64279
0.35002	0.59084
0.4452	0.6734
0.39602	0.68223
0.42547	0.70785
0.35506	0.80816
0.30131	0.71845
0.38596	0.64235
0.55449	0.63924
0.94035	0.82605
0.37677	0.74581
0.36825	0.64363
0.3109	0.68881
0.42118	0.71218
0.40397	0.64513
0.35153	0.75692
0.46653	0.74364
0.54023	0.6638
0.51538	0.69952
0.44426	0.6722
0.47375	0.76606
0.45803	0.70926
0.47205	0.74922
0.46759	0.75571
0.24607	0.71816
0.40883	0.61947
0.42451	0.56833
0.49947	0.69273
0.44348	0.64876
0.47154	0.6809
0.28957	0.66866
0.39694	0.65757
0.37169	0.66168
0.44284	0.65955
0.44908	0.62971
0.38512	0.7486
0.5109	0.6932
0.39931	0.69943
0.30324	0.67592
0.41906	0.69813
0.40239	0.70445
0.35324	0.74766
0.30808	0.61598
0.42267	0.56921
0.44316	0.60629
0.37181	0.60659
0.44573	0.75348
0.33191	0.60318
0.4011	0.7209
0.45429	0.64951
0.31511	0.812
0.327	0.7458
0.46441	0.7434
0.6065	0.68157
0.52868	0.68723
0.56607	0.75626
0.45926	0.65096
0.50899	0.70944
0.37926	0.6992
0.44062	0.71727
0.46317	0.68334
0.24938	0.65176
0.53652	0.7477
0.44226	0.81031
0.34652	0.58914
0.50072	0.69969
0.20957	0.64607
0.51609	0.69046
0.37471	0.72771
0.22423	0.66696
0.43014	0.74275
0.49943	0.7684
0.38058	0.57498
0.27047	0.64526
0.22686	0.53712
0.29302	0.69665
0.38064	0.77483
0.41687	0.71523
0.32084	0.76359
0.24533	0.60129
0.45961	0.57029
0.41222	0.61794
0.40894	0.72136
0.38264	0.64356
0.54202	0.69938
0.35972	0.63486
0.44315	0.68997
0.39852	0.64491
0.43534	0.69955
0.44575	0.70287
0.62927	0.67678
0.46597	0.79511
0.60559	0.61738
0.30341	0.6257
0.31107	0.70135
0.33821	0.56746
0.44203	0.75924
0.47859	0.638
0.39353	0.72412
0.44458	0.6078
0.3041	0.74329
0.43306	0.79781
0.69349	0.69647
0.33199	0.80089
0.47244	0.67237
0.46628	0.74751
0.58423	0.57732
0.48103	0.64245
0.48625	0.6774
0.57153	0.67469
0.40541	0.671
0.41035	0.74139
0.24593	0.5685
0.40947	0.67172
0.30832	0.625
0.41194	0.71544
0.41473	0.66349
0.46371	0.73079
0.38389	0.65618
0.38881	0.6439
0.29625	0.61322
0.30681	0.59929
0.465	0.71718
0.37704	0.57332
0.46956	0.66446
0.35088	0.69886
0.37161	0.73097
0.39474	0.73456
0.56668	0.70768
0.62014	0.62714
0.51397	0.73401
0.36609	0.78663
0.5614	0.73271
0.37385	0.74508
0.50884	0.71173
0.40824	0.67731
0.47794	0.73694
0.31826	0.60016
0.43557	0.64611
0.46868	0.71553
0.48152	0.67839
0.37164	0.68089
0.40524	0.71723
0.28347	0.65021
0.37463	0.75152
0.39579	0.6646
0.57383	0.64727
0.33935	0.70344
0.35701	0.69877
0.34107	0.73114
0.32401	0.70928
0.59949	0.73363
0.33841	0.57362
0.55445	0.63463
0.42867	0.64085
0.49403	0.70072
0.42203	0.65455
0.20103	0.64943
0.39162	0.68883
0.60009	0.72439
0.29664	0.69331
0.48332	0.62293
0.3415	0.78414
0.46789	0.68626
0.56163	0.73158
0.4761	0.72107
0.46769	0.63711
0.44758	0.62104
0.28633	0.68827
0.47521	0.69784
0.49105	0.68319
0.44805	0.75499
0.30199	0.72091
0.53924	0.6871
0.43743	0.73556
0.32687	0.57949
0.393	0.82343
0.41563	0.65423
0.46605	0.55642
0.42447	0.65071
0.39474	0.63349
0.49198	0.71687
0.38882	0.61126
0.32254	0.58579
0.35996	0.73683
0.73586	0.73501
0.54257	0.69578
0.58212	0.73405
0.5137	0.75095
0.44135	0.72185
0.54187	0.75149
0.48463	0.70918
0.44223	0.76376
0.4684	0.70433
0.25875	0.67322
0.29256	0.63149
0.37596	0.65522
0.4746	0.64151
0.38889	0.70969
0.40921	0.6602
0.51093	0.74008
0.46343	0.60037
0.21322	0.66684
0.54982	0.63448
0.38426	0.73699
0.51572	0.58404
0.58594	0.747
0.3722	0.68705
0.32482	0.6994
0.4263	0.72098
0.39601	0.71328
0.51859	0.62705
0.33458	0.62416
0.40657	0.5476
0.36626	0.65217
0.44286	0.70403
0.48534	0.69344
0.47547	0.68887
0.43741	0.70944
0.49612	0.6794
0.41107	0.78115
0.12423	0.59885
0.21921	0.71948
0.51614	0.6658
0.52135	0.69617
0.3663	0.61593
0.48935	0.69459
0.56427	0.63415
0.25965	0.64801
0.4456	0.76167
0.41887	0.6982
0.38825	0.66974
0.36193	0.61931
0.52333	0.67898
0.37801	0.63423
0.3838	0.68851
0.41114	0.65988
0.49698	0.699
0.28638	0.70641
0.51798	0.69915
0.52222	0.70371
0.40215	0.71581
0.36001	0.70023
0.22063	0.64327
0.61769	0.65785
0.56074	0.58407
0.34209	0.73085
0.30336	0.68335
0.25867	0.63696
0.28945	0.48987
0.43643	0.69796
0.37214	0.78654
0.28007	0.67993
0.24142	0.6527
0.41835	0.64857
0.37511	0.74832
0.19653	0.63034
0.25604	0.61395
0.41889	0.75506
0.42278	0.7453
0.39574	0.70607
0.2137	0.58327
0.45078	0.70288
0.48275	0.68001
0.43154	0.70679
0.56537	0.77506
0.47948	0.72859
0.31366	0.5861
0.60486	0.7311
0.56932	0.68839
0.4658	0.80636
0.78886	0.74701
0.44388	0.66957
0.35007	0.70736
0.51206	0.67295
0.57082	0.7385
0.29637	0.71712
0.42484	0.58221
0.50776	0.6521
0.16687	0.65288
0.15693	0.61342
0.67446	0.45815
0.43972	0.61797
0.65551	0.6469
0.51964	0.76578
0.35323	0.73555
0.273	0.51618
0.46068	0.66054
0.27559	0.63343
0.4567	0.715
0.34723	0.67408
0.42391	0.70011
0.44527	0.71788
0.11571	0.65193
0.36244	0.52916
0.1923	0.64953
0.40206	0.63889
0.63842	0.72122
0.53576	0.64944
0.46845	0.7033
0.33615	0.78068
0.37159	0.70048
0.28096	0.62437
0.35204	0.68959
0.19999	0.718
0.63919	0.70247
0.44263	0.65454
0.36233	0.63706
0.40931	0.74355
0.40516	0.68699
0.38828	0.5158
0.44974	0.72817
0.27981	0.65791
0.2768	0.62065
0.47703	0.73531
0.40427	0.70752
0.54539	0.67064
0.49654	0.69266
0.51907	0.7667
0.63916	0.64523
0.37601	0.73043
0.51387	0.68822
0.44713	0.65258
0.68761	0.69248
0.36965	0.60575
0.53031	0.72547
0.44379	0.75378
0.36434	0.57795
0.47117	0.73407
0.38671	0.71934
0.25115	0.67595
0.35139	0.61077
0.52031	0.71255
0.5244	0.72014
0.50619	0.64158
0.4641	0.72024
0.45797	0.69135
0.42974	0.85683
0.44343	0.76869
0.54238	0.66673
0.29071	0.62529
0.43323	0.74023
0.46301	0.70043
0.5441	0.71977
0.36288	0.68853
0.38166	0.71739
0.63266	0.64353
0.52532	0.74009
0.41836	0.68456
0.34079	0.63401
0.35339	0.80797
0.40974	0.63104
0.47501	0.52212
0.3693	0.66723
0.56767	0.65852
0.52239	0.71771
0.44072	0.68617
0.45301	0.78054
0.40818	0.69084
0.34246	0.71924
0.46457	0.77289
0.42531	0.67649
0.4181	0.70416
0.44586	0.71055
0.37159	0.7372
0.51813	0.77123
0.39409	0.669
0.46992	0.47184
0.60628	0.71527
0.44721	0.75611
0.36109	0.67654
0.61304	0.67615
0.45735	0.71632
0.37957	0.66925
0.23489	0.6495
0.62151	0.72281
0.46985	0.66423
0.35388	0.69807
0.3859	0.67545
0.23051	0.62192
0.45834	0.72747
0.3664	0.76572
0.7002	0.77538
0.46298	0.70644
0.47422	0.78433
0.56891	0.67272
0.31841	0.66225
0.47226	0.67354
0.27687	0.66159
0.3827	0.69571
0.35864	0.66194
0.47963	0.70316
0.52697	0.65958
0.29801	0.70089
0.54094	0.78751
0.34301	0.75135
0.61618	0.7346
0.48096	0.60598
0.37735	0.67008
0.41704	0.68418
0.26121	0.67804
0.25166	0.6569
0.39873	0.74992
0.47722	0.75793
0.45603	0.67455
0.29054	0.6227
0.46709	0.68105
0.31755	0.65388
0.49897	0.69563
0.35395	0.70309
0.6001	0.71905
0.51546	0.69261
0.44501	0.66406
0.49142	0.73694
0.44214	0.78519
0.4838	0.69619
0.35007	0.5829
0.39811	0.77721
0.44465	0.74473
0.5478	0.77342
0.27111	0.51898
0.56456	0.6882
0.41018	0.68271
0.34169	0.72225
0.23209	0.64632
0.42758	0.74676
0.42751	0.6169
0.44287	0.72218
0.47011	0.77557
0.41472	0.6504
0.3127	0.71304
0.53313	0.72008
0.57109	0.76873
0.55529	0.64367
0.46217	0.73037
0.40505	0.73036
0.46432	0.74493
0.52154	0.59977
0.77336	0.75195
0.65643	0.67288
0.29116	0.67554
0.54703	0.56271
0.40849	0.60079
0.70276	0.61937
0.50921	0.60631
0.40629	0.69589
0.37349	0.71809
0.34122	0.46121
0.4199	0.77542
0.63861	0.82053
0.3973	0.65952
0.47993	0.77376
0.53183	0.72825
0.33838	0.69036
0.55503	0.67264
0.44831	0.66194
0.42969	0.67241
0.49722	0.59221
0.92996	0.73591
0.40398	0.6798
0.43195	0.58412
0.37846	0.59419
0.39731	0.68298
0.46355	0.70167
0.40437	0.70218
0.5322	0.62606
0.51609	0.6522
0.61097	0.66725
0.50609	0.74971
0.43154	0.69472
0.5142	0.70067
0.4046	0.6928
0.23747	0.72877
0.41488	0.68576
0.3497	0.63894
0.39982	0.69958
0.43085	0.65799
0.2939	0.68125
0.58415	0.61805
0.42829	0.69915
0.24381	0.49539
0.48879	0.69516
0.51112	0.75365
0.43493	0.69685
0.32236	0.70023
0.37207	0.686
0.37276	0.78553
0.40499	0.67121
0.3822	0.75787
0.47211	0.6744
0.31784	0.66181
0.37814	0.73709
0.38572	0.72133
0.45091	0.72214
0.41184	0.75605
0.48839	0.75944
0.61484	0.68797
0.39475	0.69508
0.43678	0.58717
0.39524	0.71967
0.39697	0.7805
0.35676	0.67981
0.30175	0.59956
0.50698	0.78567
0.41837	0.77823
0.41976	0.66657
0.38689	0.64584
0.49998	0.70352
0.57936	0.73767
0.55007	0.6721
0.37535	0.66455
0.36181	0.66972
0.35376	0.67128
0.42802	0.73715
0.42077	0.68809
0.4723	0.73952
0.45847	0.70021
0.42961	0.79952
0.28936	0.65626
0.47209	0.6253
0.3202	0.52299
0.4147	0.74023
0.51644	0.70349
0.48374	0.84059
0.24614	0.54909
0.52436	0.678
0.36746	0.63749
0.40812	0.70844
0.3949	0.63028
0.57807	0.71894
0.4414	0.70587
0.45825	0.84117
0.40686	0.70726
0.34059	0.65974
0.5188	0.68799
0.19926	0.79778
0.41358	0.73418
0.42558	0.69659
0.39419	0.70474
0.45719	0.72504
0.58898	0.85571
0.48663	0.68397
0.57014	0.69342
0.48581	0.71631
0.48862	0.70344
0.4403	0.70631
0.38078	0.68076
0.39177	0.77095
0.54763	0.69977
0.39978	0.72078
0.12519	0.60949
0.28127	0.75254
0.36333	0.59155
0.41811	0.71303
0.36202	0.71472
0.38186	0.69093
0.58091	0.67015
0.4151	0.69301
0.32119	0.6415
0.39964	0.74583
0.31191	0.74957
0.24157	0.73708
0.35746	0.66256
0.67263	0.69161
0.35355	0.69212
0.35113	0.78074
0.46701	0.71494
0.55935	0.63036
0.40023	0.73987
0.43531	0.70926
0.49676	0.72527
0.63126	0.72089
0.35566	0.69339
0.33491	0.58307
0.39277	0.57875
0.34983	0.7389
0.26555	0.5666
0.45033	0.64478
0.31321	0.63354
0.34417	0.71779
0.22824	0.67365
0.29815	0.69179
0.2785	0.60029
0.39162	0.65909
0.41685	0.69497
0.46328	0.72819
0.34509	0.53375
0.41104	0.69995
0.34186	0.72382
0.378	0.64591
0.66931	0.68955
0.34116	0.71741
0.52761	0.57343
0.4103	0.76092
0.38506	0.67181
0.52786	0.72523
0.39232	0.56232
0.46071	0.70464
0.37365	0.59362
0.80914	0.58816
0.4448	0.69906
0.34888	0.70146
0.5188	0.67892
0.41896	0.70465
0.45715	0.67256
0.42735	0.67459
0.57541	0.72913
0.55803	0.79496
0.35321	0.70306
0.461	0.72692
0.42299	0.81198
0.40496	0.66763
0.30264	0.59011
0.51737	0.60756
0.34371	0.63392
0.4224	0.77327
0.29162	0.61186
0.46546	0.61146
0.44205	0.73667
0.39188	0.74149
0.43206	0.69008
0.36381	0.63436
0.38877	0.66193
0.39226	0.59848
0.32067	0.60138
0.28236	0.62345
0.57916	0.74945
0.48334	0.71598
0.52929	0.76143
0.57669	0.66654
0.54744	0.73503
0.29737	0.71409
0.3648	0.81349
0.38623	0.68343
0.25863	0.6315
0.36338	0.59547
0.34911	0.75561
0.45647	0.76833
0.18688	0.71339
0.25404	0.67597
0.31856	0.60597
0.26202	0.64319
0.27877	0.61832
0.36842	0.70712
0.48852	0.67458
0.32503	0.66498
0.4604	0.72721
0.47848	0.67263
0.40731	0.68219
0.44338	0.73348
0.68763	0.65599
0.4185	0.7305
0.23051	0.63312
0.46412	0.69827
0.33103	0.70618
0.39813	0.72185
0.41054	0.65681
0.48805	0.69677
0.47697	0.75228
0.42161	0.72865
0.58976	0.64793
0.22868	0.64582
0.4936	0.68721
0.30015	0.65032
0.45772	0.71443
0.4474	0.77296
0.58731	0.70618
0.41448	0.65838
0.55043	0.76389
0.40092	0.69957
0.4176	0.58294
0.40533	0.57511
0.49061	0.58834
0.43802	0.68174
0.46858	0.65934
0.48157	0.78244
0.4595	0.67566
0.22306	0.69244
0.43841	0.74542
0.48672	0.55083
0.36647	0.58856
0.3593	0.63234
0.46284	0.71369
0.28819	0.65002
0.41592	0.76721
0.28783	0.70645
0.36947	0.64553
0.35108	0.68824
0.35867	0.68865
0.36073	0.61503
0.52332	0.65226
0.25556	0.61292
0.47358	0.69519
0.26845	0.63231
0.3041	0.59856
0.42091	0.69341
0.29261	0.55413
0.35603	0.69757
0.55077	0.66883
0.27522	0.65852
0.43639	0.63299
0.53459	0.67636
0.32991	0.50679
0.56091	0.70272
0.59478	0.79747
0.53383	0.69627
0.53989	0.63489
0.41067	0.66273
0.32984	0.67774
0.58015	0.84369
0.32021	0.69918
0.40824	0.69911
0.35126	0.55798
0.58468	0.74149
0.43795	0.66682
0.39849	0.61962
0.33146	0.67752
0.45248	0.7166
0.26627	0.60064
0.44779	0.63706
0.44785	0.75833
0.48983	0.70164
0.53053	0.61445
0.386	0.67552
0.31432	0.68161
0.42817	0.7554
0.44282	0.56976
0.48333	0.72236
0.35711	0.6264
0.43931	0.66892
0.27638	0.61099
0.50306	0.71448
0.31508	0.67512
0.43494	0.602
0.75991	0.83352
0.42751	0.62381
0.22449	0.65642
0.61445	0.74831
0.40679	0.66452
0.40682	0.75153
0.44439	0.59008
0.33758	0.61879
0.46886	0.6739
0.70713	0.49157
0.50366	0.72208
0.3955	0.74379
0.45079	0.73331
0.348	0.66687
0.57555	0.69238
0.52435	0.66974
0.50087	0.64975
0.67261	0.65251
0.42205	0.75469
0.28124	0.6591
0.50838	0.74887
0.45523	0.7048
0.29044	0.67672
0.46319	0.59219
0.40031	0.84524
0.49536	0.6733
0.29335	0.65133
0.42169	0.62088
0.46762	0.75691
0.19213	0.60394
0.29903	0.55274
0.43799	0.75708
0.42639	0.68712
0.31599	0.66919
0.44377	0.5705
0.42352	0.72656
0.39379	0.71936
0.20464	0.60564
0.36346	0.58957
0.52226	0.57825
0.37486	0.67332
0.51991	0.70424
0.35425	0.77013
0.37495	0.63019
0.43011	0.7741
0.4309	0.70429
0.43313	0.76087
0.45166	0.73373
0.35892	0.65627
0.38786	0.72155
0.29542	0.68149
0.4475	0.72272
0.34831	0.65101
0.35318	0.62529
0.19916	0.69881
0.43262	0.68815
0.41302	0.74322
0.40927	0.74212
0.37678	0.73686
0.53439	0.77847
0.41595	0.65261
0.43032	0.5289
0.40672	0.73893
0.47013	0.7003
0.47102	0.66063
0.46551	0.71794
0.55695	0.68476
0.44499	0.70426
0.43128	0.66254
0.35284	0.59727
0.53436	0.69636
0.39409	0.71414
0.45993	0.65799
0.37678	0.79482
0.43776	0.74603
0.37078	0.66001
0.43565	0.68286
0.39703	0.6788
0.25145	0.60932
0.41375	0.72331
0.3829	0.69869
0.25656	0.60694
0.42273	0.7247
0.4893	0.6954
0.41703	0.71817
0.48811	0.71901
0.47794	0.67125
0.4734	0.61753
0.40502	0.73932
0.29221	0.70319
0.38498	0.67066
0.38121	0.63042
0.42472	0.63164
0.42786	0.7678
0.63162	0.7565
0.43676	0.71867
0.51691	0.67804
0.45913	0.76774
0.59262	0.76079
0.33674	0.68656
0.71368	0.67048
0.52543	0.71096
0.41744	0.51033
0.56772	0.71205
0.26452	0.5982
0.45681	0.7152
0.36066	0.71364
0.63389	0.70796
0.26456	0.65689
0.5668	0.64908
0.42433	0.71883
0.418	0.75824
0.43504	0.72443
0.38235	0.74546
0.47468	0.80757
0.34852	0.77774
0.48086	0.65299
0.47118	0.62527
0.29695	0.69897
0.50261	0.70655
0.41983	0.67698
0.45493	0.68963
0.41299	0.66379
0.38283	0.77156
0.42002	0.82244
0.40383	0.70313
0.39718	0.67324
0.39602	0.78002
0.2646	0.60368
0.4224	0.62557
0.42119	0.70572
0.55841	0.6244
0.42696	0.8216
0.55221	0.66595
0.26063	0.70415
0.3901	0.67516
0.46127	0.67877
0.38909	0.62701
0.39784	0.69166
0.38677	0.77303
0.60917	0.67637
0.38399	0.68862
0.51038	0.59106
0.43443	0.77768
0.3433	0.76169
0.42003	0.75596
0.38913	0.69241
0.45777	0.72966
0.26987	0.68998
0.36339	0.63191
0.71708	0.73405
0.35086	0.70759
0.46276	0.7223
0.26933	0.57064
0.2173	0.64952
0.43444	0.70898
0.25242	0.62106
0.4904	0.73491
0.59822	0.60788
0.34486	0.65569
0.33185	0.62216
0.41426	0.70278
0.46493	0.63433
0.3774	0.67034
0.47515	0.75802
0.54716	0.68947
0.31833	0.73277
0.50254	0.76487
0.47487	0.7676
0.41214	0.68233
0.37968	0.68595
0.46281	0.59631
0.38382	0.59885
0.39161	0.62198
0.42905	0.63495
0.37963	0.66977
0.35276	0.71314
0.4756	0.6765
0.76682	0.75689
0.30973	0.73146
0.22705	0.4086
0.39961	0.69048
0.42689	0.66261
0.38291	0.76119
0.56119	0.63777
0.47955	0.68374
0.39684	0.68379
0.56576	0.63527
0.46925	0.71737
0.34567	0.65081
0.2453	0.47927
0.62702	0.74938
0.31589	0.77898
0.30022	0.58422
0.52643	0.73907
0.54167	0.65246
0.55724	0.64518
0.42109	0.60313
0.45421	0.69194
0.48415	0.67515
0.47752	0.7098
0.30833	0.73524
0.60731	0.65636
0.437	0.69622
0.3417	0.67175
0.58192	0.74833
0.55608	0.82139
0.34911	0.66983
0.28016	0.79484
0.48203	0.68712
0.49786	0.70332
0.52538	0.70905
0.45598	0.56051
0.441	0.72625
0.29996	0.6868
0.37108	0.68131
0.34492	0.80948
0.3238	0.64101
0.37797	0.71563
0.58408	0.6787
0.30451	0.7611
0.53905	0.7143
0.77858	0.70109
0.48606	0.69668
0.37245	0.62736
0.63395	0.73458
0.38219	0.70246
0.389	0.70635
0.43055	0.69395
0.49093	0.67203
0.36376	0.64617
0.40022	0.69208
0.23177	0.64202
0.40232	0.75815
0.62356	0.72642
0.55928	0.73486
0.47593	0.63173
0.3541	0.65786
0.34126	0.73857
0.28039	0.61439
0.51736	0.73858
0.30062	0.73841
0.28304	0.62726
0.38556	0.73246
0.4488	0.71972
0.39702	0.67773
0.4044	0.63527
0.74698	0.76952
0.39753	0.72504
