0.39778	0.7363
0.47253	0.72149
0.37493	0.71236
0.68071	0.78102
0.45243	0.71267
0.51606	0.64827
0.28591	0.7576
0.50144	0.72971
0.37976	0.58965
0.4311	0.70476
0.48709	0.73416
0.35462	0.53032
0.45989	0.7238
0.45843	0.77517
0.55258	0.71694
0.40092	0.65796
0.54616	0.63521
0.48967	0.74776
0.50688	0.73068
0.5062	0.81067
0.39412	0.73402
0.43108	0.64947
0.47451	0.7477
0.27612	0.56846
0.49888	0.83685
0.32163	0.63402
0.60693	0.82194
0.70624	0.76292
0.54114	0.71059
0.55938	0.64042
0.36302	0.71026
0.39394	0.81575
0.65046	0.73333
0.51271	0.74207
0.19627	0.66113
0.38918	0.67975
0.40272	0.72268
0.39123	0.60471
0.53379	0.73554
0.36004	0.61759
0.5664	0.75211
0.47387	0.72534
0.66828	0.69871
0.52831	0.80462
0.47569	0.76206
0.35893	0.59547
0.37124	0.69547
0.33546	0.72572
0.66959	0.70991
0.33446	0.71837
0.47016	0.66017
0.71673	0.77649
0.44756	0.77223
0.36428	0.65035
0.7162	0.70803
0.6176	0.72695
0.42918	0.79676
0.47653	0.82802
0.44204	0.62959
0.49716	0.71067
0.49138	0.73205
0.4564	0.63222
0.46898	0.71573
0.44773	0.70573
0.60026	0.81218
0.43926	0.66188
0.43155	0.77554
0.46971	0.7735
0.48537	0.64108
0.5355	0.62826
0.38303	0.7436
0.82293	0.85359
0.42803	0.6063
0.53848	0.70537
0.45222	0.66247
0.73696	0.70136
0.3013	0.51208
0.5198	0.6703
0.35111	0.68891
0.31246	0.49814
0.44501	0.67897
0.45797	0.68061
0.38067	0.85722
0.39109	0.7061
0.4441	0.6981
0.37171	0.80258
0.53778	0.77078
0.49356	0.70611
0.39469	0.63251
0.44709	0.69373
0.40318	0.73153
0.43325	0.71795
0.37388	0.65423
0.32837	0.71561
0.62395	0.65268
0.30616	0.67631
0.34924	0.68012
0.60303	0.8077
0.44208	0.66254
0.3317	0.67447
0.40269	0.72346
0.41054	0.69643
0.39325	0.69702
0.69958	0.69672
0.50045	0.728
0.53951	0.65713
0.65501	0.70817
0.32336	0.66418
0.47629	0.71469
0.54358	0.68391
0.36679	0.75357
0.44261	0.77681
0.42352	0.6769
0.33438	0.54112
0.43312	0.68265
0.39475	0.73731
0.30755	0.57471
0.41148	0.67284
0.69616	0.82574
0.57098	0.63835
0.60895	0.80491
0.43982	0.67118
0.39651	0.65854
0.2781	0.73043
0.53585	0.69555
0.64381	0.6934
0.65735	0.73942
0.43865	0.73767
0.64657	0.77089
0.41518	0.66441
0.59037	0.7278
0.5017	0.67049
0.44431	0.74253
0.68765	0.73724
0.38989	0.66122
0.43592	0.66692
0.37382	0.66136
0.45942	0.63488
0.33766	0.64749
0.46573	0.67566
0.61699	0.86506
0.54893	0.64724
0.445	0.71731
0.28353	0.66804
0.4952	0.74712
0.40658	0.59358
0.4844	0.74287
0.39276	0.73046
0.59136	0.71145
0.75362	0.73657
0.43007	0.59587
0.38847	0.61777
0.43438	0.63043
0.19862	0.62392
0.36612	0.72955
0.4633	0.77562
0.40671	0.77052
0.45752	0.71143
0.39843	0.58098
0.8526	0.76853
0.52098	0.76955
0.47382	0.56978
0.3859	0.70072
0.56394	0.70737
0.51169	0.7096
0.3806	0.76351
0.36065	0.65379
0.45146	0.81624
0.39611	0.79663
0.90611	0.82018
0.40358	0.65351
0.40185	0.63026
0.33049	0.64948
0.4096	0.66651
0.46982	0.65927
0.46741	0.6867
0.39204	0.72205
0.3991	0.63786
0.41989	0.67909
0.48326	0.74378
0.37079	0.67427
0.67414	0.71949
0.70167	0.83697
0.21916	0.70467
0.44427	0.72643
0.42148	0.70208
0.46096	0.75692
0.51682	0.66808
0.55054	0.68395
0.53194	0.65428
0.6392	0.75221
0.56972	0.70718
0.4062	0.74591
0.41579	0.65597
0.36655	0.67716
0.5534	0.6963
0.70557	0.73486
0.35781	0.73665
0.39644	0.66122
0.33494	0.67246
0.50094	0.68773
0.36534	0.69695
0.49623	0.81667
0.42984	0.70941
0.87831	0.76706
0.41177	0.7328
0.50818	0.65697
0.47341	0.64734
0.49695	0.66042
0.57255	0.63864
0.5735	0.69095
0.41607	0.68928
0.37245	0.59787
0.53133	0.78809
0.86472	0.70951
0.42486	0.70872
0.52997	0.65418
0.47255	0.65328
0.68464	0.68007
0.43123	0.75377
0.70753	0.68697
0.46059	0.74621
0.67207	0.76251
0.37083	0.73649
0.52884	0.65497
0.43781	0.68599
0.72734	0.77089
0.50569	0.73317
0.31317	0.69795
0.46239	0.64999
0.46292	0.69119
0.56108	0.66842
0.39214	0.60499
0.36187	0.71548
0.64949	0.65855
0.46818	0.67343
0.48602	0.66536
0.29978	0.60136
0.61407	0.80515
0.43397	0.74743
0.49495	0.70402
0.52062	0.6878
0.38819	0.77179
0.28628	0.56098
0.3801	0.74623
0.371	0.55026
0.38818	0.74703
0.39307	0.66113
0.56597	0.61404
0.41179	0.74194
0.53937	0.71571
0.3939	0.61215
0.4156	0.7108
0.42197	0.61018
0.43443	0.68123
0.5449	0.72751
0.35788	0.70837
0.43712	0.72205
0.31246	0.63583
0.73645	0.78443
0.76098	0.81446
0.41647	0.68118
0.38951	0.65626
0.4404	0.66387
0.45702	0.74966
0.55964	0.70891
0.61479	0.72048
0.42483	0.68299
0.62136	0.76378
0.42216	0.66942
0.52012	0.77677
0.54461	0.73563
0.223	0.62458
0.46011	0.68397
0.68824	0.74956
0.34671	0.76522
0.40518	0.64525
0.47969	0.83068
0.40335	0.62705
0.59375	0.82723
0.57095	0.70142
0.37862	0.61868
0.3362	0.69413
0.52526	0.67046
0.40882	0.75942
0.3621	0.72253
0.49015	0.65748
0.37324	0.70275
0.3228	0.54343
0.48011	0.68245
0.72257	0.71836
0.51304	0.76315
0.32627	0.62895
0.48211	0.64577
0.6847	0.66912
0.39704	0.77258
0.5306	0.64751
0.56005	0.72992
0.38081	0.62713
0.41028	0.68374
0.38707	0.63345
0.41607	0.7002
0.56529	0.70401
0.53679	0.61395
0.45248	0.70743
0.55553	0.74853
0.41693	0.68551
0.70028	0.7278
0.37104	0.66502
0.46699	0.69663
0.56437	0.72655
0.40346	0.71123
0.49615	0.8224
0.43332	0.78102
0.59834	0.77144
0.60189	0.68985
0.57768	0.67626
0.48617	0.78106
0.37561	0.64198
0.35792	0.66344
0.42607	0.64539
0.50699	0.70023
0.48005	0.71933
0.20948	0.61532
0.61035	0.81897
0.40361	0.63357
0.50212	0.62566
0.54388	0.69131
0.64622	0.75492
0.45354	0.74109
0.58968	0.71112
0.69147	0.79447
0.41536	0.69228
0.76376	0.84926
0.39603	0.67395
0.4232	0.72945
0.39135	0.62809
0.44858	0.77681
0.70126	0.80965
0.60739	0.64211
0.60031	0.74128
0.45401	0.6913
0.48697	0.68583
0.42225	0.62615
0.31298	0.76032
0.41454	0.65991
0.48085	0.69037
0.40535	0.6852
0.37272	0.72605
0.46804	0.65262
0.40263	0.67078
0.38287	0.6681
0.56943	0.69379
0.47807	0.58511
0.38235	0.71493
0.53685	0.67918
0.3054	0.70937
0.52024	0.62472
0.51313	0.68299
0.35795	0.73455
0.36181	0.74949
0.15552	0.74571
0.5096	0.59925
0.55293	0.77009
0.46001	0.69487
0.31295	0.65731
0.41848	0.7127
0.43143	0.68896
0.55117	0.72992
0.33826	0.71127
0.42598	0.66521
0.39698	0.71461
0.55038	0.78329
0.37447	0.65064
0.43967	0.81092
0.4297	0.72248
0.37337	0.57354
0.46722	0.67422
0.42204	0.75775
0.43799	0.65765
0.51259	0.64341
0.47792	0.66277
0.402	0.68308
0.61196	0.74401
0.6566	0.43856
0.57243	0.67335
0.45707	0.65425
0.4796	0.65404
0.6759	0.80598
0.35483	0.70078
0.63871	0.71533
0.48454	0.71528
0.4218	0.77756
0.37136	0.64843
0.59985	0.69282
0.31526	0.69766
0.63805	0.76879
0.44792	0.78799
0.54184	0.60558
0.38145	0.68155
0.45129	0.69877
0.51803	0.65616
0.39393	0.63219
0.39003	0.58327
0.38415	0.698
0.68196	0.68154
0.43138	0.67647
0.47648	0.69758
0.38021	0.6643
0.44115	0.69418
0.42788	0.69071
0.44014	0.61371
0.45231	0.59893
0.56595	0.66886
0.40903	0.60998
0.32372	0.67584
0.37125	0.73896
0.2889	0.68809
0.57148	0.67733
0.2051	0.58218
0.33179	0.54312
0.41052	0.7526
0.4779	0.75597
0.41137	0.64557
0.55673	0.72969
0.38862	0.63137
0.62716	0.75675
0.52704	0.72658
0.579	0.73319
0.52543	0.64238
0.28229	0.71394
0.50986	0.70253
0.46167	0.70201
0.46952	0.84378
0.31608	0.69153
0.36399	0.72427
0.67587	0.70281
0.5349	0.65752
0.6463	0.70324
0.46515	0.6731
0.39361	0.74804
0.4517	0.66794
0.48971	0.75413
0.33883	0.68447
0.53153	0.64063
0.43744	0.69361
0.33071	0.68529
0.46012	0.70069
0.44435	0.6852
0.45478	0.71275
0.62496	0.69482
0.3757	0.7158
0.50519	0.66155
0.39173	0.76343
0.4784	0.62977
0.28921	0.64797
0.41387	0.75969
0.20984	0.61877
0.52804	0.77239
0.47869	0.73364
0.66081	0.76043
0.87265	0.81513
0.36363	0.66807
0.72356	0.70784
0.29836	0.61696
0.27451	0.60632
0.39554	0.74689
0.38656	0.71201
0.50523	0.68992
0.43433	0.74701
0.3937	0.68974
0.39991	0.63611
0.51572	0.70255
0.6172	0.78376
0.50354	0.62738
0.3852	0.62993
0.65353	0.74097
0.43845	0.61697
0.66577	0.69083
0.5083	0.75114
0.35135	0.64191
0.48546	0.80005
0.40933	0.73847
0.48559	0.73098
0.38798	0.7124
0.47563	0.72737
0.3935	0.7666
0.65803	0.78451
0.6544	0.6944
0.39604	0.68924
0.3936	0.78886
0.5675	0.64506
0.33168	0.69894
0.27476	0.71605
0.49216	0.70332
0.33518	0.78035
0.39169	0.63347
0.58558	0.74205
0.46841	0.68472
0.53453	0.74482
0.42533	0.70579
0.43654	0.81065
0.33616	0.62606
0.40499	0.70638
0.64836	0.7566
0.42044	0.68314
0.35141	0.7377
0.53042	0.70617
0.36529	0.62302
0.41516	0.63037
0.67153	0.80278
0.44088	0.69903
0.35822	0.68855
0.61381	0.66061
0.55859	0.76568
0.40612	0.7179
0.46115	0.69786
0.43524	0.70856
0.39525	0.73741
0.43457	0.72614
0.56052	0.61132
0.39913	0.71658
0.2836	0.6989
0.44357	0.58789
0.22955	0.6659
0.50643	0.77702
0.55709	0.63642
0.49835	0.81919
0.83142	0.69491
0.43339	0.77574
0.36464	0.69244
0.45958	0.71628
0.32795	0.69674
0.70112	0.70886
0.36689	0.70399
0.31277	0.6138
0.40439	0.63392
0.67193	0.68296
0.2344	0.6637
0.24335	0.5577
0.41123	0.67385
0.446	0.65879
0.68442	0.68546
0.47283	0.57882
0.36517	0.72556
0.51025	0.60769
0.52277	0.65391
0.63938	0.69397
0.3766	0.64104
0.40153	0.68309
0.55486	0.61003
0.4981	0.71481
0.42279	0.60122
0.64908	0.70197
0.37738	0.79359
0.48559	0.68395
0.46706	0.70558
0.38399	0.71629
0.50052	0.65477
0.32154	0.72922
0.49807	0.68113
0.42348	0.69308
0.31322	0.67768
0.44434	0.74818
0.28432	0.61184
0.32014	0.70893
0.36093	0.70295
0.24466	0.50973
0.52813	0.70977
0.48138	0.83747
0.47067	0.71598
0.3844	0.78188
0.64179	0.7606
0.38602	0.7234
0.44562	0.58531
0.39685	0.62734
0.5043	0.5995
0.44465	0.70007
0.50966	0.69952
0.38249	0.66849
0.11897	0.49241
0.38252	0.64862
0.43388	0.74391
0.58669	0.62734
0.51973	0.6612
0.61897	0.80791
0.35511	0.79658
0.19583	0.60403
0.41317	0.68613
0.36365	0.63903
0.45703	0.67376
0.36699	0.6972
0.17003	0.50925
0.42296	0.63484
0.29011	0.74408
0.42436	0.68334
0.648	0.72403
0.50027	0.69387
0.37596	0.68088
0.63389	0.61517
0.51807	0.71459
0.39924	0.64583
0.27502	0.68332
0.51486	0.62751
0.43426	0.63341
0.31955	0.63474
0.51485	0.82802
0.5008	0.67004
0.49454	0.69113
0.19892	0.62938
0.39296	0.67122
0.46239	0.67885
0.46302	0.75904
0.59503	0.76682
0.6759	0.84401
0.38198	0.72493
0.34657	0.71166
0.21434	0.71032
0.36999	0.7995
0.50354	0.73013
0.6281	0.69598
0.2103	0.57848
0.8013	0.79258
0.43759	0.74776
0.39011	0.62623
0.41137	0.69053
0.47494	0.73486
0.31767	0.73019
0.47909	0.70574
0.50778	0.71708
0.3419	0.78079
0.34479	0.62728
0.72498	0.85744
0.60037	0.71377
0.40245	0.67459
0.48224	0.6854
0.59606	0.65356
0.4086	0.60925
0.26643	0.67096
0.7066	0.7121
0.53968	0.66993
0.55462	0.72315
0.36405	0.75085
0.35043	0.61951
0.46273	0.69287
0.40783	0.7436
0.63596	0.6446
0.53115	0.75493
0.49922	0.66335
0.39438	0.7116
0.3777	0.60781
0.41025	0.77312
0.43618	0.65531
0.39247	0.64002
0.39794	0.58743
0.88118	0.73869
0.28397	0.69369
0.43138	0.71962
0.50789	0.72135
0.49857	0.65485
0.35976	0.72326
0.44468	0.66562
0.30709	0.64977
0.46592	0.77191
0.70684	0.69128
0.41321	0.70008
0.55263	0.71523
0.48896	0.72888
0.50596	0.61375
0.40088	0.66458
0.64916	0.80887
0.64361	0.68473
0.51232	0.65508
0.64252	0.81128
0.36933	0.70075
0.54875	0.70752
0.42719	0.77454
0.54131	0.69078
0.40093	0.75417
0.31738	0.638
0.42481	0.70595
0.29854	0.70384
0.52101	0.74942
0.56698	0.6957
0.51872	0.67088
0.54093	0.68379
0.48229	0.74552
0.44694	0.66311
0.45402	0.70991
0.45019	0.7287
0.52186	0.76739
0.57267	0.7146
0.39145	0.71519
0.48201	0.68743
0.31675	0.72337
0.45351	0.71539
0.42217	0.70943
0.54933	0.78916
0.40851	0.71633
0.36666	0.68475
0.35122	0.6728
0.52057	0.56216
0.45249	0.63934
0.65462	0.7437
0.78452	0.66762
0.73348	0.78224
0.80134	0.7934
0.43973	0.56866
0.3915	0.67078
0.4837	0.69772
0.41445	0.68852
0.43358	0.61429
0.59259	0.70854
0.65775	0.67799
0.37623	0.67706
0.6584	0.82147
0.49512	0.61182
0.37474	0.66544
0.44354	0.63888
0.3841	0.72273
0.4581	0.77838
0.54521	0.80928
0.34162	0.62194
0.36827	0.67209
0.4059	0.66759
0.3289	0.68234
0.45376	0.68662
0.4299	0.74159
0.28602	0.60986
0.41564	0.66693
0.54885	0.71767
0.53795	0.7322
0.80043	0.78276
0.34886	0.74655
0.36747	0.77634
0.52549	0.74388
0.25111	0.62847
0.45154	0.62636
0.32126	0.67323
0.45255	0.80729
0.45185	0.68861
0.62462	0.64226
0.49316	0.6666
0.57265	0.73295
0.39906	0.69142
0.38763	0.73425
0.53098	0.84884
0.3331	0.66319
0.24706	0.60491
0.38633	0.72556
0.79241	0.77574
0.78699	0.73354
0.49788	0.69234
0.83352	0.84342
0.47923	0.66399
0.38579	0.59998
0.39249	0.69844
0.28217	0.72789
0.43005	0.70558
0.54094	0.8252
0.83019	0.72938
0.48246	0.72357
0.23925	0.57651
0.43268	0.62222
0.59091	0.71644
0.43506	0.76857
0.3771	0.64895
0.40647	0.73491
0.53302	0.76398
0.49123	0.64349
0.83564	0.84273
0.33637	0.64223
0.67923	0.67778
0.55728	0.76763
0.38448	0.65769
0.41863	0.62059
0.44719	0.68815
0.3313	0.62084
0.5766	0.67965
0.40158	0.67899
0.57052	0.65138
0.40058	0.71342
0.49953	0.74627
0.24803	0.57506
0.23849	0.59942
0.37784	0.75755
0.39611	0.57859
0.5096	0.77129
0.45172	0.70981
0.47609	0.71144
0.58608	0.85055
0.61986	0.66206
0.4323	0.65999
0.29885	0.61926
0.45494	0.73839
0.47096	0.71318
0.47819	0.70322
0.64233	0.7223
0.90919	0.7919
0.5526	0.76496
0.56625	0.75176
0.45166	0.68831
0.37684	0.82434
0.4187	0.69331
0.57373	0.77345
0.74736	0.68467
0.48564	0.67283
0.44456	0.71338
0.38977	0.71249
0.48867	0.71806
0.3818	0.60358
0.48484	0.56954
0.43476	0.62752
0.43092	0.66406
0.44081	0.67534
0.25934	0.6276
0.37871	0.67816
0.62291	0.77518
0.37866	0.71521
0.36513	0.74874
0.4142	0.68696
0.39085	0.69151
0.4468	0.69175
0.5054	0.78462
0.34435	0.63034
0.49789	0.69768
0.43452	0.69862
0.36144	0.63207
0.39033	0.69511
0.33789	0.76159
0.56323	0.67596
0.37911	0.69864
0.39159	0.81205
0.42596	0.69668
0.44549	0.7411
0.52111	0.72679
0.29071	0.75905
0.36099	0.72108
0.65464	0.83775
0.41785	0.70554
0.68191	0.74287
0.73985	0.7257
0.41208	0.7433
0.38952	0.70356
0.59623	0.63731
0.31843	0.65862
0.66164	0.72847
0.34062	0.61589
0.5125	0.67629
0.41412	0.669
0.55118	0.78291
0.20877	0.63953
0.50445	0.69072
0.55483	0.75129
0.3502	0.61728
0.41974	0.62861
0.42227	0.66955
0.59866	0.72426
0.49599	0.68386
0.38574	0.74572
0.41813	0.62625
0.51883	0.69574
0.40703	0.82902
0.64194	0.64091
0.34607	0.6189
0.40165	0.74449
0.57652	0.70928
0.41348	0.71018
0.47789	0.64113
0.42454	0.7092
0.34599	0.67036
0.54683	0.73867
0.35887	0.68347
0.43183	0.60815
0.31499	0.66784
0.44134	0.80612
0.37277	0.58638
0.48373	0.70509
0.50145	0.65669
0.41116	0.53292
0.37719	0.7931
0.33829	0.7088
0.49189	0.85866
0.32875	0.59346
0.51082	0.73247
0.34975	0.65509
0.75758	0.77089
0.37943	0.65997
0.33109	0.71182
0.44435	0.77965
0.54895	0.74969
0.3163	0.62581
0.32923	0.62025
0.5568	0.83316
0.5164	0.67087
0.46974	0.69864
0.66887	0.69571
0.45809	0.73872
0.52171	0.71048
0.49195	0.67309
0.30554	0.67919
0.5972	0.61122
0.33565	0.68344
0.43822	0.64949
0.29336	0.58257
0.59726	0.6206
0.47797	0.66653
0.59481	0.69147
0.482	0.63679
0.26559	0.67202
0.382	0.764
0.39831	0.67875
0.47808	0.64523
0.29995	0.60756
0.48414	0.70039
0.46573	0.74065
0.43302	0.69033
0.48024	0.66245
0.39621	0.7394
0.2097	0.6087
0.44511	0.6518
0.70772	0.73116
0.39745	0.73123
0.43798	0.8227
0.57839	0.69805
0.40008	0.69609
0.4508	0.68142
0.7102	0.832
0.44932	0.6849
0.46111	0.76668
0.4195	0.61799
0.4027	0.66866
0.39393	0.76736
0.4648	0.765
0.35664	0.71031
0.38652	0.69808
0.30135	0.56888
0.46715	0.73342
0.71829	0.81093
0.47408	0.72912
0.43971	0.79031
0.57118	0.73163
0.43526	0.74588
0.29175	0.62032
0.30247	0.70835
0.387	0.5317
0.54979	0.68819
0.6003	0.74355
0.36364	0.61339
0.36073	0.61003
0.36067	0.64092
0.5112	0.62169
0.40543	0.72011
0.35942	0.75417
0.46048	0.69933
0.36413	0.66867
0.32557	0.59111
0.41441	0.77849
0.61625	0.67516
0.3927	0.68877
0.32933	0.73783
0.58718	0.65908
0.39968	0.67339
0.37919	0.64178
0.49533	0.71288
0.48026	0.69859
0.58389	0.66648
0.4176	0.68276
0.39444	0.73649
0.3646	0.70509
0.34912	0.70178
0.49292	0.6916
0.37277	0.60962
0.44221	0.69958
0.40864	0.65927
0.2626	0.68696
0.39649	0.68083
0.44665	0.6737
0.54913	0.71702
0.46713	0.71338
0.44391	0.841
0.46897	0.63999
0.55084	0.6988
0.40958	0.72755
0.50521	0.68753
0.58332	0.73987
0.44617	0.69165
0.39261	0.6939
0.76662	0.79175
0.40951	0.68726
0.48302	0.70762
0.48792	0.69324
0.6038	0.76053
0.40149	0.7179
0.42275	0.63144
0.585	0.69921
0.3034	0.66
0.59298	0.70852
0.44638	0.71151
0.51817	0.7731
0.23117	0.64649
0.3494	0.64277
0.41157	0.64299
0.55346	0.64102
0.41836	0.72139
0.60774	0.62949
0.41663	0.70731
0.6656	0.67997
0.74562	0.81543
0.35727	0.62817
0.34867	0.73186
0.4369	0.65273
0.55415	0.76129
0.38087	0.71851
0.66722	0.70965
0.60578	0.74518
0.40348	0.72496
0.40335	0.58536
0.42353	0.69597
0.45987	0.73712
0.32358	0.66266
0.41258	0.7029
0.45045	0.62531
0.50893	0.70188
0.43103	0.74747
0.56109	0.71639
0.42858	0.72386
0.45979	0.72691
0.41258	0.72533
0.41688	0.73356
0.48213	0.72409
0.42093	0.66286
0.44658	0.70333
0.23555	0.62864
0.35138	0.57508
0.53277	0.69331
0.50069	0.69687
0.39564	0.69136
0.67073	0.68473
0.4045	0.69636
0.46372	0.80781
0.4632	0.7771
0.50311	0.73468
0.62795	0.67462
0.41601	0.69806
0.44057	0.67794
0.49653	0.79232
0.69814	0.66991
0.48031	0.74019
0.72311	0.6696
0.57539	0.69306
0.45005	0.7477
0.28928	0.52018
0.50234	0.81814
0.41768	0.73183
0.58362	0.8056
0.49578	0.79231
0.34259	0.67739
0.48007	0.64566
0.43215	0.73215
0.51135	0.71179
0.61167	0.71264
0.3898	0.67146
0.36709	0.74206
0.63249	0.70895
0.38678	0.76188
0.63049	0.71664
0.54871	0.69316
0.42166	0.73626
0.50597	0.70183
0.64753	0.65449
0.45734	0.6403
0.1407	0.54181
0.4183	0.67449
0.73156	0.78424
0.32529	0.71198
0.60292	0.70968
0.29414	0.62514
0.59189	0.69389
0.69195	0.81686
0.34346	0.63533
0.49034	0.70852
0.4331	0.6605
0.5059	0.71385
0.40832	0.75476
0.39305	0.71309
0.41227	0.62378
0.46428	0.74517
0.40114	0.82853
0.45366	0.73791
0.48719	0.62698
0.39201	0.58152
0.4617	0.72932
0.41258	0.79502
0.70748	0.78032
0.60201	0.69505
0.34897	0.63834
0.61863	0.77528
0.38001	0.65844
0.85005	0.86589
0.38314	0.72185
0.52891	0.71146
0.34747	0.70573
0.33601	0.65816
0.36187	0.76066
0.39446	0.67686
0.28008	0.6005
0.57088	0.70629
0.49142	0.71147
0.40714	0.61774
0.64989	0.71812
0.44623	0.7164
0.3502	0.68436
0.43956	0.74858
0.44966	0.59743
0.43322	0.65887
0.40506	0.69138
0.5766	0.74459
0.53779	0.65403
0.61884	0.73513
0.37498	0.74259
0.39434	0.54779
0.52608	0.67361
0.61329	0.6418
0.59108	0.69578
0.44314	0.72123
0.67196	0.79083
0.38495	0.62393
0.41031	0.7139
0.36944	0.66805
0.92839	0.75771
0.47902	0.73895
0.54544	0.76305
0.53993	0.68146
0.31048	0.66268
0.65367	0.70434
0.30668	0.61734
0.43922	0.73861
0.53341	0.73237
0.66735	0.83461
0.45037	0.61225
0.42856	0.73741
0.43615	0.69141
0.43344	0.70938
0.40167	0.77431
0.69733	0.80562
0.43938	0.66095
0.57615	0.65272
0.38406	0.61582
0.34668	0.70296
0.52617	0.61742
0.53398	0.76448
0.34839	0.60768
0.43916	0.76837
0.29845	0.60461
0.4544	0.70537
0.3513	0.63059
0.40283	0.62525
0.35033	0.6782
0.516	0.84439
0.59721	0.71541
0.40588	0.75709
0.47302	0.7078
0.53676	0.67373
0.41013	0.69083
0.47683	0.68715
0.49051	0.6619
0.30182	0.62842
0.37296	0.69109
0.45766	0.73318
0.51772	0.67754
0.46654	0.85559
0.46137	0.66502
0.53199	0.71283
0.62909	0.67705
0.70632	0.71546
0.37259	0.80986
0.7831	0.79256
0.45795	0.7063
0.58301	0.719
0.53343	0.73754
0.39842	0.69889
0.42228	0.69136
0.37325	0.77053
0.43201	0.6412
0.42968	0.76781
0.51701	0.68959
0.46008	0.66858
0.57777	0.66926
0.403	0.67811
0.37913	0.67919
0.43639	0.71793
0.42464	0.72031
0.38051	0.65702
0.52774	0.80307
0.46672	0.61486
0.37069	0.70943
0.66027	0.77504
0.46379	0.73237
0.27098	0.61043
0.52486	0.71212
0.59851	0.75537
0.49694	0.68212
0.5193	0.65035
0.52665	0.72416
0.38753	0.67504
0.64317	0.78376
0.47682	0.65626
0.40189	0.57829
0.25976	0.51813
0.39334	0.70109
0.89998	0.84169
0.49222	0.6713
0.44288	0.63347
0.37379	0.72357
0.37652	0.79672
0.45115	0.71545
0.51671	0.76045
0.37942	0.6091
0.31873	0.61357
0.41085	0.78466
0.38178	0.71088
0.70381	0.78502
0.78551	0.71772
0.43974	0.6889
0.38965	0.63787
0.324	0.745
0.61019	0.67043
0.44223	0.73714
0.33372	0.61211
0.4096	0.69386
0.39841	0.79795
0.46004	0.68552
0.29348	0.61315
0.29058	0.69694
0.49214	0.71544
0.36862	0.77254
0.47477	0.59454
0.46689	0.59509
0.52569	0.78698
0.70504	0.76347
0.36296	0.5105
0.48109	0.67485
0.62175	0.7247
0.30266	0.63415
0.4576	0.68651
0.40176	0.7352
0.50094	0.69105
0.45768	0.58897
0.67368	0.71574
0.39414	0.67804
0.32376	0.65313
0.42743	0.65086
0.63272	0.84048
0.42508	0.70107
0.36931	0.70211
0.505	0.68842
0.54156	0.76551
0.69652	0.68765
0.3997	0.68594
0.49099	0.72189
0.47093	0.71378
0.31872	0.71511
0.33201	0.70428
0.57389	0.65387
0.4676	0.68887
0.60706	0.63737
0.30941	0.77184
0.56319	0.6338
0.55034	0.80833
0.34133	0.60387
0.53254	0.76344
0.31592	0.65417
0.74562	0.76188
0.43122	0.73332
0.47737	0.64061
0.69215	0.7444
0.48444	0.83692
0.56053	0.68904
0.58377	0.7373
0.58128	0.87561
0.4036	0.70548
0.48759	0.74464
0.56221	0.68404
0.53643	0.60376
0.43903	0.71978
0.41578	0.65132
0.42851	0.70903
0.51656	0.69775
0.32743	0.60939
0.53373	0.70169
0.37834	0.63301
0.41267	0.66466
0.44167	0.70541
0.38779	0.69796
0.46821	0.67001
0.80563	0.64086
0.46445	0.7247
0.52224	0.60303
0.43183	0.6446
0.49356	0.70839
0.40034	0.73401
0.32887	0.62511
0.49	0.76629
0.52116	0.64414
0.56453	0.72008
0.49553	0.78393
0.45803	0.68081
0.4878	0.69986
0.34661	0.67243
0.70568	0.74599
0.74094	0.79342
0.38646	0.77091
0.62569	0.75037
0.48046	0.77135
0.34458	0.69252
0.31463	0.60105
0.57317	0.67551
0.44352	0.72863
0.50936	0.63707
0.36006	0.69814
0.76813	0.74235
0.52808	0.62756
0.42533	0.66334
0.42937	0.70995
0.46183	0.73515
0.48189	0.59064
0.53966	0.75872
0.41824	0.61019
0.33986	0.66145
0.43711	0.73759
0.42481	0.69274
0.68163	0.74306
0.42631	0.72674
0.64355	0.80842
0.35971	0.62251
0.35603	0.72261
0.51421	0.65778
0.37435	0.74165
0.47306	0.71348
0.35672	0.59282
0.41167	0.65159
0.51448	0.75257
0.3775	0.5069
0.51642	0.73761
0.57467	0.81943
0.37329	0.59144
0.3313	0.65935
0.64713	0.71734
0.39496	0.59538
0.66372	0.68831
0.18766	0.67823
0.35855	0.65371
0.52062	0.68916
0.38725	0.61584
0.29554	0.59423
0.73588	0.76813
0.41216	0.66447
0.53636	0.64945
0.58694	0.70235
0.52596	0.71784
0.34371	0.73652
0.55166	0.66934
0.89148	0.82287
0.60534	0.63383
0.56124	0.67296
0.41539	0.65041
0.45018	0.64718
0.32853	0.68667
0.49384	0.70518
0.30387	0.65528
0.39995	0.68884
0.34443	0.67234
0.44399	0.70007
0.46307	0.71192
0.31412	0.61585
0.3016	0.67177
0.36433	0.71808
0.52688	0.71166
0.45453	0.72895
0.37404	0.69175
0.44388	0.68556
0.51246	0.59599
0.41397	0.77397
0.28598	0.62993
0.3937	0.67853
0.29741	0.57737
0.53276	0.74027
0.224	0.52721
0.36337	0.69104
0.3584	0.60927
0.58176	0.68204
0.44669	0.66722
0.26078	0.5988
0.42861	0.71333
0.53943	0.70861
0.46451	0.7057
0.41463	0.70516
0.39631	0.65148
0.54409	0.83644
0.7345	0.81312
0.43725	0.76136
0.36577	0.75041
0.30984	0.62982
0.30673	0.65213
0.14134	0.61148
0.37516	0.67677
0.68018	0.72641
0.28401	0.66856
0.45151	0.67765
0.44619	0.71962
0.41475	0.68615
0.40255	0.69062
0.32178	0.67116
0.74752	0.83158
0.38266	0.68412
0.3399	0.78247
0.45076	0.71384
0.58096	0.82908
0.44068	0.74477
0.78908	0.67492
0.33559	0.74684
0.50974	0.69074
0.34717	0.75985
0.67247	0.74263
0.44888	0.79499
0.33359	0.71828
0.52095	0.63848
0.87173	0.86045
0.28881	0.66649
0.27011	0.57791
0.40006	0.66965
0.45875	0.60361
0.44799	0.68951
0.51384	0.69458
0.56389	0.80105
0.29319	0.62395
0.5307	0.67202
0.45276	0.6464
0.39315	0.72866
0.45446	0.80627
0.44695	0.63327
0.66068	0.77502
0.71123	0.71599
0.28661	0.75095
0.64504	0.70392
0.59244	0.65816
0.84044	0.71991
0.38927	0.72073
0.65306	0.73261
0.50479	0.63546
0.46468	0.61938
0.3487	0.56496
0.43633	0.69009
0.36325	0.72368
0.36348	0.63643
0.40902	0.67376
0.73389	0.76417
0.33272	0.64606
0.53477	0.68959
0.5604	0.59904
0.55505	0.75561
0.39957	0.63762
0.35279	0.74516
0.42244	0.65435
0.48989	0.77483
0.34504	0.63407
0.47087	0.67149
0.42348	0.74105
0.34179	0.73789
0.54051	0.65725
0.37993	0.67901
0.47257	0.72044
0.51097	0.68471
0.39911	0.61001
0.28046	0.65016
0.46232	0.73707
0.39369	0.71565
0.43748	0.69206
0.40423	0.73552
0.37408	0.68706
0.55579	0.65377
0.32727	0.61496
0.6663	0.73844
0.43379	0.68038
0.3674	0.54349
0.67129	0.66361
0.44659	0.61149
0.38344	0.63263
0.25514	0.71258
0.37171	0.68848
0.32026	0.70205
0.35977	0.69139
0.36087	0.69098
0.44625	0.69748
0.79149	0.80225
0.5344	0.68666
0.44186	0.75366
0.57909	0.66694
0.49312	0.69285
0.70003	0.70373
0.4061	0.57227
0.53079	0.7164
0.42758	0.74541
0.4126	0.72914
0.31606	0.71403
0.53111	0.71036
0.28029	0.75074
0.43149	0.5911
0.47373	0.7373
0.71002	0.8385
0.43571	0.77803
0.43701	0.70359
0.25052	0.68684
0.52179	0.68559
0.45895	0.70804
0.46613	0.73141
0.48788	0.7338
0.62435	0.74445
0.55336	0.84831
0.36018	0.73639
0.48471	0.59618
0.56884	0.75299
0.40408	0.78722
0.41517	0.65485
0.65915	0.71916
0.49978	0.71193
0.44175	0.79033
0.30111	0.71275
0.57956	0.70443
0.58566	0.68066
0.19627	0.60989
0.47223	0.73015
0.53667	0.65257
0.5401	0.79583
0.50655	0.6862
0.39908	0.60689
0.53176	0.78486
0.44709	0.67827
0.40058	0.73196
0.43227	0.63678
0.46425	0.74179
0.63673	0.709
0.4534	0.75501
0.38145	0.66318
0.33092	0.62077
0.3488	0.7057
0.30802	0.59296
0.41145	0.68898
0.34335	0.59958
0.69296	0.7349
0.45131	0.76193
0.41093	0.80053
0.3336	0.74282
0.58146	0.70658
0.56493	0.71999
0.62676	0.71915
0.30966	0.63421
0.24879	0.58256
0.41298	0.69837
0.36447	0.62686
0.28292	0.69986
0.41403	0.69717
0.4427	0.75492
0.39402	0.56827
0.34551	0.83096
0.26321	0.65914
0.33147	0.70629
0.6052	0.62327
0.49291	0.65685
0.42234	0.58958
0.41929	0.77877
0.62975	0.7024
0.4842	0.82545
0.5731	0.6978
0.42202	0.62526
0.53001	0.70516
0.51954	0.73844
0.49985	0.78704
0.46565	0.78559
0.3383	0.6591
0.50002	0.75929
0.58108	0.64598
0.38497	0.58502
0.54798	0.66077
0.23688	0.69458
0.46937	0.62111
0.3792	0.67831
0.42978	0.70689
0.41933	0.65052
0.34698	0.61712
0.43386	0.73847
0.33934	0.74188
0.78445	0.83139
0.37434	0.65409
0.40824	0.6918
0.42529	0.62691
0.63889	0.65432
0.30578	0.59169
0.37566	0.64108
0.36346	0.72204
0.51935	0.70984
0.38926	0.60484
0.46157	0.79314
0.50514	0.65787
0.54072	0.7122
0.46058	0.67601
0.50083	0.69444
0.27504	0.68682
0.4208	0.72799
0.4887	0.64389
0.41111	0.6953
0.41887	0.65236
0.32449	0.66235
0.36226	0.61588
0.46903	0.67718
0.34226	0.66404
0.60917	0.70718
0.64878	0.66127
0.41199	0.65687
0.30723	0.69243
0.37906	0.61261
0.43505	0.72191
0.46133	0.69539
0.39697	0.73098
0.43962	0.77921
0.45573	0.75423
0.49014	0.74487
0.47821	0.66368
0.54278	0.69916
0.47181	0.74972
0.49891	0.66204
0.39275	0.76465
0.38639	0.69324
0.46214	0.6796
0.29061	0.6065
0.39802	0.71998
0.45724	0.64969
0.87191	0.80352
0.44297	0.69832
0.39235	0.72382
0.70893	0.65711
0.60434	0.83607
0.385	0.70393
0.53936	0.61001
0.59653	0.77466
0.45136	0.61898
0.59421	0.77262
0.53424	0.69484
0.584	0.71834
0.46559	0.6898
0.34133	0.68202
0.43952	0.65032
0.55339	0.77202
0.28949	0.69631
0.41806	0.63661
0.39458	0.60993
0.40894	0.76743
0.5516	0.69567
0.70577	0.81527
0.4405	0.67806
0.3495	0.67603
0.58571	0.77121
0.50773	0.69348
0.39722	0.68091
0.69365	0.66785
0.5114	0.65294
0.48979	0.66115
0.777	0.68105
0.71681	0.80912
0.55909	0.71797
0.45497	0.6894
0.58432	0.67341
0.38579	0.71587
0.44888	0.68813
0.42788	0.69207
0.47442	0.70028
0.39256	0.69565
0.56826	0.68844
0.69566	0.81797
0.36129	0.70263
0.64185	0.7294
0.70882	0.82908
0.33174	0.65513
0.38381	0.61862
0.45238	0.7034
0.48553	0.73648
0.38207	0.65389
0.31796	0.60521
0.41148	0.63766
0.39286	0.70955
0.45212	0.73037
0.33928	0.69263
0.17141	0.55903
0.5678	0.76728
0.3891	0.67096
0.67233	0.71493
0.42609	0.68389
0.48465	0.74837
0.51163	0.77502
0.367	0.69766
0.4008	0.68478
0.53703	0.69016
0.53533	0.7377
0.33603	0.71243
0.54154	0.64563
0.63734	0.67447
0.34719	0.7465
0.48113	0.66852
0.3812	0.63197
0.65464	0.67819
0.70596	0.7992
0.39697	0.67645
0.25126	0.69974
0.43671	0.64986
0.63327	0.73679
0.47736	0.64773
0.75075	0.76505
0.53332	0.67113
0.31628	0.79917
0.45085	0.69125
0.43231	0.6
0.49026	0.70692
0.27482	0.6725
0.2711	0.68518
0.46158	0.78045
0.51319	0.63921
0.44445	0.69012
0.71149	0.76472
0.56281	0.6641
0.4794	0.72972
0.41452	0.71729
0.5266	0.61156
0.59962	0.70318
0.52209	0.68059
0.49635	0.7173
0.19008	0.62275
0.38829	0.67062
0.43245	0.67878
0.67225	0.70555
0.50381	0.65932
0.46576	0.69311
0.52333	0.6388
0.59621	0.57717
0.48566	0.77081
0.37712	0.77018
0.45193	0.58176
0.66875	0.74596
0.31262	0.73317
0.53904	0.71411
0.55901	0.62952
0.40987	0.71667
0.39888	0.76062
0.59864	0.72917
0.71809	0.81311
0.41484	0.66766
0.4676	0.57784
0.44272	0.70043
0.61473	0.72685
0.5014	0.68651
0.60966	0.78034
0.79338	0.65418
0.36218	0.69415
0.65803	0.7358
0.49744	0.52717
0.55117	0.6358
0.44763	0.65863
0.37037	0.68382
0.51268	0.72058
0.6217	0.67386
0.27131	0.6392
0.19393	0.65529
0.65038	0.82664
0.33279	0.80183
0.40919	0.59212
0.59397	0.6776
0.47783	0.70127
0.42619	0.78882
0.52148	0.73663
0.41673	0.69151
0.3914	0.6972
0.37771	0.63905
0.23221	0.6039
0.53865	0.6991
0.34048	0.72264
0.47714	0.76102
0.13314	0.71364
0.48639	0.67071
0.58923	0.68033
0.53066	0.594
0.41202	0.71009
0.48731	0.6978
0.52925	0.74411
0.44376	0.76035
0.50412	0.69108
0.4393	0.70497
0.43702	0.78886
0.42188	0.64512
0.35498	0.71677
0.47502	0.61087
0.54017	0.73363
0.30906	0.65126
0.38482	0.69135
0.41831	0.67781
0.46413	0.75628
0.49654	0.70054
0.39369	0.68742
0.6929	0.768
0.46859	0.70243
0.3936	0.6392
0.49797	0.72461
0.65441	0.74816
0.4126	0.65771
0.48529	0.67956
0.45569	0.71927
0.40926	0.50138
0.48181	0.77987
0.42958	0.63933
0.46125	0.70985
0.46186	0.6456
0.42247	0.72604
0.38155	0.65537
0.48827	0.70117
0.53345	0.73903
0.33285	0.66771
0.41241	0.64898
0.43726	0.713
0.69353	0.69113
0.86041	0.7415
0.48068	0.71729
0.65453	0.67509
0.47414	0.74524
0.54534	0.6856
0.37884	0.73128
0.47862	0.65818
0.56246	0.75927
0.42943	0.71539
0.64441	0.83207
0.69039	0.84056
0.41755	0.73629
0.4534	0.65724
0.43984	0.56855
0.4202	0.79628
0.3537	0.6321
0.34596	0.68828
0.36147	0.59011
0.52648	0.65169
0.81912	0.65111
0.55301	0.75964
0.60753	0.76638
0.46136	0.6946
0.5472	0.62188
0.58494	0.76853
0.602	0.67524
0.45081	0.73311
0.59433	0.70136
0.53944	0.7765
0.36601	0.66963
0.49399	0.71611
0.74115	0.82008
0.42453	0.69358
0.45316	0.72372
0.30678	0.74247
0.46257	0.59234
0.34348	0.65959
0.56246	0.67376
0.30086	0.66301
0.5673	0.67743
0.64194	0.78894
0.25076	0.6175
0.38783	0.74156
0.61982	0.7314
0.45519	0.65794
0.41793	0.69062
0.44763	0.63632
0.59553	0.69133
0.3618	0.75395
0.33353	0.73125
0.70301	0.70475
0.393	0.65381
0.52673	0.79915
0.45346	0.72268
0.54344	0.56644
0.55566	0.68251
0.58255	0.73973
0.501	0.71534
0.42548	0.7421
0.33195	0.60681
0.74239	0.79132
0.5236	0.75434
0.53772	0.58474
0.81357	0.61552
0.52817	0.66098
0.40155	0.6318
0.60601	0.65609
0.16517	0.54674
0.47116	0.60424
0.51358	0.69747
0.55465	0.65639
0.44689	0.80104
0.42276	0.65096
0.49226	0.68317
0.8085	0.8638
0.34599	0.75581
0.60687	0.53308
0.22078	0.61553
0.32257	0.68523
0.48124	0.67818
0.34068	0.67749
0.27619	0.62583
0.28556	0.62232
0.37671	0.64019
0.71079	0.7622
0.30288	0.68877
0.54162	0.69543
0.40521	0.64281
0.33492	0.61712
0.76107	0.89404
0.26713	0.60773
0.52174	0.73294
0.59517	0.71233
0.47251	0.74197
0.50071	0.67694
0.4119	0.66084
0.37357	0.78348
0.45165	0.79682
0.4739	0.73716
0.67936	0.78027
0.45073	0.69815
0.46929	0.67765
0.82116	0.74989
0.4661	0.74518
0.48458	0.72046
0.49807	0.66962
0.39073	0.57974
0.80561	0.76897
0.47259	0.70967
0.38255	0.57839
0.92387	0.7239
0.4056	0.82557
0.38142	0.59294
0.41249	0.65991
0.38919	0.7955
0.25706	0.72772
0.59569	0.62379
0.42149	0.56421
0.42586	0.72913
0.44279	0.65269
0.51437	0.60479
0.45988	0.71178
0.46558	0.67646
0.54849	0.77027
0.44916	0.66616
0.44765	0.68702
0.37078	0.65367
0.46253	0.77215
0.67155	0.73115
0.33093	0.59951
0.53913	0.80494
0.14314	0.64143
0.41356	0.69385
0.61433	0.64479
0.32795	0.7367
0.28635	0.57795
0.29767	0.68838
0.40076	0.68789
0.44809	0.72998
0.54067	0.68044
0.64541	0.79514
0.43571	0.66311
0.44088	0.68562
0.2257	0.56078
0.3892	0.66864
0.4015	0.75745
0.44681	0.66324
0.60551	0.77415
0.50763	0.65448
0.66895	0.70946
0.40024	0.75412
0.52472	0.69171
0.33708	0.58151
0.33483	0.73254
0.68956	0.71265
0.59693	0.75733
0.42112	0.67036
0.3988	0.66664
0.45384	0.75324
0.41383	0.64559
0.37616	0.68389
0.59947	0.67831
0.57434	0.66387
0.58543	0.72679
0.32695	0.72445
0.44265	0.702
0.36792	0.71651
0.4351	0.67585
0.49245	0.75833
0.37993	0.71614
0.38049	0.64566
0.57313	0.76646
0.39254	0.64833
0.47142	0.64746
0.35131	0.57633
0.62626	0.67367
0.3604	0.68012
0.37494	0.65417
0.5746	0.75807
0.47789	0.67611
0.34599	0.68492
0.35447	0.62182
0.71622	0.76362
0.3737	0.58331
0.71477	0.68757
0.47971	0.66072
0.45122	0.75232
0.55947	0.71062
0.38195	0.5623
0.25529	0.60121
0.40333	0.65239
0.44548	0.63774
0.37709	0.70874
0.37861	0.67189
0.56822	0.72695
0.3653	0.76499
0.43206	0.80339
0.28386	0.6416
0.40021	0.68777
0.51464	0.70652
0.44993	0.6178
0.43296	0.69907
0.50201	0.70555
0.32008	0.65258
0.49791	0.82917
0.60045	0.64361
0.3986	0.66545
0.36983	0.73212
0.30693	0.58776
0.46671	0.71385
0.34377	0.60997
0.53912	0.70474
0.55786	0.78234
0.43996	0.7497
0.43992	0.74412
0.47461	0.7992
0.34656	0.7047
0.44872	0.85364
0.48974	0.68105
0.47565	0.70738
0.48888	0.6789
0.51113	0.73592
0.38408	0.63243
0.38739	0.70187
0.2704	0.62406
0.52612	0.63238
0.39907	0.64468
0.59284	0.78461
0.59276	0.67859
0.46749	0.80806
0.36529	0.73937
0.37351	0.63043
0.55289	0.74659
0.47155	0.69974
0.48753	0.80792
0.41126	0.62532
0.46228	0.83222
0.33886	0.68255
0.34963	0.74081
0.37364	0.78572
0.37873	0.72913
0.3518	0.60938
0.70867	0.70524
0.7185	0.74413
0.53907	0.73139
0.43877	0.682
0.53924	0.76169
0.6348	0.74092
0.46931	0.66971
0.45977	0.64307
0.29046	0.69413
0.4384	0.61812
0.446	0.69809
0.41055	0.66462
0.52083	0.69579
0.74191	0.70443
0.36828	0.64802
0.65915	0.71031
0.45499	0.65187
0.67137	0.68737
0.49716	0.69404
0.76841	0.74062
0.55135	0.72933
0.63913	0.46674
0.60649	0.682
0.32292	0.57598
0.66195	0.72419
0.6425	0.83513
0.39474	0.67598
0.46291	0.71137
0.57664	0.77754
0.48793	0.69393
0.38667	0.73679
0.35753	0.68787
0.45535	0.71524
0.37733	0.63219
0.16218	0.60822
0.40331	0.6832
0.51577	0.68344
0.68305	0.71866
0.60811	0.7258
0.22663	0.60784
0.47589	0.66757
0.47023	0.72088
0.4013	0.75118
0.37274	0.69373
0.43242	0.82735
0.36481	0.8109
0.45576	0.69738
0.71518	0.70384
0.33638	0.59647
0.50255	0.6989
0.49773	0.6451
0.58994	0.69071
0.51481	0.81117
0.74198	0.73616
0.47076	0.75818
0.36844	0.70204
0.40662	0.69639
0.45385	0.68773
0.49324	0.77385
0.43768	0.66484
0.27713	0.70725
0.69628	0.70548
0.64577	0.78218
0.75261	0.7611
0.47008	0.66877
0.45541	0.74238
0.4875	0.74636
0.42159	0.66661
0.38093	0.71149
0.33943	0.69749
0.48409	0.76874
0.29034	0.59056
0.41372	0.74354
0.53959	0.81291
0.34312	0.69184
0.62429	0.57474
0.71546	0.79587
0.53395	0.6617
0.38867	0.7099
0.49745	0.72382
0.48552	0.74919
0.37751	0.60067
0.47966	0.7098
0.19199	0.60446
0.55958	0.74577
0.39319	0.65331
0.40062	0.65638
0.43416	0.68346
0.63245	0.58868
0.43342	0.67756
0.43874	0.72844
0.5084	0.72431
0.49686	0.71419
0.33858	0.76334
0.71601	0.81141
0.49382	0.72751
0.43257	0.66505
0.44405	0.81221
0.40316	0.673
0.40912	0.71677
0.40868	0.67948
0.74455	0.72435
0.66247	0.70804
0.38616	0.66287
0.29416	0.61466
0.35684	0.69775
0.27221	0.68184
0.70335	0.72499
0.51996	0.72945
0.49774	0.65177
0.42421	0.71206
0.38672	0.7434
0.44702	0.73127
0.34301	0.68107
0.53794	0.70183
0.8442	0.79679
0.48583	0.71417
0.23391	0.68342
0.44164	0.68093
0.44693	0.77008
0.43656	0.73047
0.39744	0.70299
0.27251	0.67975
0.57951	0.65162
0.49134	0.68875
0.42997	0.6703
0.33933	0.75476
0.46454	0.74688
0.51775	0.68313
0.35523	0.64033
0.4527	0.68408
0.41155	0.66145
0.66838	0.82288
0.53405	0.69887
0.50093	0.69582
0.45177	0.73083
0.39562	0.70946
0.45946	0.78193
0.38579	0.67724
0.39417	0.6977
0.39959	0.66912
0.42222	0.70844
0.34075	0.68617
0.34398	0.65861
0.4331	0.64442
0.49974	0.71997
0.66433	0.61534
0.55263	0.69821
0.31723	0.72873
0.54353	0.74292
0.4748	0.67038
0.37614	0.71467
0.45629	0.67185
0.34998	0.55321
0.50746	0.72163
0.34928	0.72153
0.35343	0.66651
0.45464	0.70925
0.86662	0.73267
0.75258	0.76172
0.53347	0.67086
0.731	0.72863
0.36937	0.54794
0.36427	0.68045
0.46829	0.82758
0.41434	0.82234
0.38781	0.72701
0.49188	0.71308
0.56076	0.64559
0.36051	0.68674
0.39606	0.7021
0.43136	0.701
0.37496	0.70733
0.44805	0.68121
0.63213	0.75702
0.47046	0.65656
0.696	0.83037
0.36957	0.68596
0.41324	0.74037
0.74477	0.80026
0.33552	0.66193
0.48445	0.72322
0.49156	0.59228
0.39462	0.85392
0.23763	0.64402
0.32885	0.68482
0.6366	0.74599
0.40804	0.70123
0.48409	0.65493
0.41856	0.68096
0.41625	0.72825
0.49716	0.72325
0.62431	0.75723
0.51718	0.65615
0.82591	0.7185
0.37566	0.66296
0.47048	0.66777
0.42193	0.68667
0.40026	0.70246
0.45238	0.78237
0.48804	0.65849
0.33667	0.63205
0.42599	0.65505
0.37166	0.64832
0.39122	0.69073
0.43639	0.69112
0.40843	0.69579
0.40945	0.74172
0.45559	0.76323
0.45136	0.59873
0.8222	0.66819
0.33038	0.69677
0.66361	0.72513
0.5091	0.63552
0.4788	0.68223
0.6683	0.78321
0.38619	0.77308
0.59489	0.62355
0.28884	0.67284
0.48335	0.68668
0.53229	0.66206
0.46512	0.63401
0.29951	0.67775
0.57055	0.72292
0.37429	0.67209
0.47881	0.70949
0.37067	0.67281
0.42503	0.65503
0.51281	0.67638
0.47548	0.68666
0.37701	0.71891
0.31634	0.61232
0.50866	0.72315
0.36813	0.68397
0.60986	0.64914
0.52271	0.58416
0.3889	0.57552
0.57134	0.73321
0.37853	0.60065
0.34839	0.69485
0.7892	0.78967
0.34323	0.59397
0.48837	0.70034
0.61217	0.77047
0.70744	0.76268
0.46929	0.67407
0.34618	0.82155
0.47292	0.70802
0.51151	0.61219
0.52086	0.74768
0.58326	0.66338
0.34967	0.70002
0.3725	0.65259
0.36794	0.75925
0.45412	0.60759
0.685	0.68843
0.34121	0.78375
0.31969	0.6815
0.30429	0.69794
0.27361	0.61018
0.42293	0.76406
0.60413	0.75996
0.41924	0.74284
0.3429	0.70373
0.49041	0.71988
0.41535	0.67033
0.55991	0.77768
0.51192	0.82636
0.41886	0.70871
0.30028	0.71595
0.37404	0.68256
0.30233	0.63367
0.60096	0.83855
0.45336	0.66759
0.30805	0.7253
0.57393	0.5705
0.5022	0.75963
0.4898	0.68479
0.46441	0.73189
0.4346	0.70693
0.62203	0.71329
0.41027	0.62533
0.48362	0.66515
0.4117	0.63131
0.60513	0.7281
0.45465	0.69426
0.32279	0.59494
0.39567	0.79523
0.39219	0.67231
0.40729	0.78567
0.47384	0.70227
0.38172	0.72557
0.4655	0.61565
0.42245	0.83235
0.6467	0.74355
0.42243	0.70509
0.33432	0.69561
0.48224	0.75566
0.41277	0.72028
0.35297	0.66634
0.34008	0.6282
0.40563	0.71879
0.4863	0.7349
0.49068	0.70202
0.3995	0.83079
0.49271	0.72823
0.3618	0.62021
0.43408	0.71386
0.41741	0.66355
0.52257	0.71252
0.50626	0.66848
0.4471	0.62809
0.32269	0.69247
0.57066	0.68018
0.48565	0.60961
0.49958	0.69127
0.36838	0.5927
0.60922	0.71968
0.5675	0.61847
0.35218	0.67294
0.40853	0.65484
0.27152	0.64826
0.67295	0.68627
0.63433	0.66061
0.59244	0.56453
0.51206	0.68413
0.48034	0.71857
0.58143	0.68637
0.63242	0.75423
0.54522	0.67413
0.37423	0.64186
0.54299	0.74623
0.48818	0.81412
0.63883	0.71132
0.37484	0.74913
0.403	0.70569
0.51354	0.69072
0.56718	0.78783
0.69427	0.67954
0.49846	0.70599
0.34374	0.7346
0.51452	0.58929
0.43369	0.72394
0.49527	0.59355
0.53508	0.68033
0.53549	0.64354
0.46817	0.70245
0.4077	0.74977
0.39895	0.82165
0.44878	0.72405
0.51089	0.71558
0.27692	0.57288
0.57739	0.7594
0.36286	0.58656
0.56002	0.78368
0.37786	0.75441
0.45333	0.73449
0.39762	0.70844
0.31948	0.71936
0.43612	0.68309
0.52807	0.62564
0.51302	0.68306
0.44146	0.71839
0.53029	0.59851
0.23565	0.57858
0.50946	0.70432
0.47059	0.74039
0.47706	0.69836
0.39386	0.68102
0.43632	0.65901
0.27282	0.61119
0.52899	0.64777
0.70599	0.83366
0.42423	0.69403
0.43149	0.71002
0.35924	0.68831
0.41289	0.7284
0.38798	0.71584
0.34709	0.72692
0.56063	0.73328
0.40934	0.66118
0.38544	0.60151
0.46698	0.69638
0.37731	0.68921
0.57852	0.60081
0.42614	0.68696
0.6615	0.69262
0.78644	0.84387
0.47348	0.73646
0.50004	0.79504
0.73706	0.88809
0.43642	0.79493
0.34061	0.78224
0.29296	0.81631
0.51773	0.76719
0.31978	0.61581
0.41531	0.67825
0.36055	0.64035
0.72841	0.76211
0.55182	0.55255
0.42869	0.79746
0.82107	0.66222
0.33824	0.77497
0.52443	0.70106
0.45956	0.70624
0.43627	0.80046
0.27353	0.72603
0.45118	0.67811
0.78534	0.6981
0.32162	0.71574
0.39293	0.66058
0.48746	0.68023
0.47868	0.76374
0.45207	0.68897
0.37853	0.71008
0.45479	0.6763
0.41932	0.71239
0.39242	0.73912
0.46606	0.72318
0.32663	0.65631
0.63695	0.68896
0.2353	0.60982
0.43486	0.70329
0.32662	0.68765
0.30652	0.6193
0.37428	0.79872
0.60977	0.70233
0.53079	0.67752
0.60183	0.68878
0.35612	0.68254
0.41522	0.81489
0.47958	0.69395
0.13605	0.47318
0.6344	0.73669
0.56631	0.73227
0.42053	0.69603
0.47567	0.68839
0.59015	0.70173
0.4891	0.69922
0.4883	0.62541
0.34215	0.61969
0.33478	0.59649
0.7546	0.77638
0.36917	0.7488
0.47101	0.79953
0.32554	0.54892
0.47203	0.71187
0.33198	0.70408
0.42976	0.7432
0.44711	0.68043
0.51287	0.67236
0.52022	0.64261
0.24734	0.60511
0.22342	0.70501
0.49375	0.71961
0.49374	0.76938
0.27006	0.58404
0.5733	0.69118
0.43141	0.65862
0.47785	0.72388
0.50879	0.62577
0.30134	0.56954
0.20897	0.58473
0.35445	0.704
0.45613	0.72616
0.27178	0.62494
0.49094	0.67356
0.53642	0.6816
0.57638	0.66623
0.45965	0.80106
0.26257	0.66141
0.68904	0.7349
0.31654	0.5709
0.49899	0.71873
0.47356	0.68342
0.56287	0.76037
0.52255	0.9137
0.27861	0.71307
0.48973	0.69465
0.43404	0.68157
0.40632	0.74909
0.44463	0.70856
0.41645	0.68309
0.36543	0.56782
0.5416	0.71729
0.52588	0.73803
0.53103	0.6519
0.67162	0.80014
0.43823	0.74242
0.46676	0.7358
0.42409	0.65339
0.24063	0.60042
0.3962	0.69609
0.3144	0.72067
0.51902	0.74808
0.46065	0.67939
0.75033	0.80022
0.25963	0.71258
0.38529	0.6996
0.70789	0.72516
0.43851	0.7887
0.473	0.76429
0.25642	0.49748
0.43044	0.71458
0.3249	0.61569
0.53319	0.6799
0.46223	0.67989
0.35665	0.62853
0.47019	0.71189
0.45795	0.66059
0.41211	0.78751
0.48408	0.71023
0.43838	0.74623
0.44142	0.73813
0.3599	0.76776
0.52432	0.74245
0.44657	0.78677
0.61152	0.68863
0.411	0.68586
0.38598	0.75612
0.45427	0.65518
0.43741	0.58365
0.49264	0.86106
0.49324	0.74719
0.41283	0.75194
0.40537	0.61874
0.61129	0.67752
0.63837	0.6927
0.25626	0.54967
0.42048	0.69014
0.45585	0.7427
0.57872	0.69414
0.46652	0.79295
0.50683	0.68501
0.33685	0.71489
0.34831	0.648
0.4467	0.65641
0.44539	0.70832
0.41272	0.66946
0.43229	0.81426
0.44621	0.66737
0.40256	0.71065
0.43482	0.7496
0.46897	0.6613
0.40925	0.68461
0.69199	0.74403
0.48041	0.702
0.5205	0.66696
0.44282	0.6987
0.41791	0.65257
0.39029	0.69558
0.48197	0.71769
0.50434	0.67049
0.46137	0.79503
0.39455	0.69479
0.50739	0.70405
0.40464	0.67755
0.42619	0.73376
0.70741	0.70909
0.5111	0.65571
0.42627	0.69962
0.32309	0.69501
0.47239	0.72763
0.29265	0.637
0.33545	0.61858
0.37453	0.68289
0.39349	0.73417
0.36166	0.65994
0.3611	0.68615
0.66542	0.82396
0.53238	0.68242
0.49372	0.72624
0.43296	0.73039
0.43382	0.71091
0.31655	0.7018
0.28045	0.618
0.42886	0.62176
0.44047	0.63003
0.52686	0.6911
0.42995	0.65183
0.47553	0.77511
0.48997	0.60453
0.54489	0.65267
0.55963	0.72191
0.70498	0.69274
0.34125	0.74555
0.42021	0.74835
0.44552	0.85926
0.88094	0.61049
0.38468	0.66842
0.43205	0.7984
0.46193	0.7299
0.47961	0.75303
0.50099	0.67662
0.42226	0.64678
0.42625	0.7104
0.34869	0.66009
0.41763	0.70517
0.42386	0.79704
0.39893	0.64233
0.36631	0.73197
0.40306	0.68758
0.35561	0.69965
0.64613	0.74564
0.20376	0.66903
0.35873	0.6857
0.42098	0.7147
0.40436	0.71531
0.38319	0.67186
0.4169	0.67882
0.39725	0.76811
0.45441	0.68286
0.55013	0.81061
0.34156	0.66165
0.49948	0.69018
0.36016	0.60973
0.83347	0.83686
0.55263	0.66377
0.38756	0.63495
0.47019	0.76091
0.41121	0.66594
0.47418	0.60349
0.83316	0.73425
0.35482	0.83144
0.24829	0.64191
0.29498	0.56667
0.3538	0.69859
0.2682	0.65743
0.40292	0.68957
0.67639	0.68433
0.42152	0.81909
0.43806	0.7128
0.50285	0.69187
0.54878	0.6586
0.60336	0.7325
0.5046	0.74282
0.32175	0.71445
0.45785	0.6819
0.5619	0.80471
0.59518	0.77754
0.43927	0.69391
0.45755	0.65528
0.53944	0.82088
0.55342	0.69849
0.44177	0.71197
0.36957	0.71238
0.29882	0.48565
0.55247	0.57736
0.43197	0.65807
0.5734	0.5919
0.46142	0.76107
0.45352	0.70373
0.5866	0.57446
0.42903	0.68254
0.3349	0.69737
0.29988	0.71442
0.44027	0.6645
0.39828	0.77369
0.40397	0.6746
0.41089	0.69017
0.35957	0.70202
0.41369	0.67341
0.34454	0.66224
0.50924	0.74943
0.22989	0.61703
0.43344	0.72317
0.59033	0.67007
0.56224	0.60188
0.47279	0.80532
0.41388	0.68222
0.43338	0.70048
0.45968	0.77936
0.49196	0.7679
0.47912	0.66595
0.42261	0.64812
0.63485	0.55065
0.38837	0.63132
0.38502	0.67152
0.39844	0.6349
0.41443	0.66395
0.77788	0.75933
0.62314	0.69552
0.69162	0.71061
0.63383	0.78866
0.52324	0.6119
0.45816	0.75146
0.40523	0.6516
0.61361	0.75143
0.55305	0.73448
0.42813	0.61872
0.55928	0.7059
0.38616	0.60278
0.32582	0.6246
0.60965	0.7895
0.3622	0.63362
0.45032	0.71028
0.59215	0.72586
0.53884	0.70281
0.60577	0.70714
0.27935	0.6938
0.44762	0.73242
0.37327	0.69375
0.72317	0.70214
0.19623	0.65712
0.42625	0.71228
0.45505	0.68208
0.3339	0.69871
0.61443	0.7349
0.44041	0.72071
0.54099	0.81077
0.33034	0.69011
0.38448	0.59968
0.39865	0.72635
0.44695	0.70632
0.39318	0.73529
0.61364	0.67718
0.39342	0.66871
0.35139	0.70082
0.39151	0.7016
0.65057	0.72151
0.40429	0.70132
0.57371	0.66546
0.40145	0.68513
0.65381	0.78457
0.51935	0.65127
0.4539	0.7187
0.39757	0.63078
0.33887	0.73288
0.47889	0.74114
0.36462	0.67112
0.42558	0.6923
0.4922	0.72983
0.46897	0.68196
0.46729	0.66842
0.43859	0.67661
0.59106	0.64095
0.42174	0.81482
0.45285	0.77956
0.55734	0.69822
0.42627	0.59605
0.36345	0.67964
0.43501	0.70832
0.89535	0.75889
0.42577	0.65166
0.4961	0.68554
0.53964	0.70748
0.34598	0.66926
0.33754	0.64435
0.75057	0.79343
0.30497	0.56476
0.38918	0.73201
0.44438	0.66059
0.55566	0.77369
0.4603	0.66008
0.27412	0.63572
0.41114	0.65665
0.47756	0.74856
0.3852	0.80263
0.50294	0.67986
0.65884	0.8044
0.1923	0.77876
0.38269	0.67321
0.67665	0.69426
0.35869	0.64073
0.33564	0.51132
0.46763	0.73361
0.3779	0.66445
0.30755	0.70775
0.29228	0.52067
0.57784	0.6507
0.42621	0.81076
0.34796	0.63515
0.43257	0.66601
0.45737	0.67641
0.33655	0.67492
0.41495	0.67095
0.43015	0.70424
0.37497	0.77857
0.34926	0.67005
0.43302	0.71528
0.67111	0.74165
0.73427	0.74534
0.45475	0.82022
0.3144	0.62401
0.4573	0.79919
0.4474	0.6752
0.59271	0.63719
0.49394	0.72099
0.37025	0.71907
0.55349	0.67313
0.41551	0.72918
0.46179	0.69218
0.51202	0.71373
0.41919	0.73677
0.35634	0.66739
0.42603	0.67896
0.40456	0.68287
0.45852	0.67696
0.41327	0.70051
0.53127	0.67955
0.426	0.70375
0.46387	0.70879
0.38069	0.68446
0.49668	0.68494
0.35862	0.65076
0.53328	0.72429
0.69389	0.70607
0.46597	0.63137
0.64344	0.72509
0.39425	0.68133
0.32558	0.57316
0.39267	0.6842
0.54637	0.64564
0.54432	0.63791
0.62092	0.64078
0.5082	0.74967
0.41073	0.67214
0.52086	0.72038
0.63464	0.70151
0.4188	0.73311
0.40802	0.69973
0.52179	0.76746
0.24821	0.60136
0.43654	0.68475
0.31005	0.75
0.61347	0.75232
0.55652	0.7314
0.85799	0.68867
0.36323	0.71792
0.76992	0.77243
0.32255	0.654
0.71449	0.8313
0.63466	0.80433
0.64612	0.74001
0.47625	0.81136
0.6193	0.71008
0.43585	0.7315
0.47129	0.66398
0.44376	0.67531
0.50772	0.67558
0.57737	0.64457
0.40271	0.66902
0.74365	0.75841
0.50528	0.80469
0.30314	0.68847
0.65841	0.81109
0.36915	0.61499
0.35828	0.71755
0.35995	0.6529
0.69783	0.71052
0.6823	0.76999
0.39412	0.64619
0.33329	0.70213
0.29021	0.68884
0.15558	0.66078
0.58507	0.65664
0.55731	0.75462
0.59187	0.74954
0.44647	0.67315
0.28695	0.63707
0.37226	0.73037
0.28642	0.62055
0.34422	0.69313
0.30491	0.64716
0.36467	0.79239
0.4461	0.67595
0.42911	0.72252
0.42245	0.60896
0.46552	0.73339
0.39234	0.69453
0.48833	0.64248
0.41986	0.71317
0.50626	0.6603
0.38822	0.67724
0.30639	0.57282
0.67316	0.77292
0.47609	0.71644
0.59377	0.62801
0.54932	0.63827
0.28521	0.69641
0.36281	0.72627
0.63386	0.66902
0.42531	0.67669
0.65059	0.65893
0.88832	0.8244
0.85262	0.8204
0.56106	0.65415
0.31099	0.58936
0.40064	0.694
0.3718	0.62816
0.36638	0.74812
0.54598	0.66456
0.44428	0.71222
0.50212	0.66989
0.56433	0.66528
0.3694	0.68568
0.39299	0.7048
0.49577	0.74569
0.48245	0.61984
0.38154	0.56598
0.45381	0.70169
0.34356	0.70944
0.35571	0.69336
0.54826	0.72131
0.39856	0.70388
0.42586	0.6489
0.44544	0.70539
0.658	0.78584
0.61922	0.76705
0.57887	0.69361
0.49654	0.664
0.52515	0.73367
0.32306	0.63183
0.52184	0.68299
0.50394	0.60651
0.31265	0.73566
0.40395	0.69029
0.49627	0.68625
0.35259	0.70801
0.65164	0.77066
0.37041	0.68663
0.51829	0.63404
0.48387	0.69559
0.52973	0.74155
0.40334	0.73102
0.67445	0.68799
0.29826	0.68729
0.46602	0.67193
0.74384	0.79772
0.44959	0.71143
0.4725	0.74709
0.3133	0.69595
0.46053	0.64334
0.46964	0.64015
0.40618	0.66428
0.45022	0.67949
0.59406	0.71541
0.42701	0.68722
0.74181	0.76958
0.48464	0.65552
0.44303	0.61332
0.38409	0.75751
0.38221	0.75287
0.19838	0.67859
0.54128	0.64673
0.52978	0.64665
0.38229	0.57397
0.57152	0.73018
0.43638	0.67395
0.68473	0.75292
0.3676	0.62608
0.31196	0.57282
0.47528	0.6544
0.4119	0.71337
0.55424	0.67346
0.16487	0.73358
0.52866	0.78699
0.59262	0.5891
0.43887	0.69899
0.58371	0.7138
0.70171	0.7687
0.57532	0.70607
0.4328	0.70912
0.53716	0.69206
0.3089	0.61105
0.4269	0.72727
0.53634	0.7362
0.65293	0.74313
0.60355	0.74679
0.46335	0.6821
0.72377	0.61988
0.35978	0.7905
0.37204	0.60891
0.36232	0.61554
0.40895	0.77281
0.66187	0.76926
0.43193	0.67378
0.29771	0.6812
0.56216	0.70745
0.62605	0.6428
0.46205	0.786
0.46167	0.69083
0.42347	0.716
0.73643	0.81705
0.60371	0.63203
0.51218	0.5623
0.40948	0.73585
0.50677	0.67698
0.56269	0.85115
0.51094	0.63678
0.42886	0.64228
0.54893	0.56981
0.41243	0.70762
0.34851	0.71928
0.44348	0.65621
0.4746	0.76485
0.3708	0.63163
0.46423	0.71684
0.49567	0.6927
0.50218	0.75298
0.51902	0.73234
0.43574	0.67264
0.47792	0.6708
0.40699	0.68007
0.41718	0.57517
0.53053	0.72439
0.36372	0.68854
0.47893	0.70122
0.34867	0.61834
0.46541	0.73738
0.42497	0.65051
0.4458	0.73885
0.45203	0.68712
0.42379	0.64306
0.32165	0.67719
0.443	0.68067
0.56916	0.68905
0.71513	0.6953
0.47759	0.67578
0.56573	0.69749
0.57143	0.76888
0.35946	0.63144
0.76849	0.81518
0.55821	0.77757
0.78092	0.642
0.62032	0.63748
0.34428	0.66577
0.71739	0.81591
0.22937	0.62688
0.41326	0.67176
0.42361	0.68893
0.50378	0.66888
0.23889	0.67135
0.3317	0.6854
0.45012	0.69363
0.4801	0.7837
0.38647	0.67043
0.53961	0.76647
0.66103	0.79379
0.44477	0.71822
0.3763	0.68414
0.4405	0.79392
0.39336	0.59111
0.35918	0.70406
0.4097	0.7121
0.14545	0.60109
0.70728	0.6191
0.53917	0.77253
0.57624	0.73658
0.57013	0.64263
0.63595	0.75631
0.53393	0.67016
0.38403	0.76806
0.57392	0.69452
0.44089	0.73401
0.63162	0.66864
0.51204	0.67473
0.45359	0.67556
0.35557	0.80965
0.49271	0.67002
0.44732	0.71783
0.7195	0.73345
0.48857	0.69271
0.4257	0.68253
0.43254	0.72286
0.43318	0.73161
0.48082	0.62454
0.52599	0.80319
0.47229	0.71247
0.46276	0.67608
0.40741	0.6571
0.30985	0.70872
0.51998	0.69733
0.5168	0.61403
0.40314	0.64217
0.61569	0.70695
0.53212	0.63956
0.54374	0.79318
0.41773	0.757
0.42035	0.68143
0.63515	0.73977
0.55296	0.71631
0.49053	0.65869
0.34839	0.61258
0.40965	0.61686
0.54471	0.69849
0.5563	0.70776
0.65651	0.81537
0.46098	0.7772
0.48397	0.77171
0.37314	0.71991
0.28475	0.66276
0.35127	0.71865
0.48042	0.72805
0.50317	0.67255
0.6306	0.69103
0.31704	0.75361
0.59743	0.71378
0.46759	0.69006
0.39866	0.69498
0.38087	0.69264
0.44649	0.649
0.50322	0.68986
0.50411	0.79084
0.49797	0.7024
0.39623	0.71462
0.38078	0.81028
0.47048	0.78643
0.58245	0.63607
0.36194	0.65849
0.20477	0.67044
0.42341	0.64714
0.41913	0.71953
0.3498	0.72993
0.4915	0.67727
0.58072	0.72663
0.43937	0.73563
0.53717	0.68919
0.5647	0.81888
0.53574	0.67425
0.24041	0.55976
0.43983	0.78478
0.57277	0.73168
0.4314	0.62737
0.4948	0.68316
0.73755	0.80754
0.48465	0.85803
0.383	0.70092
0.41931	0.55116
0.67363	0.78943
0.75292	0.76155
0.46214	0.65597
0.42761	0.63323
0.43445	0.7977
0.47151	0.72304
0.42904	0.69461
0.43777	0.64048
0.32556	0.69273
0.36335	0.70723
0.38205	0.54019
0.67024	0.80482
0.33568	0.68794
0.44736	0.69677
0.58352	0.69041
0.50571	0.63486
0.73228	0.73686
0.38473	0.8177
0.4062	0.6804
0.41632	0.70115
0.44722	0.61109
0.40689	0.62836
0.41781	0.7225
0.3733	0.86164
0.58568	0.66091
0.4127	0.74705
0.42115	0.7692
0.67359	0.79106
0.48209	0.84767
0.4944	0.60308
0.25061	0.62391
0.4277	0.64897
0.399	0.75887
0.62133	0.68071
0.3143	0.72324
0.44777	0.71297
0.32011	0.67651
0.29375	0.61352
0.42464	0.64354
0.56817	0.72307
0.44901	0.68172
0.53009	0.68266
0.46172	0.64585
0.49929	0.69966
0.45194	0.72131
0.31833	0.6291
0.49673	0.70159
0.33017	0.65019
0.54089	0.7031
0.44552	0.66825
0.54349	0.65901
0.50201	0.64667
0.31367	0.73838
0.42446	0.70015
0.78579	0.82154
0.26076	0.60695
0.2769	0.67526
0.5564	0.6176
0.5456	0.79653
0.71968	0.70144
0.45734	0.70867
0.53734	0.66363
0.50905	0.69639
0.48528	0.70315
0.36064	0.63452
0.42483	0.78044
0.64615	0.81982
0.39588	0.76847
0.46127	0.64126
0.55269	0.68279
0.46623	0.64348
0.48802	0.67352
0.54234	0.80196
0.56588	0.67384
0.41453	0.59221
0.39075	0.77265
0.42779	0.79768
0.43733	0.6531
0.41677	0.70366
0.42474	0.62191
0.41905	0.65079
0.36428	0.67218
0.49201	0.71896
0.35186	0.64188
0.56717	0.70005
0.38785	0.69193
0.44142	0.68796
0.68918	0.77727
0.43731	0.67002
0.38298	0.77348
0.44412	0.64022
0.46214	0.82641
0.5956	0.65511
0.41822	0.73407
0.30547	0.75643
0.53375	0.68012
0.76027	0.81148
0.47917	0.72452
0.41047	0.66654
0.38369	0.75256
0.45099	0.68246
0.7941	0.7681
0.46845	0.6952
0.41566	0.75975
0.42914	0.60472
0.40173	0.63834
0.55565	0.80296
0.93966	0.77003
0.541	0.72996
0.61757	0.78582
0.29273	0.70939
0.34798	0.65537
0.29589	0.8351
0.43361	0.71487
0.48546	0.84744
0.56675	0.67888
0.29177	0.72994
0.49547	0.83147
0.53077	0.7668
0.36011	0.61013
0.37396	0.61451
0.59707	0.69887
0.67599	0.65378
0.4439	0.79812
0.2622	0.61499
0.43306	0.70824
0.52987	0.63601
0.53022	0.6614
0.43621	0.65747
0.54143	0.65126
0.5293	0.75337
0.52557	0.62385
0.45221	0.70858
0.47146	0.75147
0.34537	0.69928
0.46244	0.69749
0.52275	0.71045
0.3578	0.68114
0.44453	0.73929
0.56638	0.6805
0.4297	0.63366
0.51399	0.76141
0.46311	0.70716
0.41086	0.69628
0.44985	0.72816
0.39559	0.70241
0.4262	0.74604
0.58093	0.66087
0.45675	0.72143
0.49634	0.6188
0.47325	0.68978
0.46153	0.6728
0.49563	0.77806
0.48957	0.77246
0.50421	0.76997
0.46611	0.67995
0.55788	0.70463
0.4221	0.68251
0.70988	0.74727
0.46096	0.67773
0.52913	0.73804
0.33574	0.63574
0.54449	0.65731
0.30541	0.49705
0.41823	0.75384
0.66986	0.74187
0.70279	0.70994
0.36821	0.78855
0.51494	0.65644
0.44411	0.62139
0.55827	0.67657
0.61193	0.76274
0.50687	0.71173
0.49583	0.72281
0.5355	0.73032
0.42845	0.64155
0.4716	0.74191
0.50441	0.59751
0.46054	0.73147
0.5439	0.67041
0.36845	0.6385
0.44787	0.75631
0.35973	0.69646
0.29401	0.60934
0.49636	0.797
0.35706	0.70571
0.44195	0.74804
0.53218	0.68409
0.44415	0.70015
0.46799	0.69617
0.62268	0.66783
0.38705	0.71428
0.22826	0.6141
0.39345	0.74359
0.48624	0.71094
0.42163	0.71833
0.51056	0.81565
0.40486	0.67066
0.48297	0.68661
0.33082	0.6721
0.60099	0.63454
0.35163	0.7784
0.47452	0.65187
0.68762	0.70224
0.45967	0.69501
0.55717	0.72369
0.50139	0.66559
0.80031	0.76278
0.64549	0.75063
0.54949	0.73922
0.40068	0.71072
0.4031	0.7814
0.426	0.62905
0.44159	0.6858
0.41323	0.69338
0.40538	0.73493
0.44638	0.75542
0.47901	0.69391
0.35271	0.71514
0.47351	0.63201
0.88608	0.77923
0.4592	0.70158
0.57504	0.71107
0.48097	0.76884
0.33231	0.70449
0.67781	0.80832
0.33586	0.72334
0.74299	0.67874
0.37255	0.65638
0.40488	0.80864
0.32159	0.55857
0.13953	0.47982
0.37898	0.5726
0.5225	0.648
0.62251	0.7153
0.4434	0.71221
0.37124	0.72806
0.24465	0.60831
0.39848	0.68378
0.43111	0.78423
0.40284	0.75653
0.49668	0.73605
0.4241	0.66762
0.53589	0.67984
0.53681	0.67899
0.48483	0.71704
0.30087	0.81297
0.41957	0.69767
0.42873	0.79174
0.39557	0.70304
0.46415	0.67382
0.31228	0.7166
0.42511	0.58319
0.40094	0.76297
0.43267	0.71663
0.53079	0.80825
0.3076	0.64584
0.37975	0.67393
0.47808	0.69448
0.4014	0.56556
0.46813	0.74054
0.50634	0.69028
0.36374	0.58951
0.49601	0.65608
0.61432	0.61033
0.33989	0.6527
0.42218	0.71737
0.3897	0.74891
0.31805	0.66357
0.45508	0.63099
0.54886	0.63644
0.47097	0.6832
0.39312	0.63083
0.39798	0.66575
0.41713	0.75176
0.36708	0.79455
0.38549	0.6961
0.42136	0.85456
0.3603	0.75677
0.3417	0.59058
0.85581	0.74168
0.40533	0.70436
0.39901	0.69294
0.43658	0.64163
0.47153	0.72042
0.66236	0.66795
0.2028	0.61522
0.56567	0.7878
0.68256	0.62052
0.27291	0.65764
0.28088	0.6404
0.56159	0.7147
0.28143	0.75991
0.47785	0.65781
0.51167	0.76099
0.304	0.62863
0.62257	0.6723
0.57773	0.68184
0.46315	0.74544
0.2974	0.62591
0.33452	0.64208
0.42342	0.70243
0.76228	0.72017
0.57429	0.617
0.63796	0.75156
0.29748	0.75449
0.40838	0.71221
0.25649	0.63706
0.40613	0.69724
0.43241	0.69283
0.42867	0.72394
0.41488	0.73447
0.47546	0.61997
0.56192	0.70097
0.43512	0.67648
0.46302	0.68278
0.55585	0.67606
0.48988	0.68462
0.41616	0.60758
0.38926	0.7443
0.58529	0.61976
0.41937	0.60104
0.42518	0.69224
0.55289	0.66878
0.49886	0.73724
0.30618	0.68329
0.22453	0.533
0.29414	0.6005
0.4188	0.61432
0.3954	0.63976
0.38505	0.67773
0.36942	0.62538
0.41548	0.66474
0.56467	0.65693
0.5142	0.88245
0.44975	0.71396
0.45249	0.6644
0.37668	0.71285
0.46435	0.70899
0.61382	0.63038
0.41367	0.64635
0.47895	0.71811
0.57717	0.721
0.46124	0.73487
0.63199	0.78497
0.37939	0.69219
0.4608	0.78792
0.41721	0.76265
0.54661	0.66299
0.54117	0.75572
0.62719	0.79423
0.54418	0.67759
0.67862	0.70316
0.52107	0.70714
0.45325	0.62604
0.39838	0.81098
0.38933	0.74956
0.45357	0.62896
0.63699	0.73778
0.37648	0.73924
0.43366	0.78762
0.39324	0.7292
0.28943	0.66453
0.37774	0.75755
0.39779	0.81842
0.22575	0.41434
0.40599	0.57178
0.59596	0.68658
0.39914	0.66025
0.48382	0.67772
0.5219	0.64577
0.28467	0.721
0.42071	0.66076
0.43068	0.72873
0.53623	0.72403
0.68255	0.69981
0.5352	0.73976
0.38121	0.68484
0.42469	0.70043
0.68575	0.73544
0.40524	0.7866
0.27937	0.67057
0.69239	0.71868
0.34141	0.6519
0.53079	0.72101
0.43958	0.69607
0.47282	0.64389
0.39799	0.66363
0.63672	0.70652
0.46626	0.6348
0.42375	0.62385
0.52387	0.69633
0.39644	0.68192
0.54195	0.74399
0.43948	0.69064
0.38831	0.67786
0.71808	0.78044
0.37932	0.78774
0.38742	0.62693
0.42436	0.69233
0.36922	0.67662
0.50101	0.76146
0.56349	0.67368
0.50622	0.67035
0.42242	0.6873
0.41578	0.69488
0.7178	0.8329
0.41401	0.75564
0.46827	0.72873
0.43782	0.60685
0.58525	0.69307
0.41429	0.71218
0.41653	0.67959
0.52622	0.64685
0.6392	0.65295
0.48339	0.79107
0.3167	0.71742
0.46605	0.70475
0.36417	0.66653
0.52692	0.74392
0.69641	0.81886
0.46362	0.76428
0.47621	0.73919
0.38216	0.61861
0.68053	0.70197
0.61785	0.69849
0.3803	0.69101
0.49158	0.79381
0.3156	0.60711
0.36742	0.71337
0.39185	0.66222
0.45576	0.74178
0.58098	0.70445
0.3722	0.57025
0.5893	0.66805
0.55901	0.63718
0.36359	0.60699
0.44091	0.67828
0.33889	0.69796
0.50647	0.68824
0.46544	0.66855
0.26538	0.68236
0.64582	0.69418
0.28517	0.64694
0.33718	0.72854
0.55794	0.70844
0.5217	0.73891
0.29339	0.60486
0.4487	0.68634
0.33136	0.63803
0.51044	0.75125
0.54168	0.67875
0.47277	0.72742
0.58768	0.73348
0.30321	0.65602
0.35868	0.67674
0.3008	0.59019
0.36682	0.6357
0.36785	0.78015
0.5428	0.70581
0.42589	0.67043
0.40883	0.67186
0.42545	0.70115
0.30124	0.64266
0.44532	0.6412
0.2327	0.56337
0.42514	0.73045
0.40782	0.77055
0.62655	0.73121
0.38282	0.68447
0.45256	0.71823
0.57421	0.68055
0.34961	0.60622
0.43633	0.68054
0.37167	0.64616
0.55258	0.76797
0.64612	0.76049
0.38252	0.73777
0.51769	0.68415
0.56766	0.68324
0.64478	0.69498
0.45184	0.7405
0.59272	0.66507
0.47287	0.65594
0.34646	0.70703
0.36607	0.64102
0.20928	0.66999
0.32946	0.75604
0.34081	0.68037
0.44689	0.72018
0.40108	0.59984
0.4003	0.71141
0.42856	0.75528
0.54147	0.68867
0.53506	0.60041
0.44039	0.71525
0.63474	0.71583
0.37904	0.74639
0.51021	0.7673
0.6645	0.68206
0.31103	0.53123
0.33233	0.75405
0.59721	0.74579
0.34897	0.58359
0.44158	0.70462
0.3788	0.69457
0.59164	0.74471
0.30202	0.58776
0.4479	0.69513
0.27931	0.71292
0.44244	0.73105
0.50712	0.72916
0.32356	0.81918
0.32516	0.71728
0.45864	0.6371
0.59659	0.71297
0.54809	0.67794
0.38566	0.81374
0.36923	0.70061
0.73148	0.76918
0.45733	0.72776
0.45929	0.72811
0.29625	0.62555
0.54201	0.67782
0.40472	0.7093
0.61144	0.68735
0.46017	0.80527
0.5373	0.5944
0.40273	0.74522
0.38659	0.61787
0.25751	0.55005
0.35415	0.69783
0.48105	0.71266
0.42338	0.67912
0.46058	0.64014
0.52322	0.60104
0.5603	0.77125
0.45896	0.70625
0.50706	0.70932
0.42407	0.71158
0.27031	0.62575
0.60374	0.69177
0.39933	0.64094
0.42701	0.64056
0.44793	0.61306
0.42102	0.63767
0.52592	0.67877
0.44122	0.65993
0.58297	0.72422
0.45701	0.68577
0.68694	0.68734
0.35078	0.61447
0.4674	0.73523
0.44419	0.61747
0.33946	0.63642
0.41318	0.64356
0.44736	0.65043
0.56513	0.66452
0.50786	0.61984
0.54619	0.6814
0.62475	0.68368
0.39617	0.65389
0.48416	0.67582
0.40615	0.57052
0.35112	0.63535
0.39539	0.75972
0.46375	0.72108
0.51405	0.79421
0.32515	0.61494
0.32509	0.75887
0.44963	0.75191
0.38937	0.69125
0.30873	0.76338
0.63335	0.65606
0.38773	0.69097
0.50992	0.71837
0.51152	0.79247
0.42485	0.66297
0.53211	0.68627
0.48133	0.65807
0.34734	0.67627
0.47813	0.76959
0.52937	0.68384
0.42172	0.70742
0.41641	0.69837
0.8204	0.6403
0.77477	0.83384
0.28675	0.74973
0.4788	0.67307
0.41177	0.61343
0.46581	0.80395
0.43943	0.80581
0.45077	0.72297
0.35908	0.71275
0.61537	0.73958
0.38264	0.61234
0.48142	0.68092
0.34959	0.65556
0.79372	0.82244
0.35426	0.78307
0.69003	0.73903
0.47186	0.66864
0.36189	0.76095
0.3353	0.66062
0.66741	0.70328
0.40853	0.76567
0.39411	0.765
0.39097	0.69787
0.52144	0.64506
0.52957	0.84982
0.48444	0.67671
0.35248	0.67243
0.50962	0.55927
0.3434	0.55727
0.69792	0.75758
0.55544	0.6785
0.32697	0.59292
0.43262	0.62816
0.51716	0.68683
0.45469	0.69926
0.31828	0.81753
0.49255	0.63429
0.31659	0.5551
0.40368	0.68678
0.71708	0.83528
0.40319	0.72741
0.44072	0.68365
0.48027	0.74919
0.43293	0.67776
0.36714	0.72243
0.79124	0.85374
0.44652	0.59433
0.50122	0.71117
0.38881	0.65399
0.58651	0.70251
0.55986	0.64797
0.5734	0.6552
0.66068	0.65256
0.52245	0.65054
0.41917	0.75174
0.47848	0.77095
0.61862	0.68794
0.45055	0.61321
0.29127	0.73962
0.31489	0.71538
0.31156	0.62651
0.4734	0.66247
0.41722	0.61877
0.44234	0.7143
0.3656	0.7201
0.20413	0.58009
0.3943	0.76054
0.45772	0.67919
0.31985	0.66317
0.49731	0.59192
0.44219	0.78573
0.35323	0.66355
0.23125	0.71349
0.40223	0.71565
0.46697	0.67399
0.25156	0.51833
0.51255	0.61224
0.56191	0.73533
0.51031	0.70135
0.38558	0.71529
0.30959	0.6039
0.37526	0.74013
0.72296	0.70142
0.75914	0.71132
0.42433	0.77279
0.43593	0.77836
0.58188	0.82854
0.6983	0.74361
0.41796	0.66901
0.36782	0.72662
0.52584	0.67215
0.41511	0.70443
0.52991	0.79299
0.72081	0.73784
0.50647	0.78859
0.4031	0.75439
0.55614	0.73128
0.49281	0.73627
0.51335	0.76817
0.42346	0.77483
0.568	0.71294
0.40074	0.69027
0.49496	0.70185
0.43453	0.8261
0.36176	0.80482
0.39673	0.73326
0.42199	0.64158
0.36012	0.69807
0.35069	0.72948
0.42747	0.67125
0.61815	0.6888
0.4235	0.61352
0.66995	0.67809
0.4421	0.67213
0.40209	0.7042
0.45729	0.60497
0.38333	0.68671
0.49411	0.65
0.4134	0.66405
0.51641	0.68363
0.27165	0.66557
0.27337	0.60202
0.47891	0.69004
0.44375	0.67589
0.53191	0.62817
0.39716	0.61675
0.54595	0.73671
0.49023	0.72321
0.37953	0.6845
0.50599	0.7046
0.51063	0.63568
0.6858	0.65254
0.39432	0.63549
0.36297	0.67015
0.52123	0.75037
0.45523	0.67072
0.52202	0.67408
0.63288	0.7249
0.86589	0.81238
0.36253	0.692
0.11494	0.5101
0.45212	0.68847
0.46911	0.68681
0.34022	0.76863
0.55979	0.75327
0.48124	0.71068
0.44502	0.62797
0.42283	0.71713
0.44915	0.6757
0.57795	0.76423
0.42627	0.64937
0.42536	0.71263
0.24497	0.59237
0.75966	0.6265
0.41023	0.7419
0.28312	0.66342
0.4201	0.69445
0.35312	0.71963
0.5283	0.72704
0.411	0.70638
0.37544	0.77927
0.3449	0.64371
0.46451	0.75327
0.32538	0.67359
0.54574	0.72072
0.41443	0.59556
0.62885	0.68053
0.47372	0.84706
0.44842	0.65685
0.72098	0.8037
0.43	0.65456
0.39196	0.66114
0.53022	0.67527
0.57551	0.72219
0.69173	0.72597
0.44965	0.63343
0.39248	0.81966
0.40548	0.67993
0.3842	0.70083
0.72966	0.7673
0.51186	0.7762
0.44807	0.72897
0.50715	0.62762
0.42345	0.7318
0.59281	0.78449
0.57777	0.64345
0.34203	0.62706
0.78764	0.74714
0.27736	0.64407
0.61567	0.68815
0.5475	0.71569
0.47483	0.58591
0.39746	0.73818
0.50103	0.68395
0.39379	0.76307
0.36346	0.71456
0.33094	0.70002
0.67096	0.70999
0.55785	0.68317
0.42377	0.66716
0.4215	0.8029
0.4355	0.65207
0.51765	0.52774
0.43306	0.68514
