0.49826	0.77332
0.39407	0.68779
0.49561	0.72603
0.43676	0.6569
0.27549	0.60349
0.51127	0.72987
0.51258	0.63741
0.403	0.64552
0.4681	0.74468
0.39744	0.64453
0.25562	0.5707
0.40878	0.60684
0.44426	0.72182
0.47981	0.7302
0.36802	0.72707
0.27884	0.72522
0.42096	0.6614
0.36641	0.58173
0.33792	0.6638
0.35969	0.65991
0.49516	0.69502
0.39242	0.7744
0.34601	0.70672
0.55829	0.58847
0.44612	0.74641
0.38574	0.66941
0.32685	0.61262
0.33334	0.72746
0.43932	0.67211
0.30431	0.68286
0.28368	0.78231
0.4211	0.67592
0.28895	0.56209
0.4742	0.7119
0.35384	0.62838
0.34286	0.72476
0.49916	0.6832
0.44359	0.65239
0.48095	0.67292
0.38832	0.71214
0.32383	0.68786
0.3746	0.70309
0.46746	0.687
0.47475	0.75745
0.37802	0.71394
0.22042	0.80418
0.37853	0.57945
0.42446	0.67658
0.42147	0.63961
0.55168	0.71077
0.38541	0.76474
0.42885	0.75261
0.39321	0.72052
0.4643	0.79128
0.4676	0.74999
0.22496	0.66116
0.38817	0.61472
0.39492	0.68318
0.47878	0.71436
0.45167	0.6584
0.63457	0.75879
0.39519	0.7337
0.29886	0.6981
0.40501	0.72492
0.47627	0.67809
0.57234	0.69257
0.37882	0.67561
0.41461	0.6798
0.47164	0.69439
0.89622	0.62202
0.37601	0.65505
0.5175	0.64586
0.48212	0.78353
0.48695	0.69774
0.44107	0.61705
0.37205	0.69247
0.43321	0.68429
0.62768	0.79944
0.27002	0.55889
0.48255	0.85019
0.48518	0.83451
0.39663	0.6748
0.40763	0.66018
0.44305	0.78974
0.61584	0.71082
0.45518	0.67946
0.47469	0.65402
0.40746	0.71919
0.43386	0.70319
0.42499	0.71909
0.5777	0.72055
0.42767	0.70585
0.36785	0.63007
0.4551	0.7819
0.27132	0.73597
0.63132	0.63864
0.33039	0.73022
0.39445	0.72408
0.44786	0.72428
0.43626	0.66733
0.27548	0.59884
0.38108	0.69405
0.38578	0.72707
0.32671	0.68408
0.32579	0.69451
0.39703	0.68858
0.6066	0.73742
0.36759	0.60457
0.34449	0.69622
0.48157	0.63378
0.5618	0.66888
0.34314	0.69642
0.59949	0.72114
0.45977	0.74126
0.29043	0.69775
0.39219	0.68238
0.48047	0.62516
0.63333	0.70944
0.46023	0.62292
0.53351	0.72969
0.49345	0.66403
0.39508	0.69559
0.41239	0.80109
0.28484	0.68416
0.61498	0.77321
0.44425	0.70411
0.54389	0.68386
0.50138	0.72368
0.38488	0.76273
0.46987	0.7567
0.52145	0.72863
0.41641	0.65143
0.36091	0.69681
0.49167	0.68985
0.44223	0.67519
0.47012	0.67071
0.37665	0.71537
0.38367	0.76055
0.58888	0.68317
0.47723	0.72913
0.4108	0.64132
0.47963	0.67745
0.40642	0.66642
0.45034	0.67265
0.45381	0.79554
0.45531	0.67815
0.46969	0.69358
0.346	0.78064
0.38806	0.7197
0.39953	0.68779
0.44336	0.66621
0.55984	0.62652
0.65548	0.72512
0.29136	0.73031
0.51297	0.77103
0.35851	0.83967
0.47455	0.75427
0.40597	0.67519
0.32932	0.60324
0.29938	0.63914
0.45552	0.68676
0.41413	0.77337
0.44922	0.71436
0.43518	0.85392
0.4595	0.68891
0.43908	0.76389
0.47472	0.73756
0.38786	0.65496
0.57222	0.6923
0.40345	0.7202
0.36834	0.63634
0.42352	0.70295
0.39315	0.70162
0.33002	0.63681
0.39087	0.58551
0.37975	0.59823
0.47041	0.62362
0.33813	0.65623
0.33614	0.68042
0.35645	0.64792
0.40072	0.76362
0.59444	0.72846
0.53258	0.67754
0.37941	0.67603
0.50969	0.81823
0.55954	0.82493
0.68194	0.75636
0.31107	0.71001
0.43541	0.70541
0.33633	0.69533
0.42162	0.70887
0.27904	0.63646
0.46953	0.77924
0.41738	0.75082
0.44804	0.72972
0.35363	0.76742
0.45349	0.71453
0.37523	0.63482
0.44041	0.69109
0.42098	0.73015
0.33404	0.69543
0.57367	0.70303
0.3579	0.75169
0.46074	0.76939
0.39455	0.68067
0.60154	0.79171
0.41056	0.59188
0.46758	0.72258
0.34326	0.7206
0.51479	0.73409
0.53151	0.68296
0.38488	0.65697
0.33518	0.61448
0.41343	0.68673
0.4421	0.71765
0.40765	0.71007
0.47932	0.66294
0.53404	0.72906
0.42676	0.69141
0.35015	0.58962
0.51176	0.59363
0.36088	0.79135
0.45689	0.7876
0.3431	0.69173
0.37498	0.65637
0.37877	0.66383
0.4586	0.8091
0.50483	0.62089
0.39369	0.58507
0.30755	0.72821
0.45944	0.63057
0.53419	0.72315
0.39184	0.73733
0.69474	0.69914
0.46861	0.69107
0.20701	0.56338
0.36453	0.68995
0.39101	0.71274
0.29618	0.66272
0.30932	0.59199
0.45522	0.7019
0.41108	0.69597
0.5902	0.62567
0.36562	0.68004
0.41386	0.7947
0.38242	0.66164
0.41362	0.69323
0.42743	0.78206
0.39934	0.70841
0.5184	0.66275
0.47296	0.61508
0.44147	0.69665
0.46838	0.67894
0.3916	0.73449
0.65435	0.72588
0.46434	0.74349
0.41524	0.66645
0.33645	0.78062
0.53736	0.77753
0.46018	0.72077
0.36408	0.72707
0.48125	0.65365
0.40787	0.69798
0.43401	0.71449
0.50306	0.72347
0.46453	0.7707
0.50424	0.71845
0.26872	0.69043
0.42903	0.75854
0.71307	0.6983
0.52305	0.70299
0.39314	0.68715
0.36364	0.66611
0.4147	0.6298
0.4755	0.69272
0.40333	0.77374
0.42988	0.73227
0.45642	0.72773
0.46813	0.71548
0.48711	0.69334
0.53971	0.74136
0.49608	0.76932
0.87386	0.70696
0.36861	0.6281
0.41878	0.76321
0.42456	0.6983
0.36462	0.69748
0.37879	0.6749
0.46805	0.72955
0.60038	0.58753
0.44215	0.75752
0.45953	0.66705
0.31831	0.54107
0.31271	0.60289
0.36849	0.69197
0.38361	0.71817
0.37768	0.68717
0.49523	0.72143
0.53063	0.75802
0.35085	0.72917
0.45086	0.5908
0.48874	0.68259
0.37309	0.72807
0.36558	0.58506
0.44875	0.62716
0.30962	0.58585
0.69731	0.78141
0.26978	0.73669
0.33291	0.69463
0.36074	0.70802
0.2683	0.72901
0.44319	0.66947
0.41509	0.61353
0.39019	0.69196
0.50174	0.79955
0.37223	0.81147
0.34235	0.7166
0.33801	0.60872
0.36139	0.75086
0.54138	0.67098
0.49421	0.76023
0.39815	0.73026
0.40573	0.74503
0.43835	0.69173
0.56836	0.64105
0.70538	0.73296
0.49978	0.69412
0.46304	0.66964
0.42729	0.72051
0.42523	0.70729
0.37232	0.76088
0.43977	0.6447
0.35603	0.80454
0.51962	0.66828
0.26663	0.76256
0.42582	0.7351
0.43851	0.64317
0.40983	0.76217
0.48841	0.76547
0.23685	0.65601
0.49465	0.79874
0.68372	0.78855
0.51342	0.67139
0.34432	0.67487
0.46945	0.70109
0.38546	0.73539
0.60884	0.71807
0.68525	0.70207
0.37283	0.81407
0.48646	0.7859
0.44477	0.72818
0.44966	0.66023
0.41479	0.66795
0.30377	0.73416
0.70584	0.76141
0.45433	0.71866
0.40825	0.69491
0.43127	0.64649
0.42824	0.75728
0.41248	0.56322
0.53483	0.76344
0.44361	0.78128
0.46713	0.73276
0.31617	0.72538
0.40684	0.75209
0.50744	0.71471
0.3183	0.66181
0.43922	0.62064
0.55226	0.77021
0.40306	0.78977
0.43266	0.82866
0.44908	0.76763
0.5193	0.6874
0.25707	0.59281
0.46559	0.61188
0.45987	0.66993
0.41513	0.73416
0.20713	0.62668
0.39429	0.62342
0.65624	0.73586
0.51889	0.62495
0.45834	0.74497
0.35988	0.80516
0.38824	0.73505
0.46122	0.68127
0.40205	0.70964
0.40674	0.67452
0.38703	0.7256
0.43301	0.69873
0.29443	0.66367
0.43473	0.64214
0.27076	0.69737
0.40808	0.62707
0.45	0.71681
0.32411	0.68739
0.33469	0.5886
0.42258	0.67976
0.34213	0.70714
0.44785	0.7044
0.35228	0.72103
0.32687	0.60581
0.39515	0.76401
0.44799	0.7479
0.5596	0.71984
0.58623	0.68588
0.56163	0.54902
0.47885	0.63431
0.4487	0.69589
0.41191	0.66864
0.41898	0.71673
0.38725	0.66748
0.53209	0.70154
0.40337	0.70444
0.42028	0.71192
0.36269	0.70036
0.51307	0.62589
0.48212	0.62473
0.47819	0.80682
0.39576	0.65392
0.2754	0.56602
0.5036	0.70829
0.38492	0.7141
0.40219	0.72234
0.48195	0.7326
0.4638	0.66421
0.40369	0.66804
0.52436	0.65559
0.25099	0.63978
0.47885	0.63236
0.49328	0.73339
0.52517	0.70148
0.50417	0.72539
0.41234	0.55256
0.40193	0.68176
0.42935	0.64272
0.43195	0.74096
0.29149	0.70141
0.4919	0.71532
0.39633	0.68818
0.34549	0.7301
0.4388	0.61867
0.32902	0.63167
0.71905	0.64709
0.49603	0.69887
0.41574	0.6761
0.75098	0.78268
0.46423	0.66235
0.46184	0.61829
0.49038	0.73717
0.39666	0.69097
0.48951	0.80741
0.49147	0.73034
0.39399	0.65244
0.39553	0.73705
0.50987	0.72655
0.48466	0.64472
0.23808	0.5993
0.38856	0.59971
0.31546	0.70866
0.27699	0.71071
0.33296	0.64352
0.50986	0.73332
0.5685	0.75249
0.42169	0.66722
0.29403	0.77201
0.41652	0.69644
0.53155	0.69269
0.38473	0.71334
0.41693	0.80092
0.37565	0.66808
0.37687	0.81081
0.38195	0.60087
0.4305	0.72214
0.50002	0.73324
0.46058	0.71717
0.43376	0.67339
0.43779	0.64972
0.39626	0.70058
0.54288	0.80311
0.38133	0.74008
0.50282	0.66292
0.36369	0.82057
0.5239	0.66854
0.33447	0.6706
0.56198	0.62664
0.38383	0.69321
0.34564	0.7185
0.44733	0.68086
0.39706	0.67938
0.30178	0.54188
0.36833	0.70226
0.34725	0.71759
0.40191	0.73411
0.3606	0.57532
0.45608	0.70845
0.46832	0.72975
0.33662	0.78933
0.50286	0.67986
0.28482	0.70088
0.46484	0.73693
0.38676	0.72416
0.52619	0.73751
0.41649	0.69665
0.53447	0.64583
0.48356	0.69059
0.47893	0.69794
0.39397	0.72699
0.50583	0.71201
0.13717	0.59499
0.33731	0.74739
0.48375	0.6393
0.45341	0.71301
0.3289	0.75331
0.55296	0.67729
0.30562	0.64993
0.45101	0.68975
0.455	0.65916
0.43758	0.73159
0.34113	0.59724
0.31505	0.74272
0.46823	0.7673
0.35819	0.72137
0.51632	0.68986
0.46148	0.69121
0.50482	0.75023
0.40912	0.69318
0.1463	0.50132
0.49798	0.76033
0.4245	0.68357
0.46718	0.78567
0.50672	0.72663
0.34928	0.77025
0.36122	0.67433
0.5231	0.70328
0.20375	0.6229
0.48317	0.72937
0.31639	0.72947
0.36728	0.70419
0.32431	0.60866
0.45748	0.77096
0.37881	0.62569
0.62923	0.66797
0.5004	0.59519
0.43782	0.62807
0.44138	0.63239
0.46339	0.7129
0.34038	0.63901
0.49831	0.65293
0.40712	0.69902
0.72527	0.72727
0.41578	0.6734
0.34781	0.69492
0.40921	0.69348
0.51654	0.70362
0.48184	0.76478
0.46684	0.70687
0.46244	0.66273
0.48024	0.66414
0.3778	0.65352
0.5611	0.69029
0.52333	0.64254
0.39698	0.68742
0.3653	0.61392
0.28291	0.64922
0.46156	0.80799
0.28896	0.72899
0.34162	0.77421
0.43866	0.69693
0.34325	0.82745
0.31795	0.60741
0.49933	0.62464
0.46438	0.7924
0.51335	0.71297
0.3728	0.72062
0.46295	0.73825
0.40952	0.59447
0.46047	0.69902
0.52588	0.8096
0.58954	0.67024
0.44086	0.72501
0.39758	0.6743
0.33923	0.74121
0.33568	0.70615
0.32888	0.77025
0.36015	0.7049
0.45772	0.71962
0.38827	0.729
0.43525	0.72594
0.40486	0.66939
0.48184	0.68109
0.33879	0.72142
0.50993	0.66928
0.3588	0.80078
0.3218	0.68413
0.56698	0.71597
0.37737	0.76413
0.45865	0.63683
0.46665	0.68861
0.3937	0.76186
0.21938	0.65278
0.5219	0.86597
0.81937	0.82106
0.45154	0.69704
0.30369	0.81381
0.35217	0.64847
0.33504	0.62635
0.62897	0.65363
0.42953	0.60876
0.49517	0.84264
0.29745	0.61842
0.25028	0.65228
0.42543	0.69105
0.3859	0.70302
0.37287	0.6872
0.58688	0.69096
0.51914	0.69345
0.40306	0.73619
0.493	0.74662
0.41121	0.67249
0.52112	0.66955
0.44139	0.73091
0.34248	0.6604
0.39892	0.68959
0.50916	0.66899
0.41091	0.69574
0.4407	0.72495
0.32738	0.68012
0.53686	0.77093
0.46274	0.6636
0.25384	0.63569
0.41691	0.69956
0.52471	0.76334
0.39763	0.70733
0.38816	0.6734
0.52545	0.7016
0.37303	0.72526
0.39225	0.68652
0.34686	0.60313
0.44945	0.61229
0.37108	0.61069
0.47821	0.75743
0.38262	0.6345
0.43257	0.71941
0.54556	0.69719
0.30862	0.6854
0.36973	0.66578
0.2443	0.62497
0.41368	0.70283
0.44803	0.70637
0.36534	0.54951
0.41018	0.70263
0.27649	0.67114
0.48276	0.71882
0.49708	0.71991
0.42881	0.72242
0.45348	0.61269
0.42255	0.66397
0.53648	0.80623
0.48585	0.71682
0.44278	0.57653
0.33312	0.76328
0.36497	0.65819
0.38568	0.70043
0.55744	0.66392
0.48052	0.67975
0.44832	0.63504
0.4883	0.58395
0.45947	0.66916
0.34344	0.71083
0.47575	0.72321
0.39797	0.68497
0.38951	0.67724
0.29364	0.68458
0.54899	0.70448
0.46566	0.69631
0.47442	0.7029
0.47691	0.7456
0.53897	0.81642
0.45783	0.69759
0.43123	0.70604
0.35384	0.65959
0.27942	0.69456
0.43066	0.72271
0.38351	0.69795
0.35104	0.65681
0.4054	0.76681
0.28133	0.68126
0.40642	0.61859
0.33546	0.66636
0.40244	0.68666
0.37746	0.7286
0.4617	0.62641
0.35926	0.72211
0.42563	0.67483
0.36187	0.67549
0.42148	0.7987
0.50835	0.64795
0.58779	0.79328
0.27553	0.67086
0.46452	0.75937
0.45515	0.63793
0.26241	0.77296
0.3569	0.65773
0.33655	0.67824
0.50313	0.75245
0.60767	0.62431
0.35574	0.64703
0.50041	0.66784
0.40665	0.71492
0.48358	0.69016
0.55694	0.66113
0.41053	0.68276
0.42275	0.66453
0.22985	0.63944
0.48156	0.77319
0.47361	0.68738
0.51941	0.6545
0.36034	0.62624
0.50778	0.75403
0.29941	0.70068
0.31435	0.74659
0.59084	0.85402
0.32138	0.6881
0.3477	0.78286
0.45731	0.67398
0.39729	0.56158
0.4069	0.61714
0.40903	0.7064
0.45756	0.82404
0.41923	0.7085
0.51995	0.69458
0.52361	0.68911
0.5256	0.68591
0.42889	0.61616
0.47162	0.66257
0.44585	0.72567
0.43386	0.71883
0.39651	0.65045
0.35262	0.64285
0.35313	0.73261
0.43242	0.80458
0.40606	0.61826
0.36109	0.57457
0.39381	0.65683
0.44495	0.69493
0.49094	0.72289
0.36586	0.71945
0.39742	0.67101
0.45057	0.71195
0.35327	0.74944
0.39267	0.71381
0.40127	0.58954
0.4693	0.69652
0.39067	0.76621
0.40532	0.73834
0.34455	0.81435
0.3824	0.61496
0.46152	0.70476
0.3989	0.53398
0.36448	0.76551
0.39907	0.67633
0.55869	0.62501
0.62026	0.66691
0.41251	0.71065
0.37493	0.66785
0.31881	0.7433
0.4115	0.6056
0.32158	0.68429
0.39896	0.63762
0.41691	0.7005
0.32364	0.46952
0.51453	0.78177
0.5454	0.71875
0.56759	0.61746
0.37652	0.73942
0.38956	0.68804
0.43603	0.67967
0.46467	0.65762
0.48639	0.73102
0.34925	0.65923
0.3844	0.68836
0.22016	0.71783
0.53575	0.63094
0.51673	0.62655
0.49444	0.7045
0.48686	0.60338
0.40815	0.68649
0.36116	0.6756
0.34511	0.71857
0.421	0.65298
0.45328	0.71244
0.53734	0.74273
0.52311	0.70295
0.32923	0.67232
0.47757	0.68398
0.31858	0.81876
0.42041	0.68106
0.44909	0.78309
0.43332	0.77196
0.44794	0.56847
0.37605	0.73117
0.43022	0.75124
0.4711	0.68363
0.49431	0.66581
0.41503	0.71929
0.562	0.742
0.4168	0.68922
0.32725	0.71641
0.51053	0.70404
0.46551	0.6336
0.40412	0.67953
0.3055	0.74857
0.47516	0.80433
0.34966	0.70428
0.34425	0.53401
0.60245	0.86173
0.28096	0.64681
0.49346	0.70034
0.42553	0.65186
0.44422	0.83265
0.37334	0.69183
0.5073	0.68274
0.40119	0.8485
0.48789	0.72782
0.42382	0.68598
0.34909	0.70968
0.40757	0.65707
0.36227	0.63529
0.39779	0.79833
0.45779	0.82955
0.55865	0.80102
0.40469	0.67317
0.14866	0.62611
0.28369	0.67973
0.14399	0.54733
0.41572	0.61278
0.43369	0.75632
0.53285	0.57873
0.40873	0.68716
0.37176	0.67028
0.34944	0.72278
0.40751	0.74742
0.49597	0.70072
0.36613	0.62159
0.48156	0.70017
0.56923	0.76769
0.4772	0.63735
0.46572	0.67751
0.41302	0.71243
0.45276	0.68513
0.44714	0.73392
0.38029	0.728
0.40928	0.62348
0.56856	0.59517
0.39459	0.71651
0.38124	0.75714
0.66672	0.65355
0.4087	0.76566
0.49186	0.61854
0.39974	0.76136
0.46441	0.63845
0.36946	0.78923
0.42426	0.72264
0.45213	0.6982
0.41173	0.74556
0.48885	0.70669
0.3476	0.70876
0.43753	0.63898
0.35114	0.62844
0.42926	0.71798
0.46311	0.76182
0.23231	0.5498
0.41469	0.71594
0.38075	0.70446
0.54439	0.69818
0.55326	0.62115
0.46956	0.65502
0.32127	0.73903
0.43527	0.77647
0.50162	0.67101
0.50544	0.7071
0.30095	0.69233
0.47913	0.69584
0.39182	0.6406
0.79601	0.74485
0.54893	0.75163
0.39519	0.79026
0.32454	0.59483
0.42042	0.78261
0.37471	0.68544
0.31168	0.72448
0.4601	0.67971
0.40957	0.70607
0.41756	0.64577
0.37687	0.71857
0.37379	0.68022
0.10875	0.54294
0.54748	0.61056
0.55357	0.54014
0.34027	0.71974
0.42218	0.69954
0.52625	0.7761
0.50253	0.62585
0.38216	0.69434
0.38292	0.71143
0.62617	0.79136
0.47377	0.67816
0.48082	0.75252
0.50848	0.70242
0.43844	0.74537
0.66107	0.65496
0.44228	0.66504
0.48926	0.72009
0.55035	0.68393
0.40462	0.72958
0.34763	0.6329
0.39568	0.53629
0.25643	0.40639
0.1876	0.73352
0.4855	0.6978
0.25291	0.66244
0.48912	0.73789
0.31075	0.63576
0.39281	0.79089
0.57551	0.73359
0.31633	0.6644
0.60235	0.8172
0.52449	0.69027
0.52261	0.66633
0.27147	0.75045
0.44457	0.72151
0.36395	0.72186
0.57798	0.71519
0.4306	0.74936
0.37851	0.74705
0.45059	0.75869
0.55338	0.81873
0.38688	0.66717
0.47727	0.61109
0.31843	0.64447
0.6609	0.79065
0.47872	0.7927
0.30408	0.65997
0.25162	0.6623
0.53117	0.75738
0.34361	0.69879
0.47488	0.7
0.56779	0.82949
0.43637	0.70481
0.69214	0.71845
0.52324	0.70991
0.35287	0.71108
0.50656	0.69222
0.51397	0.70377
0.28298	0.65081
0.36376	0.73531
0.49413	0.67817
0.37796	0.73756
0.3156	0.67928
0.5278	0.81328
0.44744	0.76333
0.27476	0.71673
0.28488	0.69422
0.41103	0.70448
0.40484	0.73142
0.49167	0.70877
0.4639	0.68371
0.32115	0.63505
0.4869	0.76021
0.47175	0.768
0.38736	0.71711
0.43122	0.7162
0.41022	0.62115
0.34434	0.73669
0.31485	0.73912
0.42596	0.78074
0.49867	0.58574
0.51019	0.70923
0.37111	0.67292
0.34336	0.67316
0.9029	0.81243
0.52148	0.68455
0.35477	0.71662
0.1943	0.61124
0.39971	0.72496
0.44129	0.70813
0.56773	0.55477
0.43438	0.70523
0.33297	0.72522
0.28964	0.63569
0.63973	0.84718
0.31954	0.68807
0.44589	0.75816
0.30955	0.80504
0.442	0.68671
0.35142	0.67213
0.48408	0.72855
0.42961	0.77687
0.48816	0.6844
0.47472	0.62323
0.37529	0.69261
0.45072	0.83956
0.47921	0.8767
0.26505	0.71152
0.47954	0.68532
0.46568	0.72175
0.41199	0.7361
0.30574	0.7183
0.33291	0.73209
0.50229	0.66574
0.56187	0.69007
0.47902	0.73208
0.5989	0.71356
0.41513	0.68404
0.49923	0.74451
0.40036	0.72007
0.26462	0.64751
0.54209	0.67628
0.42869	0.69986
0.49072	0.77685
0.46791	0.68711
0.4987	0.71911
0.51457	0.69221
0.45772	0.76219
0.33702	0.61649
0.55713	0.68268
0.4114	0.7006
0.26769	0.57704
0.47761	0.66764
0.30506	0.73528
0.48245	0.85432
0.39851	0.67945
0.5206	0.7207
0.31656	0.5852
0.36901	0.70035
0.44412	0.8019
0.37369	0.70409
0.44208	0.69664
0.50488	0.69165
0.52377	0.76698
0.56393	0.75997
0.33738	0.80534
0.53199	0.66189
0.73083	0.69531
0.44437	0.7722
0.45269	0.70449
0.40756	0.64557
0.36007	0.75908
0.46582	0.67116
0.32838	0.6666
0.58267	0.62476
0.39884	0.67002
0.3524	0.75002
0.62175	0.64937
0.27519	0.65183
0.43304	0.71122
0.52453	0.69171
0.46916	0.67485
0.42381	0.7463
0.36437	0.71101
0.37278	0.67294
0.4417	0.76808
0.47581	0.56766
0.43759	0.71027
0.56301	0.6707
0.77211	0.76064
0.49436	0.64986
0.48303	0.72465
0.40406	0.65785
0.42149	0.77943
0.39129	0.68226
0.40037	0.67089
0.34303	0.67569
0.39954	0.67258
0.39389	0.71611
0.30374	0.67942
0.38565	0.74892
0.45299	0.62166
0.31162	0.70553
0.44587	0.69853
0.48618	0.88912
0.39944	0.64487
0.40667	0.80803
0.534	0.77566
0.37993	0.64059
0.36588	0.7219
0.37208	0.67958
0.51654	0.61553
0.3155	0.68406
0.34775	0.67632
0.35634	0.7327
0.3736	0.66109
0.47967	0.64527
0.39965	0.66016
0.49148	0.73547
0.53249	0.622
0.5689	0.69952
0.52934	0.6942
0.48965	0.70986
0.41463	0.62702
0.37851	0.58713
0.4527	0.6912
0.61118	0.66526
0.3563	0.764
0.35762	0.61592
0.60737	0.77844
0.44118	0.6691
0.47877	0.70558
0.42995	0.73406
0.44051	0.81514
0.41028	0.72285
0.39766	0.67013
0.25067	0.67636
0.4498	0.67324
0.73454	0.76809
0.40313	0.73423
0.44791	0.61317
0.35307	0.51108
0.37139	0.68185
0.42627	0.67795
0.38933	0.64437
0.4614	0.70775
0.55507	0.67487
0.48081	0.74969
0.41586	0.70852
0.21826	0.63938
0.43033	0.64423
0.46687	0.63455
0.54578	0.63149
0.35503	0.70067
0.36984	0.74796
0.47464	0.64869
0.45955	0.69508
0.51455	0.69344
0.38308	0.60081
0.48628	0.6509
0.4379	0.77443
0.66801	0.73174
0.54288	0.66636
0.44637	0.74411
0.38333	0.61017
0.53187	0.73815
0.38985	0.73946
0.46932	0.69411
0.55962	0.65395
0.38136	0.81168
0.18972	0.63787
0.3445	0.6165
0.36085	0.66012
0.48747	0.77069
0.73993	0.77462
0.23398	0.82052
0.49126	0.68738
0.48686	0.6839
0.40434	0.68193
0.59838	0.92663
0.4423	0.71454
0.43354	0.73161
0.52698	0.7406
0.30497	0.60134
0.36892	0.68669
0.41639	0.71765
0.41652	0.73537
0.41143	0.69389
0.12467	0.58854
0.41923	0.78877
0.43854	0.74077
0.38342	0.722
0.54451	0.7056
0.35974	0.68996
0.46833	0.72245
0.5811	0.77917
0.36636	0.69759
0.42421	0.72213
0.40325	0.73125
0.15879	0.66595
0.49038	0.73834
0.36479	0.70591
0.46085	0.68386
0.49629	0.73695
0.30925	0.71829
0.57408	0.65847
0.40502	0.70773
0.36292	0.59187
0.48012	0.64379
0.56909	0.83347
0.35001	0.61561
0.40776	0.66815
0.44835	0.70514
0.30146	0.71225
0.43628	0.72563
0.43238	0.66604
0.37829	0.69388
0.45558	0.71542
0.53135	0.79487
0.76854	0.73504
0.4698	0.65529
0.42569	0.58581
0.4362	0.69802
0.45778	0.63606
0.49851	0.694
0.54679	0.6896
0.5535	0.85661
0.70375	0.82747
0.46904	0.70418
0.64168	0.74493
0.28849	0.71403
0.48596	0.69325
0.4341	0.87696
0.54501	0.74633
0.46884	0.72738
0.33099	0.75234
0.44148	0.69354
0.51374	0.65275
0.508	0.6858
0.43809	0.79215
0.41868	0.69154
0.51497	0.70965
0.45611	0.72567
0.41764	0.73881
0.4857	0.72257
0.28475	0.70862
0.24008	0.73857
0.4706	0.61965
0.4482	0.78519
0.46738	0.67878
0.30385	0.70924
0.32426	0.72285
0.44719	0.6808
0.43618	0.76362
0.72208	0.82885
0.52609	0.63583
0.38341	0.69902
0.50658	0.71297
0.35662	0.66351
0.4653	0.73707
0.38316	0.73795
0.48688	0.66816
0.38657	0.70383
0.31424	0.74242
0.35711	0.67218
0.45965	0.68365
0.49563	0.85036
0.45407	0.70945
0.30908	0.64918
0.33099	0.6109
0.6064	0.70584
0.32937	0.74191
0.26588	0.62995
0.31528	0.73517
0.36415	0.71898
0.33734	0.62812
0.32919	0.75803
0.38267	0.72054
0.35848	0.78704
0.41955	0.71554
0.2781	0.62119
0.51972	0.59919
0.33724	0.69949
0.46115	0.72393
0.30241	0.61836
0.47444	0.70547
0.34471	0.73605
0.39378	0.70207
0.49032	0.69904
0.41308	0.75222
0.46403	0.7253
0.37883	0.6893
0.45813	0.66831
0.42892	0.7615
0.26265	0.66465
0.56944	0.61723
0.38637	0.73004
0.42759	0.75606
0.44344	0.6731
0.566	0.69491
0.74179	0.7374
0.45397	0.83271
0.46648	0.67661
0.35073	0.82197
0.41427	0.6376
0.21779	0.56787
0.46135	0.76954
0.38329	0.66171
0.26633	0.6492
0.37855	0.72614
0.46088	0.61012
0.30174	0.76597
0.42456	0.68457
0.61507	0.67665
0.40254	0.73184
0.41942	0.72897
0.31844	0.64534
0.57499	0.77409
0.44433	0.69802
0.29622	0.59961
0.3807	0.67755
0.27993	0.59492
0.3213	0.63844
0.51377	0.68508
0.37109	0.67687
0.32268	0.70517
0.3438	0.68733
0.41856	0.59041
0.60539	0.60764
0.34288	0.60457
0.42374	0.83032
0.29697	0.69736
0.52087	0.72027
0.4176	0.7165
0.4062	0.73761
0.4845	0.77844
0.35103	0.65602
0.35474	0.64468
0.49066	0.7192
0.51417	0.76347
0.37987	0.6976
0.43941	0.70454
0.49978	0.70452
0.45993	0.67293
0.42808	0.70706
0.67234	0.75303
0.48587	0.85756
0.52464	0.64437
0.41359	0.71367
0.5635	0.66796
0.50393	0.71657
0.5546	0.66492
0.46495	0.77128
0.45579	0.81188
0.48263	0.7174
0.41001	0.69227
0.43856	0.74273
0.29722	0.67701
0.41391	0.66991
0.50195	0.87056
0.34104	0.70142
0.27821	0.61096
0.38373	0.82122
0.4356	0.67377
0.42678	0.68494
0.56886	0.71731
0.42838	0.65467
0.51231	0.6223
0.43884	0.58901
0.2119	0.58773
0.59077	0.70988
0.47011	0.75982
0.54911	0.66015
0.43022	0.66607
0.26046	0.67575
0.39076	0.70127
0.44471	0.65887
0.4944	0.67073
0.30981	0.57083
0.37945	0.66316
0.54286	0.77833
0.58929	0.73353
0.3514	0.63681
0.4822	0.64635
0.4038	0.71361
0.47508	0.66346
0.41591	0.64289
0.41705	0.68245
0.43556	0.7177
0.44432	0.7992
0.28945	0.7025
0.37573	0.67997
0.40281	0.53372
0.55516	0.79431
0.38423	0.8653
0.28973	0.51948
0.38354	0.77504
0.39955	0.65816
0.34788	0.65205
0.52594	0.67293
0.42978	0.70674
0.39531	0.7189
0.44634	0.7363
0.50772	0.7042
0.43145	0.65419
0.39839	0.73671
0.39679	0.76962
0.48795	0.63578
0.49124	0.67081
0.35999	0.59483
0.51526	0.71409
0.38673	0.71985
0.42799	0.7554
0.40726	0.67267
0.61779	0.73252
0.46079	0.68284
0.46581	0.66871
0.50346	0.61841
0.39172	0.76195
0.26113	0.56453
0.39269	0.73214
0.50686	0.82801
0.55708	0.62062
0.30852	0.62226
0.44442	0.62472
0.41522	0.70909
0.41054	0.62315
0.4748	0.68081
0.33202	0.67124
0.31055	0.585
0.28309	0.68585
0.35621	0.65187
0.51447	0.67811
0.52141	0.70302
0.76435	0.77629
0.19637	0.70582
0.57255	0.75354
0.48158	0.66876
0.35788	0.74252
0.68365	0.79194
0.45842	0.68493
0.30118	0.60993
0.44508	0.73707
0.49157	0.66271
0.57572	0.65955
0.43128	0.72979
0.35993	0.65633
0.31012	0.56404
0.49761	0.73572
0.61895	0.73467
0.41383	0.65661
0.28216	0.54584
0.34877	0.80059
0.4062	0.6956
0.33378	0.69501
0.38776	0.68062
0.34673	0.71353
0.58538	0.72276
0.40001	0.68604
0.51405	0.63162
0.38323	0.71003
0.34867	0.69331
0.44473	0.68339
0.50478	0.70705
0.43454	0.66926
0.25947	0.5659
0.51912	0.67825
0.40481	0.69414
0.47825	0.70519
0.49545	0.78389
0.38791	0.63267
0.43221	0.69391
0.46339	0.64244
0.50396	0.68707
0.33903	0.58817
0.5898	0.80393
0.51835	0.79059
0.69404	0.71393
0.54257	0.69119
0.49039	0.75141
0.48196	0.73913
0.42464	0.72361
0.27227	0.6297
0.30597	0.63403
0.33875	0.71148
0.64461	0.72352
0.54914	0.65979
0.32263	0.63826
0.32702	0.58652
0.4407	0.68857
0.50259	0.70678
0.41975	0.72439
0.55056	0.6918
0.24272	0.60715
0.49074	0.6895
0.53718	0.68444
0.54834	0.72379
0.40073	0.71141
0.42959	0.79428
0.44029	0.72611
0.33977	0.73834
0.37252	0.69874
0.43486	0.7006
0.43702	0.64532
0.33622	0.74091
0.46311	0.73749
0.38113	0.72707
0.42525	0.67953
0.35505	0.67346
0.23981	0.57025
0.45923	0.72243
0.43384	0.64524
0.46864	0.73924
0.31986	0.73911
0.36566	0.70472
0.36894	0.63792
0.56954	0.73365
0.5073	0.72476
0.36037	0.71812
0.36746	0.61959
0.39283	0.70943
0.37479	0.71361
0.41842	0.64804
0.39819	0.68706
0.47271	0.72283
0.44555	0.69082
0.42137	0.58164
0.3836	0.68546
0.4519	0.67138
0.55166	0.70812
0.46384	0.70646
0.92554	0.84579
0.4509	0.67713
0.36395	0.71647
0.36794	0.65976
0.37992	0.71352
0.5005	0.70625
0.38721	0.81851
0.42655	0.69889
0.39535	0.69523
0.3699	0.73284
0.45962	0.74107
0.55529	0.73105
0.47362	0.70931
0.45242	0.6613
0.45226	0.7645
0.70111	0.59832
0.41372	0.83637
0.53971	0.67318
0.53889	0.59234
0.46539	0.69606
0.43076	0.60855
0.37411	0.81072
0.5425	0.73234
0.50974	0.69792
0.43975	0.68105
0.50619	0.70019
0.44933	0.69355
0.44678	0.71861
0.18705	0.59375
0.37761	0.74285
0.40163	0.72611
0.42189	0.74952
0.43668	0.70081
0.36799	0.69181
0.50433	0.69724
0.56978	0.63043
0.58862	0.71553
0.32001	0.64728
0.42748	0.72451
0.73063	0.69655
0.38549	0.67799
0.35983	0.72224
0.56201	0.64453
0.36928	0.66424
0.54457	0.67788
0.27083	0.62593
0.54768	0.65648
0.50906	0.72013
0.42884	0.67771
0.19747	0.49304
0.30041	0.72871
0.41147	0.61656
0.42385	0.6785
0.2892	0.73686
0.36762	0.71908
0.46901	0.65384
0.37587	0.68209
0.38883	0.64989
0.42784	0.59148
0.33699	0.71105
0.4741	0.68711
0.59475	0.62924
0.41451	0.71524
0.44203	0.75178
0.41881	0.63544
0.35608	0.7182
0.36537	0.84372
0.44638	0.76317
0.3811	0.76136
0.42344	0.71358
0.39185	0.5664
0.42427	0.75955
0.44568	0.71596
0.40623	0.68413
0.44223	0.73769
0.4396	0.69572
0.47444	0.62485
0.39939	0.71089
0.38459	0.7064
0.45553	0.70196
0.4941	0.50808
0.66347	0.70568
0.36322	0.6774
0.55264	0.72007
0.49537	0.7169
0.39213	0.65104
0.40855	0.59529
0.21342	0.52955
0.39161	0.80577
0.43882	0.7584
0.43471	0.68651
0.42993	0.73313
0.44422	0.61396
0.44416	0.67731
0.41065	0.66025
0.31658	0.67709
0.4385	0.67176
0.40223	0.70687
0.49732	0.70652
0.46568	0.70889
0.39389	0.67738
0.57914	0.6512
0.46424	0.67856
0.28341	0.6215
0.42648	0.67248
0.37128	0.67158
0.35093	0.57806
0.45502	0.76435
0.46785	0.59711
0.55525	0.61623
0.33083	0.74462
0.34315	0.72352
0.46064	0.6854
0.40934	0.58661
0.4772	0.73487
0.29503	0.64074
0.40879	0.70431
0.43018	0.70789
0.28149	0.56575
0.8452	0.77309
0.44276	0.63836
0.31621	0.67548
0.41939	0.78527
0.44523	0.69247
0.84498	0.80245
0.43855	0.71094
0.40386	0.7068
0.45623	0.71374
0.21761	0.5682
0.43653	0.70057
0.51395	0.74924
0.68165	0.77028
0.44728	0.6927
0.33263	0.591
0.23899	0.6763
0.51029	0.75296
0.3239	0.65202
0.2915	0.46618
0.41017	0.77945
0.45151	0.68035
0.40706	0.70921
0.4025	0.62106
0.35979	0.67576
0.28712	0.57324
0.36858	0.69146
0.44553	0.71862
0.4529	0.67248
0.2616	0.56679
0.42147	0.67163
0.35071	0.68692
0.47218	0.73882
0.38822	0.65855
0.6412	0.88044
0.4482	0.7197
0.4763	0.69778
0.7319	0.76528
0.36958	0.71316
0.83357	0.68364
0.39146	0.75076
0.47178	0.65834
0.42698	0.77903
0.58187	0.66135
0.58118	0.60614
0.33161	0.72873
0.4949	0.61632
0.46517	0.64393
0.20002	0.68127
0.41363	0.68722
0.38721	0.74625
0.36232	0.67498
0.38846	0.57084
0.59895	0.81422
0.56734	0.65908
0.30535	0.59865
0.32258	0.70638
0.49371	0.70912
0.40154	0.83617
0.39479	0.73515
0.33914	0.64856
0.39889	0.70311
0.4921	0.6457
0.4584	0.83151
0.36413	0.65713
0.43564	0.65353
0.41483	0.73055
0.47327	0.74254
0.44726	0.70452
0.40858	0.72437
0.60554	0.70285
0.22671	0.64308
0.26348	0.58161
0.34283	0.68215
0.4583	0.691
0.36189	0.70132
0.47041	0.70838
0.47997	0.70589
0.45287	0.73384
0.36169	0.67144
0.19245	0.64305
0.46161	0.71617
0.37741	0.63428
0.65886	0.74174
0.51127	0.65751
0.48315	0.59954
0.38734	0.59194
0.64156	0.66457
0.39402	0.71381
0.45446	0.8149
0.47716	0.63016
0.53159	0.73331
0.39221	0.73648
0.40193	0.80308
0.464	0.52905
0.39108	0.72285
0.34425	0.65809
0.3409	0.78369
0.39011	0.65185
0.34233	0.73508
0.42761	0.64165
0.40475	0.79044
0.42027	0.68217
0.17402	0.50778
0.45325	0.69036
0.35493	0.57266
0.53508	0.71394
0.29895	0.67987
0.38961	0.67447
0.47391	0.67057
0.4315	0.67087
0.48667	0.77075
0.36991	0.74938
0.21267	0.68614
0.41666	0.68426
0.48507	0.63218
0.66761	0.66116
0.41772	0.60156
0.37429	0.71886
0.37447	0.70609
0.70883	0.68661
0.41915	0.58264
0.38972	0.54938
0.46161	0.77239
0.40181	0.76191
0.23396	0.646
0.24494	0.80621
0.53682	0.79884
0.61958	0.67895
0.45509	0.67381
0.62943	0.70866
0.40562	0.7875
0.29341	0.6948
0.39575	0.67785
0.45463	0.69162
0.33936	0.71497
0.5629	0.70469
0.39148	0.66873
0.27533	0.651
0.33401	0.7306
0.50277	0.70829
0.18143	0.6503
0.35234	0.57253
0.36125	0.73977
0.37277	0.76922
0.48062	0.68656
0.56525	0.81977
0.41896	0.67057
0.31369	0.57539
0.46207	0.66803
0.51482	0.68031
0.43903	0.64689
0.44609	0.68742
0.58977	0.76585
0.57119	0.76578
0.619	0.62111
0.23808	0.6236
0.41157	0.72471
0.46398	0.70384
0.54557	0.65039
0.46473	0.72318
0.337	0.72355
0.24981	0.62594
0.38469	0.71578
0.47499	0.72599
0.61015	0.67938
0.40611	0.73845
0.26742	0.63154
0.39977	0.69961
0.507	0.77561
0.48942	0.76331
0.24326	0.63131
0.55425	0.64027
0.89935	0.79691
0.39391	0.69618
0.28606	0.55252
0.36579	0.66751
0.37354	0.65423
0.38652	0.71798
0.3429	0.6601
0.40777	0.67592
0.36542	0.61973
0.55946	0.72365
0.39864	0.69752
0.43103	0.76036
0.35993	0.66739
0.40405	0.6706
0.43749	0.72086
0.49687	0.71611
0.3417	0.67834
0.37629	0.69561
0.38107	0.75259
0.41065	0.71779
0.31456	0.67581
0.37321	0.66971
0.42195	0.67824
0.31931	0.70119
0.48547	0.75664
0.44436	0.68791
0.36807	0.66921
0.56952	0.86367
0.48429	0.70329
0.44996	0.66136
0.41563	0.73533
0.3111	0.69523
0.56747	0.68847
0.41742	0.7579
0.46467	0.6987
0.53486	0.62699
0.33976	0.68123
0.38643	0.59022
0.45649	0.69643
0.43971	0.66565
0.72701	0.5466
0.56503	0.74263
0.50581	0.72294
0.46285	0.73604
0.51965	0.68045
0.46769	0.63051
0.33809	0.82426
0.42581	0.63344
0.44276	0.6863
0.43256	0.8097
0.3897	0.66368
0.49917	0.66194
0.38702	0.72108
0.5942	0.74749
0.53205	0.73424
0.47232	0.73249
0.50795	0.72673
0.22219	0.6616
0.44707	0.72113
0.35595	0.76648
0.46219	0.71469
0.44123	0.59069
0.40862	0.72825
0.4356	0.75593
0.39393	0.68
0.47409	0.71265
0.63163	0.72045
0.38085	0.69245
0.40784	0.70979
0.52434	0.73951
0.30665	0.71332
0.41041	0.73897
0.46526	0.73703
0.3749	0.65937
0.45756	0.67184
0.54361	0.68062
0.53711	0.66597
0.51634	0.65633
0.45746	0.77777
0.29628	0.6742
0.42712	0.56747
0.47839	0.73336
0.49182	0.69854
0.4696	0.78743
0.57077	0.72692
0.44916	0.69413
0.45814	0.68778
0.43825	0.72798
0.4679	0.73685
0.46604	0.75145
0.51096	0.74877
0.37535	0.62618
0.11083	0.60416
0.47694	0.68606
0.42108	0.67448
0.45675	0.70303
0.31725	0.64005
0.3542	0.66182
0.71916	0.77311
0.42025	0.77588
0.3548	0.61821
0.51864	0.68506
0.40998	0.7501
0.33398	0.68179
0.4139	0.78734
0.34985	0.64428
0.43615	0.63107
0.45869	0.61454
0.37844	0.78663
0.40748	0.73643
0.57049	0.74106
0.38208	0.71577
0.45249	0.77885
0.52599	0.72593
0.30652	0.80351
0.43966	0.70807
0.4003	0.69466
0.53568	0.63878
0.24641	0.65337
0.40511	0.61392
0.6131	0.62302
0.42675	0.77615
0.51123	0.69075
0.55552	0.69543
0.35154	0.68718
0.4623	0.72755
0.40639	0.72819
0.61262	0.65039
0.36053	0.61303
0.38405	0.61836
0.49372	0.69893
0.37834	0.81126
0.39554	0.67387
0.43908	0.72647
0.40803	0.65356
0.41531	0.71699
0.25135	0.68303
0.51009	0.62221
0.52027	0.68541
0.45135	0.66161
0.57527	0.40294
0.45481	0.71166
0.35241	0.72861
0.33093	0.6009
0.46471	0.76236
0.29554	0.72042
0.38591	0.74017
0.28891	0.63068
0.45381	0.70595
0.3967	0.73006
0.42971	0.82945
0.20878	0.49753
0.29042	0.71667
0.44694	0.70385
0.45024	0.74519
0.44323	0.66446
0.36922	0.76055
0.24068	0.69219
0.56254	0.72213
0.32918	0.75063
0.52645	0.78477
0.37256	0.69734
0.37384	0.71487
0.52055	0.67788
0.46126	0.68789
0.45429	0.67046
0.38578	0.81424
0.49935	0.67598
0.46075	0.67133
0.41506	0.67247
0.6475	0.64685
0.45807	0.69493
0.43374	0.65577
0.41945	0.72044
0.32734	0.70584
0.46217	0.66895
0.46282	0.75135
0.49142	0.65214
0.37784	0.67409
0.55056	0.7048
0.54831	0.71919
0.39383	0.73332
0.49756	0.71719
0.40601	0.69611
0.37755	0.61827
0.38843	0.77311
0.45883	0.62592
0.44618	0.67967
0.39501	0.60847
0.44653	0.71401
0.48766	0.76455
0.4602	0.65951
0.4843	0.70296
0.50923	0.7194
0.32896	0.7858
0.43554	0.80772
0.44773	0.82482
0.43895	0.76
0.45866	0.84248
0.59739	0.70789
0.4753	0.63808
0.33145	0.70556
0.46469	0.70136
0.42427	0.7101
0.40879	0.67472
0.44223	0.74169
0.45947	0.61423
0.42533	0.73054
0.51989	0.70042
0.59446	0.70992
0.38077	0.70012
0.48984	0.70354
0.41043	0.74199
0.50643	0.69853
0.51569	0.74136
0.49735	0.69121
0.34431	0.74109
0.50771	0.67527
0.50156	0.61463
0.55944	0.6321
0.42915	0.76238
0.38625	0.77457
0.85891	0.80614
0.58039	0.81728
0.23167	0.67044
0.43993	0.70371
0.4439	0.70569
0.3467	0.73145
0.45079	0.69376
0.59179	0.80774
0.47275	0.74743
0.37666	0.79015
0.49813	0.62383
0.5652	0.66104
0.38823	0.79782
0.45393	0.67975
0.38192	0.72593
0.44244	0.67735
0.44691	0.73905
0.49631	0.63367
0.5326	0.72284
0.52526	0.71534
0.45824	0.82863
0.18333	0.63127
0.31617	0.70332
0.45974	0.70341
0.60274	0.70427
0.54984	0.76449
0.52214	0.6674
0.29502	0.721
0.43189	0.74398
0.29629	0.66925
0.3467	0.63556
0.42706	0.73517
0.78977	0.80428
0.34506	0.59758
0.38115	0.65519
0.37205	0.63476
0.45739	0.67528
0.38837	0.64084
0.29563	0.72505
0.43578	0.66256
0.28996	0.71766
0.46594	0.74677
0.54931	0.62316
0.41947	0.80335
0.45497	0.69889
0.45271	0.72902
0.4945	0.678
0.44093	0.69891
0.35154	0.6796
0.41419	0.71412
0.24598	0.65216
0.52766	0.66662
0.45575	0.67017
0.43216	0.6118
0.4636	0.6484
0.39579	0.69368
0.54917	0.69805
0.29398	0.71798
0.40301	0.67319
0.51347	0.73335
0.56172	0.68813
0.31847	0.69289
0.38082	0.67813
0.61219	0.7245
0.51998	0.697
0.47386	0.70039
0.41951	0.69563
0.39624	0.69363
0.37301	0.66478
0.45122	0.64958
0.46012	0.70843
0.41948	0.74799
0.45449	0.73251
0.40908	0.77176
0.62866	0.74396
0.32834	0.72466
0.45891	0.67097
0.47767	0.69301
0.47317	0.62732
0.46865	0.74285
0.3714	0.58991
0.39775	0.69751
0.58601	0.60366
0.49208	0.70829
0.42871	0.761
0.47646	0.67379
0.31765	0.47753
0.45078	0.69626
0.2875	0.55815
0.30071	0.65302
0.39433	0.69519
0.60237	0.74782
0.36189	0.69543
0.37825	0.72231
0.44969	0.70233
0.38317	0.66621
0.39783	0.62274
0.46115	0.76451
0.28741	0.68924
0.34923	0.58909
0.76005	0.83502
0.39313	0.76026
0.5102	0.74032
0.42066	0.6906
0.52468	0.67622
0.38351	0.69565
0.52126	0.73567
0.49931	0.6947
0.40722	0.73219
0.43643	0.7091
0.34325	0.66692
0.24993	0.60746
0.41588	0.70147
0.43915	0.76814
0.31154	0.63952
0.49697	0.63866
0.42896	0.71724
0.42137	0.73938
0.44779	0.68594
0.52919	0.65221
0.40488	0.71358
0.46447	0.75487
0.48256	0.71976
0.45902	0.74977
0.44168	0.71024
0.43189	0.69921
0.58287	0.67126
0.43747	0.69861
0.59711	0.74788
0.39596	0.69736
0.38887	0.66962
0.49134	0.74179
0.50456	0.58261
0.3708	0.69243
0.40009	0.67289
0.46505	0.79805
0.37182	0.68146
0.43352	0.6661
0.42705	0.79262
0.51092	0.69184
0.57913	0.70307
0.31421	0.64348
0.3893	0.70786
0.43953	0.7455
0.48087	0.63829
0.36024	0.73705
0.3226	0.72536
0.47063	0.73177
0.47355	0.74898
0.29919	0.60072
0.45328	0.71741
0.44042	0.69745
0.6335	0.71852
0.43055	0.69578
0.37002	0.68924
0.39668	0.6498
0.59714	0.74353
0.46298	0.61301
0.33484	0.70678
0.4345	0.69622
0.39777	0.68611
0.39516	0.66627
0.41356	0.756
0.47515	0.72904
0.47757	0.64502
0.36088	0.68155
0.43063	0.78131
0.45988	0.72839
0.50541	0.67139
0.538	0.63856
0.4906	0.67288
0.6053	0.81173
0.45878	0.74799
0.38967	0.65548
0.39463	0.71893
0.54292	0.66136
0.46453	0.80446
0.32634	0.71967
0.4194	0.64326
0.46069	0.73157
0.33334	0.66515
0.3507	0.69533
0.42171	0.77483
0.37637	0.69154
0.51121	0.85957
0.36546	0.79367
0.24725	0.55957
0.33297	0.66584
0.45811	0.78539
0.6248	0.6986
0.48745	0.69496
0.46835	0.80329
0.46167	0.68499
0.43854	0.69114
0.16447	0.50846
0.34005	0.69763
0.34139	0.76483
0.46999	0.6948
0.54727	0.70099
0.50943	0.74505
0.51752	0.68281
0.92978	0.80819
0.54409	0.68216
0.50959	0.72485
0.36554	0.67395
0.34664	0.72077
0.42505	0.65806
0.4644	0.72336
0.56305	0.67981
0.41608	0.70109
0.51033	0.72693
0.48394	0.60657
0.46251	0.60395
0.32849	0.6736
0.50902	0.72888
0.36763	0.68436
0.41563	0.72404
0.59764	0.8119
0.42606	0.77154
0.45938	0.75301
0.74164	0.76418
0.39759	0.71791
0.38828	0.7336
0.41941	0.73737
0.38327	0.72716
0.41947	0.69672
0.49854	0.6975
0.42882	0.63399
0.53248	0.66707
0.43223	0.69432
0.44264	0.61512
0.33376	0.76944
0.41177	0.57954
0.30917	0.60927
0.49754	0.67558
0.40591	0.64165
0.44408	0.69347
0.41419	0.75991
0.38611	0.71556
0.24614	0.81194
0.49732	0.66015
0.36032	0.70127
0.22258	0.62135
0.45785	0.76147
0.94548	0.72661
0.51081	0.75895
0.64888	0.73335
0.54848	0.80673
0.33452	0.70374
0.53123	0.68109
0.45168	0.74733
0.48812	0.65705
0.45306	0.68362
0.40543	0.66194
0.35669	0.65507
0.56766	0.82786
0.57469	0.72668
0.55108	0.66452
0.42547	0.79634
0.44071	0.69815
0.7533	0.64045
0.41577	0.74587
0.48149	0.71979
0.40132	0.71947
0.46231	0.66609
0.24485	0.72473
0.46799	0.72836
0.53541	0.6289
0.51959	0.71834
0.33886	0.71724
0.44961	0.69641
0.49242	0.63496
0.36265	0.66132
0.3484	0.74075
0.4795	0.60629
0.44217	0.68989
0.45225	0.62712
0.45903	0.70788
0.39229	0.6719
0.52057	0.725
0.42419	0.73336
0.43766	0.76983
0.35976	0.79081
0.54939	0.66771
0.47177	0.56266
0.45638	0.73398
0.62867	0.73272
0.35603	0.61553
0.49185	0.82883
0.90183	0.70281
0.44471	0.67797
0.47594	0.76342
0.40862	0.67949
0.38651	0.66797
0.61029	0.82578
0.47241	0.72536
0.32516	0.68735
0.49123	0.68263
0.36848	0.71354
0.53037	0.71254
0.32557	0.65547
0.56452	0.7438
0.31975	0.58944
0.61174	0.56627
0.36953	0.71061
0.52723	0.69979
0.63498	0.64302
0.44709	0.55097
0.40515	0.71398
0.3972	0.70753
0.47674	0.6882
0.40143	0.67268
0.34539	0.68319
0.38436	0.76316
0.46833	0.70638
0.36177	0.62354
0.25651	0.67678
0.42172	0.71344
0.39388	0.71504
0.28421	0.57721
0.45059	0.6935
0.3918	0.69395
0.45841	0.70679
0.45851	0.71392
0.55566	0.72971
0.4152	0.66364
0.37834	0.70696
0.51154	0.70651
0.43216	0.72243
0.60914	0.58466
0.42856	0.73632
0.21876	0.66029
0.52313	0.73879
0.48008	0.70133
0.41979	0.71279
0.65477	0.70668
0.48236	0.69089
0.42003	0.72127
0.58856	0.6428
0.66667	0.66745
0.67661	0.86917
0.4164	0.708
0.38178	0.67826
0.28026	0.58839
0.52158	0.79809
0.49312	0.76991
0.59143	0.68437
0.48667	0.6407
0.32707	0.71157
0.29169	0.69042
0.35005	0.72215
0.51432	0.81215
0.48025	0.69341
0.613	0.76984
0.40284	0.62963
0.28535	0.71913
0.66041	0.74934
0.43416	0.65205
0.39248	0.70965
0.43602	0.81246
0.36702	0.67532
0.43359	0.70266
0.58048	0.68283
0.28559	0.5895
0.57155	0.59236
0.456	0.69828
0.4931	0.73427
0.40124	0.70045
0.332	0.6166
0.46752	0.72148
0.33011	0.70882
0.24805	0.55894
0.52387	0.81884
0.45319	0.75754
0.37228	0.69913
0.46705	0.7563
0.39647	0.73887
0.38611	0.67936
0.39876	0.69721
0.50147	0.60737
0.4544	0.68263
0.18246	0.67352
0.37004	0.69263
0.37025	0.73947
0.40228	0.68749
0.49659	0.66007
0.41373	0.5798
0.44559	0.62935
0.63576	0.77005
0.41827	0.68321
0.43098	0.73016
0.46716	0.70191
0.43275	0.68621
0.48987	0.67754
0.48077	0.78471
0.42803	0.73381
0.49965	0.67495
0.48388	0.65007
0.39506	0.6925
0.43548	0.59441
0.42808	0.51785
0.43854	0.69515
0.34778	0.76716
0.43331	0.78193
0.72893	0.76872
0.47611	0.75279
0.46917	0.7254
0.36275	0.74714
0.39348	0.6134
0.39817	0.81134
0.48835	0.75198
0.3862	0.8115
0.48786	0.72195
0.41946	0.81715
0.41913	0.74002
0.39395	0.58442
0.4736	0.70269
0.39637	0.76868
0.48711	0.7549
0.37982	0.80965
0.50724	0.69927
0.32639	0.58026
0.44399	0.77639
0.32298	0.6219
0.35865	0.73793
0.39862	0.65059
0.42694	0.75822
0.43964	0.68102
0.19785	0.59561
0.45529	0.84911
0.364	0.81047
0.36248	0.77504
0.54592	0.70284
0.42979	0.58538
0.4541	0.67915
0.28932	0.63986
0.55784	0.68835
0.42057	0.63992
0.37454	0.7059
0.34286	0.51108
0.25843	0.71333
0.37293	0.66549
0.47425	0.76408
0.48609	0.7422
0.51201	0.75027
0.48925	0.73425
0.41435	0.71856
0.60827	0.69979
0.56158	0.64213
0.24598	0.59241
0.45505	0.66925
0.35392	0.73707
0.6292	0.66058
0.38153	0.5315
0.49133	0.76345
0.40062	0.64923
0.51807	0.71307
0.40626	0.78032
0.35157	0.68047
0.48169	0.62509
0.50526	0.63654
0.50995	0.6973
0.37724	0.68912
0.31436	0.58409
0.40957	0.80203
0.37478	0.69864
0.50182	0.79766
0.43504	0.64657
0.36132	0.69313
0.34848	0.69268
0.34393	0.70159
0.44939	0.72137
0.46539	0.65873
0.56059	0.77538
0.48859	0.68013
0.47187	0.83373
0.48084	0.85679
0.38316	0.6937
0.40378	0.66664
0.39318	0.86613
0.44899	0.65339
0.25397	0.6557
0.34557	0.65245
0.44798	0.58449
0.25718	0.681
0.44771	0.66453
0.42566	0.71553
0.47869	0.71198
0.32667	0.62909
0.44918	0.71312
0.36819	0.78808
0.37811	0.75812
0.51262	0.71526
0.35602	0.65437
0.46883	0.72545
0.66889	0.68588
0.52286	0.83239
0.47563	0.71199
0.38762	0.70529
0.48773	0.64161
0.39611	0.60265
0.44213	0.70519
0.37209	0.74783
0.47881	0.63272
0.47566	0.77577
0.37948	0.58164
0.50524	0.65932
0.32564	0.71073
0.41017	0.8258
0.25931	0.68328
0.49357	0.62448
0.39401	0.6267
0.37125	0.87174
0.534	0.64656
0.39754	0.71869
0.49858	0.67638
0.63999	0.63344
0.43898	0.80945
0.46489	0.7108
0.56658	0.64357
0.36927	0.71928
0.33866	0.63512
0.50615	0.70094
0.43506	0.76927
0.45642	0.64264
0.41095	0.74822
0.44805	0.6672
0.23406	0.5921
0.38754	0.58873
0.35344	0.70276
0.53938	0.6339
0.49993	0.72398
0.42526	0.78326
0.35137	0.76334
0.44307	0.68021
0.44926	0.74627
0.40109	0.63745
0.46651	0.66998
0.67388	0.70269
0.29821	0.62572
0.36441	0.65406
0.43844	0.66668
0.33623	0.6533
0.41312	0.72513
0.40483	0.68683
0.39342	0.72972
0.2424	0.79682
0.46418	0.68162
0.30746	0.70313
0.34656	0.69252
0.56078	0.72589
0.35845	0.67363
0.56075	0.71462
0.38852	0.72217
0.54885	0.69826
0.35878	0.71402
0.45965	0.72779
0.50923	0.711
0.42518	0.72736
0.42743	0.60404
0.46469	0.73449
0.3745	0.60737
0.57406	0.88124
0.44431	0.7788
0.44148	0.61833
0.41289	0.58339
0.33655	0.71091
0.4214	0.63248
0.36254	0.68868
0.40556	0.7018
0.38404	0.66472
0.4292	0.73087
0.51241	0.65353
0.30961	0.65894
0.58808	0.53238
0.52432	0.71264
0.39607	0.63576
0.46984	0.65208
0.65377	0.75924
0.61402	0.74682
0.37885	0.7118
0.42257	0.71022
0.3513	0.67394
0.36532	0.66498
0.26422	0.6189
0.45266	0.73765
0.46736	0.7779
0.22616	0.51515
0.51189	0.6897
0.43324	0.69524
0.49252	0.70895
0.25556	0.5606
0.42672	0.65902
0.5208	0.74708
0.31375	0.69377
0.45264	0.69958
0.41455	0.66139
0.50936	0.74368
0.32156	0.57514
0.46316	0.65401
0.61482	0.65284
0.52464	0.69545
0.48493	0.7068
0.38239	0.6731
0.47489	0.64736
0.42781	0.70185
0.43418	0.70817
0.50931	0.69795
0.46704	0.71842
0.41027	0.63582
0.40313	0.62267
0.43869	0.63576
0.49558	0.68134
0.42943	0.61749
0.72329	0.75356
0.31453	0.59765
0.33164	0.77778
0.1997	0.6762
0.316	0.71382
0.41229	0.68603
0.41586	0.67651
0.48735	0.64909
0.43315	0.63424
0.44	0.70124
0.34807	0.69834
0.46558	0.77339
0.37795	0.6749
0.34884	0.72966
0.364	0.69818
0.86019	0.74501
0.32885	0.77969
0.33895	0.67835
0.28722	0.66062
0.56186	0.73439
0.42063	0.68486
0.47872	0.67542
0.58892	0.72569
0.44377	0.70043
0.56273	0.7174
0.57089	0.65715
0.48924	0.7245
0.47864	0.61167
0.39603	0.70652
0.46802	0.71677
0.42291	0.68125
0.33112	0.66025
0.38253	0.74938
0.38422	0.7504
0.41939	0.68614
0.47446	0.76573
0.43789	0.68549
0.46802	0.77906
0.42013	0.85203
0.33492	0.67236
0.60424	0.75886
0.60551	0.65896
0.30576	0.54405
0.37315	0.68509
0.53182	0.72808
0.41631	0.71802
0.43753	0.70761
0.28354	0.79724
0.43309	0.70085
0.52795	0.65209
0.31651	0.77148
0.52421	0.714
0.43812	0.63151
0.4359	0.77903
0.39445	0.71853
0.49009	0.78265
0.41948	0.75345
0.40498	0.66531
0.41247	0.66092
0.50974	0.68497
0.48596	0.71098
0.50972	0.72815
0.27265	0.67464
0.43547	0.70532
0.35089	0.62114
0.40213	0.70244
0.34764	0.78921
0.33861	0.71094
0.38125	0.74018
0.54624	0.62742
0.39572	0.76105
0.52679	0.70121
0.57703	0.6748
0.39141	0.81489
0.2481	0.63455
0.51147	0.83592
0.46507	0.70934
0.50123	0.61876
0.91324	0.85826
0.56602	0.60283
0.41213	0.73196
0.34974	0.67904
0.38512	0.65784
0.357	0.68017
0.51335	0.66578
0.44444	0.69897
0.36676	0.59724
0.56038	0.75128
0.51427	0.75327
0.42048	0.70482
0.50779	0.80665
0.39409	0.62095
0.52475	0.65203
0.44879	0.66971
0.30109	0.57422
0.32741	0.73366
0.45533	0.70173
0.45883	0.62225
0.37481	0.68059
0.48376	0.6665
0.33949	0.70712
0.43049	0.71865
0.56649	0.72472
0.37427	0.71864
0.45663	0.68862
0.53638	0.72662
0.29269	0.53507
0.58532	0.75813
0.41532	0.70389
0.3537	0.69803
0.4393	0.68299
0.33642	0.60188
0.4258	0.65498
0.425	0.62849
0.38886	0.75268
0.41418	0.6902
0.43624	0.65563
0.48619	0.7385
0.42341	0.77841
0.4455	0.7155
0.31204	0.67554
0.4468	0.68571
0.49684	0.78808
0.41927	0.70727
0.59159	0.64722
0.33638	0.54646
0.33301	0.72885
0.41606	0.55438
0.36119	0.72986
0.55547	0.65588
0.403	0.78739
0.44451	0.7031
0.41323	0.66739
0.47409	0.68991
0.51228	0.70836
0.39269	0.75505
0.34619	0.74456
0.32462	0.6969
0.6401	0.62387
0.33603	0.61326
0.46292	0.67891
0.33073	0.76367
0.44863	0.80072
0.55665	0.67161
0.23904	0.51932
0.52259	0.71286
0.33631	0.65528
0.37125	0.7024
0.42728	0.7043
0.4037	0.77156
0.31121	0.64986
0.39424	0.70849
0.37018	0.62147
0.4459	0.87007
0.44065	0.72906
0.60961	0.79093
0.43824	0.6521
0.4029	0.72323
0.47547	0.64871
0.57101	0.70211
0.599	0.70681
0.44927	0.68036
0.40733	0.76148
0.51093	0.61785
0.37688	0.74677
0.25487	0.81072
0.4324	0.71319
0.4883	0.6922
0.39819	0.72505
0.43238	0.63954
0.24724	0.64101
0.3327	0.74391
0.43816	0.68064
0.44359	0.76816
0.49677	0.6488
0.66193	0.6596
0.46061	0.67055
0.49369	0.72687
0.43128	0.6681
0.27117	0.56023
0.4618	0.68519
0.33227	0.65135
0.53197	0.72021
0.36231	0.75101
0.45325	0.66154
0.26593	0.53152
0.48291	0.73326
0.46373	0.66938
0.38934	0.63724
0.46775	0.73622
0.4027	0.64525
0.33723	0.70339
0.45311	0.67922
0.35075	0.73554
0.25272	0.68696
0.38029	0.73373
0.45473	0.72753
0.54807	0.64258
0.41499	0.68571
0.42858	0.6332
0.46189	0.64959
0.48518	0.6329
0.35295	0.73321
0.39679	0.72514
0.45621	0.73766
0.54551	0.69271
0.28968	0.79565
0.34306	0.73342
0.36254	0.7135
0.35906	0.68891
0.47362	0.72687
0.55474	0.70874
0.45853	0.66935
0.43368	0.68906
0.40365	0.67843
0.44663	0.63928
0.28689	0.70205
0.41519	0.67272
0.53315	0.7956
0.46071	0.67466
0.30889	0.61859
0.37224	0.70828
0.48245	0.71264
0.44401	0.69289
0.42409	0.6732
0.46538	0.64197
0.39437	0.65448
0.46799	0.58478
0.41395	0.64628
0.32822	0.7407
0.45642	0.7017
0.71361	0.70183
0.45431	0.67493
0.46279	0.70433
0.43818	0.73148
0.54641	0.70308
0.49495	0.63091
0.39947	0.77023
0.33149	0.70411
0.45673	0.65721
0.50029	0.77527
0.51292	0.70782
0.62973	0.68101
0.42518	0.69776
0.39052	0.71657
0.3839	0.67711
0.32332	0.69999
0.45607	0.67383
0.28359	0.59597
0.39213	0.46465
0.43674	0.71421
0.60835	0.6656
0.44223	0.70631
0.41774	0.69171
0.51239	0.67986
0.49712	0.69707
0.47233	0.70778
0.45548	0.74682
0.56448	0.68563
0.36136	0.77404
0.42882	0.72279
0.38952	0.71927
0.42591	0.7909
0.30803	0.75307
0.44387	0.63771
0.47803	0.69383
0.44165	0.74603
0.41159	0.67642
0.54845	0.6857
0.31948	0.59474
0.69824	0.71818
0.64086	0.72654
0.56786	0.6992
0.45456	0.74027
0.45828	0.70049
0.32346	0.72098
0.41185	0.65222
0.52086	0.68437
0.38628	0.76458
0.36518	0.70328
0.55597	0.69851
0.39606	0.68128
0.34067	0.6776
0.64096	0.75086
0.50576	0.75551
0.50582	0.74556
0.48996	0.72178
0.44871	0.73719
0.63033	0.69433
0.36702	0.77172
0.41013	0.71696
0.42376	0.72126
0.3622	0.76531
0.3908	0.71395
0.54998	0.74906
0.39299	0.71305
0.56918	0.72184
0.52464	0.70982
0.35676	0.70068
0.41819	0.64045
0.58399	0.72335
0.44478	0.72997
0.49592	0.65443
0.41686	0.651
0.36386	0.71791
0.41133	0.60772
0.38568	0.69403
0.4428	0.67305
0.34221	0.80709
0.55547	0.62645
0.46747	0.69495
0.58757	0.74509
0.54481	0.68594
0.45776	0.5497
0.4894	0.60602
0.38353	0.71048
0.35573	0.6846
0.4467	0.8178
0.31658	0.60829
0.47612	0.80392
0.46912	0.7792
0.36959	0.73104
0.28566	0.66838
0.4019	0.70149
0.57962	0.72455
0.44607	0.57273
0.38344	0.67775
0.54527	0.70971
0.50638	0.67317
0.45757	0.70969
0.52774	0.6199
0.53209	0.70411
0.66946	0.81917
0.79677	0.71894
0.37736	0.64585
0.41361	0.6888
0.46176	0.77501
0.34837	0.65834
0.37821	0.71005
0.36339	0.72614
0.51935	0.71094
0.3669	0.70411
0.52488	0.64366
0.44176	0.6331
0.37458	0.70589
0.32448	0.82668
0.38073	0.67441
0.52944	0.68019
0.19637	0.69566
0.44088	0.57771
0.52568	0.71631
0.39409	0.68218
0.4569	0.68638
0.49587	0.72767
0.33748	0.70216
0.35376	0.6622
0.38246	0.77083
0.3568	0.72043
0.3971	0.78974
0.37696	0.64718
0.5833	0.64869
0.48999	0.71996
0.43336	0.74776
0.4319	0.63549
0.34831	0.57986
0.36895	0.80429
0.3668	0.76508
0.54631	0.66542
0.39553	0.68567
0.40121	0.76611
0.52747	0.78798
0.3298	0.66257
0.29916	0.64908
0.31733	0.72734
0.50617	0.64281
0.44416	0.67066
0.50104	0.69239
0.66226	0.68184
0.34176	0.71505
0.39206	0.68019
0.40259	0.68149
0.51688	0.64187
0.54825	0.72406
0.40383	0.68722
0.67211	0.66858
0.45781	0.80174
0.44371	0.63882
0.49388	0.72587
0.28012	0.61708
0.33782	0.6612
0.44163	0.60128
0.41979	0.69753
0.67753	0.70218
0.41665	0.66785
0.41821	0.62819
0.38141	0.60613
0.55037	0.62843
0.20728	0.80919
0.34632	0.68703
0.46191	0.65947
0.41069	0.69376
0.41085	0.61342
0.44674	0.60761
0.53508	0.69052
0.32274	0.60889
0.39593	0.70773
0.49686	0.73194
0.53121	0.76351
0.42225	0.68887
0.38005	0.68976
0.32284	0.64324
0.6944	0.66282
0.5119	0.65558
0.39184	0.78407
0.40769	0.72998
0.36943	0.67364
0.42756	0.71311
0.4492	0.74756
0.48049	0.67205
0.44202	0.76859
0.40719	0.64733
0.34809	0.57377
0.32651	0.70454
0.46449	0.83893
0.43326	0.74774
0.52514	0.71633
0.50724	0.67836
0.51613	0.7436
0.37672	0.63632
0.23379	0.56521
0.43389	0.66307
0.37138	0.79807
0.60285	0.64847
0.39497	0.70651
0.4438	0.69043
0.39418	0.75863
0.43047	0.70319
0.57518	0.8104
0.44412	0.79054
0.9397	0.853
0.39934	0.71345
0.40105	0.69355
0.41509	0.75601
0.39876	0.66215
0.47008	0.7199
0.4444	0.6732
0.36551	0.66476
0.44386	0.77405
0.35602	0.58981
0.45674	0.68197
0.36809	0.73253
0.41283	0.76752
0.50719	0.73177
0.41294	0.74322
0.44461	0.7532
0.3742	0.67799
0.41686	0.70051
0.43618	0.67815
0.33795	0.7061
0.48022	0.70572
0.4334	0.69102
0.3953	0.5946
0.41883	0.83001
0.21974	0.59714
0.41653	0.72103
0.35951	0.49014
0.52202	0.74121
0.41402	0.67325
0.25144	0.68128
0.33569	0.71132
0.371	0.63339
0.47817	0.64338
0.46566	0.65602
0.30373	0.56885
0.49339	0.69199
0.46598	0.71246
0.48286	0.75719
0.55112	0.67463
0.52855	0.70508
0.38194	0.73298
0.45657	0.69664
0.37828	0.68423
0.35373	0.71135
0.38406	0.72709
0.70718	0.72771
0.40472	0.67081
0.29041	0.82026
0.50616	0.67913
0.44675	0.65076
0.47771	0.60441
0.48439	0.71723
0.53317	0.63064
0.52367	0.68058
0.71211	0.78198
0.39877	0.73259
0.43247	0.80072
0.40807	0.7737
0.35906	0.68434
0.39807	0.62785
0.42383	0.60168
0.41538	0.69627
0.41276	0.71917
0.56439	0.62338
0.36516	0.69145
0.49616	0.75116
0.23527	0.60714
0.5545	0.70354
0.43719	0.69463
0.35471	0.65822
0.43543	0.7174
0.3955	0.65089
0.40777	0.68932
0.48101	0.76257
0.33414	0.60298
0.39128	0.76854
0.39734	0.70629
0.39371	0.81129
0.36066	0.71539
0.54498	0.61063
0.46934	0.70166
0.39927	0.80101
0.3602	0.56772
0.49453	0.64597
0.47269	0.59086
0.46089	0.69796
0.35786	0.72932
0.52829	0.72445
0.50475	0.72722
0.40981	0.84528
0.45833	0.63399
0.3892	0.70859
0.42991	0.70136
0.45057	0.69726
0.25911	0.61551
0.33219	0.72177
0.43176	0.64929
0.34107	0.63974
0.42018	0.70726
0.46483	0.71079
0.39093	0.57616
0.51566	0.79331
0.39094	0.74043
0.45087	0.70359
0.45973	0.64561
0.62952	0.68731
0.79335	0.7118
0.42298	0.66869
0.4455	0.75927
0.39825	0.7987
0.5954	0.76392
0.37928	0.83257
0.41686	0.81159
0.35171	0.68505
0.41573	0.61074
0.41834	0.69753
0.39934	0.75865
0.50292	0.63352
0.52766	0.73334
0.39608	0.70025
0.58333	0.83956
0.3755	0.68032
0.37107	0.78761
0.4554	0.68634
0.33772	0.72235
0.33856	0.67351
0.38125	0.65315
0.42678	0.70766
0.36067	0.7152
0.42759	0.77418
0.35731	0.70652
0.34261	0.73369
0.6132	0.62884
0.38645	0.70877
0.54768	0.73744
0.43124	0.71608
0.43517	0.6901
0.48177	0.73865
0.76189	0.66578
0.19078	0.63967
0.384	0.63676
0.27958	0.73722
0.51397	0.71316
0.41755	0.7134
0.40442	0.76197
0.52721	0.68058
0.41369	0.74385
0.3272	0.65115
0.45532	0.64699
0.40964	0.74642
0.46031	0.62775
0.41963	0.51222
0.40873	0.70475
0.42175	0.69319
0.44846	0.76863
0.45538	0.69696
0.27425	0.59322
0.32887	0.71877
0.58046	0.77983
0.43174	0.67141
0.50565	0.71314
0.33705	0.74808
0.34517	0.69032
0.44354	0.69161
0.44889	0.6667
0.51682	0.70764
0.33974	0.75683
0.38092	0.69653
0.4432	0.76778
0.58133	0.68254
0.54343	0.67114
0.43757	0.64789
0.3166	0.62406
0.61629	0.7096
0.56355	0.59351
0.47362	0.69564
0.30494	0.68513
0.33127	0.58364
0.47705	0.68381
0.34071	0.76025
0.34935	0.69893
0.37982	0.72036
0.2488	0.57968
0.43054	0.69287
0.44962	0.67984
0.48252	0.75315
0.4104	0.73442
0.51807	0.73335
0.31907	0.76353
0.44986	0.71192
0.18253	0.50515
0.32973	0.68969
0.48924	0.65252
0.48476	0.70055
0.25046	0.65834
0.64553	0.7237
0.38138	0.68312
0.415	0.77502
0.36397	0.73449
0.54999	0.74612
0.32092	0.67199
0.45546	0.72033
0.34314	0.69938
0.60789	0.70868
0.51355	0.6344
0.54015	0.68163
0.3562	0.69163
0.41136	0.62188
0.42592	0.66883
0.26122	0.61539
0.43398	0.69587
0.24049	0.71256
0.6832	0.71011
0.44138	0.66206
0.47996	0.69296
0.41393	0.75473
0.5619	0.67787
0.42699	0.6852
0.54269	0.70575
0.3377	0.76641
0.32315	0.80849
0.35588	0.69258
0.34949	0.73292
0.51316	0.7245
0.45345	0.71877
0.38226	0.69774
0.47628	0.7238
0.38604	0.68623
0.71071	0.83768
0.35837	0.7484
0.52305	0.70517
0.50497	0.69234
0.29313	0.69553
0.27843	0.60153
0.46301	0.68479
0.36491	0.7566
0.30571	0.70179
0.82957	0.69497
0.40202	0.62031
0.34746	0.70409
0.47856	0.76699
0.42857	0.76
0.46234	0.73106
0.44925	0.69875
0.35722	0.73081
0.35703	0.66151
0.59908	0.72029
0.53774	0.71814
0.35747	0.66415
0.34895	0.72558
0.44671	0.75447
0.76137	0.63632
0.52901	0.76419
0.33872	0.73379
0.47647	0.65773
0.38759	0.67375
0.39543	0.69027
0.41956	0.66988
0.49658	0.7439
0.40491	0.72495
0.34	0.70542
0.43752	0.70638
0.34605	0.69615
0.33841	0.76097
0.39857	0.604
0.35191	0.73897
0.34637	0.73741
0.85282	0.73976
0.52109	0.66358
0.395	0.79429
0.47353	0.69552
0.33714	0.56827
0.5343	0.66674
0.51769	0.7105
0.60657	0.71007
0.4249	0.73066
0.43948	0.58086
0.39726	0.64914
0.33917	0.76796
0.46628	0.77428
0.63178	0.64277
0.43356	0.68731
0.32674	0.72976
0.45413	0.84186
0.35594	0.78617
0.31331	0.66843
0.74626	0.77422
0.36969	0.72941
0.48626	0.70219
0.52473	0.71844
0.40336	0.66863
0.5473	0.65283
0.46573	0.71065
0.4173	0.68499
0.54556	0.80336
0.41468	0.72071
0.37943	0.69008
0.41598	0.77212
0.37658	0.66096
0.39195	0.75838
0.36773	0.71976
0.40322	0.66532
0.40003	0.60053
0.38998	0.67857
0.36842	0.66966
0.44875	0.70856
0.4203	0.6635
0.50637	0.70983
0.37053	0.74546
0.51518	0.72788
0.42005	0.74013
0.36718	0.68182
0.4804	0.72865
0.45165	0.69602
0.41534	0.68773
0.33151	0.63579
0.36015	0.59868
0.60289	0.65916
0.38872	0.69106
0.31961	0.71354
0.32431	0.70771
0.40074	0.73016
0.41275	0.82323
0.5372	0.69978
0.54367	0.73219
0.43231	0.58799
0.4619	0.72531
0.53955	0.66281
0.42309	0.73722
0.40024	0.71401
0.40855	0.68687
0.39406	0.68431
0.31238	0.60162
0.48638	0.66036
0.44376	0.68056
0.37553	0.68966
0.25076	0.79871
0.41748	0.71313
0.37772	0.60918
0.42115	0.71944
0.4213	0.78533
0.33396	0.62406
0.40355	0.63602
0.38635	0.76244
0.36223	0.66603
0.39298	0.70068
0.41634	0.63272
0.41287	0.74416
0.40499	0.70004
0.33118	0.71262
0.45819	0.75615
0.42151	0.69428
0.45826	0.77671
0.50432	0.6989
0.37502	0.70548
0.46852	0.5953
0.35484	0.6579
0.26139	0.71732
0.68711	0.70119
0.48281	0.5944
0.42706	0.70575
0.45241	0.70208
0.4139	0.67317
0.42627	0.69897
0.4185	0.7425
0.47619	0.77633
0.42403	0.63382
0.3204	0.70285
0.6668	0.68832
0.47301	0.65565
0.42748	0.65887
0.46686	0.71242
0.4914	0.62797
0.48624	0.72369
0.45037	0.72666
0.62406	0.79819
0.52056	0.71335
0.70211	0.61059
0.37776	0.70959
0.34788	0.70506
0.55673	0.71463
0.18867	0.67753
0.31565	0.71305
0.46181	0.73181
0.45158	0.75278
0.44681	0.72386
0.39808	0.68188
0.36463	0.67579
0.43974	0.71604
0.32783	0.7022
0.3152	0.61133
0.35015	0.66966
0.40643	0.69502
0.30011	0.70443
0.44811	0.78523
0.7967	0.74182
0.569	0.61026
0.43398	0.69236
0.41861	0.65534
0.35399	0.77202
0.40313	0.78492
0.38804	0.73107
0.3609	0.70014
0.47375	0.68121
0.47348	0.6528
0.3966	0.72672
0.39397	0.78478
0.39277	0.66349
0.34884	0.69931
0.46408	0.73724
0.48649	0.70581
0.4545	0.76338
0.41743	0.7218
0.38347	0.63432
0.38565	0.65003
0.44503	0.66301
0.67793	0.86063
0.46505	0.67437
0.41761	0.69633
0.36888	0.72282
0.5245	0.69069
0.37352	0.61784
0.5778	0.75867
0.42851	0.67298
0.41357	0.82925
0.46217	0.76368
0.5217	0.68033
0.48245	0.75385
0.44891	0.6717
0.38813	0.71261
0.39422	0.73771
0.3644	0.66121
0.52892	0.66833
0.42368	0.77486
0.46508	0.73307
0.44797	0.75243
0.4415	0.68689
0.4085	0.70108
0.54143	0.72338
0.39463	0.77562
0.39559	0.75758
0.36171	0.59401
0.29993	0.71538
0.42746	0.70275
0.48367	0.68761
0.41579	0.67842
0.41885	0.75357
0.38063	0.70062
0.35914	0.58205
0.53849	0.69575
0.29342	0.60223
0.46654	0.69446
0.43314	0.78462
0.36488	0.74087
0.52822	0.69281
0.44177	0.69211
0.41246	0.70957
0.46549	0.68331
0.32415	0.70034
0.54856	0.81088
0.38475	0.62444
0.43801	0.67309
0.50827	0.68803
0.45425	0.74397
0.44991	0.74903
0.4714	0.63116
0.50798	0.68447
0.35043	0.65498
0.30458	0.5662
0.32841	0.64909
0.32965	0.74546
0.55392	0.74123
0.36887	0.68531
0.42204	0.57734
0.41707	0.66419
0.44224	0.65593
0.38551	0.68578
0.40458	0.66175
0.51082	0.69677
0.45822	0.70005
0.43587	0.68693
0.49375	0.68182
0.26901	0.61093
0.37294	0.7694
0.35998	0.71531
0.42622	0.69982
0.49756	0.70614
0.49822	0.66103
0.39278	0.69308
0.44274	0.74689
0.59275	0.66868
0.50032	0.75704
0.44583	0.68338
0.57645	0.5548
0.41973	0.78284
0.52003	0.67177
0.33529	0.72062
0.45143	0.75151
0.56687	0.69076
0.39891	0.65976
0.43697	0.70371
0.26704	0.57983
0.35362	0.68563
0.45016	0.70972
0.5119	0.67848
0.59976	0.81027
0.27853	0.70826
0.28768	0.62992
0.39154	0.71133
0.36574	0.7911
0.4606	0.77632
0.59173	0.72348
0.21459	0.68792
0.42883	0.71668
0.39517	0.65747
0.49734	0.75618
0.60726	0.72869
0.48784	0.68298
0.36379	0.76837
0.55283	0.59429
0.54219	0.69312
0.39968	0.67857
0.5089	0.7173
0.52646	0.59892
0.35884	0.73261
0.43613	0.69152
0.48626	0.69478
0.42253	0.70038
0.40999	0.84054
0.37389	0.68356
0.405	0.63981
0.42535	0.67668
0.4547	0.5887
0.51134	0.62608
0.32282	0.66039
0.55089	0.69547
0.44527	0.66285
0.26304	0.54937
0.70567	0.75173
0.54408	0.6531
0.40267	0.69634
0.42934	0.6563
0.49636	0.68884
0.67352	0.57919
0.40651	0.69562
0.50511	0.68646
0.3906	0.72352
0.36646	0.72324
0.44914	0.72912
0.43546	0.66633
0.23944	0.70192
0.41311	0.69711
0.28644	0.79804
0.458	0.66629
0.47743	0.7037
0.41756	0.69132
0.31855	0.7183
0.55642	0.73078
0.53106	0.71628
0.2776	0.61558
0.31256	0.68046
0.39051	0.74804
0.26377	0.72796
0.42446	0.60881
0.41841	0.70888
0.39122	0.70716
0.43432	0.69352
0.36474	0.69632
0.38341	0.69966
0.28237	0.66526
0.44951	0.78255
0.52212	0.75114
0.32563	0.72782
0.36734	0.74067
0.44255	0.63475
0.51895	0.56543
0.36567	0.64072
0.41366	0.71374
0.46206	0.62851
0.46468	0.73039
0.39519	0.63348
0.5582	0.64067
0.40552	0.68056
0.44236	0.71775
0.30729	0.71081
0.49041	0.70571
0.42425	0.59143
0.39415	0.7477
0.52786	0.65654
0.40195	0.78717
0.73244	0.89146
0.66953	0.84712
0.38787	0.64764
0.41155	0.7642
0.28752	0.65967
0.48564	0.78617
0.25309	0.56914
0.7305	0.7563
0.39147	0.67383
0.52558	0.73676
0.5	0.64333
0.48719	0.72146
0.54488	0.7281
0.37444	0.6568
0.50726	0.75094
0.33132	0.62303
0.45274	0.77802
0.42826	0.68971
0.31327	0.64651
0.37109	0.76669
0.2399	0.60069
0.52598	0.67887
0.42646	0.60093
0.36118	0.63547
0.37248	0.73984
0.29737	0.69321
0.5677	0.68015
0.30584	0.61486
0.58005	0.64678
0.47756	0.64623
0.45058	0.78675
0.4311	0.73125
0.36101	0.57558
0.36302	0.66744
0.58385	0.62799
0.37509	0.66211
0.45268	0.67367
0.79794	0.82964
0.41543	0.73221
0.4356	0.74013
0.37512	0.82172
0.41309	0.59965
0.4471	0.68354
0.49313	0.75938
0.5163	0.64677
0.35466	0.71334
0.46856	0.8005
0.29324	0.71793
0.43813	0.78585
0.53654	0.68994
0.43134	0.69236
0.57891	0.81001
0.38847	0.75428
0.48162	0.61684
0.43732	0.77729
0.51216	0.72193
0.32155	0.5344
0.5078	0.61313
0.4741	0.68177
0.50448	0.65122
0.4704	0.70838
0.46985	0.68755
0.33518	0.67404
0.31672	0.75093
0.49153	0.66647
0.31649	0.69839
0.23388	0.70005
0.39491	0.6757
0.44253	0.63731
0.69044	0.78263
0.61705	0.66896
0.40972	0.78759
0.34246	0.64772
0.4286	0.67067
0.57721	0.75897
0.44891	0.55897
0.39038	0.75119
0.59837	0.58726
0.38888	0.6981
0.43477	0.61252
0.3741	0.69765
0.39386	0.72294
0.64485	0.70382
0.51449	0.67894
0.42318	0.73675
0.38599	0.67446
0.40095	0.80563
0.36332	0.72268
0.41591	0.6991
0.54321	0.69097
0.52877	0.70561
0.39597	0.76223
0.37098	0.71601
0.45498	0.68492
0.44963	0.74614
0.39406	0.69832
0.48296	0.72856
0.44959	0.68255
0.34762	0.58836
0.39839	0.61895
0.35682	0.69293
0.37307	0.64863
0.41655	0.77139
0.43348	0.72495
0.60794	0.71998
0.47791	0.65714
0.39364	0.70616
0.47582	0.68657
0.40158	0.68954
0.41651	0.68549
0.55119	0.6479
0.38793	0.66229
0.41141	0.73862
0.54678	0.64657
0.39867	0.67157
0.35675	0.74235
0.44636	0.61363
0.42673	0.70672
0.46362	0.73113
0.46187	0.69547
0.29251	0.71238
0.38672	0.6793
0.54189	0.6721
0.36945	0.80686
0.38276	0.68899
0.49584	0.7695
0.46985	0.73109
0.43333	0.7698
0.3734	0.62214
0.48903	0.54692
0.5058	0.75368
0.4125	0.59799
0.32568	0.74791
0.34719	0.78862
0.54244	0.70131
0.33272	0.54569
0.35558	0.70334
0.51815	0.60801
0.46798	0.72422
0.39489	0.72544
0.5442	0.69956
0.45809	0.81698
0.48907	0.70867
0.49438	0.59514
0.38665	0.66345
0.52083	0.72033
0.40959	0.72327
0.37485	0.73127
0.36397	0.67692
0.58838	0.74813
0.39345	0.7107
0.57457	0.64935
0.43684	0.67907
0.56093	0.73857
0.40234	0.76765
0.45716	0.73793
0.41636	0.78317
0.24975	0.55074
0.50025	0.68152
0.72369	0.71942
0.39769	0.66144
0.32318	0.67559
0.46655	0.69536
0.29988	0.71068
0.57945	0.71203
0.37456	0.71151
0.40599	0.65932
0.57683	0.68614
0.4303	0.706
0.6113	0.64474
0.33127	0.71716
0.40955	0.81983
0.47644	0.62116
0.37463	0.68922
0.47773	0.77612
0.55019	0.75945
0.45415	0.78626
0.39459	0.7349
0.48762	0.71665
0.55831	0.67382
0.30367	0.71386
0.38755	0.78463
0.2415	0.60924
0.36631	0.72917
0.43856	0.69368
0.46916	0.71834
0.29961	0.66979
0.44937	0.68721
0.33698	0.58759
0.56876	0.62447
0.42971	0.56188
0.57653	0.56787
0.54899	0.63626
0.40596	0.67813
0.30999	0.67754
0.46389	0.6253
0.57513	0.6792
0.77862	0.59332
0.56871	0.71213
0.45883	0.74488
0.6994	0.7585
0.22714	0.56965
0.4353	0.76045
0.31449	0.53998
0.56617	0.66197
0.46355	0.7065
0.3395	0.6125
0.43688	0.70384
0.37927	0.63746
0.41217	0.70999
0.42563	0.72903
0.3513	0.62227
0.4551	0.81983
0.51076	0.79814
0.52318	0.78862
0.23175	0.46645
0.3441	0.67396
0.38545	0.77624
0.2939	0.71971
0.501	0.7034
0.36909	0.62418
0.53302	0.75364
0.3983	0.72813
0.35215	0.64268
0.46151	0.64589
0.46203	0.70312
0.55443	0.69508
0.37897	0.60013
0.45684	0.78583
0.40036	0.71455
0.43586	0.73295
0.4106	0.58705
0.56207	0.76742
0.43458	0.75637
0.37924	0.71688
0.43304	0.69977
0.51179	0.72159
0.37972	0.5984
0.4376	0.64943
0.54235	0.64083
0.41633	0.76602
0.39475	0.72523
0.4182	0.68553
0.42793	0.73379
0.42915	0.70777
0.42023	0.68396
0.37659	0.69439
0.38759	0.677
0.32216	0.68976
0.39206	0.71971
0.33815	0.78375
0.31772	0.65337
0.44781	0.70727
0.27055	0.66751
0.44943	0.72521
0.37088	0.65246
0.40173	0.67637
0.50991	0.64092
0.45653	0.6057
0.53845	0.75325
0.4517	0.67507
0.39922	0.69615
0.41451	0.68958
0.45797	0.7229
0.62254	0.70361
0.27827	0.58852
0.54583	0.72147
0.30765	0.63759
0.3271	0.70527
0.47123	0.77862
0.4001	0.76719
0.61658	0.77258
0.43776	0.83465
0.47064	0.67164
0.60515	0.68908
0.38826	0.74334
0.25369	0.6282
0.34452	0.6888
0.42586	0.67836
0.41332	0.68811
0.5298	0.72182
0.39145	0.70719
0.48222	0.71264
0.45648	0.69421
0.3557	0.73814
0.40578	0.76615
0.4222	0.66728
0.26028	0.63368
0.31463	0.63047
0.48957	0.64302
0.4816	0.68203
0.47917	0.71421
0.32082	0.65452
0.35927	0.69012
0.58382	0.71037
0.34006	0.66606
0.44023	0.69343
0.46669	0.75495
0.48418	0.68491
0.50398	0.65623
0.56059	0.67193
0.39073	0.76237
0.35995	0.55828
0.30731	0.73574
0.36733	0.63038
0.39912	0.73958
0.28409	0.64828
0.40444	0.65303
0.50897	0.67396
0.56313	0.71078
0.33663	0.74098
0.38904	0.68749
0.43882	0.8011
0.41317	0.75217
0.49857	0.64738
0.26874	0.67237
0.69413	0.76912
0.46585	0.6852
0.37948	0.63527
0.44719	0.76783
0.39903	0.68291
0.35804	0.69949
0.47897	0.60909
0.40343	0.58864
0.41981	0.68768
0.36206	0.66123
0.45259	0.64389
0.4198	0.74237
0.56967	0.70876
0.32759	0.63675
0.4177	0.77436
0.31441	0.55364
0.74527	0.67425
0.56746	0.72593
0.4349	0.64614
0.52386	0.76641
0.43925	0.7081
0.33976	0.69129
0.32162	0.59906
0.34641	0.60726
0.3859	0.74256
0.52771	0.64879
0.4034	0.78128
0.55815	0.67898
0.38117	0.6699
0.42842	0.80426
0.34731	0.7196
0.48415	0.67105
0.36625	0.68457
0.42615	0.73393
0.51729	0.65251
0.4002	0.62845
0.52645	0.71429
0.43806	0.63425
0.44241	0.66947
0.45187	0.72547
0.49286	0.72341
0.47638	0.72143
0.31535	0.62143
0.37478	0.68239
0.41182	0.6221
0.3522	0.68491
0.35138	0.72859
0.16035	0.66449
0.26004	0.55575
0.35825	0.66463
0.4519	0.69843
0.38559	0.65326
0.57285	0.71563
0.30297	0.64126
0.38828	0.66738
0.46051	0.68745
0.40403	0.62113
0.46595	0.77212
0.32227	0.82241
0.52987	0.68978
0.50433	0.69777
0.31359	0.59753
0.35002	0.65827
0.39406	0.64124
0.6062	0.67386
0.54182	0.68203
0.2827	0.59748
0.56887	0.78849
0.41315	0.697
0.33274	0.70389
0.36347	0.5895
0.32651	0.63015
0.34331	0.75862
0.57403	0.69947
0.43685	0.62551
0.38054	0.71235
0.43021	0.75495
0.47182	0.72243
0.45681	0.7045
0.3781	0.71117
0.28833	0.7405
0.48191	0.72034
0.58092	0.66765
0.47548	0.70721
0.43432	0.71896
0.38546	0.72691
0.46846	0.63768
0.43144	0.78847
0.54482	0.67289
0.38201	0.76763
0.40163	0.65071
0.39256	0.7501
0.42679	0.82855
0.4791	0.67318
0.29523	0.58957
0.37317	0.65342
0.4751	0.71763
0.29412	0.59884
0.33837	0.63063
0.16169	0.69851
0.44077	0.68887
0.47839	0.6378
0.51998	0.545
0.36963	0.79208
0.40484	0.70396
0.35319	0.68002
0.41764	0.66135
0.39371	0.65079
0.49797	0.64745
0.44873	0.71871
0.40003	0.8292
0.47687	0.69502
0.24704	0.6992
0.55128	0.65279
0.40936	0.53785
0.70464	0.7423
0.46488	0.64052
0.38611	0.68154
0.46239	0.69375
0.58589	0.76283
0.46094	0.66147
0.54362	0.69558
0.37518	0.76325
0.44444	0.71513
0.34937	0.81598
0.38451	0.76353
0.39624	0.64341
0.45093	0.65044
0.37241	0.73404
0.3865	0.65899
0.41564	0.77229
0.46473	0.70829
0.41647	0.60077
0.44613	0.74929
0.43435	0.69064
0.35284	0.79985
0.44584	0.80695
0.37068	0.6404
0.40683	0.71595
0.48118	0.67252
0.43622	0.7226
0.4246	0.8001
0.54823	0.69985
0.4271	0.7139
0.20829	0.55819
0.49773	0.72484
0.35047	0.65546
0.34272	0.66387
0.43916	0.81164
0.37726	0.74353
0.34146	0.66806
0.37585	0.65188
0.32603	0.72161
0.36264	0.66667
0.43523	0.78302
0.43806	0.71175
0.40936	0.71109
0.2726	0.66091
0.43494	0.7805
0.36857	0.71769
0.51783	0.70711
0.41301	0.70284
0.4761	0.78266
0.36678	0.57618
0.44436	0.59975
0.49246	0.68498
0.28015	0.70772
0.41027	0.67917
0.48331	0.6222
0.4055	0.773
0.5307	0.68945
0.44145	0.67987
0.43099	0.71215
0.55891	0.6918
0.42145	0.66802
0.7783	0.80248
0.45974	0.59829
0.45528	0.77987
0.50935	0.75452
0.35885	0.85611
0.47899	0.67227
0.33929	0.72319
0.37043	0.67278
0.4487	0.72812
0.35288	0.65461
0.53785	0.59117
0.40984	0.69534
0.45431	0.71408
0.49583	0.67902
0.38893	0.7212
0.62045	0.65773
0.43278	0.69279
0.4107	0.73695
0.63152	0.6321
0.29784	0.66607
0.48292	0.69426
0.58673	0.62906
0.26467	0.72579
0.39626	0.73485
0.53788	0.78088
0.34733	0.74559
0.37902	0.72389
0.487	0.69215
0.5202	0.67243
0.28459	0.68845
0.40508	0.66281
0.48358	0.6709
0.3924	0.69409
0.50689	0.71518
0.56338	0.64701
0.48265	0.69107
0.49834	0.80265
0.39081	0.61961
0.42562	0.71453
0.31339	0.57528
0.51389	0.66795
0.59084	0.81206
0.43958	0.65666
0.45452	0.70592
0.50469	0.71355
0.56992	0.71203
0.45191	0.73121
0.32295	0.68841
0.34008	0.79867
0.43169	0.71726
0.44089	0.67565
0.41229	0.68062
0.51807	0.70074
0.36771	0.66794
0.46144	0.67678
0.3927	0.68301
0.36468	0.67543
0.44564	0.69387
0.40727	0.69707
0.34817	0.68511
0.28365	0.68735
0.43961	0.5822
0.40471	0.69695
0.35539	0.69966
0.56832	0.68344
0.55763	0.68667
0.47198	0.67671
0.60258	0.69208
0.45585	0.64077
0.38783	0.66082
0.33437	0.71895
0.46908	0.7193
0.52555	0.66408
0.44544	0.67177
0.45245	0.6685
0.24621	0.63545
0.42809	0.73514
0.52764	0.71569
0.29372	0.66689
0.41916	0.73148
0.58268	0.68054
0.40265	0.69502
0.34797	0.72957
0.27266	0.66341
0.44984	0.74125
0.48977	0.69128
0.26572	0.92742
0.43249	0.70904
0.48784	0.74348
0.49006	0.62687
0.27642	0.67644
0.42811	0.66493
0.42807	0.7015
0.44962	0.65508
0.56988	0.72666
0.79792	0.78032
0.39277	0.68198
0.38416	0.68007
0.40883	0.63248
0.35211	0.69344
0.4335	0.69166
0.41473	0.62164
0.22279	0.57316
0.45629	0.68827
0.45978	0.7398
0.40274	0.66167
0.43333	0.69922
0.36249	0.65339
0.29382	0.54435
0.50822	0.72634
0.57401	0.76382
0.51587	0.77624
0.63331	0.83303
0.53018	0.67254
0.46992	0.75275
0.53018	0.66856
0.42582	0.79455
0.37652	0.68367
0.37313	0.63912
0.32747	0.6847
0.7043	0.76797
0.45459	0.68186
0.41461	0.62642
0.5964	0.68441
0.40318	0.74657
0.46918	0.6971
0.36183	0.70444
0.29425	0.79632
0.4194	0.60541
0.35544	0.66419
0.3982	0.67719
0.48864	0.66366
0.3405	0.66367
0.36016	0.65504
0.45201	0.78972
0.40419	0.78647
0.44538	0.73172
0.45272	0.67134
0.48847	0.59472
0.40913	0.6915
0.48945	0.71147
0.78604	0.69558
0.45471	0.70023
0.47318	0.68971
0.3408	0.63902
0.30849	0.69322
0.44433	0.71578
0.35991	0.77769
0.34401	0.63895
0.52795	0.71277
0.4241	0.70105
0.54766	0.68577
0.63695	0.81352
0.39092	0.66838
0.36594	0.66204
0.58031	0.75012
0.37392	0.80989
0.42737	0.64859
0.5409	0.6356
0.59754	0.73945
0.52622	0.69111
0.49036	0.76316
0.44146	0.79159
0.39018	0.63898
0.28852	0.6351
0.52171	0.68542
0.4367	0.808
0.43821	0.79749
0.61005	0.76086
0.51436	0.71034
0.33602	0.73358
0.38614	0.72666
0.31413	0.64437
0.45238	0.63827
0.40383	0.64499
0.35273	0.78436
0.30075	0.70166
0.44142	0.70328
0.54468	0.62539
0.4082	0.67612
0.52236	0.55925
0.35745	0.7033
0.36125	0.68224
0.47925	0.74871
0.436	0.74407
0.36675	0.82414
0.48765	0.63612
0.54159	0.67974
0.46604	0.75962
0.30073	0.70888
0.3436	0.76103
0.43472	0.76577
0.44454	0.73937
0.49825	0.7474
0.30336	0.58348
0.3744	0.78683
0.44689	0.58369
0.19857	0.62776
0.44232	0.69316
0.41266	0.65292
0.33541	0.63649
0.24576	0.69269
0.25237	0.61077
0.28517	0.60369
0.40761	0.77107
0.26087	0.64388
0.47793	0.62984
0.45219	0.70091
0.39052	0.66244
0.41568	0.81784
0.38616	0.74458
0.53783	0.6602
0.7652	0.59706
0.53847	0.80518
0.47681	0.68226
0.34031	0.61725
0.40426	0.72126
0.32919	0.59742
0.46886	0.69722
0.55155	0.75967
0.36635	0.64138
0.46595	0.67406
0.57239	0.67078
0.55472	0.70813
0.43888	0.76412
0.35825	0.77081
0.39918	0.64811
0.43402	0.72813
0.48685	0.73143
0.42244	0.68787
0.56219	0.68629
0.41247	0.8148
0.41152	0.74184
0.37868	0.68937
0.42412	0.77547
0.47735	0.65995
0.39436	0.67966
0.39038	0.77737
0.39406	0.78779
0.40355	0.75732
0.42897	0.76511
0.4616	0.7
0.44278	0.70561
0.5013	0.67825
0.43019	0.56593
0.80104	0.7505
0.40662	0.85247
0.45357	0.69918
0.47427	0.71737
0.50126	0.65018
0.4305	0.73793
0.42006	0.76396
0.38588	0.62891
0.34903	0.7129
0.79874	0.83456
0.36016	0.68508
0.3463	0.66459
0.33546	0.6742
0.45416	0.76736
0.31447	0.63804
0.36023	0.75877
0.49622	0.76056
0.3474	0.68972
0.43302	0.70958
0.33165	0.62694
0.57094	0.73285
0.52412	0.6792
0.54169	0.71161
0.39432	0.67133
0.49219	0.71361
0.28626	0.72036
0.45127	0.65273
0.50477	0.79378
0.40928	0.70566
0.41563	0.67579
0.36492	0.77123
0.2658	0.60571
0.30613	0.71645
0.41483	0.70558
0.57507	0.67129
0.38775	0.63539
0.72399	0.75286
0.34986	0.65971
0.4636	0.70698
0.27888	0.70553
0.56444	0.70651
0.44385	0.71327
0.47025	0.72237
0.41965	0.75704
0.44552	0.64852
0.3472	0.75422
0.32587	0.67114
0.44581	0.72591
0.45355	0.66823
0.52762	0.69298
0.58842	0.73155
0.51522	0.70901
0.41605	0.66714
0.55715	0.71272
0.59667	0.75937
0.42994	0.78342
0.44128	0.74014
0.54797	0.65922
0.43645	0.72686
0.41387	0.699
0.56423	0.66496
0.40893	0.68533
0.39863	0.70157
0.39987	0.72847
0.39498	0.67111
0.34938	0.73274
0.61531	0.76236
0.51292	0.74416
0.54464	0.69674
0.63063	0.71584
0.60498	0.63193
0.47932	0.69011
0.52836	0.75127
0.5763	0.76446
0.50704	0.62937
0.53287	0.65896
0.29716	0.69712
0.46684	0.74664
0.40833	0.80128
0.23993	0.69468
0.4116	0.64923
0.34739	0.71124
0.41884	0.78584
0.36385	0.65496
0.21917	0.66477
0.45025	0.79895
0.41182	0.75758
0.46153	0.73778
0.41852	0.70455
0.38876	0.66991
0.42716	0.70186
0.45521	0.65336
0.4691	0.71937
0.4358	0.69342
0.45413	0.72836
0.60466	0.75632
0.48058	0.8162
0.32458	0.65619
0.41274	0.71557
0.40839	0.7444
0.49221	0.66223
0.37922	0.79317
0.22115	0.54485
0.52439	0.77043
0.35072	0.73179
0.56032	0.7132
0.40369	0.88076
0.14936	0.63156
0.46056	0.64664
0.46332	0.73754
0.4756	0.70266
0.44403	0.72337
0.56486	0.74376
0.29708	0.68412
0.45988	0.69944
0.53488	0.77271
0.30389	0.73877
0.39355	0.69776
0.40743	0.79293
0.25282	0.53693
0.3503	0.72041
0.24322	0.56962
0.36783	0.63798
0.33205	0.80203
0.46716	0.67458
0.50193	0.60694
0.34498	0.64218
0.43208	0.65171
0.37919	0.6423
0.44658	0.7452
0.40534	0.68922
0.43412	0.68562
0.33286	0.76456
0.49256	0.76358
0.28442	0.68645
0.45733	0.65443
0.69706	0.78807
0.42244	0.77724
0.36558	0.63225
0.37599	0.68748
0.5315	0.70917
0.35583	0.70233
0.45343	0.72877
0.54611	0.72243
0.40942	0.84106
0.5276	0.74442
0.45931	0.6976
0.38659	0.73474
0.39428	0.79119
0.42301	0.65082
0.38467	0.60865
0.45461	0.66063
0.39457	0.74724
0.70103	0.67967
0.46078	0.73052
0.56067	0.72864
0.40039	0.68222
0.33993	0.76975
0.45185	0.81407
0.30401	0.64787
0.4356	0.75355
0.33503	0.64957
0.50459	0.69089
0.42762	0.59524
0.38001	0.66396
0.21845	0.71504
0.4448	0.79769
0.32443	0.7
0.40512	0.58644
0.26908	0.52322
0.339	0.76113
0.39152	0.73927
0.42294	0.71051
0.50769	0.7169
0.40832	0.73186
0.33825	0.75617
0.39459	0.692
0.47903	0.66687
0.44876	0.67892
0.36778	0.676
0.54181	0.70163
0.47874	0.75477
0.39778	0.56683
0.41036	0.679
0.36713	0.75568
0.37779	0.77694
0.44364	0.73994
0.51464	0.7087
0.4526	0.67962
0.44577	0.66183
0.42544	0.72905
0.41001	0.69462
0.35093	0.65755
0.43893	0.70128
0.43599	0.79698
0.22053	0.60777
0.37179	0.65172
0.40474	0.72748
0.47536	0.69634
0.55931	0.79205
0.35741	0.82314
0.29694	0.76669
0.43701	0.69172
0.29886	0.60472
0.42472	0.60036
0.42956	0.73264
0.12668	0.58874
0.35703	0.46178
0.4868	0.70124
0.43802	0.6753
0.443	0.64313
0.39456	0.77294
0.56816	0.67254
0.38205	0.78646
0.39136	0.72591
0.41905	0.65507
0.33612	0.66362
0.34053	0.64991
0.56339	0.65818
0.3528	0.82707
0.41015	0.68093
0.45945	0.69692
0.30387	0.65969
0.20603	0.80638
0.49105	0.67583
0.45754	0.66558
0.49251	0.79112
0.46766	0.76705
0.45231	0.70758
0.50682	0.75719
0.41244	0.72537
0.50753	0.66937
0.81593	0.80282
0.83475	0.74223
0.50294	0.6949
0.49644	0.66921
0.83549	0.72025
0.3701	0.74671
0.42278	0.74926
0.36977	0.66725
0.46646	0.71802
0.46931	0.57132
0.45855	0.68211
0.42734	0.75511
0.54059	0.69558
0.40879	0.71982
0.41442	0.60046
0.41636	0.61558
0.5727	0.63898
0.43198	0.75172
0.54854	0.64486
0.4731	0.66012
0.35894	0.68299
0.23001	0.60474
0.46694	0.66146
0.41779	0.73576
0.42125	0.70801
0.42158	0.61834
0.3597	0.70113
0.36963	0.68324
0.28946	0.70682
0.45463	0.61788
0.39528	0.74639
0.53413	0.64709
0.48357	0.69943
0.4816	0.63225
0.48931	0.80336
0.56792	0.64334
0.58032	0.72729
0.40541	0.68181
0.38802	0.71756
0.52441	0.59869
0.2135	0.57749
0.32854	0.76289
0.4242	0.71925
0.42679	0.69639
0.44653	0.67431
0.44971	0.68963
0.54014	0.70099
0.60228	0.72628
0.48517	0.69442
0.46199	0.77728
0.37508	0.68239
0.72889	0.6806
0.32573	0.69403
0.49897	0.67186
0.51111	0.72308
0.35513	0.63452
0.44205	0.78715
0.57992	0.66684
0.63234	0.7862
0.49457	0.76714
0.5048	0.76505
0.44241	0.75913
0.51571	0.75319
0.37276	0.70232
0.45751	0.68588
0.45359	0.81904
0.3222	0.67286
0.4392	0.62005
0.49223	0.68278
0.42215	0.748
0.48663	0.78468
0.347	0.73684
0.39003	0.65721
0.34228	0.6619
0.48005	0.69415
0.37147	0.78469
0.31446	0.62953
0.39091	0.70728
0.44539	0.68914
0.39267	0.67162
0.5097	0.7089
0.59205	0.69913
0.58538	0.62507
0.33872	0.73121
0.32645	0.71481
0.33729	0.60562
0.58092	0.59714
0.45959	0.6714
0.41008	0.67651
0.41416	0.74307
0.4161	0.73035
0.46355	0.77885
0.44664	0.59237
0.49445	0.66314
0.56063	0.64112
0.42709	0.68555
0.4283	0.77889
0.40496	0.81877
0.48712	0.53914
0.43095	0.76184
0.41869	0.69951
0.40963	0.71257
0.43882	0.72888
0.41662	0.68928
0.19553	0.58374
0.42998	0.6517
0.34752	0.66681
0.41651	0.71937
0.36597	0.63068
0.42977	0.72151
0.51337	0.71295
0.38698	0.68801
0.49664	0.66285
0.51282	0.56172
0.61109	0.62614
0.29628	0.69603
0.29851	0.67407
0.52222	0.72788
0.41488	0.6492
0.38428	0.80298
0.33801	0.56438
0.43961	0.68589
0.41337	0.72388
0.44901	0.72172
0.40477	0.55742
0.44499	0.72
0.51675	0.69128
0.34866	0.61921
0.38531	0.6708
0.3863	0.83057
0.34106	0.66753
0.50295	0.69444
0.54183	0.77494
0.36523	0.63641
0.39216	0.68153
0.43473	0.64832
0.44734	0.6734
0.47509	0.76989
0.5417	0.7164
0.5169	0.60867
0.34126	0.7356
0.36646	0.69674
0.34621	0.62726
0.48002	0.67798
0.5994	0.68333
0.54865	0.65794
0.33451	0.67732
0.85845	0.80913
0.43324	0.69633
0.31969	0.69977
0.51744	0.71745
0.33058	0.64907
0.50263	0.66051
0.32744	0.69589
0.09534	0.53443
0.42101	0.73985
0.33461	0.63576
0.39973	0.81003
0.38033	0.66448
0.58558	0.76316
0.46411	0.60205
0.4221	0.66197
0.28504	0.65476
0.41271	0.64814
0.4481	0.69554
0.4353	0.6494
0.38984	0.67987
0.58337	0.62494
0.37743	0.77706
0.37612	0.76
0.3792	0.52263
0.49493	0.62532
0.3899	0.72386
0.28294	0.62701
0.44397	0.70808
0.40687	0.70421
0.43623	0.70427
0.37889	0.58891
0.32179	0.85979
0.52947	0.69614
0.55267	0.78727
0.25565	0.60209
0.27536	0.64838
0.56917	0.70879
0.45927	0.64691
0.43749	0.71693
0.41173	0.71584
0.49912	0.69725
0.44687	0.66018
0.40406	0.68987
0.52945	0.77905
0.3891	0.68689
0.30195	0.72486
0.57165	0.64949
0.32239	0.61468
0.38065	0.70264
0.41015	0.68499
0.40177	0.61112
0.48081	0.77701
0.38483	0.66476
0.58579	0.70623
0.57309	0.73602
0.46951	0.75053
0.45096	0.67632
0.63692	0.76522
0.35835	0.70162
0.24856	0.67116
0.45624	0.71792
0.23859	0.65528
0.3686	0.72789
0.37492	0.76061
0.41621	0.57207
0.29399	0.72423
0.55052	0.71139
0.38598	0.7075
0.47442	0.7022
0.53369	0.71449
0.33	0.67207
0.49753	0.69068
0.38973	0.65273
0.38269	0.67096
0.35992	0.61658
0.39161	0.68559
0.4166	0.7502
0.46028	0.60506
0.54706	0.76282
0.46622	0.62055
0.46872	0.67385
0.43114	0.71981
0.63073	0.79171
0.27953	0.69194
0.32955	0.65091
0.41549	0.65954
0.3934	0.70848
0.38191	0.73829
0.48926	0.70911
0.44287	0.70239
0.47924	0.72994
0.42451	0.6524
0.40467	0.60356
0.55576	0.7396
0.42163	0.67234
0.34311	0.81923
0.51731	0.75836
0.42314	0.57493
0.54515	0.7418
0.33912	0.77603
0.38109	0.79769
0.38768	0.67847
0.37714	0.7219
0.41094	0.72874
0.43169	0.71858
0.26733	0.62
0.41706	0.67944
0.43952	0.66243
0.41119	0.73945
0.42469	0.62347
0.44097	0.70329
0.57712	0.67204
0.4274	0.72576
0.41476	0.7026
0.44172	0.7043
0.47682	0.67604
0.43146	0.75589
0.54466	0.71529
0.43166	0.75498
0.41149	0.76796
0.53502	0.69436
0.33225	0.70912
0.49017	0.829
0.36897	0.63903
0.47947	0.6596
0.43014	0.71654
0.50374	0.79046
0.44074	0.75827
0.31059	0.65076
0.40785	0.71003
0.41691	0.69572
0.48833	0.64166
0.46011	0.62072
0.4038	0.62963
0.40235	0.7528
0.54207	0.71266
0.40414	0.70457
0.22708	0.70985
0.5467	0.61469
0.39898	0.75976
0.36528	0.72334
0.38962	0.68935
0.31643	0.68087
0.49449	0.67826
0.40951	0.71363
0.3452	0.6901
0.45303	0.71263
0.51518	0.71339
0.25489	0.68602
0.38947	0.66016
0.43504	0.68498
0.3544	0.65637
0.34293	0.73663
0.42466	0.80004
0.51877	0.73405
0.36786	0.69081
0.35263	0.71488
0.40399	0.70842
0.40518	0.75058
0.19539	0.61193
0.3407	0.60561
0.3597	0.72617
0.44922	0.80898
0.41188	0.69999
0.44888	0.67675
0.3662	0.71441
0.39968	0.66751
0.5138	0.79404
0.28808	0.74962
0.34693	0.61295
0.30947	0.57796
0.32329	0.73091
0.68626	0.73886
0.37342	0.7739
0.35711	0.83365
0.40752	0.58806
0.34726	0.65906
0.44498	0.70981
0.38224	0.71737
0.35051	0.72567
0.35483	0.55017
0.40312	0.72857
0.52887	0.62423
0.45964	0.54275
0.33614	0.68726
0.33386	0.5686
0.42361	0.67931
0.34487	0.76328
0.31396	0.68521
0.42356	0.59738
0.35034	0.63981
0.48728	0.73354
0.46006	0.83845
0.34598	0.71961
0.35847	0.8007
0.58559	0.65947
0.53174	0.69696
0.4714	0.7139
0.43702	0.72771
0.37442	0.6571
0.39762	0.71207
0.40929	0.66707
0.36533	0.7552
0.41442	0.62376
0.52453	0.78868
0.51001	0.72601
0.4585	0.68868
0.41927	0.69005
0.34008	0.71467
0.32091	0.67056
0.31482	0.62186
0.36452	0.78503
0.25736	0.6252
0.43277	0.78106
0.35309	0.69466
0.48252	0.7408
0.43423	0.65775
0.45622	0.63233
0.4325	0.70601
0.74883	0.86702
0.52633	0.73785
0.51975	0.74161
0.38743	0.76422
0.66537	0.60475
0.40354	0.7808
0.34008	0.72632
0.5626	0.6747
0.36708	0.55715
0.41267	0.73255
0.26326	0.63967
0.2786	0.62635
0.44281	0.68001
0.38826	0.71401
0.36968	0.77331
0.4772	0.77449
0.31174	0.75929
0.2918	0.69899
0.50809	0.69999
0.31315	0.61535
0.37092	0.66388
0.31327	0.67213
0.57815	0.7119
0.33541	0.72726
0.42899	0.73574
0.67222	0.79363
0.43159	0.6954
0.27124	0.62572
0.45943	0.69937
0.76128	0.65031
0.33015	0.71639
0.39533	0.75941
0.42508	0.76552
0.32078	0.65494
0.47576	0.67936
0.46881	0.69055
0.20852	0.62122
0.26735	0.6177
0.35162	0.6397
0.48152	0.74822
0.47081	0.67028
0.47913	0.73367
0.43491	0.69068
0.40924	0.69118
0.456	0.69801
0.49835	0.65045
0.27405	0.65635
0.3695	0.68076
0.32887	0.79519
0.49207	0.73208
0.45544	0.72621
0.28453	0.70092
0.40284	0.71857
0.38014	0.67027
0.47852	0.64771
0.3818	0.60515
0.37791	0.65389
0.41055	0.75595
0.37401	0.70924
0.37218	0.76272
0.23418	0.62579
0.32696	0.65545
0.35109	0.67842
0.56466	0.7839
0.49744	0.66091
0.41342	0.73284
0.36364	0.60648
0.45681	0.7231
0.5311	0.63405
0.31635	0.70225
0.51958	0.66275
0.3357	0.68186
0.38489	0.735
0.41993	0.63087
0.70826	0.70158
0.38855	0.70949
0.43214	0.8075
0.3901	0.68462
0.30523	0.6391
0.37504	0.68165
0.48573	0.73829
0.46271	0.60529
0.48863	0.59447
0.58891	0.66945
0.47635	0.70575
0.43746	0.66745
0.31899	0.69376
0.43413	0.6273
0.51554	0.70268
0.50298	0.74018
0.4368	0.73071
0.40777	0.67098
0.47332	0.70476
0.36684	0.62431
0.53157	0.66565
0.32284	0.65491
0.36545	0.58482
0.41039	0.71982
0.53141	0.67059
0.37764	0.70462
0.29064	0.66046
0.38498	0.66471
0.47172	0.68627
0.39789	0.65168
0.41598	0.62894
0.31328	0.62769
0.43358	0.66226
0.37439	0.69836
0.48013	0.7061
0.2803	0.6581
0.44355	0.68639
0.36067	0.63694
0.51958	0.74455
0.44684	0.72142
0.54185	0.57087
0.44287	0.71562
0.43561	0.84433
0.49696	0.718
0.44942	0.72273
0.57287	0.63743
0.35195	0.72115
0.59099	0.62171
0.45678	0.68893
0.94042	0.70795
0.45111	0.84369
0.48557	0.7212
0.36736	0.72167
0.48853	0.66363
0.21497	0.66011
0.48377	0.66303
0.44689	0.68023
0.42048	0.60001
0.53451	0.73035
0.35752	0.75427
0.31789	0.6385
0.52703	0.76004
0.41146	0.68512
0.32505	0.80981
0.39036	0.76775
0.61756	0.70228
0.36557	0.69791
0.30254	0.67073
0.43582	0.72513
0.3901	0.59008
0.3178	0.7306
0.4619	0.71298
0.49286	0.71967
0.3297	0.71852
0.64847	0.8033
0.45816	0.71965
0.34548	0.76207
0.56232	0.60627
0.34037	0.72198
0.47928	0.67603
0.47896	0.63666
0.39168	0.74356
0.34971	0.71082
0.35219	0.73034
0.88227	0.8402
0.47711	0.67072
0.35744	0.61149
0.4854	0.73065
0.54876	0.71487
0.68409	0.74949
0.41081	0.70934
0.4518	0.57919
0.43019	0.69204
0.38338	0.67066
0.33747	0.68221
0.55072	0.6372
0.45715	0.67538
0.31895	0.73192
0.48595	0.69352
0.45112	0.73852
0.47612	0.66333
0.48001	0.69754
0.48254	0.69867
0.38549	0.67366
0.36754	0.64642
0.18793	0.6834
0.51146	0.69532
0.44178	0.60766
0.52437	0.71059
0.41202	0.63006
0.45346	0.652
0.29999	0.67892
0.42328	0.69459
0.49665	0.5197
0.45112	0.77475
0.51502	0.70364
0.44566	0.70616
0.35745	0.69204
0.56272	0.74357
0.30561	0.59866
0.70765	0.78793
0.40952	0.77372
0.47157	0.70483
0.36887	0.72388
0.48624	0.7396
0.2837	0.72899
0.35288	0.67768
0.43909	0.65951
0.46115	0.78478
0.37335	0.72122
0.50982	0.7144
0.31312	0.63823
0.35203	0.66206
0.41416	0.71984
0.48566	0.71737
0.4442	0.68978
0.61486	0.81293
0.40469	0.65978
0.65216	0.72252
0.38457	0.68039
0.33097	0.64392
0.42127	0.69886
0.38338	0.66452
0.47523	0.66289
0.45108	0.6953
0.47739	0.77379
0.4092	0.72622
0.35759	0.61027
0.54127	0.68514
0.47858	0.50786
0.45156	0.67384
0.40115	0.85487
0.49347	0.69754
0.43877	0.64192
0.6022	0.7227
0.35059	0.67466
0.52491	0.69
0.46804	0.69357
0.30321	0.6183
0.32899	0.67173
0.35875	0.61875
0.53035	0.77787
0.38978	0.5174
0.49532	0.65847
0.32933	0.68227
0.39676	0.67056
0.44615	0.60166
0.66146	0.686
0.52453	0.74401
0.43664	0.73278
0.51434	0.6806
0.37283	0.66764
0.48474	0.76444
0.37499	0.66664
0.47289	0.77615
0.4001	0.77121
0.43117	0.76576
0.48348	0.7378
0.45387	0.67224
0.4572	0.68934
0.50972	0.65223
0.47374	0.71269
0.44443	0.70498
0.49467	0.6827
0.3634	0.72541
0.35929	0.71548
0.55463	0.64965
0.46636	0.73886
0.51395	0.68677
0.4209	0.71215
0.53557	0.67307
0.39677	0.58401
0.27589	0.56009
0.29131	0.66805
0.43415	0.85614
0.40867	0.7144
0.45672	0.69262
0.43278	0.61342
0.4337	0.7478
0.35007	0.59817
0.45297	0.84133
0.78892	0.79817
0.40673	0.65252
0.43657	0.78997
0.42174	0.72647
0.47497	0.66175
0.34319	0.73338
0.39039	0.72335
0.45407	0.70184
0.53814	0.71005
0.31294	0.65003
0.49667	0.70757
0.49072	0.80961
0.46686	0.7333
0.3594	0.7158
0.42867	0.69543
0.42585	0.66488
0.52982	0.66317
0.37705	0.82114
0.29093	0.54624
0.42946	0.7673
0.38857	0.73314
0.37663	0.67072
0.46348	0.7347
0.55916	0.66434
0.53337	0.65989
0.49181	0.67034
0.51974	0.72614
0.43102	0.66549
0.43167	0.66893
0.39604	0.78579
0.40342	0.72647
0.32633	0.60431
0.43534	0.66626
0.47275	0.69411
0.47545	0.68946
0.4135	0.6683
0.49772	0.70683
0.38934	0.64085
0.45705	0.80842
0.37928	0.69624
0.65986	0.65367
0.50221	0.76426
0.33794	0.68263
0.50025	0.77226
0.52852	0.74897
0.36957	0.71428
0.46497	0.74476
0.3565	0.63397
0.54331	0.72586
0.35415	0.6148
0.59638	0.78534
0.34985	0.68112
0.38432	0.81693
0.41313	0.73306
0.45042	0.70259
0.48961	0.75023
0.46384	0.684
0.38998	0.76808
0.27415	0.6605
0.5399	0.73275
0.43331	0.70392
0.34094	0.67924
0.71472	0.71284
0.38242	0.66846
0.46524	0.7199
0.36152	0.66695
0.42889	0.74607
0.36895	0.65942
0.26428	0.63571
0.3982	0.69862
0.24822	0.5352
0.51355	0.69268
0.31892	0.77301
0.45076	0.67322
0.49783	0.725
0.34803	0.85781
0.68111	0.75959
0.35104	0.651
0.48305	0.70303
0.42161	0.68699
0.40712	0.72882
0.35973	0.69948
0.41029	0.64686
0.51736	0.72453
0.39631	0.71801
0.43821	0.70342
0.44983	0.66945
0.45891	0.63229
0.34516	0.6645
0.42699	0.76594
0.47703	0.63639
0.5211	0.61635
0.40823	0.665
0.58304	0.77564
0.34957	0.74515
0.37581	0.75258
0.412	0.74038
0.368	0.72088
0.36828	0.76787
0.35195	0.64218
0.41952	0.6168
0.49559	0.73088
0.40118	0.63489
0.32728	0.71934
0.47551	0.63721
0.37942	0.65684
0.42164	0.77077
0.33052	0.70805
0.40349	0.68597
0.42103	0.63298
0.44565	0.73261
0.53838	0.7458
0.6835	0.64804
0.43888	0.69091
0.38633	0.68113
0.50762	0.71738
0.30213	0.4819
0.27059	0.67612
0.37078	0.67903
0.44736	0.66388
0.36272	0.71194
0.44852	0.69391
0.4277	0.70099
0.55987	0.78134
0.42715	0.73531
0.36069	0.79696
0.35868	0.69599
0.52575	0.67617
0.42213	0.75914
0.46515	0.68221
0.37398	0.70547
0.46992	0.73566
0.43056	0.73421
0.50245	0.66179
0.29492	0.61147
0.58063	0.64456
0.43092	0.69129
0.36681	0.657
0.54148	0.73193
0.47649	0.72907
0.46817	0.68861
0.38444	0.77855
0.39045	0.80665
0.22371	0.62001
0.4772	0.67855
0.32047	0.64814
0.43343	0.69232
0.49879	0.63899
0.55414	0.68278
0.41481	0.67365
0.62465	0.71232
0.49361	0.6895
0.44086	0.69359
0.35004	0.68797
0.48722	0.73236
0.38763	0.79341
0.35643	0.67098
0.45815	0.62302
0.49828	0.63762
0.39185	0.66186
0.41699	0.76368
0.5268	0.55418
0.33355	0.6871
0.62749	0.70903
0.30496	0.7453
0.40877	0.6986
0.34447	0.75649
0.44011	0.77774
0.53103	0.60598
0.47956	0.70794
0.38177	0.71257
0.37859	0.652
0.41701	0.69334
0.26459	0.65952
0.36537	0.63785
0.47386	0.68512
0.40248	0.70896
0.47374	0.6736
0.42076	0.65417
0.3256	0.66061
0.65634	0.73656
0.41723	0.69911
0.19996	0.66163
0.44365	0.61882
0.43453	0.70499
0.49033	0.69719
0.36058	0.81623
0.41161	0.67735
0.4031	0.47521
0.43422	0.66367
0.43669	0.67767
0.41777	0.66405
0.33734	0.69591
0.6786	0.75227
0.45747	0.78577
0.48383	0.71977
0.4049	0.68154
0.40506	0.67486
0.3532	0.70943
0.40392	0.70142
0.56249	0.6613
0.81735	0.73337
0.39443	0.71044
0.49063	0.66307
0.51699	0.61602
0.43298	0.62612
0.43057	0.68801
0.39936	0.69754
0.44379	0.751
0.46539	0.6504
0.3246	0.69418
0.4991	0.68453
0.37727	0.68942
0.31127	0.59704
0.35727	0.63746
0.51884	0.71219
0.52644	0.68333
0.43809	0.61872
0.34892	0.69992
0.42148	0.70392
0.40507	0.65701
0.40765	0.73699
0.4482	0.65017
0.46507	0.69529
0.43426	0.63717
0.48537	0.69869
0.44781	0.68925
0.58235	0.73116
0.41115	0.71366
0.44992	0.75542
0.55966	0.70889
0.29003	0.72704
0.324	0.72402
0.38901	0.64439
0.56281	0.6558
0.3881	0.74546
0.59054	0.69586
0.46656	0.64383
0.40772	0.64011
0.38204	0.58582
0.4748	0.77855
0.41203	0.81008
0.39152	0.65306
0.4233	0.71636
0.33618	0.69688
0.48296	0.70385
0.48779	0.70919
0.44797	0.66563
0.49085	0.66458
0.42014	0.68418
0.31511	0.6963
0.47879	0.75365
0.41538	0.79894
0.56456	0.64584
0.43194	0.70524
0.44412	0.76002
0.50791	0.7359
0.36431	0.70929
0.47483	0.70086
0.4527	0.72047
0.35231	0.69846
0.37079	0.66636
0.44837	0.63729
0.45464	0.63169
0.41635	0.59791
0.5031	0.68201
0.46627	0.68834
0.39722	0.68259
0.45621	0.67793
0.47299	0.74042
0.43026	0.70614
0.42333	0.70324
0.42238	0.67156
0.42347	0.86985
0.45034	0.72822
0.41113	0.61255
0.55937	0.66625
0.51362	0.79321
0.4483	0.78972
0.50016	0.73849
0.22013	0.80533
0.42027	0.76502
0.47365	0.75034
0.42432	0.66769
