0.23969	0.50811
0.47142	0.6907
0.41115	0.71224
0.27592	0.65672
0.44305	0.72302
0.38964	0.65538
0.33357	0.62836
0.37958	0.49965
0.4366	0.60981
0.31616	0.71478
0.51219	0.82986
0.91022	0.725
0.41665	0.76625
0.39763	0.73328
0.36768	0.68226
0.54379	0.73245
0.30401	0.70925
0.27684	0.65207
0.39784	0.60997
0.47379	0.81857
0.35683	0.72585
0.55747	0.64448
0.32872	0.6902
0.43628	0.69938
0.22345	0.67881
0.38004	0.71835
0.53323	0.64734
0.39077	0.70913
0.62686	0.63541
0.41726	0.69477
0.3992	0.76631
0.31125	0.75104
0.57195	0.67881
0.62581	0.57072
0.36877	0.69524
0.44045	0.68185
0.38613	0.69147
0.44971	0.73415
0.60994	0.62847
0.42759	0.64177
0.44745	0.69449
0.19843	0.62654
0.3235	0.57085
0.4388	0.71954
0.42963	0.59273
0.44798	0.66144
0.45136	0.78739
0.38616	0.69903
0.43576	0.64863
0.40929	0.72478
0.29711	0.63706
0.35022	0.64645
0.44828	0.74838
0.35906	0.66041
0.50016	0.67142
0.49072	0.5828
0.33012	0.73585
0.48076	0.75127
0.5593	0.64331
0.37572	0.64566
0.53239	0.74573
0.78485	0.52909
0.47034	0.82649
0.8406	0.67344
0.65502	0.68498
0.49527	0.66584
0.41241	0.74526
0.46282	0.73798
0.50426	0.55579
0.41032	0.69615
0.53289	0.61845
0.72279	0.65883
0.25844	0.65645
0.54349	0.75696
0.46996	0.66614
0.24007	0.68148
0.47092	0.7049
0.55297	0.77544
0.36893	0.80491
0.40026	0.6809
0.47907	0.69497
0.38064	0.80797
0.38507	0.75455
0.37635	0.70275
0.62579	0.64008
0.41567	0.62928
0.40376	0.70152
0.33729	0.77801
0.62207	0.70683
0.37792	0.74818
0.3943	0.63023
0.23648	0.6236
0.16469	0.68643
0.56163	0.69492
0.50839	0.74249
0.53662	0.67872
0.23112	0.42014
0.56395	0.85159
0.43432	0.67469
0.35219	0.61414
0.74059	0.73333
0.49569	0.68789
0.31148	0.68874
0.50164	0.62088
0.44434	0.67525
0.40717	0.68302
0.47559	0.76585
0.35989	0.76207
0.71252	0.8134
0.38256	0.7628
0.19172	0.63807
0.27294	0.69969
0.44288	0.57725
0.40888	0.61642
0.54268	0.69197
0.72783	0.82496
0.47639	0.70314
0.33425	0.53801
0.60281	0.70606
0.45232	0.68487
0.59512	0.67081
0.57529	0.60288
0.43739	0.75623
0.42986	0.63948
0.4888	0.66928
0.45888	0.73965
0.36379	0.67256
0.30688	0.5819
0.38952	0.75814
0.52113	0.70735
0.70161	0.78641
0.48648	0.55197
0.38577	0.59353
0.42384	0.73782
0.35493	0.74859
0.42781	0.66275
0.41129	0.70431
0.4618	0.60501
0.37723	0.65711
0.3881	0.63856
0.2548	0.58398
0.30038	0.70285
0.448	0.57528
0.42566	0.6539
0.4373	0.72992
0.46294	0.63454
0.45956	0.60279
0.5175	0.65532
0.41235	0.66676
0.30399	0.67294
0.40495	0.71562
0.3789	0.83783
0.34239	0.64751
0.45007	0.7351
0.13504	0.52651
0.59412	0.77468
0.44514	0.60636
0.61233	0.63731
0.51056	0.69423
0.46535	0.67539
0.25111	0.61415
0.30756	0.68024
0.32698	0.61247
0.48315	0.68243
0.83296	0.67604
0.57214	0.73534
0.6089	0.7357
0.46735	0.63449
0.38766	0.68354
0.25703	0.71042
0.40422	0.782
0.41103	0.64914
0.4887	0.77763
0.4464	0.69677
0.37873	0.56941
0.34548	0.66184
0.4968	0.66572
0.34502	0.81089
0.69801	0.75253
0.32112	0.52218
0.57352	0.57534
0.55127	0.61965
0.22775	0.58353
0.43536	0.76612
0.37803	0.67476
0.37087	0.69408
0.38723	0.72243
0.35318	0.61852
0.26232	0.67433
0.37899	0.70375
0.45343	0.67567
0.51859	0.6915
0.60368	0.68701
0.54551	0.6438
0.55292	0.63675
0.24636	0.64245
0.31211	0.67587
0.51784	0.65338
0.34186	0.67965
0.30337	0.6414
0.35665	0.68958
0.43039	0.62527
0.38311	0.6253
0.41486	0.58606
0.48199	0.71342
0.7079	0.69527
0.67002	0.62045
0.47465	0.6896
0.39033	0.67094
0.44552	0.69516
0.52567	0.74059
0.50163	0.69027
0.32969	0.81288
0.44454	0.72996
0.33803	0.77587
0.64167	0.85095
0.55574	0.65847
0.38572	0.59677
0.36949	0.61362
0.40179	0.69815
0.3715	0.73803
0.3084	0.59718
0.65886	0.74582
0.82582	0.61655
0.42317	0.67387
0.28943	0.60258
0.28888	0.59534
0.35238	0.68466
0.44296	0.69485
0.44057	0.75456
0.48787	0.63354
0.60815	0.62626
0.42935	0.65837
0.36123	0.67201
0.62789	0.69179
0.43243	0.53236
0.4319	0.70122
0.39992	0.61942
0.4734	0.60831
0.4187	0.64348
0.59337	0.72152
0.38389	0.54788
0.62583	0.73855
0.42154	0.71197
0.425	0.77998
0.46774	0.62456
0.41954	0.7446
0.53238	0.74702
0.47749	0.84714
0.38055	0.71204
0.45309	0.64295
0.49197	0.68003
0.53316	0.66061
0.43629	0.54679
0.37189	0.7222
0.39364	0.61377
0.54495	0.60818
0.31911	0.62911
0.35181	0.69814
0.36268	0.59544
0.34572	0.58287
0.45874	0.62199
0.49397	0.74059
0.44747	0.78484
0.67561	0.6827
0.52841	0.72147
0.3069	0.62288
0.46649	0.61447
0.37816	0.66751
0.50501	0.73651
0.34994	0.71268
0.51042	0.67838
0.6322	0.6827
0.14343	0.72202
0.47796	0.68103
0.36082	0.69408
0.37895	0.62846
0.48499	0.69677
0.33839	0.58485
0.42652	0.72491
0.40628	0.6591
0.31984	0.76952
0.69488	0.69222
0.43193	0.70921
0.59999	0.75491
0.32153	0.6779
0.37476	0.70635
0.31029	0.65173
0.44557	0.69468
0.24993	0.68272
0.45179	0.71431
0.51925	0.67051
0.26893	0.69017
0.22136	0.68749
0.41728	0.75947
0.60196	0.67475
0.51482	0.68119
0.40334	0.69003
0.21204	0.57924
0.37245	0.66388
0.48302	0.82991
0.3832	0.60696
0.50934	0.69733
0.17537	0.54092
0.36486	0.63872
0.2482	0.5733
0.48744	0.74741
0.2745	0.55923
0.41727	0.54596
0.43282	0.70491
0.31238	0.71866
0.34011	0.70392
0.39419	0.81222
0.54268	0.63887
0.40703	0.6533
0.83039	0.70822
0.3928	0.67811
0.30773	0.71112
0.25814	0.59639
0.40096	0.69272
0.43609	0.63902
0.39879	0.58371
0.25388	0.74142
0.32208	0.65225
0.44022	0.77768
0.52042	0.60605
0.37663	0.73651
0.55659	0.61374
0.45181	0.69047
0.54669	0.70026
0.37232	0.67817
0.36723	0.61239
0.40429	0.70178
0.16391	0.68563
0.59631	0.70651
0.46572	0.78009
0.39395	0.68369
0.44063	0.81727
0.48747	0.70405
0.1648	0.52551
0.35919	0.58351
0.23355	0.62971
0.39898	0.69353
0.34466	0.69166
0.3472	0.64234
0.40127	0.6211
0.57955	0.68818
0.56313	0.77784
0.44131	0.56311
0.54665	0.62587
0.36933	0.6836
0.71882	0.73829
0.33194	0.67861
0.47765	0.73467
0.40893	0.66009
0.22005	0.60777
0.53563	0.68618
0.31048	0.66177
0.43227	0.69348
0.43135	0.73927
0.42355	0.71486
0.43375	0.67355
0.35618	0.75112
0.43556	0.72566
0.37344	0.70382
0.34289	0.6719
0.51371	0.78851
0.28786	0.72363
0.47399	0.69189
0.51642	0.62566
0.4665	0.65353
0.43221	0.6163
0.4708	0.7319
0.53305	0.71745
0.48784	0.65609
0.44674	0.58278
0.45076	0.69435
0.39293	0.61033
0.4601	0.68565
0.0797	0.64303
0.88777	0.7755
0.43063	0.6706
0.46779	0.68614
0.37668	0.69368
0.36037	0.75555
0.79904	0.75987
0.25165	0.64748
0.36616	0.72693
0.40815	0.67447
0.3984	0.59727
0.56183	0.77069
0.48861	0.70472
0.39997	0.68734
0.40049	0.71236
0.49679	0.59466
0.33707	0.73404
0.54834	0.72284
0.51472	0.68109
0.30365	0.64217
0.41662	0.82455
0.42718	0.61971
0.32799	0.74716
0.36724	0.78104
0.27258	0.51369
0.79303	0.65482
0.33242	0.56147
0.51304	0.7147
0.45704	0.61758
0.34843	0.71765
0.46476	0.62917
0.48829	0.62349
0.55445	0.60711
0.3789	0.70904
0.31879	0.63735
0.61124	0.7119
0.48983	0.64416
0.34432	0.715
0.21218	0.64561
0.30516	0.63386
0.40026	0.63654
0.57038	0.80786
0.39404	0.62942
0.59271	0.76691
0.45944	0.60904
0.27333	0.65441
0.57357	0.8792
0.34777	0.80473
0.69296	0.77134
0.52565	0.76481
0.4382	0.64812
0.52019	0.65392
0.40713	0.48615
0.25859	0.66738
0.25919	0.5951
0.41442	0.67866
0.55619	0.66037
0.38383	0.679
0.52179	0.68348
0.36258	0.63107
0.46391	0.71264
0.44582	0.65096
0.38112	0.8005
0.41315	0.60126
0.40238	0.69476
0.38529	0.58426
0.35978	0.64371
0.23299	0.6545
0.78879	0.68976
0.46491	0.72716
0.24501	0.71046
0.2927	0.66286
0.43137	0.60263
0.36527	0.75021
0.33411	0.69566
0.46352	0.66192
0.44575	0.70828
0.59845	0.74348
0.33096	0.6885
0.43345	0.62068
0.4183	0.69844
0.42281	0.61908
0.4734	0.73228
0.44675	0.71847
0.37892	0.66448
0.38977	0.67235
0.37446	0.71687
0.39775	0.67966
0.6247	0.68349
0.61448	0.69619
0.44411	0.68977
0.34624	0.68601
0.33579	0.64947
0.44993	0.64358
0.49832	0.63162
0.50021	0.76377
0.38179	0.69954
0.31686	0.68328
0.4037	0.74801
0.38058	0.77929
0.20344	0.6546
0.366	0.79363
0.48136	0.69683
0.44126	0.72084
0.50802	0.74367
0.58296	0.68827
0.61062	0.73461
0.41972	0.65429
0.46841	0.68288
0.67231	0.73118
0.32931	0.70276
0.43667	0.76047
0.41523	0.73085
0.44746	0.72093
0.46488	0.70494
0.39238	0.79154
0.37398	0.67085
0.42256	0.62412
0.20203	0.63363
0.39387	0.67478
0.56745	0.73533
0.37162	0.72598
0.34897	0.72448
0.33232	0.79306
0.69416	0.58218
0.41254	0.64454
0.28521	0.73446
0.32551	0.54936
0.41739	0.70431
0.57698	0.74471
0.25687	0.66805
0.38845	0.76178
0.39619	0.73478
0.42487	0.66333
0.34941	0.62736
0.46914	0.64354
0.73221	0.57272
0.61579	0.68273
0.54901	0.83224
0.36271	0.54924
0.24098	0.6285
0.4177	0.70597
0.63685	0.65711
0.52842	0.69809
0.49856	0.74753
0.53781	0.69558
0.53412	0.65308
0.40633	0.7584
0.41971	0.67566
0.43545	0.64214
0.41973	0.58771
0.45847	0.65279
0.51063	0.67661
0.25052	0.62188
0.43232	0.738
0.35505	0.64382
0.38943	0.65209
0.26517	0.69528
0.40242	0.64989
0.45237	0.59029
0.27123	0.64879
0.45329	0.6704
0.30966	0.78657
0.3215	0.60826
0.62328	0.64881
0.28177	0.69361
0.43203	0.71962
0.61158	0.68209
0.29386	0.7173
0.38205	0.64678
0.32176	0.62891
0.71252	0.7003
0.37456	0.6317
0.32897	0.6578
0.7812	0.63011
0.7357	0.69738
0.51099	0.70668
0.43284	0.71288
0.40566	0.66044
0.41028	0.71873
0.43169	0.71223
0.43843	0.68509
0.45185	0.65879
0.50107	0.70547
0.51641	0.64108
0.33564	0.75506
0.47369	0.70847
0.34787	0.62855
0.42378	0.68473
0.37859	0.61067
0.45221	0.70756
0.36729	0.6057
0.39646	0.65511
0.37987	0.74491
0.56893	0.76694
0.74209	0.69765
0.31645	0.71639
0.423	0.58372
0.44648	0.82545
0.59932	0.73088
0.48747	0.65559
0.37499	0.60486
0.33006	0.54175
0.37009	0.68616
0.45811	0.735
0.3171	0.72607
0.46754	0.73768
0.42232	0.60046
0.33186	0.69756
0.29074	0.68163
0.37038	0.69091
0.52044	0.6641
0.46053	0.70219
0.41864	0.62208
0.37355	0.59869
0.47583	0.67873
0.62279	0.69353
0.5706	0.7914
0.32647	0.6788
0.58938	0.65284
0.39937	0.70803
0.23867	0.61231
0.58836	0.66578
0.37082	0.69341
0.86673	0.57561
0.25326	0.63899
0.41629	0.71681
0.27243	0.53867
0.52706	0.69557
0.45906	0.59598
0.44573	0.81821
0.40695	0.60138
0.39938	0.63158
0.27313	0.59024
0.46423	0.64637
0.53711	0.66771
0.73871	0.69953
0.45176	0.66714
0.3939	0.68399
0.58615	0.64761
0.3415	0.55689
0.64817	0.88964
0.55896	0.65622
0.25947	0.61216
0.42124	0.73774
0.83164	0.67217
0.45645	0.65138
0.44947	0.71699
0.64489	0.64238
0.42433	0.65656
0.41857	0.72801
0.12737	0.66471
0.43423	0.71619
0.52221	0.62236
0.43129	0.68161
0.64467	0.69727
0.43537	0.60702
0.70882	0.73807
0.4032	0.60834
0.52168	0.69564
0.3705	0.68134
0.4679	0.68441
0.35322	0.63633
0.39736	0.67459
0.56775	0.7081
0.28418	0.6925
0.43883	0.70467
0.50906	0.78258
0.34913	0.72779
0.40747	0.67523
0.36507	0.64271
0.42981	0.77042
0.27641	0.68622
0.44982	0.68549
0.38058	0.6783
0.5317	0.67747
0.43016	0.78789
0.32023	0.68219
0.47718	0.70278
0.63207	0.70805
0.349	0.76275
0.39675	0.6889
0.4802	0.77328
0.53228	0.65011
0.4444	0.69791
0.37129	0.6678
0.4705	0.72629
0.33788	0.63726
0.40533	0.66416
0.53237	0.75931
0.28121	0.59225
0.23188	0.67765
0.29326	0.61432
0.39474	0.59505
0.40019	0.72953
0.40178	0.65652
0.60307	0.75695
0.44737	0.69413
0.38689	0.67194
0.36895	0.65746
0.46518	0.71803
0.43922	0.6565
0.31781	0.59224
0.44653	0.73418
0.36944	0.70195
0.58821	0.70268
0.40631	0.71704
0.66374	0.52667
0.36604	0.61091
0.4561	0.7012
0.38623	0.68501
0.37753	0.67454
0.2522	0.63555
0.33907	0.77816
0.23406	0.54756
0.3248	0.70791
0.36875	0.80317
0.25175	0.55191
0.62829	0.66141
0.46703	0.69456
0.39192	0.69809
0.2932	0.6134
0.34739	0.7614
0.47455	0.8189
0.43776	0.66185
0.28159	0.6528
0.6552	0.64153
0.33526	0.69991
0.50429	0.72874
0.40181	0.78593
0.4722	0.71839
0.39615	0.7625
0.2854	0.68698
0.44204	0.67247
0.40343	0.67157
0.42945	0.65462
0.2685	0.71812
0.44605	0.70785
0.47511	0.80552
0.43001	0.74398
0.52892	0.66371
0.56088	0.63925
0.38987	0.72694
0.46633	0.71167
0.39691	0.50978
0.55419	0.76291
0.51293	0.69063
0.38772	0.68508
0.38482	0.80317
0.35877	0.70919
0.39973	0.73946
0.48371	0.79822
0.25048	0.69221
0.39989	0.71726
0.44682	0.73121
0.16828	0.55152
0.40727	0.76123
0.28758	0.64174
0.4766	0.65996
0.58717	0.73047
0.21039	0.64018
0.30849	0.55301
0.48779	0.61633
0.30132	0.74396
0.527	0.65929
0.63208	0.69643
0.3048	0.73304
0.37505	0.76218
0.444	0.69603
0.37231	0.68326
0.22482	0.66017
0.42982	0.7031
0.42087	0.66383
0.27022	0.6421
0.44848	0.59293
0.43227	0.65687
0.30264	0.63401
0.50434	0.64375
0.1893	0.58388
0.29233	0.71852
0.63647	0.70066
0.38526	0.73342
0.54329	0.47319
0.47587	0.74274
0.39516	0.81094
0.45226	0.72638
0.50293	0.73047
0.3942	0.65613
0.61924	0.74333
0.42912	0.67891
0.42266	0.68037
0.40534	0.80725
0.36054	0.65471
0.71513	0.65756
0.24827	0.60427
0.47782	0.76846
0.39508	0.638
0.45901	0.72874
0.42001	0.68782
0.24114	0.51554
0.437	0.63741
0.43071	0.69145
0.45517	0.68661
0.41726	0.72863
0.48716	0.66605
0.15892	0.54433
0.41405	0.68163
0.51328	0.77703
0.53984	0.68283
0.40658	0.64633
0.45256	0.67764
0.49216	0.74345
0.48717	0.68165
0.61268	0.67333
0.40615	0.59922
0.37847	0.58829
0.47589	0.61382
0.63521	0.78513
0.44237	0.7598
0.20347	0.67568
0.46791	0.64372
0.23643	0.50995
0.3157	0.69479
0.40747	0.63592
0.80694	0.60062
0.39137	0.64314
0.42816	0.88437
0.45558	0.64929
0.64881	0.7082
0.45748	0.67268
0.41244	0.73207
0.54977	0.65896
0.55702	0.69088
0.67302	0.75463
0.41078	0.7464
0.52664	0.79644
0.44448	0.79979
0.82946	0.65472
0.58399	0.69172
0.44354	0.71517
0.493	0.71342
0.48514	0.6479
0.39007	0.74957
0.366	0.69427
0.42257	0.63618
0.35032	0.69224
0.55591	0.61944
0.52619	0.71175
0.21308	0.61239
0.43513	0.59346
0.37623	0.70326
0.56175	0.71797
0.33618	0.75085
0.52133	0.63978
0.29783	0.60701
0.39468	0.67869
0.42706	0.81852
0.66717	0.66928
0.37673	0.67942
0.51306	0.77587
0.4942	0.67241
0.61958	0.72875
0.36419	0.67574
0.41736	0.73988
0.21074	0.62629
0.74831	0.61985
0.36435	0.66916
0.4523	0.63784
0.46842	0.71498
0.62673	0.79473
0.52128	0.82931
0.45465	0.68938
0.35966	0.71975
0.40634	0.70234
0.47254	0.72743
0.35561	0.66487
0.43698	0.71746
0.41168	0.61908
0.36152	0.69899
0.45091	0.68275
0.38482	0.66031
0.14744	0.74185
0.55122	0.67556
0.42553	0.69491
0.45499	0.72547
0.40464	0.66183
0.42669	0.60248
0.46624	0.65349
0.35322	0.59768
0.48593	0.68575
0.42213	0.74069
0.4172	0.78533
0.41927	0.69558
0.40056	0.70812
0.53535	0.76354
0.50401	0.7125
0.30501	0.68351
0.60831	0.71681
0.33237	0.72642
0.55607	0.57229
0.35541	0.70609
0.39508	0.73444
0.29077	0.55892
0.5224	0.73781
0.37232	0.74486
0.461	0.78117
0.42888	0.6944
0.33886	0.73539
0.40189	0.66031
0.51977	0.73432
0.42698	0.80716
0.3568	0.64002
0.36398	0.62214
0.49038	0.72425
0.51579	0.72348
0.55789	0.73623
0.43907	0.69607
0.46608	0.66595
0.4422	0.66118
0.41707	0.72389
0.33774	0.67664
0.61114	0.64156
0.50603	0.68878
0.43574	0.75389
0.44147	0.70625
0.39547	0.76476
0.52167	0.59135
0.41548	0.73432
0.40063	0.70418
0.53207	0.73086
0.56495	0.63257
0.32018	0.60703
0.38686	0.70417
0.46771	0.62414
0.21556	0.69243
0.50805	0.70729
0.33679	0.76127
0.35457	0.69983
0.34427	0.78454
0.55223	0.73182
0.50282	0.59749
0.46689	0.64115
0.46765	0.69688
0.33442	0.55931
0.4161	0.58696
0.40972	0.73431
0.31847	0.67364
0.40312	0.61787
0.36124	0.6611
0.37905	0.74742
0.27318	0.57376
0.32989	0.72672
0.6402	0.69096
0.3931	0.6818
0.43448	0.68483
0.33126	0.64302
0.35439	0.74394
0.51588	0.85291
0.54218	0.79922
0.4248	0.72562
0.849	0.6733
0.39714	0.64516
0.38985	0.80282
0.45498	0.66639
0.42069	0.62404
0.40416	0.65498
0.45536	0.68723
0.46758	0.75191
0.38101	0.64219
0.6641	0.53419
0.44392	0.74542
0.4608	0.72313
0.39944	0.65488
0.36537	0.62161
0.28309	0.55612
0.77475	0.67648
0.16345	0.66222
0.49391	0.75765
0.54605	0.69465
0.44495	0.68435
0.48457	0.69434
0.70408	0.6542
0.56835	0.62079
0.56746	0.69794
0.45866	0.72036
0.64901	0.63721
0.5031	0.69753
0.45057	0.62777
0.44573	0.68502
0.40548	0.72534
0.63635	0.65435
0.38658	0.68534
0.5749	0.82505
0.34299	0.68861
0.73552	0.81135
0.50735	0.74576
0.64004	0.6161
0.37204	0.6751
0.41159	0.63968
0.41839	0.68889
0.50414	0.72547
0.45396	0.78188
0.66882	0.63406
0.45367	0.67005
0.42198	0.682
0.43603	0.64186
0.31058	0.76223
0.30786	0.75249
0.27893	0.5665
0.4375	0.66428
0.37383	0.7204
0.44221	0.64176
0.42521	0.718
0.46622	0.74396
0.36286	0.60785
0.35991	0.81494
0.51771	0.62808
0.38688	0.70757
0.39055	0.64346
0.39074	0.71218
0.30762	0.61217
0.37843	0.74665
0.33735	0.75913
0.46534	0.7232
0.42821	0.66841
0.38481	0.7063
0.4873	0.73876
0.57107	0.68785
0.3014	0.56762
0.36148	0.77853
0.21336	0.67195
0.31025	0.61449
0.46829	0.61871
0.66866	0.74371
0.50527	0.68665
0.62483	0.74515
0.45679	0.67267
0.44689	0.65921
0.61595	0.74573
0.36353	0.6904
0.52751	0.73606
0.35488	0.61084
0.29565	0.70866
0.59043	0.71514
0.34087	0.71833
0.49422	0.73961
0.40992	0.61599
0.18014	0.66145
0.44553	0.73443
0.35808	0.75711
0.59514	0.67117
0.30425	0.54508
0.36916	0.7166
0.46045	0.56499
0.35452	0.66778
0.4622	0.79231
0.39683	0.77527
0.36621	0.60985
0.57714	0.81023
0.446	0.7364
0.53961	0.66784
0.91661	0.7261
0.38094	0.6932
0.35617	0.68643
0.38761	0.69186
0.18191	0.6533
0.38447	0.70985
0.41573	0.6617
0.74204	0.62351
0.36223	0.65304
0.38829	0.63543
0.2698	0.69397
0.40991	0.63076
0.32737	0.6916
0.57946	0.69529
0.46702	0.66749
0.39544	0.63302
0.43832	0.59779
0.31989	0.68295
0.52872	0.67711
0.44971	0.68305
0.37129	0.62073
0.41923	0.6612
0.29461	0.58213
0.35968	0.6696
0.1751	0.62477
0.42909	0.69044
0.48537	0.69561
0.4285	0.62509
0.36287	0.54873
0.41775	0.76845
0.39055	0.65798
0.45431	0.57567
0.43204	0.73855
0.33134	0.60813
0.46452	0.66772
0.45999	0.72011
0.39723	0.59142
0.3559	0.61703
0.28916	0.60017
0.40466	0.71106
0.34898	0.67296
0.33278	0.73647
0.3837	0.75528
0.49506	0.7085
0.37071	0.68553
0.49537	0.71978
0.44832	0.68917
0.62925	0.58189
0.48329	0.67846
0.3444	0.80721
0.35974	0.64653
0.44865	0.58311
0.53303	0.65488
0.54281	0.77714
0.41091	0.77774
0.72829	0.61343
0.56723	0.68232
0.64479	0.72386
0.40362	0.73719
0.41303	0.69477
0.57868	0.57296
0.48523	0.63136
0.4045	0.69731
0.46257	0.61605
0.58484	0.74213
0.35338	0.69527
0.44368	0.67916
0.4191	0.82957
0.66732	0.62139
0.28969	0.69739
0.30499	0.48602
0.44992	0.72898
0.44142	0.72366
0.37141	0.7496
0.51956	0.65517
0.39788	0.75376
0.29094	0.58576
0.37874	0.77372
0.21264	0.56088
0.41615	0.83073
0.54877	0.67866
0.4051	0.7864
0.6665	0.72102
0.40441	0.69941
0.34013	0.64937
0.32611	0.67883
0.76242	0.77138
0.48704	0.81451
0.49991	0.72497
0.45638	0.75333
0.34917	0.73808
0.38984	0.6752
0.52102	0.75667
0.4687	0.6965
0.43368	0.59767
0.34915	0.72184
0.33181	0.6293
0.52604	0.70821
0.4622	0.65534
0.46041	0.66383
0.39747	0.69042
0.4701	0.75974
0.41993	0.69585
0.51645	0.68925
0.48531	0.6599
0.34862	0.65761
0.38297	0.69323
0.37416	0.76814
0.29737	0.63331
0.41179	0.72744
0.43018	0.69701
0.41561	0.80102
0.39838	0.69051
0.40128	0.65758
0.54418	0.72248
0.348	0.80454
0.40388	0.65098
0.57505	0.74422
0.39169	0.69045
0.59571	0.72842
0.37825	0.74366
0.35137	0.64668
0.64019	0.59559
0.43947	0.72455
0.4213	0.70328
0.70004	0.6303
0.70503	0.77619
0.3796	0.67265
0.46767	0.6491
0.41372	0.68871
0.3114	0.81912
0.11619	0.53614
0.56613	0.72336
0.43772	0.61891
0.47114	0.6422
0.57173	0.82159
0.42797	0.74525
0.34771	0.70812
0.49267	0.7418
0.5591	0.55726
0.55024	0.80916
0.34877	0.76237
0.50301	0.69383
0.46364	0.77658
0.44164	0.6975
0.38353	0.55425
0.43601	0.66096
0.39453	0.506
0.44269	0.67484
0.41447	0.55843
0.60534	0.79331
0.43113	0.71306
0.59769	0.66272
0.47743	0.71165
0.38915	0.54645
0.31815	0.7265
0.4837	0.55006
0.36588	0.72895
0.39326	0.70837
0.51062	0.7127
0.22095	0.65601
0.44446	0.76024
0.55547	0.80718
0.40875	0.69941
0.26506	0.72875
0.58618	0.7006
0.561	0.74868
0.24983	0.58363
0.35212	0.58377
0.39917	0.72917
0.33997	0.63071
0.3707	0.66951
0.26532	0.57226
0.38916	0.73588
0.35264	0.7792
0.43316	0.65648
0.30249	0.80545
0.5452	0.70755
0.44232	0.73544
0.32504	0.70133
0.40119	0.65619
0.33985	0.52647
0.46197	0.69365
0.32361	0.72751
0.36164	0.71033
0.27713	0.6902
0.25986	0.51091
0.57723	0.75967
0.5287	0.7335
0.42474	0.74416
0.7233	0.61555
0.48642	0.64492
0.35782	0.64245
0.58967	0.68389
0.44055	0.68389
0.28078	0.65314
0.43251	0.76445
0.40145	0.70778
0.36237	0.69444
0.43901	0.70367
0.52012	0.5401
0.6097	0.69294
0.4047	0.68079
0.46158	0.59746
0.33484	0.79663
0.35934	0.73537
0.27296	0.67343
0.38048	0.69414
0.47967	0.63194
0.53438	0.78358
0.59307	0.69996
0.30965	0.72304
0.42808	0.60154
0.47817	0.65252
0.37631	0.69334
0.40396	0.72397
0.47113	0.75039
0.29441	0.65014
0.56488	0.59011
0.31805	0.73918
0.49371	0.64846
0.43524	0.70443
0.53826	0.64988
0.20233	0.72849
0.52525	0.66504
0.44376	0.60846
0.45573	0.8093
0.30204	0.63075
0.26829	0.64655
0.1965	0.68313
0.48567	0.67908
0.6285	0.78837
0.55904	0.802
0.63272	0.74685
0.33142	0.76456
0.32753	0.61374
0.52226	0.7194
0.44995	0.7863
0.45601	0.64822
0.4374	0.66129
0.57281	0.65848
0.43441	0.58161
0.39898	0.72006
0.62296	0.66714
0.56218	0.66082
0.46512	0.73928
0.29686	0.61417
0.27722	0.5624
0.36606	0.66641
0.41053	0.57321
0.17006	0.58836
0.58265	0.71198
0.4412	0.66556
0.7069	0.70153
0.29659	0.65458
0.43526	0.58001
0.37546	0.6188
0.41984	0.80453
0.35845	0.77737
0.58979	0.68691
0.68689	0.65732
0.49496	0.67925
0.37428	0.72567
0.4298	0.62856
0.36178	0.80863
0.62589	0.68826
0.45866	0.71626
0.42512	0.72145
0.34107	0.60802
0.41328	0.68688
0.44592	0.73458
0.37161	0.71095
0.27721	0.46822
0.40924	0.62885
0.36283	0.59154
0.43905	0.74115
0.43914	0.71713
0.49822	0.65137
0.23423	0.66695
0.37883	0.70248
0.56121	0.69897
0.40863	0.63094
0.48725	0.76431
0.34331	0.66659
0.36599	0.67804
0.60221	0.68251
0.42668	0.63753
0.38475	0.65499
0.40826	0.70614
0.79783	0.62947
0.42461	0.70456
0.41645	0.74634
0.30955	0.6408
0.56183	0.68279
0.41564	0.70415
0.4239	0.7166
0.55633	0.66729
0.55903	0.72853
0.66655	0.64673
0.30792	0.73839
0.40574	0.69342
0.50171	0.68574
0.44062	0.66945
0.64019	0.7795
0.42059	0.66041
0.3627	0.62629
0.37212	0.72693
0.40195	0.71687
0.40271	0.7109
0.33899	0.60563
0.24146	0.58025
0.43127	0.6358
0.49281	0.76566
0.44662	0.65119
0.38632	0.6701
0.71716	0.75993
0.50588	0.70222
0.10714	0.64852
0.35118	0.85253
0.81348	0.70193
0.44063	0.73929
0.40927	0.71924
0.41846	0.68403
0.52305	0.623
0.51788	0.69949
0.8361	0.66634
0.45583	0.74861
0.38486	0.81751
0.47947	0.68926
0.56449	0.66769
0.41425	0.66362
0.59494	0.67702
0.42269	0.76539
0.30982	0.66275
0.55641	0.62659
0.39801	0.75563
0.73415	0.56848
0.4217	0.72354
0.3107	0.69036
0.45345	0.74465
0.34126	0.70559
0.52781	0.75231
0.53603	0.64581
0.31277	0.55804
0.53252	0.76033
0.45233	0.57776
0.56733	0.78205
0.45256	0.69679
0.33926	0.57693
0.34542	0.66938
0.03286	0.50991
0.38359	0.70454
0.41604	0.74912
0.62185	0.74638
0.63915	0.56095
0.4047	0.70924
0.47176	0.7409
0.41274	0.67265
0.58988	0.73487
0.42555	0.70408
0.65451	0.56735
0.45884	0.7003
0.2901	0.62801
0.39724	0.65623
0.50659	0.664
0.62375	0.64922
0.48536	0.70581
0.34042	0.72072
0.53537	0.66989
0.50784	0.76201
0.3627	0.61363
0.4113	0.7596
0.35383	0.72236
0.5969	0.71192
0.63529	0.74449
0.33123	0.57457
0.46995	0.71095
0.37994	0.64057
0.28261	0.66959
0.39875	0.6273
0.38999	0.73349
0.36096	0.69667
0.53286	0.76837
0.40364	0.71468
0.42703	0.72119
0.22821	0.57148
0.5732	0.611
0.3792	0.67956
0.55266	0.62459
0.43864	0.76154
0.62418	0.70661
0.41367	0.69804
0.39717	0.76721
0.47612	0.68637
0.40525	0.58663
0.39246	0.76402
0.4786	0.69832
0.36952	0.5604
0.45206	0.71329
0.33595	0.72107
0.3673	0.81524
0.37713	0.69943
0.4757	0.59575
0.38366	0.79449
0.45412	0.73334
0.25222	0.68753
0.41299	0.64545
0.18034	0.59772
0.35085	0.68129
0.25984	0.62601
0.42844	0.65117
0.62757	0.69761
0.40395	0.63898
0.29656	0.47736
0.40475	0.73163
0.40673	0.6863
0.44794	0.68828
0.41302	0.65491
0.44749	0.71761
0.36978	0.56861
0.6343	0.82054
0.43921	0.58219
0.28269	0.50901
0.86744	0.68641
0.38982	0.62763
0.40605	0.7425
0.49503	0.72003
0.4528	0.58207
0.2599	0.61244
0.50736	0.80175
0.48816	0.71678
0.51865	0.65309
0.43705	0.66297
0.6513	0.62959
0.34891	0.67889
0.59125	0.66796
0.35077	0.57159
0.30361	0.74805
0.38316	0.65956
0.47044	0.68194
0.43553	0.56226
0.48763	0.66739
0.59909	0.70079
0.51274	0.75047
0.3971	0.69724
0.32923	0.73186
0.37538	0.77209
0.42255	0.63682
0.34752	0.67154
0.42892	0.61477
0.39595	0.67065
0.40993	0.60915
0.72539	0.78864
0.45856	0.67351
0.35863	0.70444
0.42373	0.7242
0.34141	0.71583
0.52788	0.69918
0.42515	0.68763
0.41772	0.75877
0.15991	0.59214
0.80816	0.66117
0.31644	0.74109
0.38566	0.6773
0.43381	0.75913
0.46909	0.69716
0.38413	0.70883
0.37365	0.66154
0.3966	0.64635
0.42955	0.65815
0.59796	0.74189
0.53347	0.72247
0.51382	0.67417
0.52154	0.60195
0.55762	0.84307
0.34886	0.60267
0.37442	0.75384
0.42208	0.65067
0.38488	0.65214
0.54773	0.66809
0.40881	0.82024
0.68648	0.5848
0.4817	0.79256
0.43286	0.65579
0.39057	0.5807
0.80099	0.55004
0.28272	0.67299
0.45357	0.67611
0.4105	0.67754
0.6276	0.72076
0.32537	0.74446
0.41734	0.72531
0.75488	0.81592
0.36523	0.70592
0.61686	0.7244
0.36012	0.68295
0.46201	0.78024
0.25692	0.67432
0.37692	0.71318
0.32806	0.69897
0.41085	0.66383
0.14608	0.69899
0.4441	0.81204
0.41833	0.68144
0.56158	0.69493
0.48388	0.78503
0.44026	0.62811
0.63933	0.68786
0.28523	0.66372
0.34945	0.62021
0.24265	0.70544
0.56893	0.69542
0.38801	0.67522
0.30992	0.56932
0.10549	0.57116
0.35877	0.70028
0.22993	0.61528
0.35828	0.71791
0.68131	0.74712
0.43445	0.68113
0.4307	0.63779
0.4886	0.72918
0.4292	0.68194
0.35803	0.6999
0.45061	0.70737
0.47414	0.6634
0.49511	0.6429
0.46721	0.71397
0.2775	0.69665
0.49789	0.69646
0.31211	0.70715
0.37364	0.82236
0.42806	0.7506
0.29079	0.66368
0.19103	0.70574
0.375	0.62859
0.37082	0.63345
0.48355	0.6787
0.34625	0.64114
0.2659	0.5992
0.38308	0.59785
0.37381	0.58852
0.4371	0.67698
0.36408	0.57369
0.44863	0.76355
0.39014	0.6732
0.55064	0.61902
0.35169	0.63831
0.43418	0.61452
0.48224	0.69061
0.47623	0.7766
0.39611	0.64324
0.49166	0.61232
0.26675	0.67823
0.45469	0.60561
0.47455	0.69384
0.3981	0.80989
0.45576	0.69394
0.52539	0.74813
0.47847	0.62524
0.3355	0.69038
0.3877	0.71932
0.45214	0.69212
0.47121	0.73657
0.40565	0.74008
0.35306	0.69576
0.47126	0.72915
0.33638	0.62184
0.33099	0.72673
0.71653	0.75531
0.33272	0.68877
0.3934	0.69208
0.43874	0.61783
0.48797	0.75251
0.38444	0.63336
0.38095	0.79345
0.26411	0.67466
0.34466	0.73082
0.45871	0.65816
0.31681	0.66323
0.37152	0.67424
0.26814	0.58684
0.43481	0.69051
0.48744	0.76043
0.76619	0.61067
0.56534	0.75827
0.54613	0.71979
0.42722	0.65264
0.40055	0.61648
0.29988	0.67269
0.50031	0.64674
0.5777	0.5893
0.48138	0.74069
0.41955	0.64825
0.43442	0.74467
0.28068	0.80255
0.37158	0.77432
0.30378	0.68304
0.37297	0.67853
0.61881	0.71928
0.45084	0.66222
0.24338	0.62532
0.39671	0.75114
0.35166	0.80672
0.43287	0.73986
0.39874	0.6826
0.40978	0.62813
0.32765	0.63951
0.60372	0.66274
0.43375	0.72337
0.53193	0.80082
0.37382	0.66295
0.52805	0.75503
0.47152	0.61681
0.34838	0.67088
0.32884	0.56789
0.44053	0.767
0.47075	0.72858
0.63055	0.60617
0.22935	0.66617
0.30233	0.62885
0.43605	0.77207
0.42052	0.6926
0.40896	0.58188
0.39009	0.74941
0.51261	0.65566
0.50956	0.76154
0.35543	0.73481
0.52715	0.60064
0.4449	0.65588
0.31895	0.74076
0.4554	0.73791
0.53454	0.64946
0.31378	0.64471
0.39675	0.7204
0.26678	0.64843
0.48513	0.66528
0.27949	0.64544
0.58634	0.73135
0.41672	0.68693
0.36872	0.73281
0.43794	0.65279
0.51249	0.58502
0.20693	0.62982
0.74	0.74493
0.52811	0.74614
0.20607	0.59697
0.35203	0.61823
0.4509	0.68615
0.43648	0.74982
0.30946	0.76603
0.53022	0.74394
0.58444	0.72531
0.57252	0.70565
0.47907	0.68774
0.43772	0.70998
0.36522	0.79914
0.27609	0.55757
0.24545	0.65947
0.26514	0.58366
0.46903	0.74278
0.53974	0.54145
0.27434	0.6474
0.35284	0.59716
0.41091	0.63409
0.55343	0.74511
0.3215	0.61958
0.51277	0.72531
0.3747	0.68372
0.44927	0.7239
0.29368	0.67134
0.48192	0.64915
0.45501	0.70372
0.41505	0.62648
0.43347	0.77571
0.62016	0.70907
0.37301	0.82663
0.34499	0.77994
0.81005	0.72334
0.5238	0.6842
0.46064	0.6696
0.62459	0.66142
0.39378	0.66753
0.57892	0.57951
0.27802	0.59965
0.49679	0.62418
0.45947	0.68196
0.41604	0.80245
0.51689	0.63987
0.31799	0.72595
0.4252	0.66053
0.55839	0.74005
0.41228	0.68382
0.54919	0.71726
0.40824	0.69592
0.53932	0.66209
0.34698	0.60868
0.41213	0.59941
0.47813	0.61888
0.36719	0.63108
0.41869	0.6907
0.45068	0.73177
0.46063	0.73925
0.52071	0.65947
0.63697	0.64205
0.32784	0.62969
0.24686	0.56185
0.23011	0.66532
0.59784	0.77711
0.41766	0.72043
0.75607	0.70275
0.67959	0.66548
0.47869	0.74463
0.2737	0.58085
0.40574	0.69989
0.52328	0.67122
0.42386	0.73424
0.20634	0.56445
0.35159	0.60542
0.36676	0.59994
0.4483	0.69402
0.54639	0.70549
0.44294	0.79793
0.41775	0.65514
0.54088	0.70737
0.62842	0.62448
0.36245	0.67074
0.45017	0.71414
0.31725	0.85623
0.77496	0.71824
0.3655	0.66082
0.59647	0.60356
0.69841	0.74044
0.41798	0.65349
0.5299	0.72163
0.70426	0.67412
0.21938	0.72674
0.52247	0.65001
0.73919	0.77441
0.41179	0.73887
0.42549	0.68848
0.39265	0.68005
0.35594	0.7986
0.35353	0.71088
0.45445	0.6753
0.89004	0.82755
0.4375	0.61318
0.21802	0.79434
0.3615	0.66681
0.5318	0.70661
0.34041	0.68306
0.39558	0.60437
0.65447	0.69809
0.45747	0.61424
0.52715	0.71111
0.40844	0.60937
0.27422	0.63128
0.4492	0.6531
0.72346	0.55661
0.51023	0.78226
0.76796	0.68416
0.36602	0.63929
0.3542	0.63083
0.34456	0.65825
0.46552	0.55367
0.24438	0.5073
0.46485	0.6712
0.37969	0.64492
0.37999	0.67631
0.62473	0.76672
0.63071	0.69255
0.69235	0.85292
0.58228	0.65404
0.32985	0.57827
0.46751	0.63908
0.46604	0.68057
0.7513	0.77096
0.4865	0.60853
0.66475	0.60329
0.32489	0.71622
0.44634	0.65915
0.42461	0.73554
0.41072	0.67335
0.43778	0.68158
0.33065	0.66052
0.59154	0.65109
0.6888	0.64894
0.43293	0.70786
0.40586	0.65266
0.37808	0.63763
0.74421	0.80205
0.27674	0.65804
0.56933	0.60474
0.40712	0.50296
0.44601	0.65351
0.63421	0.8214
0.4777	0.76183
0.3789	0.68269
0.37949	0.54619
0.54951	0.81128
0.47978	0.60491
0.37347	0.63585
0.31894	0.56923
0.4533	0.6664
0.32972	0.71699
0.37325	0.64306
0.53836	0.75462
0.44762	0.63612
0.46231	0.67061
0.28492	0.75384
0.60791	0.67965
0.35346	0.66696
0.41912	0.64265
0.39886	0.73439
0.23667	0.66398
0.48766	0.67993
0.49641	0.64527
0.4516	0.7393
0.59662	0.75597
0.73683	0.70589
0.38307	0.73866
0.78517	0.82092
0.19474	0.50554
0.30094	0.64855
0.25858	0.47054
0.31867	0.68342
0.4523	0.73191
0.40523	0.7753
0.46813	0.71761
0.47258	0.63886
0.26683	0.64081
0.46012	0.74599
0.45804	0.68867
0.43929	0.62335
0.33514	0.70041
0.37585	0.6712
0.49226	0.74169
0.38224	0.74383
0.41456	0.70326
0.63386	0.67538
0.48269	0.80737
0.41935	0.73142
0.44828	0.72118
0.48881	0.60008
0.38884	0.79748
0.33758	0.59383
0.44331	0.6261
0.33028	0.57985
0.41038	0.70719
0.48003	0.76393
0.30456	0.7067
0.33197	0.7719
0.45411	0.74791
0.25644	0.62542
0.44417	0.72147
0.37125	0.74505
0.19632	0.66471
0.44357	0.69394
0.40389	0.7804
0.27507	0.61953
0.40855	0.70945
0.44535	0.59871
0.36931	0.67523
0.4815	0.71978
0.38399	0.70877
0.3952	0.75601
0.38453	0.69151
0.42303	0.77028
0.40836	0.61008
0.56698	0.60485
0.38906	0.64336
0.4527	0.68435
0.45697	0.76553
0.37042	0.55351
0.47154	0.64408
0.32773	0.67373
0.42934	0.76978
0.51363	0.70073
0.41726	0.69286
0.38618	0.7643
0.40847	0.72232
0.26564	0.69265
0.4107	0.67256
0.50766	0.70379
0.22753	0.67776
0.55212	0.68363
0.40063	0.63235
0.37204	0.75736
0.43193	0.64268
0.34024	0.74046
0.75817	0.74547
0.47384	0.70814
0.87005	0.65671
0.46574	0.76566
0.35523	0.57383
0.4249	0.55434
0.55164	0.67349
0.43912	0.68153
0.41956	0.83923
0.43357	0.54241
0.38044	0.67626
0.12713	0.55082
0.40238	0.68735
0.60901	0.45094
0.53346	0.66911
0.64228	0.58195
0.39382	0.71689
0.70622	0.64461
0.35536	0.6156
0.32497	0.66149
0.25452	0.64572
0.29586	0.67826
0.4826	0.7266
0.33123	0.68221
0.40992	0.59944
0.24995	0.61335
0.48771	0.74037
0.39655	0.69587
0.32082	0.72094
0.37253	0.6397
0.56095	0.61955
0.40306	0.70933
0.536	0.69992
0.58869	0.73016
0.34836	0.70073
0.70521	0.73062
0.53222	0.74941
0.29339	0.64594
0.64993	0.71611
0.49606	0.70288
0.44307	0.74852
0.52381	0.71407
0.51334	0.61524
0.48037	0.6747
0.33775	0.65203
0.27922	0.6927
0.43297	0.7871
0.31797	0.69501
0.39751	0.68161
0.27287	0.6442
0.40231	0.70067
0.3761	0.58689
0.20243	0.42266
0.42144	0.72097
0.40079	0.52732
0.58425	0.66354
0.41975	0.76394
0.23618	0.60747
0.36072	0.5711
0.45928	0.76647
0.39529	0.73446
0.58323	0.62342
0.38871	0.72487
0.38549	0.71552
0.48968	0.64662
0.63673	0.72497
0.46595	0.65349
0.2885	0.55158
0.58208	0.56471
0.43932	0.68537
0.37661	0.62955
0.41669	0.69336
0.28255	0.67725
0.41659	0.68605
0.29522	0.69654
0.46671	0.6712
0.40148	0.60093
0.3729	0.78593
0.30635	0.58785
0.37617	0.7929
0.48488	0.79315
0.37653	0.77105
0.3074	0.60687
0.40563	0.63857
0.35216	0.61203
0.47624	0.73458
0.82209	0.61875
0.45982	0.66955
0.42456	0.6396
0.51591	0.61445
0.4689	0.77722
0.64694	0.62171
0.2662	0.64642
0.3329	0.65952
0.35754	0.73012
0.36416	0.65912
0.45272	0.62378
0.44013	0.66836
0.56403	0.6865
0.51877	0.78159
0.31606	0.67563
0.36927	0.63543
0.54585	0.65191
0.54047	0.6693
0.38746	0.69655
0.44776	0.62613
0.2894	0.67365
0.36907	0.5641
0.48819	0.61503
0.30764	0.65905
0.52813	0.66324
0.51962	0.65392
0.30035	0.62751
0.42029	0.67617
0.12807	0.52949
0.48709	0.69661
0.36843	0.72454
0.78118	0.67987
0.36014	0.66541
0.40594	0.66062
0.45372	0.67723
0.42522	0.76255
0.36097	0.63946
0.46486	0.70725
0.44367	0.57316
0.36792	0.67723
0.24444	0.70376
0.33041	0.64671
0.59305	0.76749
0.70112	0.60683
0.3055	0.72291
0.55761	0.65479
0.57476	0.68162
0.36827	0.68287
0.44001	0.73943
0.39818	0.68951
0.41925	0.69822
0.73982	0.68893
0.28366	0.6361
0.78344	0.63977
0.48031	0.73273
0.43073	0.6269
0.50377	0.65601
0.43309	0.6663
0.276	0.64983
0.4733	0.63206
0.62064	0.69688
0.36405	0.71743
0.60632	0.75614
0.34756	0.73109
0.35251	0.70634
0.41464	0.60925
0.43659	0.6692
0.31365	0.67042
0.2923	0.65585
0.35966	0.6851
0.37139	0.69619
0.34663	0.55307
0.21592	0.65155
0.63721	0.72778
0.47542	0.65056
0.46402	0.6389
0.38488	0.66243
0.38423	0.69143
0.41703	0.68951
0.36246	0.49183
0.47845	0.74685
0.38252	0.57894
0.48141	0.68941
0.5452	0.70334
0.41026	0.63991
0.49759	0.58416
0.43531	0.77502
0.55673	0.7328
0.74035	0.84903
0.47772	0.7745
