0.69231	0.65161	0.59227	0.78766	
0.97227	0.80697	0.61811	0.81471	
0.99972	0.84072	0.64027	0.91451	
0.8756	0.84415	0.64565	0.77368	
1.18033	1.39812	1.01568	0.97015	
1.46389	1.20401	0.71425	0.60753	
0.80203	0.69542	0.58546	0.74865	
0.7672	0.73826	0.60824	0.85994	
0.85645	0.74	0.61039	0.89457	
0.83318	0.76022	0.62642	0.81397	
0.93944	0.76654	0.59738	0.80633	
0.84629	0.8324	0.64276	0.79094	
0.95216	0.76019	0.61048	0.99099	
0.86368	0.73465	0.62851	0.75699	
0.97639	0.78195	0.60147	0.83098	
1.04385	0.90288	0.69127	0.84563	
1.30752	1.01318	0.80607	1.01914	
1.06414	0.92728	0.66114	0.83128	
1.16479	0.91717	0.67317	0.9242	
0.81702	0.68936	0.58454	0.79637	
1.14119	0.91086	0.64044	0.83554	
1.16209	0.90582	0.66193	0.84898	
0.84698	0.80182	0.64676	0.86995	
0.83546	0.68969	0.55658	0.86461	
1.19122	0.90331	0.7346	0.9062	
1.33052	1.04676	0.74806	0.89764	
0.95453	0.80033	0.66	0.79685	
0.94066	0.8105	0.61212	0.81319	
0.90515	0.7918	0.63641	0.80953	
1.02858	0.82496	0.63296	0.82544	
0.84255	0.68081	0.56619	0.73546	
0.80463	0.68011	0.59183	0.80818	
1.46133	1.15212	0.85588	1.07503	
0.94515	0.72926	0.60701	0.8455	
0.94036	0.82075	0.62961	0.8621	
0.77958	0.70187	0.58907	0.82569	
0.9808	0.87925	0.65566	0.77834	
0.63428	0.73646	0.60059	0.80798	
0.96152	0.80887	0.63719	0.93824	
0.84158	0.75205	0.61935	0.80871	
0.98753	0.79552	0.63627	0.87422	
1.03494	0.82539	0.61649	0.81954	
1.01467	0.82662	0.69744	0.86262	
0.74251	0.72025	0.60483	0.76766	
0.95812	0.82882	0.64215	0.80724	
1.00499	0.86679	0.75042	0.85944	
0.94374	0.71693	0.59381	0.78131	
1.24608	0.97002	0.78518	0.95218	
1.61736	1.30174	0.91636	1.17817	
0.99523	0.80371	0.59605	0.77082	
0.94557	0.84675	0.6293	0.83726	
1.46003	1.19176	0.93083	0.96711	
0.85344	0.74092	0.58946	0.76521	
0.84292	0.7318	0.61421	0.78387	
0.90081	0.71639	0.57185	0.89099	
1.20833	1.01971	0.79128	0.91226	
1.08308	0.87264	0.71719	0.89318	
1.01904	0.80353	0.66983	0.9315	
0.83677	0.79159	0.59681	0.79446	
0.91286	0.77911	0.61485	0.84081	
1.24337	0.96396	0.81932	1.07858	
0.82275	0.77703	0.60857	0.80234	
1.0621	1.0687	0.81109	0.8523	
0.87227	0.70862	0.59178	0.77909	
0.85187	0.77237	0.59763	0.83187	
0.97912	0.78676	0.61999	0.72025	
0.96661	0.77176	0.65799	0.84304	
1.05657	0.84645	0.6477	0.86862	
0.82532	0.70656	0.60548	0.78795	
0.73586	0.72133	0.61338	0.8263	
0.82626	0.7347	0.61581	0.81014	
0.8982	0.72485	0.60093	0.80037	
0.97182	0.78105	0.6126	0.78494	
0.82981	0.69996	0.55678	0.81437	
0.94112	0.75168	0.60707	0.83639	
0.91287	0.73673	0.60544	0.80746	
0.82509	0.76	0.61418	0.75541	
1.28319	1.00022	0.79179	0.96246	
1.01306	0.8359	0.62636	0.84478	
1.22349	1.02618	0.68633	0.96655	
1.25358	1.00801	0.67443	0.89033	
0.80729	0.7429	0.57537	0.7417	
0.87702	0.80903	0.62373	0.80731	
0.8644	0.7452	0.59674	0.83314	
0.85476	0.74958	0.61764	0.85524	
0.88202	0.72323	0.59913	0.90027	
0.91431	0.7536	0.61136	0.75658	
1.2501	1.10211	0.67816	0.52557	
1.18432	0.91572	0.76258	1.02831	
1.176	0.87875	0.73743	0.91271	
0.81542	0.76489	0.61061	0.73682	
0.69428	0.78435	0.60886	0.77812	
1.00964	0.81852	0.68513	0.96108	
1.59704	1.25848	0.77295	0.73102	
1.09433	0.85743	0.63045	0.85906	
0.78972	0.76743	0.60911	0.80024	
0.95571	0.83037	0.65935	0.7881	
0.95155	0.78871	0.59512	0.84727	
0.81182	0.73274	0.61386	0.74729	
0.74306	0.67266	0.55505	0.73456	
0.88551	0.74039	0.61553	0.8559	
0.79907	0.69096	0.56659	0.82048	
0.82296	0.74831	0.6336	0.86829	
0.8963	0.7271	0.59167	0.77855	
0.8372	0.79283	0.63201	0.75364	
0.94896	0.86227	0.67662	0.83851	
0.90065	0.80293	0.64586	0.77023	
0.93662	0.78518	0.60746	0.83768	
0.92248	0.90916	0.65702	0.7966	
0.78678	0.76823	0.62554	0.81169	
0.91874	0.74942	0.58842	0.86636	
0.8102	0.72949	0.60891	0.77356	
0.78801	0.67338	0.57212	0.79627	
0.75897	0.70475	0.59895	0.88335	
0.7609	0.7299	0.61008	0.81699	
0.95482	0.79217	0.6092	1.02162	
0.95589	0.78724	0.66363	0.80099	
1.54912	1.15079	0.71111	0.79477	
1.10804	0.87564	0.70498	0.92402	
0.905	0.75822	0.60956	0.93557	
1.02737	0.82218	0.63834	0.8247	
0.79911	0.7134	0.60182	0.78611	
0.96277	0.77955	0.61481	0.78256	
1.00567	0.87727	0.6608	0.76616	
1.00293	0.80789	0.62293	0.81286	
0.8943	0.84912	0.65394	0.77967	
1.29166	0.96764	0.62675	0.85701	
0.86418	0.70184	0.63024	1.0331	
1.37068	1.05552	0.76298	0.99157	
1.05334	0.88853	0.69325	0.84814	
1.04598	0.89573	0.68303	0.86065	
0.97906	0.82111	0.6351	0.7813	
0.89339	0.77215	0.62519	0.86413	
0.89309	0.72614	0.57121	0.82083	
0.89056	0.75418	0.60693	0.88976	
0.89964	0.86584	0.66869	0.80712	
1.1683	0.90199	0.74846	0.94764	
1.06115	0.86616	0.64309	0.86246	
1.01569	0.82606	0.60912	0.85978	
1.08151	0.85469	0.6577	0.80097	
0.89733	0.7891	0.66575	0.8	
1.05297	0.87695	0.6541	0.85667	
0.93356	0.85672	0.64088	0.87574	
1.0097	0.81934	0.67107	0.89594	
1.09154	0.88846	0.73539	0.88644	
0.93697	0.79103	0.63011	0.79797	
0.81112	0.69746	0.57618	0.78163	
1.01212	0.79881	0.65731	0.81675	
1.02258	0.88832	0.66519	0.86169	
1.27879	1.2023	0.86518	0.67348	
0.82774	0.70085	0.57075	0.75239	
0.7956	0.73069	0.58303	0.76517	
0.75943	0.73255	0.61746	0.80762	
0.75572	0.68072	0.59312	0.84874	
0.91438	0.78266	0.60008	0.82218	
0.97378	0.81778	0.67646	0.89148	
0.90111	0.80259	0.65212	0.86563	
1.07239	0.93178	0.69018	0.8848	
1.28109	1.01695	0.76055	0.98275	
0.96671	0.76534	0.589	0.82459	
0.82094	0.74239	0.64626	0.77907	
0.90507	0.80003	0.63467	0.89033	
1.04244	0.85111	0.67365	0.91714	
0.97955	0.85902	0.62833	0.83394	
1.01071	0.81113	0.65113	0.77883	
0.85032	0.74655	0.60845	0.76652	
0.74953	0.73442	0.62208	0.76696	
1.04131	0.88821	0.61955	0.794	
0.85289	0.72711	0.57813	0.79948	
0.85851	0.69602	0.5692	0.75835	
0.75455	0.69129	0.57465	0.76718	
0.91075	0.98921	0.75707	0.911	
1.06541	0.83096	0.59432	0.8237	
0.8148	0.85268	0.61678	0.69687	
0.92212	0.74325	0.59554	0.7655	
1.38852	1.16582	0.69252	0.55098	
1.00027	0.87342	0.7111	0.92195	
0.99484	0.92795	0.6801	0.78015	
0.89865	0.78627	0.64315	0.87443	
0.96203	0.79409	0.60929	0.86395	
0.85499	0.83233	0.67135	0.86404	
1.37631	1.08607	0.78539	1.01144	
1.52015	1.20569	0.87936	1.17103	
0.84438	0.77707	0.63508	0.84453	
1.24134	1.01417	0.67231	0.78394	
0.89938	0.87924	0.65098	0.84132	
0.81387	0.69379	0.5794	0.72253	
0.72606	0.64429	0.53828	0.74065	
0.91439	0.77693	0.63045	0.79138	
1.07744	0.89418	0.63616	0.84063	
0.83423	0.828	0.63107	0.80295	
0.85844	0.69497	0.57348	0.78217	
0.92359	0.85818	0.69981	0.81863	
1.22548	0.94969	0.68325	0.87831	
0.82304	0.78419	0.61405	0.73896	
0.90775	0.74235	0.6347	0.80549	
0.90442	0.73825	0.62933	0.79853	
0.8986	0.73317	0.59775	0.78419	
0.95542	0.766	0.60279	0.76718	
0.98608	0.83367	0.68116	0.89409	
0.91142	0.86985	0.63514	0.8043	
0.74808	0.65093	0.53057	0.70987	
1.1644	0.9269	0.80168	0.95482	
0.77699	0.80786	0.68189	0.79192	
1.52139	1.27451	0.70965	0.53748	
1.19026	0.94291	0.69301	0.86269	
1.087	0.90353	0.63174	0.80154	
0.78217	0.68806	0.56123	0.74632	
0.98834	0.92471	0.74135	0.83071	
0.85461	0.69834	0.58043	0.83396	
0.97202	0.85592	0.70261	0.89132	
1.43877	1.14542	0.7275	0.73777	
0.85105	0.80224	0.61917	0.7766	
1.00221	0.82612	0.63412	0.83274	
0.82531	0.80727	0.63514	0.92407	
1.3909	1.23537	0.93035	1.02967	
0.84998	0.84809	0.71683	0.82647	
0.88796	0.81628	0.62046	0.84592	
1.61436	1.3653	0.95767	0.72305	
0.8948	0.74878	0.61711	0.77291	
0.84649	0.70218	0.58565	0.81255	
0.61205	0.75073	0.64038	0.85398	
0.91928	0.77199	0.64358	0.81281	
0.826	0.68658	0.584	0.90627	
0.80206	0.79645	0.73822	0.86053	
0.86773	0.71176	0.56084	0.71323	
0.96822	0.80697	0.6381	0.83034	
0.85059	0.81727	0.68239	0.79036	
0.86012	0.7532	0.61712	0.79259	
0.96877	0.77781	0.61569	0.89006	
0.81264	0.78669	0.63987	0.8239	
1.36287	1.09049	0.79951	0.97995	
0.95755	0.81653	0.6882	0.86816	
1.43097	1.27043	0.89563	0.8895	
1.29194	1.01851	0.71289	0.90434	
0.91544	0.74095	0.61785	0.90098	
1.02797	0.80847	0.58976	0.82092	
0.93292	0.71287	0.55856	0.86327	
0.97798	0.88043	0.64139	0.79796	
1.18636	0.95253	0.80074	0.91988	
0.9217	0.85475	0.6493	0.84297	
0.99006	0.83908	0.65767	0.79105	
1.35883	1.13817	0.85366	1.07068	
1.20118	1.04277	0.83846	1.02789	
0.97189	0.79557	0.62609	0.85339	
0.89398	0.79994	0.63191	0.82334	
1.10273	0.91593	0.73241	0.82202	
0.99009	0.81267	0.61828	0.83671	
0.81988	0.77162	0.60148	0.79874	
0.74225	0.81761	0.65769	0.75501	
0.8615	0.73375	0.58967	0.74384	
0.91325	0.80528	0.64547	0.89223	
1.59583	1.2938	0.96321	1.08937	
1.13095	0.939	0.68976	0.82815	
0.99177	0.89598	0.64253	0.73066	
1.05995	0.83826	0.61925	0.79004	
0.67346	0.69841	0.57481	0.76961	
1.07064	0.9424	0.74547	0.93638	
0.87301	0.72679	0.59612	0.79176	
0.95902	0.79197	0.61058	0.84464	
1.12956	0.91438	0.70567	0.85822	
0.94434	0.7953	0.66566	0.91282	
0.82572	0.71855	0.60539	0.80444	
1.10053	0.87604	0.6217	0.87328	
0.9036	0.84066	0.63171	0.78661	
0.88919	0.84742	0.62324	0.66239	
0.9345	0.71096	0.58143	0.81157	
0.81861	0.76134	0.6288	0.7903	
0.84833	0.73335	0.59631	0.97806	
0.83485	0.6992	0.58312	0.79724	
0.85391	0.75006	0.58495	0.8336	
0.88361	0.72349	0.60285	0.80672	
0.92389	0.78061	0.63432	0.77628	
1.01909	0.83692	0.60012	0.90362	
0.93361	0.76629	0.6109	0.82713	
1.0264	0.91881	0.63416	0.81327	
0.98454	0.76353	0.62193	0.81198	
0.8572	0.70864	0.59516	0.8406	
1.38247	1.19199	0.88498	1.16487	
0.88978	0.75012	0.61231	0.83876	
0.95067	0.76872	0.65056	0.86086	
1.0193	0.81769	0.64882	0.85563	
0.87784	0.70395	0.59427	0.81531	
1.17199	1.13505	0.68832	0.54846	
1.05672	0.85446	0.60459	0.76853	
1.09588	0.9024	0.71166	0.89332	
0.72588	0.73222	0.59966	0.79353	
0.84592	0.72842	0.55865	0.81171	
0.83115	0.76798	0.59304	0.85669	
0.98678	0.82075	0.60463	0.73348	
0.9971	0.85146	0.68186	0.88788	
1.11883	0.92755	0.74053	0.9485	
0.65509	0.75703	0.63832	0.82765	
1.17435	0.98297	0.80212	0.91521	
0.87882	0.7358	0.60916	0.81094	
0.88998	0.81016	0.67058	0.85898	
0.78162	0.67681	0.62343	0.79848	
1.08206	0.91085	0.73153	0.88056	
0.84641	0.69593	0.58249	0.81292	
0.88268	0.7274	0.60695	0.84382	
0.7706	0.69325	0.59033	0.82827	
0.84726	0.70681	0.60218	0.79287	
1.10315	0.90044	0.737	0.9133	
0.74081	0.73516	0.58091	0.67993	
1.2311	0.88681	0.62972	0.79735	
0.82147	0.76048	0.63147	0.85562	
0.90046	0.75163	0.62559	0.81007	
0.94017	0.81726	0.64379	0.81266	
1.11021	0.99019	0.7122	0.90109	
1.43867	1.23084	0.72483	0.55595	
1.12854	0.92372	0.66634	0.82839	
0.79521	0.70836	0.60509	0.87298	
0.96933	0.78147	0.58047	0.79302	
0.85883	0.77618	0.60724	0.71626	
0.79547	0.68013	0.59686	0.75588	
0.78155	0.74242	0.60193	0.76802	
0.94322	0.88241	0.61057	0.7074	
0.80049	0.75308	0.57669	0.74334	
0.8804	0.74682	0.58304	0.91584	
1.09507	0.86711	0.60672	0.74253	
0.78736	0.72784	0.58387	0.7371	
0.76346	0.73721	0.61667	0.8053	
0.84753	0.78205	0.56724	0.76372	
1.01276	0.89131	0.73793	0.86083	
1.08253	0.86566	0.66345	0.92096	
0.90764	0.78718	0.61828	0.73446	
1.42574	1.23159	0.89082	0.93976	
0.99336	0.8253	0.66858	0.94231	
0.81695	0.68535	0.57038	0.81802	
1.03049	0.81758	0.63217	0.86542	
0.82875	0.67168	0.55638	0.85152	
0.71777	0.78307	0.65843	0.74324	
1.07012	0.89385	0.69068	0.87641	
0.83035	0.67286	0.5879	0.79098	
1.00028	0.78721	0.66941	0.80628	
1.1678	0.96258	0.63716	0.7493	
0.89129	0.71702	0.58362	0.83667	
0.87077	0.75293	0.60004	0.75397	
1.23416	0.96794	0.69696	0.91274	
0.85741	0.72222	0.59436	0.82809	
0.8701	0.81777	0.63528	0.82834	
0.99668	0.73821	0.60447	0.83553	
1.01006	0.84293	0.61067	0.86031	
0.84828	0.80167	0.62148	0.86556	
0.9089	0.7711	0.63288	0.86607	
0.74868	0.65058	0.56717	0.73735	
0.87607	0.7676	0.61305	0.783	
0.86447	0.7455	0.59796	0.87108	
1.55441	1.19472	0.93873	1.13868	
0.89437	0.74677	0.61349	0.78687	
0.73996	0.71382	0.56533	0.72232	
0.78427	0.69315	0.57731	0.81641	
0.86321	0.74492	0.58028	0.76641	
1.07537	0.83575	0.68349	0.90107	
0.95201	0.85978	0.63042	0.83262	
0.84628	0.72311	0.61852	0.79104	
1.04601	0.86701	0.63545	0.83983	
0.99989	0.85421	0.64941	0.80672	
1.0217	0.83391	0.64901	0.80965	
1.07533	0.80686	0.63258	0.92958	
0.80003	0.68502	0.57252	0.85227	
0.98275	0.81837	0.61992	0.7996	
0.85523	0.77844	0.61899	0.8566	
1.03856	0.83284	0.65807	0.86325	
0.89041	0.77229	0.64928	0.82527	
1.00405	0.79369	0.59511	0.92024	
0.85761	0.74272	0.62648	0.80804	
0.93835	0.82029	0.63506	0.73609	
0.92539	0.74319	0.60489	0.8859	
0.82824	0.75716	0.60694	0.77774	
1.04962	0.80175	0.63811	0.87512	
1.12523	0.85551	0.70324	0.99001	
1.17028	0.98091	0.71909	0.94337	
0.74251	0.74683	0.58883	0.76257	
0.84246	0.73624	0.61746	0.919	
0.85102	0.69325	0.58942	0.74783	
0.90109	0.75588	0.62217	0.84137	
0.74008	0.68567	0.59264	0.75252	
0.8217	0.69878	0.59779	0.7814	
1.11434	0.99699	0.69849	0.73362	
1.12702	0.95473	0.68947	0.80895	
0.93291	0.81618	0.62982	0.82888	
1.0741	0.87154	0.66565	0.84667	
0.92542	0.83432	0.64797	0.84589	
1.0093	0.81702	0.69529	0.8683	
1.02063	0.85883	0.68155	1.10024	
0.76684	0.67742	0.55694	0.70852	
0.99308	0.87478	0.65225	0.80986	
0.9075	0.8115	0.58723	0.70875	
0.73865	0.6541	0.56736	0.8405	
0.8472	0.71493	0.61657	0.84885	
1.05508	0.91093	0.62792	0.76273	
0.63506	0.59971	0.55263	0.77567	
0.8304	0.73317	0.58407	0.7458	
0.83224	0.82319	0.59892	0.78977	
1.0494	0.89807	0.67133	0.83716	
0.73232	0.63702	0.54738	0.73331	
0.9422	0.73194	0.59238	0.88716	
1.52589	1.25754	0.88654	0.67269	
0.93064	0.82911	0.6433	0.87047	
1.06952	0.83778	0.61865	0.81366	
0.9307	0.85732	0.74451	0.94656	
1.32864	0.99797	0.78892	0.95224	
0.89562	0.83753	0.67392	0.81929	
0.87505	0.74278	0.57415	0.79917	
0.95112	0.78463	0.59369	0.79218	
0.77	0.77172	0.60824	0.80127	
0.84955	0.70136	0.57456	0.80291	
1.05848	0.90762	0.77623	0.9123	
1.18571	0.88944	0.72526	0.83701	
0.83272	0.68785	0.58695	0.82781	
0.96402	0.82762	0.64022	0.85521	
0.84618	0.67614	0.58461	0.74613	
0.86342	0.7305	0.59382	0.77417	
1.06665	0.87845	0.68673	0.85417	
0.79955	0.74865	0.59271	0.87592	
0.73327	0.77997	0.60732	0.68276	
0.81814	0.67456	0.57835	0.7986	
1.07292	0.89361	0.70364	0.90199	
1.07102	0.92968	0.645	0.76532	
0.86584	0.74605	0.59558	0.84509	
0.99748	0.85459	0.65093	0.98392	
0.78129	0.72303	0.58313	0.79276	
0.84388	0.75665	0.61997	0.85571	
1.05717	0.88422	0.68518	0.82152	
0.86636	0.73489	0.61198	0.80241	
0.9909	0.76448	0.63291	0.88865	
0.85027	0.72363	0.59407	0.73641	
0.95357	0.83405	0.64484	0.88668	
0.91444	0.78767	0.62305	0.78979	
1.16261	0.85542	0.64681	0.82462	
1.08954	0.93253	0.72181	0.93465	
0.85834	0.72583	0.62582	0.74692	
0.89476	0.76044	0.60375	0.96609	
0.97867	0.8596	0.62423	0.79477	
0.85596	0.73122	0.5897	0.76432	
1.08375	0.9388	0.68039	0.87461	
0.82501	0.72141	0.60845	0.7608	
1.24414	1.09562	0.6982	0.82538	
0.81732	0.67187	0.5603	0.77636	
0.98227	0.82175	0.69805	0.8956	
0.97598	0.76307	0.61906	0.77305	
1.06619	0.91357	0.74138	0.89342	
0.96164	0.78515	0.61551	0.81506	
0.72479	0.86642	0.71049	0.85085	
0.9031	0.81826	0.62278	0.77199	
0.87775	0.69643	0.61197	0.75045	
0.81284	0.70057	0.58499	0.81989	
1.12699	0.92543	0.7185	0.84663	
1.46651	1.25349	0.92923	1.11984	
1.04618	0.83774	0.69742	0.85849	
0.80204	0.70469	0.58818	0.74435	
1.12178	0.89553	0.66149	0.97435	
1.10413	0.93768	0.64635	0.8047	
0.887	0.78376	0.5923	0.74182	
0.97591	0.83885	0.62767	0.95506	
0.83236	0.68932	0.5985	0.91471	
1.07859	0.86623	0.6148	0.82378	
0.74499	0.73013	0.61701	0.86069	
1.02465	0.96157	0.67797	0.86251	
1.02431	0.85867	0.64107	0.83697	
0.85392	0.74097	0.63038	0.78733	
0.85944	0.72193	0.60624	0.89991	
0.81702	0.6658	0.59229	0.85651	
0.85843	0.73647	0.60876	0.81356	
0.8048	0.70472	0.58259	0.68194	
0.861	0.75484	0.60815	0.81508	
1.12894	0.8891	0.65377	0.80603	
1.19343	0.99077	0.65731	0.69269	
0.98984	0.85222	0.66082	0.8122	
0.88857	0.84785	0.68342	0.89489	
0.85257	0.71339	0.58837	0.84431	
1.00419	0.82339	0.65631	0.92604	
0.94025	0.80916	0.70735	0.83363	
1.46508	1.1668	0.90932	1.06752	
0.8456	0.72327	0.59398	0.90729	
0.79916	0.68001	0.58761	0.77323	
0.92779	0.80807	0.6441	0.79598	
0.8466	0.68906	0.58452	0.7742	
1.03704	0.84314	0.63039	0.85968	
0.83348	0.70431	0.6033	0.80795	
1.14294	0.91823	0.68206	0.86302	
0.83989	0.6929	0.59323	0.78753	
0.77129	0.77343	0.66285	0.82504	
1.06439	0.89977	0.68251	0.93292	
1.31363	1.16512	0.79598	0.75651	
1.39601	1.23978	0.95091	0.82962	
1.07443	1.02073	0.66012	0.76532	
0.77539	0.64539	0.60401	0.75585	
1.30941	1.1859	0.71882	0.54486	
1.00046	0.74119	0.60594	0.83704	
0.8059	0.66727	0.57762	0.77225	
0.96096	0.75878	0.60416	0.8802	
1.08736	0.86717	0.65742	0.87045	
0.88929	0.82946	0.63851	0.80468	
0.90763	0.77326	0.6421	0.80513	
0.80028	0.79319	0.68639	0.8305	
1.04546	0.92578	0.76366	0.98396	
0.95414	0.77553	0.62076	0.84916	
0.83985	0.7169	0.6066	0.76453	
1.11362	0.92144	0.61711	0.84097	
0.88664	0.73708	0.59922	0.81531	
1.01116	0.9064	0.72068	0.85165	
1.01577	0.82709	0.70586	0.86993	
0.79994	0.71598	0.59989	0.76251	
0.83126	0.71254	0.59768	0.85016	
1.07475	0.91317	0.63451	0.87385	
1.33111	1.1896	0.8636	0.98649	
0.86352	0.74691	0.62485	0.79086	
0.93694	0.78517	0.62679	0.85021	
0.98628	0.81024	0.58191	0.7933	
0.84231	0.71819	0.59791	0.78644	
0.96332	0.82006	0.63359	0.81902	
0.95537	0.78247	0.59711	0.79781	
0.84452	0.73938	0.60288	0.77802	
0.91508	0.96636	0.73798	0.98215	
0.7498	0.6434	0.54845	0.74063	
0.84779	0.7558	0.61994	0.81301	
0.94221	0.78411	0.57734	0.81447	
0.8858	0.75142	0.58103	0.74951	
1.23502	0.97431	0.73119	0.95552	
1.00912	0.94898	0.74315	0.94046	
0.9041	0.74511	0.57514	0.77239	
0.8514	0.78432	0.62844	0.86723	
0.88601	0.7725	0.63541	0.76539	
0.96611	0.81991	0.65915	0.93335	
1.02846	0.80221	0.62535	0.88873	
1.02555	0.8446	0.62727	0.89879	
1.02297	0.85567	0.65746	0.87966	
0.98633	0.8213	0.64986	0.90858	
1.1242	0.87874	0.73098	1.002	
0.98581	0.82317	0.57163	0.76325	
1.0397	0.84667	0.683	0.85026	
1.03788	0.81395	0.68035	0.89629	
0.8409	0.67431	0.57726	0.89922	
1.02291	0.85396	0.65242	0.8711	
0.90223	0.70747	0.58639	0.8132	
0.91045	0.73923	0.60067	0.75126	
1.15415	0.94281	0.68878	0.8202	
0.97087	0.8331	0.59875	0.77672	
0.94071	0.90777	0.61672	0.6787	
0.86074	0.77321	0.62326	0.8359	
0.70426	0.72933	0.59241	0.7715	
0.84605	0.75986	0.61735	0.77804	
1.0518	0.86428	0.61435	0.80538	
0.91754	0.7981	0.63754	0.9938	
0.946	0.73322	0.60602	0.93892	
1.00661	0.8727	0.71313	0.82578	
0.88488	0.78438	0.61661	0.83859	
0.81817	0.75804	0.60365	0.83544	
1.15632	1.12917	0.7647	0.65065	
1.10507	0.88328	0.72104	0.88998	
0.95447	0.83069	0.63235	0.90924	
0.78355	0.70503	0.60644	0.72548	
0.9289	0.73571	0.60129	0.79783	
1.04632	0.9498	0.63036	0.84982	
0.75312	0.65344	0.57798	0.87001	
1.29715	0.98022	0.86998	1.03288	
1.0017	0.83551	0.64498	0.82418	
0.92383	0.81794	0.661	0.84638	
0.86537	0.73157	0.59353	0.75256	
0.94838	0.72093	0.58969	0.76789	
0.98247	0.75692	0.59911	0.8738	
0.78743	0.75582	0.62597	0.79214	
0.71736	0.76173	0.57145	0.80457	
1.09221	1.00609	0.72902	0.82183	
1.10672	0.90351	0.66014	0.90424	
0.62227	0.76582	0.67032	0.79202	
0.84008	0.81558	0.62043	0.80156	
1.14296	0.92433	0.67198	0.86521	
0.78763	0.82805	0.66004	0.81672	
0.95594	0.77106	0.60694	0.86718	
0.76555	0.729	0.62037	0.80668	
1.05515	0.94356	0.68886	0.73534	
0.83364	0.68389	0.58461	0.80982	
1.18344	1.01826	0.67222	0.91457	
1.30252	1.03513	0.64839	0.88837	
0.92587	0.80368	0.60148	0.74244	
0.75714	0.78486	0.6367	0.81214	
1.19587	1.02805	0.6756	0.86166	
0.91352	0.84791	0.67342	0.84661	
1.34506	1.1049	0.83746	0.93278	
0.87299	0.77938	0.63211	0.89872	
1.08399	0.9648	0.80618	1.02725	
0.89952	0.75518	0.57618	0.89103	
1.05586	0.85829	0.7291	0.88498	
1.0035	0.83016	0.63723	0.83069	
0.98723	0.84733	0.67238	0.86198	
1.09859	0.8939	0.72531	0.92075	
1.03414	0.83486	0.66988	0.78837	
0.95694	0.87573	0.64445	0.8096	
1.51296	1.31039	0.91367	0.68519	
1.07273	0.85807	0.6703	0.94816	
0.89817	0.85672	0.62188	0.75746	
0.87484	0.76422	0.63137	0.80305	
1.28895	1.03353	0.74678	0.95184	
0.93739	0.77835	0.60322	0.74492	
0.93186	0.74342	0.56687	0.85429	
1.37781	1.01207	0.69304	0.79784	
1.3492	0.97628	0.74587	0.90247	
0.83372	0.66886	0.57443	0.77657	
0.90212	0.74959	0.63576	0.83898	
0.94239	0.77307	0.59886	0.82009	
0.91341	0.80366	0.58919	0.71255	
0.70744	0.69833	0.5798	0.75579	
1.03162	0.83103	0.64774	0.84399	
1.20686	0.92059	0.7069	0.73913	
0.91206	0.80169	0.59712	0.8827	
0.96089	0.7675	0.61028	0.78959	
0.9324	0.75399	0.59354	0.85482	
1.0435	0.91328	0.64573	0.81026	
0.99771	0.818	0.73488	0.93274	
0.80866	0.67142	0.5768	0.842	
0.8734	0.71263	0.60456	0.85615	
1.10351	0.86737	0.67364	0.98803	
0.80816	0.75502	0.58075	0.75606	
0.81424	0.82802	0.74291	0.86148	
0.94451	0.79708	0.64813	0.84857	
0.88228	0.70547	0.599	0.81901	
0.74563	0.63624	0.57892	0.81046	
0.8251	0.75775	0.63089	0.78481	
0.79006	0.69101	0.58291	0.83267	
0.95705	0.77963	0.63822	0.80836	
0.65366	0.64527	0.56682	0.70935	
0.91812	0.74192	0.60542	0.83318	
1.02671	0.96359	0.75383	0.84947	
0.90594	0.81	0.62972	0.81778	
0.86711	0.70355	0.59434	0.88093	
0.98106	0.79918	0.67677	0.81056	
0.81613	0.7025	0.58145	0.78928	
0.89238	0.73087	0.60005	0.80803	
0.82387	0.79782	0.64853	0.91513	
0.98507	0.90259	0.65179	0.78251	
0.81897	0.74873	0.62989	0.76858	
0.83223	0.7342	0.60471	0.85322	
1.08185	0.84565	0.63989	0.837	
0.80779	0.72165	0.59555	0.7611	
0.97988	0.79169	0.6013	0.84434	
0.84651	0.76748	0.61151	0.81145	
0.92702	0.77613	0.62091	0.84118	
1.18227	0.95092	0.6962	0.91676	
0.99677	0.79414	0.70976	0.87155	
0.80405	0.77521	0.61965	0.80192	
1.03122	0.79474	0.60103	0.84295	
0.79695	0.87921	0.72925	0.81312	
0.90679	0.77235	0.60948	0.76005	
0.9606	1.01651	0.83672	0.9741	
0.84714	1.02256	0.83281	0.96932	
0.91399	0.77591	0.63161	0.8594	
1.00813	0.96577	0.64566	0.67498	
0.81646	0.73406	0.62458	0.83381	
1.2982	1.10602	0.84891	0.96801	
0.95735	0.82616	0.63601	0.82033	
0.80169	0.77311	0.63121	0.77064	
0.96215	0.85608	0.66024	0.83724	
0.96574	0.80232	0.62563	0.85458	
0.84274	0.75571	0.62947	0.8025	
1.24245	1.03321	0.73537	0.85561	
1.3006	0.99119	0.69353	0.88786	
1.06106	0.88631	0.72892	0.83982	
0.93516	0.82841	0.60821	0.712	
0.89389	0.77705	0.62274	0.83868	
1.58756	1.25013	0.86622	0.70293	
1.3225	1.08168	0.71409	0.89674	
0.98835	0.79917	0.60834	0.84102	
0.92776	0.86766	0.71344	0.88006	
0.9634	0.92943	0.71218	0.83358	
1.53592	1.19741	0.90167	0.98402	
0.8321	0.85408	0.648	0.81789	
0.95398	0.81199	0.64413	0.91854	
0.86089	0.88349	0.67028	0.82139	
0.93175	0.83981	0.63889	0.81801	
0.59974	0.67747	0.63936	0.72405	
1.05963	1.05379	0.79704	1.06703	
0.80032	0.72398	0.61185	0.84529	
0.96962	0.83553	0.62155	0.81901	
0.97575	0.7884	0.62933	0.87889	
1.29281	1.19975	0.80025	0.74098	
0.89161	0.73331	0.58453	0.82168	
0.91305	0.79532	0.61013	0.84167	
0.98179	0.77338	0.59215	0.88171	
0.93286	0.91079	0.68147	0.8024	
0.78384	0.66379	0.56883	0.7802	
0.81932	0.70386	0.58184	0.76311	
0.86662	0.71864	0.58411	0.83884	
0.81481	0.79042	0.6011	0.79815	
0.79278	0.67094	0.57467	0.84496	
0.76008	0.7018	0.5885	0.78521	
0.91395	0.75467	0.61931	0.82791	
0.81705	0.73329	0.58627	0.77099	
1.01134	0.90407	0.74686	0.87423	
1.41442	1.20187	0.74955	0.76778	
0.82695	0.66157	0.56478	0.82146	
0.78349	0.67176	0.58967	0.76131	
1.05215	0.98158	0.71628	0.79171	
0.88906	0.71913	0.58989	0.78451	
0.85242	0.75537	0.61837	0.82665	
1.00818	0.85666	0.61309	0.77009	
0.96208	0.80459	0.64351	0.89978	
0.77073	0.73614	0.58019	0.75095	
0.93298	0.86633	0.71439	0.86743	
0.93605	0.83999	0.63192	0.81344	
1.12536	0.87755	0.66206	0.8192	
0.95042	0.91612	0.69409	0.82308	
1.52303	1.25154	0.89353	0.9851	
1.2114	0.9944	0.78834	0.89921	
1.02118	0.83299	0.6398	0.79234	
0.99474	0.8559	0.63384	0.82309	
0.8286	0.7066	0.59067	0.824	
0.81912	0.74741	0.59294	0.79526	
0.90932	0.72684	0.58494	0.85843	
0.78205	0.68618	0.55718	0.83739	
0.84124	0.72251	0.61114	0.83791	
0.80517	0.79436	0.70939	0.79022	
1.11624	0.93667	0.66492	0.8142	
0.91955	0.85323	0.70429	0.80446	
0.87533	0.76399	0.62959	0.83338	
1.17657	0.93149	0.71836	0.8526	
0.81666	0.74735	0.58687	0.8331	
1.27103	1.20036	0.84191	0.89501	
1.06564	0.86376	0.64344	0.86928	
0.92962	0.93231	0.79581	0.96551	
0.89476	0.8806	0.71214	0.85001	
1.37847	1.06955	0.91921	1.02886	
1.19782	1.00104	0.74986	0.88718	
0.8359	0.71064	0.58366	0.77657	
0.65549	0.71272	0.57229	0.70555	
0.58575	0.75222	0.60529	0.81445	
0.85618	0.78561	0.61477	0.82536	
0.76045	0.65034	0.58439	0.82988	
0.9039	0.75724	0.61081	0.84753	
1.13673	0.99632	0.74358	0.90929	
0.84744	0.74237	0.57742	0.86848	
0.87242	0.70559	0.58476	0.82078	
1.0072	0.76692	0.59327	0.77685	
0.94084	0.77237	0.71532	0.78926	
1.34497	1.28255	0.91463	0.92269	
0.8186	0.76296	0.66951	0.92374	
0.86195	0.78642	0.62245	0.85317	
0.84841	0.72493	0.58244	0.79674	
0.97695	0.8987	0.68614	0.84718	
1.22821	0.96258	0.72307	0.93845	
0.99728	0.8568	0.68872	0.87057	
0.91855	0.7303	0.56523	0.86146	
0.95587	0.90022	0.68718	0.8218	
0.95547	0.84224	0.65842	0.87694	
1.25843	1.03637	0.83127	0.97417	
0.85711	0.74899	0.6163	0.82739	
0.86341	0.6919	0.58589	0.78015	
1.05734	0.89256	0.73049	0.86285	
0.97898	0.79899	0.60411	0.78711	
0.89501	0.75125	0.59865	0.7829	
1.26237	1.00407	0.76576	1.03988	
0.81179	0.71102	0.59578	0.74663	
1.09265	0.90596	0.72296	0.88883	
0.87707	0.73352	0.59763	0.92074	
1.09764	0.88463	0.7035	0.89204	
1.02107	0.81406	0.64393	1.1067	
0.75632	0.73786	0.6259	0.76559	
1.05811	0.98905	0.7401	0.84001	
1.03168	0.79731	0.65528	0.90718	
0.86379	0.77241	0.64399	0.88802	
1.03583	0.82417	0.72004	0.87701	
0.9518	0.75771	0.56984	0.72964	
0.76102	0.74835	0.62444	0.7727	
0.84192	0.77868	0.60217	0.94502	
0.92867	0.81816	0.61395	0.81047	
0.92484	0.73462	0.5999	0.8775	
0.80574	0.66462	0.56247	0.80205	
0.76424	0.68284	0.59171	0.85335	
0.85219	0.74055	0.60487	0.79877	
1.15921	0.96155	0.69149	0.87716	
0.87051	0.70047	0.58521	0.80046	
0.95604	0.78941	0.59972	0.84548	
1.54002	1.13807	0.80567	0.97825	
1.05182	0.87124	0.65161	0.92574	
0.80463	0.72601	0.61988	0.80229	
0.7567	0.64557	0.56668	0.80672	
0.91223	0.743	0.60407	0.77249	
0.94202	0.81085	0.67833	0.84076	
0.93381	0.77902	0.6287	0.8512	
0.91482	0.76941	0.61609	0.924	
1.15741	1.00334	0.70339	0.81744	
0.83697	0.69002	0.57586	0.77853	
0.92091	0.92754	0.73491	0.87563	
0.94501	0.83778	0.63314	0.80983	
1.03168	0.96301	0.754	0.89162	
1.41542	1.13763	0.81525	1.0598	
0.86717	0.75136	0.61867	0.80624	
0.87646	0.79975	0.61504	0.80245	
1.19156	0.95618	0.70115	1.00677	
0.99482	0.75922	0.61666	0.77621	
1.30755	0.98059	0.77934	1.06168	
1.05305	0.8586	0.6603	0.8914	
1.07034	0.85815	0.7128	0.95647	
1.06427	0.87614	0.70939	0.91237	
1.03749	0.83786	0.60244	0.80965	
0.88314	0.78323	0.60942	0.87185	
0.89169	0.79154	0.58912	0.82532	
1.12261	0.90425	0.7088	0.79407	
0.86462	0.80043	0.60473	0.79402	
1.11258	0.91148	0.64536	0.89022	
0.85892	0.72531	0.61156	0.91424	
1.28689	1.12664	0.78866	0.80022	
0.92952	0.75508	0.60484	0.8713	
1.27041	0.93326	0.71457	0.90651	
0.94277	0.79165	0.61288	0.81491	
1.04218	0.90703	0.70809	0.90428	
0.86769	0.76899	0.61254	0.82041	
1.14436	0.99388	0.67438	0.85243	
1.00449	0.86366	0.68643	0.93083	
0.76459	0.69665	0.61281	0.80243	
1.12258	0.89084	0.76796	0.87626	
1.07157	1.00558	0.77362	0.86547	
0.88218	0.73065	0.60919	0.82778	
0.96503	0.8111	0.61065	0.80199	
0.87143	0.77674	0.59687	0.8064	
0.81934	0.71364	0.59393	0.77991	
1.25286	1.07623	0.87047	1.03954	
0.93123	0.74604	0.60606	0.84522	
0.727	0.67608	0.5562	0.75306	
1.01061	0.86716	0.68909	0.82226	
0.9379	0.84374	0.67213	0.8304	
0.97127	0.76335	0.57445	0.87701	
0.89054	0.80062	0.65492	0.87354	
0.97925	0.76256	0.62392	0.84242	
0.76686	0.68101	0.5568	0.78337	
1.36841	1.19299	0.78388	0.59403	
0.81141	0.74666	0.60096	0.7632	
0.80156	0.73371	0.59192	0.75227	
0.7555	0.66823	0.56127	0.79649	
0.99494	0.82034	0.6191	0.85822	
1.10453	0.92198	0.73828	0.95986	
1.05161	0.83218	0.74446	0.93178	
0.86594	0.72523	0.58737	0.80998	
0.74204	0.82808	0.66187	0.7647	
0.8071	0.68265	0.59114	0.87756	
1.03357	0.80768	0.67836	0.996	
1.06911	0.84225	0.60486	0.79792	
0.99864	0.83973	0.61795	0.80892	
0.84185	0.77433	0.65125	0.8154	
1.06151	0.88789	0.69212	0.88502	
0.87916	0.77198	0.60252	0.79788	
0.92921	0.75639	0.57843	0.82794	
1.02146	0.82613	0.66772	0.93716	
1.12956	0.88365	0.61228	0.91103	
0.96252	0.74698	0.58185	0.77543	
0.86227	0.76636	0.62225	0.8207	
1.16129	1.0056	0.66615	0.82721	
0.86322	0.76009	0.62558	0.81637	
0.95992	0.78103	0.62227	0.84608	
0.82371	0.71018	0.58239	0.80219	
0.96056	0.77397	0.62674	0.78383	
0.87042	0.72723	0.59796	0.75047	
0.97722	0.76845	0.6106	0.81958	
1.00576	0.84773	0.66076	0.80747	
0.90263	0.77512	0.62659	0.84558	
1.00192	0.80582	0.62548	0.81477	
0.87482	0.77626	0.63235	0.8346	
0.83656	0.72116	0.56889	0.83457	
0.83914	0.7545	0.59569	0.78556	
0.83034	0.72092	0.57093	0.81644	
1.24559	0.96988	0.65451	0.7568	
0.83562	0.74254	0.64944	0.83474	
0.85057	0.72486	0.60567	0.79849	
1.11337	0.8999	0.62457	0.8233	
0.88093	0.75918	0.60447	0.79173	
1.07122	0.98157	0.68624	0.85685	
0.89376	0.74003	0.62303	0.80515	
0.89042	0.75899	0.65323	0.84747	
0.91924	0.76677	0.65002	0.80925	
0.73857	0.68325	0.56562	0.7874	
0.98426	0.78496	0.65576	0.87856	
0.88723	0.70463	0.57551	0.84911	
0.9799	0.82347	0.60584	0.75264	
0.98218	0.8279	0.73684	0.99009	
0.99262	0.85176	0.71179	0.91654	
0.8252	0.77368	0.63522	0.79533	
1.06603	0.84912	0.65203	0.94651	
0.73097	0.67475	0.55997	0.74217	
0.71614	0.84961	0.73046	0.96934	
0.86039	0.74615	0.58673	0.79635	
0.83627	0.72964	0.60483	0.78767	
0.90905	0.79078	0.6367	0.82973	
0.99131	0.95404	0.62351	0.74963	
0.63985	0.71129	0.63464	0.76824	
1.05964	0.82303	0.59263	0.92017	
0.8745	0.78858	0.6382	0.7916	
0.85844	0.74433	0.57214	0.69076	
1.1126	0.88531	0.71767	0.94764	
0.80945	0.68935	0.62565	0.75865	
1.02023	0.88868	0.66709	0.92885	
1.52177	1.19155	0.73501	0.61174	
0.7863	0.7667	0.59778	0.83254	
0.89303	0.8328	0.68281	0.82265	
1.12951	0.91418	0.66533	0.86794	
0.94971	0.81655	0.6775	0.84204	
0.97093	0.84927	0.67475	0.8791	
1.53875	1.11905	0.93415	1.16365	
0.76712	0.75513	0.62109	0.80844	
0.86073	0.75208	0.6151	0.8418	
0.8482	0.72646	0.63508	0.81951	
0.75847	0.79048	0.65676	0.82715	
1.122	0.88674	0.63187	0.7593	
1.14214	0.90485	0.68268	0.95913	
0.81356	0.69913	0.58676	0.84842	
0.92144	0.74467	0.61617	0.82239	
0.85941	0.72535	0.61198	0.7619	
0.91325	0.73587	0.58075	0.86433	
0.84063	0.67868	0.58586	0.79977	
0.89016	0.72523	0.55371	0.79081	
1.10546	0.98705	0.70466	0.81785	
0.85058	0.77631	0.62429	0.79991	
0.96482	0.87197	0.66168	0.79559	
1.05206	0.83186	0.65838	0.84774	
0.86979	0.7346	0.62403	0.97526	
1.30476	1.03238	0.68955	0.80783	
1.395	1.24006	0.86097	0.66148	
1.6168	1.38079	1.01823	0.85672	
0.98486	0.85786	0.70635	0.82593	
0.9437	0.74348	0.63233	0.82771	
1.14455	0.91647	0.67805	0.87956	
1.05957	0.93712	0.7097	0.86329	
0.84235	0.70073	0.6009	0.82305	
0.76636	0.72284	0.59418	0.8102	
0.77553	0.70505	0.63403	0.81183	
0.86335	0.76215	0.59605	0.67124	
1.07675	0.94909	0.65276	0.83718	
0.83962	0.70509	0.59444	0.75533	
1.24692	0.93002	0.73428	0.93556	
1.05382	0.84201	0.73943	0.96836	
0.89965	0.77369	0.58849	0.77528	
0.98297	0.80332	0.6368	0.86474	
0.96724	0.85403	0.68188	1.12198	
0.9299	0.73107	0.59059	0.82987	
1.59551	1.42491	0.99076	1.24485	
0.82006	0.68003	0.5948	0.89531	
0.94326	0.75055	0.63255	0.8381	
0.79493	0.67869	0.57199	0.75113	
0.88542	0.807	0.62372	0.84461	
0.93789	0.79533	0.62368	0.88009	
0.96847	0.79084	0.62241	0.85613	
1.03911	0.88738	0.65257	0.86144	
0.83899	0.69557	0.59679	0.85644	
0.86069	0.81958	0.63373	0.831	
0.87636	0.73966	0.62006	0.78967	
0.78242	0.68092	0.60049	0.84281	
0.67997	0.71775	0.5613	0.73435	
0.87493	0.76659	0.62112	0.72877	
0.90335	0.79571	0.6228	0.89772	
0.86936	0.74367	0.61461	0.80579	
0.96912	0.83864	0.65576	0.86242	
1.01731	0.94716	0.72207	0.85448	
0.77019	0.69164	0.59774	0.70992	
0.77093	0.70545	0.5687	0.75326	
0.83734	0.70161	0.59999	0.83632	
0.88839	0.80311	0.59019	0.86528	
0.90269	0.77314	0.60844	0.83914	
0.87685	0.77049	0.62761	0.88598	
0.76459	0.67008	0.53496	0.76815	
0.89676	0.7747	0.63059	0.85706	
1.29636	1.0464	0.80787	0.93929	
1.05314	0.89058	0.65626	0.91828	
1.00805	0.80853	0.65797	0.83911	
0.97909	0.7823	0.61016	0.83976	
0.70421	0.69219	0.57999	0.76882	
0.88312	0.83467	0.64755	0.85141	
1.04492	0.83573	0.60072	1.01715	
0.81937	0.77646	0.60804	0.84199	
0.88689	0.79236	0.64063	0.842	
0.97969	0.78433	0.60582	0.79799	
0.95443	0.84858	0.65595	0.82652	
0.98467	0.7988	0.61045	0.80813	
1.00078	0.82791	0.65814	0.83298	
0.70715	0.72682	0.58872	0.77943	
0.92233	0.88026	0.74338	0.87322	
1.0051	0.82247	0.64856	0.88021	
1.12283	0.9458	0.6662	0.80887	
0.94262	0.81105	0.63201	0.79204	
1.17416	0.97117	0.79368	0.9297	
1.16884	1.01004	0.80607	0.90739	
0.77559	0.65758	0.57882	0.76106	
0.92942	0.76103	0.60315	0.91342	
0.89165	0.77395	0.63655	0.8667	
1.02382	0.87286	0.69708	0.75208	
1.53955	1.17588	0.8605	0.99776	
0.95854	0.77038	0.56922	0.78708	
1.02675	0.84138	0.67388	0.90817	
1.03219	0.83347	0.73308	0.9566	
0.83363	0.68956	0.55042	0.7671	
1.14514	0.85881	0.73128	0.86038	
1.04596	0.85307	0.64576	1.01587	
0.84928	0.72205	0.59418	0.81526	
0.72995	0.67593	0.57961	0.78397	
0.95293	0.85607	0.62732	0.87548	
1.01787	0.90142	0.70758	0.88164	
1.10483	0.84962	0.60196	0.81188	
0.8844	0.75346	0.59726	0.92287	
1.2529	0.96864	0.66103	0.82909	
1.1975	1.01473	0.6577	0.69835	
0.90477	0.87574	0.65676	0.82984	
1.25953	0.96279	0.69427	0.87267	
0.95207	0.79137	0.61296	0.78217	
0.82001	0.72327	0.59296	0.79205	
0.97378	0.82088	0.60604	0.83545	
0.81944	0.7291	0.6258	0.80065	
1.03495	0.83616	0.5852	0.834	
0.84049	0.76161	0.65693	0.81085	
1.05106	0.86586	0.63091	0.8211	
1.08184	0.83224	0.64208	0.88526	
0.98764	0.74271	0.59528	0.71341	
0.7673	0.67296	0.58908	0.91311	
1.00739	0.83094	0.59806	0.81904	
0.94757	0.77997	0.61385	0.74377	
0.70751	0.7138	0.58734	0.8882	
0.98357	0.84435	0.631	0.82457	
1.07655	0.87298	0.71043	0.78431	
0.88203	0.74869	0.60266	0.78682	
1.03304	0.84055	0.69006	0.85172	
0.83413	0.72191	0.62132	0.72784	
0.98457	0.80076	0.65379	0.80931	
0.80636	0.70124	0.58901	0.76454	
0.8532	0.71862	0.59398	0.78674	
0.94033	0.72647	0.63655	0.80021	
1.56923	1.26916	0.90401	0.9076	
1.00207	0.77632	0.59534	0.71142	
0.83868	0.71974	0.58778	0.77559	
0.83214	0.75856	0.62206	0.77759	
0.95798	0.79813	0.63064	0.8762	
0.78161	0.82155	0.65902	0.81377	
1.00245	0.87782	0.61308	0.82917	
0.9401	0.73385	0.61183	0.80031	
1.14399	0.88154	0.70188	0.88784	
1.12498	0.99917	0.69684	0.90567	
0.6303	0.64569	0.57735	0.69993	
0.79501	0.72108	0.55854	0.79538	
0.89628	0.85556	0.63096	0.76473	
0.96975	1.00876	0.74773	0.84142	
0.96383	0.87947	0.67024	0.92564	
0.8517	0.65599	0.56596	0.91574	
0.78721	0.76672	0.61571	0.805	
0.80355	0.74179	0.59707	0.75451	
1.18201	1.12537	0.72453	0.80956	
0.90494	0.84247	0.63891	0.79159	
1.57198	1.18364	0.71238	0.79664	
0.92362	0.73927	0.65939	0.76483	
0.82217	0.82263	0.6196	0.87645	
0.80429	0.67833	0.64224	0.81278	
1.07658	1.04671	0.76645	1.00214	
0.81902	0.8494	0.71078	0.92999	
1.01428	0.84562	0.61445	0.77263	
0.9417	0.83628	0.61944	0.72632	
1.38194	1.19215	0.85369	1.16865	
1.1348	0.85922	0.58817	0.86559	
0.86711	0.71258	0.57637	0.85962	
1.05197	0.81699	0.63714	0.85551	
0.79753	0.77466	0.56872	0.75134	
0.90662	0.77491	0.64318	0.81223	
1.34059	1.01716	0.78162	0.96602	
1.00052	0.88543	0.64133	0.87659	
0.82247	0.66953	0.57447	0.80497	
0.87731	0.74914	0.56823	0.79313	
0.85399	0.7496	0.62556	0.93209	
0.98961	0.75266	0.57769	0.80335	
1.52131	1.30697	0.92449	0.85935	
0.85985	0.72073	0.56449	0.88034	
1.06739	0.98879	0.66079	0.80859	
0.90266	0.7827	0.64382	0.95416	
0.81442	0.72193	0.59746	0.76895	
0.9364	0.82336	0.6335	0.81104	
1.33478	1.21858	0.86206	0.74326	
0.9046	0.73983	0.58823	0.83279	
0.84995	0.74782	0.59355	0.80046	
0.90745	0.91677	0.65281	0.91171	
0.93852	0.78071	0.62388	0.84969	
0.82654	0.73081	0.60228	0.73964	
0.98432	0.91054	0.68611	0.81485	
0.94736	0.78465	0.64223	0.82263	
1.09368	0.9155	0.65375	0.86894	
0.87697	0.70189	0.57658	0.76411	
0.80279	0.69784	0.58986	0.84306	
0.90881	0.78648	0.61666	0.81847	
1.15819	0.95312	0.67093	0.91832	
0.81495	0.74637	0.58856	0.76392	
1.29753	1.04429	0.7086	0.92568	
0.87847	0.79362	0.61453	0.77487	
0.88219	0.88274	0.59795	0.69193	
1.03901	0.83569	0.65919	0.89568	
1.18572	1.03273	0.75012	0.86537	
0.85276	0.71589	0.59348	0.82442	
0.79397	0.666	0.5543	0.78338	
0.77782	0.68265	0.56015	0.83488	
1.03535	0.84465	0.6609	0.91034	
0.98527	0.84396	0.62938	0.78922	
0.82803	0.69233	0.57029	0.8639	
0.82877	0.72688	0.61042	0.82185	
0.69372	0.74582	0.5834	0.69976	
1.00499	0.82207	0.65993	0.85035	
0.92706	0.8557	0.64998	0.88282	
0.9757	0.78954	0.59078	0.75775	
0.92442	0.80663	0.62128	0.79777	
0.8665	0.68392	0.57438	1.09756	
1.07838	0.83101	0.59756	0.84565	
1.23524	1.05356	0.72645	0.95592	
0.87103	0.72732	0.6108	0.77772	
0.86844	0.73312	0.59376	0.71517	
0.78996	0.68264	0.59556	0.7724	
1.37213	1.02648	0.85181	0.94121	
0.86307	0.79562	0.6703	0.78103	
0.97329	0.83601	0.64741	0.81573	
0.91792	0.82044	0.64021	0.79392	
1.06988	0.85159	0.67493	0.86329	
0.97261	0.80182	0.64383	0.84512	
0.90312	0.79673	0.6905	0.93719	
0.91859	0.72887	0.60842	0.88136	
1.09878	0.87078	0.70748	0.88229	
0.87741	0.7804	0.59573	0.89946	
0.97178	0.91966	0.70754	0.86812	
0.78696	0.71552	0.61547	0.76167	
0.8175	0.74195	0.61607	0.8276	
0.81224	0.74881	0.61952	0.73973	
1.34705	1.28893	0.95326	0.82623	
0.89357	0.73753	0.6086	0.83887	
0.76825	0.68019	0.58541	0.7519	
0.85236	0.78001	0.64156	0.80496	
0.79747	0.74407	0.59024	0.81235	
1.03523	0.89017	0.68001	0.80578	
1.14709	0.98184	0.72741	0.8908	
0.79074	0.66921	0.56823	0.70706	
0.89231	0.78526	0.6239	0.79437	
0.96509	0.81413	0.70538	0.84157	
1.12804	0.95056	0.66416	0.818	
0.83986	0.70584	0.60527	0.78196	
1.15046	1.00344	0.77818	0.9602	
1.02563	0.82028	0.60269	0.7453	
1.19839	1.11457	0.87175	1.08403	
0.78222	0.79485	0.6115	0.81011	
0.9777	0.80835	0.59329	0.76834	
0.83129	0.77975	0.61969	0.79527	
0.94664	0.75842	0.59616	0.73741	
1.0542	0.87134	0.6319	0.82676	
0.89269	0.77861	0.62911	0.81003	
0.91087	0.78261	0.60956	0.74576	
1.01231	0.84557	0.63975	0.83351	
1.32822	1.07785	0.83515	0.98936	
0.75809	0.74503	0.60907	0.80546	
0.90515	0.78075	0.62867	0.92125	
0.88705	1.10663	0.8548	0.84566	
0.96049	0.74495	0.60361	0.91375	
1.02438	0.90503	0.66753	0.91262	
0.97769	0.90345	0.67919	0.80383	
1.16676	0.92379	0.69555	0.90109	
1.13065	0.89551	0.7724	0.94069	
0.79381	0.68719	0.57701	0.70357	
1.15203	1.06282	0.73385	0.89036	
1.25333	1.08209	0.70241	0.87612	
0.98257	0.84525	0.66595	0.94266	
0.97396	0.77592	0.56788	0.77438	
0.99006	0.84228	0.69746	0.84557	
1.44037	1.30751	0.94929	0.87849	
0.85653	0.75415	0.59416	0.73284	
0.97201	0.81402	0.68079	0.91522	
1.19723	0.92068	0.72006	0.81141	
0.87987	0.75697	0.65024	0.83384	
0.83735	0.67811	0.56666	0.82729	
0.77271	0.67885	0.52233	0.73488	
0.86911	0.71353	0.59812	0.88093	
0.95456	0.75161	0.58911	0.90521	
0.89091	0.69442	0.55085	0.82753	
1.19934	1.10946	0.73096	0.65068	
0.94984	0.79635	0.64067	0.83254	
0.82716	0.69328	0.57232	0.86179	
0.79602	0.65544	0.58127	0.75767	
1.00045	0.94748	0.61942	0.79391	
0.81903	0.84409	0.63283	0.80265	
0.94043	0.76591	0.59175	0.76279	
0.84055	0.80839	0.64953	0.74966	
0.68864	0.64189	0.53809	0.82899	
1.15155	0.95279	0.66337	0.80161	
0.93743	0.79714	0.63252	0.82201	
0.89316	0.8313	0.63612	0.81707	
0.92079	0.74502	0.60177	0.75854	
0.82409	0.79057	0.62621	0.85901	
1.05748	0.9072	0.64241	0.82226	
0.61787	0.74229	0.56458	0.72234	
1.36687	1.17267	0.78322	0.63572	
1.38807	1.15416	0.75845	0.7157	
0.88061	0.77546	0.63156	0.78165	
0.59121	0.62783	0.58517	0.71107	
0.93029	0.799	0.59651	0.79457	
0.92298	0.8616	0.61813	0.75024	
0.93101	0.77252	0.63481	0.99252	
0.88164	0.68175	0.59704	0.75771	
0.79732	0.73742	0.59033	0.78994	
1.50132	1.24223	0.79362	0.62771	
0.86627	0.83886	0.65873	0.81942	
0.90694	0.77169	0.61339	0.82123	
0.83465	0.72167	0.62307	0.8669	
0.78313	0.76875	0.57655	0.73795	
0.84457	0.71972	0.58968	0.85248	
1.07839	0.88041	0.74156	0.88527	
1.34883	1.04089	0.79988	1.0124	
1.23683	0.99136	0.73732	0.98311	
0.82891	0.72603	0.5957	0.78519	
0.92602	0.77123	0.64152	0.91101	
0.91425	0.74006	0.6104	0.83686	
0.9231	0.73448	0.60372	0.89996	
1.52442	1.39787	0.93239	1.00486	
0.74291	0.66256	0.59041	0.76825	
0.87955	0.73515	0.59351	0.96637	
0.8668	0.70931	0.58942	0.81632	
1.19681	1.04287	0.70325	0.75975	
0.92747	0.81709	0.62122	0.77654	
0.85156	0.70883	0.59921	0.9134	
0.92451	0.77066	0.63943	0.79447	
0.98921	0.82306	0.62523	0.8048	
1.02456	1.0071	0.63809	0.68395	
1.2036	0.94902	0.73095	0.94723	
1.00193	0.84254	0.62197	0.8499	
0.83943	0.76278	0.60447	0.79604	
0.95661	0.87307	0.60483	0.66278	
0.94715	0.8066	0.63267	0.86551	
0.94984	0.80687	0.61134	0.83959	
0.80944	0.72742	0.61692	0.83377	
0.86333	0.73739	0.60503	0.87601	
1.13252	0.9471	0.61998	0.82488	
1.0076	0.86244	0.67305	0.86819	
0.75675	0.74142	0.55203	0.61521	
0.89212	0.7664	0.62773	0.85648	
0.99344	0.78835	0.62506	0.92552	
0.91187	0.80435	0.67321	0.74672	
0.8727	0.74492	0.58858	0.81798	
0.84079	0.69604	0.6132	0.85089	
1.2272	0.9169	0.70948	0.93123	
1.14598	0.89891	0.71475	0.90024	
1.35824	1.25233	0.94242	0.80495	
0.92282	0.78043	0.61919	0.81848	
0.80055	0.79467	0.62822	0.85662	
1.17957	1.02776	0.74844	0.91833	
0.83685	0.70846	0.61091	0.88991	
0.91175	0.76543	0.61191	0.85247	
1.12495	0.96151	0.727	0.85803	
1.00014	0.98553	0.77522	0.91281	
1.0313	0.8137	0.61192	0.9207	
1.20696	1.11299	0.78848	0.84842	
1.15132	1.01792	0.77163	0.84913	
0.90585	0.77474	0.60537	0.79144	
0.83598	0.7114	0.56648	0.83613	
1.07723	0.87992	0.63138	0.91781	
1.15399	1.01355	0.78857	0.86609	
0.93406	0.7988	0.61927	0.82299	
1.02813	0.84991	0.65275	0.87246	
0.90728	0.80399	0.664	0.94257	
1.10941	0.87462	0.64091	0.85376	
1.16975	0.92755	0.76408	0.90891	
1.07417	0.91498	0.65183	0.75803	
0.97365	0.80408	0.6559	0.86599	
0.90548	0.77373	0.64804	0.8842	
0.79288	0.69591	0.59452	0.81659	
0.81675	0.77896	0.64448	0.93528	
1.00722	0.84389	0.61302	0.87872	
1.13552	0.90562	0.74163	0.98394	
0.95164	0.75323	0.57765	0.83187	
0.83676	0.76223	0.64813	0.81939	
0.76995	0.7971	0.72522	0.93582	
1.44213	1.15529	0.89509	1.12524	
1.23362	0.98517	0.69905	0.90775	
1.49073	1.1998	0.91699	1.0965	
1.01439	0.88032	0.64817	0.79815	
0.83291	0.70983	0.56233	0.74201	
0.93012	0.86877	0.58738	0.65808	
0.99023	0.81156	0.62935	0.85878	
0.92124	0.79671	0.6381	0.81991	
0.88482	0.72138	0.6141	0.83421	
1.01205	0.89939	0.72986	0.93401	
0.784	0.641	0.58296	0.82156	
0.88732	0.76178	0.61565	0.82991	
1.46716	1.22018	0.88537	1.03733	
0.81123	0.7179	0.58032	0.81587	
0.98426	0.82002	0.61317	0.75564	
0.83695	0.72066	0.58297	0.79896	
1.28697	1.02569	0.84332	1.04936	
1.21754	0.97653	0.68161	0.91252	
0.80844	0.66811	0.56473	0.78221	
0.81051	0.7857	0.61571	0.72741	
0.82856	0.76488	0.62855	0.77805	
0.78423	0.75295	0.55473	0.81985	
0.76754	0.7621	0.61649	0.83163	
1.12528	0.90829	0.68243	0.90829	
0.8626	0.76564	0.59038	0.79947	
0.93113	0.8102	0.62051	0.77605	
0.96455	0.84951	0.64552	0.81745	
0.86886	0.73682	0.59741	0.76893	
1.15018	0.88004	0.67373	0.83089	
0.82632	0.83125	0.62902	0.72488	
0.78048	0.71589	0.60385	0.77475	
0.83356	0.79196	0.63698	0.80899	
1.12914	0.90214	0.68464	0.90409	
0.885	0.70933	0.5642	0.95886	
0.79487	0.70182	0.57032	0.8047	
1.47865	1.11539	0.82362	1.06784	
0.76088	0.74606	0.59143	0.77368	
0.75948	0.7178	0.6088	0.80786	
0.93736	0.80398	0.63653	0.79684	
1.06471	0.83565	0.62748	0.92818	
0.92178	0.89045	0.65919	0.801	
1.19904	0.9818	0.71337	0.88377	
1.07267	0.90785	0.72927	0.94936	
0.93114	0.76218	0.64811	0.80565	
1.31253	1.04659	0.77455	0.94987	
0.92041	0.8043	0.6555	0.86032	
0.86305	0.78808	0.60728	0.72595	
1.03797	0.89209	0.70448	0.85751	
0.80419	0.74951	0.61368	0.83588	
0.84622	0.69814	0.56102	0.80947	
0.94695	0.74171	0.60928	0.7859	
0.85483	0.7702	0.59107	0.70903	
0.80887	0.7068	0.579	0.74592	
1.18319	1.08573	0.71021	0.70807	
0.79673	0.86354	0.66079	0.74835	
1.28822	1.08865	0.85093	0.8771	
1.24893	1.05871	0.75459	0.96484	
1.2466	1.02823	0.86623	1.02047	
0.99724	0.78307	0.66826	0.83623	
1.32033	1.47754	1.01719	0.91253	
0.85592	0.7171	0.60922	0.86329	
1.05036	0.87285	0.69873	0.95071	
0.86306	0.69798	0.58067	0.78257	
0.94934	0.79825	0.64753	0.85742	
1.04644	0.86869	0.65314	0.89013	
1.06201	0.90376	0.67237	0.80729	
0.91795	0.7654	0.6199	0.83584	
1.08003	1.00236	0.70779	0.89029	
1.36336	1.20244	0.86376	1.01118	
0.74745	0.71182	0.57485	0.76605	
0.83456	0.70964	0.59486	0.86074	
0.967	0.85038	0.73107	0.89156	
1.18923	0.96346	0.86674	1.0484	
0.83542	0.69046	0.56424	0.81279	
0.94144	0.8575	0.71088	0.84256	
1.00942	0.84763	0.71769	0.87307	
0.93255	0.75531	0.6154	0.81823	
0.88151	0.72992	0.62115	0.74629	
0.97339	0.8211	0.62946	0.79681	
0.87256	0.88619	0.72409	0.84111	
1.1734	0.87616	0.75523	0.88324	
0.96057	0.7319	0.60135	0.83285	
1.15188	0.94814	0.63105	0.74571	
1.05575	0.86067	0.62089	0.76398	
1.34677	1.12286	0.70407	0.81637	
0.9033	0.80173	0.63441	0.78578	
0.96752	0.774	0.59515	0.82785	
0.94779	0.86117	0.7109	0.92517	
0.73331	0.78791	0.63954	0.72073	
1.02617	0.85737	0.71982	0.92936	
1.43952	1.06632	0.82898	1.04965	
1.05763	0.92825	0.6302	0.78094	
0.78162	0.70819	0.60345	0.87182	
0.8836	0.7355	0.61193	0.90193	
0.88339	0.79659	0.65288	0.81977	
0.88335	0.74629	0.59757	0.82455	
1.6133	1.25173	0.73148	0.68472	
1.1375	0.98548	0.73504	0.91187	
0.92317	0.84434	0.65434	0.84547	
0.95326	0.78202	0.63753	0.98047	
1.01474	0.82372	0.62373	0.77877	
1.05953	0.82447	0.60362	0.80961	
0.97501	0.81354	0.63122	0.79321	
0.85379	0.76991	0.63891	0.84876	
0.94895	0.74664	0.57845	0.79999	
0.77773	0.66199	0.5635	0.72123	
0.96132	0.77141	0.60888	0.81468	
0.89977	0.72569	0.58127	0.72686	
0.82057	0.74669	0.63892	0.88357	
0.84561	0.75237	0.60502	0.8931	
0.91528	0.73151	0.5648	0.80168	
1.09509	0.85752	0.62018	0.8144	
1.01875	0.80599	0.61878	0.81681	
0.91695	0.7738	0.6205	0.77283	
1.16006	1.11884	0.77655	0.85523	
1.01554	0.8162	0.68033	0.80315	
1.50108	1.23381	0.85235	0.88634	
0.79033	0.74382	0.61771	0.82353	
1.31898	1.12525	0.74634	0.87632	
0.79465	0.78465	0.65733	0.84301	
1.34344	1.14726	0.81328	1.01107	
0.87717	0.79505	0.63674	0.85968	
1.19987	0.9999	0.68693	0.79969	
0.76062	0.74894	0.58116	0.77299	
0.83211	0.67618	0.56843	0.78205	
0.90247	0.74341	0.59928	0.79495	
0.78295	0.65627	0.55588	0.7772	
0.84183	0.88271	0.63608	0.7724	
0.96496	0.82128	0.58857	0.81374	
1.03376	0.92309	0.75692	0.85347	
1.01423	0.84396	0.61547	0.80108	
0.92646	0.76387	0.65243	0.91125	
0.82146	0.70373	0.56097	0.74909	
0.94935	0.78139	0.61642	0.8795	
0.85233	0.79649	0.62487	0.85224	
0.86498	0.74428	0.59681	0.76693	
0.74438	0.7759	0.61498	0.78742	
1.02718	0.97156	0.62365	0.67365	
1.13409	1.14619	0.83762	0.89076	
1.00531	0.88537	0.71385	0.87826	
1.10741	0.88224	0.69251	0.99895	
0.90605	0.79199	0.71528	0.85315	
0.82694	0.79312	0.61106	0.71859	
1.08296	0.88044	0.61107	0.81029	
0.73659	0.81199	0.66501	0.81334	
0.92119	0.76197	0.59617	0.81032	
0.84994	0.72585	0.60788	0.83961	
0.94475	0.74263	0.58844	0.76266	
0.89467	0.73151	0.5839	0.87637	
0.96911	0.78942	0.59227	1.00696	
0.81539	0.72351	0.56291	0.7615	
1.28579	1.15027	0.81145	0.82447	
0.87159	0.75351	0.59918	0.81454	
1.01054	0.83717	0.62547	0.7444	
0.91439	0.82076	0.6672	0.89338	
0.96551	0.87003	0.68542	0.78375	
0.95282	0.82945	0.68258	0.79569	
0.87799	0.7152	0.6101	0.76541	
0.77789	0.77269	0.62923	0.79031	
1.16207	0.95671	0.65277	0.79073	
0.89188	0.77417	0.61228	0.77713	
1.1302	0.91785	0.68421	0.88178	
1.15731	0.8985	0.66952	0.95605	
0.82528	0.68707	0.56648	0.85122	
0.90426	0.75004	0.62826	0.81944	
0.91708	0.76178	0.60636	0.8691	
1.3021	1.01523	0.70667	0.95885	
0.92072	0.85032	0.58185	0.68293	
0.82527	0.71043	0.58898	0.94628	
0.76091	0.69628	0.5879	0.87918	
1.21316	1.0019	0.65465	0.72821	
0.8581	0.7385	0.6057	0.77161	
0.7763	0.64231	0.56615	0.7908	
1.60997	1.31214	0.7454	0.76413	
0.87041	0.74222	0.5953	0.92964	
1.06796	0.98034	0.67968	0.79969	
0.95905	0.81673	0.65472	0.78447	
0.91328	0.74507	0.61494	0.81836	
0.80802	0.76311	0.64118	0.79543	
0.78248	0.81832	0.59454	0.83874	
1.01065	0.84531	0.658	0.95252	
0.96755	0.87118	0.71419	0.92728	
0.81762	0.76272	0.61399	0.8554	
0.87103	0.75189	0.60909	0.84426	
1.09907	0.99342	0.79853	0.98488	
0.9079	0.75469	0.59966	0.87273	
0.97034	0.84714	0.65329	0.92001	
0.89825	0.79666	0.61399	0.78149	
0.96508	0.85192	0.66695	0.78629	
0.8598	0.79784	0.60841	0.78898	
0.8828	0.78194	0.58653	0.74797	
0.89667	0.75575	0.60892	0.83923	
0.81147	0.65025	0.57321	0.7904	
0.92356	0.77095	0.59012	0.85208	
1.06159	0.84759	0.68415	0.82361	
1.10588	1.03886	0.68643	0.62178	
1.10292	1.00325	0.73915	0.91069	
0.88564	0.72579	0.5952	0.88886	
1.14842	0.89707	0.74708	0.98276	
0.85488	0.77118	0.61568	0.86425	
0.89573	0.77919	0.62087	0.87241	
0.86992	0.73955	0.61581	0.82122	
0.7897	0.6968	0.59347	0.76505	
1.28323	1.05445	0.68288	0.97857	
0.90436	0.7696	0.61781	0.81339	
0.92612	0.84161	0.57138	0.65208	
1.06119	0.77273	0.58171	0.93379	
1.02879	0.85454	0.63562	0.95818	
0.83229	0.68113	0.58991	0.83984	
0.79297	0.7676	0.63974	0.89151	
1.00866	0.84254	0.67438	0.88094	
1.01605	0.91847	0.75569	0.94462	
1.26418	0.99889	0.7956	1.05709	
0.90002	0.72371	0.58842	0.83659	
1.02849	0.81862	0.61974	0.82408	
0.64911	0.69557	0.59863	0.73799	
0.79508	0.72115	0.59106	0.72021	
0.93282	0.80796	0.63111	0.83277	
1.0454	0.86002	0.66678	0.86037	
0.91513	0.76714	0.62274	0.76108	
1.0083	0.80928	0.63755	0.84185	
0.70019	0.64378	0.5711	0.8414	
0.79604	0.74379	0.58738	0.78602	
1.03151	0.89764	0.63641	0.844	
1.23083	0.97963	0.70489	0.91162	
0.91856	0.87859	0.69201	0.90957	
0.82181	0.72524	0.62214	0.83897	
0.92633	0.8095	0.58966	0.73052	
0.96012	0.81337	0.61563	0.77471	
0.95157	0.75716	0.59948	0.81222	
0.84462	0.72695	0.60487	0.78842	
0.95457	0.88974	0.63017	0.78708	
0.75527	0.66271	0.56875	0.81527	
0.9976	0.77615	0.58004	0.84906	
0.96882	0.82575	0.63626	0.84645	
1.40406	1.33052	0.97306	1.00055	
0.95865	0.79269	0.61457	0.87519	
0.99603	0.79505	0.63204	0.84724	
0.83856	0.67103	0.57776	0.82303	
0.85492	0.75022	0.58557	0.75737	
0.88919	0.74159	0.61775	0.83174	
0.8845	0.86264	0.68712	0.81437	
0.85303	0.70097	0.60838	0.82393	
0.78038	0.76985	0.58305	0.74523	
0.89425	0.74192	0.59981	0.82586	
1.1833	0.99103	0.76607	0.88991	
0.82586	0.70684	0.59141	0.81111	
0.82363	0.73816	0.59395	0.80607	
0.97245	0.84376	0.6543	0.84872	
1.11485	0.88766	0.73783	0.92281	
1.00164	0.88262	0.62308	0.74815	
0.90586	0.83363	0.62981	0.86124	
0.7863	0.69836	0.58809	0.7308	
1.0081	0.88225	0.6693	0.85274	
0.9505	0.82813	0.62768	0.81612	
1.04807	0.88023	0.66595	0.8118	
1.52246	1.23174	0.72673	0.70433	
0.82478	0.72886	0.61428	0.80301	
0.80943	0.69814	0.60285	0.80003	
1.14378	0.89735	0.69582	0.84605	
0.63391	0.60842	0.5556	0.72986	
1.20593	1.03395	0.73649	0.89361	
0.73414	0.66707	0.57482	0.7203	
0.83402	0.70759	0.59326	0.81003	
0.8383	0.75285	0.63933	0.7481	
1.3413	1.16349	0.68195	0.53051	
0.81374	0.80361	0.59374	0.77162	
0.85289	0.87813	0.77689	0.96496	
0.7967	0.73361	0.5931	0.78132	
1.03969	0.85892	0.6591	0.86071	
1.14984	0.90654	0.684	0.94859	
0.84208	0.7755	0.57862	0.81927	
0.98986	0.88761	0.65934	0.85205	
1.09396	0.96483	0.67007	0.73704	
0.98199	0.81579	0.64136	0.8489	
0.95233	0.7819	0.62833	1.07109	
1.18012	0.96802	0.72134	0.94076	
1.20066	0.98984	0.67294	0.89916	
1.20893	1.11769	0.81787	0.85407	
1.15898	0.97599	0.66613	0.81193	
0.91921	0.82462	0.63102	0.87283	
1.00726	0.78277	0.58272	0.74742	
0.95489	0.87192	0.65555	0.80808	
0.92196	0.7687	0.62881	0.8584	
0.92024	0.77323	0.60831	0.81651	
1.10392	0.91408	0.64852	0.94111	
0.92068	0.73866	0.60935	0.9272	
0.9633	0.83578	0.62378	0.8119	
1.17205	0.91773	0.63542	0.81056	
0.85676	0.79693	0.61191	0.81192	
0.93446	0.7334	0.59903	0.82993	
0.85295	0.8108	0.66342	0.92003	
1.01347	0.90744	0.68188	0.90029	
0.89171	0.79901	0.64416	1.02486	
0.85134	0.75773	0.61921	0.75485	
0.80404	0.65757	0.56623	0.85477	
0.97174	0.77835	0.62054	0.86835	
0.99471	0.79297	0.61961	0.78552	
0.87711	0.98304	0.80409	0.81284	
1.00908	0.80462	0.65404	0.8694	
0.95907	0.85975	0.6689	0.88963	
1.16699	0.93133	0.71872	0.9789	
1.18277	0.94667	0.6923	0.82384	
1.03756	0.862	0.60461	0.70955	
1.16063	1.08166	0.84475	0.9496	
0.8806	0.78941	0.64242	0.82143	
0.72045	0.81552	0.6046	0.77545	
1.09243	1.06199	0.76714	0.87957	
0.93402	0.71583	0.57586	0.8818	
1.04474	0.85503	0.71538	0.84966	
0.96112	0.76088	0.62389	0.96618	
0.88996	0.7116	0.58194	0.81113	
0.81161	0.72603	0.6029	0.87833	
0.90717	0.85436	0.64702	0.7906	
1.05613	0.90547	0.62558	0.84094	
0.9482	0.83999	0.65111	0.85256	
0.66811	0.66581	0.56732	0.75067	
1.6896	1.37713	0.96056	1.21316	
0.71377	0.718	0.56972	0.76548	
1.01276	0.91651	0.68515	0.86469	
0.97649	0.76178	0.59901	0.82121	
1.57892	1.34614	1.01141	1.06476	
0.8672	0.81936	0.66286	0.87357	
1.10808	0.97523	0.76253	0.8827	
1.14446	0.87075	0.61242	0.8328	
0.65261	0.63906	0.54451	0.78942	
0.87971	0.778	0.61867	0.83396	
0.86758	0.73812	0.59362	0.77638	
1.31784	0.96644	0.75663	0.9986	
0.88447	0.81323	0.62446	0.76777	
0.98436	0.81613	0.64206	0.94617	
0.91133	0.76875	0.59007	0.83971	
0.78137	0.71217	0.6201	0.77039	
1.27474	1.02496	0.72885	0.88069	
1.12391	0.86344	0.68126	0.85003	
1.12513	0.88267	0.71543	0.97715	
0.79386	0.74369	0.63923	0.94526	
0.92033	0.76914	0.6151	0.83628	
0.83622	0.69036	0.60457	0.81836	
1.28727	1.11218	0.67021	0.64531	
0.90459	0.85447	0.63795	0.78015	
1.08815	0.84283	0.63447	0.79411	
1.04529	0.87364	0.75137	0.95812	
1.10359	0.90868	0.69597	0.84411	
1.03609	0.82691	0.6626	0.7908	
0.78417	0.72729	0.63623	0.79255	
0.96427	0.79282	0.63953	1.07466	
0.98242	0.82283	0.63524	0.82333	
0.87705	0.74689	0.64136	0.90821	
0.85921	0.71719	0.57944	0.80565	
0.85657	0.75566	0.64932	0.83611	
0.78578	0.74299	0.62693	0.75794	
1.13407	0.87382	0.76027	0.87727	
0.951	0.76398	0.61849	0.88183	
0.828	0.69008	0.57167	0.90458	
0.89408	0.75774	0.6084	0.84799	
1.05104	0.81696	0.63906	0.84083	
1.18985	0.95505	0.77027	0.942	
1.37637	1.13549	0.71178	0.8139	
1.03879	0.7938	0.63216	0.83034	
0.69166	0.88611	0.67143	0.80279	
1.02439	0.83978	0.72165	0.98695	
1.08343	0.96995	0.69731	0.86339	
1.01505	0.91918	0.75539	0.81181	
1.01798	0.8415	0.62934	0.85134	
1.15708	0.91368	0.72035	0.91584	
0.67015	0.69585	0.55801	0.6846	
0.97565	0.86242	0.67851	0.94077	
0.86847	0.76114	0.60353	0.87352	
0.64434	0.74623	0.63814	0.82454	
1.09116	0.82878	0.61197	0.8197	
0.98583	0.83599	0.61211	0.81662	
0.812	0.77627	0.62122	0.78569	
1.09756	0.85764	0.64684	0.80801	
0.89695	0.69868	0.5829	0.86193	
1.02243	0.80926	0.63433	0.85565	
0.94519	0.71364	0.57396	0.83645	
0.94594	0.89051	0.67575	0.9281	
1.45614	1.18293	0.71687	0.79595	
0.89893	0.73828	0.5936	0.79176	
0.9721	0.80008	0.62833	0.88835	
1.10321	0.98358	0.8078	0.98964	
0.79217	0.77874	0.65093	0.75248	
1.27964	1.06619	0.84405	1.07314	
0.82997	0.71205	0.5939	0.74318	
0.96444	0.79073	0.5956	0.87878	
1.01839	0.7736	0.59207	0.89462	
0.80118	0.72333	0.59951	0.86411	
1.16724	0.89428	0.6726	0.79988	
0.89536	0.71381	0.57571	0.81533	
0.91026	0.71171	0.5572	0.73478	
0.8925	0.90578	0.66908	0.84847	
0.86652	0.73199	0.59621	0.85189	
0.92014	0.87274	0.64092	0.80273	
0.84546	0.75628	0.58921	0.78448	
1.11801	1.1465	0.8663	0.91313	
0.80248	0.71174	0.58925	0.75881	
1.10792	0.91339	0.76182	0.95325	
0.88461	0.72733	0.58925	0.82303	
1.00367	0.8391	0.61265	0.73477	
0.82122	0.80867	0.62724	0.82652	
0.73107	0.68783	0.55549	0.79045	
0.83065	0.71039	0.59175	0.75111	
0.94646	0.86644	0.72071	0.85958	
1.093	0.85019	0.72181	0.94295	
1.49728	1.12927	0.82013	0.96849	
0.85341	1.05869	0.78061	0.60583	
0.86302	0.74626	0.6219	0.76502	
1.13356	0.93917	0.6708	0.96421	
0.92907	0.82983	0.66199	0.85098	
0.89055	0.73831	0.62308	0.84129	
0.77426	0.72351	0.589	0.7108	
0.83136	0.73084	0.59189	0.8242	
0.92274	0.76319	0.61489	0.85065	
0.79354	0.75558	0.57879	0.8562	
0.9149	0.71101	0.5725	0.82434	
1.07566	0.81447	0.61928	0.86017	
0.7932	0.65929	0.58239	0.78052	
1.40068	1.12877	0.87049	1.05959	
1.05693	0.92829	0.68873	0.83133	
0.69959	0.66714	0.55548	0.86075	
0.89596	0.76214	0.73488	0.82886	
0.83796	0.73402	0.62929	0.82089	
1.11336	0.91785	0.70425	0.91597	
0.7316	0.64944	0.56542	0.68832	
0.95482	0.75964	0.58289	0.96398	
0.95222	0.99125	0.82138	0.96576	
0.7959	0.65491	0.52537	0.81556	
0.88339	0.76536	0.61188	0.81906	
0.87156	0.77736	0.62848	0.85371	
1.14351	0.90715	0.59085	0.75775	
1.38759	1.27902	0.91024	0.95697	
0.81019	0.75915	0.59065	0.93904	
0.85552	0.7183	0.58279	0.92679	
0.79663	0.71552	0.60963	0.80275	
1.06376	0.9316	0.59617	0.80478	
1.26791	0.9582	0.7046	0.94518	
0.80531	0.7042	0.57218	0.72668	
0.92587	0.84647	0.62955	0.81245	
0.73725	0.65876	0.57478	0.80051	
0.85802	0.71378	0.60751	0.75801	
1.16975	1.00121	0.70741	0.85926	
1.10874	0.84661	0.60558	0.86347	
0.68143	0.71088	0.59024	0.77816	
1.05474	0.98353	0.80762	1.0081	
0.82146	0.76805	0.60945	0.81799	
0.89547	0.74011	0.58476	0.79485	
0.68607	0.69334	0.57404	0.80514	
0.86513	0.69569	0.6004	0.86043	
0.88191	0.7351	0.61877	0.84517	
0.96116	0.75774	0.69048	0.81934	
0.82089	0.93834	0.76197	0.76765	
0.91305	0.75325	0.63683	0.88013	
0.98594	0.82212	0.63127	0.77531	
0.80437	0.72393	0.59478	0.85054	
0.88393	0.72423	0.57855	0.84779	
0.92402	0.82276	0.6221	0.80004	
1.45244	1.13235	0.864	1.05356	
0.99043	0.89692	0.68724	0.84404	
0.83668	0.69732	0.59626	0.84779	
1.09134	0.92804	0.67542	0.77982	
0.94548	0.73791	0.63128	0.78982	
0.83024	0.73397	0.58945	0.83789	
0.663	0.64675	0.56152	0.68893	
0.94407	0.76633	0.59399	0.83377	
0.73416	0.83984	0.61348	0.74459	
0.83783	0.68125	0.58734	0.8418	
0.92693	0.77505	0.65331	0.84044	
1.03126	0.82497	0.59795	0.83397	
0.96881	0.71897	0.5789	0.76251	
0.97989	0.87419	0.62932	0.8559	
1.00146	0.79319	0.64016	0.86256	
0.85017	0.7252	0.6131	0.80315	
0.814	0.72544	0.57718	0.82484	
1.20181	0.97294	0.67943	0.92828	
1.0547	0.9651	0.73504	0.90037	
0.8189	0.7047	0.59335	0.75485	
0.7645	0.79093	0.60762	0.80684	
1.01721	0.8476	0.67825	0.91858	
0.70523	0.62252	0.54446	0.73501	
0.90872	0.78095	0.65987	0.77267	
1.00969	0.85601	0.64739	0.89377	
0.83518	0.70529	0.5739	0.85112	
1.06075	0.9886	0.79012	0.98214	
0.865	0.74166	0.61366	0.82675	
0.77123	0.81659	0.61908	0.79156	
0.93057	0.75005	0.57716	0.90294	
0.98283	0.96911	0.63758	0.67777	
0.90808	0.771	0.61598	0.76721	
0.92466	0.78617	0.62792	0.86854	
0.99932	0.80298	0.61512	0.91603	
1.47415	1.21867	0.85568	0.67323	
0.95018	0.86912	0.63874	0.72657	
0.88222	0.70141	0.56779	0.88679	
0.92982	0.7517	0.60696	0.83655	
1.08221	0.92016	0.67308	0.97835	
0.99542	0.80986	0.59435	0.75811	
0.79578	0.74138	0.60762	0.74022	
0.65583	0.67537	0.65178	0.8398	
0.93688	0.81903	0.64828	0.7932	
1.21046	0.9967	0.65997	0.78776	
0.81281	0.72559	0.61297	0.8611	
0.85327	0.74169	0.61657	0.81348	
0.77487	0.68455	0.5843	0.82079	
0.80588	0.67687	0.59643	0.78662	
1.21997	0.97832	0.77203	0.94441	
1.10254	0.86521	0.62192	0.8484	
0.85566	0.72773	0.61009	0.78289	
