98	11	34	0.1122	0.3469	
174	22	58	0.1264	0.3333	
197	30	73	0.1523	0.3706	
172	30	51	0.1744	0.2965	
60	26	36	0.4333	0.6	
95	3	7	0.0316	0.0737	
343	55	137	0.1603	0.3994	
145	25	45	0.1724	0.3103	
238	49	106	0.2059	0.4454	
93	23	41	0.2473	0.4409	
197	25	52	0.1269	0.264	
109	12	27	0.1101	0.2477	
1750	340	661	0.1943	0.3777	
308	50	105	0.1623	0.3409	
300	39	92	0.13	0.3067	
145	26	47	0.1793	0.3241	
395	104	157	0.2633	0.3975	
96	14	26	0.1458	0.2708	
308	57	96	0.1851	0.3117	
330	56	126	0.1697	0.3818	
343	51	99	0.1487	0.2886	
172	26	51	0.1512	0.2965	
149	37	73	0.2483	0.4899	
187	23	50	0.123	0.2674	
421	83	153	0.1971	0.3634	
184	29	51	0.1576	0.2772	
469	83	182	0.177	0.3881	
439	73	124	0.1663	0.2825	
448	77	168	0.1719	0.375	
320	29	68	0.0906	0.2125	
316	47	99	0.1487	0.3133	
279	56	109	0.2007	0.3907	
210	83	122	0.3952	0.581	
201	26	39	0.1294	0.194	
270	38	96	0.1407	0.3556	
358	74	146	0.2067	0.4078	
108	17	32	0.1574	0.2963	
104	18	40	0.1731	0.3846	
254	45	79	0.1772	0.311	
91	10	29	0.1099	0.3187	
1155	200	397	0.1732	0.3437	
214	27	61	0.1262	0.285	
335	107	182	0.3194	0.5433	
273	47	108	0.1722	0.3956	
441	68	138	0.1542	0.3129	
335	70	129	0.209	0.3851	
347	62	123	0.1787	0.3545	
227	49	76	0.2159	0.3348	
195	101	118	0.5179	0.6051	
388	40	91	0.1031	0.2345	
226	23	59	0.1018	0.2611	
109	36	45	0.3303	0.4128	
433	85	183	0.1963	0.4226	
170	33	69	0.1941	0.4059	
205	25	61	0.122	0.2976	
150	42	77	0.28	0.5133	
346	75	152	0.2168	0.4393	
987	227	415	0.23	0.4205	
89	5	16	0.0562	0.1798	
222	30	68	0.1351	0.3063	
469	161	235	0.3433	0.5011	
260	42	80	0.1615	0.3077	
56	18	28	0.3214	0.5	
492	77	183	0.1565	0.372	
332	67	119	0.2018	0.3584	
174	14	32	0.0805	0.1839	
318	78	180	0.2453	0.566	
347	50	107	0.1441	0.3084	
447	61	168	0.1365	0.3758	
197	33	77	0.1675	0.3909	
249	42	82	0.1687	0.3293	
191	26	43	0.1361	0.2251	
452	81	143	0.1792	0.3164	
232	46	89	0.1983	0.3836	
398	79	163	0.1985	0.4095	
350	69	139	0.1971	0.3971	
261	50	94	0.1916	0.3602	
516	135	200	0.2616	0.3876	
903	143	305	0.1584	0.3378	
240	29	61	0.1208	0.2542	
137	17	24	0.1241	0.1752	
214	18	30	0.0841	0.1402	
134	18	38	0.1343	0.2836	
307	55	106	0.1792	0.3453	
152	29	53	0.1908	0.3487	
319	59	115	0.185	0.3605	
573	107	200	0.1867	0.349	
56	3	3	0.0536	0.0536	
1048	271	470	0.2586	0.4485	
405	111	194	0.2741	0.479	
167	33	66	0.1976	0.3952	
87	16	26	0.1839	0.2989	
350	66	139	0.1886	0.3971	
141	14	19	0.0993	0.1348	
107	11	29	0.1028	0.271	
98	18	28	0.1837	0.2857	
141	25	51	0.1773	0.3617	
264	41	91	0.1553	0.3447	
358	67	139	0.1872	0.3883	
213	27	71	0.1268	0.3333	
491	80	177	0.1629	0.3605	
331	53	104	0.1601	0.3142	
380	62	139	0.1632	0.3658	
243	45	88	0.1852	0.3621	
121	18	31	0.1488	0.2562	
131	31	68	0.2366	0.5191	
233	44	93	0.1888	0.3991	
375	61	110	0.1627	0.2933	
116	21	40	0.181	0.3448	
124	19	38	0.1532	0.3065	
352	46	88	0.1307	0.25	
243	49	102	0.2016	0.4198	
240	41	89	0.1708	0.3708	
249	38	90	0.1526	0.3614	
263	56	93	0.2129	0.3536	
1039	157	340	0.1511	0.3272	
244	60	128	0.2459	0.5246	
105	8	11	0.0762	0.1048	
558	133	226	0.2384	0.405	
423	83	172	0.1962	0.4066	
313	55	100	0.1757	0.3195	
253	44	92	0.1739	0.3636	
1175	197	438	0.1677	0.3728	
58	5	9	0.0862	0.1552	
462	56	135	0.1212	0.2922	
148	21	48	0.1419	0.3243	
163	12	30	0.0736	0.184	
395	50	91	0.1266	0.2304	
222	34	71	0.1532	0.3198	
296	52	113	0.1757	0.3818	
184	41	80	0.2228	0.4348	
266	38	86	0.1429	0.3233	
121	19	37	0.157	0.3058	
169	22	49	0.1302	0.2899	
351	56	115	0.1595	0.3276	
108	19	37	0.1759	0.3426	
208	40	74	0.1923	0.3558	
239	34	67	0.1423	0.2803	
380	43	81	0.1132	0.2132	
254	43	87	0.1693	0.3425	
149	34	66	0.2282	0.443	
403	48	101	0.1191	0.2506	
168	33	64	0.1964	0.381	
267	41	87	0.1536	0.3258	
371	93	160	0.2507	0.4313	
553	100	201	0.1808	0.3635	
258	43	99	0.1667	0.3837	
548	113	210	0.2062	0.3832	
418	57	124	0.1364	0.2967	
68	11	11	0.1618	0.1618	
390	63	122	0.1615	0.3128	
223	40	91	0.1794	0.4081	
207	42	99	0.2029	0.4783	
94	9	24	0.0957	0.2553	
484	60	120	0.124	0.2479	
381	80	160	0.21	0.4199	
361	67	151	0.1856	0.4183	
206	42	68	0.2039	0.3301	
1064	257	440	0.2415	0.4135	
218	29	75	0.133	0.344	
187	35	69	0.1872	0.369	
289	64	111	0.2215	0.3841	
682	126	242	0.1848	0.3548	
239	34	72	0.1423	0.3013	
355	111	196	0.3127	0.5521	
227	37	74	0.163	0.326	
149	17	42	0.1141	0.2819	
73	6	13	0.0822	0.1781	
380	64	120	0.1684	0.3158	
333	51	112	0.1532	0.3363	
120	17	52	0.1417	0.4333	
79	20	33	0.2532	0.4177	
315	34	66	0.1079	0.2095	
66	14	24	0.2121	0.3636	
279	41	99	0.147	0.3548	
75	2	5	0.0267	0.0667	
136	29	49	0.2132	0.3603	
123	19	24	0.1545	0.1951	
227	41	74	0.1806	0.326	
365	35	93	0.0959	0.2548	
78	15	30	0.1923	0.3846	
143	35	76	0.2448	0.5315	
149	60	90	0.4027	0.604	
114	22	40	0.193	0.3509	
172	15	36	0.0872	0.2093	
121	14	24	0.1157	0.1983	
294	59	111	0.2007	0.3776	
218	38	79	0.1743	0.3624	
539	83	191	0.154	0.3544	
509	58	143	0.1139	0.2809	
101	16	28	0.1584	0.2772	
444	69	154	0.1554	0.3468	
107	23	40	0.215	0.3738	
1272	177	401	0.1392	0.3153	
153	27	43	0.1765	0.281	
411	83	167	0.2019	0.4063	
375	90	153	0.24	0.408	
489	119	211	0.2434	0.4315	
278	37	95	0.1331	0.3417	
224	48	82	0.2143	0.3661	
136	25	40	0.1838	0.2941	
429	85	165	0.1981	0.3846	
183	52	84	0.2842	0.459	
90	16	37	0.1778	0.4111	
104	2	3	0.0192	0.0288	
430	73	141	0.1698	0.3279	
92	8	12	0.087	0.1304	
261	54	100	0.2069	0.3831	
148	34	63	0.2297	0.4257	
375	75	143	0.2	0.3813	
160	30	53	0.1875	0.3312	
205	17	29	0.0829	0.1415	
379	59	124	0.1557	0.3272	
250	34	71	0.136	0.284	
93	17	31	0.1828	0.3333	
93	22	31	0.2366	0.3333	
138	27	49	0.1957	0.3551	
147	18	39	0.1224	0.2653	
135	30	35	0.2222	0.2593	
297	40	104	0.1347	0.3502	
366	68	123	0.1858	0.3361	
97	27	49	0.2784	0.5052	
392	93	165	0.2372	0.4209	
359	72	138	0.2006	0.3844	
89	19	40	0.2135	0.4494	
205	11	26	0.0537	0.1268	
349	59	125	0.1691	0.3582	
186	37	70	0.1989	0.3763	
254	32	85	0.126	0.3346	
1613	307	575	0.1903	0.3565	
340	58	121	0.1706	0.3559	
209	81	134	0.3876	0.6411	
234	50	95	0.2137	0.406	
110	33	39	0.3	0.3545	
338	60	113	0.1775	0.3343	
574	96	209	0.1672	0.3641	
97	6	10	0.0619	0.1031	
222	26	52	0.1171	0.2342	
160	16	29	0.1	0.1812	
94	31	54	0.3298	0.5745	
276	41	88	0.1486	0.3188	
438	76	183	0.1735	0.4178	
203	45	74	0.2217	0.3645	
204	71	103	0.348	0.5049	
651	116	228	0.1782	0.3502	
310	53	114	0.171	0.3677	
140	25	52	0.1786	0.3714	
684	119	226	0.174	0.3304	
98	18	29	0.1837	0.2959	
55	17	35	0.3091	0.6364	
358	83	143	0.2318	0.3994	
195	41	75	0.2103	0.3846	
189	56	79	0.2963	0.418	
330	63	113	0.1909	0.3424	
93	8	13	0.086	0.1398	
228	22	43	0.0965	0.1886	
87	25	49	0.2874	0.5632	
134	38	56	0.2836	0.4179	
429	82	146	0.1911	0.3403	
83	14	27	0.1687	0.3253	
263	47	92	0.1787	0.3498	
496	107	218	0.2157	0.4395	
310	79	151	0.2548	0.4871	
334	21	48	0.0629	0.1437	
188	24	60	0.1277	0.3191	
82	9	12	0.1098	0.1463	
377	61	155	0.1618	0.4111	
220	42	85	0.1909	0.3864	
98	14	30	0.1429	0.3061	
448	101	196	0.2254	0.4375	
228	36	73	0.1579	0.3202	
284	49	106	0.1725	0.3732	
480	106	196	0.2208	0.4083	
695	101	184	0.1453	0.2647	
378	79	169	0.209	0.4471	
193	21	50	0.1088	0.2591	
406	72	160	0.1773	0.3941	
448	92	187	0.2054	0.4174	
170	73	104	0.4294	0.6118	
317	73	128	0.2303	0.4038	
541	104	205	0.1922	0.3789	
748	155	297	0.2072	0.3971	
378	78	161	0.2063	0.4259	
53	5	6	0.0943	0.1132	
595	58	95	0.0975	0.1597	
167	45	75	0.2695	0.4491	
151	22	45	0.1457	0.298	
186	31	67	0.1667	0.3602	
177	29	55	0.1638	0.3107	
95	9	18	0.0947	0.1895	
303	63	116	0.2079	0.3828	
155	37	56	0.2387	0.3613	
80	20	38	0.25	0.475	
147	47	72	0.3197	0.4898	
377	75	138	0.1989	0.366	
123	28	50	0.2276	0.4065	
132	39	72	0.2955	0.5455	
331	76	127	0.2296	0.3837	
237	41	100	0.173	0.4219	
766	156	312	0.2037	0.4073	
167	25	54	0.1497	0.3234	
244	47	96	0.1926	0.3934	
222	49	79	0.2207	0.3559	
70	8	14	0.1143	0.2	
76	16	30	0.2105	0.3947	
211	42	84	0.1991	0.3981	
383	83	153	0.2167	0.3995	
180	33	71	0.1833	0.3944	
120	22	41	0.1833	0.3417	
88	4	8	0.0455	0.0909	
351	57	93	0.1624	0.265	
341	66	149	0.1935	0.437	
156	21	37	0.1346	0.2372	
199	42	65	0.2111	0.3266	
343	70	151	0.2041	0.4402	
99	13	23	0.1313	0.2323	
144	9	16	0.0625	0.1111	
185	32	66	0.173	0.3568	
148	17	50	0.1149	0.3378	
137	13	17	0.0949	0.1241	
146	28	53	0.1918	0.363	
252	45	108	0.1786	0.4286	
87	10	20	0.1149	0.2299	
182	48	80	0.2637	0.4396	
241	70	113	0.2905	0.4689	
260	30	59	0.1154	0.2269	
286	65	122	0.2273	0.4266	
376	97	171	0.258	0.4548	
423	72	150	0.1702	0.3546	
245	45	89	0.1837	0.3633	
328	56	110	0.1707	0.3354	
80	10	26	0.125	0.325	
301	49	104	0.1628	0.3455	
257	49	107	0.1907	0.4163	
179	42	76	0.2346	0.4246	
89	7	17	0.0787	0.191	
521	85	184	0.1631	0.3532	
133	29	57	0.218	0.4286	
189	21	46	0.1111	0.2434	
159	29	56	0.1824	0.3522	
166	19	45	0.1145	0.2711	
491	76	166	0.1548	0.3381	
339	35	69	0.1032	0.2035	
98	30	54	0.3061	0.551	
304	55	102	0.1809	0.3355	
228	44	84	0.193	0.3684	
224	41	84	0.183	0.375	
603	131	264	0.2172	0.4378	
251	95	119	0.3785	0.4741	
541	107	213	0.1978	0.3937	
139	17	34	0.1223	0.2446	
215	31	72	0.1442	0.3349	
435	38	69	0.0874	0.1586	
558	113	230	0.2025	0.4122	
154	10	29	0.0649	0.1883	
354	67	144	0.1893	0.4068	
341	57	116	0.1672	0.3402	
473	93	163	0.1966	0.3446	
391	74	160	0.1893	0.4092	
230	45	84	0.1957	0.3652	
169	28	58	0.1657	0.3432	
314	29	63	0.0924	0.2006	
367	79	148	0.2153	0.4033	
649	143	253	0.2203	0.3898	
394	137	231	0.3477	0.5863	
293	34	91	0.116	0.3106	
415	91	193	0.2193	0.4651	
145	21	44	0.1448	0.3034	
552	103	216	0.1866	0.3913	
119	16	34	0.1345	0.2857	
183	37	65	0.2022	0.3552	
594	157	282	0.2643	0.4747	
220	55	90	0.25	0.4091	
155	26	55	0.1677	0.3548	
171	38	77	0.2222	0.4503	
451	74	147	0.1641	0.3259	
251	43	94	0.1713	0.3745	
307	60	123	0.1954	0.4007	
385	68	150	0.1766	0.3896	
62	9	14	0.1452	0.2258	
206	27	57	0.1311	0.2767	
537	98	199	0.1825	0.3706	
70	15	32	0.2143	0.4571	
275	53	106	0.1927	0.3855	
622	122	246	0.1961	0.3955	
440	61	162	0.1386	0.3682	
237	34	80	0.1435	0.3376	
179	27	51	0.1508	0.2849	
93	7	12	0.0753	0.129	
392	75	151	0.1913	0.3852	
329	60	126	0.1824	0.383	
139	24	41	0.1727	0.295	
129	27	62	0.2093	0.4806	
234	32	90	0.1368	0.3846	
189	15	30	0.0794	0.1587	
213	34	67	0.1596	0.3146	
230	40	102	0.1739	0.4435	
432	63	144	0.1458	0.3333	
87	15	21	0.1724	0.2414	
112	23	37	0.2054	0.3304	
261	41	84	0.1571	0.3218	
161	43	68	0.2671	0.4224	
108	43	68	0.3981	0.6296	
151	51	82	0.3377	0.543	
191	28	59	0.1466	0.3089	
373	60	111	0.1609	0.2976	
214	37	75	0.1729	0.3505	
417	77	159	0.1847	0.3813	
148	48	69	0.3243	0.4662	
524	114	197	0.2176	0.376	
421	108	201	0.2565	0.4774	
402	65	128	0.1617	0.3184	
350	67	141	0.1914	0.4029	
506	98	205	0.1937	0.4051	
346	86	147	0.2486	0.4249	
225	38	86	0.1689	0.3822	
65	8	13	0.1231	0.2	
402	68	134	0.1692	0.3333	
215	63	92	0.293	0.4279	
123	19	32	0.1545	0.2602	
283	43	92	0.1519	0.3251	
258	58	96	0.2248	0.3721	
170	17	46	0.1	0.2706	
286	59	120	0.2063	0.4196	
290	48	98	0.1655	0.3379	
680	128	256	0.1882	0.3765	
509	104	209	0.2043	0.4106	
237	27	74	0.1139	0.3122	
808	127	261	0.1572	0.323	
322	53	100	0.1646	0.3106	
157	38	65	0.242	0.414	
219	52	91	0.2374	0.4155	
428	91	181	0.2126	0.4229	
238	49	91	0.2059	0.3824	
170	29	55	0.1706	0.3235	
429	78	168	0.1818	0.3916	
152	27	46	0.1776	0.3026	
350	80	146	0.2286	0.4171	
109	12	19	0.1101	0.1743	
270	39	84	0.1444	0.3111	
242	75	150	0.3099	0.6198	
187	25	61	0.1337	0.3262	
166	55	80	0.3313	0.4819	
878	147	293	0.1674	0.3337	
66	16	29	0.2424	0.4394	
67	11	22	0.1642	0.3284	
301	36	107	0.1196	0.3555	
386	85	165	0.2202	0.4275	
148	37	72	0.25	0.4865	
130	45	64	0.3462	0.4923	
542	99	175	0.1827	0.3229	
311	66	115	0.2122	0.3698	
267	31	59	0.1161	0.221	
377	32	62	0.0849	0.1645	
241	27	46	0.112	0.1909	
415	75	138	0.1807	0.3325	
256	58	111	0.2266	0.4336	
217	27	69	0.1244	0.318	
158	37	66	0.2342	0.4177	
122	19	32	0.1557	0.2623	
1018	172	319	0.169	0.3134	
172	33	71	0.1919	0.4128	
244	42	85	0.1721	0.3484	
553	97	234	0.1754	0.4231	
447	82	172	0.1834	0.3848	
211	25	60	0.1185	0.2844	
309	46	112	0.1489	0.3625	
203	27	64	0.133	0.3153	
142	7	18	0.0493	0.1268	
391	92	160	0.2353	0.4092	
179	34	70	0.1899	0.3911	
426	75	186	0.1761	0.4366	
761	132	275	0.1735	0.3614	
174	50	81	0.2874	0.4655	
194	66	90	0.3402	0.4639	
535	92	180	0.172	0.3364	
458	72	148	0.1572	0.3231	
375	71	139	0.1893	0.3707	
255	59	113	0.2314	0.4431	
421	58	132	0.1378	0.3135	
216	33	78	0.1528	0.3611	
142	20	39	0.1408	0.2746	
305	53	114	0.1738	0.3738	
82	14	27	0.1707	0.3293	
115	25	44	0.2174	0.3826	
62	10	19	0.1613	0.3065	
53	19	24	0.3585	0.4528	
84	7	11	0.0833	0.131	
202	38	82	0.1881	0.4059	
74	3	7	0.0405	0.0946	
518	80	172	0.1544	0.332	
289	50	100	0.173	0.346	
303	41	72	0.1353	0.2376	
539	94	185	0.1744	0.3432	
259	54	100	0.2085	0.3861	
224	62	114	0.2768	0.5089	
93	20	32	0.2151	0.3441	
298	79	130	0.2651	0.4362	
309	47	91	0.1521	0.2945	
298	73	132	0.245	0.443	
1169	94	210	0.0804	0.1796	
462	79	152	0.171	0.329	
143	34	61	0.2378	0.4266	
417	92	168	0.2206	0.4029	
230	43	92	0.187	0.4	
301	51	122	0.1694	0.4053	
128	18	35	0.1406	0.2734	
78	18	28	0.2308	0.359	
252	29	87	0.1151	0.3452	
614	110	230	0.1792	0.3746	
562	53	97	0.0943	0.1726	
381	73	147	0.1916	0.3858	
174	24	46	0.1379	0.2644	
288	36	107	0.125	0.3715	
249	34	79	0.1365	0.3173	
61	18	42	0.2951	0.6885	
287	54	105	0.1882	0.3659	
389	75	155	0.1928	0.3985	
236	19	23	0.0805	0.0975	
277	49	107	0.1769	0.3863	
414	80	135	0.1932	0.3261	
136	36	60	0.2647	0.4412	
118	17	27	0.1441	0.2288	
337	44	115	0.1306	0.3412	
241	41	83	0.1701	0.3444	
549	106	199	0.1931	0.3625	
544	97	211	0.1783	0.3879	
353	70	126	0.1983	0.3569	
478	90	173	0.1883	0.3619	
330	58	99	0.1758	0.3	
384	87	155	0.2266	0.4036	
277	22	32	0.0794	0.1155	
266	72	135	0.2707	0.5075	
249	47	101	0.1888	0.4056	
622	111	232	0.1785	0.373	
268	47	84	0.1754	0.3134	
968	172	351	0.1777	0.3626	
322	41	97	0.1273	0.3012	
361	45	84	0.1247	0.2327	
317	34	59	0.1073	0.1861	
77	4	7	0.0519	0.0909	
287	54	111	0.1882	0.3868	
146	32	57	0.2192	0.3904	
322	63	134	0.1957	0.4161	
109	5	21	0.0459	0.1927	
397	91	163	0.2292	0.4106	
420	53	111	0.1262	0.2643	
241	55	95	0.2282	0.3942	
344	59	130	0.1715	0.3779	
253	41	80	0.1621	0.3162	
58	7	14	0.1207	0.2414	
469	109	215	0.2324	0.4584	
279	45	89	0.1613	0.319	
183	32	61	0.1749	0.3333	
417	91	159	0.2182	0.3813	
153	20	38	0.1307	0.2484	
301	42	87	0.1395	0.289	
207	72	105	0.3478	0.5072	
280	40	85	0.1429	0.3036	
155	31	54	0.2	0.3484	
427	75	150	0.1756	0.3513	
147	17	35	0.1156	0.2381	
512	80	176	0.1562	0.3438	
286	65	122	0.2273	0.4266	
83	6	18	0.0723	0.2169	
108	15	28	0.1389	0.2593	
486	62	134	0.1276	0.2757	
69	29	44	0.4203	0.6377	
243	42	74	0.1728	0.3045	
234	29	39	0.1239	0.1667	
118	25	48	0.2119	0.4068	
326	64	120	0.1963	0.3681	
114	25	51	0.2193	0.4474	
71	6	11	0.0845	0.1549	
403	89	167	0.2208	0.4144	
103	9	16	0.0874	0.1553	
206	14	31	0.068	0.1505	
125	11	27	0.088	0.216	
94	12	30	0.1277	0.3191	
167	22	42	0.1317	0.2515	
133	18	38	0.1353	0.2857	
105	32	47	0.3048	0.4476	
241	51	101	0.2116	0.4191	
175	48	77	0.2743	0.44	
230	26	65	0.113	0.2826	
501	194	303	0.3872	0.6048	
365	71	113	0.1945	0.3096	
147	28	60	0.1905	0.4082	
197	54	69	0.2741	0.3503	
163	50	85	0.3067	0.5215	
135	17	39	0.1259	0.2889	
102	20	25	0.1961	0.2451	
827	140	304	0.1693	0.3676	
67	11	22	0.1642	0.3284	
569	124	239	0.2179	0.42	
128	32	48	0.25	0.375	
394	75	137	0.1904	0.3477	
349	36	72	0.1032	0.2063	
335	38	64	0.1134	0.191	
437	101	157	0.2311	0.3593	
624	103	223	0.1651	0.3574	
182	26	61	0.1429	0.3352	
369	67	114	0.1816	0.3089	
149	27	40	0.1812	0.2685	
150	26	44	0.1733	0.2933	
859	149	311	0.1735	0.362	
141	15	34	0.1064	0.2411	
425	77	156	0.1812	0.3671	
372	70	157	0.1882	0.422	
261	41	86	0.1571	0.3295	
222	19	51	0.0856	0.2297	
129	36	60	0.2791	0.4651	
354	58	134	0.1638	0.3785	
591	121	240	0.2047	0.4061	
366	76	141	0.2077	0.3852	
138	17	34	0.1232	0.2464	
81	28	44	0.3457	0.5432	
183	31	71	0.1694	0.388	
296	46	101	0.1554	0.3412	
217	55	102	0.2535	0.47	
276	48	108	0.1739	0.3913	
281	64	132	0.2278	0.4698	
364	59	126	0.1621	0.3462	
56	20	33	0.3571	0.5893	
361	63	131	0.1745	0.3629	
108	21	42	0.1944	0.3889	
259	56	106	0.2162	0.4093	
448	76	165	0.1696	0.3683	
335	54	129	0.1612	0.3851	
389	71	145	0.1825	0.3728	
704	134	253	0.1903	0.3594	
220	42	81	0.1909	0.3682	
141	15	26	0.1064	0.1844	
229	42	87	0.1834	0.3799	
411	93	180	0.2263	0.438	
602	80	142	0.1329	0.2359	
259	50	102	0.1931	0.3938	
436	56	125	0.1284	0.2867	
146	36	62	0.2466	0.4247	
503	85	173	0.169	0.3439	
274	48	82	0.1752	0.2993	
222	56	104	0.2523	0.4685	
133	18	40	0.1353	0.3008	
338	61	116	0.1805	0.3432	
97	23	37	0.2371	0.3814	
275	42	93	0.1527	0.3382	
60	23	36	0.3833	0.6	
59	26	39	0.4407	0.661	
515	88	183	0.1709	0.3553	
113	8	12	0.0708	0.1062	
233	50	92	0.2146	0.3948	
129	51	83	0.3953	0.6434	
214	33	65	0.1542	0.3037	
76	14	23	0.1842	0.3026	
252	56	94	0.2222	0.373	
217	39	90	0.1797	0.4147	
233	51	99	0.2189	0.4249	
211	34	68	0.1611	0.3223	
366	46	87	0.1257	0.2377	
180	45	85	0.25	0.4722	
237	39	58	0.1646	0.2447	
651	110	222	0.169	0.341	
95	17	29	0.1789	0.3053	
99	11	21	0.1111	0.2121	
402	43	77	0.107	0.1915	
223	51	81	0.2287	0.3632	
112	21	31	0.1875	0.2768	
231	70	102	0.303	0.4416	
116	15	24	0.1293	0.2069	
598	92	201	0.1538	0.3361	
139	30	53	0.2158	0.3813	
177	23	46	0.1299	0.2599	
79	14	31	0.1772	0.3924	
63	31	40	0.4921	0.6349	
300	46	107	0.1533	0.3567	
370	53	117	0.1432	0.3162	
713	122	265	0.1711	0.3717	
61	13	22	0.2131	0.3607	
347	34	59	0.098	0.17	
374	53	111	0.1417	0.2968	
367	37	82	0.1008	0.2234	
129	27	41	0.2093	0.3178	
319	54	108	0.1693	0.3386	
162	25	66	0.1543	0.4074	
313	48	97	0.1534	0.3099	
100	20	31	0.2	0.31	
434	73	172	0.1682	0.3963	
251	44	96	0.1753	0.3825	
426	52	91	0.1221	0.2136	
151	32	53	0.2119	0.351	
241	69	106	0.2863	0.4398	
102	8	12	0.0784	0.1176	
220	31	77	0.1409	0.35	
306	57	117	0.1863	0.3824	
141	24	40	0.1702	0.2837	
426	80	164	0.1878	0.385	
198	43	78	0.2172	0.3939	
209	23	46	0.11	0.2201	
1181	205	428	0.1736	0.3624	
88	11	31	0.125	0.3523	
164	40	70	0.2439	0.4268	
198	35	73	0.1768	0.3687	
175	28	62	0.16	0.3543	
108	19	31	0.1759	0.287	
278	76	100	0.2734	0.3597	
151	45	78	0.298	0.5166	
630	91	201	0.1444	0.319	
140	10	32	0.0714	0.2286	
300	64	125	0.2133	0.4167	
138	18	53	0.1304	0.3841	
609	91	210	0.1494	0.3448	
114	15	36	0.1316	0.3158	
280	44	98	0.1571	0.35	
90	25	39	0.2778	0.4333	
189	25	35	0.1323	0.1852	
101	21	39	0.2079	0.3861	
274	46	100	0.1679	0.365	
178	40	60	0.2247	0.3371	
147	32	63	0.2177	0.4286	
95	28	47	0.2947	0.4947	
240	41	93	0.1708	0.3875	
80	33	53	0.4125	0.6625	
110	22	42	0.2	0.3818	
135	59	66	0.437	0.4889	
92	19	41	0.2065	0.4457	
326	68	121	0.2086	0.3712	
75	14	27	0.1867	0.36	
85	14	33	0.1647	0.3882	
144	34	61	0.2361	0.4236	
266	56	118	0.2105	0.4436	
346	61	133	0.1763	0.3844	
57	20	32	0.3509	0.5614	
295	37	68	0.1254	0.2305	
301	35	74	0.1163	0.2458	
58	3	6	0.0517	0.1034	
70	11	23	0.1571	0.3286	
89	47	61	0.5281	0.6854	
259	53	98	0.2046	0.3784	
115	14	34	0.1217	0.2957	
587	103	226	0.1755	0.385	
89	16	30	0.1798	0.3371	
765	125	214	0.1634	0.2797	
373	75	153	0.2011	0.4102	
208	32	73	0.1538	0.351	
186	38	76	0.2043	0.4086	
155	34	58	0.2194	0.3742	
202	54	100	0.2673	0.495	
293	55	104	0.1877	0.3549	
556	89	211	0.1601	0.3795	
184	38	63	0.2065	0.3424	
668	78	160	0.1168	0.2395	
237	31	80	0.1308	0.3376	
181	43	73	0.2376	0.4033	
273	47	95	0.1722	0.348	
400	82	155	0.205	0.3875	
469	70	177	0.1493	0.3774	
251	38	86	0.1514	0.3426	
1341	284	595	0.2118	0.4437	
130	25	50	0.1923	0.3846	
148	32	47	0.2162	0.3176	
364	57	117	0.1566	0.3214	
259	47	89	0.1815	0.3436	
157	37	76	0.2357	0.4841	
175	14	21	0.08	0.12	
121	28	42	0.2314	0.3471	
216	43	95	0.1991	0.4398	
296	33	77	0.1115	0.2601	
726	111	247	0.1529	0.3402	
424	88	178	0.2075	0.4198	
243	54	105	0.2222	0.4321	
416	80	155	0.1923	0.3726	
447	62	98	0.1387	0.2192	
425	84	164	0.1976	0.3859	
399	50	105	0.1253	0.2632	
469	76	120	0.162	0.2559	
372	61	136	0.164	0.3656	
186	45	90	0.2419	0.4839	
193	31	76	0.1606	0.3938	
655	109	237	0.1664	0.3618	
262	49	92	0.187	0.3511	
432	70	143	0.162	0.331	
381	69	144	0.1811	0.378	
108	24	41	0.2222	0.3796	
336	55	113	0.1637	0.3363	
86	31	52	0.3605	0.6047	
377	52	123	0.1379	0.3263	
153	39	65	0.2549	0.4248	
106	18	44	0.1698	0.4151	
474	80	167	0.1688	0.3523	
365	53	106	0.1452	0.2904	
616	97	203	0.1575	0.3295	
320	54	129	0.1688	0.4031	
342	80	133	0.2339	0.3889	
762	129	273	0.1693	0.3583	
131	24	52	0.1832	0.3969	
343	100	157	0.2915	0.4577	
262	18	32	0.0687	0.1221	
140	19	44	0.1357	0.3143	
312	27	61	0.0865	0.1955	
159	36	56	0.2264	0.3522	
103	12	27	0.1165	0.2621	
234	25	45	0.1068	0.1923	
267	32	56	0.1199	0.2097	
110	21	33	0.1909	0.3	
234	38	76	0.1624	0.3248	
486	111	174	0.2284	0.358	
942	158	309	0.1677	0.328	
197	53	88	0.269	0.4467	
268	47	98	0.1754	0.3657	
139	10	20	0.0719	0.1439	
414	76	152	0.1836	0.3671	
224	42	90	0.1875	0.4018	
391	110	180	0.2813	0.4604	
246	49	79	0.1992	0.3211	
362	60	145	0.1657	0.4006	
380	64	116	0.1684	0.3053	
350	71	139	0.2029	0.3971	
365	72	145	0.1973	0.3973	
162	50	71	0.3086	0.4383	
542	76	171	0.1402	0.3155	
205	36	82	0.1756	0.4	
422	98	165	0.2322	0.391	
57	16	31	0.2807	0.5439	
157	24	46	0.1529	0.293	
206	60	100	0.2913	0.4854	
1139	255	499	0.2239	0.4381	
312	48	114	0.1538	0.3654	
75	9	11	0.12	0.1467	
259	52	106	0.2008	0.4093	
242	41	98	0.1694	0.405	
336	65	120	0.1935	0.3571	
382	69	117	0.1806	0.3063	
238	52	102	0.2185	0.4286	
346	78	145	0.2254	0.4191	
385	58	127	0.1506	0.3299	
86	19	27	0.2209	0.314	
345	60	112	0.1739	0.3246	
249	73	116	0.2932	0.4659	
217	36	70	0.1659	0.3226	
219	34	74	0.1553	0.3379	
226	49	95	0.2168	0.4204	
162	29	53	0.179	0.3272	
355	66	119	0.1859	0.3352	
388	34	69	0.0876	0.1778	
525	116	215	0.221	0.4095	
140	12	34	0.0857	0.2429	
110	18	38	0.1636	0.3455	
183	36	70	0.1967	0.3825	
129	11	30	0.0853	0.2326	
224	44	92	0.1964	0.4107	
337	66	143	0.1958	0.4243	
539	104	201	0.1929	0.3729	
242	38	85	0.157	0.3512	
405	55	118	0.1358	0.2914	
267	41	95	0.1536	0.3558	
416	82	148	0.1971	0.3558	
404	70	148	0.1733	0.3663	
1847	333	625	0.1803	0.3384	
360	85	160	0.2361	0.4444	
432	46	100	0.1065	0.2315	
204	40	80	0.1961	0.3922	
366	37	66	0.1011	0.1803	
99	8	15	0.0808	0.1515	
200	60	105	0.3	0.525	
205	36	79	0.1756	0.3854	
199	19	39	0.0955	0.196	
432	88	168	0.2037	0.3889	
144	27	42	0.1875	0.2917	
421	74	157	0.1758	0.3729	
417	86	184	0.2062	0.4412	
263	52	99	0.1977	0.3764	
85	8	24	0.0941	0.2824	
265	41	65	0.1547	0.2453	
91	7	15	0.0769	0.1648	
145	11	20	0.0759	0.1379	
192	64	108	0.3333	0.5625	
150	37	56	0.2467	0.3733	
281	51	96	0.1815	0.3416	
379	62	113	0.1636	0.2982	
197	31	76	0.1574	0.3858	
57	24	31	0.4211	0.5439	
260	37	90	0.1423	0.3462	
243	58	95	0.2387	0.3909	
184	28	67	0.1522	0.3641	
138	8	17	0.058	0.1232	
95	20	40	0.2105	0.4211	
191	11	28	0.0576	0.1466	
233	31	67	0.133	0.2876	
128	17	43	0.1328	0.3359	
703	187	334	0.266	0.4751	
273	61	153	0.2234	0.5604	
98	19	33	0.1939	0.3367	
82	8	13	0.0976	0.1585	
127	18	43	0.1417	0.3386	
69	11	22	0.1594	0.3188	
168	27	57	0.1607	0.3393	
336	75	137	0.2232	0.4077	
292	72	137	0.2466	0.4692	
162	68	83	0.4198	0.5123	
128	28	63	0.2188	0.4922	
347	72	129	0.2075	0.3718	
505	116	232	0.2297	0.4594	
82	16	32	0.1951	0.3902	
128	16	27	0.125	0.2109	
162	34	63	0.2099	0.3889	
328	52	123	0.1585	0.375	
1226	224	441	0.1827	0.3597	
449	91	173	0.2027	0.3853	
284	36	70	0.1268	0.2465	
298	51	94	0.1711	0.3154	
283	15	50	0.053	0.1767	
163	22	38	0.135	0.2331	
137	34	60	0.2482	0.438	
92	10	25	0.1087	0.2717	
498	93	181	0.1867	0.3635	
203	46	84	0.2266	0.4138	
366	29	60	0.0792	0.1639	
74	14	15	0.1892	0.2027	
155	45	63	0.2903	0.4065	
190	51	81	0.2684	0.4263	
461	90	180	0.1952	0.3905	
220	46	85	0.2091	0.3864	
194	48	81	0.2474	0.4175	
210	32	66	0.1524	0.3143	
147	31	62	0.2109	0.4218	
119	27	58	0.2269	0.4874	
79	7	15	0.0886	0.1899	
120	15	27	0.125	0.225	
224	29	77	0.1295	0.3438	
673	142	259	0.211	0.3848	
373	107	168	0.2869	0.4504	
282	26	48	0.0922	0.1702	
513	83	189	0.1618	0.3684	
246	58	99	0.2358	0.4024	
634	134	256	0.2114	0.4038	
161	91	112	0.5652	0.6957	
294	74	126	0.2517	0.4286	
403	79	156	0.196	0.3871	
359	80	139	0.2228	0.3872	
109	14	23	0.1284	0.211	
261	46	87	0.1762	0.3333	
800	136	272	0.17	0.34	
228	30	64	0.1316	0.2807	
615	104	231	0.1691	0.3756	
162	26	51	0.1605	0.3148	
235	34	80	0.1447	0.3404	
371	91	169	0.2453	0.4555	
131	20	39	0.1527	0.2977	
156	34	69	0.2179	0.4423	
276	51	91	0.1848	0.3297	
482	97	180	0.2012	0.3734	
170	27	53	0.1588	0.3118	
113	25	43	0.2212	0.3805	
169	29	61	0.1716	0.3609	
256	42	86	0.1641	0.3359	
393	59	163	0.1501	0.4148	
178	25	54	0.1404	0.3034	
192	26	54	0.1354	0.2812	
246	52	107	0.2114	0.435	
115	15	31	0.1304	0.2696	
255	38	83	0.149	0.3255	
167	46	69	0.2754	0.4132	
197	26	43	0.132	0.2183	
237	40	75	0.1688	0.3165	
805	110	222	0.1366	0.2758	
188	28	77	0.1489	0.4096	
151	29	59	0.1921	0.3907	
297	20	54	0.0673	0.1818	
110	15	31	0.1364	0.2818	
406	85	157	0.2094	0.3867	
214	17	34	0.0794	0.1589	
180	27	60	0.15	0.3333	
318	31	62	0.0975	0.195	
408	72	145	0.1765	0.3554	
101	18	39	0.1782	0.3861	
123	39	63	0.3171	0.5122	
353	57	110	0.1615	0.3116	
374	36	81	0.0963	0.2166	
219	43	77	0.1963	0.3516	
107	27	42	0.2523	0.3925	
78	33	41	0.4231	0.5256	
114	17	38	0.1491	0.3333	
895	160	330	0.1788	0.3687	
308	59	106	0.1916	0.3442	
204	43	69	0.2108	0.3382	
312	106	164	0.3397	0.5256	
119	14	31	0.1176	0.2605	
360	58	125	0.1611	0.3472	
156	33	60	0.2115	0.3846	
308	28	49	0.0909	0.1591	
338	104	174	0.3077	0.5148	
238	48	83	0.2017	0.3487	
257	52	105	0.2023	0.4086	
219	40	85	0.1826	0.3881	
233	32	56	0.1373	0.2403	
190	65	98	0.3421	0.5158	
216	36	77	0.1667	0.3565	
392	64	135	0.1633	0.3444	
186	17	45	0.0914	0.2419	
122	8	15	0.0656	0.123	
121	14	26	0.1157	0.2149	
169	26	47	0.1538	0.2781	
241	30	69	0.1245	0.2863	
272	40	91	0.1471	0.3346	
202	20	58	0.099	0.2871	
288	54	108	0.1875	0.375	
214	13	19	0.0607	0.0888	
116	35	59	0.3017	0.5086	
339	33	76	0.0973	0.2242	
194	37	102	0.1907	0.5258	
214	47	97	0.2196	0.4533	
165	31	67	0.1879	0.4061	
249	27	54	0.1084	0.2169	
423	66	165	0.156	0.3901	
127	14	33	0.1102	0.2598	
287	36	64	0.1254	0.223	
138	20	43	0.1449	0.3116	
555	83	184	0.1495	0.3315	
260	75	130	0.2885	0.5	
247	40	87	0.1619	0.3522	
620	113	219	0.1823	0.3532	
443	86	190	0.1941	0.4289	
338	81	161	0.2396	0.4763	
261	63	138	0.2414	0.5287	
113	32	43	0.2832	0.3805	
177	11	25	0.0621	0.1412	
221	40	79	0.181	0.3575	
314	58	119	0.1847	0.379	
336	57	119	0.1696	0.3542	
103	22	38	0.2136	0.3689	
123	5	16	0.0407	0.1301	
415	68	140	0.1639	0.3373	
636	147	295	0.2311	0.4638	
152	51	83	0.3355	0.5461	
58	22	36	0.3793	0.6207	
134	17	30	0.1269	0.2239	
67	11	22	0.1642	0.3284	
98	28	46	0.2857	0.4694	
118	15	31	0.1271	0.2627	
230	26	60	0.113	0.2609	
168	40	70	0.2381	0.4167	
185	34	54	0.1838	0.2919	
146	21	35	0.1438	0.2397	
314	55	116	0.1752	0.3694	
112	8	11	0.0714	0.0982	
245	53	98	0.2163	0.4	
130	16	21	0.1231	0.1615	
178	33	68	0.1854	0.382	
66	18	47	0.2727	0.7121	
98	32	55	0.3265	0.5612	
182	26	39	0.1429	0.2143	
160	16	40	0.1	0.25	
96	47	56	0.4896	0.5833	
299	28	51	0.0936	0.1706	
397	49	96	0.1234	0.2418	
643	117	236	0.182	0.367	
118	6	8	0.0508	0.0678	
438	88	170	0.2009	0.3881	
424	90	161	0.2123	0.3797	
248	36	75	0.1452	0.3024	
733	134	260	0.1828	0.3547	
126	17	33	0.1349	0.2619	
302	67	123	0.2219	0.4073	
217	31	66	0.1429	0.3041	
107	23	36	0.215	0.3364	
151	28	51	0.1854	0.3377	
216	20	35	0.0926	0.162	
275	58	124	0.2109	0.4509	
223	39	90	0.1749	0.4036	
365	51	109	0.1397	0.2986	
77	14	19	0.1818	0.2468	
374	55	120	0.1471	0.3209	
276	53	116	0.192	0.4203	
100	17	29	0.17	0.29	
158	33	57	0.2089	0.3608	
274	58	121	0.2117	0.4416	
194	37	76	0.1907	0.3918	
290	43	105	0.1483	0.3621	
214	29	61	0.1355	0.285	
241	39	91	0.1618	0.3776	
308	58	130	0.1883	0.4221	
620	117	226	0.1887	0.3645	
391	55	118	0.1407	0.3018	
270	42	96	0.1556	0.3556	
377	45	85	0.1194	0.2255	
207	25	48	0.1208	0.2319	
82	4	14	0.0488	0.1707	
761	160	292	0.2102	0.3837	
99	21	33	0.2121	0.3333	
370	78	141	0.2108	0.3811	
463	79	157	0.1706	0.3391	
114	15	37	0.1316	0.3246	
624	135	254	0.2163	0.4071	
297	48	93	0.1616	0.3131	
519	90	187	0.1734	0.3603	
366	87	162	0.2377	0.4426	
90	9	22	0.1	0.2444	
551	101	206	0.1833	0.3739	
244	38	79	0.1557	0.3238	
211	15	39	0.0711	0.1848	
361	46	108	0.1274	0.2992	
563	124	225	0.2202	0.3996	
281	28	57	0.0996	0.2028	
180	19	29	0.1056	0.1611	
257	37	88	0.144	0.3424	
131	30	55	0.229	0.4198	
226	39	83	0.1726	0.3673	
299	78	125	0.2609	0.4181	
197	39	73	0.198	0.3706	
208	39	76	0.1875	0.3654	
135	19	38	0.1407	0.2815	
602	117	220	0.1944	0.3654	
521	107	202	0.2054	0.3877	
260	61	122	0.2346	0.4692	
177	22	56	0.1243	0.3164	
241	67	104	0.278	0.4315	
150	26	51	0.1733	0.34	
146	39	77	0.2671	0.5274	
288	56	116	0.1944	0.4028	
298	67	134	0.2248	0.4497	
159	25	52	0.1572	0.327	
64	21	30	0.3281	0.4688	
292	56	100	0.1918	0.3425	
274	50	117	0.1825	0.427	
263	61	116	0.2319	0.4411	
156	25	49	0.1603	0.3141	
119	24	57	0.2017	0.479	
127	19	36	0.1496	0.2835	
416	84	163	0.2019	0.3918	
255	59	103	0.2314	0.4039	
308	65	122	0.211	0.3961	
178	24	48	0.1348	0.2697	
154	28	61	0.1818	0.3961	
225	44	80	0.1956	0.3556	
94	16	28	0.1702	0.2979	
96	35	48	0.3646	0.5	
214	39	80	0.1822	0.3738	
283	23	40	0.0813	0.1413	
249	46	93	0.1847	0.3735	
566	93	171	0.1643	0.3021	
130	21	41	0.1615	0.3154	
103	13	28	0.1262	0.2718	
580	94	199	0.1621	0.3431	
283	28	84	0.0989	0.2968	
132	38	61	0.2879	0.4621	
114	23	53	0.2018	0.4649	
230	54	92	0.2348	0.4	
48	14	25	0.2917	0.5208	
620	136	266	0.2194	0.429	
349	54	109	0.1547	0.3123	
203	43	76	0.2118	0.3744	
480	96	171	0.2	0.3563	
237	75	113	0.3165	0.4768	
226	45	95	0.1991	0.4204	
105	26	35	0.2476	0.3333	
241	18	42	0.0747	0.1743	
395	66	134	0.1671	0.3392	
507	28	69	0.0552	0.1361	
97	15	33	0.1546	0.3402	
65	24	36	0.3692	0.5538	
306	53	109	0.1732	0.3562	
191	33	72	0.1728	0.377	
135	24	41	0.1778	0.3037	
179	34	61	0.1899	0.3408	
420	82	172	0.1952	0.4095	
100	15	26	0.15	0.26	
362	67	139	0.1851	0.384	
933	110	277	0.1179	0.2969	
450	24	55	0.0533	0.1222	
53	7	14	0.1321	0.2642	
83	18	30	0.2169	0.3614	
252	41	88	0.1627	0.3492	
168	35	74	0.2083	0.4405	
87	8	16	0.092	0.1839	
110	15	33	0.1364	0.3	
283	25	57	0.0883	0.2014	
108	23	37	0.213	0.3426	
59	13	29	0.2203	0.4915	
137	13	26	0.0949	0.1898	
393	67	143	0.1705	0.3639	
179	31	70	0.1732	0.3911	
454	79	164	0.174	0.3612	
336	46	109	0.1369	0.3244	
130	18	30	0.1385	0.2308	
89	10	27	0.1124	0.3034	
66	8	10	0.1212	0.1515	
73	7	12	0.0959	0.1644	
250	37	93	0.148	0.372	
62	17	31	0.2742	0.5	
308	28	47	0.0909	0.1526	
147	34	52	0.2313	0.3537	
1188	225	449	0.1894	0.3779	
146	29	56	0.1986	0.3836	
163	31	53	0.1902	0.3252	
118	13	17	0.1102	0.1441	
226	31	64	0.1372	0.2832	
310	59	110	0.1903	0.3548	
335	66	132	0.197	0.394	
100	14	27	0.14	0.27	
352	66	132	0.1875	0.375	
231	52	100	0.2251	0.4329	
161	38	74	0.236	0.4596	
213	43	67	0.2019	0.3146	
356	75	152	0.2107	0.427	
510	128	237	0.251	0.4647	
1099	212	420	0.1929	0.3822	
553	103	214	0.1863	0.387	
82	34	50	0.4146	0.6098	
186	30	71	0.1613	0.3817	
474	75	147	0.1582	0.3101	
404	56	131	0.1386	0.3243	
247	35	53	0.1417	0.2146	
240	39	78	0.1625	0.325	
391	69	140	0.1765	0.3581	
408	102	207	0.25	0.5074	
634	95	182	0.1498	0.2871	
135	5	14	0.037	0.1037	
286	60	99	0.2098	0.3462	
334	36	72	0.1078	0.2156	
222	33	71	0.1486	0.3198	
162	12	23	0.0741	0.142	
266	41	89	0.1541	0.3346	
227	40	81	0.1762	0.3568	
269	58	107	0.2156	0.3978	
218	40	98	0.1835	0.4495	
1005	48	131	0.0478	0.1303	
181	36	58	0.1989	0.3204	
45	8	10	0.1778	0.2222	
618	116	254	0.1877	0.411	
395	58	130	0.1468	0.3291	
127	23	56	0.1811	0.4409	
492	55	104	0.1118	0.2114	
484	83	183	0.1715	0.3781	
504	97	170	0.1925	0.3373	
467	96	166	0.2056	0.3555	
93	22	29	0.2366	0.3118	
261	56	98	0.2146	0.3755	
61	19	36	0.3115	0.5902	
165	24	49	0.1455	0.297	
284	59	116	0.2077	0.4085	
329	48	107	0.1459	0.3252	
89	23	49	0.2584	0.5506	
128	57	80	0.4453	0.625	
660	104	217	0.1576	0.3288	
117	22	31	0.188	0.265	
103	26	35	0.2524	0.3398	
161	25	58	0.1553	0.3602	
118	13	36	0.1102	0.3051	
295	60	115	0.2034	0.3898	
144	29	44	0.2014	0.3056	
185	32	69	0.173	0.373	
759	121	246	0.1594	0.3241	
259	59	115	0.2278	0.444	
1075	175	335	0.1628	0.3116	
552	150	241	0.2717	0.4366	
92	7	15	0.0761	0.163	
600	132	272	0.22	0.4533	
355	74	155	0.2085	0.4366	
294	60	126	0.2041	0.4286	
230	42	92	0.1826	0.4	
317	34	69	0.1073	0.2177	
409	104	155	0.2543	0.379	
233	33	52	0.1416	0.2232	
112	18	43	0.1607	0.3839	
46	22	32	0.4783	0.6957	
417	188	240	0.4508	0.5755	
259	38	64	0.1467	0.2471	
317	125	166	0.3943	0.5237	
199	28	47	0.1407	0.2362	
481	41	90	0.0852	0.1871	
57	3	6	0.0526	0.1053	
892	154	303	0.1726	0.3397	
221	42	84	0.19	0.3801	
380	82	166	0.2158	0.4368	
129	35	62	0.2713	0.4806	
282	43	93	0.1525	0.3298	
244	45	94	0.1844	0.3852	
84	24	34	0.2857	0.4048	
292	58	114	0.1986	0.3904	
381	35	87	0.0919	0.2283	
363	71	149	0.1956	0.4105	
60	22	36	0.3667	0.6	
156	24	56	0.1538	0.359	
333	62	152	0.1862	0.4565	
164	28	59	0.1707	0.3598	
321	77	142	0.2399	0.4424	
110	16	35	0.1455	0.3182	
86	16	28	0.186	0.3256	
292	59	97	0.2021	0.3322	
156	31	59	0.1987	0.3782	
371	54	116	0.1456	0.3127	
449	76	157	0.1693	0.3497	
218	28	48	0.1284	0.2202	
721	138	258	0.1914	0.3578	
180	30	59	0.1667	0.3278	
311	46	120	0.1479	0.3859	
124	20	47	0.1613	0.379	
778	148	269	0.1902	0.3458	
238	22	52	0.0924	0.2185	
259	33	82	0.1274	0.3166	
247	61	93	0.247	0.3765	
138	23	48	0.1667	0.3478	
179	39	79	0.2179	0.4413	
262	31	81	0.1183	0.3092	
330	37	70	0.1121	0.2121	
174	40	53	0.2299	0.3046	
408	113	191	0.277	0.4681	
147	37	54	0.2517	0.3673	
288	52	112	0.1806	0.3889	
168	49	74	0.2917	0.4405	
282	79	135	0.2801	0.4787	
173	33	51	0.1908	0.2948	
187	35	71	0.1872	0.3797	
93	16	25	0.172	0.2688	
366	71	145	0.194	0.3962	
524	90	202	0.1718	0.3855	
207	25	61	0.1208	0.2947	
214	30	75	0.1402	0.3505	
103	10	18	0.0971	0.1748	
147	24	35	0.1633	0.2381	
106	31	41	0.2925	0.3868	
151	29	51	0.1921	0.3377	
183	54	78	0.2951	0.4262	
389	71	169	0.1825	0.4344	
64	32	40	0.5	0.625	
335	53	115	0.1582	0.3433	
251	48	91	0.1912	0.3625	
426	75	152	0.1761	0.3568	
219	41	75	0.1872	0.3425	
257	37	76	0.144	0.2957	
384	53	123	0.138	0.3203	
117	28	58	0.2393	0.4957	
191	29	47	0.1518	0.2461	
75	15	27	0.2	0.36	
141	15	40	0.1064	0.2837	
513	94	185	0.1832	0.3606	
129	37	63	0.2868	0.4884	
97	35	47	0.3608	0.4845	
198	31	73	0.1566	0.3687	
126	34	56	0.2698	0.4444	
224	65	108	0.2902	0.4821	
270	38	90	0.1407	0.3333	
438	98	171	0.2237	0.3904	
1042	162	356	0.1555	0.3417	
150	27	49	0.18	0.3267	
224	49	90	0.2188	0.4018	
422	45	82	0.1066	0.1943	
154	17	28	0.1104	0.1818	
173	19	47	0.1098	0.2717	
124	10	18	0.0806	0.1452	
192	30	55	0.1562	0.2865	
501	76	164	0.1517	0.3273	
47	14	29	0.2979	0.617	
87	14	22	0.1609	0.2529	
77	25	43	0.3247	0.5584	
109	39	61	0.3578	0.5596	
140	11	21	0.0786	0.15	
305	73	126	0.2393	0.4131	
391	51	102	0.1304	0.2609	
318	57	120	0.1792	0.3774	
391	65	141	0.1662	0.3606	
149	6	10	0.0403	0.0671	
140	30	53	0.2143	0.3786	
147	22	42	0.1497	0.2857	
127	16	27	0.126	0.2126	
290	41	87	0.1414	0.3	
178	13	33	0.073	0.1854	
254	31	56	0.122	0.2205	
465	85	172	0.1828	0.3699	
86	8	18	0.093	0.2093	
567	114	229	0.2011	0.4039	
401	61	126	0.1521	0.3142	
398	34	56	0.0854	0.1407	
176	32	89	0.1818	0.5057	
341	74	140	0.217	0.4106	
415	22	40	0.053	0.0964	
392	46	110	0.1173	0.2806	
567	78	141	0.1376	0.2487	
530	91	188	0.1717	0.3547	
103	17	39	0.165	0.3786	
248	64	108	0.2581	0.4355	
237	43	75	0.1814	0.3165	
225	36	87	0.16	0.3867	
115	14	36	0.1217	0.313	
89	14	39	0.1573	0.4382	
102	25	36	0.2451	0.3529	
343	48	114	0.1399	0.3324	
120	13	25	0.1083	0.2083	
208	33	61	0.1587	0.2933	
312	43	92	0.1378	0.2949	
407	88	174	0.2162	0.4275	
504	85	187	0.1687	0.371	
67	11	22	0.1642	0.3284	
107	10	21	0.0935	0.1963	
92	25	30	0.2717	0.3261	
166	17	42	0.1024	0.253	
217	47	84	0.2166	0.3871	
277	48	97	0.1733	0.3502	
411	74	154	0.18	0.3747	
188	33	67	0.1755	0.3564	
237	50	93	0.211	0.3924	
116	27	52	0.2328	0.4483	
170	9	15	0.0529	0.0882	
61	16	30	0.2623	0.4918	
142	26	49	0.1831	0.3451	
389	85	143	0.2185	0.3676	
77	30	43	0.3896	0.5584	
153	24	42	0.1569	0.2745	
250	14	36	0.056	0.144	
62	15	17	0.2419	0.2742	
427	95	181	0.2225	0.4239	
543	109	216	0.2007	0.3978	
294	57	104	0.1939	0.3537	
258	24	52	0.093	0.2016	
397	57	94	0.1436	0.2368	
373	52	124	0.1394	0.3324	
97	20	28	0.2062	0.2887	
327	36	75	0.1101	0.2294	
232	26	56	0.1121	0.2414	
149	38	69	0.255	0.4631	
74	15	24	0.2027	0.3243	
255	36	77	0.1412	0.302	
185	31	62	0.1676	0.3351	
57	17	33	0.2982	0.5789	
172	11	28	0.064	0.1628	
305	44	92	0.1443	0.3016	
194	27	70	0.1392	0.3608	
262	41	72	0.1565	0.2748	
243	43	83	0.177	0.3416	
774	165	306	0.2132	0.3953	
196	41	79	0.2092	0.4031	
158	29	70	0.1835	0.443	
153	9	16	0.0588	0.1046	
223	42	90	0.1883	0.4036	
188	40	70	0.2128	0.3723	
147	9	18	0.0612	0.1224	
540	84	194	0.1556	0.3593	
220	13	27	0.0591	0.1227	
189	8	11	0.0423	0.0582	
196	36	81	0.1837	0.4133	
122	16	22	0.1311	0.1803	
333	53	132	0.1592	0.3964	
405	78	162	0.1926	0.4	
231	48	97	0.2078	0.4199	
73	18	32	0.2466	0.4384	
671	98	207	0.1461	0.3085	
169	45	80	0.2663	0.4734	
249	43	94	0.1727	0.3775	
387	66	134	0.1705	0.3463	
208	70	109	0.3365	0.524	
366	60	115	0.1639	0.3142	
266	63	108	0.2368	0.406	
358	46	114	0.1285	0.3184	
95	15	27	0.1579	0.2842	
252	53	97	0.2103	0.3849	
350	47	97	0.1343	0.2771	
571	87	183	0.1524	0.3205	
316	55	115	0.1741	0.3639	
351	40	69	0.114	0.1966	
454	95	190	0.2093	0.4185	
49	3	6	0.0612	0.1224	
84	17	30	0.2024	0.3571	
323	60	111	0.1858	0.3437	
134	27	43	0.2015	0.3209	
272	47	96	0.1728	0.3529	
808	150	278	0.1856	0.3441	
291	45	104	0.1546	0.3574	
280	52	100	0.1857	0.3571	
187	22	48	0.1176	0.2567	
630	116	226	0.1841	0.3587	
152	9	15	0.0592	0.0987	
315	27	59	0.0857	0.1873	
451	80	145	0.1774	0.3215	
420	66	148	0.1571	0.3524	
242	50	116	0.2066	0.4793	
366	69	141	0.1885	0.3852	
102	29	49	0.2843	0.4804	
194	65	99	0.3351	0.5103	
386	28	48	0.0725	0.1244	
271	44	90	0.1624	0.3321	
86	18	28	0.2093	0.3256	
273	37	104	0.1355	0.381	
359	50	121	0.1393	0.337	
153	39	70	0.2549	0.4575	
163	21	57	0.1288	0.3497	
663	108	220	0.1629	0.3318	
350	67	145	0.1914	0.4143	
200	33	71	0.165	0.355	
152	16	32	0.1053	0.2105	
278	52	92	0.1871	0.3309	
170	43	69	0.2529	0.4059	
308	45	114	0.1461	0.3701	
114	19	30	0.1667	0.2632	
313	43	90	0.1374	0.2875	
434	91	172	0.2097	0.3963	
229	48	90	0.2096	0.393	
137	20	46	0.146	0.3358	
338	70	126	0.2071	0.3728	
191	12	35	0.0628	0.1832	
340	72	134	0.2118	0.3941	
128	66	85	0.5156	0.6641	
451	60	132	0.133	0.2927	
620	113	246	0.1823	0.3968	
539	95	210	0.1763	0.3896	
160	15	28	0.0938	0.175	
418	86	169	0.2057	0.4043	
117	13	41	0.1111	0.3504	
447	59	163	0.132	0.3647	
175	25	56	0.1429	0.32	
330	45	121	0.1364	0.3667	
141	22	43	0.156	0.305	
418	61	131	0.1459	0.3134	
415	75	156	0.1807	0.3759	
361	58	118	0.1607	0.3269	
352	72	140	0.2045	0.3977	
85	6	15	0.0706	0.1765	
112	24	38	0.2143	0.3393	
181	35	68	0.1934	0.3757	
245	44	94	0.1796	0.3837	
363	50	106	0.1377	0.292	
125	29	46	0.232	0.368	
145	4	9	0.0276	0.0621	
257	57	96	0.2218	0.3735	
323	59	127	0.1827	0.3932	
645	137	232	0.2124	0.3597	
135	38	67	0.2815	0.4963	
157	20	31	0.1274	0.1975	
251	44	90	0.1753	0.3586	
333	70	127	0.2102	0.3814	
293	45	95	0.1536	0.3242	
70	2	2	0.0286	0.0286	
99	15	34	0.1515	0.3434	
75	26	44	0.3467	0.5867	
212	20	54	0.0943	0.2547	
227	34	82	0.1498	0.3612	
426	55	133	0.1291	0.3122	
121	12	32	0.0992	0.2645	
414	64	137	0.1546	0.3309	
112	15	29	0.1339	0.2589	
303	51	99	0.1683	0.3267	
352	67	134	0.1903	0.3807	
193	32	69	0.1658	0.3575	
140	29	40	0.2071	0.2857	
61	29	37	0.4754	0.6066	
104	9	17	0.0865	0.1635	
425	81	162	0.1906	0.3812	
396	43	85	0.1086	0.2146	
185	25	48	0.1351	0.2595	
373	69	153	0.185	0.4102	
370	73	122	0.1973	0.3297	
446	53	124	0.1188	0.278	
503	87	186	0.173	0.3698	
336	36	73	0.1071	0.2173	
222	14	37	0.0631	0.1667	
232	43	84	0.1853	0.3621	
237	44	90	0.1857	0.3797	
164	38	61	0.2317	0.372	
164	40	78	0.2439	0.4756	
288	69	141	0.2396	0.4896	
154	35	69	0.2273	0.4481	
206	46	90	0.2233	0.4369	
396	77	163	0.1944	0.4116	
337	67	117	0.1988	0.3472	
47	18	20	0.383	0.4255	
608	135	228	0.222	0.375	
303	68	129	0.2244	0.4257	
234	52	105	0.2222	0.4487	
350	42	83	0.12	0.2371	
184	14	27	0.0761	0.1467	
226	55	82	0.2434	0.3628	
264	51	99	0.1932	0.375	
79	19	31	0.2405	0.3924	
109	24	35	0.2202	0.3211	
297	26	52	0.0875	0.1751	
129	33	55	0.2558	0.4264	
1634	351	691	0.2148	0.4229	
428	99	183	0.2313	0.4276	
471	110	217	0.2335	0.4607	
226	31	74	0.1372	0.3274	
198	21	39	0.1061	0.197	
425	78	153	0.1835	0.36	
57	6	17	0.1053	0.2982	
342	153	182	0.4474	0.5322	
148	22	49	0.1486	0.3311	
260	56	100	0.2154	0.3846	
488	99	180	0.2029	0.3689	
157	60	73	0.3822	0.465	
156	26	54	0.1667	0.3462	
114	21	38	0.1842	0.3333	
154	21	48	0.1364	0.3117	
117	20	43	0.1709	0.3675	
484	85	182	0.1756	0.376	
410	84	155	0.2049	0.378	
263	56	95	0.2129	0.3612	
439	60	153	0.1367	0.3485	
299	39	71	0.1304	0.2375	
342	34	55	0.0994	0.1608	
310	66	131	0.2129	0.4226	
324	47	87	0.1451	0.2685	
642	125	230	0.1947	0.3583	
692	115	252	0.1662	0.3642	
154	36	65	0.2338	0.4221	
240	42	96	0.175	0.4	
324	54	118	0.1667	0.3642	
67	3	6	0.0448	0.0896	
167	21	45	0.1257	0.2695	
748	72	151	0.0963	0.2019	
217	52	97	0.2396	0.447	
265	56	95	0.2113	0.3585	
462	91	164	0.197	0.355	
205	44	88	0.2146	0.4293	
1195	251	475	0.21	0.3975	
472	87	174	0.1843	0.3686	
428	101	189	0.236	0.4416	
195	33	68	0.1692	0.3487	
201	43	79	0.2139	0.393	
141	21	35	0.1489	0.2482	
414	103	190	0.2488	0.4589	
785	171	347	0.2178	0.442	
292	65	129	0.2226	0.4418	
283	42	97	0.1484	0.3428	
1009	255	475	0.2527	0.4708	
374	130	194	0.3476	0.5187	
152	15	27	0.0987	0.1776	
320	40	72	0.125	0.225	
75	17	31	0.2267	0.4133	
380	84	137	0.2211	0.3605	
199	51	91	0.2563	0.4573	
113	29	40	0.2566	0.354	
577	88	192	0.1525	0.3328	
277	77	127	0.278	0.4585	
95	16	44	0.1684	0.4632	
211	51	86	0.2417	0.4076	
256	47	99	0.1836	0.3867	
137	29	58	0.2117	0.4234	
330	40	93	0.1212	0.2818	
336	36	59	0.1071	0.1756	
131	22	43	0.1679	0.3282	
338	36	74	0.1065	0.2189	
449	66	164	0.147	0.3653	
252	72	131	0.2857	0.5198	
436	52	119	0.1193	0.2729	
161	27	46	0.1677	0.2857	
116	9	12	0.0776	0.1034	
1232	210	421	0.1705	0.3417	
728	129	273	0.1772	0.375	
76	20	28	0.2632	0.3684	
116	23	44	0.1983	0.3793	
152	54	80	0.3553	0.5263	
444	93	185	0.2095	0.4167	
136	10	36	0.0735	0.2647	
345	37	73	0.1072	0.2116	
184	36	77	0.1957	0.4185	
553	114	205	0.2061	0.3707	
406	63	145	0.1552	0.3571	
221	28	70	0.1267	0.3167	
111	19	38	0.1712	0.3423	
285	48	90	0.1684	0.3158	
104	14	22	0.1346	0.2115	
98	18	25	0.1837	0.2551	
71	30	45	0.4225	0.6338	
233	17	45	0.073	0.1931	
143	47	73	0.3287	0.5105	
841	143	293	0.17	0.3484	
170	19	40	0.1118	0.2353	
176	28	60	0.1591	0.3409	
266	41	91	0.1541	0.3421	
154	29	67	0.1883	0.4351	
103	21	40	0.2039	0.3883	
389	101	168	0.2596	0.4319	
849	147	248	0.1731	0.2921	
38	5	8	0.1316	0.2105	
204	47	92	0.2304	0.451	
268	30	67	0.1119	0.25	
335	70	109	0.209	0.3254	
398	70	157	0.1759	0.3945	
116	16	38	0.1379	0.3276	
267	39	79	0.1461	0.2959	
455	67	136	0.1473	0.2989	
193	23	51	0.1192	0.2642	
302	28	49	0.0927	0.1623	
358	57	132	0.1592	0.3687	
226	44	84	0.1947	0.3717	
162	50	83	0.3086	0.5123	
104	14	28	0.1346	0.2692	
166	33	68	0.1988	0.4096	
62	21	38	0.3387	0.6129	
282	55	114	0.195	0.4043	
230	56	99	0.2435	0.4304	
169	28	54	0.1657	0.3195	
365	36	67	0.0986	0.1836	
53	23	36	0.434	0.6792	
164	15	38	0.0915	0.2317	
379	77	150	0.2032	0.3958	
173	30	62	0.1734	0.3584	
192	9	17	0.0469	0.0885	
132	46	68	0.3485	0.5152	
202	38	78	0.1881	0.3861	
351	63	127	0.1795	0.3618	
169	36	65	0.213	0.3846	
181	9	14	0.0497	0.0773	
311	67	118	0.2154	0.3794	
295	60	110	0.2034	0.3729	
151	38	71	0.2517	0.4702	
238	40	82	0.1681	0.3445	
295	45	112	0.1525	0.3797	
132	18	34	0.1364	0.2576	
249	22	44	0.0884	0.1767	
102	18	39	0.1765	0.3824	
71	22	31	0.3099	0.4366	
152	18	33	0.1184	0.2171	
218	33	64	0.1514	0.2936	
196	29	78	0.148	0.398	
415	63	127	0.1518	0.306	
345	71	150	0.2058	0.4348	
125	34	63	0.272	0.504	
44	9	15	0.2045	0.3409	
361	55	127	0.1524	0.3518	
409	60	123	0.1467	0.3007	
387	65	142	0.168	0.3669	
385	78	152	0.2026	0.3948	
432	82	146	0.1898	0.338	
795	331	479	0.4164	0.6025	
120	24	49	0.2	0.4083	
374	55	130	0.1471	0.3476	
106	13	30	0.1226	0.283	
132	26	52	0.197	0.3939	
306	56	118	0.183	0.3856	
235	40	85	0.1702	0.3617	
354	42	85	0.1186	0.2401	
70	7	14	0.1	0.2	
388	55	115	0.1418	0.2964	
290	58	116	0.2	0.4	
299	25	47	0.0836	0.1572	
124	12	21	0.0968	0.1694	
322	42	80	0.1304	0.2484	
567	126	224	0.2222	0.3951	
393	76	147	0.1934	0.374	
225	49	83	0.2178	0.3689	
121	18	30	0.1488	0.2479	
51	20	32	0.3922	0.6275	
197	38	74	0.1929	0.3756	
109	14	35	0.1284	0.3211	
204	35	75	0.1716	0.3676	
159	39	79	0.2453	0.4969	
100	17	37	0.17	0.37	
530	94	183	0.1774	0.3453	
307	31	75	0.101	0.2443	
80	40	49	0.5	0.6125	
473	74	161	0.1564	0.3404	
70	9	16	0.1286	0.2286	
229	26	54	0.1135	0.2358	
84	8	13	0.0952	0.1548	
465	77	146	0.1656	0.314	
176	26	64	0.1477	0.3636	
268	36	90	0.1343	0.3358	
84	14	14	0.1667	0.1667	
261	39	59	0.1494	0.2261	
344	70	131	0.2035	0.3808	
482	90	193	0.1867	0.4004	
231	19	76	0.0823	0.329	
124	23	45	0.1855	0.3629	
132	28	50	0.2121	0.3788	
82	25	40	0.3049	0.4878	
250	80	126	0.32	0.504	
110	11	17	0.1	0.1545	
494	117	216	0.2368	0.4372	
357	71	133	0.1989	0.3725	
423	90	174	0.2128	0.4113	
296	43	108	0.1453	0.3649	
441	107	186	0.2426	0.4218	
333	50	94	0.1502	0.2823	
270	45	97	0.1667	0.3593	
