1.57922	1.19962	0.84876	0.99474	
0.77387	0.7513	0.60942	0.84051	
1.19916	0.98033	0.69253	0.93846	
0.93114	0.9043	0.70733	0.8555	
1.03318	0.82987	0.6553	0.92961	
1.00356	0.84554	0.6451	0.80169	
1.40691	1.08699	0.68204	1.00499	
1.17382	0.93349	0.74853	1.0623	
1.17846	0.98998	0.70437	0.82731	
1.05366	0.83453	0.65366	0.83391	
1.18739	0.99449	0.69436	0.91397	
0.85928	0.72754	0.59977	0.77867	
0.89321	0.79515	0.60553	0.78154	
0.87415	0.69663	0.57773	0.8211	
0.86286	0.7734	0.6559	0.90561	
0.87822	0.88729	0.65163	0.77054	
0.86373	0.73968	0.59401	0.83622	
0.91646	0.75691	0.61334	0.78365	
0.95287	0.78522	0.61182	0.78556	
1.38225	1.05421	0.77655	0.92193	
0.90561	0.80173	0.60614	0.81716	
1.33882	1.16905	0.81663	0.62823	
1.26938	1.00671	0.70146	0.84299	
0.81526	0.70432	0.58691	0.75563	
0.92905	0.79687	0.64692	0.85837	
0.99474	0.81017	0.68534	0.87545	
1.02962	0.87179	0.61197	0.76694	
0.82974	0.70854	0.60542	0.85676	
0.77261	0.74353	0.61142	0.80225	
0.95415	0.77691	0.59214	0.87898	
0.85086	0.76123	0.61461	0.81314	
1.29447	1.17983	0.78401	0.63154	
0.8369	1.12444	0.87642	0.93018	
0.85184	0.69823	0.57946	0.85227	
0.91762	0.79366	0.60869	0.85773	
0.83125	0.7385	0.6013	0.87067	
0.96013	0.76657	0.61948	0.73936	
0.78091	0.68284	0.59655	0.84393	
1.12528	0.89957	0.6242	0.8637	
0.94716	0.7953	0.60085	0.81731	
1.21715	1.03022	0.7221	0.86895	
1.06413	1.10269	0.7965	0.86077	
0.97121	0.83586	0.69718	0.87527	
0.75077	0.71423	0.58699	0.78147	
0.77257	0.69954	0.59957	0.78019	
1.08215	1.07085	0.71207	0.63311	
0.88182	0.75559	0.59116	0.92966	
1.20734	1.07283	0.79418	0.90747	
1.47948	1.30353	0.87178	0.64907	
0.85794	0.71314	0.61799	0.84049	
0.86758	0.74051	0.60359	0.80436	
1.03288	0.83121	0.6366	0.83872	
0.93153	0.74192	0.61069	0.85583	
0.99401	0.79135	0.61812	0.81861	
0.83603	0.69417	0.58481	0.80824	
0.99078	0.77509	0.59011	0.89378	
0.83179	0.71843	0.59885	0.80201	
0.8435	0.77288	0.62717	0.79614	
1.68853	1.43012	0.97398	1.30501	
0.99072	0.86297	0.66558	0.90194	
1.06932	0.83181	0.65235	0.86998	
1.03368	0.81669	0.61469	0.79702	
0.94361	0.80241	0.66006	0.90053	
1.00829	0.84166	0.64922	0.78357	
0.83738	0.73037	0.60534	0.79407	
0.8637	0.73372	0.62887	0.75901	
0.82866	0.73889	0.61117	0.84462	
0.94205	0.75259	0.62396	0.80971	
1.27141	0.97389	0.71455	0.89853	
0.7884	0.73702	0.60989	0.73027	
1.26791	1.01105	0.85371	1.02528	
0.82664	0.70626	0.57846	0.84429	
0.77348	0.77454	0.62533	0.75131	
0.70607	0.78696	0.67411	0.79953	
0.94244	0.80812	0.65319	0.80056	
0.8283	0.65703	0.58724	0.82445	
0.98769	0.78931	0.60831	0.84105	
0.91919	0.77821	0.59681	0.79799	
1.15248	0.93933	0.67396	0.86989	
1.23242	0.95562	0.75735	0.92216	
0.86595	0.72393	0.59403	0.80445	
0.55706	0.70737	0.64237	0.8053	
1.00595	0.84609	0.61533	0.82081	
0.87401	0.88246	0.64876	0.74785	
0.73468	0.78572	0.61257	0.76156	
1.21329	1.01173	0.66202	0.85042	
1.01011	0.81489	0.64235	0.87825	
0.88474	0.70459	0.59029	0.96327	
0.86445	0.76556	0.60933	0.75412	
0.905	0.76353	0.62046	0.81751	
0.9823	0.84607	0.63268	0.84279	
0.84968	0.71079	0.58823	0.80536	
0.79207	0.73867	0.62429	0.82566	
1.27411	1.08411	0.81791	0.91361	
1.28222	1.00452	0.70696	0.97078	
0.93335	0.77996	0.62376	0.90086	
0.91401	0.76439	0.61826	0.77373	
0.94836	0.78057	0.62045	0.80689	
1.05986	0.99833	0.72362	0.90481	
0.89068	0.75429	0.60604	0.80168	
0.90001	0.83682	0.68607	0.86967	
0.92241	0.74292	0.57999	0.78814	
1.12592	0.86836	0.6808	0.81975	
0.9128	0.79603	0.58978	0.81881	
1.3509	1.4994	1.05389	0.89358	
0.89528	0.72274	0.59022	0.75514	
0.80262	0.74212	0.60333	0.79101	
1.0034	0.83428	0.62279	0.868	
0.87073	0.71752	0.58017	0.8267	
1.08781	0.88498	0.64692	0.874	
0.81156	0.73378	0.58935	0.78782	
1.20262	1.01976	0.88696	1.0939	
0.81511	0.7304	0.58631	0.77622	
1.00756	0.84533	0.62325	0.84731	
0.95933	0.9116	0.73638	0.84917	
1.2811	1.04871	0.71972	0.90098	
0.96824	0.83217	0.62939	0.83047	
0.91293	0.73002	0.60768	0.78693	
1.41422	1.31392	0.97525	1.01436	
1.29971	0.977	0.82756	1.01179	
0.85734	0.73205	0.64181	0.83528	
0.69341	0.69041	0.5859	0.89199	
1.03391	0.78896	0.64825	0.84422	
0.95921	0.80679	0.63718	0.75475	
1.23245	0.92032	0.69716	0.90055	
0.76013	0.76045	0.64236	0.82994	
0.91041	0.71053	0.58886	0.80359	
0.83887	0.69266	0.56531	0.7723	
0.92585	0.80626	0.56757	0.94889	
0.93856	0.84282	0.61565	0.83865	
0.95046	0.79731	0.65258	0.91882	
0.81497	0.70787	0.5698	0.79941	
0.90758	0.75576	0.62397	0.75912	
0.88559	0.70638	0.54733	0.72263	
1.02717	0.86814	0.66571	0.93462	
0.83699	0.70997	0.59177	0.76296	
0.82144	0.75378	0.62025	0.79659	
1.11832	0.86773	0.76194	0.91314	
0.79724	0.74211	0.60488	0.85403	
1.00352	0.83411	0.60461	0.75866	
0.85949	0.7114	0.59689	0.81381	
0.93932	0.79536	0.63927	0.7759	
0.96057	0.92041	0.67183	0.76067	
0.935	0.79296	0.61529	0.83861	
0.81719	0.74838	0.64984	0.80627	
1.15287	0.92589	0.69528	0.89206	
1.28524	1.05337	0.80344	0.93752	
0.86418	0.74259	0.60861	0.83382	
1.18021	1.01484	0.77211	0.9437	
0.99019	0.8062	0.63314	0.86821	
1.59939	1.22359	0.88813	1.1	
0.78732	0.73732	0.61608	0.83614	
0.88721	0.77685	0.65187	0.76963	
1.17367	0.90532	0.80005	0.91588	
0.98343	0.79854	0.6236	0.85761	
0.95947	0.74792	0.56866	0.81007	
0.91873	0.7698	0.60102	0.74284	
1.25923	0.99525	0.6329	0.8774	
0.92775	0.78159	0.63707	0.87824	
0.89261	0.73841	0.61009	0.76789	
0.7876	0.68417	0.58411	0.81552	
0.95857	0.77614	0.63622	0.85841	
0.84441	0.74021	0.61222	0.78915	
1.1573	0.96112	0.67722	0.8907	
1.03314	0.85574	0.66217	0.9858	
1.50989	1.10669	0.89988	1.05978	
0.9735	0.79214	0.63756	0.90848	
0.82364	0.67203	0.60292	0.86903	
0.94157	0.7798	0.64263	0.89726	
1.03574	0.85759	0.70303	0.93696	
0.842	0.76592	0.61729	0.75794	
1.05475	0.87083	0.6546	0.87329	
0.92262	0.77039	0.61228	0.81109	
1.21799	0.96258	0.71567	0.92632	
0.75517	0.72808	0.61729	0.76967	
1.13436	0.91558	0.67471	0.77408	
0.83639	0.77037	0.60931	0.90292	
0.83085	0.72431	0.58803	0.76395	
0.86972	0.71028	0.56204	0.75945	
1.15659	0.89804	0.6482	0.86541	
1.39694	1.12413	0.79705	0.91087	
0.97187	0.80782	0.64553	0.7814	
0.92036	0.82348	0.70706	0.89554	
0.81916	0.70232	0.61843	0.83741	
0.85025	0.75343	0.59861	0.79957	
1.12976	0.95945	0.66168	0.84454	
1.03162	0.88351	0.75556	0.9399	
0.7448	0.72947	0.60147	0.80555	
1.03615	0.9327	0.70818	0.86323	
0.91243	0.7413	0.59641	0.75965	
0.85644	0.74445	0.58216	0.8319	
1.13362	0.9529	0.76572	0.99848	
0.94763	0.75508	0.61583	0.81256	
0.91664	0.75784	0.61253	0.80846	
0.92492	0.73677	0.61379	0.87109	
0.979	0.80678	0.62166	0.8458	
1.0	0.84533	0.61006	0.80012	
0.80225	0.70322	0.60394	0.91673	
0.86652	0.71879	0.5878	0.85796	
0.84124	0.78199	0.62103	0.79704	
1.0247	0.75697	0.59255	0.79521	
1.08869	0.90738	0.7623	0.9606	
0.90224	0.73727	0.57423	0.76745	
1.03228	0.8626	0.66285	0.82767	
1.0798	0.96382	0.64264	0.77825	
1.0233	0.81261	0.62789	0.83557	
1.13536	0.99078	0.81521	0.98829	
1.08851	0.85544	0.64679	0.83557	
0.65198	0.69696	0.57403	0.73285	
1.25033	0.97417	0.69038	0.80637	
0.8309	0.70271	0.59865	0.81444	
1.23086	0.90668	0.6955	0.83368	
1.13837	0.91922	0.72777	0.85066	
0.9112	0.70897	0.58838	0.88503	
0.82652	0.69584	0.57312	0.81435	
0.88961	0.71934	0.58167	0.82907	
1.0238	0.85542	0.63113	0.83569	
1.21902	1.02865	0.67983	0.91873	
0.96558	0.89593	0.70815	0.83181	
0.8685	0.73019	0.61734	0.79245	
0.99692	0.83715	0.67497	0.92213	
0.81168	0.68826	0.56698	0.77556	
1.18056	0.94139	0.76365	0.99083	
1.03189	0.81691	0.70188	0.86912	
1.14462	1.06106	0.74748	0.73314	
0.93079	0.79625	0.69329	0.88292	
0.92337	0.75649	0.60103	0.8495	
0.99106	0.86113	0.65788	0.86467	
0.9494	0.8099	0.65004	0.84821	
0.96939	0.79575	0.59188	0.80528	
1.04138	0.84103	0.61256	0.80156	
1.05921	0.87662	0.674	0.94013	
0.86571	0.71476	0.58367	0.74699	
0.82812	0.74121	0.61343	0.73855	
1.08898	0.86625	0.74318	0.88842	
0.97523	0.82159	0.68786	0.92686	
0.78581	0.72284	0.60453	0.85104	
0.87983	0.7141	0.57845	0.87426	
0.81256	0.66867	0.57364	0.80768	
0.92608	0.80105	0.62943	0.77589	
0.99986	0.80488	0.59972	0.85174	
0.88045	0.73548	0.61994	0.82297	
0.88734	0.75172	0.5823	0.83781	
0.8003	0.77309	0.57811	0.71719	
0.83769	0.70408	0.61688	0.85356	
0.78379	0.76324	0.63203	0.83098	
0.75955	0.669	0.5875	0.80378	
0.80627	0.83755	0.67488	0.85312	
0.79961	0.8004	0.62791	0.85049	
0.79357	0.73083	0.60089	0.72811	
0.73576	0.68811	0.58793	0.82197	
1.13927	0.86157	0.61934	0.90263	
0.87103	0.71295	0.59199	0.73692	
1.24722	0.94701	0.66064	0.95537	
1.28073	1.15457	0.90762	0.84812	
0.86894	0.77805	0.60932	0.76146	
1.0646	0.89795	0.66846	0.93865	
0.78311	0.83942	0.62386	0.78211	
0.90298	0.76808	0.57887	0.82529	
0.92642	0.79861	0.63968	0.80589	
1.14566	1.1183	0.78115	0.77814	
0.80131	0.73066	0.61028	0.79644	
1.1304	0.94143	0.73977	0.89294	
0.94023	0.79058	0.61401	0.80326	
0.70105	0.73306	0.6248	0.81857	
0.88981	0.86864	0.61398	0.73639	
1.16295	1.09284	0.80844	0.89206	
1.17114	0.98026	0.67808	0.9411	
0.94834	0.79776	0.61226	0.83925	
0.89537	0.76427	0.6191	0.84257	
0.84454	0.78361	0.65699	0.85931	
1.25723	1.21285	0.87979	0.67952	
0.85014	0.71723	0.62243	0.69846	
1.2461	1.0311	0.73323	1.01089	
0.83854	0.79733	0.62963	0.89546	
0.94618	0.73673	0.60168	0.80296	
1.02546	0.80871	0.65019	0.84696	
0.82733	0.72322	0.62185	0.78384	
0.82822	0.735	0.6303	0.82355	
0.88462	0.81632	0.68979	0.84185	
1.08918	1.05767	0.67721	0.73167	
0.9229	0.83888	0.60267	0.76783	
0.84068	0.67335	0.58477	0.77559	
0.97256	0.77451	0.59066	0.87613	
0.98359	0.79763	0.6967	0.77055	
0.79471	0.73078	0.59913	0.76271	
0.98661	0.81927	0.64735	0.81647	
0.9518	0.90361	0.63506	0.51535	
0.91891	0.76338	0.64418	0.81724	
1.02995	0.87584	0.69574	0.9355	
1.76154	1.42806	0.99255	1.28613	
0.98663	0.81856	0.68062	0.84919	
0.93978	0.8075	0.65423	0.82368	
0.95274	0.74542	0.58336	0.82541	
0.9245	0.78246	0.61956	0.91267	
0.94978	0.77081	0.5921	0.78908	
1.0483	1.03831	0.69379	0.85747	
0.81979	0.68952	0.59229	0.79549	
0.99566	0.83695	0.70262	0.88948	
0.81932	0.79298	0.61835	0.81684	
0.8413	0.71094	0.59848	0.86325	
1.01283	0.81015	0.63858	0.88315	
0.90449	0.80652	0.62144	0.82503	
1.39959	1.16322	0.74846	0.63756	
0.8821	0.77097	0.6213	0.83281	
0.83252	0.79448	0.59845	0.9211	
1.05333	0.88523	0.65236	0.84131	
0.85282	0.72869	0.59772	0.7499	
1.24626	1.00465	0.68819	0.94536	
0.96044	0.787	0.61142	0.8081	
0.84361	0.71339	0.57945	0.8109	
1.12026	0.87727	0.63676	0.95166	
0.78878	0.92049	0.70719	0.76635	
0.90376	0.75499	0.60687	0.83752	
1.33114	1.04168	0.80845	0.97436	
1.0191	0.8461	0.64027	0.83394	
1.28423	1.00243	0.71288	0.97442	
1.06133	0.88004	0.6998	0.81105	
0.86863	0.74965	0.60895	0.87667	
0.96691	0.85983	0.70494	0.91973	
0.94062	0.83057	0.61863	0.78083	
0.84597	0.75509	0.61199	0.8041	
1.08059	0.88315	0.66347	0.82842	
0.92303	0.81363	0.63687	0.82047	
1.12776	0.91288	0.6328	0.78846	
0.87923	0.82445	0.65565	0.79801	
0.89887	0.75185	0.61525	0.8141	
0.95128	0.78848	0.60206	0.81229	
1.00037	0.78669	0.57959	0.80898	
0.87807	0.7648	0.59693	0.79414	
1.42292	1.14944	0.87332	1.05412	
0.6263	0.65039	0.58648	0.71391	
1.16895	0.94514	0.70117	0.83673	
0.9032	0.77241	0.60788	0.7781	
1.60653	1.35236	1.06342	0.94226	
0.56716	0.718	0.54354	0.75033	
0.90707	0.78078	0.66031	0.81859	
0.86914	0.86667	0.66251	0.76876	
0.85289	0.73173	0.58975	0.76223	
0.86726	0.76109	0.61852	0.81049	
1.02833	0.8299	0.61051	0.85627	
0.91057	0.84015	0.64242	0.84774	
1.07161	0.81155	0.7411	0.89793	
0.93796	0.77094	0.61431	0.80687	
0.89431	0.75023	0.57731	0.71852	
1.09459	0.91437	0.62907	0.7714	
0.88537	0.74711	0.62503	0.80335	
0.7769	0.72138	0.59556	0.83482	
0.87111	0.76401	0.61552	0.79525	
0.95819	0.82568	0.62583	0.76865	
1.10819	0.87245	0.72998	1.00629	
0.95974	0.81567	0.65211	0.87594	
0.87918	0.70628	0.58797	0.72402	
1.0434	0.85661	0.63246	0.87464	
0.94195	0.76791	0.58335	0.81002	
0.97361	0.88782	0.6522	0.80384	
0.85399	0.72385	0.5985	0.84664	
0.94653	0.83966	0.64571	0.81169	
0.78508	0.81163	0.62146	0.77361	
0.94766	0.78796	0.61908	0.9234	
0.80617	0.70711	0.58165	0.72019	
1.14618	0.9657	0.63678	0.72314	
0.86355	0.75305	0.61983	0.76161	
0.90351	0.78821	0.62974	0.7991	
0.82031	0.71044	0.56374	0.76134	
1.29598	1.08301	0.7259	0.57798	
0.87793	0.76961	0.61477	0.7717	
0.94102	0.76898	0.59683	0.8247	
0.93363	0.79272	0.65641	0.76709	
1.01391	1.13602	0.74598	0.57589	
0.58491	0.79379	0.61465	0.72822	
1.39904	1.17615	0.8358	1.06454	
1.18599	0.87357	0.66407	0.90202	
0.86594	0.92233	0.80352	0.78254	
0.81022	0.73844	0.60223	0.76954	
1.01464	0.84284	0.63636	0.82587	
0.96511	0.75868	0.62519	0.86351	
0.75098	0.6981	0.59599	0.77417	
1.47664	1.15731	0.8475	0.97549	
1.0171	0.88665	0.77934	0.82992	
1.08562	0.84467	0.62854	0.89563	
1.02324	0.85071	0.74602	0.73809	
1.36524	1.17105	0.88235	1.06375	
0.86905	0.76127	0.60584	0.82676	
0.81963	0.68775	0.59181	0.81235	
0.85714	0.7659	0.55381	0.73215	
0.9811	0.80991	0.62724	0.95682	
1.08813	0.94398	0.62884	0.80383	
1.10372	0.91242	0.66436	0.85352	
1.26723	1.07152	0.84707	1.03528	
0.96546	0.80121	0.61957	0.82267	
0.80129	0.77975	0.63727	0.82278	
1.0047	0.83511	0.60132	0.77581	
1.26933	1.14122	0.76059	0.75974	
0.92742	0.75346	0.60368	0.79101	
0.95282	0.77392	0.69353	0.93859	
0.98459	0.83545	0.65187	0.86157	
0.90354	0.7503	0.58645	0.75337	
0.93209	0.78668	0.62223	0.82378	
1.05765	0.84633	0.61465	0.81239	
0.81347	0.67544	0.56129	0.81647	
0.87366	0.71729	0.60508	0.83571	
1.00817	0.83774	0.64345	0.8747	
0.8989	0.87477	0.68787	0.89545	
0.78107	0.68375	0.58776	0.74436	
0.71696	0.69849	0.57864	0.76754	
0.98255	0.84835	0.68635	0.75769	
0.8426	0.77087	0.58826	0.76631	
1.04991	0.85677	0.65139	0.90186	
1.57712	1.26787	0.95881	1.17994	
0.85583	0.80463	0.6086	0.78166	
0.94406	0.7589	0.58154	0.7662	
0.91589	0.88126	0.74347	0.93567	
0.88161	0.72407	0.59592	0.82378	
0.88696	0.72047	0.63562	0.76948	
1.04161	0.88909	0.64438	0.8045	
0.86846	0.80209	0.61823	0.77141	
0.83798	0.83513	0.70284	0.91746	
0.98773	0.82437	0.70341	0.83674	
1.30085	1.14549	0.81574	1.05586	
1.09914	0.90956	0.68398	0.83535	
1.25341	1.02687	0.69917	0.92335	
0.83733	0.74513	0.60385	0.81279	
1.14443	0.89197	0.64926	0.79188	
0.95575	0.88533	0.636	0.5158	
0.89542	0.71062	0.62438	0.8375	
0.86847	0.71042	0.55588	0.73213	
1.17678	0.93345	0.63941	0.93849	
0.95261	0.80389	0.64604	0.83196	
1.03745	0.86958	0.65502	0.91431	
1.21381	0.97149	0.7005	0.94668	
0.89013	0.77984	0.62254	0.81434	
1.0759	0.87856	0.62849	0.79663	
0.84636	0.72256	0.5865	0.76537	
0.98753	0.82841	0.76235	0.76332	
1.0527	0.8152	0.68596	0.74444	
0.96115	0.88309	0.79297	0.85956	
0.99489	0.91897	0.74759	0.80896	
1.27944	1.0993	0.76543	0.97823	
0.80082	0.7052	0.60922	0.83481	
1.12433	0.90559	0.7033	0.9656	
1.24755	0.98338	0.66756	1.0126	
0.89004	0.72636	0.59044	0.76083	
1.05077	0.82497	0.64459	1.0333	
0.89924	0.82176	0.69044	0.85657	
0.84852	0.7496	0.60712	0.74954	
0.96407	0.75564	0.56868	0.82876	
0.83187	0.7204	0.61451	0.82934	
1.1099	0.87785	0.69063	0.84899	
1.04121	0.8575	0.68348	0.86616	
1.34051	1.09543	0.8334	1.06139	
0.83094	0.7078	0.59276	0.8337	
1.01635	0.75762	0.619	0.80074	
0.81927	0.7115	0.59185	0.74016	
1.02258	0.87656	0.65639	0.82693	
0.81728	0.76228	0.61167	0.80465	
1.57015	1.32026	0.94152	0.71361	
0.87605	0.73216	0.57673	0.76257	
1.24949	1.03516	0.7293	0.83113	
1.12707	1.0755	0.6821	0.53112	
1.02946	0.9429	0.73709	0.93124	
0.80012	0.726	0.63586	0.75464	
1.03276	0.83637	0.64104	0.86731	
1.03011	0.90596	0.69946	0.82066	
1.01941	0.82232	0.73587	0.9491	
0.85628	0.75624	0.58643	0.80297	
1.04924	0.84981	0.64779	0.88945	
0.83121	0.74192	0.61356	0.81035	
0.86051	0.78959	0.67903	0.89442	
1.12003	0.95357	0.79977	1.12365	
1.20025	1.03564	0.80329	0.98768	
0.95039	0.84883	0.65697	0.85071	
0.94319	0.75799	0.65511	0.90362	
0.87759	0.73613	0.57353	0.80253	
0.96728	0.80644	0.66971	0.82207	
1.07996	0.87345	0.66456	0.9554	
0.78581	0.72282	0.60534	0.76928	
1.47347	1.16012	0.68576	0.74953	
0.93758	0.74598	0.57505	0.87124	
0.85197	0.70613	0.57572	0.81692	
1.11126	0.93042	0.73217	0.8852	
0.90972	0.747	0.60649	0.75407	
0.94636	0.80138	0.61437	0.92473	
1.05005	0.8337	0.6837	0.91249	
0.70852	0.68598	0.57129	0.79254	
1.32346	1.10327	0.69651	0.66304	
0.76023	0.80158	0.60228	0.79696	
0.98733	0.79819	0.62758	0.82354	
0.91736	0.74401	0.60646	0.7613	
0.81339	0.70016	0.5965	0.86531	
0.94606	0.88784	0.6714	0.84524	
0.90809	0.74193	0.58217	0.76978	
1.16423	1.02958	0.7939	0.94341	
1.56313	1.16633	0.86009	1.11627	
0.72815	0.68739	0.56734	0.7678	
0.92644	0.86981	0.63694	0.84762	
1.01619	0.83815	0.64082	0.90669	
0.9201	0.75185	0.59446	0.8437	
0.82448	0.79152	0.61745	0.75812	
0.98748	0.7796	0.62461	0.8882	
0.98706	0.84751	0.6952	0.85879	
1.19016	0.95366	0.77029	0.84796	
1.20254	0.92302	0.66138	0.91007	
0.90264	0.76902	0.61861	0.87796	
0.87975	0.73423	0.58729	0.83763	
0.88639	0.73234	0.58828	0.86316	
1.08843	0.89589	0.70729	0.93357	
0.94629	0.79997	0.66313	0.81458	
1.58641	1.26749	0.96753	1.25293	
1.20933	0.89011	0.7279	0.97263	
0.86049	0.7263	0.60067	0.83802	
1.07143	0.92171	0.76868	0.95823	
0.75094	0.73635	0.58134	0.72581	
1.05616	0.82172	0.6265	0.92407	
1.3692	1.14439	0.86587	1.00424	
0.86443	0.71046	0.57888	0.77565	
0.95007	0.77124	0.66612	0.82615	
0.97067	0.84139	0.66262	0.88612	
0.94123	0.81994	0.6707	0.93786	
0.91774	0.73378	0.60985	0.82387	
0.92289	0.76667	0.59598	0.71439	
1.44165	1.11656	0.91136	1.03997	
0.8563	0.71976	0.57949	0.80348	
1.02662	0.93727	0.70178	0.7642	
1.10227	0.8973	0.66657	0.87543	
1.05462	0.86052	0.60815	0.86388	
0.84544	0.72663	0.60577	0.77603	
0.94516	0.78737	0.61532	0.81811	
1.47067	1.17403	0.72021	0.63368	
0.95931	0.8484	0.65608	0.82969	
0.91904	0.89372	0.71903	0.82325	
1.04677	0.88863	0.63617	0.77076	
1.14669	1.00607	0.69471	0.86045	
1.09066	0.87466	0.61782	0.79708	
0.99518	0.79877	0.6198	0.81967	
0.61257	0.71938	0.64314	0.82078	
0.98857	0.72842	0.55421	0.80159	
0.81687	0.73739	0.59347	0.71779	
0.97806	0.9692	0.71607	0.82342	
1.04254	0.96327	0.71465	0.83173	
0.84911	0.72111	0.60408	0.75179	
0.82202	0.73417	0.5872	0.79977	
1.09465	0.94835	0.65151	0.89578	
0.84361	0.68757	0.57325	0.78049	
0.87397	0.74602	0.62155	0.81461	
0.86932	0.76951	0.60418	0.88343	
1.01335	1.29314	1.03615	1.02979	
0.86495	0.80439	0.6098	0.81601	
0.93958	0.79726	0.62228	0.78068	
0.88865	0.73679	0.60216	0.82915	
0.8682	0.73602	0.60467	0.81277	
0.90763	0.76076	0.60138	0.78723	
0.84651	0.76773	0.60584	0.84858	
1.50581	1.18211	0.86286	1.05607	
1.55157	1.27588	0.93904	1.32264	
1.06689	0.85784	0.6568	0.82438	
1.07341	0.93684	0.7628	0.88285	
1.08662	0.99583	0.62459	0.72448	
0.95987	0.74434	0.58809	0.92746	
0.89078	0.74017	0.63855	0.86467	
0.95539	0.81131	0.64771	0.94115	
1.02919	0.80757	0.59024	0.84416	
1.14276	0.94006	0.66207	0.8434	
1.27551	1.00399	0.6877	1.05348	
1.13082	0.9146	0.76704	0.96518	
1.40624	1.01887	0.67059	0.84044	
0.89808	0.73824	0.59774	0.76413	
1.17523	1.01226	0.70909	0.82	
0.92001	0.92503	0.80713	0.83346	
1.05193	0.87667	0.74108	0.91579	
0.86553	0.7357	0.59031	0.82184	
0.85867	0.7874	0.62789	0.84828	
0.82502	0.71334	0.57055	0.79296	
1.06262	0.81447	0.63488	0.82701	
0.93826	0.8277	0.60644	0.75418	
1.19933	0.89964	0.63222	0.91218	
0.95154	0.79146	0.60067	0.77752	
0.83422	0.8624	0.69581	0.86133	
1.07787	0.84476	0.71579	0.87811	
1.03371	0.83743	0.64674	0.84573	
1.4636	1.13849	0.79831	0.90318	
0.92244	0.76136	0.62912	0.84462	
0.93099	0.73743	0.59828	0.87006	
0.86092	0.78356	0.63081	0.7686	
1.48066	1.00886	0.74189	0.81225	
0.7693	0.69498	0.5807	0.74887	
1.1889	0.97597	0.68253	0.8696	
0.8532	0.79656	0.60688	0.76079	
1.50827	1.25677	0.91381	1.11284	
1.16808	0.88119	0.61124	0.90921	
0.90414	0.82946	0.65662	0.88836	
0.89156	0.76934	0.59337	0.8049	
1.40545	1.18496	0.68228	0.52823	
0.94425	0.79965	0.64338	0.81995	
1.81928	1.65555	1.10292	1.48873	
0.95866	0.80275	0.60373	0.84319	
1.03369	0.79705	0.62003	0.84366	
0.70617	0.66246	0.59702	0.92251	
0.96961	0.82065	0.67533	0.79926	
1.2004	1.01765	0.77409	0.90115	
0.83376	0.71791	0.61746	0.83458	
1.0656	0.92905	0.6726	0.88863	
0.9233	0.83684	0.63363	0.7902	
1.51243	1.02603	0.69263	0.92398	
0.88456	0.77468	0.61026	0.82099	
1.27599	1.15786	0.7319	0.75322	
0.96005	0.80574	0.60062	0.86176	
0.9669	0.83641	0.61562	0.86941	
1.06374	0.8939	0.6679	0.876	
0.86548	0.72359	0.62229	0.80806	
0.97365	0.8037	0.6197	0.86272	
0.92786	0.84047	0.70128	0.85565	
0.87621	0.72755	0.58288	0.78973	
0.7087	0.6893	0.58674	0.79579	
0.89958	0.76516	0.6053	0.86689	
1.50514	1.44192	0.96884	0.89547	
1.10097	0.91921	0.69388	0.89256	
0.96143	0.93316	0.61943	0.51363	
0.89741	0.88747	0.71173	0.92269	
1.50671	1.30904	0.96532	0.98964	
0.82717	0.76148	0.61196	0.82919	
1.10839	0.87099	0.7124	0.92958	
0.80632	0.71151	0.60253	0.86671	
0.9859	0.8165	0.65241	0.80969	
0.89981	0.81422	0.64917	0.86083	
0.93423	0.75916	0.60061	0.80775	
0.73791	0.6967	0.56371	0.77507	
0.82421	0.74309	0.59668	0.79417	
1.25299	0.99867	0.78749	0.9321	
1.07862	0.88541	0.70116	0.98106	
0.89167	0.75357	0.59046	0.85696	
0.79492	0.65158	0.57213	0.83617	
0.96251	0.79293	0.621	0.87314	
0.86719	0.73924	0.5898	0.79182	
1.01225	0.80771	0.57584	0.69094	
0.92362	0.69415	0.57058	0.81832	
0.91654	0.76608	0.59155	0.7926	
0.79651	0.76189	0.5869	0.74949	
0.85867	0.73027	0.59637	0.86103	
0.79792	0.69826	0.58056	0.76586	
0.8444	0.70028	0.57524	0.92503	
1.06383	0.90686	0.68061	0.89495	
0.76059	0.74121	0.6318	0.83449	
0.8392	0.70906	0.59115	0.7351	
0.80507	0.7184	0.60173	0.7984	
0.72499	0.68604	0.59121	0.80193	
0.85735	0.73635	0.60124	0.77528	
0.79869	0.68769	0.58508	0.85566	
1.07538	0.91357	0.71576	0.88094	
1.09024	0.90629	0.68111	0.85901	
0.90719	0.74219	0.62098	0.86219	
0.899	0.70722	0.59037	0.85411	
0.89064	0.74086	0.61294	0.79203	
0.79049	0.79222	0.62668	0.74979	
0.98293	0.76082	0.6301	0.87513	
0.85422	0.87924	0.65733	0.79191	
1.0312	0.79194	0.67803	0.90781	
0.94713	0.8385	0.65382	0.92326	
0.86816	0.71494	0.60354	0.80517	
1.24131	0.94685	0.63037	0.8163	
0.89763	0.7163	0.58087	0.85783	
0.82818	0.7462	0.59632	0.76063	
0.82483	0.77245	0.63341	0.79573	
1.60849	1.32276	0.9249	1.26586	
1.58841	1.30218	0.74797	0.59516	
1.33031	1.15872	0.83997	0.87871	
0.84991	0.73351	0.60353	0.8371	
0.73989	0.73532	0.61924	0.78124	
0.96821	0.78597	0.57076	0.77659	
0.80059	0.78243	0.62934	0.82995	
0.91129	0.79615	0.64861	0.78849	
0.88838	0.7718	0.63534	0.74364	
1.03747	0.859	0.67247	0.8626	
1.56736	1.23663	0.75572	1.0072	
1.03183	0.83353	0.63548	0.83365	
0.88682	0.76087	0.61327	0.78634	
0.76142	0.72187	0.57441	0.74174	
1.08474	0.82323	0.59967	0.84374	
0.93286	0.81164	0.61871	0.81068	
1.06526	0.99049	0.78774	1.01475	
1.04252	0.84359	0.64882	0.87656	
1.24401	0.96907	0.74982	0.94308	
0.9213	0.7195	0.56913	0.87969	
0.92171	0.77429	0.60517	0.80403	
1.35359	1.00596	0.71658	0.94111	
0.87481	0.73311	0.59867	0.80496	
0.93563	0.75148	0.59199	0.76212	
1.20803	1.24946	0.7665	0.64876	
1.17466	0.95399	0.83106	0.93076	
0.85889	0.73337	0.62159	0.85066	
0.93708	0.8121	0.60218	0.70562	
1.03128	0.80529	0.62981	0.93026	
0.72023	0.71514	0.60328	0.77887	
0.80771	0.7419	0.60727	0.85692	
1.22037	1.01184	0.648	0.76611	
1.15429	0.87141	0.7808	0.95663	
0.82104	0.71927	0.58342	0.78027	
0.83955	0.73306	0.60274	0.81355	
0.91345	0.76175	0.61002	0.80656	
0.92074	0.73977	0.60779	0.80973	
0.83311	0.70697	0.57888	0.75137	
0.89712	0.7037	0.56793	0.74964	
1.01843	0.82429	0.61452	0.91706	
0.89329	0.83503	0.62678	0.76811	
1.10245	0.85821	0.65268	0.79888	
0.9348	0.83282	0.62138	0.82874	
0.80232	0.68861	0.58388	0.78335	
0.93182	0.78018	0.59215	0.90858	
0.82685	0.73835	0.64116	0.86029	
0.94966	0.74697	0.63418	0.97038	
1.22041	0.93246	0.6791	0.85585	
0.91669	0.76142	0.62343	0.83041	
0.93054	0.78602	0.62004	0.76939	
1.01998	0.90304	0.62987	0.77378	
0.94239	0.81063	0.62827	0.80297	
0.79223	0.65637	0.57427	0.73526	
0.85428	0.72443	0.62672	0.85992	
1.06901	0.88638	0.62242	0.78593	
1.46572	1.11002	0.87643	1.04105	
0.9309	0.79808	0.63183	0.83942	
0.93415	0.82689	0.64454	0.79593	
0.91823	0.71478	0.60487	0.82922	
0.7919	0.67219	0.59408	0.78255	
0.84006	0.75381	0.62883	0.84155	
1.44987	1.26074	0.84491	0.95988	
1.19246	0.94539	0.7066	0.97131	
1.04909	0.86414	0.72643	0.84242	
0.89933	0.80616	0.61935	0.83433	
0.82061	0.80738	0.63956	0.84074	
1.01892	0.87343	0.68016	0.83449	
1.30055	0.99616	0.8331	1.06689	
1.34072	1.03085	0.79666	0.92294	
0.78132	0.74889	0.65463	0.78062	
1.3658	1.09553	0.84405	0.9875	
1.08849	0.8361	0.65982	0.84126	
0.85601	0.72707	0.59521	0.82423	
0.89436	0.76757	0.61264	0.77655	
0.79898	0.69077	0.58157	0.77129	
1.23109	1.00498	0.71943	0.74833	
0.92576	0.79008	0.60789	0.82645	
1.10943	0.92312	0.67687	0.8345	
1.1522	0.91439	0.69173	0.85772	
0.8918	1.07547	0.80829	0.63143	
1.00174	0.81874	0.64138	0.81378	
1.04603	0.84241	0.65152	0.92235	
0.87458	0.71951	0.60505	0.75152	
1.06266	0.82004	0.66089	0.93762	
0.9986	0.80654	0.70036	0.84043	
0.98379	0.82913	0.60354	0.81863	
1.13741	0.90124	0.62287	0.81139	
0.84008	0.74024	0.6103	0.78276	
0.98115	0.78949	0.61328	0.79189	
1.15717	0.98417	0.72167	0.85574	
1.50196	1.1136	0.88533	1.10983	
0.88965	0.78189	0.71953	0.92301	
1.03352	0.94311	0.74427	0.86925	
1.08331	0.83848	0.5977	0.87067	
0.77644	0.69176	0.55372	0.75312	
0.89981	0.74681	0.61779	0.79032	
0.85558	0.77147	0.62845	0.87515	
0.83702	0.72344	0.55955	0.7861	
1.00983	0.8032	0.59932	0.76831	
1.10847	0.86882	0.64873	0.87449	
0.89158	0.73198	0.58993	0.78963	
0.92182	0.81414	0.64394	0.78203	
1.09692	0.91326	0.62381	0.8663	
0.712	0.70094	0.58952	0.73521	
1.05509	1.01323	0.66319	0.75743	
0.94216	0.77302	0.65438	0.77254	
1.0456	0.83636	0.63945	0.83914	
0.89945	0.76069	0.60062	0.78331	
1.49714	1.33642	1.01657	0.90498	
0.8946	0.97726	0.82074	0.74414	
1.11075	0.8489	0.7295	0.99244	
0.93486	0.80692	0.64719	0.88869	
0.79305	0.67289	0.58499	0.7236	
1.16527	0.8977	0.63122	0.87266	
0.87432	0.71457	0.61161	0.82272	
1.33736	1.03089	0.82179	0.98413	
1.08697	0.91883	0.66993	0.75349	
1.02184	0.77532	0.61473	0.84924	
0.94794	0.79675	0.63288	0.89747	
0.99376	0.77632	0.62794	0.82723	
1.00628	0.85133	0.69746	0.86517	
1.02074	0.86931	0.6554	0.85325	
0.95112	0.82307	0.64359	0.88021	
0.92493	0.82178	0.75831	0.90902	
0.98272	0.76486	0.58987	0.8463	
0.91414	0.7251	0.59251	0.83293	
0.78054	0.68264	0.57351	0.74189	
0.92737	0.76778	0.60557	0.85127	
1.04046	0.85286	0.672	0.83925	
0.93645	0.76321	0.59858	0.70229	
0.7992	0.7393	0.63142	0.78665	
1.17689	1.00688	0.76599	0.94075	
0.81411	0.69168	0.55153	0.68891	
1.03584	0.82132	0.6468	0.7668	
1.16753	0.88212	0.75373	0.94277	
1.56312	1.25865	0.75149	0.64957	
0.84908	0.71663	0.60349	0.73795	
0.91208	0.74824	0.60393	0.8028	
0.76554	0.73954	0.57115	0.82898	
0.8509	0.74026	0.58869	0.94493	
0.99677	0.87319	0.65106	0.77062	
1.01443	0.84641	0.62965	0.81999	
0.84338	0.76246	0.7007	0.88155	
1.06553	0.83458	0.59808	0.86579	
0.88548	0.71389	0.5693	0.71409	
0.82478	0.74429	0.57599	0.84832	
0.86217	0.81553	0.61732	0.75068	
0.88062	0.71997	0.57377	0.84137	
1.00957	0.86922	0.70752	0.84051	
0.86919	0.75942	0.63095	0.80626	
0.67053	0.85454	0.63015	0.50526	
1.137	1.08163	0.8551	1.07209	
0.96515	0.8343	0.65849	0.79658	
0.73997	0.72936	0.58235	0.73077	
0.94445	0.74086	0.60749	0.82876	
0.94398	0.79361	0.61163	0.81321	
0.75669	0.75352	0.61562	0.73662	
0.94068	0.72941	0.58624	0.8157	
1.27916	1.08587	0.81963	0.94865	
1.29928	1.05645	0.63678	0.74549	
1.08905	0.94919	0.69024	0.79526	
1.05332	1.01518	0.72015	0.69479	
0.82019	0.71661	0.59991	0.81129	
0.92618	0.80137	0.63729	0.84595	
1.65856	1.3525	0.96581	0.82386	
1.03669	0.80889	0.66844	0.71228	
0.81089	0.77965	0.62918	0.88912	
0.89031	0.74447	0.60294	0.91903	
1.04793	0.8185	0.69743	0.7477	
1.04386	0.89051	0.63594	0.81347	
1.03475	0.82883	0.71203	0.81432	
0.9531	0.80798	0.68317	0.89554	
0.91668	0.78408	0.62025	0.90145	
0.65602	0.66479	0.55951	0.71548	
0.98813	0.84029	0.73155	0.94495	
0.81726	0.73287	0.60245	0.75255	
0.80333	0.78839	0.60604	0.71914	
1.0775	0.85905	0.68187	0.93205	
0.88742	0.8087	0.68072	0.87026	
1.23073	1.0436	0.69929	0.8442	
1.19471	1.03423	0.71043	0.80171	
0.82751	0.70923	0.57082	0.80594	
0.90954	0.88807	0.67429	0.89537	
0.91592	0.79002	0.6036	0.8132	
0.8974	0.73977	0.60811	0.80545	
1.01009	0.87041	0.61833	0.80863	
1.20345	0.93195	0.748	0.93471	
0.93843	0.74997	0.61401	0.75338	
0.92298	0.8553	0.66233	0.83723	
0.89744	0.74553	0.58613	0.8091	
0.9869	0.84365	0.66549	0.90389	
0.9194	0.76823	0.61826	0.81588	
0.85374	0.7907	0.57842	0.73129	
0.8237	0.72059	0.61212	0.75412	
1.15024	0.97311	0.67914	0.88465	
0.99109	0.85203	0.67154	0.88098	
0.98105	0.81558	0.63863	0.8966	
0.99726	0.90234	0.63614	0.84621	
1.12004	0.91153	0.65552	0.81221	
1.15765	0.97854	0.74001	0.81479	
0.97045	0.80058	0.63043	0.80423	
1.12946	0.88892	0.63503	0.88631	
1.1195	0.95189	0.71484	0.87742	
0.67253	0.65634	0.59667	0.82127	
1.32365	1.00628	0.84871	1.19475	
0.8517	0.73283	0.62891	0.84356	
0.82223	0.90915	0.71208	0.87735	
1.11416	0.89394	0.72149	0.92312	
0.89787	0.75167	0.61625	0.79178	
1.01086	0.8392	0.59059	0.81092	
1.2352	1.03011	0.69033	0.94402	
0.96399	1.07907	0.68733	0.74605	
1.35474	1.12717	0.92337	1.10788	
1.13395	0.91852	0.69944	0.913	
0.83156	0.72513	0.61474	0.77773	
1.49018	1.35017	0.98619	0.79465	
0.67704	0.8299	0.65087	0.83823	
1.33391	1.05193	0.67328	0.78741	
1.18449	1.00849	0.6351	0.77799	
0.88044	0.78494	0.65641	0.79195	
1.03628	0.79714	0.75281	0.84705	
1.52867	1.25866	0.70903	0.53853	
0.80679	0.74611	0.61999	0.78525	
0.89408	0.7417	0.59701	0.74001	
1.03926	0.83623	0.61946	0.85684	
0.96123	0.75748	0.70994	0.87386	
0.80197	0.68907	0.58176	0.74724	
0.86927	0.73308	0.60664	0.80002	
1.08407	0.88433	0.69498	0.88978	
0.89344	0.73551	0.57721	0.81049	
1.1385	0.91173	0.81576	0.90533	
0.88166	0.73585	0.60321	0.84395	
0.9147	0.74819	0.61374	0.81573	
0.92587	0.88845	0.64334	0.75462	
1.47777	1.28461	0.92509	1.05598	
0.84992	0.71138	0.56199	0.78031	
0.83046	0.78864	0.61027	0.74446	
1.03701	0.84198	0.64509	0.82743	
1.83888	1.46103	1.06277	0.94366	
1.0047	0.80956	0.62075	0.8208	
0.98111	0.76772	0.64584	0.77113	
1.02012	0.84441	0.63123	0.78573	
1.28996	1.47414	1.10545	0.99842	
1.3086	0.98591	0.69749	0.91889	
1.12749	0.91539	0.63008	0.89587	
0.97267	0.82215	0.63513	0.8234	
1.07679	0.91759	0.68929	0.94483	
0.8223	0.78925	0.62141	0.79509	
0.95574	0.84772	0.63663	0.85856	
1.11042	0.92924	0.64838	0.83668	
0.79884	0.71918	0.58874	0.7888	
1.0662	0.85151	0.68539	0.81147	
0.78917	0.75376	0.60647	0.73298	
0.9934	0.8277	0.6455	0.88303	
1.19396	1.11101	0.68258	0.53892	
1.11866	0.89633	0.70452	0.93687	
0.95479	0.7676	0.59938	0.77104	
1.01185	0.8357	0.58889	0.77381	
0.83067	0.73656	0.60551	0.80109	
1.11549	0.95755	0.72175	0.85809	
1.22562	0.91751	0.83944	0.99481	
1.0132	0.81203	0.63701	0.85569	
0.87323	0.78689	0.63879	0.79929	
1.12703	0.90539	0.66615	0.92477	
0.78342	0.70317	0.60236	0.81591	
0.82453	0.70161	0.59381	0.76831	
0.91989	0.79864	0.64056	0.82795	
0.98895	0.83108	0.68213	0.90159	
1.36315	1.03504	0.68852	1.02961	
1.28	1.01688	0.70236	0.92415	
0.97367	0.82472	0.64698	0.83214	
0.81606	0.77703	0.63133	0.81221	
0.96396	0.85484	0.61009	0.84085	
0.72723	0.7543	0.60308	0.80791	
0.96613	0.84674	0.68454	0.85327	
1.0325	0.82774	0.66087	0.87627	
0.96165	0.77701	0.63005	0.88588	
1.4481	1.15017	0.8595	0.98878	
1.04579	0.82741	0.66664	0.86052	
0.8101	0.70795	0.56945	0.80609	
0.98922	0.81414	0.61112	0.82998	
0.91027	0.74698	0.58979	0.79818	
1.14993	0.94282	0.63561	0.84722	
0.91131	0.82008	0.66658	0.84873	
0.67198	0.62334	0.52933	0.74188	
1.03397	0.86435	0.62887	0.80201	
0.93531	0.79447	0.61442	0.88236	
0.84098	0.71562	0.59722	0.7927	
0.84603	0.75846	0.60872	0.8074	
0.8694	0.75088	0.60883	0.80352	
0.78014	0.89863	0.6913	0.73779	
0.81771	0.79296	0.64629	0.93374	
0.95278	0.75706	0.58283	0.85083	
0.90138	0.74482	0.63293	0.84525	
1.58013	1.27617	0.92612	1.08316	
1.0432	0.9152	0.65152	0.86911	
0.97162	0.82869	0.61107	0.82857	
0.93426	0.82697	0.64673	0.87472	
0.92558	0.79691	0.58264	0.79973	
0.92253	0.86844	0.61913	0.72553	
1.01943	0.92172	0.63789	0.76131	
0.77848	0.66223	0.56182	0.73978	
0.82373	0.75047	0.6235	0.7993	
0.92826	0.87948	0.67763	0.83885	
1.12471	0.92103	0.66532	0.85195	
0.96823	0.76105	0.6165	0.75897	
0.81133	0.68883	0.58158	0.74808	
1.03662	0.83424	0.63825	0.84659	
0.93552	0.78411	0.62437	0.82698	
0.97441	0.83508	0.64233	0.88332	
1.03745	0.89564	0.64688	0.80197	
0.89085	0.71053	0.6126	0.90387	
0.89797	0.73101	0.59028	0.75052	
0.83111	0.71329	0.59041	0.76979	
0.90958	0.77883	0.60127	0.82716	
1.05643	0.8727	0.68677	0.88145	
1.13171	0.92171	0.73555	0.87049	
1.10341	0.77948	0.58559	0.82384	
0.86193	0.76895	0.60592	0.80621	
1.23367	0.99162	0.70499	0.87007	
0.85351	0.76107	0.61479	0.75208	
1.06038	0.78261	0.62957	0.69071	
0.96241	0.81339	0.63932	0.85505	
1.01282	0.81256	0.6902	0.89531	
0.78739	0.73085	0.58809	0.77544	
1.00862	0.78194	0.65527	0.79922	
1.03063	0.93374	0.77724	0.87251	
1.07733	0.99254	0.6387	0.71588	
1.51796	1.23733	0.91107	0.92607	
1.13854	0.88694	0.78026	0.88137	
1.06532	0.86621	0.63125	0.79929	
1.03549	0.84299	0.65552	0.83443	
0.99864	0.85755	0.63765	0.74158	
0.79489	0.68644	0.59197	0.77757	
0.78388	0.68706	0.57473	0.77661	
1.13267	0.89121	0.65615	0.87559	
0.75655	0.74698	0.6084	0.79812	
0.78723	0.70831	0.5784	0.73327	
1.04127	0.84923	0.74862	0.92627	
1.33752	1.01615	0.74543	0.89665	
0.94723	0.81079	0.63879	0.90146	
1.58833	1.30864	0.90308	1.13775	
0.85341	0.72673	0.62415	0.77319	
0.87981	0.73708	0.6071	0.81091	
0.87127	0.70227	0.57061	0.84104	
0.78677	0.69002	0.58981	0.76161	
0.76451	0.91963	0.68164	0.75827	
1.4029	1.21194	0.8946	1.20042	
1.01196	0.91844	0.76719	0.87331	
0.97612	0.81773	0.63331	0.80773	
0.9401	0.81068	0.63136	0.78993	
0.8722	0.74924	0.63423	0.8155	
0.93146	0.76535	0.60852	0.84642	
1.22968	0.95225	0.72109	0.8705	
0.8637	0.71691	0.5605	0.82667	
1.27418	1.01676	0.72104	0.92421	
0.85983	0.71378	0.55517	0.66993	
0.85232	0.75467	0.62361	0.82862	
0.88156	0.76042	0.59961	0.80517	
0.99376	0.79803	0.60641	0.85077	
0.84862	0.77959	0.65764	0.7624	
0.84776	0.69325	0.58778	0.88598	
0.83131	0.69266	0.5893	0.81573	
1.32428	1.15664	0.73896	0.58792	
1.00011	0.8107	0.63562	0.85135	
0.90074	0.75106	0.56038	0.70183	
0.85537	0.68904	0.57592	0.72084	
1.07147	0.87284	0.67054	0.85914	
0.94227	0.79206	0.69475	0.86999	
1.20542	0.96555	0.69407	0.89452	
0.86722	0.73633	0.58942	0.80743	
0.94826	0.79425	0.60589	0.86489	
1.12867	0.89795	0.73442	0.87281	
0.85657	0.72151	0.6022	0.83703	
0.97935	0.83305	0.64141	0.86045	
1.21631	0.98899	0.85286	0.96544	
1.13105	1.00376	0.65223	0.52193	
0.86195	0.77394	0.62406	0.84512	
0.79046	0.72268	0.59191	0.7545	
0.9817	0.80308	0.61071	0.8363	
1.33214	1.04963	0.81405	0.93929	
0.94909	0.78342	0.64595	0.95078	
0.97832	0.82962	0.6206	0.81473	
0.82036	0.72504	0.62124	0.78412	
0.9198	0.77719	0.61063	0.89183	
1.12801	0.99214	0.80303	0.95037	
0.84398	0.75843	0.60945	0.82791	
1.14416	0.8543	0.67149	0.88394	
1.14949	0.9447	0.63762	0.77674	
0.77267	0.68658	0.5644	0.82045	
0.8545	0.74498	0.60321	0.77621	
0.79732	0.70952	0.59438	0.80759	
0.96363	0.83008	0.6182	0.83788	
1.01888	0.82179	0.61021	0.83716	
0.87568	0.76378	0.63756	0.82324	
0.86251	0.79238	0.62417	0.82762	
1.25282	0.94039	0.75192	0.93268	
0.84108	0.72811	0.62816	0.8683	
1.01337	0.84417	0.65681	0.90737	
0.96666	0.98702	0.6502	0.70945	
0.79489	0.70653	0.6059	0.76395	
1.36046	1.06177	0.79353	0.98599	
1.1619	0.94085	0.68303	0.97669	
0.91048	0.75638	0.62228	0.89848	
1.17596	0.93484	0.71956	0.88627	
0.95451	0.83298	0.74369	0.92316	
0.88605	0.75024	0.59564	0.8289	
0.95758	0.80405	0.59435	0.77855	
0.89521	0.79106	0.64589	0.83372	
0.85767	0.73367	0.60848	0.90037	
0.9105	0.80391	0.61269	0.74955	
0.9062	0.79019	0.65233	0.79978	
0.86399	0.72977	0.60068	0.78171	
0.84621	0.79142	0.6443	0.85689	
0.79368	0.75942	0.62272	0.8297	
1.28726	0.94457	0.71488	0.99222	
1.18248	0.91598	0.73984	0.94461	
1.25455	1.01398	0.72503	0.91867	
0.92922	0.79836	0.63363	0.79858	
1.12554	0.89763	0.69624	0.98733	
0.89187	0.77061	0.60258	0.79242	
1.03815	0.87602	0.63641	0.85455	
1.2194	0.96523	0.65079	0.84695	
0.77418	0.71269	0.59521	0.80745	
0.87824	0.69075	0.58455	0.81777	
1.4119	1.13498	0.86129	1.03387	
0.86805	0.7215	0.58195	0.82168	
0.94004	0.7888	0.61707	0.86016	
0.95646	0.77503	0.65447	0.87615	
1.10837	1.02743	0.66725	0.68492	
1.16049	0.96956	0.72919	0.82606	
0.93821	0.77389	0.65944	0.82307	
1.05464	0.79706	0.64862	0.64084	
0.95643	0.82154	0.61163	0.76672	
0.90953	0.82452	0.65097	0.84656	
0.84249	0.69436	0.56544	0.80958	
0.81092	0.73969	0.59606	0.85129	
1.03309	0.84689	0.64794	0.84602	
1.09054	0.91465	0.6928	0.85655	
0.93766	0.78662	0.61096	0.89684	
0.83469	0.70955	0.59663	0.84724	
1.03979	0.86497	0.63383	0.76447	
0.83533	0.70302	0.58934	0.81774	
0.89546	0.78609	0.63687	0.81362	
0.8744	0.75397	0.57054	0.74457	
0.83899	0.76697	0.60437	0.77877	
0.93524	0.81397	0.63982	0.76639	
0.97084	0.79194	0.63728	0.80173	
1.17375	1.07098	0.77093	0.91565	
0.89839	0.78512	0.64634	0.82614	
0.83611	0.72409	0.61362	0.80021	
0.96806	0.83206	0.58679	0.80557	
0.95815	0.7953	0.67436	0.85886	
0.76136	0.68596	0.56947	0.72977	
0.95145	0.79072	0.6449	0.86879	
0.83683	0.74045	0.59032	0.78513	
0.91223	0.83926	0.65242	0.85191	
0.94253	0.83457	0.63246	0.90064	
0.87605	0.71237	0.60577	0.84527	
1.01665	0.83044	0.70044	0.79014	
1.61829	1.23251	0.74051	0.85552	
0.97463	0.87843	0.66449	0.82102	
0.9893	0.87432	0.64644	0.90288	
0.91348	0.79869	0.65235	0.85787	
0.9838	0.87243	0.69333	0.9152	
1.16562	0.92678	0.67952	0.87742	
1.38929	1.02895	0.76164	0.97846	
1.14715	0.89215	0.64531	0.85682	
0.75787	0.66666	0.58293	0.86589	
1.14012	0.94314	0.701	0.91843	
1.0185	0.83444	0.6099	0.81203	
0.88435	0.69521	0.58067	0.80539	
0.88497	0.7273	0.61316	0.79671	
0.94401	0.76698	0.60279	0.8435	
1.27403	0.98903	0.7949	0.95308	
0.96298	0.76326	0.59944	0.85277	
0.83595	0.72874	0.5918	0.83377	
0.81837	0.86453	0.6761	0.81547	
1.29506	1.01262	0.68419	0.88734	
1.2036	1.09897	0.8065	0.97357	
0.6738	0.76848	0.59232	0.72448	
1.25028	0.95621	0.77911	0.9864	
0.87485	0.71237	0.59131	0.8846	
0.97474	0.78279	0.58046	0.83595	
0.8088	0.791	0.63311	0.79842	
0.80544	0.77031	0.61533	0.86867	
0.85379	0.72068	0.58422	0.74135	
0.79476	0.68792	0.58621	0.72995	
1.06098	0.82812	0.62922	0.88139	
0.96462	0.82181	0.60452	0.79237	
1.02426	0.85157	0.65181	0.94238	
0.81566	0.72285	0.59881	0.79029	
1.14105	0.89192	0.70568	0.93466	
1.01764	0.82306	0.63068	0.82146	
1.51614	1.19548	0.89636	1.093	
1.22204	0.99371	0.70776	0.87925	
0.99181	0.86786	0.64369	0.83837	
0.79861	0.68872	0.55665	0.67417	
1.1635	0.91373	0.76572	0.91036	
1.04927	0.9196	0.74164	0.99404	
0.9524	0.76845	0.60143	0.9002	
0.83507	0.75865	0.61072	0.86524	
1.17406	0.94281	0.70721	1.06431	
1.01366	0.82126	0.65177	0.92422	
0.81432	0.72338	0.59077	0.76702	
0.93877	0.83006	0.6199	0.79901	
0.25471	0.57548	0.52142	0.77717	
0.82708	0.74928	0.58748	0.71952	
0.82612	0.73594	0.59527	0.78981	
0.86049	0.72847	0.5968	0.81083	
0.87008	0.76845	0.62102	0.83342	
0.84516	0.75677	0.6132	0.78685	
0.81103	0.79565	0.65107	0.8333	
0.82906	0.71465	0.61937	0.91316	
1.13337	1.02073	0.65762	0.52043	
0.90036	0.74951	0.59048	0.87941	
0.98901	0.84299	0.63344	0.89787	
0.81336	0.71831	0.6063	0.83096	
0.96036	0.78687	0.58163	0.78107	
0.86937	0.69316	0.59158	0.89462	
1.18051	0.95114	0.69516	0.89253	
0.8141	0.73596	0.56302	0.77709	
1.18776	1.04894	0.68529	0.76463	
0.85593	0.77618	0.61111	0.76806	
0.88811	0.79303	0.62165	0.85864	
0.99097	0.84582	0.64737	0.92976	
1.15113	0.8923	0.65165	0.85078	
1.44728	1.34733	0.90624	0.80723	
0.93137	0.73407	0.62174	0.82418	
0.96851	0.92331	0.71051	0.91517	
1.09773	0.90907	0.70045	0.89509	
1.37038	1.19849	0.84946	0.88356	
0.96915	0.75553	0.60244	0.82642	
0.79605	0.66818	0.57527	0.85501	
0.94181	0.78082	0.61389	0.81327	
1.18095	1.06709	0.74968	0.83381	
1.32945	1.09121	0.74204	0.88679	
0.93953	0.76974	0.61816	0.79801	
0.81405	0.68477	0.5819	0.82903	
0.86078	0.7244	0.55676	0.74989	
1.0608	0.8719	0.68787	0.91643	
1.12314	1.19808	0.88526	0.7345	
0.86677	0.78069	0.61312	0.75829	
1.32528	1.28325	0.95919	0.85926	
1.14281	0.90266	0.63314	0.91817	
1.33801	1.16379	0.67973	0.52986	
0.96777	0.79776	0.60546	0.87876	
0.93772	0.79708	0.67252	0.85195	
0.79018	0.71928	0.61371	0.81073	
0.81524	0.72362	0.59572	0.74657	
0.80471	0.67647	0.55459	0.80092	
0.96724	0.75525	0.61013	0.77036	
0.80927	0.75498	0.62911	0.82868	
0.85924	0.82264	0.62065	0.78942	
1.1985	0.96315	0.68781	0.96296	
1.43659	1.05631	0.65649	0.84708	
0.83227	0.71866	0.60278	0.91185	
0.89296	0.8119	0.61116	0.82748	
0.98117	0.75026	0.59024	0.91103	
0.94429	0.76524	0.62055	0.82963	
0.82531	0.81973	0.58994	0.76546	
1.05103	0.84354	0.64039	0.90632	
0.83038	0.70972	0.57636	0.71839	
0.91025	0.74484	0.61657	0.8942	
0.82141	0.75583	0.61154	0.77162	
1.47027	1.11777	0.82126	1.09964	
0.88214	0.76436	0.62187	0.77426	
0.89139	0.73362	0.61949	0.76928	
0.84449	0.73783	0.60857	0.76819	
1.14645	0.93608	0.70663	0.93067	
0.95455	0.78532	0.58705	0.73516	
1.00223	0.86505	0.69075	0.91478	
1.09959	0.95766	0.70748	0.83063	
1.58593	1.19042	0.96063	1.09116	
1.0898	0.85186	0.68879	0.79151	
0.78321	0.7258	0.6232	0.74426	
0.94265	0.81107	0.64561	0.89126	
0.87103	0.70926	0.593	0.79701	
1.06709	0.87599	0.66044	0.83147	
0.95787	0.74222	0.58811	0.90606	
0.84121	0.82315	0.65915	0.85192	
0.80644	0.73721	0.61115	0.8968	
1.20821	0.89909	0.83911	1.04551	
1.13147	0.9063	0.67723	0.93347	
0.96972	0.7602	0.59138	0.9161	
1.02979	0.86188	0.64759	0.83651	
0.87894	0.86249	0.66953	0.72353	
0.8343	0.89003	0.64058	0.68552	
0.77125	0.78211	0.60351	0.75877	
0.93568	0.77167	0.64204	0.84389	
0.82567	0.73316	0.56211	0.88547	
1.03351	0.82699	0.62823	0.82969	
0.95949	0.79103	0.60857	0.88899	
1.21462	1.04889	0.79253	0.89995	
1.19219	0.93392	0.69212	0.94553	
0.8343	0.71207	0.59133	0.78871	
0.7881	0.69646	0.59119	0.79591	
1.13093	0.93985	0.77568	0.92583	
1.27729	1.01337	0.67215	0.84187	
0.90553	0.76613	0.62177	0.83261	
1.06484	0.94898	0.81659	1.03345	
0.85198	0.87987	0.72061	0.84249	
1.0894	0.88259	0.61255	0.82186	
0.89727	0.79685	0.6367	0.79989	
1.1309	0.86034	0.63534	0.86543	
0.84932	0.79703	0.59787	0.71287	
1.02005	0.87457	0.63719	0.77206	
1.10562	0.90239	0.63199	0.85018	
1.25251	0.94265	0.72532	0.96171	
1.39723	1.1119	0.81992	0.99724	
1.05504	0.88031	0.658	0.78889	
0.9634	0.80336	0.62813	0.89333	
0.93405	0.80653	0.63189	0.7903	
0.86063	0.69732	0.59629	0.7777	
0.83437	0.70938	0.61716	0.85662	
1.3248	1.17867	0.91247	1.13865	
0.97783	0.84156	0.72328	0.89667	
0.89064	0.78446	0.62726	0.83255	
0.73703	0.81348	0.5964	0.68579	
1.0708	0.85003	0.62961	0.91761	
0.72597	0.73461	0.68285	0.86378	
0.8295	0.68793	0.55553	0.72623	
0.91822	0.81865	0.57859	0.73691	
0.90172	0.79548	0.66548	0.95799	
1.01329	0.86855	0.68881	0.81431	
0.73036	0.69209	0.58759	0.76787	
1.03529	0.82395	0.60754	0.77651	
0.64228	0.69838	0.652	0.83943	
0.80873	0.71821	0.59267	0.84553	
0.82433	0.70281	0.59873	0.91966	
0.72216	0.78315	0.57923	0.75705	
0.88396	0.73771	0.62561	0.82573	
0.79514	0.74473	0.59681	0.78744	
1.48438	1.17245	0.84074	1.01815	
0.94047	0.75355	0.59621	0.85302	
0.82838	0.68522	0.56496	0.73144	
1.20958	0.95015	0.68603	0.84704	
0.7625	0.73064	0.59467	0.76796	
0.8304	0.81515	0.62128	0.83846	
0.85042	0.71735	0.62189	0.83116	
1.23962	1.18157	0.72467	0.61391	
1.29013	1.03621	0.82728	0.99311	
0.89042	0.76978	0.61805	0.87497	
1.25471	1.01033	0.72824	0.95669	
1.17898	1.1314	0.82814	1.01627	
0.88424	0.72534	0.57857	0.85654	
0.99711	0.84771	0.70592	0.9217	
1.12596	0.89774	0.71345	0.93803	
1.05136	0.83174	0.67238	0.88623	
0.98705	0.84057	0.63975	0.95486	
1.09445	0.93857	0.68029	0.80585	
0.98966	0.84712	0.66119	0.81917	
1.2104	0.92561	0.67824	0.83467	
0.90072	0.74184	0.59488	0.77005	
1.13564	0.92328	0.62179	0.86899	
0.97566	0.80915	0.62612	0.83619	
0.86198	0.7523	0.63387	0.78823	
0.78541	0.69223	0.58088	0.74892	
0.91668	0.76751	0.60676	0.80278	
1.28814	1.51843	1.06288	1.06318	
1.31148	1.09604	0.8444	0.88586	
1.24402	1.00606	0.74339	0.87678	
1.19286	1.06169	0.69718	0.89791	
0.73698	0.72637	0.61943	0.7741	
0.9638	0.81663	0.64884	0.84545	
0.8672	0.75408	0.61555	0.7872	
1.01939	0.83554	0.65255	0.82627	
0.79916	0.76678	0.63086	0.8392	
1.53756	1.29058	0.90951	1.23875	
1.56024	1.12588	0.74477	1.0143	
0.93239	0.7618	0.63473	0.82934	
0.76878	0.67962	0.55807	0.63748	
0.80577	0.70816	0.57166	0.68309	
1.08542	0.86918	0.70754	0.90229	
0.85555	0.70732	0.58621	0.79109	
0.90096	0.75976	0.61838	0.92067	
1.17262	0.88293	0.6066	0.88187	
0.96534	0.82721	0.62886	0.85162	
0.8644	0.74034	0.59839	0.75895	
0.97116	0.77669	0.61246	0.8042	
0.79979	0.66153	0.57619	0.75399	
1.0813	0.95708	0.68346	0.90303	
1.21076	0.99944	0.69471	0.82113	
1.36549	1.24463	0.7871	0.6825	
0.91837	0.81156	0.67623	0.81121	
1.04954	0.95568	0.68424	0.90832	
1.00592	0.88024	0.65195	0.77921	
0.77019	0.70721	0.58945	0.78813	
1.10002	0.86875	0.66148	0.82977	
1.0717	1.00869	0.81463	0.94127	
0.94354	0.82783	0.62325	0.80447	
1.01964	0.79731	0.59471	0.84147	
0.73359	0.63431	0.55253	0.74484	
1.06492	0.91071	0.66106	0.82492	
0.85972	0.72907	0.59133	0.84781	
1.00625	0.78381	0.66116	0.82317	
0.95505	0.83963	0.5955	0.69231	
0.76203	0.77725	0.66445	0.83743	
1.18631	0.92469	0.70211	0.86763	
0.89173	0.7282	0.62165	0.92086	
1.7344	1.44951	0.99562	1.31376	
0.83012	0.69569	0.57236	0.78257	
1.11775	0.97079	0.64347	0.5169	
0.95795	0.88345	0.64911	0.84683	
0.82959	0.75957	0.58739	0.82017	
0.84372	0.71838	0.61653	0.8827	
0.89153	0.7541	0.6238	0.79845	
0.96419	0.79516	0.63268	0.81677	
0.99513	0.94697	0.68985	0.80331	
1.01653	0.78831	0.5852	0.80558	
0.85828	0.75887	0.64654	0.9264	
0.87096	0.71701	0.59363	0.87679	
1.16637	0.8729	0.67755	0.8173	
1.24275	0.98154	0.85833	1.14713	
0.99857	0.8717	0.65618	0.87258	
0.838	0.75792	0.6299	0.84359	
1.14716	0.91107	0.63691	0.89467	
0.79095	0.89259	0.59128	0.75783	
0.84712	0.73543	0.59105	0.80724	
0.90174	0.75784	0.60295	0.89974	
0.98159	0.80326	0.62792	0.85577	
0.99953	0.87662	0.77918	0.92198	
0.91672	0.72504	0.57323	0.75905	
1.02385	0.84965	0.69144	0.86919	
1.02137	0.81568	0.59641	0.82617	
1.19122	0.89893	0.67963	0.76678	
0.89982	0.76132	0.59415	0.78262	
0.86294	0.7081	0.59692	0.80527	
0.95858	0.78135	0.61967	0.81108	
1.07159	0.8624	0.61098	0.81365	
0.98175	0.80345	0.65667	0.93245	
0.72279	0.75642	0.6281	0.86965	
0.8385	0.73228	0.61928	0.80716	
1.05264	0.81457	0.60556	0.82582	
1.00209	0.83406	0.70255	0.91616	
0.82547	0.92404	0.68201	0.82307	
1.5438	1.21108	0.93248	1.22549	
1.01157	0.83484	0.6562	0.89125	
1.51929	1.24324	0.89037	1.03596	
0.85414	0.66685	0.56723	0.71299	
0.72855	0.79118	0.66783	0.74161	
0.82609	0.72965	0.61763	0.73706	
0.81068	0.70814	0.60152	0.89502	
0.95116	0.81568	0.64871	0.95439	
1.19206	0.9367	0.78394	0.97886	
0.95977	0.80912	0.63517	0.87861	
0.87465	0.70255	0.59797	0.84465	
1.48223	1.49437	1.0143	0.94051	
0.88084	0.89505	0.64919	0.71248	
0.82104	0.74285	0.6064	0.69875	
0.99338	0.86351	0.67868	0.90311	
1.3623	1.09506	0.68238	0.78947	
0.88075	0.75278	0.58028	0.72605	
1.04756	0.96964	0.65727	0.82666	
0.95104	0.87923	0.70732	0.91567	
0.94096	0.76551	0.62403	0.81724	
0.79295	0.7335	0.61461	0.76397	
0.86626	0.73215	0.57697	0.83688	
0.749	0.72647	0.64633	0.81066	
0.93561	0.76136	0.61642	0.8852	
0.90123	0.7752	0.59588	0.80584	
0.92925	0.80355	0.64291	0.87757	
1.00064	0.81665	0.64675	0.81967	
1.20282	1.01882	0.77445	0.90982	
1.55418	1.35886	0.94572	0.71687	
1.01098	0.78461	0.62631	0.93329	
0.77893	0.72525	0.60967	0.80585	
1.00583	0.80071	0.65794	0.95265	
1.07086	0.86949	0.63611	0.76859	
0.82268	0.79878	0.68523	0.84004	
1.25441	0.93199	0.77186	0.93697	
1.01815	0.79345	0.61583	0.78046	
0.98071	0.82276	0.63272	0.90876	
1.24019	1.04015	0.7144	0.82863	
0.93209	0.78479	0.64643	0.8434	
0.91212	0.78353	0.59444	0.84235	
1.16165	0.97574	0.79101	0.98621	
0.93291	0.84016	0.6606	0.84146	
0.83923	0.72585	0.58136	0.81608	
0.87107	0.78423	0.67151	0.78194	
0.91045	0.75064	0.62075	0.83263	
0.95702	0.92311	0.64331	0.73491	
0.95749	0.77332	0.60566	0.84893	
0.87667	0.74125	0.59001	0.75803	
0.94845	0.78577	0.63236	0.81954	
0.7949	0.721	0.58904	0.78613	
0.8765	0.73511	0.58513	0.8212	
0.91929	0.7968	0.64212	0.78295	
0.94887	0.74847	0.62874	0.8165	
1.04652	0.87489	0.66579	0.85906	
1.10733	0.81434	0.64852	0.98419	
1.03854	0.98751	0.76746	0.85357	
0.8396	0.72238	0.59224	0.79884	
0.85826	0.7491	0.614	0.73829	
0.84622	0.845	0.72489	0.81729	
1.25223	1.08832	0.66941	0.52591	
1.59113	1.18839	0.75458	0.97429	
0.83354	0.75886	0.61842	0.7872	
0.81217	0.6981	0.59232	0.77515	
1.07781	0.90884	0.63129	0.78633	
0.96979	0.81914	0.63236	0.83597	
0.86467	0.77372	0.65902	0.8687	
1.02426	0.81384	0.65698	0.91391	
1.24322	1.05086	0.73901	0.87864	
0.98655	0.82204	0.63017	0.83319	
1.14368	0.93855	0.62641	0.87037	
1.50679	1.26898	0.85315	0.90113	
0.89687	0.77326	0.59901	0.8133	
1.09782	0.87359	0.68708	0.82715	
0.75525	0.79941	0.59625	0.74896	
0.88055	0.75481	0.61258	0.84446	
0.84092	0.68999	0.56837	0.74875	
0.877	0.74258	0.5937	0.87037	
0.96272	0.82768	0.64489	0.84491	
0.90321	0.78743	0.60681	0.84756	
1.12206	0.93716	0.69005	0.85332	
0.86638	0.75582	0.5946	0.83327	
1.44597	1.27287	0.83062	0.64332	
1.25127	0.98166	0.74013	0.90785	
1.00411	0.78634	0.6349	0.72225	
1.13511	1.04262	0.67945	0.85057	
0.90744	0.74066	0.61092	0.78424	
0.93807	1.02455	0.6813	0.53603	
0.99424	0.82345	0.64607	0.86344	
0.95567	0.92953	0.63035	0.51135	
0.80503	0.74545	0.59122	0.78656	
0.91857	0.74278	0.57262	0.90577	
1.38675	1.13181	0.91827	1.11797	
1.24755	0.98522	0.6753	0.81453	
1.21935	0.93896	0.70534	0.90423	
0.86454	0.68665	0.58472	0.78156	
1.01506	0.85006	0.69307	0.85767	
0.79351	0.81294	0.62431	0.77753	
1.32546	1.06313	0.68455	0.8696	
1.0494	0.80738	0.65741	0.81856	
1.09116	0.97155	0.68088	0.77047	
0.65573	0.68154	0.57379	0.76741	
1.48698	1.13052	0.89765	1.07827	
0.94494	0.77913	0.63932	0.83106	
1.01437	0.83099	0.62097	0.81346	
1.16666	1.1674	0.74967	0.57598	
0.96841	0.85382	0.69963	0.84093	
0.8876	0.77814	0.60957	0.7918	
1.08818	0.83944	0.63158	0.9317	
1.1961	0.97206	0.75149	0.96927	
0.99205	0.79549	0.64257	0.91499	
1.01474	0.90899	0.66195	0.87301	
0.83727	0.72752	0.59437	0.79172	
1.04688	0.83604	0.64897	0.93612	
0.90586	0.77108	0.59455	0.80846	
1.25223	1.08832	0.66941	0.52591	
0.89053	0.79447	0.63827	0.8198	
0.89947	0.66858	0.56399	0.70178	
0.91585	0.90058	0.60264	0.67487	
0.81657	0.7347	0.58448	0.79005	
0.85879	0.80233	0.64015	0.74789	
0.96451	0.83942	0.62973	0.77196	
0.95316	0.7744	0.60391	0.80163	
1.08445	0.85886	0.74416	0.90902	
0.92724	0.82653	0.65768	0.83729	
0.83642	0.83366	0.72249	0.90715	
1.13926	0.95529	0.71826	0.91329	
0.85864	0.7093	0.58665	0.76843	
0.85692	0.80359	0.65069	0.80881	
1.02257	0.85883	0.63688	0.92673	
0.95385	0.85926	0.62042	0.71877	
0.98999	0.8352	0.66473	0.89172	
0.78472	0.75915	0.60659	0.8163	
0.93718	0.83167	0.65585	0.80899	
0.97746	0.7748	0.6229	0.79357	
0.9093	0.80161	0.63139	0.77757	
1.46351	1.17667	0.78098	0.98694	
1.01508	0.82522	0.63152	0.83528	
0.97098	0.77907	0.62135	0.8569	
0.93476	0.80939	0.5915	0.81224	
0.85389	0.79307	0.64726	0.79393	
0.81752	0.70115	0.57036	0.77898	
0.90321	0.76097	0.58694	0.77051	
1.1735	0.95835	0.70863	0.86813	
1.04258	0.78789	0.62641	0.87478	
1.05473	0.92531	0.7094	0.90201	
0.93563	0.83113	0.64556	0.85591	
1.03428	0.8865	0.64642	0.74401	
0.95224	0.8164	0.57531	0.68348	
1.04262	0.87173	0.65972	0.8562	
0.87744	0.73653	0.62563	0.8208	
1.01769	0.85095	0.63642	0.82401	
0.81245	0.69408	0.58896	0.76058	
0.78095	0.66954	0.55402	0.72931	
0.79042	0.79914	0.60806	0.77935	
1.38237	1.24613	0.83039	0.84068	
0.84678	0.79448	0.66397	0.77641	
0.90103	0.74352	0.61719	0.77337	
1.34891	1.032	0.82521	1.01789	
0.96622	0.75951	0.61447	0.85797	
1.05545	0.94292	0.7354	0.78126	
0.80434	0.7584	0.63175	0.76293	
1.01145	0.8097	0.67066	0.85638	
0.88802	0.85467	0.67701	0.87622	
0.71648	0.71022	0.5901	0.73785	
0.82175	0.68365	0.59531	0.85911	
1.25137	1.20677	0.87378	0.69965	
1.1373	0.90103	0.67548	0.8759	
0.91653	0.768	0.58569	0.9484	
0.95775	0.75734	0.67687	0.91202	
0.79063	0.72445	0.59645	0.75112	
0.91793	0.7696	0.6033	0.81506	
0.9715	0.83011	0.62	0.8836	
0.98468	0.8504	0.61935	0.81669	
0.88465	0.75463	0.59942	0.78242	
0.89283	0.7638	0.64591	0.78333	
0.92329	0.75973	0.60675	0.82971	
1.11422	0.85143	0.7281	0.89476	
0.92881	0.78218	0.62085	0.94675	
0.88602	0.73822	0.61698	0.98696	
0.91106	0.75025	0.5641	0.76241	
0.75787	0.66767	0.59327	0.80449	
0.88143	0.80137	0.6262	0.83507	
0.74926	0.74878	0.59126	0.72484	
1.00046	0.80612	0.63787	0.84265	
1.15481	0.90986	0.6194	0.87953	
0.82034	0.70658	0.55294	0.74174	
0.85607	0.87523	0.65667	0.79621	
0.99051	0.84974	0.65744	0.83298	
0.71393	0.66656	0.5767	0.79175	
0.94588	0.79698	0.62539	0.82128	
0.91844	0.78666	0.64266	0.89091	
1.122	0.93453	0.6862	0.85425	
1.12797	0.85114	0.73059	0.84048	
0.89437	0.72433	0.6111	0.78368	
0.86484	0.72027	0.58187	0.81739	
0.89494	0.76016	0.62799	0.80978	
1.03785	0.77444	0.5876	0.93843	
1.41999	1.12111	0.87837	1.07661	
1.1299	0.99953	0.72976	0.91104	
0.81327	0.70166	0.59206	0.82145	
0.74428	0.76126	0.59138	0.71188	
0.95644	0.76349	0.6145	0.7765	
1.07548	0.81501	0.64072	0.85531	
1.00208	0.84766	0.60845	0.81186	
1.45675	1.2293	0.92825	0.83326	
0.96177	0.78772	0.62946	0.85509	
0.94033	0.80422	0.63022	0.79876	
1.20097	0.90461	0.73551	0.82951	
0.9047	0.74235	0.61172	0.83676	
0.7739	0.71104	0.57433	0.79053	
1.34564	1.02402	0.8657	1.00274	
0.95701	0.80847	0.61104	0.91276	
0.97198	0.77664	0.61709	1.03576	
0.87413	0.70289	0.58945	0.82329	
0.88695	0.72554	0.59755	0.79575	
1.0193	0.92737	0.71826	0.85211	
0.91353	0.78601	0.63825	0.7826	
0.84336	0.69983	0.58915	0.83639	
0.87334	0.70025	0.56306	0.85902	
0.78815	0.70468	0.58519	0.81111	
1.16554	0.8959	0.77484	0.9596	
