0.87031	0.78225	0.63163	0.85655	
1.21667	0.98047	0.71692	0.91252	
1.13356	0.91363	0.62728	0.93284	
0.96289	0.83173	0.69067	0.84395	
0.82547	0.69723	0.58548	0.79192	
0.87092	0.74199	0.61058	0.82813	
0.79476	0.71547	0.5933	0.75258	
1.41582	1.13661	0.78186	0.95195	
1.04406	1.03418	0.86556	0.93121	
0.97876	0.81818	0.65384	0.8585	
0.78397	0.69419	0.59361	0.80135	
0.91268	0.75554	0.62611	0.84941	
1.01458	0.84594	0.66982	0.84898	
0.84731	0.72753	0.61112	0.86219	
1.35127	1.12546	0.90784	1.14683	
1.27846	0.98506	0.71358	0.87262	
1.13973	0.83482	0.63714	0.86557	
0.86966	0.73546	0.59565	0.82756	
0.85386	0.72974	0.57571	0.77793	
0.80126	0.70825	0.61911	0.80702	
0.91517	0.83311	0.6474	0.83302	
0.85686	0.70922	0.59366	0.73497	
0.93471	0.77325	0.62363	0.8283	
1.21581	0.91632	0.75832	0.91463	
1.18041	1.11839	0.89781	0.98752	
0.85064	0.73862	0.6183	0.83521	
0.89753	0.7769	0.58594	0.79791	
0.849	0.7137	0.58845	0.82265	
1.01738	0.81008	0.62822	0.8678	
0.93495	0.76945	0.60667	0.80719	
0.8285	0.70044	0.59427	0.76262	
0.91939	0.78137	0.62214	0.74887	
1.73543	1.6394	1.09495	1.81821	
0.94219	0.85965	0.6507	0.75064	
0.95232	0.90925	0.63991	0.51056	
0.87645	0.75696	0.62666	0.83721	
0.91741	0.7783	0.59947	0.78153	
1.15712	0.88838	0.62734	0.90371	
0.89645	0.85604	0.6166	0.70802	
0.95887	0.8017	0.61622	0.84729	
1.0542	0.90332	0.72338	0.93294	
0.84914	0.78805	0.61944	0.79132	
0.8387	0.82834	0.59768	0.78375	
1.2119	1.08313	0.6834	0.55273	
0.82882	0.73311	0.61123	0.78835	
0.77571	0.7202	0.62384	0.85211	
0.97912	0.84078	0.6779	0.83774	
0.89434	0.7496	0.61459	0.9403	
0.93791	0.95276	0.63289	0.53769	
0.93478	0.79094	0.67044	0.8086	
1.5933	1.33031	0.93907	1.09206	
0.91571	0.73135	0.60298	0.82127	
0.83816	0.73203	0.60201	0.84106	
0.87125	0.75101	0.61319	0.78001	
0.86364	0.7147	0.54794	0.78779	
0.89657	0.73915	0.62139	0.82953	
1.12381	1.0819	0.78849	0.86584	
1.11778	0.92199	0.77408	1.01178	
1.4066	1.1614	0.84368	1.31696	
0.96805	0.83987	0.64768	0.8485	
1.13806	1.05441	0.66522	0.52142	
1.69159	1.30051	0.90337	1.33231	
0.97451	0.80877	0.63336	0.78829	
0.85821	0.8971	0.76547	0.93477	
1.23925	0.98212	0.77046	1.05232	
1.32393	1.07181	0.7714	0.91357	
0.89398	0.78025	0.61799	0.79352	
0.89694	0.7632	0.62444	0.83785	
0.98153	0.94245	0.6499	0.78329	
0.94538	0.75636	0.61885	0.77337	
1.1883	0.91579	0.80609	1.00338	
0.95567	0.92953	0.63035	0.51135	
1.0815	1.01194	0.65728	0.71355	
0.83789	0.67926	0.58989	0.81956	
0.68047	0.73159	0.61407	0.78946	
0.85863	0.97933	0.67897	0.54632	
1.01571	0.86558	0.62073	0.80994	
1.02962	0.92868	0.6626	0.835	
0.92003	0.75271	0.65747	0.78764	
0.88702	0.72728	0.58293	0.86592	
1.00661	1.15174	0.88535	0.83314	
0.95021	0.77745	0.6095	0.85062	
1.07263	0.85274	0.72093	0.85158	
1.34771	1.28954	0.88817	0.84104	
0.89733	0.73376	0.59179	0.86287	
1.24208	1.03696	0.69922	0.80882	
1.04602	0.94106	0.78579	0.99251	
0.96677	0.77959	0.6015	0.87446	
0.88354	0.69108	0.56445	0.86827	
1.00079	0.81164	0.63487	0.89026	
0.97745	0.80136	0.63016	0.75955	
0.93	0.77386	0.61284	0.81817	
1.46957	1.24215	0.85165	0.92377	
0.94058	0.82374	0.63608	0.75434	
0.97446	0.85991	0.60925	0.78549	
0.27607	0.55209	0.51203	0.76222	
0.90549	0.74889	0.62436	0.76318	
0.96205	0.78698	0.61613	0.86739	
0.88738	0.76559	0.6207	0.78519	
0.88936	0.78063	0.65133	0.91926	
1.00229	0.90068	0.68331	0.87456	
1.09751	0.9035	0.60957	0.72264	
0.96028	0.81544	0.6046	0.87392	
0.90604	0.7905	0.5786	0.81623	
0.98729	0.83121	0.64482	0.90309	
1.2224	0.96417	0.71224	0.9057	
0.86088	0.71779	0.57991	0.79719	
1.3042	1.08634	0.88097	1.01045	
1.00992	0.85862	0.66737	0.83632	
1.06229	0.8346	0.69157	0.94202	
0.87949	0.74584	0.58581	0.78505	
0.89628	0.74525	0.62318	0.90089	
0.98561	0.7818	0.601	0.94779	
0.97987	0.8042	0.64282	0.82742	
0.85672	0.81673	0.58403	0.6894	
0.7794	0.75622	0.62761	0.78289	
1.10283	0.91112	0.67749	0.85937	
0.88114	0.76348	0.58599	0.79226	
0.83869	0.70155	0.5989	0.84323	
0.67509	0.85816	0.63416	0.51342	
0.94388	0.80343	0.66516	0.84384	
0.84125	0.77452	0.62462	0.76611	
1.02087	0.82694	0.63661	0.84415	
0.82583	0.72444	0.61278	0.76325	
0.95609	0.73773	0.58441	0.81175	
1.05777	0.85162	0.63407	0.91639	
0.8653	0.71774	0.57052	0.80246	
0.98241	0.88305	0.63713	0.79461	
1.41926	1.17709	0.85992	0.99392	
0.86443	0.7634	0.58125	0.70776	
0.85836	0.68364	0.57114	0.80969	
0.78884	0.75203	0.5847	0.67577	
1.2092	0.98986	0.81549	1.11355	
0.76374	0.70283	0.57519	0.79952	
0.88047	0.75501	0.60293	0.83798	
1.1012	0.97459	0.7126	0.76136	
1.03937	0.90997	0.67766	0.83239	
0.99368	0.94474	0.60304	0.54472	
0.82437	0.96408	0.74129	0.88167	
0.78637	0.71067	0.58533	0.74737	
0.90582	0.72313	0.58373	0.75166	
0.81077	0.71255	0.598	0.82721	
0.6538	1.35542	1.05577	0.84203	
1.32325	1.11257	0.668	0.52757	
0.9643	0.78967	0.71786	0.93791	
0.96703	0.77217	0.59089	0.77423	
0.87273	0.74136	0.5536	0.74102	
1.24746	1.09061	0.82076	0.96597	
1.0014	0.81789	0.62409	0.80084	
0.66373	0.76509	0.6134	0.81919	
1.82445	1.5845	1.04446	1.61222	
1.16019	0.955	0.70272	0.88706	
0.99705	0.91489	0.64043	0.67947	
0.925	0.74134	0.57627	0.82157	
0.9732	0.75709	0.6078	0.81201	
1.08611	0.84096	0.63563	0.90162	
0.85869	0.71824	0.57802	0.80801	
1.3934	1.06076	0.84882	0.95843	
0.95567	0.92953	0.63035	0.51135	
1.17413	1.06589	0.74662	0.94453	
0.76629	0.72261	0.58412	0.77927	
0.96472	0.7728	0.59653	0.8403	
0.81608	0.72188	0.61218	0.85918	
0.96379	0.79116	0.60053	0.76429	
0.86245	0.71646	0.62784	0.86204	
0.77561	0.79377	0.62653	0.82712	
0.92129	0.75688	0.61498	0.8246	
1.44154	1.12573	0.89002	1.11811	
0.98649	0.788	0.62757	0.82278	
1.31631	1.10413	0.69903	0.71716	
0.98509	0.83268	0.66634	0.81802	
0.54313	0.69262	0.60767	0.77778	
1.20576	0.98754	0.68207	0.88531	
1.10155	0.89056	0.64208	0.80928	
1.25446	1.15302	0.82466	0.77074	
0.86416	0.76941	0.59544	0.80167	
1.17956	0.95299	0.75236	0.96486	
0.81284	0.81554	0.62124	0.75012	
1.08797	0.89076	0.64102	0.87368	
1.00843	0.91534	0.71256	0.83615	
0.90017	0.78853	0.62763	0.9241	
1.12185	1.06309	0.81156	0.61777	
1.40869	1.02669	0.8352	1.01454	
1.0371	0.80387	0.62133	0.81436	
1.13063	0.89792	0.66676	0.83776	
0.85245	0.72927	0.60473	0.77456	
0.95795	0.88299	0.67277	0.85092	
1.40155	1.09935	0.8199	0.95456	
1.56884	1.33223	0.89741	0.78636	
0.7107	0.78322	0.59869	0.74287	
0.77445	0.72239	0.5978	0.75736	
1.02081	0.81456	0.67531	0.87019	
1.07382	0.97648	0.73016	0.97044	
0.96393	0.95334	0.64202	0.51434	
1.17787	1.04363	0.82442	0.96483	
1.12805	1.11535	0.85181	0.72991	
0.95103	0.7728	0.59191	0.80907	
0.86826	0.70761	0.61054	0.80531	
0.88409	0.78369	0.62657	0.89266	
1.32301	0.99478	0.6581	0.84122	
0.89487	0.7054	0.63001	0.90497	
0.79286	0.68331	0.5841	0.78199	
1.06104	0.90665	0.63603	0.71566	
1.048	0.83658	0.65638	0.89818	
0.88374	0.77557	0.63293	0.80666	
1.0901	0.87551	0.68087	0.88553	
0.9662	0.78247	0.58099	0.8054	
0.97648	0.83671	0.65507	0.96331	
0.73044	0.69341	0.56534	0.81476	
0.93843	0.80182	0.63905	0.85085	
0.84132	0.71028	0.57452	0.81167	
1.74819	1.35056	0.94015	1.51829	
1.23908	1.08852	0.65546	0.52656	
1.21425	1.00394	0.67303	0.79806	
1.14287	0.88002	0.68904	0.92013	
0.93346	0.76804	0.62446	0.83352	
0.95025	0.77734	0.64989	0.87663	
0.94858	0.88804	0.62733	0.5092	
1.03385	0.77935	0.6235	1.07143	
1.15712	1.12823	0.82551	0.83193	
1.22745	0.99829	0.67497	0.78198	
0.99602	0.82852	0.63313	0.86242	
1.02308	0.87129	0.71387	0.93075	
1.15685	0.90706	0.71678	0.82722	
0.88921	0.70989	0.6286	0.80127	
0.90712	0.73787	0.61182	0.76055	
0.90629	0.71992	0.58132	0.84395	
0.85873	0.71899	0.5771	0.83397	
0.89609	0.76987	0.60056	0.81178	
1.21517	0.94054	0.6662	0.86135	
1.11661	0.85281	0.63528	0.84504	
1.08034	0.90287	0.68823	0.85298	
0.95232	0.90925	0.63991	0.51056	
0.98522	0.87385	0.64289	0.84394	
0.76594	0.9035	0.70345	0.75028	
0.89952	0.7604	0.62606	0.81321	
0.88042	0.76817	0.6289	0.82148	
0.89189	0.78733	0.60447	0.81135	
1.05843	0.81833	0.64589	0.92332	
1.0558	0.82879	0.66335	0.88164	
0.92402	0.75442	0.57794	0.88196	
1.53294	1.37497	0.9698	1.23863	
0.79594	0.70408	0.59363	0.76637	
0.95447	1.00239	0.62775	0.52219	
0.90279	0.89413	0.68289	0.77424	
0.94264	0.79435	0.61114	0.78588	
1.03729	0.98694	0.70019	0.77962	
1.63064	1.39037	1.02464	0.90159	
1.18896	1.11037	0.7656	0.62381	
1.1562	0.91939	0.65703	0.85468	
0.95718	0.78537	0.63115	0.80407	
1.35666	1.11657	0.73013	0.56797	
0.73301	0.70837	0.57542	0.78378	
0.89665	0.76219	0.62224	0.80061	
0.73601	0.84697	0.6018	0.73262	
0.90333	0.75704	0.62045	0.76499	
1.24328	1.16204	0.83689	0.93885	
1.16107	1.03951	0.77953	0.99226	
0.77839	0.71211	0.57199	0.77239	
0.94146	0.78736	0.61842	0.87468	
1.444	1.42397	0.98918	0.91414	
0.88741	0.76866	0.61673	0.88057	
1.13275	0.90128	0.64505	0.84297	
0.96753	0.78827	0.63054	0.78344	
0.91654	0.72147	0.5767	0.79604	
0.84838	0.71009	0.58916	0.79026	
1.4165	1.14566	0.85245	1.27387	
1.09529	0.95067	0.69385	0.79429	
1.20267	0.96285	0.64385	0.8372	
1.33546	1.24022	0.76227	0.71725	
0.85409	0.70592	0.58807	0.79316	
0.98277	0.86636	0.64554	0.89272	
0.92693	1.1353	0.85654	0.80328	
0.91501	0.7786	0.6492	0.86185	
0.79902	0.70529	0.59255	0.79021	
1.10043	0.9157	0.66195	0.87553	
0.91686	0.84808	0.61242	0.85493	
0.88946	0.76505	0.62832	0.84108	
0.67053	0.85454	0.63015	0.50526	
0.79627	0.71718	0.59566	0.75971	
0.97013	0.76832	0.60059	0.86557	
0.92156	0.85136	0.58823	0.74018	
0.89127	0.76029	0.62853	0.76185	
0.97878	0.80201	0.58166	0.72474	
0.73155	0.71283	0.62758	0.9781	
0.75281	0.74666	0.55229	0.66062	
0.7842	0.74694	0.66186	0.78324	
0.90977	0.75796	0.60154	0.72245	
0.89447	0.81405	0.64053	0.85572	
1.04129	0.82929	0.59245	0.82083	
1.3477	0.99936	0.88032	1.05252	
0.99624	0.75048	0.5736	0.906	
0.79583	0.70866	0.56706	0.71415	
1.03351	0.88801	0.66927	0.87757	
0.90782	0.77312	0.64124	0.81469	
0.92593	0.77183	0.64897	0.88829	
0.82903	0.70694	0.57226	0.76101	
0.84244	0.72388	0.53678	0.84841	
0.91823	0.75412	0.61484	0.75752	
0.82919	0.71273	0.59976	0.80724	
0.89624	0.87585	0.59146	0.66452	
1.22461	0.95515	0.70257	0.87689	
0.89673	0.76155	0.61192	0.89306	
1.46187	1.06688	0.76701	0.94985	
0.93748	0.74442	0.63953	0.75678	
0.9951	0.78973	0.61904	0.86107	
0.91979	0.71048	0.58097	0.86688	
0.90023	0.77367	0.63372	0.82068	
0.79947	0.71644	0.60995	0.81112	
0.72108	0.7796	0.62329	0.88393	
0.98569	0.79461	0.60426	0.84516	
0.85735	0.9797	0.69557	0.68367	
1.42881	1.2361	0.84819	0.90156	
1.02093	0.83066	0.70268	0.91981	
0.96359	0.78661	0.60779	0.87937	
0.88375	0.73644	0.60742	0.74523	
0.75932	0.81595	0.73673	0.93727	
0.93526	0.77005	0.62039	0.82243	
1.15359	0.96876	0.76007	0.88231	
1.17279	1.13526	0.85662	0.88118	
0.84527	0.73534	0.60271	0.85103	
1.49829	1.23806	0.70546	0.53362	
0.89377	0.80357	0.618	0.76666	
1.44415	1.0723	0.7914	0.98632	
0.92671	0.78025	0.63546	0.88569	
0.9473	0.7813	0.62588	0.87153	
1.08553	0.9805	0.75668	0.92093	
0.94857	0.7844	0.62317	0.92611	
0.88722	0.88374	0.65932	0.84496	
0.81841	0.75914	0.61251	0.73834	
0.87178	0.73845	0.58765	0.83669	
0.82804	0.70321	0.58925	0.83301	
0.91382	0.94469	0.6503	0.52112	
1.28912	1.02274	0.64948	0.82365	
1.05113	0.8426	0.66292	0.8309	
0.80259	0.79487	0.61737	0.77204	
0.66935	0.7519	0.64354	0.78423	
0.95512	0.84496	0.66169	0.95105	
1.16791	1.19051	0.91435	0.8229	
0.96385	0.79196	0.65134	0.86296	
1.17519	0.93477	0.63382	0.74989	
1.09012	0.8942	0.72183	0.8634	
1.35499	1.07491	0.75062	0.89094	
0.76464	0.63305	0.57111	0.75466	
0.90317	0.86401	0.64654	0.67939	
0.92634	0.79118	0.63189	0.82366	
1.10281	0.92048	0.70047	0.88981	
0.87419	0.7605	0.61553	0.76914	
0.91486	0.81902	0.61981	0.75915	
0.85662	0.70335	0.567	0.81836	
1.03688	0.83353	0.65151	0.87423	
0.92886	0.7712	0.60462	0.87115	
1.02478	0.89012	0.76217	0.85203	
1.66114	1.54703	1.05378	0.96223	
0.82484	0.757	0.58989	0.71241	
0.8698	0.74109	0.61245	0.87328	
0.81016	0.69925	0.59732	0.83171	
0.84487	0.70503	0.57855	0.78514	
0.75271	0.79261	0.59564	0.64671	
0.97494	0.83321	0.68958	0.93191	
1.31215	1.02224	0.68136	0.94286	
0.93983	0.80607	0.65803	0.77272	
0.82582	0.7306	0.58944	0.778	
0.87872	0.69162	0.56635	0.86878	
0.68698	0.65071	0.56679	0.74138	
0.80793	0.81313	0.66478	0.74997	
1.24558	1.07743	0.66855	0.52587	
0.81503	0.73622	0.5394	0.86416	
0.95232	0.90925	0.63991	0.51056	
0.8519	0.75624	0.60507	0.76311	
0.97335	0.7621	0.61989	0.83746	
0.94909	0.75697	0.59665	0.81072	
0.77985	0.78774	0.64578	0.78481	
1.24372	1.01983	0.68493	0.86268	
1.15726	0.90969	0.62874	0.71779	
1.1075	1.0849	0.67968	0.63317	
0.78996	0.73248	0.60839	0.79627	
0.91842	0.7324	0.61308	0.85469	
1.28994	1.09864	0.76241	0.89284	
0.84144	0.7335	0.62231	0.76591	
0.99004	0.97559	0.75432	0.78335	
0.8287	0.70615	0.59481	0.8637	
0.86404	0.71005	0.59494	0.87882	
0.84915	0.86846	0.65166	0.87798	
1.14427	0.97265	0.66412	0.86351	
1.44811	1.10301	0.69359	0.87352	
0.86253	0.70031	0.60866	0.84511	
1.03793	0.99941	0.77119	0.84958	
1.12277	0.91257	0.65819	0.89947	
1.19033	1.07087	0.67481	0.54769	
0.90479	0.73579	0.58231	0.76657	
0.96903	0.79627	0.62634	0.90684	
0.70648	0.79729	0.60461	0.6834	
0.83628	0.84312	0.67801	0.79636	
0.79962	0.74914	0.58983	0.74512	
0.9046	0.71749	0.59205	0.75127	
0.99412	0.94288	0.65364	0.60378	
1.01641	0.85107	0.60747	0.77406	
0.99303	0.80845	0.61614	0.79941	
1.14211	1.04884	0.67221	0.52272	
1.04412	0.84774	0.7363	0.95646	
0.98065	0.78968	0.61626	0.87882	
1.23872	1.10197	0.68306	0.53358	
1.2438	1.07435	0.7934	0.95194	
1.14954	1.10242	0.89143	0.99023	
0.9493	0.79244	0.61211	0.86436	
1.11521	1.19613	0.84512	0.68873	
0.86103	0.74117	0.59012	0.75126	
0.74311	0.67487	0.5507	0.82678	
0.93678	0.76496	0.61825	0.78752	
0.91864	0.7083	0.57187	0.78768	
0.91204	0.76497	0.58509	0.75552	
0.85272	0.72035	0.58858	0.81904	
0.8738	0.70191	0.58814	0.8041	
0.95636	0.95216	0.78285	0.91001	
1.18105	1.19422	0.75302	0.57704	
1.01232	0.85827	0.625	0.82742	
1.08139	1.16925	0.85549	0.66432	
1.19247	0.93547	0.76438	0.96063	
0.95672	0.79129	0.60728	0.90418	
1.50277	1.2714	0.91103	0.82594	
0.99404	0.80523	0.62735	0.80807	
1.67094	1.45683	0.99238	1.36583	
0.9798	0.81763	0.69296	0.87404	
1.45479	1.19017	0.85902	1.30536	
1.01157	0.87974	0.66782	0.84101	
0.93182	0.86153	0.63831	0.76277	
0.89827	0.74373	0.62868	0.7592	
1.09468	1.02174	0.76321	0.76151	
0.91177	0.76367	0.605	0.78122	
1.24604	1.06347	0.83478	0.90821	
1.1757	1.00709	0.72366	0.84879	
0.78352	0.68614	0.5768	0.78495	
0.94367	0.84544	0.63392	0.88143	
0.89169	0.85217	0.63936	0.77633	
0.78293	0.66592	0.58687	0.87556	
1.39484	1.1806	0.69596	0.53157	
1.01908	0.85537	0.65667	0.82505	
0.86938	0.73063	0.59712	0.86855	
0.9308	0.82668	0.71326	0.85447	
0.79699	0.72402	0.5762	0.76715	
0.98692	0.90841	0.65566	0.76869	
0.94325	1.1035	0.88604	0.77446	
0.87395	0.75785	0.59915	0.82086	
0.63539	0.75181	0.60304	0.81872	
0.69007	0.67997	0.54918	0.72202	
1.01225	0.86646	0.61792	0.86412	
0.84834	0.70364	0.58758	0.87532	
0.48764	0.65302	0.55818	0.68616	
1.17016	0.9632	0.64939	0.88678	
0.79002	0.71826	0.61331	0.84002	
1.21317	0.98019	0.74265	1.04303	
0.78237	0.68444	0.61397	0.80751	
1.44912	1.17888	0.87221	0.74013	
0.81516	0.69347	0.58241	0.83624	
0.90993	0.76639	0.60966	0.91451	
0.87778	0.7677	0.62367	0.84237	
1.13965	0.92797	0.67331	0.9291	
0.83635	0.73377	0.59548	0.81351	
0.96274	0.77245	0.61599	0.90193	
1.03173	0.9478	0.68106	0.89239	
0.91905	0.76162	0.64188	0.80049	
0.95543	1.13063	0.84321	0.64883	
0.9844	0.86072	0.64016	0.78677	
0.81912	0.67036	0.57234	0.81062	
0.91362	0.79661	0.62879	0.83141	
0.79504	0.71578	0.60805	0.85597	
0.79758	0.67405	0.54177	0.71938	
0.80047	0.70289	0.57254	0.8108	
1.25724	0.9299	0.71313	0.80589	
0.9785	0.78246	0.5768	0.9357	
1.06588	0.96835	0.67288	0.75129	
1.23881	1.0548	0.83321	0.9883	
1.04159	0.85126	0.59455	0.79445	
1.10014	0.87799	0.68102	0.88951	
1.03958	0.96548	0.67533	0.72772	
0.91454	1.04852	0.832	0.691	
0.82079	0.76304	0.65525	0.86519	
0.99267	0.8541	0.63931	0.84949	
0.96724	0.7857	0.63501	0.82613	
1.0073	0.91676	0.70296	0.88129	
1.20315	0.96956	0.7252	0.84359	
0.7211	0.9006	0.71051	0.84377	
1.11892	0.94023	0.64123	0.63536	
0.85919	0.72087	0.58883	0.76104	
1.60181	1.41375	0.96557	1.324	
1.69158	1.34189	0.92573	0.93474	
1.59504	1.21634	0.91036	0.99435	
1.19427	0.99021	0.7803	0.94449	
0.82655	0.78494	0.60253	0.83375	
1.06915	0.84531	0.73149	0.88035	
0.90948	0.80097	0.63682	0.87054	
0.98967	0.75735	0.63697	0.79831	
0.82909	0.8418	0.66397	0.84288	
0.8318	0.74507	0.57249	0.77083	
1.21368	0.94438	0.71689	0.97504	
0.98028	1.35218	1.02989	1.07775	
0.9076	0.77045	0.61023	0.87626	
1.12885	0.95212	0.68091	0.87402	
1.30372	1.16892	0.72939	0.75925	
1.19463	0.9574	0.80697	1.00024	
1.02016	0.88845	0.62702	0.80103	
1.50618	1.57246	1.12826	1.23963	
0.93209	0.78475	0.58055	0.80187	
1.08126	1.01457	0.7582	0.75881	
0.86037	0.79599	0.61078	0.77411	
0.92023	0.77182	0.60331	0.84467	
0.72755	0.69521	0.63678	0.81344	
0.90546	0.72087	0.57081	0.7707	
0.89882	0.79844	0.59234	0.75342	
1.41223	1.0422	0.72206	0.94916	
1.04615	0.81796	0.61992	0.92628	
0.99026	0.81633	0.65546	1.12372	
0.91785	0.7665	0.63808	0.77259	
0.77145	0.68908	0.55791	0.78399	
0.77798	0.74431	0.56402	0.73006	
0.83245	0.73804	0.59597	0.80959	
1.1177	0.82637	0.63219	0.81069	
0.83564	0.73011	0.61357	0.70861	
0.92582	0.72691	0.59879	0.80914	
0.88468	0.71951	0.59022	0.82156	
0.93356	0.77877	0.5958	0.83585	
0.90202	0.71831	0.59907	0.75651	
0.84122	0.78185	0.58983	0.72533	
0.78967	0.77902	0.61844	0.83611	
0.8821	0.72628	0.61002	0.86255	
0.80966	0.74758	0.60126	0.78042	
1.45422	1.24889	0.80219	0.81455	
1.04183	0.86667	0.68021	0.89138	
0.90821	0.93224	0.69681	0.81302	
0.54153	0.70516	0.64872	0.73034	
0.844	0.7665	0.61964	0.80881	
0.74927	0.65677	0.58173	0.73303	
0.98811	0.81437	0.64362	0.8939	
1.27905	0.97509	0.69477	0.88092	
0.85129	0.78514	0.61581	0.78766	
0.9021	0.73493	0.57147	0.73471	
0.86076	0.73694	0.61631	0.86148	
1.09302	0.99969	0.72961	0.99684	
1.57243	1.20064	0.8843	1.05588	
0.7976	0.70549	0.60727	0.82983	
0.69811	1.08247	0.79043	0.92225	
1.05977	0.97132	0.80458	0.97423	
0.76151	0.92789	0.64022	0.58171	
0.96393	0.95334	0.64202	0.51434	
1.3538	1.0888	0.83502	0.90352	
1.12142	0.98956	0.65629	0.51758	
0.78472	0.69322	0.58136	0.7455	
0.92024	0.76727	0.6161	0.89057	
1.10635	0.906	0.66009	0.82422	
0.84206	0.68136	0.55609	0.73752	
0.94418	0.79239	0.64545	0.7843	
0.93459	0.75574	0.61835	0.78923	
1.13326	1.14926	0.84115	0.84342	
1.30462	1.06402	0.87674	1.07854	
0.9587	0.9492	0.63198	0.51246	
1.1368	0.82848	0.72468	0.8833	
0.86701	0.75597	0.58627	0.73971	
0.97647	0.80772	0.61995	0.86176	
0.65246	0.77808	0.60777	0.84276	
1.00909	0.89924	0.67599	0.95309	
0.97019	0.80188	0.62393	0.82888	
1.09084	0.89772	0.60357	0.85731	
0.90391	0.77352	0.60004	0.78241	
1.15875	0.97591	0.76322	0.83537	
0.91261	0.82878	0.64855	0.83991	
0.8469	0.73172	0.58895	0.78671	
1.19712	0.85986	0.6157	0.81935	
1.03035	0.82524	0.71105	0.91961	
0.70261	0.76061	0.60521	0.76465	
0.83298	0.71548	0.62091	0.85137	
1.29054	1.05445	0.71884	0.72838	
1.03317	0.88195	0.77092	1.01633	
1.01678	0.84354	0.61178	0.85817	
0.83213	0.78178	0.61727	0.86743	
1.5158	1.27314	0.78764	0.65823	
1.00858	0.79093	0.61758	0.85198	
0.85146	0.71182	0.61069	0.86896	
0.72228	1.33954	0.97098	0.98988	
1.06811	0.88486	0.67968	0.87259	
0.72443	0.71987	0.56476	0.78215	
0.84931	0.7856	0.62191	0.83846	
0.78794	0.75516	0.63771	0.80335	
0.90646	0.70895	0.58082	0.90055	
0.5145	0.69257	0.58613	0.80033	
1.05377	0.86586	0.67614	0.8309	
1.36805	0.99822	0.70329	0.88139	
1.32616	1.03328	0.83857	1.02757	
0.92589	0.74085	0.59839	0.79323	
0.91208	0.79357	0.60407	0.79808	
0.82485	0.68661	0.56632	0.78147	
0.90383	1.05406	0.79947	0.63269	
1.02914	0.8037	0.65446	0.82832	
1.14564	0.88997	0.75502	0.90267	
0.85358	0.7429	0.57231	0.73978	
0.98879	0.91756	0.72676	0.88836	
0.80729	0.71229	0.59446	0.76206	
1.03668	0.90586	0.65965	0.86415	
0.84589	0.73864	0.60675	0.81059	
0.65382	0.75212	0.59866	0.754	
1.13905	0.99344	0.64969	0.9137	
0.8311	0.81824	0.65135	0.7957	
1.12314	0.92847	0.67545	0.8374	
1.02726	0.81924	0.60771	0.8447	
0.80804	0.79158	0.66027	0.79594	
1.08598	0.95127	0.68994	0.8535	
0.9	0.78595	0.60487	0.75987	
1.04359	0.89034	0.64804	0.82828	
0.91148	0.93797	0.7248	0.82326	
0.95098	0.81698	0.67453	0.81909	
0.88844	0.73219	0.61564	0.81803	
1.01985	0.80239	0.72543	0.81045	
0.84559	0.74224	0.60151	0.77327	
0.82101	0.78562	0.63636	0.84085	
0.99145	1.40012	1.0836	0.78442	
0.84349	0.86095	0.615	0.66388	
1.4867	1.17062	0.86591	1.05952	
0.99274	0.84415	0.62937	0.89773	
0.92185	0.83613	0.61555	0.77199	
0.85865	0.70318	0.58499	0.81174	
1.87008	1.56675	1.06778	1.12237	
0.84956	0.7315	0.5889	0.83358	
0.91612	0.77468	0.65673	0.80357	
0.97388	0.80311	0.62367	0.78603	
0.92494	0.88504	0.60039	0.71116	
0.82439	0.77279	0.61814	0.76247	
0.8669	0.7489	0.62351	0.90654	
1.22428	1.05867	0.74555	0.85482	
0.85257	0.7136	0.62477	0.84206	
1.46971	1.35786	1.00691	0.82693	
0.91262	0.82511	0.67478	0.87799	
1.18077	0.98651	0.69634	0.95515	
0.898	0.74156	0.60925	0.83098	
1.0422	0.86048	0.64106	0.89026	
1.37188	1.02119	0.78007	0.99847	
1.12634	1.19833	0.76374	0.62774	
0.84044	0.76523	0.62477	0.75933	
0.914	0.89174	0.64372	0.90126	
0.84066	0.77667	0.64307	0.84781	
1.09937	0.8448	0.62197	0.97559	
0.90528	0.75309	0.59664	0.79946	
0.72422	0.72359	0.58466	0.78392	
0.69693	0.76233	0.63419	0.76149	
1.05941	0.8622	0.70023	0.86311	
1.23359	0.95948	0.71726	0.86711	
0.9515	0.77682	0.61373	0.8196	
1.09738	0.97342	0.66189	0.59529	
0.85395	0.70398	0.59875	0.88239	
1.19413	0.98518	0.80882	0.98166	
0.97398	0.94893	0.74966	0.71522	
0.8504	0.69468	0.58377	0.77987	
0.8088	0.70159	0.60674	0.85611	
0.90354	0.77187	0.59346	0.91366	
0.935	0.86755	0.65086	0.7927	
0.99371	0.81155	0.61024	0.82256	
0.8074	0.74594	0.64075	0.81764	
0.85187	0.72404	0.60172	0.82709	
0.8451	0.69487	0.57	0.82816	
0.87563	0.85684	0.61406	0.8033	
0.9161	0.97207	0.67738	0.54453	
1.12398	1.12087	0.79155	0.95596	
0.7095	0.82955	0.6343	0.72308	
0.9808	0.81658	0.60718	0.7665	
0.99941	0.81737	0.69871	0.85968	
0.89249	0.73929	0.61293	0.84759	
0.85624	0.75714	0.66418	0.8103	
1.0029	0.95769	0.65973	0.69955	
0.81345	0.78802	0.65987	0.79582	
1.46474	1.1003	0.92481	1.07603	
0.82621	0.74264	0.6099	0.83223	
1.0504	0.8476	0.62125	0.8076	
0.82277	0.7521	0.62138	0.75946	
1.27517	1.24208	0.82255	0.62556	
0.86495	0.69519	0.57763	0.83634	
1.55163	1.19849	0.86593	1.29144	
1.01495	0.86748	0.64758	0.83583	
0.97115	0.79938	0.73077	0.92356	
0.83859	0.70887	0.60948	0.76149	
1.00034	0.80991	0.62176	0.78635	
0.89022	0.81723	0.61775	0.75612	
0.86941	0.70796	0.56569	0.81593	
0.90953	0.72744	0.55119	0.74747	
1.20688	0.97417	0.83581	0.96772	
1.13713	0.86837	0.61323	0.87365	
0.60481	0.8654	0.62974	0.84052	
1.01519	0.84259	0.66296	0.82655	
0.78469	0.71266	0.60293	0.76267	
0.88041	0.72738	0.58006	0.78345	
0.97434	0.82829	0.61969	0.86673	
1.15799	0.93469	0.80738	1.02956	
0.91628	0.7068	0.60653	0.81046	
0.8978	0.80539	0.70563	0.88834	
0.84602	0.72119	0.56246	0.73223	
1.01258	0.84746	0.64293	0.86662	
0.87621	0.75015	0.61459	0.91821	
0.6381	0.68171	0.5654	0.71923	
0.85461	0.75427	0.60547	0.82208	
1.11729	0.91533	0.802	0.99351	
1.3886	1.02971	0.84086	1.05603	
1.16525	0.95475	0.68823	0.86102	
1.05695	0.85358	0.64714	0.8506	
0.89492	0.70273	0.56718	0.94087	
0.83098	0.72912	0.60903	0.83226	
1.36217	1.09241	0.91977	1.10636	
0.94956	0.80484	0.61104	0.81371	
0.82421	0.97727	0.66737	0.75053	
1.18335	1.0068	0.66406	0.66803	
0.70719	0.98986	0.72663	0.88845	
0.95394	0.76231	0.64537	0.80768	
0.87103	0.71319	0.58153	0.78238	
1.28349	1.16892	0.77151	0.72857	
1.03697	1.06699	0.76284	0.78068	
1.13182	0.94672	0.65076	0.82721	
0.84611	0.74353	0.6111	0.80337	
1.02545	0.8068	0.60271	0.78159	
0.94954	0.76422	0.61138	0.81172	
0.86028	0.69351	0.59221	0.81606	
0.86265	0.73738	0.60545	0.81204	
0.93444	0.74959	0.57064	0.75441	
0.97156	0.77362	0.61258	0.91109	
1.09907	1.01908	0.77047	0.87293	
0.88262	0.85488	0.64789	0.91467	
0.90769	0.77363	0.65499	0.90502	
0.98118	0.81476	0.6417	1.00243	
0.88535	0.95895	0.77447	0.86222	
1.33129	1.20237	0.74344	0.56436	
0.91987	0.77955	0.63379	0.81641	
1.43779	1.18858	0.74935	0.57554	
1.32071	1.14124	0.82073	0.63339	
0.81201	0.73069	0.57854	0.77793	
1.07546	0.87746	0.7392	0.95887	
0.92631	0.75918	0.61422	0.79978	
0.59761	0.91451	0.67711	0.5356	
0.93421	0.80928	0.6422	0.94451	
0.8474	0.80815	0.63422	0.73868	
1.12364	0.95965	0.67827	0.84189	
0.86775	0.76423	0.61259	0.75273	
0.81202	0.70269	0.58309	0.81937	
0.74277	0.70477	0.59148	0.77223	
1.13491	0.92446	0.70505	1.01279	
1.62323	1.55546	1.03795	1.36893	
0.96489	0.79501	0.62212	0.94711	
1.13561	0.94936	0.6773	0.87113	
0.94366	0.77213	0.65882	0.83335	
1.16087	0.92754	0.6815	0.9204	
0.88197	0.78385	0.63015	0.90086	
0.81122	0.6919	0.57057	0.8014	
0.95078	0.81877	0.61785	0.87992	
0.71368	0.72017	0.61088	0.80806	
1.24005	1.07935	0.66438	0.52369	
0.96505	0.83669	0.70509	0.94297	
1.13074	1.0038	0.64173	0.51965	
0.97272	0.85336	0.67422	0.76421	
0.96909	0.96767	0.75475	0.8897	
1.10935	0.88772	0.74665	0.96072	
1.16549	0.98837	0.66009	0.79792	
0.85755	0.80873	0.59591	0.66049	
0.98202	0.93376	0.61792	0.64709	
1.28419	1.05441	0.84685	1.07986	
0.8405	0.68922	0.56245	0.7391	
1.5051	1.23159	0.81173	0.74372	
0.92736	0.76861	0.60679	0.85241	
1.14679	0.93629	0.63772	0.81983	
0.80752	0.76383	0.6176	0.79589	
1.05174	0.8987	0.71167	0.97277	
0.87361	0.80281	0.68585	0.8652	
0.97129	0.79175	0.6428	0.88649	
0.90083	0.70749	0.57939	0.74354	
1.32301	1.11554	0.73797	0.57874	
1.49709	1.25203	0.70566	0.53737	
0.93494	0.80376	0.61464	0.84164	
0.92271	0.74925	0.63133	0.82513	
1.01775	1.41786	1.0526	0.81602	
0.99861	0.82634	0.61442	0.79801	
0.97979	0.8224	0.63409	0.79379	
1.36345	1.05386	0.70085	1.02641	
0.76211	0.71398	0.6071	0.75215	
0.92919	0.76545	0.61787	0.83696	
0.83441	0.72221	0.60609	0.9144	
0.93155	0.79662	0.60619	0.86675	
1.00751	0.85464	0.61637	1.07364	
0.79696	0.67547	0.59596	0.87312	
0.93401	0.78042	0.60662	0.78736	
1.00974	0.86707	0.73965	0.92868	
0.95537	0.84143	0.63359	0.81608	
0.85947	0.7455	0.61311	0.78133	
1.52246	1.12516	0.94721	1.2433	
0.84847	0.77073	0.60091	0.84121	
0.75286	0.71619	0.60964	0.79182	
0.85979	0.7205	0.6024	0.84026	
0.78539	0.7746	0.62521	0.86183	
1.30768	1.46916	1.08964	0.91251	
1.05063	0.86812	0.65768	0.83911	
1.19863	1.01716	0.74298	0.94847	
0.81048	0.73387	0.58698	0.80261	
0.85153	0.71935	0.6058	0.75842	
0.79168	0.72274	0.59408	0.84406	
1.00457	0.7792	0.58999	0.71967	
1.32248	1.0683	0.71638	0.80089	
0.89955	0.8469	0.65816	0.76245	
0.7494	0.75428	0.584	0.75224	
0.93203	0.79015	0.56571	0.79405	
0.93602	0.77147	0.58203	0.81632	
1.01742	0.86183	0.62203	0.70943	
0.82332	0.80845	0.63344	0.78525	
1.09649	0.95908	0.75275	0.90933	
1.10533	0.88686	0.68766	0.8631	
0.9256	0.83374	0.65884	0.81912	
0.93971	0.87716	0.62339	0.50682	
0.8455	0.75443	0.59545	0.87448	
0.88994	0.73987	0.62538	0.83034	
0.80585	0.79468	0.59506	0.70733	
1.08325	0.84139	0.79402	0.92542	
0.55518	0.67303	0.49142	0.68766	
0.95891	0.78435	0.64466	0.89433	
1.19916	0.91146	0.69235	0.86309	
0.88932	0.82662	0.6619	0.98434	
0.82616	0.76274	0.60257	0.80429	
1.00149	0.90437	0.65491	0.79455	
0.94261	0.76671	0.61115	0.785	
0.96314	0.86105	0.64212	0.793	
0.86255	0.73004	0.57191	0.76354	
0.81518	0.69814	0.5752	0.82182	
0.74831	0.76409	0.62864	0.77636	
0.967	0.77632	0.62336	0.8071	
1.12126	0.84929	0.65676	0.89493	
0.89632	0.76011	0.60808	0.86588	
1.34702	1.0815	0.86028	1.00085	
0.72762	0.88088	0.65402	0.78911	
0.91735	0.74727	0.60088	0.83308	
0.99508	0.81946	0.59799	0.76553	
1.0139	0.86279	0.66543	0.83815	
0.79889	1.00926	0.82881	0.64075	
0.7049	0.72237	0.56711	0.75856	
0.91361	0.75718	0.58449	0.80235	
0.85564	0.71901	0.58322	0.84909	
0.89794	0.83344	0.68222	0.86226	
1.13977	0.89827	0.71869	0.97499	
0.67053	0.85454	0.63015	0.50526	
1.08311	0.87341	0.63066	0.81405	
1.07358	0.77158	0.57974	0.8796	
0.9032	0.76408	0.61233	0.79948	
1.24431	0.97225	0.64828	0.76364	
1.06651	0.84867	0.64695	0.90079	
0.82665	0.69773	0.61151	0.83106	
1.01608	0.84276	0.62231	0.89724	
0.88913	0.75913	0.59607	1.02742	
0.94858	0.88804	0.62733	0.5092	
0.85581	0.91315	0.61138	0.76306	
1.22252	1.08621	0.7319	0.75711	
0.92836	0.82374	0.6377	0.86248	
0.79133	0.75961	0.60364	0.82275	
1.03903	0.90481	0.67645	0.8523	
1.07634	0.87351	0.6415	0.86569	
0.95068	0.78987	0.59124	0.8792	
1.05939	0.88904	0.64255	1.1395	
1.21275	1.0016	0.68678	0.88737	
1.00324	0.87197	0.66269	1.02246	
0.99198	0.83802	0.65503	0.85493	
0.94514	0.79095	0.62351	0.8606	
1.05978	0.81497	0.70149	0.94348	
0.95733	0.74041	0.5977	0.87538	
1.06477	0.82973	0.61947	0.85352	
0.81458	0.83727	0.6229	0.84063	
1.04115	0.84133	0.65235	1.09277	
0.91825	0.78852	0.65285	0.80215	
1.21046	0.99509	0.80736	1.02714	
0.93474	0.75507	0.59723	0.77895	
1.19579	0.91056	0.82303	1.0265	
0.89143	0.73983	0.6159	0.79516	
0.86443	1.10974	0.85771	0.75709	
0.83456	0.77188	0.61459	0.80706	
1.04672	0.8058	0.59386	0.74897	
1.2057	0.9989	0.73842	0.86141	
1.06693	0.89958	0.61765	0.87502	
1.24186	0.92903	0.74761	1.01669	
1.36762	1.07085	0.83751	0.96484	
0.82834	0.86212	0.69628	0.80076	
0.93273	0.83311	0.67747	0.9217	
1.03685	0.99587	0.82138	0.87398	
0.64787	0.6819	0.58319	0.5034	
1.33289	1.13157	0.67934	0.5297	
0.90088	0.76836	0.6134	0.82527	
0.9826	0.82601	0.64261	0.90745	
0.82679	0.71472	0.57009	0.71617	
0.94153	0.79484	0.67072	0.76987	
0.94914	0.81636	0.63592	0.84136	
1.71387	1.66715	1.11215	1.09361	
0.75707	0.73376	0.60134	0.83648	
0.8167	0.77629	0.61215	0.77019	
0.89815	0.76409	0.60634	0.75505	
1.07525	0.87489	0.64383	0.8922	
1.13253	0.89255	0.76872	1.00456	
1.19869	0.92305	0.76802	0.87437	
0.84914	0.73158	0.62318	0.79823	
0.63597	0.62651	0.60307	0.76676	
0.77035	0.77106	0.56931	0.68107	
0.60314	0.71018	0.56187	0.72785	
0.90289	0.73366	0.6164	0.79658	
0.9391	0.76703	0.6073	0.81046	
1.14298	1.06423	0.71558	0.8185	
1.29963	1.11688	0.79565	0.89243	
0.94381	0.81355	0.6556	0.86303	
1.00048	0.93247	0.68255	0.79788	
0.82971	0.71475	0.60326	0.7944	
0.98794	0.77321	0.61657	0.81707	
1.09221	0.89171	0.65455	0.71691	
0.95521	0.88359	0.64118	0.85182	
0.94768	0.8335	0.60813	0.8392	
0.64137	0.74747	0.57617	0.83304	
1.13774	1.06332	0.8189	0.96872	
0.68855	0.72436	0.62077	0.82858	
0.90149	0.72569	0.60779	0.86814	
1.1169	1.06566	0.66468	0.52997	
1.2855	1.04453	0.84459	0.92588	
0.95433	0.86094	0.59236	0.76163	
0.85873	0.7037	0.599	0.8702	
1.1203	0.93319	0.63656	0.72989	
1.05189	0.89139	0.63068	0.89355	
1.25676	0.96568	0.64199	0.90488	
0.8799	0.75628	0.60807	0.82499	
1.26659	0.9637	0.78071	1.01331	
1.09633	0.91693	0.79171	0.99701	
1.20829	1.22902	0.83103	0.62511	
1.07687	0.88197	0.68021	0.86306	
1.68356	1.71763	1.1699	1.2238	
0.98746	0.7945	0.63041	0.80408	
1.21495	0.9894	0.7479	0.94258	
0.85556	0.80811	0.68745	0.8439	
0.84231	0.82472	0.61283	0.79175	
1.10173	0.93536	0.68292	0.79113	
0.59256	0.74781	0.61289	0.75525	
0.72766	0.73112	0.61493	0.81453	
1.19358	0.92516	0.77766	0.92942	
0.90642	0.80866	0.66051	0.8631	
0.80409	0.75445	0.57135	0.73229	
1.06317	0.89497	0.61277	0.82118	
0.89469	0.77905	0.62273	0.81	
0.91826	0.77176	0.63386	0.84013	
0.77275	0.71995	0.60809	0.83664	
0.96248	0.86715	0.65528	0.84596	
1.0162	0.80281	0.60431	0.77767	
1.0963	0.88416	0.6563	0.9604	
0.8882	0.80168	0.6046	0.85525	
0.84541	0.69548	0.5737	0.80357	
1.01425	0.77318	0.57733	0.80853	
0.97475	0.77696	0.63719	0.82683	
0.94441	0.90016	0.63449	0.5077	
0.90243	0.80163	0.67579	0.78986	
1.05455	0.8582	0.66064	0.95859	
0.94186	0.93314	0.64325	0.75884	
0.87591	0.74685	0.58786	0.79046	
0.75049	0.70664	0.58879	0.85259	
1.03832	0.89996	0.64468	0.94573	
1.13337	0.89323	0.6504	0.86686	
0.7135	0.76904	0.56285	0.73834	
0.83299	0.70859	0.56534	0.81538	
1.08108	1.01222	0.67516	0.72045	
1.28709	1.09722	0.80192	0.93736	
0.83815	0.69575	0.58776	0.80394	
0.67053	0.85454	0.63015	0.50526	
0.80477	0.8059	0.66767	0.86091	
1.25122	0.93449	0.7928	1.09252	
1.09496	0.89942	0.66416	0.87287	
0.90881	0.75954	0.60064	0.88319	
0.93296	0.73021	0.57428	0.84376	
1.02882	0.88683	0.717	0.88967	
0.9966	0.77965	0.61561	0.89139	
0.83977	0.87888	0.68655	0.81872	
1.02205	0.89896	0.64314	0.72522	
1.60606	1.11086	0.92637	1.21917	
0.91764	0.73788	0.60199	0.83848	
0.89409	0.72076	0.58556	0.89531	
1.04314	0.87573	0.71598	0.82088	
0.94623	0.7516	0.61683	0.92993	
0.70352	0.65576	0.57176	0.79579	
0.9328	0.79379	0.61135	0.77208	
0.87245	0.71589	0.59178	0.76691	
1.09419	0.94222	0.73128	0.90408	
0.90106	0.72639	0.6329	0.96969	
0.48139	0.75398	0.5957	0.821	
0.94975	0.80277	0.64012	0.90489	
1.72694	1.49511	1.01195	1.55061	
1.02091	0.78819	0.62835	0.82379	
0.95744	0.88248	0.63581	0.90735	
1.03178	0.85963	0.68544	0.88387	
1.17482	0.94037	0.67629	0.91888	
1.14668	0.90974	0.74033	0.90382	
1.17679	1.10579	0.82653	0.87836	
0.82628	0.72542	0.62545	0.81033	
0.8953	0.95692	0.64401	0.69239	
0.90727	0.77794	0.63944	0.88745	
0.86153	0.72746	0.58563	0.83711	
1.35363	1.15996	0.86302	1.07192	
0.8499	0.76473	0.61798	0.81449	
1.20833	0.94845	0.73503	0.93033	
0.95757	1.11804	0.79499	0.77553	
0.81565	0.807	0.64562	0.81589	
0.86539	0.75064	0.59443	0.81967	
0.95745	0.87435	0.70125	0.85854	
1.03256	0.82722	0.7339	0.8254	
0.69914	0.70521	0.55043	0.74703	
1.07614	1.02184	0.7579	0.98428	
0.92862	0.75906	0.62328	0.91365	
0.93565	0.77386	0.59607	0.77275	
0.957	0.86824	0.68628	0.82059	
0.93748	0.81843	0.62981	0.90965	
1.29182	1.11114	0.67454	0.68918	
1.42405	1.05663	0.8983	1.08299	
0.68274	0.70749	0.60211	0.77818	
0.76041	0.76135	0.60322	0.72385	
1.17188	0.98589	0.67661	0.9049	
0.87232	0.77237	0.62278	0.89691	
0.96007	0.79873	0.66333	0.82179	
0.87785	0.78559	0.61763	0.83662	
0.87592	0.90596	0.71709	0.84288	
1.09315	0.89944	0.68207	0.91158	
1.19305	0.92087	0.74103	0.91462	
0.79779	0.75653	0.63557	0.76092	
1.02231	0.86937	0.67101	0.85396	
0.7517	0.76958	0.65896	0.80194	
1.34252	1.04575	0.81595	0.9794	
0.95932	0.81409	0.64039	0.84024	
1.25223	1.08832	0.66941	0.52591	
0.7502	0.89491	0.67868	0.93908	
1.0145	0.80775	0.57931	0.82511	
0.90889	0.75754	0.60042	0.72732	
0.94072	0.82278	0.64149	0.88889	
0.82294	0.70674	0.60597	0.72995	
0.80211	0.73782	0.61021	0.8229	
1.04772	0.9105	0.631	0.76859	
1.03972	1.00962	0.68717	0.77829	
0.81972	0.71028	0.57025	0.80972	
1.13434	0.88321	0.6242	0.82176	
0.88851	0.75181	0.61862	0.81052	
0.93347	0.74731	0.61863	0.82839	
1.06456	1.07383	0.8099	0.96598	
0.89741	0.74673	0.62331	0.91748	
0.76551	0.7102	0.58207	0.76487	
1.07181	1.04359	0.7135	0.87439	
1.12045	0.99567	0.69418	0.88214	
0.98109	0.81856	0.63576	1.023	
1.03069	0.84449	0.63436	0.8243	
0.84112	0.69069	0.59579	0.81962	
0.86146	0.82136	0.6451	0.83791	
0.82774	0.75365	0.59919	0.75412	
1.09073	0.9611	0.64974	0.90293	
1.13232	0.86443	0.61467	0.78568	
0.83557	0.72289	0.58958	0.78104	
0.92592	0.87127	0.69201	0.887	
0.91989	0.75753	0.6138	0.9155	
1.02221	0.84039	0.6636	0.91639	
0.8844	0.70656	0.61115	0.79839	
0.88597	0.75762	0.6324	0.78899	
0.84976	0.64674	0.5636	0.78896	
0.83479	0.65203	0.57775	0.82065	
1.05528	0.88614	0.72831	0.78803	
1.18531	0.9741	0.70877	0.92802	
0.8555	0.72912	0.59656	0.82361	
1.02014	0.81655	0.6492	0.87166	
0.90883	0.78142	0.61279	0.80009	
0.84653	0.71413	0.57732	0.75868	
0.83784	0.72613	0.58291	0.84094	
0.70034	0.74883	0.61588	0.74261	
1.40123	1.31032	0.99791	0.94356	
0.9475	0.91593	0.63864	0.68414	
0.86401	0.82801	0.67962	0.89034	
1.54438	1.32463	0.92965	1.18062	
1.07563	0.89112	0.70555	0.84175	
1.02405	0.88162	0.69686	0.865	
1.12341	0.93767	0.68312	0.84842	
0.84396	0.7452	0.62561	0.82911	
0.71602	0.67199	0.58448	0.76895	
1.2449	1.17759	0.7459	0.59827	
0.98808	0.89411	0.77199	0.84175	
1.15231	0.93948	0.69595	0.92134	
0.7965	0.73719	0.60481	0.93136	
0.96403	0.81029	0.63637	0.88455	
1.21447	1.04993	0.75448	0.64202	
1.15759	1.031	0.79223	0.9346	
0.77915	0.69683	0.59456	0.7968	
1.49709	1.25203	0.70566	0.53737	
0.91636	0.82493	0.57508	0.70111	
0.85013	0.72914	0.60228	0.74217	
0.76658	0.71818	0.6043	0.79847	
0.98184	0.83979	0.66719	0.88579	
1.55972	1.32098	0.93691	1.25042	
0.86026	0.73193	0.58714	0.79751	
0.92379	0.75926	0.61788	0.8187	
1.15847	1.24214	0.85791	0.81163	
0.77927	0.93198	0.71176	0.78005	
0.92452	0.86026	0.68825	0.81775	
1.15212	0.90299	0.6341	0.73383	
1.00684	0.81042	0.64525	0.88019	
0.86679	0.7273	0.58006	0.81859	
1.05593	0.88959	0.7092	0.92142	
0.8818	0.73246	0.62044	0.84298	
0.95074	0.75337	0.57941	0.83091	
0.6977	0.73566	0.593	0.6861	
1.23004	0.99409	0.77169	0.92245	
0.9	0.71019	0.59765	0.88243	
0.8152	0.72199	0.59525	0.63847	
0.95294	0.82334	0.6006	0.82459	
0.94152	0.80215	0.58905	0.80876	
1.70727	1.64882	1.11262	1.54823	
0.95256	0.75971	0.63344	0.83735	
0.8547	0.77606	0.58288	0.73921	
0.87622	0.75954	0.63474	0.80925	
0.75956	0.66878	0.59645	0.80971	
1.18655	0.94373	0.71267	0.88824	
0.99031	0.78688	0.57491	0.71482	
0.91776	0.76687	0.58459	0.81869	
1.12314	0.93608	0.75042	0.89308	
0.76451	0.73243	0.64822	0.86508	
0.90042	0.78438	0.63659	0.8502	
1.06772	0.82092	0.619	0.84905	
1.01345	0.76843	0.59361	0.7829	
0.82427	0.85409	0.64368	0.74518	
1.07895	0.92158	0.67163	0.7982	
0.78345	0.67775	0.56462	0.73546	
1.04892	0.99448	0.78602	0.88828	
1.11936	0.94111	0.65699	0.87995	
0.83548	0.76725	0.61365	0.82377	
1.13074	1.0038	0.64173	0.51965	
0.9587	0.9492	0.63198	0.51246	
0.90754	0.79045	0.60521	0.78847	
1.69879	1.38018	0.96577	0.824	
1.0139	0.84994	0.65858	0.8645	
1.07019	0.91723	0.59303	0.78107	
1.69257	1.31922	0.77815	0.6502	
0.74447	0.66757	0.56093	0.75511	
0.6824	0.68911	0.60481	0.84368	
1.24437	1.0378	0.6797	0.82505	
0.72633	0.7841	0.61085	0.70443	
0.84064	0.78699	0.65272	0.78145	
1.43853	1.05938	0.90357	1.16433	
1.0391	0.93248	0.70177	0.8334	
0.8643	0.72372	0.59876	0.75263	
0.79048	0.72498	0.60525	0.77935	
1.01727	0.847	0.69732	0.92662	
0.86036	0.73326	0.58918	0.82149	
1.01388	0.83453	0.70809	0.85264	
1.21059	0.93673	0.75795	0.9709	
0.76845	1.01556	0.6813	0.77529	
0.93202	0.85306	0.6455	0.7855	
0.90808	0.75447	0.61761	0.84172	
0.93575	0.75094	0.60954	0.86677	
0.8449	0.81174	0.63165	0.83242	
1.03739	0.78977	0.62574	0.79542	
1.13799	0.99658	0.67276	0.79347	
1.05865	1.17423	0.87043	0.9144	
0.91162	0.85113	0.66868	0.83597	
0.86888	0.73795	0.61993	0.85612	
0.76398	0.77731	0.65909	0.88031	
1.00642	0.8957	0.77179	0.8407	
0.81289	0.73896	0.62341	0.80764	
1.109	0.96117	0.70221	0.84143	
1.0197	0.8616	0.72342	0.86259	
1.02665	0.86877	0.66381	0.82301	
1.08777	0.82623	0.62301	0.80905	
1.08189	0.87266	0.71125	0.92423	
0.88712	0.77421	0.63613	0.82961	
0.8663	0.83971	0.63389	0.77198	
0.95112	0.92142	0.69055	0.781	
0.77913	0.7723	0.60588	0.78329	
0.88516	0.72066	0.58294	0.76539	
1.54299	1.31932	0.89828	1.05055	
1.03663	0.8144	0.70809	0.89518	
1.41455	1.15097	0.90113	0.96535	
0.95567	0.92953	0.63035	0.51135	
1.02518	0.87239	0.70643	0.84655	
1.44737	1.06725	0.73828	1.0077	
1.14354	0.88633	0.74777	1.00181	
0.93971	0.87716	0.62339	0.50682	
0.85061	0.72902	0.60124	0.80067	
1.20684	0.8851	0.69076	0.86839	
1.02783	0.86271	0.62157	0.82898	
1.02453	0.82958	0.6569	0.89675	
0.80801	0.75837	0.6073	0.80884	
1.46964	1.07847	0.74444	1.02799	
0.81995	0.68117	0.59305	0.75487	
0.99902	0.81991	0.62766	0.79762	
1.55386	1.33209	0.89535	0.88468	
1.06328	0.80707	0.6074	0.82402	
0.95694	0.84129	0.6624	0.77162	
0.96008	0.78425	0.5919	0.8008	
0.94237	1.13041	0.86383	0.75392	
0.83802	0.78815	0.64377	0.88531	
0.95567	0.92953	0.63035	0.51135	
1.02712	0.83468	0.62969	0.84932	
0.97181	0.85689	0.67563	0.88111	
0.87274	0.82156	0.62484	0.82076	
0.60465	0.7626	0.67249	0.83084	
0.81446	0.75039	0.59753	0.80847	
0.67053	0.85454	0.63015	0.50526	
1.38423	1.19566	0.74757	0.65589	
1.03515	0.83824	0.61186	0.82048	
1.3882	1.21899	0.69325	0.53816	
0.96155	0.85982	0.69153	0.80048	
1.3478	1.21492	0.80776	0.65046	
0.84349	0.67141	0.58461	0.76184	
0.90091	0.74121	0.60348	0.78165	
0.85824	0.742	0.59857	0.75842	
0.822	0.71314	0.58797	0.85415	
0.97851	0.82461	0.59195	0.80955	
0.99446	0.93819	0.68579	0.73967	
1.18162	0.92271	0.74104	0.86674	
0.96826	0.99129	0.64965	0.51627	
1.06766	0.90228	0.6553	0.85041	
0.98104	0.80538	0.63479	0.88374	
0.85501	0.74194	0.62249	0.8211	
1.0701	0.86449	0.67511	0.84575	
0.96393	0.95334	0.64202	0.51434	
1.15723	0.93096	0.71486	0.90703	
0.98671	0.86836	0.60658	0.79164	
0.82783	0.72637	0.58017	0.78725	
0.92378	0.8012	0.61517	0.79205	
1.35803	1.05589	0.79253	0.87852	
0.7272	0.73362	0.59505	0.80454	
0.81567	0.73312	0.60348	0.7652	
0.9598	0.74466	0.6185	0.78277	
1.04238	0.8258	0.64414	0.8457	
0.8194	0.77806	0.64534	0.85726	
0.80973	0.75344	0.61305	0.71684	
0.93738	0.78593	0.61259	0.74369	
0.42827	0.90824	0.75031	0.70091	
1.07392	0.93175	0.6593	0.76657	
0.91701	0.83962	0.60513	0.72115	
1.05921	0.87067	0.65596	0.80157	
0.85996	0.74606	0.60422	0.79718	
1.06207	0.86619	0.64045	0.78938	
0.80883	0.78692	0.60385	0.76367	
1.30814	1.27293	0.88074	0.68141	
0.98912	1.20922	0.94368	0.96957	
0.74337	0.69585	0.59498	0.8583	
0.82949	1.06976	0.78457	0.70896	
0.9435	0.76406	0.62255	0.84122	
1.01959	0.84565	0.59434	0.84684	
1.40575	1.11613	0.78856	1.08576	
0.95233	0.88388	0.62307	0.74076	
0.95736	0.72095	0.58274	0.82953	
0.85401	0.75297	0.65029	0.78202	
0.74184	0.87693	0.72678	0.85543	
0.88548	0.80339	0.68201	0.8483	
0.89676	0.77942	0.64389	0.79997	
0.89196	0.74067	0.59196	0.79517	
1.1259	0.98377	0.6519	0.54596	
0.89404	0.68941	0.55335	0.79302	
0.92322	0.75271	0.62115	0.93834	
0.92745	0.76451	0.63142	0.91168	
0.88939	0.78942	0.59215	0.89143	
0.93924	0.86252	0.6234	0.83443	
0.93226	0.77883	0.62943	0.828	
0.99525	0.83054	0.64732	0.80333	
0.86705	0.74921	0.60492	0.75583	
0.94075	0.80503	0.62137	0.9002	
0.76607	0.75149	0.65752	0.76518	
1.32325	1.11257	0.668	0.52757	
0.93598	0.78717	0.58228	0.76609	
1.32111	1.0928	0.71889	0.65221	
0.96133	0.78384	0.61715	0.87135	
1.31174	1.18592	0.84279	0.73601	
1.10032	0.92963	0.68138	0.86217	
1.35471	0.99871	0.843	1.02351	
1.05154	0.93797	0.73833	0.90817	
0.82846	0.6879	0.58529	0.74879	
0.84506	0.69518	0.60363	0.82708	
0.90738	0.79388	0.67927	0.85738	
0.86367	0.72112	0.59594	0.81949	
1.23706	1.06402	0.66223	0.52308	
0.84278	0.67686	0.54225	0.75835	
0.87978	0.79528	0.6108	0.78806	
0.99121	0.81522	0.69103	0.98609	
0.97373	0.82031	0.669	0.83131	
1.24268	1.0635	0.66512	0.52554	
1.39212	1.11107	0.74015	0.90976	
1.32574	1.12306	0.6805	0.52786	
0.96468	0.82505	0.69387	0.85432	
0.75681	0.74498	0.61328	0.79763	
0.96399	0.88435	0.62084	0.76986	
0.9241	0.78916	0.60718	0.80659	
1.42289	1.21474	0.86167	0.69634	
1.16242	0.87612	0.65204	0.83647	
0.98254	0.85894	0.61439	0.85779	
1.12475	0.82515	0.69445	0.81343	
1.3312	0.99082	0.85324	0.96317	
1.1062	0.88012	0.63587	0.89441	
0.86324	0.74524	0.59704	0.88233	
0.83783	0.68631	0.57624	0.78898	
0.8356	0.78873	0.64795	0.84975	
0.72765	0.72769	0.59512	0.78989	
1.13698	0.93433	0.6547	0.91386	
0.80776	0.73492	0.60433	0.75216	
0.80825	0.78915	0.72741	0.86341	
1.13452	1.24659	0.98781	0.79196	
0.99419	0.86642	0.65595	0.82087	
0.99983	0.83638	0.64633	0.82157	
1.34093	1.06328	0.84214	0.99555	
1.08539	0.87476	0.65837	0.8252	
0.90701	0.91639	0.64113	0.64121	
0.99026	0.82547	0.66796	0.85899	
0.83191	0.75031	0.60716	0.78498	
0.84054	1.11736	0.80987	0.69715	
0.93426	0.87321	0.5993	0.74805	
1.05479	0.82299	0.74838	0.81835	
1.32519	1.03132	0.86072	1.0373	
1.2667	0.95812	0.73901	0.93474	
1.04724	0.83611	0.63585	0.8286	
0.83238	0.75242	0.63661	0.71085	
1.07674	0.89135	0.63759	0.93356	
0.81042	0.80588	0.62122	0.75468	
1.0812	0.80595	0.62658	0.85318	
0.98632	0.79778	0.65378	0.82829	
0.81427	0.67699	0.6088	0.92025	
0.8642	0.86086	0.65215	0.7716	
0.85528	0.79108	0.60887	0.83944	
0.93947	0.81584	0.61289	0.81359	
0.88422	0.75942	0.62935	0.83789	
0.944	0.81402	0.61433	0.71667	
0.97583	0.79174	0.61531	0.86313	
0.6955	0.66432	0.57953	0.77269	
0.6184	0.68754	0.63953	0.79477	
1.24205	1.0555	0.81405	1.00947	
0.77493	0.76752	0.60912	0.87954	
0.92726	0.83038	0.64279	0.80701	
0.84952	0.72475	0.61585	0.79824	
0.81044	0.70492	0.5858	0.79632	
1.1134	0.91576	0.70158	0.85955	
0.83832	0.72891	0.5998	0.85213	
0.99513	0.78504	0.6394	0.80696	
0.91886	0.83699	0.64075	0.76128	
0.92089	0.76964	0.62851	0.84478	
0.9318	0.78485	0.61294	0.84609	
0.98518	0.87423	0.67658	0.78844	
1.01195	0.84358	0.59673	0.78522	
1.03886	0.83633	0.65584	0.85422	
0.98097	0.98433	0.6213	0.5099	
0.79766	0.85641	0.68742	0.77798	
0.97683	0.83633	0.60923	0.87892	
0.74224	0.72673	0.6228	0.8059	
1.03506	0.89661	0.62648	0.73631	
1.40471	1.25686	0.89977	0.84109	
0.94927	0.78174	0.59639	0.83807	
0.94812	0.8451	0.74674	0.89037	
1.02603	0.8218	0.73014	0.81841	
0.89033	0.75582	0.59449	0.77549	
0.75291	0.99233	0.73832	0.78544	
0.88404	0.72928	0.59754	0.84991	
1.00723	0.89934	0.64542	0.80025	
0.95453	0.82021	0.6153	1.09825	
0.8179	0.70091	0.6123	0.83818	
1.02858	0.89435	0.63846	0.80506	
0.80716	0.69835	0.59745	0.83025	
1.23706	1.06402	0.66223	0.52308	
1.03309	0.88244	0.61624	0.79928	
0.96742	0.83466	0.65629	0.83792	
0.42631	0.87881	0.73387	0.8028	
0.90651	0.77662	0.59668	0.78034	
1.01236	0.84831	0.60502	0.71028	
0.82735	0.70605	0.60143	0.78094	
1.03549	0.85591	0.68075	0.85028	
0.86725	0.70576	0.59085	0.8242	
0.77656	0.70265	0.56982	0.74327	
0.90676	0.753	0.58201	0.79671	
1.25901	1.09122	0.78099	0.62342	
0.75558	0.77699	0.65034	0.80741	
0.62573	0.80991	0.63552	0.7947	
1.12963	0.91265	0.66455	0.79789	
1.68564	1.42081	0.98821	1.21178	
1.11428	0.94581	0.66069	0.83585	
0.75987	0.65116	0.57512	0.85446	
1.19591	0.97006	0.78164	1.00915	
1.50519	1.21567	0.90312	1.19649	
1.11639	0.90606	0.67465	0.84175	
0.86774	0.83042	0.65041	0.82498	
1.17983	0.97114	0.66086	0.76477	
1.05614	0.84481	0.6969	0.77724	
0.80948	0.70892	0.58772	0.76092	
0.89471	1.09243	0.88436	0.90804	
0.8315	0.72148	0.61244	0.93181	
0.83048	0.79083	0.63592	0.71351	
0.81636	1.13031	0.83369	0.80891	
0.86031	1.08083	0.86125	0.67816	
0.91361	0.74838	0.56666	0.76069	
0.97367	0.78945	0.61431	0.77311	
0.80532	0.72082	0.57612	0.86115	
0.8699	0.74179	0.59495	0.84733	
0.95042	0.76063	0.5884	0.84036	
1.27202	1.03525	0.6924	0.90625	
1.40114	1.07152	0.92873	1.24438	
0.85694	0.76289	0.64154	0.99822	
0.87418	0.8225	0.59474	0.72322	
0.78947	0.90709	0.62531	0.65575	
0.82373	0.73476	0.60949	0.77079	
1.09978	0.86792	0.72728	0.837	
1.12299	0.95344	0.641	0.81092	
0.86262	0.7786	0.62586	0.82125	
0.90608	0.78472	0.67314	0.81948	
1.032	0.86418	0.68052	0.91249	
0.88581	0.72512	0.58727	0.80547	
0.84269	0.73036	0.58402	0.8112	
1.3642	1.21445	0.86132	0.7743	
0.79828	0.71077	0.60075	0.87636	
0.81833	0.71115	0.5854	0.82405	
0.95475	0.8344	0.65891	0.85145	
0.73455	0.70197	0.57013	0.84681	
1.07699	0.84194	0.64909	0.82417	
0.87753	0.7328	0.57267	0.91914	
1.13939	0.8891	0.73381	0.8971	
0.85935	0.72178	0.60925	0.80767	
0.86958	0.76714	0.55108	0.73634	
1.04774	0.81378	0.58535	0.78469	
1.3248	1.18507	0.83761	0.82583	
1.00172	0.93405	0.70516	0.89966	
0.77653	0.70779	0.53482	0.7082	
1.01618	0.842	0.66178	0.86742	
0.87925	0.73851	0.62195	0.89384	
1.22376	1.01814	0.74792	0.93043	
0.85343	0.75756	0.60554	0.77065	
0.84818	0.69937	0.59746	0.81661	
0.82414	0.69401	0.6158	0.78898	
1.29384	1.02136	0.71571	0.933	
1.02188	0.94224	0.7729	1.0272	
0.97476	0.81733	0.62233	0.7411	
1.01688	0.86196	0.66517	0.82894	
0.92861	0.76707	0.60738	0.8052	
0.79323	0.7076	0.59983	0.78645	
1.04831	0.86205	0.65423	0.84675	
0.80607	0.65698	0.58689	0.73875	
0.98754	0.81731	0.60144	0.74151	
0.76126	0.78983	0.66078	0.8304	
1.12379	0.84614	0.70468	1.07103	
0.86569	0.72982	0.60723	0.79071	
0.93965	0.76503	0.61036	0.92626	
1.27794	0.99861	0.6567	0.90297	
0.92397	0.73058	0.60708	0.92556	
0.99159	0.83288	0.65799	0.85643	
1.35596	1.07615	0.85965	0.9977	
0.56377	0.99365	0.70202	0.76223	
1.13105	1.00376	0.65223	0.52193	
0.94839	0.86266	0.64861	0.85332	
0.93202	0.77836	0.63433	0.73266	
0.89086	0.73985	0.57971	0.78091	
1.38848	1.11864	0.85782	1.11888	
1.11682	0.87593	0.74638	0.94541	
1.40787	1.11756	0.70089	0.73628	
0.7195	0.71612	0.62107	0.74973	
0.78727	0.76902	0.67106	0.74516	
1.22455	1.06261	0.68353	0.57507	
1.09542	0.87879	0.79737	0.96128	
1.07834	0.87358	0.63336	0.88555	
1.08847	0.88244	0.69128	0.87069	
1.13033	0.8679	0.7634	0.91836	
0.80142	0.67049	0.57488	0.82935	
0.65496	0.69441	0.54939	0.48553	
1.12245	1.12481	0.73361	0.63645	
0.94548	0.79429	0.5798	0.88349	
1.1288	0.93038	0.6189	0.81774	
0.99073	0.81086	0.62793	0.83114	
0.92554	0.81249	0.62889	0.77984	
0.86534	0.7536	0.64606	0.86361	
0.76015	0.85798	0.7215	0.83922	
1.28322	0.97082	0.73666	0.89492	
0.8847	0.84364	0.64828	0.95166	
0.9375	0.82756	0.61535	0.90532	
0.88005	0.73926	0.55707	0.70493	
0.869	0.73362	0.61941	0.79712	
0.93378	0.79818	0.62945	0.85108	
0.80869	0.7119	0.5794	0.85341	
0.94319	0.79462	0.60203	0.80399	
0.99691	0.86674	0.63189	0.8027	
0.99875	0.79034	0.67713	0.86405	
0.92322	0.85317	0.67368	0.86284	
1.01624	0.82578	0.60913	0.96435	
0.95399	0.77292	0.60907	0.87723	
0.81253	0.74042	0.6123	0.73204	
0.93842	0.82825	0.62542	0.78048	
0.98312	0.82438	0.62955	0.75528	
0.93616	0.75335	0.5874	0.75652	
0.95268	0.77103	0.60016	0.83447	
0.79966	0.76948	0.57649	0.84042	
1.1197	0.86227	0.62376	0.85627	
1.05213	0.88173	0.64076	0.85568	
0.87301	0.81999	0.61938	0.81425	
0.67743	0.79533	0.59319	0.77741	
0.932	0.85049	0.62921	0.81743	
0.87694	0.77659	0.61734	0.81324	
1.05728	0.84931	0.69684	0.85093	
1.03251	0.83489	0.61239	0.84455	
0.88606	0.81152	0.62703	0.78267	
1.4296	1.2599	0.91331	0.97986	
0.8399	0.703	0.58316	0.75715	
1.34606	1.04835	0.8488	1.15289	
0.99388	0.82281	0.64157	0.90898	
0.92332	0.80799	0.66432	0.84109	
0.90444	0.73683	0.61521	0.87862	
0.98627	0.77782	0.57564	0.88035	
1.083	0.94563	0.72505	0.90273	
1.14921	0.9042	0.63301	0.89362	
1.08042	0.86627	0.63773	0.8757	
0.92086	0.80406	0.65022	0.77907	
1.00872	0.80852	0.63008	0.89032	
0.88077	0.77188	0.60595	0.8986	
0.88736	0.74512	0.61256	0.75402	
0.87742	0.79916	0.66346	0.83864	
0.83101	0.70087	0.58377	0.82246	
1.29302	0.98148	0.66601	0.84548	
1.37458	1.22276	0.7904	0.60654	
0.87605	0.7319	0.59054	0.74241	
0.85025	0.71796	0.57161	0.81752	
1.23276	1.04082	0.74032	0.84315	
0.99703	0.96131	0.74251	0.98998	
0.98458	0.78141	0.59549	0.77499	
0.81098	0.66528	0.56988	0.80537	
0.84378	0.73215	0.60299	0.78057	
0.91715	0.74739	0.59227	0.75408	
1.16827	0.89808	0.68568	0.84347	
0.87945	0.73889	0.56971	0.84074	
1.08118	1.10096	0.92269	0.71144	
0.90803	0.85053	0.61716	0.74287	
0.88049	0.75696	0.60616	0.81698	
0.87332	0.7124	0.60045	0.84389	
0.89198	0.75283	0.61611	0.77425	
1.11247	0.90752	0.6377	0.8786	
0.92228	0.76584	0.61149	0.82269	
0.65129	0.71359	0.5578	0.69954	
0.85294	0.75258	0.64637	0.85298	
0.95948	0.78742	0.64118	0.85713	
0.72425	0.71247	0.58732	0.72665	
0.94191	0.78518	0.60216	0.86063	
0.92591	0.89529	0.67103	0.76037	
0.79395	0.69528	0.57991	0.76903	
1.46181	1.17516	0.85315	0.85158	
0.96819	0.76959	0.61783	0.82939	
1.03011	0.88968	0.68209	0.88522	
1.02339	0.81056	0.61385	0.882	
0.95279	0.84137	0.64054	0.9126	
0.89463	0.73623	0.61187	0.85116	
1.03865	0.88755	0.71997	0.80839	
0.95756	0.9519	0.81698	0.81929	
0.75918	0.74152	0.63717	0.72539	
0.7043	1.12889	0.8536	0.7095	
0.81253	0.71154	0.58641	0.79393	
0.90641	0.74956	0.60864	0.7834	
1.03032	0.90323	0.62859	0.74268	
0.98829	0.81971	0.67726	0.83264	
0.86065	0.8118	0.58018	0.68043	
0.9084	0.75222	0.61201	0.7867	
0.86414	0.71909	0.63558	0.8808	
1.25191	0.99797	0.78905	0.95112	
0.96392	0.77941	0.72375	0.83574	
0.88731	0.91785	0.73274	0.81204	
0.96095	0.76154	0.59941	0.87542	
0.87346	0.73514	0.59378	0.7571	
0.66754	0.60199	0.63319	0.79072	
0.9094	0.77352	0.6107	0.88911	
0.80809	0.7368	0.61365	0.88665	
0.81914	0.71372	0.60211	0.83816	
0.94858	0.88804	0.62733	0.5092	
1.19207	0.99391	0.72313	0.94405	
1.05132	0.8543	0.73496	0.86888	
0.973	0.77809	0.59523	0.85541	
0.90691	0.78994	0.68472	0.90404	
1.63978	1.4804	1.01133	1.45095	
0.89527	0.71526	0.62632	0.80775	
0.87412	0.72165	0.61249	0.78109	
0.93031	0.73711	0.59856	0.83502	
0.93246	0.90739	0.70026	0.78852	
1.09379	0.8648	0.70049	1.02154	
1.211	1.00505	0.6851	0.82153	
0.89411	0.78522	0.66726	0.78034	
1.12561	0.92235	0.65449	0.95195	
1.55543	1.27483	0.89577	0.80765	
1.21762	1.17091	0.89946	0.68012	
0.91736	0.83718	0.77894	0.9153	
0.92249	0.77165	0.61793	0.825	
0.90601	0.7777	0.61691	0.82125	
0.925	0.78158	0.6235	0.91169	
1.13337	1.02073	0.65762	0.52043	
1.18782	1.33371	0.98446	0.90013	
0.84865	0.80617	0.67052	0.76885	
1.03653	0.85328	0.64262	0.84726	
0.94441	0.90016	0.63449	0.5077	
0.88052	0.73966	0.61468	0.77241	
0.99087	0.88071	0.66553	0.7906	
0.94617	0.79694	0.60863	0.79719	
0.94978	0.78342	0.60135	0.77128	
0.83588	0.69705	0.59202	0.73101	
1.07779	0.80817	0.62858	0.86462	
0.74425	0.73225	0.58765	0.77349	
0.9034	0.73248	0.57696	0.90259	
1.28076	1.14688	0.70757	0.74608	
0.81851	0.68891	0.59494	0.78854	
0.9566	0.83182	0.67133	0.80688	
0.72863	0.75842	0.60671	0.8338	
0.88347	0.77499	0.638	0.87363	
0.96246	0.89486	0.66531	0.78499	
0.80585	0.74743	0.62704	0.84278	
0.92769	0.72462	0.56183	0.7817	
0.96787	0.82571	0.64945	0.81905	
0.84513	0.78703	0.63752	0.83397	
0.92948	0.80668	0.60403	0.76488	
0.92015	0.73141	0.6005	0.82559	
0.79277	0.72707	0.59573	0.8286	
0.85134	1.14656	0.90637	0.85305	
1.59279	1.23905	0.92472	1.31265	
1.18365	0.99664	0.67249	0.88883	
0.83429	0.76634	0.59252	0.75976	
0.99484	0.81211	0.62249	0.86679	
0.96845	0.76749	0.59732	0.8375	
0.9119	0.80865	0.68607	0.8338	
0.83904	0.69584	0.57599	0.8089	
0.83213	0.72353	0.60322	0.81809	
1.35131	1.15728	0.72647	0.78093	
0.83746	0.70269	0.58808	0.74614	
0.79549	0.68642	0.58907	0.81985	
1.00564	0.86861	0.6364	0.84667	
0.85611	0.71878	0.61127	0.79502	
1.10955	1.05167	0.66901	0.52901	
0.85351	0.76203	0.60508	0.76646	
1.09937	0.91929	0.67024	0.88434	
0.78247	0.71297	0.59763	0.98216	
0.92566	0.85604	0.64242	0.85044	
1.44739	1.21115	0.68891	0.53429	
0.85453	0.7431	0.62804	0.78477	
0.82853	0.72519	0.56008	0.87017	
0.96939	0.82538	0.63076	0.83293	
0.84086	0.73365	0.62289	0.8266	
1.10899	0.89532	0.65391	0.8945	
0.75566	0.68272	0.57098	0.77428	
1.19722	0.94025	0.66187	0.90936	
0.97112	0.78718	0.72775	0.8362	
1.13806	1.05441	0.66522	0.52142	
0.88858	0.76838	0.6045	0.78049	
1.53289	1.3474	0.95927	1.28075	
0.77515	0.8204	0.66537	0.84781	
0.89831	0.77992	0.58145	0.86002	
1.17897	0.93878	0.6573	0.81965	
0.75612	0.73476	0.6129	0.95488	
0.8329	0.78423	0.62486	0.8277	
1.07832	0.8667	0.63817	0.85095	
0.83663	0.80165	0.63407	0.74111	
0.91722	0.78629	0.61736	0.84915	
0.63466	0.65326	0.59054	0.72635	
0.95274	0.79162	0.63148	0.77508	
0.86207	0.75709	0.63678	0.82659	
1.11826	0.88484	0.76345	0.91807	
0.72927	0.70959	0.66119	0.76971	
1.24814	0.99114	0.82725	1.00419	
0.85804	0.76969	0.61575	0.84579	
1.27191	0.96725	0.77585	1.08739	
0.7731	0.71874	0.61435	0.81672	
0.82595	0.73553	0.58961	0.80491	
0.86331	0.73136	0.59554	0.73689	
0.71474	0.7209	0.60293	0.7602	
1.32325	1.11257	0.668	0.52757	
0.87055	0.80843	0.67492	0.82778	
0.69933	0.75438	0.60012	0.77561	
0.99693	0.81923	0.6116	0.8546	
0.84517	0.75123	0.63156	0.88794	
0.92436	0.76141	0.65347	0.79033	
1.2628	0.98518	0.72665	0.95204	
0.91337	0.72999	0.60835	0.86592	
1.05597	0.93455	0.64239	0.84104	
0.96397	0.78636	0.60087	0.82189	
1.01955	0.8208	0.64894	0.91201	
1.23373	0.95684	0.82891	0.88289	
1.03983	0.85952	0.68615	0.91066	
1.22913	1.31546	0.97425	0.88602	
0.89476	0.81197	0.61771	0.75467	
0.92628	0.73209	0.60334	0.80186	
1.24086	1.07676	0.87712	0.99974	
0.96934	0.81412	0.62679	0.76673	
0.94858	0.88804	0.62733	0.5092	
0.92666	0.76329	0.60032	0.8852	
0.93328	0.96889	0.64554	0.52353	
0.85893	0.75429	0.59501	0.75562	
1.03485	0.86422	0.72251	0.84	
1.44376	1.17079	0.80717	0.81827	
1.12789	1.02576	0.64958	0.51913	
1.20518	0.93126	0.7382	0.92925	
0.71087	0.6862	0.57168	0.82353	
0.78954	0.74539	0.65972	0.73135	
1.12944	1.00378	0.78498	0.99084	
1.31582	1.07231	0.84828	0.96413	
0.84546	0.70535	0.59987	0.8475	
1.04961	0.82604	0.67815	0.82731	
0.98973	0.88376	0.63203	0.69456	
0.87255	0.80289	0.60952	0.9316	
0.99974	0.82466	0.64671	0.99379	
0.63909	0.91388	0.6818	0.54758	
0.71922	0.71613	0.57154	0.71091	
0.90039	0.79742	0.55695	0.65916	
0.92276	0.79573	0.65224	0.90705	
1.12989	0.94962	0.63695	0.84362	
1.23758	0.94	0.66862	0.8435	
1.44002	1.3495	0.99631	0.86867	
1.0085	0.84436	0.61944	0.83038	
0.94412	0.87622	0.66547	0.76923	
1.02097	0.85749	0.63488	0.83747	
0.58812	0.81909	0.63785	0.79512	
1.1269	0.94499	0.73912	0.82943	
1.19875	0.89289	0.66229	0.84718	
0.93419	0.93285	0.60154	0.75891	
0.92824	0.75632	0.61992	0.77492	
1.07658	0.98424	0.65301	0.71671	
1.30565	0.99285	0.83212	1.01234	
1.24784	1.08846	0.6631	0.52505	
0.95209	0.78868	0.61567	0.9437	
1.08102	1.02035	0.69843	0.77678	
0.89693	0.81601	0.63497	0.82087	
0.96869	0.99929	0.79724	0.91765	
0.77608	0.70998	0.58288	0.74583	
1.05181	0.81701	0.62528	0.92775	
1.42195	1.10346	0.72071	0.79546	
0.80359	0.73549	0.58456	0.80648	
0.84634	0.71301	0.56068	0.87553	
0.93771	0.82719	0.62779	0.83318	
0.82531	0.71067	0.61714	0.81281	
0.9538	0.73577	0.55955	0.78645	
1.15591	0.87677	0.64509	0.84543	
1.16202	0.95051	0.66703	0.87391	
1.31948	1.04521	0.73807	0.94929	
0.89949	0.84833	0.62072	0.84225	
0.91143	0.7688	0.62591	0.84768	
1.3171	1.10019	0.72251	0.59994	
0.80063	0.71424	0.58737	0.77174	
0.73695	0.69616	0.52912	0.95268	
0.91722	0.77355	0.62167	0.83044	
1.03243	0.87271	0.6472	0.83143	
0.8133	0.72303	0.61586	0.77787	
1.16141	1.06369	0.68947	0.62576	
0.94475	0.86215	0.65184	0.80926	
0.98497	0.92281	0.62882	0.67278	
0.86891	0.71662	0.60114	0.85448	
1.1301	0.89059	0.66098	0.86552	
1.32178	1.2378	0.7599	0.58325	
0.5576	0.99526	0.85757	0.68388	
1.04048	0.979	0.75349	1.00807	
1.72937	1.52107	1.02228	1.50989	
0.94858	0.88804	0.62733	0.5092	
0.93988	0.80065	0.61862	0.76115	
1.02052	1.06447	0.76294	0.71706	
1.62897	1.21116	0.93312	1.16966	
0.82792	0.69754	0.61007	0.78099	
0.75336	0.69048	0.59142	0.72016	
0.92921	0.75683	0.62331	0.82492	
1.10342	0.92774	0.7118	0.98078	
0.88459	0.94163	0.62743	0.65725	
0.81102	0.76399	0.58032	0.73909	
0.93624	0.78323	0.61385	0.8707	
0.81343	0.70086	0.59167	0.81315	
0.972	0.87829	0.64505	0.78206	
1.0199	0.82993	0.6118	0.80001	
0.87749	0.73577	0.59548	0.80299	
0.98719	0.84447	0.66447	0.93043	
1.06283	1.05457	0.8353	0.83608	
0.74266	0.69903	0.59267	0.77686	
1.1422	0.84104	0.7567	0.96792	
1.23055	1.20925	0.78846	0.72736	
0.79923	0.74267	0.59036	0.834	
0.8543	0.70038	0.57566	0.78983	
0.78931	0.68776	0.58162	0.7883	
0.88741	0.73285	0.56527	0.71259	
0.97266	0.80379	0.61008	0.85622	
1.27099	1.08819	0.75018	0.84668	
0.96075	0.74818	0.62642	0.81475	
0.90289	0.81888	0.65091	0.7946	
0.88154	0.76516	0.6095	0.81204	
1.29872	1.05002	0.80939	0.96054	
0.84628	0.7636	0.59319	0.76424	
1.00553	0.89907	0.68353	0.78304	
1.11442	0.86533	0.6163	0.90502	
0.99794	0.87362	0.65465	0.8315	
0.85351	0.76734	0.6078	0.81858	
1.0848	0.85015	0.617	0.75746	
0.91827	0.74328	0.59914	0.78543	
1.00635	0.85933	0.68014	0.77054	
0.88587	0.75207	0.60451	0.8284	
1.14394	1.07313	0.67152	0.5515	
0.91874	0.82539	0.60741	0.76509	
0.90259	0.78707	0.65357	0.84024	
0.8186	0.67951	0.57688	0.78562	
0.94959	0.803	0.62651	0.81085	
1.00113	0.81943	0.62049	0.87407	
1.1729	0.89987	0.74372	0.93844	
0.99997	0.83072	0.63003	0.77385	
0.99893	0.8255	0.63281	0.84552	
0.84446	0.74131	0.62956	0.88946	
1.05945	0.9247	0.69609	0.85473	
1.62828	1.19439	0.93735	1.29031	
0.92123	0.78448	0.63856	0.7638	
0.88376	0.76124	0.59216	0.80003	
0.91022	0.767	0.62975	0.80467	
1.0679	0.85101	0.64249	0.91162	
0.98842	0.94722	0.70685	0.93069	
0.84043	0.81162	0.64019	0.85438	
1.07373	0.87335	0.68593	0.84657	
0.81863	0.71941	0.59851	0.7828	
1.04534	0.90909	0.67031	0.82862	
1.0374	0.8199	0.66731	0.83794	
0.85751	0.79365	0.63175	0.7656	
0.89201	0.80911	0.58951	0.6623	
0.74292	0.70817	0.6207	0.70567	
0.93662	0.81863	0.61491	0.79898	
1.20587	0.98925	0.69784	0.94493	
0.8938	0.79796	0.6331	0.7896	
0.94002	0.69498	0.59936	0.82791	
1.14127	0.88466	0.81186	0.93699	
1.25223	1.08832	0.66941	0.52591	
0.91472	0.84227	0.67866	0.95954	
0.91976	0.74155	0.5862	0.77002	
1.13094	0.95566	0.63307	0.74518	
1.44135	1.14987	0.70255	0.57724	
0.77614	0.7187	0.59186	0.81632	
0.99535	0.88598	0.77131	0.9198	
0.94439	0.79135	0.59175	0.79221	
1.04558	0.80962	0.63091	0.82025	
0.77675	0.67762	0.58681	0.86446	
0.8833	0.71146	0.58599	0.8274	
1.03592	0.8384	0.65112	0.92684	
1.24282	1.06203	0.65588	0.52422	
1.14289	0.87404	0.66849	0.94083	
1.09653	1.0433	0.78289	0.60173	
0.97153	0.86372	0.65796	0.85522	
0.85279	1.03523	0.78713	0.62541	
0.87599	0.7847	0.62295	0.77699	
0.91466	0.7768	0.58284	0.92727	
1.39723	1.02689	0.92061	1.09255	
1.43333	1.38802	0.98808	0.95512	
0.84851	0.74347	0.61323	0.8227	
0.99898	0.75369	0.63839	0.78745	
0.89789	0.78879	0.58842	0.74913	
0.99273	0.8414	0.66554	0.9115	
1.07414	0.91847	0.80051	0.89153	
0.86478	0.71985	0.63018	0.79372	
0.89087	0.74971	0.61895	0.83251	
1.00953	0.83839	0.67198	0.90319	
0.95567	0.92953	0.63035	0.51135	
1.07727	0.87165	0.69342	0.83801	
1.25759	0.96301	0.69747	0.88993	
0.9864	0.82922	0.66201	0.85424	
0.87631	0.77261	0.62544	0.85278	
1.17234	0.91686	0.75479	1.00334	
0.82775	0.74108	0.62137	0.91468	
0.96834	0.79432	0.62139	0.80668	
0.83653	0.70187	0.60543	0.84555	
0.67053	0.85454	0.63015	0.50526	
0.54548	0.85995	0.64177	0.53508	
0.93474	0.78765	0.64623	0.83964	
0.9243	0.78599	0.61063	0.82038	
1.2126	0.99986	0.64918	0.77836	
0.93564	0.86626	0.6309	0.81414	
1.7854	1.40782	1.0169	1.17385	
1.24935	0.96468	0.79826	1.18183	
0.85954	0.72332	0.62058	0.82232	
1.05867	0.86288	0.67432	0.94325	
0.90572	0.79602	0.62701	0.82868	
0.94051	0.80465	0.64428	0.83047	
1.15627	0.93391	0.64646	0.79705	
1.28014	1.00417	0.73076	0.94983	
0.82859	0.72252	0.58431	0.80063	
0.87399	0.7545	0.61542	0.82136	
1.06091	0.88589	0.67081	0.94187	
1.53062	1.16791	0.73119	0.86973	
1.05767	0.8641	0.65602	0.90542	
1.2289	0.97629	0.72883	0.90571	
0.7961	0.6995	0.59747	0.76373	
0.81653	0.71122	0.6096	0.90446	
0.82593	0.74106	0.60263	0.80585	
0.84258	0.72707	0.62469	0.87503	
0.69317	0.74195	0.59676	0.67765	
1.09779	0.85748	0.64662	0.81356	
0.85779	0.74742	0.63525	0.89856	
1.00097	1.01421	0.75908	0.96383	
0.87785	0.7736	0.63378	0.8046	
0.95967	0.77528	0.61366	0.90739	
0.95919	0.79607	0.58692	0.77455	
0.89836	0.98203	0.7921	0.62825	
0.94201	0.83582	0.64063	0.77277	
0.8012	0.71028	0.59071	0.72079	
1.10711	0.90636	0.70042	0.87638	
0.99938	0.78769	0.59529	0.81128	
1.48611	1.13792	0.81893	1.10067	
1.15983	1.0467	0.78287	0.97955	
0.82764	0.70444	0.58856	0.80597	
1.04655	0.92986	0.72628	0.84602	
0.90263	0.81389	0.67941	0.80173	
0.81614	0.70483	0.57336	0.82168	
1.18671	0.853	0.64872	0.85239	
0.87147	0.6925	0.6057	0.92017	
0.90239	0.79264	0.60373	0.82173	
0.93569	0.766	0.60477	0.84492	
0.83445	0.72505	0.58871	0.78972	
0.96797	0.90412	0.72166	0.81048	
0.94884	0.88442	0.6503	0.81337	
0.84632	0.71308	0.5873	0.89382	
0.92905	0.76304	0.60749	0.78998	
0.94627	0.86728	0.66026	0.85985	
0.88574	0.75342	0.60555	0.75411	
0.88492	0.72027	0.60924	0.92765	
1.01607	0.85045	0.67734	0.8729	
1.3376	1.01833	0.70477	0.95538	
1.03421	0.80771	0.61007	0.82353	
0.85384	0.77026	0.62927	0.78166	
1.45703	1.22428	0.75108	0.6242	
0.95576	0.83362	0.62626	0.79876	
1.02987	0.99651	0.66513	0.64416	
1.01899	0.91735	0.71542	0.88455	
0.97138	0.76283	0.58211	0.8834	
1.24902	0.96668	0.65529	0.82489	
0.86995	0.91145	0.67539	0.80271	
0.89899	0.79081	0.65166	0.81048	
0.99835	0.84857	0.65554	0.85454	
0.62871	0.62991	0.57566	0.71809	
1.18199	0.95037	0.66078	0.92062	
0.83047	0.72608	0.61401	0.84375	
0.83993	0.76402	0.59664	0.83333	
0.96765	0.79361	0.62676	0.85804	
0.88386	0.77072	0.62899	0.78335	
1.23365	1.3783	0.98318	1.03123	
1.0608	0.91063	0.6637	0.81267	
1.13241	1.00856	0.70509	0.80428	
0.84717	0.71623	0.60406	0.81885	
0.73775	0.71188	0.5742	0.80594	
0.85777	0.80416	0.60578	0.73302	
0.92649	0.87292	0.65708	0.86695	
0.95657	0.74972	0.58158	0.78335	
0.83998	0.72803	0.61427	0.79578	
0.85391	0.73001	0.61029	0.76293	
1.09365	0.95185	0.66865	0.89578	
1.01397	0.79045	0.6724	0.80075	
1.15054	0.92703	0.78988	0.89541	
1.2501	1.10211	0.67816	0.52557	
0.74396	0.67259	0.58049	0.73617	
0.84675	0.79815	0.64742	0.7809	
0.97999	0.78552	0.61783	0.82258	
0.82841	0.74955	0.60659	0.81714	
1.12153	0.93588	0.63778	0.8109	
1.32277	1.03318	0.82226	0.90017	
1.01561	1.38502	1.02395	0.96415	
0.94807	0.78644	0.63186	0.90928	
0.84797	0.68027	0.55837	0.74142	
1.15735	0.90649	0.7064	0.94939	
0.98511	0.79414	0.59628	0.86476	
0.96863	0.85481	0.70629	0.82586	
0.9446	0.79601	0.64899	0.84875	
0.81529	0.75029	0.5989	0.8905	
1.14204	0.98743	0.7656	0.91695	
1.01386	0.81553	0.65214	0.87222	
1.07306	0.88239	0.7342	0.93154	
1.29277	1.02487	0.77458	0.93032	
0.91903	0.74533	0.61604	0.80147	
0.0	0.72686	0.56505	0.47989	
1.01722	0.81891	0.6879	1.1129	
0.90487	0.74369	0.60985	0.83731	
1.50491	1.28552	0.86977	0.66909	
0.91284	0.7334	0.62005	0.84813	
1.24282	1.06203	0.65588	0.52422	
0.82673	0.89325	0.66029	0.71508	
0.79986	0.76067	0.60479	0.79393	
0.8639	0.71685	0.58616	0.72014	
0.84955	0.69725	0.59333	0.90665	
1.51877	1.17777	0.93768	1.08757	
0.9125	0.74981	0.63374	0.84221	
1.35637	1.09701	0.8478	1.00468	
1.25422	1.09986	0.68172	0.5264	
0.97195	0.86371	0.71344	0.83618	
1.30896	1.03256	0.72681	0.94046	
0.91396	0.77161	0.61435	0.81552	
0.9754	0.7772	0.60832	0.82901	
0.71132	0.72919	0.59277	0.84706	
0.82789	0.90057	0.66757	0.79105	
0.78296	0.78932	0.63699	0.88433	
0.67688	0.73857	0.61029	0.83633	
1.11828	0.88533	0.68827	0.82678	
0.796	1.01436	0.76368	0.59058	
0.80921	0.66982	0.56719	0.80591	
0.83282	0.69782	0.57682	0.8191	
0.95282	0.78984	0.60732	0.77956	
0.83576	0.81781	0.64094	0.81854	
0.92558	0.79176	0.67565	0.89049	
0.79138	0.81942	0.62273	0.80011	
0.94653	0.7659	0.63325	0.80912	
1.16039	1.03245	0.67344	0.70213	
1.84111	1.61764	1.03882	1.58209	
1.10598	0.95774	0.65716	0.8934	
0.84777	0.77428	0.6374	0.8593	
0.71603	0.81388	0.66549	0.77191	
1.27324	1.10606	0.67974	0.55386	
0.92469	0.76917	0.59006	0.86829	
1.32908	1.179	0.92124	0.80222	
1.0256	0.83248	0.74535	0.86643	
1.32809	1.13352	0.67393	0.52828	
0.9595	0.84281	0.6895	0.83662	
0.98417	0.77363	0.57852	0.79177	
0.92621	0.74252	0.57606	0.75027	
0.95835	1.35781	1.03402	0.86275	
1.04369	0.84025	0.63186	0.79779	
1.07625	0.99611	0.77457	1.05336	
0.89381	0.79099	0.65732	0.8695	
0.87662	0.71678	0.60475	0.80843	
1.24347	0.95509	0.8278	0.96659	
0.94158	1.15511	0.8673	0.79428	
0.88521	0.75311	0.58196	0.89608	
0.90858	0.80315	0.62342	0.82995	
1.08706	0.93988	0.77193	0.87535	
1.48289	1.20981	0.94817	1.08794	
1.23706	1.06402	0.66223	0.52308	
0.91475	0.74728	0.58864	0.86883	
1.16324	1.02294	0.70288	0.87536	
0.84378	0.72936	0.61037	0.7714	
0.8502	0.78479	0.61831	0.83468	
1.19014	1.05776	0.78752	1.00721	
1.20482	1.03548	0.76026	0.9717	
0.89208	0.79024	0.63856	0.80222	
0.84315	0.72201	0.61151	0.78409	
0.90948	0.76014	0.56214	0.89211	
0.82351	0.88455	0.67118	0.82518	
1.5525	1.17326	0.90099	1.31825	
0.96572	0.78321	0.60134	0.84637	
0.88043	0.69977	0.56769	0.79696	
0.84019	0.7211	0.62347	0.80096	
0.78079	0.6728	0.57779	0.75283	
0.90676	0.7851	0.62052	0.81881	
0.83256	0.88194	0.74939	0.85281	
0.88617	0.7247	0.56251	0.81729	
1.29767	1.15542	0.84067	0.97916	
0.96936	0.79203	0.62916	0.84034	
1.03108	0.86097	0.63334	0.93808	
0.84271	0.8015	0.60971	0.77322	
1.00928	0.78881	0.63822	0.84543	
1.37411	1.15577	0.8393	1.01955	
1.13313	0.96792	0.64429	0.5127	
0.81481	0.71286	0.57291	0.79532	
1.02279	0.80298	0.72264	0.81479	
0.89247	0.72333	0.62096	0.80114	
0.74318	0.70845	0.61346	0.86688	
0.78428	0.94704	0.79373	0.64106	
0.7057	0.67942	0.5551	0.73857	
1.182	0.99539	0.70204	0.97023	
0.97716	0.81823	0.65914	0.99758	
0.95205	0.75796	0.60037	0.80569	
1.04818	0.86402	0.63767	0.88271	
1.13809	0.9374	0.69892	0.89608	
0.89259	0.77914	0.63918	0.8417	
1.06773	1.00943	0.69033	0.73046	
1.09166	0.97092	0.65179	0.85622	
1.10255	0.96054	0.80361	0.93281	
1.4683	1.09143	0.89979	1.11273	
0.84584	0.83782	0.57711	0.67949	
1.23916	0.93206	0.8738	0.94515	
0.9587	0.9492	0.63198	0.51246	
0.99792	1.10498	0.90115	0.71888	
0.8746	0.73096	0.6015	0.7629	
0.81953	0.75288	0.60453	0.81985	
1.00236	0.84541	0.72649	0.88778	
0.8344	0.77179	0.61157	0.82175	
0.89271	0.95724	0.62597	0.62053	
0.9307	0.81762	0.63635	0.83413	
1.07981	0.92814	0.72404	0.8899	
0.97391	0.76419	0.59608	0.7467	
1.22611	0.96554	0.64401	0.82314	
1.08181	0.99704	0.67508	0.72804	
1.29525	1.02759	0.70632	0.92131	
0.94973	0.77275	0.62854	0.87004	
0.96556	0.77254	0.58099	0.86242	
0.8552	0.68931	0.57972	0.81882	
1.12598	0.92118	0.81034	0.99905	
1.05498	0.89887	0.70738	0.96095	
1.57591	1.42766	1.05789	0.86049	
0.88562	0.73767	0.61816	0.76654	
1.42807	1.25351	0.93879	0.83279	
0.9931	0.79786	0.59807	0.8157	
0.96143	0.93316	0.61943	0.51363	
1.23993	1.02646	0.78578	1.02013	
1.15499	1.10212	0.69767	0.68223	
1.00624	1.05809	0.75422	0.82502	
1.01397	0.80863	0.6272	0.88077	
1.23116	0.91916	0.66032	0.91995	
0.86653	0.70472	0.57742	0.82229	
1.08532	1.177	0.85661	0.76828	
1.31053	0.98961	0.84462	1.04176	
0.86983	0.728	0.59399	0.78314	
1.14718	0.89812	0.66729	0.9391	
0.62994	0.72565	0.67813	0.73969	
0.92443	0.78874	0.62023	0.82524	
0.88505	0.75709	0.62865	0.77544	
1.03346	0.88867	0.64429	0.79739	
0.9373	0.77756	0.62751	0.83229	
0.82409	0.71059	0.60639	0.77441	
0.87218	0.74734	0.59629	0.89524	
0.89534	0.74896	0.61335	0.80766	
0.94778	0.86938	0.67613	0.8683	
0.72519	0.68914	0.55898	0.7195	
1.23732	1.17198	0.85216	0.63753	
0.8836	0.68316	0.57338	0.7912	
1.07017	0.98048	0.75622	0.88415	
0.89274	0.77995	0.61472	0.82987	
0.84911	0.69009	0.58805	0.77285	
0.75911	0.69052	0.61762	0.75609	
0.9587	0.9492	0.63198	0.51246	
1.28921	1.00386	0.88693	1.06172	
0.74146	0.68665	0.58887	0.81086	
0.92418	0.75488	0.61832	0.83494	
1.10796	0.84805	0.65199	0.87593	
1.39901	1.28678	1.00647	0.77945	
1.02681	0.83612	0.60905	0.91543	
0.97887	0.95574	0.69114	0.74724	
0.87931	0.80011	0.62404	0.87009	
1.11449	0.88518	0.61014	0.75535	
0.90106	0.75101	0.60666	0.77388	
1.08286	0.86933	0.61737	0.92376	
1.53633	1.30121	0.78744	0.65014	
0.92132	0.7751	0.59689	0.78573	
0.8339	0.71346	0.53099	0.65222	
1.19536	0.93805	0.71567	0.7656	
1.03368	0.82899	0.65151	0.91138	
1.23177	1.17724	0.71083	0.55016	
0.77585	0.75511	0.57899	0.71563	
0.87055	0.72927	0.61227	0.7806	
0.86523	0.75087	0.6144	0.75323	
0.97652	0.79843	0.62065	0.8893	
1.07347	0.91243	0.664	0.85982	
0.95234	0.89891	0.65953	0.53742	
0.87706	0.77299	0.63618	0.85344	
0.91586	0.78305	0.63677	0.86567	
0.9587	0.9492	0.63198	0.51246	
0.60523	0.71879	0.65046	0.72697	
0.90997	0.74181	0.59868	0.85432	
0.84752	0.69828	0.5867	0.82067	
1.16187	0.95048	0.79074	0.96274	
0.88055	0.75115	0.6039	0.85942	
0.97978	0.8299	0.64613	0.86225	
0.79149	0.72622	0.63021	0.79392	
0.90757	0.72875	0.5871	0.89006	
0.93378	0.75015	0.60091	0.79027	
0.83294	0.73815	0.59257	0.81277	
0.96393	0.95334	0.64202	0.51434	
0.75661	0.66499	0.55687	0.71115	
0.7479	0.78016	0.61712	0.80755	
1.06266	0.84516	0.75377	0.92976	
1.06964	0.934	0.66077	0.80997	
0.90389	0.81906	0.64823	0.86511	
0.84048	0.83447	0.74386	0.84769	
1.26258	1.10754	0.70273	0.5504	
0.83013	0.72079	0.61846	0.80076	
0.94249	0.77615	0.62459	0.88034	
1.39303	1.05536	0.77748	0.98836	
0.93391	0.76778	0.57382	0.83054	
0.94281	0.78525	0.61148	0.814	
1.06913	0.92021	0.67256	0.80535	
1.21374	1.01386	0.71116	0.78919	
1.29959	0.9622	0.77614	0.99358	
0.80444	0.76766	0.62095	0.79519	
0.88202	0.73455	0.61774	0.83553	
0.81507	0.70448	0.59077	0.75306	
0.86391	0.75862	0.60736	0.78262	
0.90523	0.7302	0.60786	0.76706	
1.08767	0.83995	0.61751	0.99724	
0.99207	0.87479	0.64522	0.78911	
0.8278	0.74919	0.59536	0.7177	
0.8994	0.7893	0.64053	0.8336	
0.94858	0.88804	0.62733	0.5092	
0.96826	0.99129	0.64965	0.51627	
0.82432	0.68866	0.57675	0.7758	
0.97074	0.95532	0.65058	0.55633	
0.95222	1.04607	0.83317	0.86739	
0.89772	0.75039	0.60338	0.85523	
0.71306	0.67766	0.55819	0.7711	
1.00549	0.80801	0.62915	0.85364	
0.79752	0.74083	0.59825	0.80418	
0.793	0.71785	0.57351	0.76637	
0.75091	0.67893	0.59508	0.74358	
1.02501	0.7904	0.61118	0.80155	
0.86638	0.79815	0.62867	0.82728	
0.99894	0.8784	0.64891	0.77482	
0.72951	0.73574	0.60952	0.7796	
1.00254	0.81031	0.57931	0.79914	
0.94845	0.81238	0.62587	0.88958	
1.10568	0.97591	0.81311	0.92777	
0.93011	0.78503	0.64352	0.77546	
0.93902	0.81407	0.61478	0.85171	
0.90817	0.70095	0.57074	0.97816	
1.0227	0.9383	0.6307	0.71059	
0.84892	0.77637	0.59928	0.7637	
0.93517	0.767	0.63499	0.77761	
0.92652	1.20364	0.9211	0.97245	
1.18236	0.96999	0.7047	0.84485	
1.42075	1.16143	0.75896	0.65337	
1.02208	0.79674	0.63648	0.92361	
1.19126	0.98645	0.66603	0.78351	
0.66277	0.62322	0.54844	0.85753	
0.9261	0.79371	0.62167	0.83827	
0.98883	0.8367	0.65319	0.93578	
0.78888	0.6897	0.56168	0.74915	
0.85633	0.70659	0.57323	0.77156	
0.90866	0.75483	0.59882	0.87845	
0.80839	0.72566	0.5677	0.86319	
1.00331	0.88455	0.64491	0.82729	
0.82695	0.72069	0.60511	0.84447	
0.88405	0.74316	0.59604	0.73252	
1.29027	1.05764	0.72895	0.91976	
0.94345	0.80302	0.63956	0.88115	
0.87578	0.76108	0.62525	0.79058	
0.90605	0.74751	0.71623	0.8156	
0.92834	0.83725	0.70706	0.84559	
0.83717	1.03396	0.70196	0.6058	
0.93845	0.81654	0.60521	0.78813	
0.88082	0.75702	0.61273	0.77958	
0.85555	0.72771	0.6069	0.78161	
0.8232	0.83788	0.6734	0.87067	
0.7972	0.67844	0.56184	0.75303	
0.97175	0.80108	0.60501	0.81499	
0.6689	0.69141	0.57828	0.84947	
1.17165	0.93293	0.84571	1.0838	
1.20758	1.14469	0.86372	0.85252	
0.85908	0.75389	0.5892	0.84302	
1.10067	0.83084	0.67077	0.85857	
0.71645	0.71827	0.59637	0.76653	
1.05492	0.90765	0.65631	0.80485	
1.46279	1.16865	0.94433	1.08681	
0.95151	0.80646	0.66844	0.81436	
1.0977	0.89132	0.75548	0.88647	
1.0594	0.89713	0.67739	0.8521	
1.42669	1.05214	0.83066	0.98628	
0.94441	0.90016	0.63449	0.5077	
0.95907	0.8294	0.65117	0.88526	
1.57894	1.23989	0.99093	1.09923	
1.10473	1.00491	0.72165	0.81431	
1.02946	1.04009	0.74554	0.71533	
0.97329	0.84766	0.71644	0.99297	
1.03518	1.08493	0.79527	0.70959	
1.01608	0.96928	0.67252	0.65223	
1.18974	0.97776	0.65845	0.89807	
0.95656	0.78617	0.61322	0.82475	
0.88231	0.69271	0.57399	0.7093	
0.93282	0.88688	0.6584	0.79402	
1.13806	1.05441	0.66522	0.52142	
1.1641	0.95234	0.81489	1.08529	
1.07425	0.91468	0.63334	0.73797	
0.97003	0.80116	0.59332	0.82539	
1.03057	0.83947	0.65771	0.85615	
1.30939	1.22759	0.99873	0.75255	
0.98795	0.88247	0.68087	0.7825	
0.81646	0.80395	0.65771	0.83053	
0.91178	0.77614	0.61191	0.70249	
0.93635	0.92956	0.66336	0.82899	
0.89405	0.76427	0.6068	0.88835	
0.78372	0.76958	0.55767	0.82511	
1.0343	0.90888	0.78381	1.0378	
0.77885	0.64551	0.5672	0.70206	
1.1057	0.86257	0.67732	0.8614	
0.92732	0.78032	0.59741	0.82403	
0.89626	0.70307	0.5715	0.77684	
0.86049	0.7757	0.62322	0.85243	
1.35368	1.13343	0.78811	0.89037	
0.79513	0.75863	0.5978	0.79359	
1.36409	1.28743	0.95655	1.00563	
1.12629	0.905	0.6885	0.91991	
0.88116	0.79913	0.62733	0.81634	
0.6179	0.75153	0.63365	0.7884	
1.24071	1.13403	0.77559	0.60192	
0.90581	0.78598	0.63508	0.89583	
0.99611	0.80397	0.62908	0.86123	
0.8828	0.82786	0.61236	0.73031	
1.0688	0.88667	0.74904	0.9084	
1.00751	0.88246	0.74543	0.79747	
1.08108	0.86509	0.63334	0.83322	
0.56873	0.88563	0.71371	0.6897	
0.91261	0.73822	0.60988	0.82583	
0.96644	0.75546	0.58115	0.84789	
0.85972	0.70055	0.58715	0.8019	
0.80537	0.77055	0.62211	0.7897	
1.00405	0.80466	0.60663	0.83362	
1.02283	0.9566	0.711	0.82677	
0.93391	0.79357	0.63452	0.7559	
0.83398	0.77433	0.63609	0.78183	
1.02277	0.87221	0.66008	0.85931	
0.96984	0.86907	0.67277	0.86316	
1.60083	1.20924	0.86399	1.32505	
1.04898	0.96359	0.60699	0.64471	
0.61913	0.98387	0.67285	0.55127	
1.03023	0.88182	0.65689	0.88523	
1.00674	0.78071	0.59321	0.84809	
1.01168	0.84377	0.61638	0.87059	
0.87907	0.70747	0.58842	0.76914	
0.99458	0.78887	0.62963	0.89059	
0.95834	0.83775	0.59203	0.71199	
0.95133	0.78774	0.5805	0.85242	
0.88799	0.75909	0.60725	0.71354	
0.78263	0.98801	0.81648	0.75408	
0.76356	0.86796	0.62476	0.71853	
0.86439	0.75218	0.64115	0.74792	
1.04621	0.7958	0.60075	0.9259	
0.91174	0.7237	0.58796	0.84003	
0.9962	1.0676	0.70775	0.61946	
0.84179	0.71187	0.59036	0.7915	
1.16217	0.96289	0.6828	0.86489	
0.98754	0.87796	0.61803	0.72655	
1.04337	1.04778	0.73472	0.57793	
0.79451	0.69444	0.59247	0.82648	
1.06503	0.93684	0.68088	0.89513	
0.81821	0.75247	0.53155	0.77703	
1.0407	0.84919	0.66902	0.84116	
1.27405	1.07169	0.70511	0.55403	
0.90161	0.78183	0.62385	0.85951	
0.74882	0.73245	0.60674	0.82902	
0.88358	0.7451	0.60952	0.7983	
1.00026	0.85685	0.74097	0.99287	
1.20156	0.99524	0.82558	0.81477	
1.21348	0.98718	0.69558	0.88705	
0.85759	0.74318	0.55311	0.81512	
1.10384	0.99143	0.74665	0.84946	
0.7808	0.83247	0.65592	0.79061	
1.14761	0.96427	0.72243	0.88202	
1.06068	0.97835	0.69203	0.8682	
1.07102	0.99296	0.75412	0.93041	
0.95523	0.81371	0.64443	0.98133	
1.54987	1.17595	0.83634	1.07896	
0.93332	0.76053	0.63051	0.83202	
0.73227	0.66845	0.60587	0.85446	
1.11361	0.8666	0.62816	0.97472	
1.3882	1.21899	0.69325	0.53816	
0.85496	0.7734	0.62559	0.86932	
0.81565	0.70975	0.59098	0.73582	
0.94715	0.73897	0.61032	0.83915	
1.22079	1.10669	0.76113	0.7801	
0.67872	0.84027	0.62652	0.77961	
1.15199	0.9447	0.70602	0.86114	
0.93712	0.74816	0.57991	0.7683	
0.94687	0.85281	0.77479	0.94381	
0.84565	0.69693	0.59604	0.84927	
0.71807	0.7296	0.57068	0.7343	
1.30488	1.18384	0.74325	0.70138	
0.92949	0.80353	0.7131	0.90053	
0.47711	0.7462	0.65861	0.72322	
0.82681	0.71792	0.6067	0.82698	
0.75575	0.70112	0.5926	0.82502	
0.90058	0.76357	0.59878	0.83137	
1.38598	1.13086	0.86741	1.03985	
1.67742	1.35319	1.03793	1.17823	
1.03456	0.8862	0.75788	0.84745	
0.83491	0.71688	0.61413	0.79856	
1.09481	0.94587	0.70124	0.84479	
0.71263	0.65478	0.58235	0.7719	
1.02807	0.83424	0.66937	0.86132	
0.9153	0.78837	0.60495	0.83706	
0.93977	0.76253	0.60433	0.93403	
1.05091	1.22315	0.90247	0.77765	
1.02029	1.00562	0.81363	0.99258	
0.79333	0.92003	0.72286	0.89442	
0.94281	0.8783	0.60994	0.85849	
0.78565	0.69497	0.59631	0.83246	
1.22419	1.06367	0.7349	0.8596	
0.90029	0.80546	0.5795	0.68828	
1.10597	0.89409	0.68574	0.9139	
0.89085	0.73281	0.57246	0.85036	
0.82535	0.6944	0.55999	0.65806	
1.08365	0.84324	0.63362	0.83558	
0.80809	0.71223	0.60652	0.87851	
0.93343	0.78705	0.6089	0.86268	
0.89565	0.71682	0.60197	0.77642	
1.03893	1.41942	1.04278	0.8653	
0.92356	1.1497	0.89056	0.73013	
0.89623	0.90184	0.59104	0.64471	
0.93328	0.96889	0.64554	0.52353	
0.71959	0.92167	0.64901	0.72514	
1.11775	0.97079	0.64347	0.5169	
0.88088	0.73032	0.5982	0.84009	
1.033	0.89517	0.63468	0.83698	
1.09544	0.93647	0.71077	0.88261	
0.75999	1.01787	0.70184	0.80306	
0.94441	0.90016	0.63449	0.5077	
0.99225	0.88902	0.64731	0.77416	
0.96681	0.81382	0.65218	0.92345	
0.9041	0.75185	0.62742	0.79416	
0.82419	0.72571	0.58085	0.77666	
0.90488	0.71417	0.59285	0.74307	
1.21602	0.99852	0.81821	0.88855	
1.7108	1.34808	0.86835	0.89459	
1.23324	1.00544	0.78137	0.96493	
0.89118	0.74235	0.60807	0.86725	
0.84258	0.81538	0.5718	0.78215	
0.9903	0.85538	0.65329	0.87512	
1.15831	0.94226	0.69132	0.85795	
0.84622	0.71761	0.58403	0.74066	
0.94085	0.88258	0.69634	0.8403	
0.86826	0.71618	0.57476	0.85242	
1.37507	1.06876	0.87397	0.92448	
1.11105	0.9915	0.69157	0.82054	
1.01318	0.84734	0.64246	0.91138	
1.02067	0.77774	0.63612	0.87302	
0.85459	0.78636	0.60044	0.80831	
1.02504	0.94635	0.62131	0.6749	
1.31906	1.15683	0.86332	0.82694	
1.14963	1.00008	0.65903	0.73006	
0.87979	0.72613	0.57639	0.86027	
0.94772	0.77482	0.61036	0.78254	
1.05935	1.05671	0.72342	0.65724	
0.77971	0.7934	0.65986	0.80375	
0.92263	0.76786	0.61483	0.88439	
0.9153	0.78352	0.60027	0.82279	
1.10996	0.89916	0.78632	0.9185	
1.23908	1.08852	0.65546	0.52656	
0.81275	0.8158	0.58947	0.76272	
0.79391	0.73363	0.62706	0.84025	
1.25109	1.03299	0.85485	1.0701	
0.8098	0.90162	0.63649	0.64027	
0.85156	0.72076	0.60987	0.75838	
0.91197	0.74763	0.59745	0.83977	
1.075	0.95432	0.6687	0.87662	
0.71555	0.77544	0.65104	0.8546	
1.06977	0.81629	0.78806	0.89997	
0.88678	0.79837	0.64049	0.80371	
0.68994	0.73124	0.62695	0.8513	
1.0452	0.87665	0.63646	0.84415	
0.86727	0.70933	0.57823	0.8535	
0.76491	0.71181	0.6113	0.81134	
1.0957	1.05464	0.68016	0.62287	
0.8386	0.69763	0.57722	0.81791	
1.82139	1.62442	1.07144	1.52241	
1.05906	0.99119	0.69168	0.82481	
0.79614	0.7093	0.60257	0.81492	
0.91244	0.80493	0.64919	0.86657	
0.81165	0.70529	0.60074	0.77841	
0.9123	0.73178	0.60173	0.80507	
0.85915	0.75679	0.6028	0.76301	
0.77858	0.66133	0.55998	0.74239	
1.21375	0.94474	0.69708	0.95668	
1.68703	1.30528	0.97967	1.14829	
0.97991	0.87256	0.63715	0.91118	
1.14951	0.91068	0.71338	0.86603	
0.92777	0.83806	0.6562	0.80658	
0.86135	0.71775	0.61033	0.96217	
0.88284	0.79881	0.62664	0.81727	
0.86791	0.66939	0.56562	0.79804	
1.17873	0.90717	0.71742	0.88871	
1.0162	0.85329	0.61735	0.82755	
0.85037	0.70091	0.58932	0.90884	
0.91246	0.75944	0.59944	0.78183	
0.80862	0.92821	0.71977	0.80994	
0.87142	0.73749	0.59836	0.8212	
0.80522	0.73856	0.62634	0.85479	
1.05228	1.03933	0.68189	0.62535	
0.89742	0.74051	0.59877	0.78126	
0.94501	0.79815	0.61165	0.82264	
1.22885	1.10207	0.76616	0.89686	
1.40511	1.15607	0.79237	0.91339	
0.99427	0.82845	0.62226	0.80238	
0.97842	0.86902	0.68153	0.85513	
1.3412	1.17665	0.77522	0.62571	
0.88749	0.76607	0.63695	0.87841	
0.83281	0.72822	0.61361	0.81828	
1.04931	0.8907	0.63458	0.82503	
1.72587	1.54379	1.04594	0.96677	
0.80346	0.71897	0.57033	0.77657	
0.96974	0.79095	0.61027	0.78658	
0.79939	0.72174	0.60619	0.83711	
0.79264	0.69725	0.5932	0.79113	
1.25285	0.97251	0.85701	1.11767	
0.86102	0.68704	0.5745	0.82886	
1.19471	1.01261	0.70096	0.80518	
1.0237	0.83694	0.71013	1.0219	
0.99882	0.8375	0.703	0.84012	
0.75082	0.73701	0.62487	0.83545	
0.86365	0.73644	0.6342	0.79951	
1.30442	1.13448	0.75084	0.71161	
1.30158	1.1468	0.796	0.66402	
1.08211	0.89197	0.68824	0.87053	
0.82401	0.73243	0.60187	0.83799	
1.50694	1.2186	0.80381	0.67571	
0.94858	0.88804	0.62733	0.5092	
1.17741	0.97244	0.65969	0.78664	
0.85368	0.79475	0.6245	0.78425	
0.86067	0.76645	0.62854	0.78647	
0.78418	0.65481	0.57238	0.85887	
0.95012	0.79104	0.65287	0.80199	
0.87404	0.72782	0.61527	0.88062	
0.96163	0.7711	0.60867	0.80491	
1.02306	0.96218	0.72119	0.82813	
1.1696	0.89183	0.77904	1.00011	
1.14723	0.91512	0.69344	0.95593	
0.98353	0.79822	0.65461	0.85602	
1.25223	1.08832	0.66941	0.52591	
0.81333	0.70579	0.57679	0.85471	
0.8386	0.70068	0.58241	0.81987	
0.70103	0.77303	0.58665	0.71507	
0.8529	0.70615	0.59539	0.77412	
0.90552	0.75041	0.60442	0.80754	
0.94569	0.78774	0.6173	0.79547	
1.0805	1.06722	0.76943	0.68049	
0.7654	0.7966	0.53154	0.66212	
1.03932	0.84835	0.63423	0.84318	
0.89679	0.79546	0.60117	0.81234	
0.892	0.77147	0.58861	0.85079	
1.16766	0.99359	0.73329	0.76365	
0.84038	0.701	0.58163	0.79069	
0.82529	0.72187	0.58782	0.74782	
0.89312	0.72651	0.597	0.86124	
0.91377	0.78231	0.63348	0.74727	
0.9028	0.79145	0.63429	0.90957	
1.13184	0.94502	0.613	0.80175	
0.68873	0.92069	0.85219	0.85239	
0.77777	0.68363	0.60281	0.87925	
0.85409	0.72444	0.6193	0.88544	
0.93517	0.79804	0.6663	0.88307	
0.81573	0.66484	0.56734	0.83521	
0.80845	0.76514	0.63343	0.77271	
0.91423	0.77943	0.57848	0.8183	
0.8116	0.70427	0.59319	0.73372	
0.97569	0.8411	0.62728	0.70082	
1.12692	0.88902	0.7421	0.87631	
0.74641	0.79863	0.64785	0.81695	
0.86154	0.72739	0.5687	0.73675	
1.06064	0.81605	0.61595	0.9559	
0.88123	0.72519	0.59821	0.77445	
1.36136	1.03662	0.83144	0.9814	
0.90023	0.75407	0.60633	0.90535	
0.68103	0.72328	0.63442	0.81751	
0.81289	0.79343	0.64717	0.80537	
1.0308	0.8602	0.64572	0.78683	
1.02132	0.82898	0.64205	0.82639	
0.88993	0.80167	0.61849	0.83564	
0.98051	0.79256	0.62625	0.81969	
1.51793	1.19799	0.85615	1.05855	
0.94724	0.78856	0.60569	0.86737	
0.7989	0.68543	0.5872	0.80833	
1.1531	1.01085	0.73877	0.87285	
1.12831	0.90709	0.78189	1.03004	
0.83374	0.73527	0.56766	0.71459	
1.17646	0.95823	0.82478	0.98209	
0.52774	0.88474	0.77257	0.65867	
1.17375	0.95109	0.75433	0.99095	
0.95065	0.80705	0.59771	0.89075	
0.92537	0.73026	0.55699	0.80504	
0.72029	0.6697	0.56879	0.75855	
0.7052	0.70545	0.63254	0.78573	
1.11879	1.09954	0.87283	0.88324	
0.85094	0.71457	0.6175	0.82483	
0.99092	1.30112	1.06198	0.84939	
0.98572	0.79486	0.63334	0.98116	
0.9735	0.80188	0.62141	0.87316	
1.22681	1.13086	0.8068	1.02003	
0.51909	0.6592	0.5454	0.71543	
1.10225	1.02934	0.76757	0.73724	
0.99681	0.75219	0.58007	0.86419	
1.23987	0.97023	0.66595	0.86022	
0.79794	0.66448	0.57308	0.75912	
0.60322	0.71963	0.6815	0.80999	
0.93868	0.78772	0.62846	0.75871	
0.89303	0.76258	0.62403	0.78308	
0.95569	0.98144	0.65759	0.52517	
0.94746	0.81016	0.64972	0.84519	
0.73391	0.72431	0.62901	0.77622	
0.9447	0.7966	0.61838	0.83922	
1.21169	1.00707	0.66245	0.73604	
1.05446	0.83814	0.62939	0.8864	
0.92287	0.93164	0.65118	0.54808	
0.86694	0.78769	0.63241	0.83389	
0.95998	0.816	0.62727	0.8313	
0.94346	0.76915	0.58015	0.86785	
1.0074	0.84975	0.66465	0.9106	
0.81987	0.85967	0.64609	0.79506	
0.93842	0.80486	0.65696	0.88637	
1.113	0.88995	0.65102	0.82262	
0.87604	0.71999	0.56017	0.78982	
0.799	0.71514	0.57213	0.74172	
0.90436	0.71744	0.60158	0.80306	
1.0079	0.7809	0.62695	1.03621	
0.77345	0.84537	0.72947	0.8005	
0.96143	0.93316	0.61943	0.51363	
0.76952	0.76031	0.63589	0.71345	
0.82148	0.76926	0.59779	0.78352	
0.92354	0.73767	0.57159	0.77149	
1.35194	0.96939	0.82906	0.97049	
1.10607	0.90014	0.65306	0.87079	
1.48132	1.20552	0.89527	1.03081	
0.85139	0.72799	0.61184	0.7363	
0.8366	0.73598	0.58245	0.78468	
0.94441	0.90016	0.63449	0.5077	
1.02438	0.86537	0.67658	0.84782	
0.85689	0.80844	0.62235	0.77593	
1.66067	1.36885	0.82664	0.64808	
1.153	0.94425	0.6724	0.89884	
0.94409	0.76278	0.59598	0.83002	
0.85327	0.73717	0.61026	0.7958	
1.07287	1.04656	0.67845	0.73523	
0.81704	0.68102	0.59223	0.83649	
0.74908	0.90409	0.65527	0.87239	
1.0602	0.97353	0.69863	0.58172	
1.2385	1.01315	0.77225	0.92697	
0.84861	0.72076	0.59745	0.79034	
0.9057	0.74896	0.60687	0.82897	
0.94858	0.88804	0.62733	0.5092	
0.87907	0.70357	0.56756	0.78905	
0.99826	0.76866	0.61669	0.85734	
0.95619	0.77999	0.6173	0.89699	
0.85948	0.71126	0.59181	0.82273	
0.9772	0.81248	0.58154	0.74318	
0.95763	0.81778	0.66526	0.86656	
1.1158	0.95203	0.66501	0.70232	
1.39284	1.08525	0.9272	1.16596	
0.91216	0.78807	0.59877	0.7947	
0.88672	0.72614	0.65114	0.86166	
0.87726	0.72672	0.60389	0.78099	
0.70808	0.66219	0.57992	0.75442	
0.8418	0.70515	0.62707	0.76895	
0.84685	0.72169	0.59809	0.81063	
1.24784	1.08846	0.6631	0.52505	
0.99773	0.95538	0.68203	0.85923	
0.93694	0.80479	0.64019	0.83582	
0.84595	0.75975	0.61862	0.78853	
0.95334	0.77573	0.62929	0.80343	
1.22134	1.19825	0.85074	0.70705	
1.13797	0.93177	0.69042	0.91458	
0.79394	0.76111	0.65206	0.81321	
0.79563	0.72041	0.58186	0.79593	
1.15338	0.96247	0.64567	0.84618	
1.1197	1.30961	0.94159	0.80337	
0.92911	0.80679	0.62985	0.80321	
1.11309	1.09572	0.84593	0.98307	
0.87621	0.91249	0.72065	0.85193	
0.85792	0.68998	0.6018	0.71722	
1.12224	0.87054	0.6907	0.86234	
0.95232	0.90925	0.63991	0.51056	
0.87123	0.69559	0.5698	0.91575	
0.87546	0.75816	0.60091	0.75809	
1.09444	0.88451	0.73957	0.89035	
0.84052	0.74955	0.57603	0.68367	
0.99852	0.81829	0.644	0.76796	
1.09729	0.86428	0.61162	0.79096	
1.09944	0.98786	0.6939	0.8895	
0.79493	0.74888	0.60261	0.84096	
0.74141	0.68392	0.59694	0.7564	
0.95555	0.8112	0.57782	0.80732	
1.03403	0.86779	0.68701	0.90964	
0.86229	0.86005	0.67082	0.73639	
0.8521	0.74629	0.61744	0.79383	
0.97567	0.82543	0.64141	0.86165	
0.8017	0.6775	0.59527	0.7539	
0.79909	0.67435	0.58281	0.87588	
0.83025	0.69006	0.58366	0.89813	
0.88519	0.74152	0.62356	0.83015	
1.15632	1.19095	0.73216	0.5653	
0.93919	0.78591	0.61031	0.84695	
0.64086	0.70029	0.58885	0.80873	
0.8598	0.84325	0.68835	0.91037	
0.97996	0.85568	0.64796	0.83722	
0.88709	0.78463	0.59217	0.71411	
0.64843	0.74617	0.64366	0.7531	
0.87017	0.73842	0.60367	0.83559	
1.05919	0.86171	0.67008	0.82814	
0.80227	0.70579	0.59454	0.75444	
0.90969	0.74423	0.59195	0.77679	
0.87833	0.71799	0.60184	0.86568	
1.63039	1.32235	0.77037	0.59181	
0.95572	0.8695	0.64619	0.76224	
1.09119	0.82072	0.71002	0.96116	
0.76398	0.74914	0.63755	0.75568	
0.87546	0.78567	0.61853	0.82723	
1.90204	1.74484	1.17009	1.57138	
1.10522	1.09264	0.78626	0.80982	
0.95525	0.80083	0.64561	0.84721	
1.26423	1.03038	0.69246	0.91218	
0.88118	0.73219	0.61978	0.77546	
1.07126	0.90911	0.70546	0.88528	
1.11424	0.898	0.80152	0.98101	
0.81353	0.702	0.57894	0.80125	
0.90134	0.78591	0.60755	0.83174	
1.61568	1.17617	0.94071	1.22089	
0.91268	0.78435	0.61421	0.8205	
1.20568	0.95985	0.84833	1.04924	
0.54325	0.63279	0.54244	0.68455	
1.32415	1.032	0.78358	0.98239	
0.83312	0.82163	0.65594	0.80638	
1.43007	1.16079	0.86889	1.00264	
0.72746	0.79232	0.63762	0.82925	
0.79387	0.66543	0.57154	0.7486	
0.85382	0.74361	0.5913	0.82641	
0.98339	0.80825	0.6293	0.82294	
1.21322	1.30528	0.98819	0.96771	
1.40345	1.19153	0.70744	0.59209	
0.89362	0.71042	0.59234	0.80935	
0.85053	0.78909	0.63073	0.84123	
0.93971	0.87716	0.62339	0.50682	
1.07142	1.48139	1.02875	1.13579	
1.09204	0.90852	0.73814	0.87617	
1.19236	0.99652	0.65499	0.72455	
1.08566	0.86313	0.64939	0.91346	
1.17805	0.90981	0.67197	0.94595	
1.06301	1.22962	0.94156	0.87698	
0.87095	0.68777	0.58026	0.83013	
1.17656	1.0728	0.75205	0.90553	
0.96095	0.82849	0.59718	0.75622	
1.13792	1.09528	0.83526	0.94305	
0.82081	0.6828	0.57077	0.70082	
0.53464	0.624	0.527	0.64001	
1.0935	1.03054	0.78558	0.83428	
0.8961	0.79292	0.60969	0.79637	
0.82981	0.8143	0.63243	0.77444	
0.86378	0.71001	0.57611	0.8051	
1.01729	0.85017	0.71496	0.90822	
0.75026	0.65896	0.55636	0.6855	
0.77226	0.69302	0.57511	0.79299	
0.9229	0.90278	0.74235	0.86218	
0.87628	0.70903	0.59131	0.77731	
1.31812	1.09166	0.82657	0.85343	
1.00575	0.83204	0.65523	0.95493	
0.81889	0.76711	0.6234	0.80958	
0.8115	0.69895	0.57694	0.82154	
0.93967	0.77524	0.60428	0.80908	
0.95955	0.76217	0.61844	0.84458	
1.54994	1.26845	0.90552	1.31453	
0.83789	0.71766	0.59882	0.82216	
0.91269	0.75757	0.58819	0.75653	
0.8966	0.75185	0.61081	0.84938	
1.02969	0.85526	0.6732	0.89044	
0.99491	0.8131	0.6031	0.83287	
1.76874	1.43644	1.06188	1.03287	
1.05674	0.90393	0.67022	0.82068	
0.91109	0.75376	0.64466	0.82726	
1.05406	0.88809	0.68415	0.86328	
0.91546	0.76401	0.61996	0.80579	
1.04351	0.87374	0.63814	0.9087	
0.79281	0.79507	0.65368	0.81327	
0.91439	0.77309	0.61737	0.85756	
0.81848	0.78193	0.61444	0.80597	
0.63233	0.68583	0.59634	0.80395	
0.94616	0.83456	0.61072	0.71123	
0.84531	0.70169	0.57878	0.8407	
0.90741	0.74967	0.60133	0.87212	
1.13673	0.99273	0.73535	1.02472	
0.99964	0.89398	0.60805	0.77257	
0.83599	0.77833	0.65182	0.81277	
0.82242	0.74602	0.57334	0.72551	
0.95166	0.80699	0.65969	0.84434	
0.57612	0.98775	0.7257	0.56716	
1.1288	0.92613	0.70018	0.95408	
0.90581	0.75296	0.63319	0.78008	
0.75717	0.79302	0.58827	0.62926	
1.01702	0.84223	0.6381	0.86635	
1.35589	1.11704	0.89796	1.17121	
1.18763	1.06599	0.67989	0.7154	
0.83808	0.75509	0.62038	0.9232	
0.92196	0.81233	0.66659	0.84682	
0.88481	0.72325	0.58206	0.7736	
1.31523	1.13763	0.83761	0.83289	
0.93229	0.81736	0.67798	0.8401	
0.8737	0.73294	0.60193	0.82919	
0.71995	0.71624	0.57744	0.75402	
1.23317	1.03521	0.76124	0.93858	
1.36522	1.14599	0.68832	0.69223	
0.97966	0.81224	0.6311	0.76119	
0.81729	0.73383	0.59333	0.74782	
0.83896	0.7198	0.58733	0.77199	
1.12373	0.9089	0.674	0.92737	
1.11297	0.88943	0.76089	0.84061	
1.15022	0.87419	0.6885	0.89627	
0.91653	0.73126	0.61403	0.76084	
0.90279	0.77532	0.64359	0.85865	
0.99099	0.80384	0.62288	0.87208	
0.90165	0.72705	0.58994	0.73898	
1.22997	0.98689	0.79984	0.97668	
0.89291	0.84849	0.68822	0.86367	
0.90603	1.07467	0.71607	0.67929	
0.94008	0.74114	0.59699	0.82521	
0.80665	0.71172	0.59516	0.76614	
0.95263	0.79697	0.63112	0.8232	
0.83793	0.71892	0.62896	0.9256	
0.80434	0.73947	0.57381	0.75929	
0.80357	0.69118	0.58787	0.83522	
0.82587	0.72213	0.61143	0.8058	
1.01005	0.91634	0.67989	0.83596	
1.58727	1.20617	0.9333	1.28287	
1.00646	0.81661	0.63071	0.85519	
0.87527	0.85524	0.61882	0.73655	
1.54962	1.27667	0.77519	0.64566	
0.93666	0.87904	0.69161	0.90655	
0.82469	0.71523	0.59687	0.75849	
0.78392	0.754	0.61663	0.7599	
0.70279	0.87302	0.64346	0.74918	
0.86652	0.81763	0.60963	0.82506	
0.83321	0.7336	0.61477	0.84252	
0.86883	0.8167	0.59642	0.79412	
1.1263	0.81395	0.62271	0.80854	
1.31199	0.94303	0.83566	1.08821	
1.41862	1.12918	0.73596	0.82107	
0.75046	0.75622	0.60537	0.76376	
0.90234	0.82076	0.63185	0.80883	
1.07933	0.86142	0.65236	0.91636	
0.91915	0.75737	0.59691	0.76936	
1.25904	1.09995	0.68209	0.52809	
0.93005	0.77823	0.61954	0.77958	
0.9428	0.80149	0.61432	0.8143	
0.76739	0.74306	0.65897	0.78892	
0.92973	0.77247	0.63957	0.92714	
1.05565	0.84839	0.60592	0.86943	
0.89117	0.7215	0.59335	0.80712	
1.0711	0.9413	0.64464	0.81659	
0.83461	0.75192	0.56894	0.71922	
0.9007	0.79717	0.64466	0.8155	
1.02738	0.87898	0.62127	0.81598	
0.96619	0.97275	0.64112	0.51522	
1.04475	0.98905	0.71864	0.83094	
1.04491	0.8821	0.60395	0.84785	
1.00533	0.84477	0.61083	0.78472	
0.78155	0.67197	0.56381	0.69926	
1.21256	0.97045	0.7199	0.93553	
0.78651	0.7165	0.60912	0.87119	
1.06683	0.94268	0.70569	0.8428	
0.97703	0.80905	0.63408	0.9536	
0.86599	0.89544	0.65582	0.85423	
0.77996	0.73813	0.57684	0.77021	
0.76748	0.86588	0.6133	0.67209	
0.81807	0.70661	0.60704	0.76783	
1.63916	1.38443	0.96436	1.39475	
0.77207	0.75276	0.61474	0.80284	
1.72621	1.59588	1.07888	0.98269	
1.00387	0.8316	0.61849	0.87253	
1.02517	0.85795	0.65556	0.84837	
1.16552	1.05692	0.67255	0.54942	
1.66107	1.32269	0.93857	1.28285	
1.07268	0.88732	0.63343	0.81082	
0.96809	0.80801	0.64468	0.85921	
0.79764	0.79095	0.57006	0.69784	
0.90849	0.79611	0.68113	0.83392	
0.88413	0.79692	0.66582	0.80784	
0.81105	0.69852	0.59042	0.83926	
0.82102	0.71231	0.59824	0.76751	
0.88071	0.74593	0.5752	0.76585	
0.92145	0.84145	0.62696	0.78413	
1.83094	1.69204	1.10986	1.46589	
0.98417	0.8812	0.66045	0.85682	
0.97195	0.79744	0.6051	0.82409	
0.7941	0.74109	0.63587	0.76868	
0.75816	0.67271	0.57278	0.77866	
0.85541	0.81719	0.67618	0.84986	
1.12193	0.87883	0.63256	0.85254	
0.85174	0.74447	0.62836	0.92577	
0.78567	0.77967	0.6285	0.84415	
1.61497	1.35066	0.94924	1.38813	
0.91996	0.94313	0.6499	0.91197	
1.21267	0.93968	0.77746	0.97987	
1.18711	0.94397	0.67928	0.96462	
1.12789	1.02576	0.64958	0.51913	
0.88626	0.84463	0.69168	0.88195	
0.87403	0.81578	0.62791	0.84032	
0.94368	0.76894	0.63859	0.8385	
1.31465	1.10226	0.86081	0.95446	
1.03309	0.88756	0.66135	0.86195	
1.15104	0.91982	0.68168	0.84368	
1.0151	0.86559	0.65033	0.88794	
0.59124	0.81166	0.63651	0.86315	
0.91041	0.73409	0.59497	0.809	
1.10508	0.8922	0.63127	0.89176	
0.81852	0.68463	0.57704	0.71502	
1.23861	1.00074	0.7555	0.99331	
0.9975	0.80243	0.60069	0.75548	
0.92042	0.94566	0.65668	0.52147	
1.09702	0.90302	0.70733	0.86304	
1.01833	0.95035	0.82252	0.81834	
1.27619	1.0216	0.75326	1.016	
0.85279	0.74039	0.6019	0.78644	
1.13431	0.89924	0.74408	0.89301	
1.05861	0.86921	0.66074	0.81524	
0.93484	0.80266	0.62361	0.91042	
1.34375	1.13339	0.79723	0.90456	
1.07711	0.86799	0.75121	0.91866	
0.96297	0.77592	0.57955	0.79118	
1.1548	0.88448	0.70767	0.86469	
1.12356	0.86733	0.64876	0.858	
0.94858	0.88804	0.62733	0.5092	
1.05104	0.8319	0.74032	0.92107	
0.82763	0.73445	0.61042	0.79611	
1.11583	0.87835	0.68893	0.8685	
1.70602	1.29757	0.90526	1.27546	
1.16078	0.92493	0.76521	0.93155	
0.8563	0.7802	0.62226	0.80976	
0.87162	0.68298	0.57604	0.84805	
1.36951	1.01379	0.70501	0.89937	
0.94702	0.77627	0.59783	0.77815	
1.41241	1.05815	0.80394	0.98487	
0.95879	0.76667	0.58273	0.8683	
0.87244	0.73877	0.62024	0.82309	
0.94858	0.88804	0.62733	0.5092	
1.11888	0.9369	0.69953	0.85982	
0.85869	0.7365	0.59131	0.76777	
