0.79723	0.71409	0.63478	0.76899	
0.83671	0.72747	0.59582	0.77691	
0.97781	0.78311	0.61771	0.82202	
1.19307	1.18288	0.89668	0.94475	
0.81242	0.73119	0.61829	0.81837	
1.02371	0.82046	0.68528	0.87892	
0.87471	0.73759	0.5917	0.77262	
1.1314	0.86172	0.7839	0.92075	
1.13331	0.86745	0.71955	0.95847	
0.94037	0.82409	0.66732	0.90934	
0.89397	0.7427	0.60519	0.77863	
1.04487	0.88358	0.68403	0.85288	
0.91664	0.79317	0.62307	0.80844	
1.00579	0.84246	0.66812	0.8412	
1.5817	1.24803	0.98522	1.09303	
0.83898	0.73272	0.60771	0.74737	
1.14767	0.99279	0.72398	0.71813	
1.10685	0.87506	0.69574	0.86429	
1.33877	1.19454	0.86728	1.26857	
1.3007	1.05738	0.89882	1.02916	
1.03091	0.81222	0.64219	0.82938	
0.67519	0.73143	0.60116	0.86385	
1.08637	0.93244	0.69057	0.87584	
0.89113	0.76016	0.6374	0.84956	
0.94636	0.7575	0.63181	0.837	
0.8437	0.66784	0.55372	0.81253	
1.29315	1.02075	0.80316	0.98485	
1.09292	0.85396	0.689	0.91556	
0.81932	0.73975	0.59524	0.8059	
1.55813	1.45627	1.02748	1.05932	
1.22985	0.98335	0.69985	0.83627	
0.86932	0.75424	0.62953	0.83987	
0.82545	0.69312	0.57284	0.73187	
0.97202	0.84697	0.7361	0.87511	
0.99424	0.79956	0.65595	0.83594	
1.13468	0.88158	0.69794	0.90247	
0.74874	0.72548	0.58985	0.74287	
0.77973	0.66814	0.57904	0.7165	
1.24986	1.00514	0.6854	0.93662	
1.03926	0.82028	0.65526	0.88949	
0.838	0.69667	0.59746	0.84679	
0.92766	0.76301	0.63072	0.84506	
0.91081	0.86056	0.72539	0.90245	
1.07987	0.88019	0.7556	0.92384	
0.95181	0.78617	0.62574	0.81816	
0.88064	0.73804	0.62776	0.85288	
1.11256	0.91927	0.73179	0.94023	
0.98171	0.83895	0.7172	0.90258	
0.88256	0.77189	0.5918	0.80363	
0.97831	0.82507	0.64802	0.81385	
0.59929	0.59387	0.61284	0.75223	
0.8633	0.66597	0.58561	0.90289	
1.1911	0.94313	0.71756	0.85712	
0.98638	0.79022	0.64015	0.798	
1.51589	1.13679	0.91069	1.21513	
1.02389	0.78023	0.64235	0.74142	
1.04659	0.89738	0.73104	0.97287	
0.87295	0.77177	0.61254	0.82906	
1.22908	0.99762	0.83904	1.03368	
1.0623	0.94415	0.64354	0.92707	
0.92142	0.77886	0.61757	0.83483	
1.24736	0.97617	0.71338	0.87116	
1.23651	1.06251	0.84775	1.01412	
0.84748	0.76524	0.65603	0.98178	
1.49141	1.10516	0.91928	1.06375	
0.89705	0.76589	0.63498	0.88788	
0.85068	0.71002	0.63184	0.75255	
1.11377	0.9311	0.6847	0.86408	
0.77612	0.69674	0.59101	0.80263	
0.88682	0.75136	0.61068	0.90104	
1.18143	0.96694	0.76876	0.97316	
0.93813	0.77378	0.63944	0.8629	
0.88348	0.7733	0.58501	0.72968	
0.80314	0.67903	0.58509	0.86486	
0.79223	0.69051	0.63397	0.81388	
0.79811	0.81319	0.63139	0.74446	
0.85922	0.70874	0.59441	0.83141	
0.75841	0.66181	0.5697	0.83739	
1.4799	1.19011	0.86604	1.22185	
1.19293	1.00654	0.74928	0.96467	
1.15261	0.88672	0.73084	0.93203	
0.90724	0.84003	0.71067	0.91339	
0.95959	0.81409	0.63773	0.88131	
1.14502	0.9593	0.78271	0.97359	
0.86658	0.77479	0.60299	0.79077	
0.86814	0.77392	0.62498	0.84077	
1.09962	0.91677	0.75715	0.89987	
0.82304	0.69987	0.58898	0.81518	
0.87942	0.77948	0.65944	0.79033	
1.54252	1.23602	0.91937	0.94861	
1.25068	1.03171	0.77264	0.91906	
1.04459	0.84898	0.62648	0.84652	
1.15841	1.20635	0.90704	1.18622	
0.8685	0.80252	0.55938	0.64206	
0.99236	0.82744	0.65352	0.87382	
0.83144	0.89763	0.67318	0.92715	
1.06037	0.82214	0.71871	0.84081	
0.93085	0.75846	0.6391	0.78943	
0.81784	0.78016	0.64499	0.86265	
1.60229	1.40656	1.02449	0.90771	
1.09829	0.8915	0.66764	0.79203	
0.84425	0.7194	0.65168	0.84486	
1.3184	1.04919	0.74158	0.94115	
0.90591	0.7733	0.63566	0.73293	
1.05683	0.83607	0.65223	0.89271	
0.89913	0.81684	0.64632	0.81914	
1.09472	0.92098	0.69081	0.80567	
1.11609	0.86413	0.69262	0.95168	
1.13374	0.92914	0.79216	1.01372	
1.43926	1.2101	0.98059	0.94367	
1.05926	0.84598	0.66802	0.86182	
0.84637	0.73188	0.59761	0.78496	
0.85854	0.70928	0.60828	0.74141	
0.90664	0.8094	0.65021	0.78801	
0.85436	0.75157	0.63029	0.82557	
1.16242	0.84352	0.76473	0.93395	
1.22614	0.90056	0.78329	0.95467	
1.20007	1.1283	0.74135	0.675	
0.86613	0.71029	0.61103	0.852	
1.11288	0.94189	0.8342	1.04218	
1.2332	0.97286	0.8413	1.07126	
1.14263	0.90827	0.69976	0.84417	
0.99278	0.80192	0.70641	0.9323	
1.03382	0.83435	0.67827	0.99638	
0.86498	0.76851	0.61719	0.76657	
1.23258	1.16395	0.87273	1.02256	
1.0252	0.80932	0.61831	0.83158	
1.27247	1.25264	0.91806	0.80681	
1.13764	1.07719	0.76	0.9546	
0.81285	0.75058	0.60658	0.92933	
0.89212	0.76326	0.60492	0.81497	
1.00326	0.85739	0.64284	0.78728	
1.40636	1.25058	0.9133	0.92451	
0.91262	0.92607	0.72277	0.91005	
0.90628	0.74024	0.6034	0.76869	
0.82488	0.75115	0.62912	0.87999	
0.75082	0.83429	0.64034	0.7597	
1.6622	1.31655	0.91924	1.26142	
0.8836	0.72973	0.6092	0.79888	
1.08516	0.9052	0.78453	1.00245	
1.32529	1.10436	0.8087	1.04161	
0.93564	0.76956	0.64235	0.92632	
0.85191	0.68947	0.60847	0.85955	
0.93878	0.76559	0.62758	0.81724	
0.94338	0.85513	0.66671	0.82218	
1.356	0.99413	0.67891	0.8402	
0.86223	0.74199	0.61356	0.86153	
1.54691	1.204	0.85555	1.31047	
0.80491	0.73245	0.60948	0.71947	
1.28479	0.98187	0.78616	0.99643	
0.98915	0.77853	0.62929	0.91769	
1.02947	0.8892	0.74852	0.91012	
1.02743	0.86717	0.7491	0.91794	
0.93912	0.75255	0.61587	0.88933	
0.96325	0.81397	0.64314	0.81435	
0.92922	0.79849	0.64366	0.84098	
0.94891	0.78868	0.69227	0.82851	
0.87436	0.78644	0.64237	0.803	
0.96101	0.78482	0.63397	0.83942	
0.84335	0.70132	0.59873	0.80303	
0.87131	0.7458	0.63165	0.78763	
0.86228	0.72557	0.59885	0.71523	
0.81618	0.78364	0.63235	0.81106	
1.32001	1.06211	0.73819	0.76016	
1.01537	0.95214	0.71918	0.90734	
0.80652	0.71667	0.58017	0.76111	
0.84535	0.73834	0.59832	0.7646	
1.26773	1.14837	0.84479	1.21588	
0.94609	0.82927	0.62711	0.8556	
1.32899	0.98575	0.83858	1.03134	
1.42252	1.3023	0.92983	0.91864	
1.23234	0.9061	0.76604	1.03624	
1.3103	1.13412	0.92565	0.93148	
0.84099	0.70681	0.60212	0.77347	
1.16329	0.84903	0.59371	0.91569	
0.97607	0.76359	0.63715	0.85803	
0.82878	0.69278	0.59641	0.7343	
1.30698	1.00305	0.81837	0.90874	
0.90758	0.76502	0.58717	0.78855	
0.88111	0.72221	0.58143	0.81017	
0.87418	0.7454	0.61169	0.82076	
1.1456	0.89826	0.67942	1.01494	
1.39083	1.18215	0.84362	1.17092	
0.91166	0.75336	0.64141	0.8255	
0.76364	0.67553	0.58501	0.7739	
1.09332	0.85649	0.77447	0.8962	
1.68558	1.66017	1.1246	1.15707	
0.97351	0.79885	0.6219	0.81487	
0.96271	0.8538	0.69845	0.84929	
1.00237	0.81979	0.62011	0.7772	
1.04473	0.83588	0.69585	0.89538	
1.20209	1.01624	0.68722	0.84754	
1.15354	0.93781	0.74278	0.89608	
0.59245	0.65265	0.53422	0.70138	
0.89324	0.75475	0.61687	0.79312	
0.94826	0.76606	0.59646	0.84386	
1.02709	0.85716	0.66645	0.93035	
1.39369	1.11599	0.8546	0.99433	
1.60885	1.17515	0.96875	1.12746	
0.94498	0.76436	0.5875	0.8156	
0.87578	0.82775	0.64207	0.83344	
1.06622	0.8638	0.64359	0.90074	
1.38102	1.2736	0.93824	1.22029	
1.00228	0.82611	0.68641	0.88579	
1.43626	1.21618	0.90535	0.84369	
0.85479	0.70823	0.60531	0.8356	
1.51841	1.61836	1.14815	1.02796	
0.83927	0.70374	0.59678	0.81258	
0.83475	0.74373	0.62042	0.77326	
0.76423	0.67336	0.56037	0.8021	
1.53639	1.23619	0.85762	1.09169	
1.27107	0.95408	0.82391	1.02291	
0.86083	0.73734	0.60549	0.88754	
0.90375	0.77037	0.6474	0.78156	
1.13462	1.00226	0.85086	0.98663	
0.92581	0.70993	0.59061	0.86034	
0.79792	0.68877	0.59907	0.80124	
0.76226	0.67637	0.57077	0.73736	
1.22562	0.95435	0.77394	1.02941	
1.23064	0.9394	0.77567	0.93619	
0.97982	0.78126	0.6179	0.9777	
1.12279	0.94589	0.74718	0.99283	
0.86071	0.76643	0.65131	0.77185	
0.87616	0.73172	0.60138	0.82703	
0.98671	0.82846	0.65993	0.78667	
1.39366	1.05259	0.90254	1.10197	
0.84494	0.70656	0.59911	0.83402	
1.00842	0.88321	0.6667	0.77713	
1.1822	0.87846	0.65361	0.88145	
0.98238	0.80801	0.65147	0.87847	
0.90574	0.79112	0.61307	0.84432	
1.64643	1.34587	0.95452	1.3555	
0.951	0.81584	0.66475	0.87449	
1.51344	1.34649	0.94424	1.27075	
1.70031	1.53095	1.03155	1.036	
0.89648	0.70213	0.61589	0.81422	
1.19784	0.86482	0.7782	0.89483	
0.96473	0.80084	0.63327	0.86893	
0.99394	0.83336	0.75488	0.86067	
0.90295	0.77186	0.62322	0.87347	
0.97108	0.77602	0.61401	0.84895	
1.00627	0.81941	0.65226	0.72586	
1.01396	0.85268	0.77142	0.92521	
0.82957	0.68398	0.58432	0.79403	
0.92658	0.82169	0.61319	0.76168	
1.49823	1.05842	0.86343	1.07931	
0.92895	0.83606	0.6074	0.90547	
0.77592	0.66942	0.57528	0.72822	
0.82105	0.68778	0.60902	0.76073	
0.87282	0.71816	0.54329	0.76177	
1.47323	1.06526	0.80037	1.04289	
0.96808	0.8253	0.67897	0.93695	
1.65104	1.48121	1.01536	1.25914	
1.13372	0.88405	0.74213	0.88821	
1.36137	1.05633	0.8259	1.06485	
0.89554	0.7609	0.61365	0.85491	
0.89501	0.74135	0.58158	0.93688	
0.97836	0.85829	0.69019	0.95227	
1.0275	0.86885	0.62603	0.85102	
1.55925	1.24279	0.95241	1.20644	
1.55453	1.1668	0.81045	1.04683	
0.91552	0.83441	0.5945	0.8	
0.75824	0.72479	0.59678	0.77983	
1.67615	1.61577	1.08927	0.99297	
1.2991	1.0166	0.83204	1.07896	
0.88955	0.87711	0.7519	0.94037	
1.30783	1.01488	0.77661	0.98543	
1.01226	0.81569	0.5985	0.9113	
0.85162	0.71326	0.61194	0.81349	
1.18892	1.14068	0.70951	0.66748	
1.17258	0.89606	0.69605	0.92899	
1.34715	1.33197	0.9352	1.0522	
0.78759	0.7418	0.64289	0.8237	
0.90671	0.75629	0.57637	0.68238	
1.04008	0.83331	0.68582	0.86913	
1.13369	1.30805	0.94606	1.12825	
1.27928	0.95826	0.86245	1.08711	
1.26342	0.92356	0.69967	0.88334	
1.52018	1.42003	0.99115	0.8784	
0.82687	0.71537	0.60276	0.80805	
1.15345	0.91796	0.77544	1.0019	
1.49129	1.17137	0.89845	1.07727	
1.61275	1.57007	1.12119	1.08398	
0.97728	0.82761	0.67428	0.90643	
1.43377	1.13795	0.86626	1.12043	
1.35675	1.03631	0.88371	1.20027	
1.2674	1.02012	0.73149	0.96859	
1.09052	0.87215	0.70596	0.98764	
0.87232	0.73977	0.63556	0.82063	
1.23219	0.95044	0.82905	1.04004	
0.84028	0.77275	0.62895	0.8037	
1.28669	0.95557	0.86236	1.02468	
0.83455	0.74193	0.63675	0.76668	
1.71992	1.34597	0.94732	1.27847	
1.59532	1.38015	1.02654	0.82703	
0.88073	0.75082	0.62744	0.77306	
0.95258	0.76014	0.61905	0.80191	
0.86421	0.77995	0.64978	0.83097	
0.95792	0.7997	0.67859	0.82741	
0.99752	0.828	0.62686	0.81247	
1.03798	0.90691	0.70605	0.84612	
0.87201	0.73825	0.61393	0.82234	
0.94182	0.76979	0.65002	0.90901	
0.82279	0.86559	0.68127	0.88448	
0.85314	0.70356	0.59172	0.90372	
1.25174	1.00775	0.73325	0.99293	
0.82779	0.6705	0.59157	0.82006	
0.99102	0.90353	0.66713	0.78061	
0.97337	0.83086	0.62996	0.7874	
1.37522	1.21258	0.90471	0.96035	
1.11723	0.88767	0.70629	0.9198	
1.07259	0.84931	0.69933	0.86614	
1.23327	0.96733	0.73638	0.95988	
0.88585	0.78385	0.65882	0.81999	
0.94705	0.81154	0.65024	0.79186	
0.81146	0.68421	0.56784	0.73207	
0.93468	0.74525	0.64026	0.85148	
0.93334	0.75257	0.62907	0.81642	
1.3544	0.97824	0.75268	0.97405	
1.19521	1.07982	0.69803	0.68239	
0.82616	0.66946	0.56805	0.81572	
1.02059	0.79647	0.63797	0.8637	
0.83415	0.69738	0.59791	0.82139	
1.12316	0.9104	0.67723	0.9235	
0.90838	0.77285	0.62444	0.86903	
1.03492	0.84053	0.71	0.8215	
0.88948	0.72257	0.56188	0.86743	
0.9016	0.80133	0.62755	0.74477	
0.77452	0.73205	0.64554	0.84654	
0.77273	0.75968	0.6316	0.76716	
0.84839	0.71632	0.62243	0.8088	
0.97352	0.83673	0.68019	0.84833	
1.00267	0.85318	0.62518	0.76793	
0.97546	0.80557	0.6657	0.77935	
1.25429	1.17782	0.86924	1.00943	
0.82413	0.71616	0.60013	0.79649	
0.83207	0.71606	0.61044	0.77515	
0.90852	0.74776	0.65456	0.71146	
1.06731	0.81767	0.67905	0.85679	
0.84056	0.72861	0.59985	0.7662	
0.96507	0.79397	0.63981	0.90374	
0.8049	0.67969	0.57228	0.74976	
1.29919	1.15226	0.87724	0.86925	
0.96487	0.81272	0.6438	0.89378	
1.00919	0.85035	0.71602	0.89293	
1.09113	0.8741	0.70165	0.95031	
1.47447	1.07177	0.72673	0.84897	
0.92927	0.81767	0.67969	0.82996	
1.01754	0.81913	0.67976	0.82645	
1.15877	0.96875	0.75869	1.03984	
0.9227	0.72987	0.61172	0.82858	
1.2624	1.10318	0.82577	0.99517	
1.4998	1.37594	1.04446	0.93483	
0.83333	0.66255	0.59149	0.78152	
1.23028	0.96624	0.71341	0.87387	
1.0078	0.88428	0.78871	0.9272	
0.94863	0.79125	0.64074	0.89512	
0.97694	0.78362	0.6211	0.86173	
1.04507	0.81099	0.69465	0.85489	
0.9481	0.79553	0.62966	0.84077	
1.28793	1.12285	0.82927	0.88012	
0.92864	0.73684	0.58553	0.78445	
1.3832	1.12789	0.77433	0.91843	
0.99831	0.84231	0.66705	0.85335	
0.95375	0.82537	0.70586	0.89786	
1.71791	1.67524	1.12937	1.22283	
1.08582	0.85474	0.7048	0.88709	
0.97137	0.7705	0.60038	0.8488	
1.02388	0.82299	0.65572	0.92337	
1.19184	0.91344	0.7799	0.91565	
0.87799	0.76455	0.68265	0.85392	
1.27544	0.98512	0.78884	0.92665	
1.17699	1.10602	0.85083	0.87097	
1.00352	0.84175	0.66362	0.87674	
1.01875	0.88348	0.74701	0.87541	
0.7368	0.71916	0.61356	0.81436	
0.84661	0.73278	0.61745	0.82212	
1.12891	0.90693	0.8046	0.94153	
1.86778	1.56058	1.06323	1.2364	
1.26658	1.09066	0.7929	0.9641	
1.18425	0.91983	0.7703	0.96268	
1.22261	1.0933	0.76248	0.74574	
1.18558	0.95873	0.80219	0.97263	
1.52386	1.44451	1.05617	0.87988	
0.99951	0.79915	0.65544	0.94606	
1.17933	1.02678	0.74961	0.91979	
1.16672	0.93881	0.70742	0.90035	
1.27439	1.31543	0.9363	0.77516	
1.0981	0.95947	0.80628	0.92221	
0.80936	0.71703	0.5851	0.84485	
0.80159	0.67738	0.59434	0.82652	
0.88105	0.79089	0.61195	0.72329	
1.06389	0.8417	0.61023	0.80957	
1.053	0.90121	0.79471	0.93154	
1.14915	1.04723	0.74214	0.92813	
1.49346	1.18232	0.90888	1.01348	
1.18208	1.04334	0.78971	1.03483	
0.98526	0.75667	0.57071	0.88975	
0.82045	0.85536	0.64756	0.78219	
0.86026	0.73305	0.59145	0.74641	
0.82571	0.70453	0.60668	0.84961	
1.49485	1.1769	0.88706	0.99456	
1.06011	0.91899	0.67925	0.91523	
1.43769	1.11817	0.87791	1.06482	
0.8145	0.67198	0.56733	0.73321	
1.01459	0.84518	0.67655	0.9543	
1.14399	1.0128	0.78753	0.9103	
1.3871	1.2046	0.96544	0.88338	
0.74674	0.81289	0.6602	0.83827	
0.91147	0.78883	0.69084	0.86874	
0.99849	0.85578	0.66924	0.81065	
0.84369	0.76406	0.6261	0.80198	
1.33006	1.00164	0.81548	0.96647	
0.80973	0.69439	0.5859	0.78668	
0.92845	0.80354	0.61965	0.79267	
0.74495	0.67375	0.57072	0.75225	
0.88155	0.73903	0.59594	0.79678	
0.88328	0.75575	0.61378	0.87826	
1.07737	1.0588	0.83429	0.83318	
1.04677	0.97335	0.62582	0.64724	
1.02051	0.82572	0.68116	0.94855	
1.37064	1.44262	1.05496	0.94509	
0.73303	0.68476	0.55539	0.76109	
1.36373	1.19243	0.86544	0.79715	
0.90244	0.74767	0.64229	0.79088	
1.10316	0.85862	0.72814	0.90141	
1.09552	0.84186	0.76364	0.90378	
0.89372	0.88359	0.69105	0.89537	
1.31122	1.08881	0.91051	0.91567	
0.95006	0.78977	0.59283	0.82711	
1.08584	0.88793	0.6751	0.95052	
1.01158	0.79742	0.68363	0.8335	
1.23263	1.0632	0.76541	0.92564	
1.0919	0.9083	0.71051	0.92857	
1.23233	1.37141	1.00581	1.08003	
1.3601	1.12076	0.85449	1.05784	
1.27602	1.0175	0.8079	0.84581	
1.03901	1.02107	0.79661	0.91747	
1.20599	1.01924	0.77714	0.82298	
1.20381	0.98932	0.70586	0.93934	
1.07974	0.86341	0.73858	0.90526	
1.07237	0.94062	0.76893	0.93111	
0.86456	0.69195	0.60291	0.74477	
1.03054	0.90026	0.67877	0.90796	
1.12029	0.86616	0.66335	0.86404	
1.0284	0.85262	0.67754	0.82506	
0.88031	0.73525	0.61428	0.81859	
1.20432	0.91595	0.74267	1.01592	
1.21313	0.93555	0.71191	0.9954	
1.23355	0.97872	0.75776	0.8768	
0.99742	0.79105	0.59837	0.88828	
1.1009	0.86018	0.70047	0.90427	
1.11548	0.91239	0.61457	0.81709	
0.97462	0.93275	0.76543	1.01221	
1.75782	1.56557	1.06314	1.022	
0.83153	0.68166	0.5908	0.8271	
0.81413	0.7313	0.61367	0.81572	
0.99718	0.99978	0.81442	0.87599	
0.99728	0.7994	0.69936	0.92918	
1.01032	0.81038	0.73658	0.83406	
0.89807	0.77474	0.61023	0.84392	
1.66866	1.28545	0.98817	1.13419	
0.90394	0.78675	0.71751	0.84833	
0.90116	0.7594	0.64894	0.87265	
0.81267	0.70926	0.59165	0.80153	
0.81337	0.73195	0.69735	0.8511	
0.88208	0.72782	0.61289	0.75094	
1.07983	0.90549	0.65604	0.85099	
0.7319	0.69974	0.58569	0.78782	
0.92516	0.81043	0.64646	0.84653	
1.04584	0.87498	0.66565	0.86694	
0.82236	0.70507	0.59288	0.78448	
0.8585	0.74551	0.60072	0.81905	
1.05281	0.8377	0.60664	0.83906	
1.15573	0.9273	0.75739	0.89766	
1.45284	1.40664	0.97293	1.01227	
0.78109	0.6761	0.55248	0.79125	
0.84647	0.71907	0.60585	0.80018	
0.81872	0.71266	0.5987	0.81283	
0.85248	0.77369	0.67813	0.85099	
1.13315	0.87366	0.66903	0.94992	
0.77691	0.6898	0.58478	0.80338	
0.88976	0.70688	0.61088	0.78548	
1.58071	1.26618	0.90783	0.82545	
0.80293	0.75543	0.63707	0.88273	
1.06387	0.84744	0.68424	0.90589	
0.76647	0.74553	0.64518	0.80544	
1.6827	1.63366	1.11697	1.22032	
1.105	1.03397	0.76298	0.91894	
1.06887	0.80751	0.63073	0.80748	
0.91551	0.75075	0.62484	0.83701	
0.97402	0.77662	0.63917	0.92677	
0.84917	0.7191	0.57633	0.70678	
0.80408	0.68047	0.59565	0.77107	
0.867	0.75345	0.61838	0.72367	
0.92026	0.90735	0.71318	0.84114	
1.2491	0.96685	0.79512	0.96596	
0.88121	0.76307	0.6508	0.89561	
0.94939	0.79398	0.6309	0.78908	
1.16375	0.90646	0.76777	0.97917	
1.30719	1.03458	0.82485	1.00469	
1.11414	0.90293	0.71622	0.93514	
0.98549	0.79904	0.63845	0.83153	
0.90274	0.78746	0.6126	0.81633	
1.68542	1.51835	1.03374	1.11645	
1.13747	0.89655	0.72492	0.87998	
0.8936	0.74423	0.60695	0.76503	
1.01529	0.83631	0.69085	0.90056	
1.11092	0.88138	0.70131	0.93084	
0.85579	0.76783	0.61054	0.78401	
0.96575	0.9235	0.74273	0.93286	
1.60817	1.24165	0.9906	1.19594	
1.07801	0.85212	0.71892	0.86928	
0.8751	0.75299	0.60907	0.86168	
1.1937	1.19269	0.90991	1.1517	
0.93973	0.7807	0.64035	0.83066	
0.98308	0.85625	0.66347	0.80832	
1.05759	0.87745	0.7278	0.98622	
1.06004	0.8669	0.61636	0.80226	
0.90055	0.81167	0.64341	0.77834	
1.47015	1.39843	0.96987	0.9049	
1.20117	0.97149	0.82773	0.88515	
0.92411	0.80028	0.63961	0.82297	
1.10746	0.96018	0.76119	0.82889	
1.23305	0.92755	0.81061	0.89855	
0.95508	0.76291	0.62709	0.91305	
1.54021	1.1528	0.82483	1.04784	
1.28277	1.17823	0.74669	0.63255	
1.23483	1.05388	0.81306	1.05294	
0.88464	0.8143	0.67563	0.82308	
1.29366	1.03186	0.8144	0.94898	
1.07832	0.89565	0.77429	0.92999	
1.58598	1.28625	0.90449	1.39913	
1.47051	1.35945	1.00973	1.05046	
1.31043	1.00015	0.74874	0.91694	
0.67811	0.83023	0.61463	0.67201	
1.01585	0.80575	0.70427	0.84839	
1.83459	1.63067	1.08351	1.24684	
1.33362	1.16874	0.8916	1.05849	
1.52648	1.15129	0.92696	1.14619	
0.8443	0.74968	0.60778	0.81147	
0.77077	0.64717	0.57173	0.80528	
0.94349	0.77252	0.64404	0.84274	
0.85676	0.70913	0.58228	0.81846	
0.96653	0.78946	0.65593	0.85103	
0.8882	0.81551	0.69219	0.93529	
1.22205	1.2683	0.83385	0.7579	
1.04834	0.83103	0.67197	0.85716	
0.7418	0.74211	0.5872	0.7401	
1.03532	0.83778	0.69117	0.89105	
1.11226	0.88406	0.71688	0.89309	
0.87713	0.76202	0.64098	0.86527	
1.14865	1.05308	0.84667	1.0516	
1.19471	1.02613	0.65157	0.80072	
1.01396	0.79092	0.56406	0.75976	
1.12015	0.90889	0.65768	0.87642	
0.92419	0.79896	0.60442	0.80812	
1.33538	1.09637	0.86621	1.12888	
0.78976	0.72507	0.59619	0.83397	
1.26636	0.98604	0.73292	0.91124	
1.0707	0.85482	0.61835	0.93331	
0.82681	0.73985	0.57647	0.82502	
0.93186	0.7844	0.61633	0.8058	
1.37892	1.1216	0.85428	1.18139	
1.06699	0.83269	0.67087	1.10696	
1.39392	1.37616	0.96793	1.09721	
1.49782	1.07049	0.88456	1.23512	
1.37981	1.02096	0.74382	1.01935	
0.78885	0.78271	0.62858	0.89126	
1.48824	1.18405	0.79875	0.92297	
1.2487	0.9694	0.72846	0.93791	
1.03822	0.85197	0.68169	0.84082	
1.12633	1.00208	0.67315	0.76712	
0.28009	0.55843	0.51755	0.76896	
0.80827	0.78838	0.6654	0.87884	
0.8572	0.86245	0.77778	0.9366	
1.21345	0.92289	0.79737	0.9991	
0.8136	0.72176	0.58751	0.80616	
1.22949	1.03091	0.84548	1.11099	
0.84381	0.69421	0.59288	0.81805	
1.83795	1.73988	1.15583	1.21067	
0.86663	0.72429	0.60809	0.86954	
1.10549	0.88628	0.69726	0.92086	
0.98692	0.8172	0.68469	0.94932	
1.25407	1.03459	0.74518	0.95027	
1.24335	1.07671	0.70774	0.88429	
0.96818	0.78628	0.63417	0.85078	
0.83934	0.69114	0.57252	0.89964	
1.16643	0.97932	0.73201	0.87742	
1.03315	0.90928	0.76252	1.03162	
1.02185	0.82338	0.66078	0.88152	
1.27061	1.19634	0.93004	0.71599	
1.0073	0.83608	0.67593	0.87522	
1.0115	0.81197	0.62931	0.87387	
1.67392	1.66507	1.1043	1.04483	
1.079	0.97944	0.66294	0.86179	
1.47554	1.27346	0.92801	1.19928	
1.06951	0.85101	0.66828	0.83775	
0.89122	0.72214	0.60754	0.8231	
1.16226	0.86939	0.81171	1.07524	
0.86493	0.71666	0.58956	0.86299	
0.95986	0.78319	0.64247	0.83042	
0.81907	0.72481	0.61756	0.81266	
0.865	0.70674	0.60186	0.81101	
0.87387	0.72002	0.6063	0.81157	
0.92489	0.78864	0.69055	0.84409	
1.54467	1.2971	0.92018	0.87384	
0.64968	0.69328	0.59847	0.67868	
0.93335	0.78919	0.66042	0.85891	
1.28951	1.07494	0.80128	0.87377	
1.8059	1.49029	1.01717	1.544	
0.9618	0.83493	0.71356	0.85945	
1.03565	0.78133	0.67048	0.88154	
0.87678	0.74917	0.60822	0.75882	
1.09227	0.8372	0.63842	0.83752	
1.1309	0.86794	0.70896	0.86568	
1.17999	0.90463	0.76564	0.96081	
0.77431	0.67347	0.59262	0.8014	
1.16099	0.93834	0.68809	0.87258	
1.42302	1.22032	0.9426	1.12344	
0.98016	0.8271	0.65259	0.92204	
1.36819	0.99355	0.87957	1.02936	
1.1642	0.99475	0.69975	0.8645	
0.83619	0.8456	0.68294	0.91302	
0.82926	0.7444	0.59625	0.7744	
0.91725	0.7577	0.60968	0.89758	
1.24824	1.01671	0.77048	0.96627	
1.49408	1.25325	0.91528	1.20686	
1.0529	0.96423	0.73448	0.88005	
0.95468	0.76606	0.6043	0.84313	
0.82762	0.68856	0.57806	0.81606	
0.96095	0.8188	0.63402	0.7991	
0.81469	0.69593	0.58844	0.75482	
1.26354	0.92621	0.7871	0.96382	
0.90117	0.74125	0.64784	0.83182	
0.94272	0.8417	0.67825	0.84134	
0.88998	0.76958	0.64832	0.83291	
0.9475	0.83359	0.69516	0.85596	
0.85791	0.69788	0.60174	0.90276	
0.81806	0.73325	0.61065	0.7293	
0.95042	0.80684	0.6365	0.92063	
1.00855	0.84338	0.6465	0.9439	
0.75236	0.76179	0.63641	0.78588	
1.61272	1.41122	0.99478	1.13829	
1.25658	0.95617	0.81883	1.00366	
0.90146	0.77154	0.65802	0.8218	
1.51263	1.20959	0.77249	0.86188	
0.97963	0.81713	0.65177	0.93147	
1.68813	1.26781	0.89265	1.335	
0.77586	0.72855	0.55891	0.81599	
1.0162	0.86414	0.69776	0.90818	
1.35505	1.08136	0.89385	1.05113	
1.56671	1.32529	0.99299	1.12212	
1.05187	0.81913	0.64942	0.90124	
1.28211	1.07858	0.85749	0.98058	
1.34291	1.03693	0.88585	1.00695	
0.9557	0.80998	0.62248	0.80248	
0.94702	0.89152	0.70476	0.89438	
0.88451	0.7284	0.60353	0.83376	
1.30908	1.00297	0.7612	0.94308	
1.22743	1.22186	0.8965	1.14546	
1.67182	1.54323	1.05774	1.04136	
1.13909	0.9135	0.65257	0.83158	
0.95259	0.79403	0.61843	0.86599	
0.88877	0.74583	0.60593	0.82721	
0.82543	0.71356	0.60273	0.87501	
1.09039	0.96349	0.683	0.9471	
1.00741	0.83579	0.66265	0.83525	
0.79574	0.67152	0.55914	0.79414	
1.56377	1.5586	1.07981	0.99544	
1.6098	1.58145	1.07625	1.0927	
1.00223	1.05864	0.76532	0.86222	
1.67643	1.382	0.9379	0.77478	
1.5526	1.18625	0.87332	1.0818	
0.84254	0.84331	0.65838	0.75994	
1.26101	0.94739	0.74364	0.93811	
1.11562	0.97695	0.7477	0.89818	
0.89063	0.74021	0.63576	0.75471	
1.21078	1.15428	0.89822	0.88425	
1.43664	1.14147	0.89551	1.24614	
0.87184	0.76345	0.67397	0.80792	
0.81114	0.70074	0.60379	0.75827	
1.06086	0.86844	0.70804	0.85205	
0.89523	0.73022	0.59494	0.77752	
0.75999	0.65446	0.56434	0.75755	
1.2437	0.93482	0.76965	0.92818	
1.02537	0.95245	0.71755	0.91901	
0.72737	0.65586	0.56147	0.74442	
1.19507	0.90211	0.81636	0.94437	
1.13475	0.94069	0.76881	0.92027	
0.95459	0.77232	0.62911	0.80312	
1.03546	0.85281	0.71919	1.00022	
0.79909	0.71724	0.58582	0.82246	
1.27995	1.01026	0.8589	1.05124	
1.04536	0.87207	0.64455	0.97999	
1.52141	1.44881	1.05828	1.10987	
0.95871	0.78271	0.6339	0.85667	
0.89862	0.78116	0.64329	0.87976	
1.06723	0.89024	0.67151	0.98361	
0.85044	0.75811	0.61334	0.85181	
1.49077	1.12958	0.91718	1.10725	
1.07154	0.86859	0.69196	0.87823	
0.82643	0.68934	0.577	0.73709	
1.29279	1.14719	0.8044	0.76455	
1.09563	0.87709	0.68467	0.93924	
0.81793	0.68253	0.59986	0.80643	
1.13918	0.88815	0.66405	0.84622	
1.14455	0.9138	0.78419	0.9853	
0.80892	0.70106	0.60732	0.82351	
0.94645	0.76811	0.58563	0.82393	
0.72158	0.81116	0.6781	0.73021	
1.04503	0.88774	0.68877	0.85573	
1.70139	1.69611	1.19037	1.24136	
1.00359	0.87202	0.70255	0.878	
0.90853	0.72653	0.61319	0.77801	
1.26223	0.91788	0.76708	0.99892	
1.12761	0.88259	0.70519	1.00229	
0.64763	0.76636	0.6683	0.76346	
1.02298	0.83582	0.69783	0.85036	
0.9009	0.8994	0.62254	0.76412	
0.8115	0.67655	0.58391	0.79592	
1.23822	1.11282	0.83124	0.9226	
1.32292	1.00405	0.82137	1.03477	
1.02447	0.85321	0.66934	0.88023	
1.04391	0.8335	0.66287	0.93751	
0.683	0.73391	0.61785	0.75383	
0.92234	0.78944	0.65098	0.93764	
1.01495	0.82513	0.6862	0.86395	
1.36147	1.14549	0.91788	1.00946	
0.86961	0.77706	0.65526	0.8344	
1.0788	0.89564	0.69678	0.9215	
1.04233	0.83047	0.66101	0.82418	
1.08477	1.00931	0.76122	0.90841	
0.90584	0.77458	0.60725	0.91686	
1.0914	0.86692	0.66482	0.92248	
0.92731	0.78304	0.64407	0.82553	
1.61404	1.17306	0.91567	1.16202	
1.00988	0.82736	0.63717	0.84876	
0.91408	0.749	0.60317	0.79486	
0.99998	0.83331	0.67173	0.80364	
1.24262	0.94475	0.83942	1.00385	
1.10288	0.96296	0.67308	0.76957	
0.99675	0.85445	0.67125	0.8614	
1.28281	0.98732	0.7722	0.9481	
1.06945	0.86775	0.68856	0.84186	
0.98744	0.78598	0.65709	0.80689	
1.34596	1.16236	0.89769	1.00934	
0.96986	0.79102	0.63725	0.85139	
1.18141	0.9562	0.73927	0.86587	
1.12235	0.83198	0.70365	0.98265	
0.88383	0.77242	0.64127	0.85092	
0.85295	0.72158	0.6239	0.83528	
1.01772	0.86715	0.68906	0.9334	
1.09389	0.87979	0.76044	0.87864	
1.01919	0.84753	0.66725	0.92205	
1.85588	1.689	1.12557	1.29891	
1.06459	0.89674	0.6637	0.95943	
1.03818	0.84027	0.73762	0.88478	
0.80825	0.67339	0.5538	0.68282	
1.30641	1.01464	0.83579	0.99578	
1.07109	0.93337	0.67558	0.94377	
0.86333	0.72598	0.60477	0.83473	
0.88513	0.75662	0.61735	0.81694	
1.23284	0.91243	0.7774	0.93549	
1.3292	1.04529	0.7648	0.89616	
1.0245	0.83558	0.66749	0.92412	
0.9913	0.97715	0.72205	0.7427	
1.11179	0.88693	0.6953	0.86594	
1.14401	0.96924	0.73081	0.8625	
0.96829	0.84013	0.68582	0.87557	
1.01032	0.77584	0.61074	0.99499	
1.06683	0.8916	0.69239	0.94752	
0.9848	0.8079	0.6257	0.89948	
0.86138	0.725	0.61734	0.81772	
1.12727	0.87794	0.6954	0.97302	
0.91133	0.75801	0.63988	0.81519	
1.18597	0.89406	0.71837	0.92358	
0.86049	0.75443	0.63025	0.90239	
1.00878	0.78029	0.61844	0.83202	
0.87824	0.82545	0.6042	0.85243	
0.79437	0.68547	0.5959	0.80036	
0.65558	0.75673	0.66778	0.83936	
0.90897	0.79992	0.65197	0.80021	
1.39924	1.26967	0.8274	0.74228	
0.91986	0.79088	0.67591	0.93349	
0.9868	1.07966	0.88095	0.84422	
1.38382	1.13432	0.88379	1.0537	
0.82835	0.74168	0.62756	0.78338	
1.07134	0.81358	0.64978	0.90815	
0.78027	0.74529	0.61876	0.83216	
1.33693	1.03752	0.78779	0.96701	
1.22337	1.02987	0.85149	1.07801	
1.39574	1.03498	0.90066	1.09072	
1.60559	1.48364	1.01862	0.92596	
1.17099	0.95536	0.75427	0.92398	
0.92212	0.76966	0.63895	0.88255	
1.45834	1.275	0.93461	1.12473	
1.10226	0.8631	0.78497	0.98577	
0.87724	0.76273	0.65546	0.87586	
0.85344	0.7446	0.6094	0.78576	
0.77247	0.68076	0.55733	0.76558	
0.91008	0.77134	0.63254	0.79048	
0.77761	0.75389	0.61111	0.77568	
0.97708	0.88572	0.74215	0.91203	
1.01225	0.88297	0.75814	0.86281	
1.56768	1.62287	1.13397	1.17292	
0.9156	0.75216	0.64177	0.85005	
1.03128	0.83908	0.72112	0.86724	
1.09892	0.9393	0.7112	0.90562	
1.03199	0.83234	0.59746	0.80208	
1.01731	0.8299	0.68856	0.96915	
0.92479	0.78351	0.65013	0.87459	
1.10334	0.86304	0.72686	0.95109	
1.43514	1.32745	0.91881	0.82186	
0.87501	0.80601	0.61683	0.79765	
0.81856	0.67677	0.59367	0.8439	
0.87789	0.73041	0.64227	0.83244	
0.7726	0.70016	0.62163	0.78025	
0.97947	0.84646	0.67603	0.8259	
1.47897	1.13497	0.76528	1.03533	
1.47184	1.51708	1.03439	1.04446	
1.02634	0.86082	0.65171	0.82218	
1.02354	0.88381	0.69834	0.86885	
0.98599	0.76219	0.60899	0.83434	
0.91542	0.77498	0.63215	0.84131	
0.90431	0.95565	0.77805	0.93175	
1.08862	0.8557	0.7198	1.00192	
0.85336	0.69941	0.60692	0.77751	
1.10621	1.01152	0.79218	0.97025	
0.84959	0.7878	0.64967	0.84142	
1.43357	1.0645	0.87635	0.99125	
1.32936	1.24601	1.02936	0.7839	
0.95523	0.8153	0.62303	0.83572	
1.00059	0.82496	0.65886	0.88222	
0.86791	0.73753	0.58749	0.74737	
1.06753	0.88853	0.72488	0.94243	
1.01604	0.8026	0.64445	0.93161	
1.57604	1.4581	0.98647	0.92352	
1.34092	1.01186	0.81343	0.94208	
1.47456	1.15585	0.77077	1.01375	
0.87047	0.76078	0.63703	0.80679	
1.5313	1.28082	0.80137	0.71872	
1.52271	1.12366	0.90931	1.0666	
1.54094	1.1463	0.94268	1.1354	
0.95707	0.82276	0.68024	0.91356	
1.57627	1.37713	1.02445	1.01982	
0.89299	0.7218	0.60141	0.88052	
1.79981	1.63835	1.06852	1.40918	
1.41457	1.2539	0.89376	0.86488	
1.2042	1.19625	0.86093	1.15275	
1.2179	1.25187	0.89813	0.97144	
0.84341	0.74136	0.61091	0.78676	
1.52026	1.16562	0.90871	1.33661	
0.95049	0.77001	0.63806	0.83108	
0.97255	0.82123	0.61453	0.83637	
1.49593	1.15745	0.89443	1.12803	
1.04571	0.82872	0.65652	0.87447	
1.43539	1.36537	0.96012	1.0675	
0.78551	0.68586	0.56373	0.72442	
1.26645	1.19366	0.80982	0.66761	
1.2606	0.99442	0.77072	0.90956	
0.94259	0.85466	0.63005	0.72615	
1.01939	0.89379	0.70695	0.87235	
0.8986	0.76646	0.58364	0.73563	
0.97274	0.808	0.6491	0.88096	
1.41091	1.15122	0.88124	1.01233	
0.97287	0.82622	0.63958	0.87567	
0.75271	0.69073	0.59416	0.79237	
1.07078	0.82552	0.62063	0.91102	
1.03231	0.84449	0.62096	1.03516	
0.93945	0.77976	0.62222	0.81103	
1.38174	1.05383	0.86465	1.03478	
0.79175	0.74182	0.60631	0.81685	
1.07274	0.85934	0.75481	0.88991	
1.45898	1.1105	0.92915	1.31405	
0.92206	0.79239	0.69885	0.80835	
1.18174	1.02421	0.79894	0.94549	
0.9185	0.74761	0.63293	0.83708	
1.2571	0.99243	0.81106	1.13007	
1.3607	1.01887	0.82116	1.06613	
1.15519	0.9	0.7852	0.9187	
1.32643	0.98127	0.90035	1.08888	
0.75394	0.70543	0.5688	0.83391	
0.8141	0.79301	0.64417	0.78896	
0.75243	0.70668	0.60577	0.90467	
0.78053	0.67953	0.61091	0.81874	
0.93881	0.7646	0.63531	0.81933	
1.23977	0.90686	0.64371	0.91812	
1.12581	0.94004	0.68477	0.89787	
0.94499	0.75832	0.61211	0.75792	
0.86867	0.76054	0.63943	0.90422	
1.01575	0.85243	0.67895	1.01107	
0.95777	0.81088	0.68931	0.90286	
1.13752	0.91122	0.74351	0.94186	
0.90805	0.73301	0.58157	0.88152	
1.39212	1.32044	0.92292	0.79061	
1.31974	1.10923	0.84287	0.86043	
1.46149	1.37513	1.04154	0.92936	
0.99768	0.81378	0.63628	0.8435	
0.8466	0.7481	0.62852	0.76905	
1.08703	0.87624	0.68983	0.84641	
1.36877	1.39219	0.9577	1.16411	
0.98982	0.80148	0.64671	0.91105	
0.95976	0.8105	0.62151	0.83531	
0.90708	0.74994	0.63365	0.80267	
1.16089	0.89638	0.74569	0.8616	
0.85827	0.76242	0.63494	0.82012	
1.3999	1.03875	0.85794	1.00241	
0.84314	0.80099	0.63007	0.79593	
1.11212	0.88098	0.80312	0.89539	
0.83046	0.69998	0.59018	0.83105	
1.49803	1.08027	0.85437	1.05948	
0.91514	0.73907	0.61838	0.78648	
1.33289	1.01992	0.71239	0.97171	
0.97365	0.83222	0.67447	1.06652	
1.10849	0.88785	0.73136	0.90824	
1.00727	0.80776	0.67946	0.99907	
1.02033	0.9354	0.75132	0.83556	
1.08119	0.92651	0.69908	0.87186	
1.39671	1.16548	0.90654	1.13237	
0.84658	0.68661	0.59894	0.80097	
1.44687	1.22827	0.88751	0.93015	
0.92565	0.76795	0.60994	0.93122	
0.85878	0.95212	0.67786	0.55338	
0.77766	0.73759	0.61253	0.86161	
1.07259	0.86215	0.67091	0.86214	
0.99759	0.89887	0.66888	0.76358	
0.86728	0.72194	0.56588	0.75427	
1.08947	1.07208	0.76875	0.81398	
0.96517	0.93699	0.7296	1.03141	
0.92374	0.80787	0.67899	1.01546	
1.07258	0.85772	0.65268	0.7952	
1.05875	0.84082	0.69438	0.92949	
1.50987	1.12616	0.89438	1.21829	
1.42217	1.29453	0.89272	0.71776	
0.92769	0.77082	0.64973	0.9317	
1.10168	0.93852	0.69939	0.87737	
1.31949	1.11042	0.83665	1.0935	
0.81943	0.71157	0.56787	0.74504	
0.88875	0.77208	0.64961	0.86561	
0.95303	0.82489	0.68136	0.82925	
1.08867	1.02138	0.8318	0.88398	
0.72218	0.70696	0.59576	0.81221	
0.76381	0.71569	0.58376	0.77547	
0.99295	0.84439	0.64586	0.88797	
1.01414	0.8019	0.63323	0.81213	
0.85537	0.81411	0.65045	0.80042	
0.86904	0.69397	0.58461	0.86565	
1.00852	0.78524	0.64166	0.8706	
1.04123	0.79924	0.59719	0.82524	
1.52775	1.59842	1.0925	1.09338	
0.97006	0.82042	0.67753	0.8573	
1.06434	1.11786	0.84691	0.984	
0.9894	0.79446	0.663	0.88636	
1.52264	1.32439	0.91112	1.15193	
1.35269	1.22266	0.95279	0.7985	
1.12676	0.91148	0.60702	0.74102	
1.06788	0.86737	0.7229	0.87566	
0.90035	0.81774	0.62271	0.781	
0.85118	0.70741	0.64332	0.93207	
1.11037	1.01404	0.76043	1.0114	
1.01606	0.94511	0.70945	0.83462	
0.91918	0.78982	0.60561	0.85809	
0.84376	0.7882	0.63182	0.85004	
0.68445	0.72674	0.62282	0.89354	
1.32891	1.02105	0.77554	0.93301	
0.94967	0.788	0.63788	0.89522	
1.23014	1.06233	0.85571	1.02263	
0.90237	0.74748	0.61485	0.75197	
1.39282	1.05112	0.88877	1.08467	
1.35756	1.10127	0.89772	1.10303	
0.89573	0.75861	0.62751	0.88653	
0.77961	0.66398	0.57277	0.74604	
0.95088	0.79481	0.74668	0.94633	
0.90871	0.77096	0.61867	0.78909	
1.33285	1.01191	0.8165	1.06403	
1.35075	1.11954	0.89389	0.89734	
0.93331	0.79887	0.59301	0.8404	
1.12023	0.85902	0.69559	0.88538	
0.96183	0.77725	0.63986	0.86071	
1.00697	0.77143	0.63141	0.80942	
0.92924	0.79367	0.66623	0.88942	
0.83375	0.67806	0.56643	0.76682	
1.00567	0.81481	0.64665	0.94182	
0.88498	0.71861	0.58611	0.77369	
0.9341	0.78982	0.69423	0.83726	
0.8357	0.84754	0.66253	0.85057	
0.90793	0.7418	0.61969	0.82339	
0.97318	0.90858	0.73263	0.81996	
1.17446	0.87351	0.80707	1.02301	
1.42819	1.15625	0.90477	1.04602	
0.83011	0.72042	0.60837	0.96928	
1.21869	0.98948	0.64757	0.8614	
0.7556	0.65597	0.56042	0.70029	
1.08389	0.89001	0.61331	0.78498	
0.90955	0.76994	0.61596	0.84672	
1.46741	1.08812	0.87438	1.07069	
0.81911	0.72796	0.65782	0.88961	
0.92217	0.76495	0.63398	0.86433	
0.81783	0.72425	0.60328	0.79445	
1.4883	1.20636	0.92358	1.19132	
1.07351	0.99733	0.69486	0.79081	
0.86463	0.72939	0.61751	0.76866	
1.16083	1.30522	0.95798	0.91866	
1.60002	1.40403	0.96446	0.81148	
0.81747	0.70168	0.58932	0.82037	
1.72066	1.48391	1.01888	1.31612	
0.97397	0.92808	0.66552	0.78736	
0.80954	0.71807	0.61752	0.84947	
0.75833	0.74227	0.6149	0.75575	
1.00492	0.86394	0.69162	0.93744	
0.93185	0.76872	0.64446	0.86046	
0.95514	0.77972	0.67026	0.76465	
0.73467	0.70025	0.59702	0.79979	
1.01047	0.89816	0.62972	0.81323	
0.96042	0.80386	0.71052	0.9934	
0.8813	0.75034	0.57932	0.78508	
1.3978	1.10726	0.91811	1.10849	
1.23374	0.91424	0.7102	0.86701	
0.84583	0.78497	0.65085	0.77383	
0.89002	0.93632	0.73904	0.89679	
0.94277	0.77406	0.64007	0.84524	
0.94242	0.813	0.62354	0.83209	
0.86958	0.73331	0.58908	0.82036	
0.8764	0.75391	0.60648	0.85512	
1.04195	0.84569	0.65216	0.79865	
0.96106	0.76797	0.63213	0.80633	
0.93749	0.78146	0.6172	0.83862	
0.75492	0.97177	0.7087	0.84945	
0.89281	0.79587	0.69843	0.80251	
0.95089	0.78733	0.658	0.89079	
0.91659	0.77564	0.59893	0.9327	
1.05409	0.92115	0.69519	0.82785	
0.82919	0.70493	0.58977	0.97729	
0.87414	0.7674	0.65267	0.87838	
1.59901	1.44889	0.99895	1.22646	
1.10475	0.88244	0.72992	0.918	
1.30036	1.05318	0.76678	0.88859	
0.93746	0.86858	0.65912	0.88418	
1.0774	0.83812	0.68987	0.8613	
0.86063	0.73621	0.60217	0.8756	
0.81133	0.73999	0.62187	0.8253	
0.93637	0.76291	0.62371	0.76443	
0.94748	0.80037	0.62402	0.86327	
1.18814	1.05119	0.80938	1.05256	
0.89732	0.7547	0.62762	0.82468	
1.00157	0.8202	0.63552	0.89801	
0.89895	0.75604	0.62944	0.82598	
0.78686	0.82171	0.6311	0.75283	
1.15259	0.86578	0.69945	0.84067	
1.01698	0.87811	0.65062	0.80091	
0.87546	0.71653	0.62194	0.79718	
0.77679	0.6882	0.61081	0.81989	
1.19537	0.97483	0.80659	0.94479	
0.8931	0.73336	0.60368	0.79751	
0.93554	0.76511	0.61328	0.79311	
0.70646	0.702	0.59752	0.79418	
0.85335	0.68245	0.61495	0.85157	
0.81974	0.74902	0.62537	0.80945	
1.20339	0.88263	0.72294	0.89647	
0.89214	0.74146	0.61888	0.89815	
0.82879	0.7173	0.58198	0.86188	
0.93279	0.84855	0.64585	0.81287	
0.89209	0.72751	0.59944	0.77302	
0.85885	0.71245	0.59634	0.8163	
1.48909	1.10834	0.88631	1.13506	
0.98523	0.79746	0.69015	0.88244	
0.83577	0.73021	0.62474	0.75117	
1.24003	1.09708	0.67625	0.55846	
1.01504	0.83159	0.72923	0.89071	
0.84489	0.71196	0.58864	0.75529	
1.00551	0.82847	0.65343	0.86004	
1.09451	0.96782	0.737	0.88058	
0.74492	0.64565	0.55163	0.73655	
0.88387	0.70515	0.59724	0.73508	
1.13901	0.91459	0.71023	0.93905	
0.95281	0.87104	0.71895	0.91487	
0.90103	0.74908	0.63017	0.77781	
0.85028	0.73378	0.61481	0.90804	
1.4433	1.39606	0.9844	1.02338	
0.86202	0.82623	0.60337	0.72685	
0.62045	0.74377	0.60118	0.76167	
1.01861	1.04701	0.70223	0.74255	
0.79705	0.69251	0.58023	0.90203	
1.01524	0.91531	0.74218	0.91541	
1.26842	1.03265	0.83208	0.90205	
0.83688	0.72555	0.57949	0.73481	
1.67264	1.37651	1.02462	0.9572	
0.99523	0.78578	0.66511	0.8722	
0.95296	0.77166	0.64884	0.78749	
0.96733	0.77693	0.67082	0.88998	
1.20512	0.96883	0.79348	1.00132	
0.83065	0.72431	0.61516	0.74835	
1.02257	0.87445	0.71807	0.90131	
0.83434	0.76695	0.63908	0.80184	
0.87692	0.84586	0.64644	0.77121	
1.01235	0.85603	0.63517	0.84859	
0.98097	0.82881	0.66466	0.88318	
1.1256	1.03334	0.80764	0.85632	
0.82092	0.6852	0.6031	0.83611	
1.46602	1.23437	0.88757	1.29626	
0.74118	0.68316	0.57558	0.77049	
0.79182	0.70794	0.56625	0.79921	
1.23755	0.98407	0.74403	0.98543	
0.88117	0.85016	0.73028	0.86245	
0.9852	0.81254	0.64434	0.86145	
1.43718	1.18429	0.92998	1.10246	
1.39784	1.07061	0.83105	0.97476	
0.84802	0.72608	0.6129	0.76985	
0.90025	0.77668	0.64293	0.78286	
0.8969	0.78607	0.64655	0.787	
0.91411	0.77476	0.60316	0.80157	
1.26127	0.95296	0.84066	1.209	
1.03297	0.87103	0.72997	0.98347	
1.14338	1.0846	0.89588	1.03377	
1.01551	1.01006	0.77631	0.90013	
1.00636	0.79777	0.6281	0.90608	
1.00968	0.89676	0.73464	1.00018	
0.7223	0.72772	0.64044	0.82728	
0.85258	0.68753	0.57584	0.74057	
1.2495	1.06552	0.77439	0.89178	
0.98268	0.77357	0.6046	0.78962	
1.0846	0.86174	0.73753	0.8796	
1.05824	0.87963	0.71445	0.88285	
0.82883	0.72311	0.59826	0.77294	
1.67911	1.4024	1.04172	1.10357	
0.95774	0.77537	0.61097	0.82352	
0.77125	0.70634	0.59602	0.73349	
1.14914	0.87192	0.77044	1.03131	
0.88634	0.72449	0.59424	0.81818	
1.48143	1.37837	1.00249	0.9752	
0.89206	0.73785	0.5998	0.77222	
0.82723	0.73361	0.61336	0.79965	
1.05524	0.87577	0.63819	0.8696	
1.16857	0.93804	0.78407	0.98205	
1.52748	1.26524	0.89974	0.81301	
0.77441	0.84819	0.68642	0.83107	
1.32525	1.21706	0.76151	0.64698	
0.72291	0.70427	0.59325	0.80526	
1.22278	0.9096	0.78871	1.05929	
1.03329	0.83984	0.66274	0.84638	
1.05708	0.84214	0.69163	0.94655	
0.81119	0.88424	0.72129	0.85901	
0.89547	0.79286	0.65588	0.81161	
1.21387	0.93038	0.75114	0.96223	
0.91248	0.79854	0.60702	0.8034	
1.12697	0.8455	0.75116	0.87562	
0.78316	0.67869	0.56439	0.82147	
0.85607	0.82618	0.73497	0.87351	
0.91545	0.78252	0.59376	0.79785	
1.42372	1.08704	0.90271	1.20379	
0.94788	0.83504	0.65083	0.83344	
0.92718	0.82323	0.64303	0.88875	
0.82069	0.69757	0.56041	0.84264	
0.78467	0.76601	0.61184	0.74159	
1.32104	1.31471	0.96229	0.82385	
0.84953	0.84328	0.67337	0.83769	
1.29726	1.36635	0.98302	1.11832	
0.96032	0.83141	0.64915	0.9005	
0.9857	0.877	0.68457	0.8509	
1.29158	1.0655	0.85256	1.0615	
1.06187	0.83095	0.6392	0.82327	
0.82488	0.7099	0.61326	0.82255	
0.95456	0.7905	0.65162	0.81884	
0.77843	0.76922	0.66521	0.68374	
1.14126	0.99514	0.71804	0.81405	
1.26144	1.01275	0.81678	0.89557	
0.66343	0.64444	0.55627	0.7392	
0.90574	0.72769	0.60443	0.78931	
0.85992	0.73691	0.57758	0.73812	
0.98492	0.7976	0.62852	0.89314	
0.87287	0.73922	0.63932	0.87038	
0.79729	0.76114	0.59915	0.84161	
0.969	0.76166	0.58921	0.85666	
0.93	0.80039	0.66728	0.85921	
0.80554	0.79034	0.6151	0.77113	
0.89255	0.78328	0.61984	0.84103	
1.12277	0.88372	0.73791	1.03213	
1.07514	0.81921	0.7391	0.86729	
0.95694	0.78883	0.62751	0.77419	
1.0411	0.83136	0.65122	0.85211	
0.94063	0.77236	0.6667	0.83064	
1.08209	0.89146	0.70706	0.94949	
0.80503	0.69584	0.58262	0.84231	
1.64968	1.27911	0.8892	1.29878	
0.96985	0.82167	0.63234	0.832	
1.595	1.52033	1.02504	1.34743	
0.87652	0.81626	0.61904	0.80261	
0.97817	0.82911	0.68793	0.78985	
1.01788	0.83945	0.70603	0.87779	
1.56116	1.21987	0.77047	1.00599	
1.18841	1.05292	0.81829	0.74543	
1.02989	0.83979	0.67042	0.94839	
1.06496	0.82084	0.61028	0.88197	
1.26033	0.94419	0.76276	0.95128	
1.0672	0.82855	0.71967	0.95465	
0.8622	0.75255	0.61705	0.87146	
0.91047	0.77175	0.62043	0.83133	
1.17863	0.93714	0.7844	0.95874	
1.13602	0.87922	0.66676	0.84961	
1.336	1.31654	0.93752	1.01556	
0.85835	0.87829	0.60497	0.69864	
0.82413	0.70277	0.57885	0.85812	
0.77423	0.68283	0.56862	0.73215	
0.97376	0.77872	0.63019	0.97922	
0.8628	0.73267	0.60227	0.80018	
1.08778	0.91426	0.66027	0.77807	
1.37466	1.10806	0.83664	1.09192	
1.37654	1.04457	0.85813	1.08959	
1.06555	0.88354	0.68485	0.83476	
0.76027	0.82754	0.69583	0.88156	
0.82344	0.69271	0.57847	0.8552	
0.85578	0.74787	0.62593	0.86334	
0.89399	0.7782	0.65769	0.93878	
1.23175	0.97386	0.73227	0.91071	
1.29215	0.98035	0.76178	0.97937	
0.75084	0.67544	0.54673	0.75487	
0.97117	0.88082	0.69065	0.91819	
1.26244	1.03436	0.79627	0.98407	
1.12602	1.04979	0.83114	0.99859	
1.01053	0.8222	0.66028	0.88611	
0.80752	0.76419	0.63126	0.82839	
1.43723	1.50312	0.99336	1.33781	
0.88738	0.7729	0.64988	0.79479	
0.90599	0.76357	0.60039	0.80839	
1.05438	0.84898	0.68463	0.87955	
1.10584	1.07942	0.78072	0.87701	
1.47183	1.21395	0.83058	0.64206	
1.12745	0.8954	0.69558	0.91108	
1.19335	0.99482	0.6772	0.8839	
0.79762	0.6787	0.58897	0.77825	
1.04142	0.84089	0.68981	0.87109	
1.70235	1.43107	0.98674	1.41351	
1.03956	0.85057	0.64316	0.82308	
0.9844	0.83127	0.66574	0.89873	
1.0762	0.86604	0.66856	0.99857	
0.92156	0.7418	0.66588	0.95173	
1.11187	0.8721	0.72941	0.8841	
1.04453	0.82825	0.64567	0.87498	
0.98354	0.81612	0.6292	0.88616	
0.82111	0.69139	0.59746	0.78504	
0.84591	0.74765	0.59304	0.77901	
0.95829	0.79694	0.64067	0.83551	
0.81793	0.74571	0.64897	0.77797	
1.40469	1.1634	0.85911	1.0365	
1.35366	1.01315	0.8708	1.05186	
1.04653	1.03349	0.77923	0.96017	
1.10537	0.94606	0.86279	1.07886	
0.86679	0.79436	0.65116	0.883	
0.98985	0.78061	0.58393	0.79797	
0.6748	0.6625	0.5808	0.78713	
1.03964	0.89932	0.61858	0.71498	
0.8844	0.74167	0.59228	0.81833	
1.04913	0.81356	0.58436	0.83652	
0.84843	0.71308	0.58684	0.833	
0.90974	0.73769	0.57798	0.79332	
0.79062	0.81109	0.63705	0.76384	
1.27521	1.24411	0.96066	0.83495	
1.0313	0.81879	0.61919	0.84204	
1.70487	1.37248	0.96222	1.21728	
1.24308	1.00706	0.86686	1.05251	
1.068	0.87461	0.7354	0.87918	
1.22934	0.96082	0.73417	0.98323	
1.3573	0.98623	0.82713	0.94097	
0.84783	0.75652	0.62606	0.75747	
1.75477	1.41585	0.98445	1.41362	
0.76611	0.6922	0.58643	0.759	
1.03644	0.838	0.6703	0.93992	
1.00168	0.84409	0.65992	0.86625	
0.89892	0.78096	0.65042	0.76424	
0.99812	0.79357	0.68743	0.91768	
0.7913	0.6959	0.57834	0.76397	
1.46907	1.10861	0.82924	1.07161	
1.00964	0.80679	0.61954	0.83736	
0.97424	0.7567	0.60378	0.90308	
0.79242	0.81017	0.70364	0.8677	
1.72582	1.27528	0.92051	1.2803	
1.46297	1.42193	0.98161	0.90819	
0.82043	0.70565	0.5828	0.8432	
1.04859	0.86394	0.69553	0.90856	
1.0025	0.7918	0.61532	0.83095	
0.97888	0.81917	0.66729	0.9411	
1.44225	1.60352	1.13083	0.99022	
0.69235	0.69787	0.54455	0.76028	
1.36044	1.03288	0.77371	0.96117	
1.28558	1.10639	0.8569	0.98269	
0.90139	0.73239	0.61041	0.82619	
0.89612	0.76971	0.62856	0.83107	
0.79284	0.71025	0.61861	0.78229	
0.91255	0.75438	0.62937	0.84098	
0.86523	0.86829	0.77283	0.87889	
1.23561	0.98682	0.76853	0.95833	
0.89274	0.76809	0.60845	0.77572	
0.96363	0.81424	0.63971	0.82577	
0.82559	0.6738	0.59608	0.8245	
1.54061	1.25252	0.85826	0.96061	
0.86713	0.7359	0.60934	0.82479	
1.06093	0.88021	0.74005	0.91071	
1.00959	0.8162	0.69072	0.81679	
1.12196	0.85739	0.78717	0.8716	
1.10272	0.85881	0.72199	0.88883	
0.96718	0.83867	0.65016	0.86243	
0.83935	0.85953	0.67824	0.87831	
1.07729	0.83034	0.72266	0.91132	
1.11049	0.93567	0.71943	0.93834	
1.65578	1.2998	0.93778	1.20523	
0.8612	0.72947	0.60677	0.81378	
1.39145	1.21461	0.78405	0.66883	
0.8445	0.6719	0.56753	0.81859	
0.84046	0.71334	0.60956	0.77706	
0.82023	0.71829	0.61214	0.79774	
0.80814	0.67331	0.55667	0.78891	
1.12736	0.86022	0.78966	0.91255	
1.16335	0.9593	0.64846	0.91844	
1.1027	1.06518	0.80574	0.75775	
0.9049	0.73272	0.60858	0.80316	
0.78932	0.71871	0.60307	0.80599	
0.9247	0.83152	0.70554	0.87082	
0.85701	0.87271	0.66345	0.83043	
1.30372	0.97923	0.82124	1.07787	
0.8472	0.74512	0.61151	0.81611	
1.02307	0.8235	0.67557	0.87801	
0.93045	0.74931	0.61222	0.94208	
1.10218	0.90309	0.7621	0.90423	
1.06363	0.99982	0.84022	1.00325	
0.93943	0.78035	0.63851	0.81385	
0.92194	0.75961	0.67653	0.88278	
0.80368	0.70591	0.6309	0.74689	
1.01469	0.92065	0.78216	0.91866	
1.00612	0.86667	0.6754	0.84351	
0.79022	0.71084	0.63296	0.78444	
1.2538	1.10111	0.86396	1.02327	
1.04403	0.86645	0.63581	0.83277	
1.05073	0.83765	0.69942	0.87016	
0.92214	0.75002	0.60093	0.83408	
0.96834	0.79258	0.67242	0.82032	
0.77334	0.96548	0.68989	0.74566	
0.82638	0.78299	0.65462	0.84583	
1.47467	1.30148	0.91609	1.08763	
1.16251	0.8787	0.72536	0.94482	
0.97274	0.7928	0.67637	0.85647	
1.18784	0.89969	0.7281	0.88345	
0.86376	0.70653	0.57455	0.82714	
1.32655	1.16222	0.75886	0.68605	
1.11335	0.87965	0.72559	0.89852	
0.80287	0.68756	0.59495	0.78919	
0.87658	0.75499	0.62691	0.83678	
1.17686	0.95109	0.86221	0.9531	
0.92333	0.75306	0.63321	0.7884	
1.02364	0.79055	0.70979	0.94101	
1.70798	1.59952	1.0861	1.11513	
0.83679	0.77997	0.62146	0.76401	
0.96112	0.81191	0.67021	0.87244	
0.91639	0.77905	0.66024	0.87034	
1.52471	1.26541	0.96664	1.12093	
1.64094	1.3081	0.7723	0.80606	
1.59789	1.46413	1.02016	0.9264	
0.99378	0.76291	0.60895	0.81885	
1.29161	1.00967	0.85217	0.99855	
0.88435	0.76156	0.63767	0.98642	
0.97362	0.84266	0.71821	0.83781	
0.77133	0.6594	0.56309	0.7935	
1.44412	1.04973	0.80422	0.91328	
1.22673	1.12733	0.75045	0.7417	
1.21115	0.91647	0.78091	0.91963	
1.08248	0.97044	0.62202	0.69969	
0.86737	0.70141	0.59695	0.82216	
0.98839	0.81789	0.65552	0.86158	
0.82799	0.70272	0.59526	0.80333	
1.08645	0.89015	0.73317	0.98589	
0.96068	0.83058	0.66161	0.82705	
1.60907	1.41295	0.99147	1.10501	
1.08756	0.80908	0.59504	0.82739	
0.98321	0.79076	0.64098	0.84519	
0.94078	0.76476	0.60285	0.82047	
0.78557	0.74277	0.63081	0.84753	
1.06176	0.85126	0.66961	0.88499	
0.79442	0.72837	0.62218	0.86661	
1.21065	0.93595	0.72442	0.90956	
0.8312	0.73765	0.63322	0.79531	
1.58528	1.27728	0.8935	1.29893	
1.12725	1.01451	0.64648	0.52694	
1.10194	0.8656	0.77671	0.98096	
0.85808	0.73539	0.62689	0.7588	
0.78226	1.0097	0.70198	0.65916	
1.15169	0.91538	0.75772	0.99574	
1.43513	1.05056	0.92147	1.05816	
1.04568	0.81295	0.64553	0.88082	
1.04669	0.87285	0.7646	0.91783	
1.40532	1.03928	0.77531	1.03034	
1.07117	0.8659	0.74419	0.84339	
0.92709	0.80744	0.62463	0.81653	
1.29752	0.97173	0.7403	0.91242	
0.95278	0.78695	0.65382	0.80094	
0.7197	0.75984	0.62396	0.83203	
1.00228	0.7979	0.64526	0.95614	
1.48868	1.26987	0.84012	0.70531	
1.05582	0.80472	0.73328	0.8714	
1.01318	0.84748	0.68609	0.89747	
1.68171	1.29755	0.78433	0.76876	
1.47798	1.19828	0.87903	1.33571	
0.92101	0.7844	0.60305	0.81769	
0.8507	0.70874	0.59276	0.82866	
0.8951	0.76062	0.61868	0.83966	
1.01865	0.81539	0.66349	0.85681	
0.96615	0.90501	0.7056	0.95911	
1.00687	0.81924	0.67596	0.90171	
1.08276	0.88809	0.63203	0.88639	
1.58015	1.40702	0.98333	1.43346	
0.95785	0.95248	0.66139	0.92178	
1.38247	1.20502	0.86882	1.12922	
1.0856	0.83099	0.69047	0.92103	
0.86528	0.74976	0.63631	0.76591	
0.85992	0.72702	0.58104	0.80624	
1.07635	0.89172	0.72142	0.9946	
0.90751	0.78322	0.65019	0.87111	
1.05771	0.84003	0.75257	0.95003	
0.9126	0.76711	0.65816	0.91323	
0.82339	0.68272	0.58354	0.79091	
1.3237	1.00099	0.80434	0.98273	
0.8539	0.72071	0.59678	0.82291	
1.30829	1.20613	0.85989	1.19645	
1.15137	0.86712	0.74087	1.07412	
1.09257	0.85522	0.71163	0.95766	
0.85303	0.70511	0.58002	0.75493	
0.95121	1.02582	0.71083	0.68473	
0.87197	0.73447	0.60942	0.83863	
0.89972	0.7398	0.59772	0.7865	
1.06373	0.88905	0.66697	0.86184	
1.0804	0.84923	0.70231	0.93821	
1.00176	0.83408	0.66639	0.77978	
0.87691	0.73854	0.61726	0.82983	
1.10187	1.0237	0.72208	0.95216	
1.21185	1.17292	0.84764	0.80452	
0.84242	0.72765	0.67457	0.86167	
1.74032	1.69436	1.12907	1.2164	
0.96203	0.76918	0.60707	0.83242	
0.97488	0.84592	0.63317	0.84819	
0.98499	0.84217	0.66536	1.01266	
1.17732	1.30866	0.94366	1.06287	
1.43171	1.29579	0.90969	0.71482	
1.00682	0.8898	0.66201	0.86201	
0.92624	0.73371	0.59262	0.80265	
1.26758	1.03048	0.80254	1.02748	
1.23171	1.09465	0.84573	0.97494	
0.82899	0.73064	0.61388	0.81709	
1.29986	1.03395	0.75063	1.04247	
1.09843	0.98046	0.73096	0.81183	
1.40568	1.08103	0.85163	1.16329	
0.93993	0.7839	0.59572	0.85809	
0.89365	0.78729	0.64168	0.763	
1.00763	0.7953	0.63349	0.82852	
1.12931	0.84497	0.72956	0.9781	
0.8269	0.71332	0.60779	0.79736	
1.3388	1.13737	0.86723	1.00261	
0.84846	0.75604	0.61955	0.80884	
0.92966	0.77519	0.64637	0.80047	
1.06494	0.84657	0.66478	0.83658	
0.84273	0.70653	0.58744	0.79186	
1.11408	1.15947	0.87499	0.91576	
0.90639	0.77862	0.68901	0.82256	
1.46519	1.19305	0.86184	0.9782	
1.09195	0.87673	0.68426	0.90615	
1.09884	0.92813	0.77258	0.91736	
0.91086	0.74087	0.65662	0.76575	
0.80249	0.68097	0.62546	0.7804	
0.93247	0.78331	0.6595	0.84558	
1.14001	0.93689	0.72557	0.91711	
0.89195	0.8536	0.6513	0.80402	
1.31017	1.01698	0.81199	1.0189	
1.07461	0.84945	0.67907	0.92427	
0.90502	0.73847	0.59967	0.84169	
1.02235	0.83023	0.67326	0.89544	
1.16046	0.96955	0.69776	0.73207	
1.01884	0.88795	0.68479	0.80836	
0.87091	0.95696	0.76194	0.83629	
0.7468	0.7602	0.64996	0.84303	
1.276	1.05321	0.83359	1.03801	
1.14077	0.96276	0.77682	0.89757	
0.98824	0.83424	0.62062	0.84237	
1.04041	0.86738	0.73485	0.94709	
1.02212	0.82834	0.73781	0.92325	
1.05423	0.90347	0.81711	1.04896	
0.9473	0.77665	0.61015	0.87837	
0.88969	0.72849	0.63551	0.80069	
0.88098	0.75081	0.64339	0.80116	
1.23809	0.99617	0.81293	0.92514	
0.86649	0.7198	0.61916	0.73351	
1.0216	0.82895	0.65052	0.83309	
0.89018	0.76745	0.64851	0.84935	
0.9965	0.76493	0.69436	0.79862	
1.0416	0.95778	0.69887	0.82617	
0.8642	0.74046	0.64731	0.92456	
1.00027	0.81682	0.67283	0.80202	
1.44537	1.19307	0.88962	0.99774	
1.31829	1.14151	0.87478	0.89482	
1.29502	1.01843	0.89733	1.03119	
0.88469	0.78958	0.65833	0.79802	
1.39137	0.99051	0.89598	1.14388	
1.09104	0.86089	0.67643	0.87413	
0.81936	0.67014	0.58371	0.79181	
1.00058	0.80557	0.64503	0.92438	
1.30823	1.0378	0.87021	1.22868	
0.95601	0.7962	0.64085	0.79341	
1.11247	0.94859	0.67987	0.7591	
0.78166	0.69784	0.5515	0.75969	
0.93289	0.82549	0.62188	0.82525	
1.55457	1.66915	1.17916	1.10901	
0.98428	0.80472	0.66397	0.88675	
1.25594	1.022	0.82976	1.00158	
1.17994	0.97156	0.67863	0.91374	
1.09251	0.90259	0.73162	0.92799	
0.92076	0.75938	0.6176	0.87158	
0.98649	0.79005	0.62134	0.80061	
1.30126	1.26732	0.96468	0.76994	
0.86853	0.80591	0.64768	0.85798	
0.96272	0.76812	0.63583	0.92483	
0.88981	0.74418	0.57461	0.84399	
1.15666	0.88209	0.71248	0.9328	
0.98186	0.77407	0.57328	0.81331	
1.04948	0.79889	0.56664	0.81187	
0.93202	0.7578	0.66642	0.79527	
0.85593	0.75348	0.63313	0.83811	
1.17023	1.16332	0.82912	0.78591	
0.74138	0.69264	0.58116	0.68298	
0.95369	0.78153	0.61385	0.80041	
0.85758	0.75619	0.63682	0.81819	
0.95795	0.79655	0.65661	0.88453	
1.31185	1.23138	0.85132	0.73582	
1.42868	1.11766	0.91332	1.07648	
0.83737	0.74478	0.62698	0.78067	
1.22849	0.94154	0.82422	1.01244	
0.99744	0.84186	0.70794	0.94367	
0.97018	0.7938	0.63817	0.77124	
1.05253	0.91489	0.76614	0.88894	
1.01909	0.83904	0.67804	0.90044	
1.11217	0.88517	0.65617	0.85269	
1.42793	1.11723	0.82691	1.05493	
0.88633	0.74588	0.64034	0.84818	
1.5161	1.18667	0.93471	1.06047	
0.86229	0.75633	0.62581	0.83179	
0.83636	1.08622	0.83102	0.9392	
0.91645	0.77245	0.62252	0.86617	
0.84776	0.73165	0.62044	0.77099	
1.52954	1.12843	0.91119	1.20554	
0.96407	0.80084	0.62491	0.80362	
0.9927	0.83444	0.68923	0.86989	
0.84729	0.70188	0.59281	0.85554	
0.96941	0.77465	0.63747	0.86219	
1.1717	0.89017	0.78333	1.02188	
0.98651	0.83474	0.68737	0.843	
0.91776	0.79919	0.61472	0.83543	
0.7813	0.76492	0.60659	0.81851	
1.215	1.08726	0.72782	0.71498	
0.91233	0.96544	0.7783	0.9133	
1.51423	1.23471	0.91954	1.20109	
0.99346	0.81369	0.65985	0.89655	
1.30564	1.03036	0.78118	0.95874	
0.84131	0.77295	0.60902	0.72894	
1.24624	1.03427	0.74866	0.88874	
0.85771	0.73195	0.6218	0.8809	
0.83693	0.75911	0.62416	0.80971	
0.96376	0.85749	0.70539	0.80767	
1.00923	0.79691	0.64915	0.9631	
1.78946	1.41375	0.97627	1.42952	
0.79582	0.71374	0.56233	0.73071	
0.9032	0.85533	0.72851	0.90446	
0.91531	0.77427	0.64848	0.83316	
1.05742	0.83966	0.72357	0.95334	
1.1553	0.84871	0.70136	1.02663	
1.47455	1.09643	0.88885	1.006	
0.94339	0.79536	0.68619	0.8889	
1.08694	0.84234	0.68451	0.81072	
0.92065	0.83537	0.68344	0.83394	
1.08305	0.92284	0.67139	0.82241	
0.89767	0.86339	0.6381	0.81696	
0.98152	0.81773	0.67066	0.83041	
0.87837	0.75383	0.6047	0.88482	
1.15124	0.94037	0.75021	0.92158	
0.75329	0.71157	0.57371	0.78313	
1.091	0.81465	0.73461	0.98492	
1.28787	1.19576	0.82369	0.65133	
0.83922	0.756	0.59735	0.79778	
0.94026	0.76607	0.63666	0.83732	
1.01367	0.85159	0.69676	0.87625	
0.83255	0.75173	0.61424	0.80678	
1.10244	1.01326	0.69285	0.77319	
0.82983	0.73287	0.59066	0.79443	
1.08192	0.89018	0.69618	0.89809	
1.04748	0.83641	0.67893	0.90169	
0.93867	0.82962	0.66216	0.83108	
1.3468	1.19775	0.93175	0.96024	
0.90946	0.77169	0.59758	0.80025	
1.06923	0.8703	0.67688	0.94756	
1.10551	0.91626	0.65827	0.93817	
1.02913	0.82589	0.72798	0.97038	
0.8938	0.75746	0.5994	0.81857	
1.22353	0.92514	0.79233	1.00867	
1.07806	0.87992	0.66835	0.91711	
0.85908	0.68687	0.58268	0.77239	
0.96844	0.86789	0.66195	0.81694	
0.99866	0.80516	0.6609	0.91452	
