0.95313	0.773	0.60976	0.76435	
0.86414	0.75566	0.63022	0.84053	
1.03029	0.82266	0.6461	0.93302	
0.55411	0.69556	0.56143	0.78127	
0.82961	0.76117	0.60826	0.85434	
1.27435	1.34561	1.00515	0.98136	
1.06888	0.87796	0.65462	0.92266	
1.17057	0.92524	0.66943	0.84511	
0.68905	0.74385	0.60226	0.79934	
0.9518	0.90361	0.63506	0.51535	
0.94291	0.85527	0.63271	0.81852	
1.36063	1.12707	0.84151	0.9911	
0.97085	0.78818	0.60686	0.80322	
1.20267	1.10849	0.71731	0.68702	
0.91588	0.76541	0.58996	0.803	
0.9797	0.86453	0.62091	0.84987	
0.87605	0.74176	0.61798	0.80617	
0.91664	0.77002	0.61301	0.87496	
1.6602	1.31797	0.7753	0.59011	
1.05027	0.85885	0.63821	0.92054	
1.14804	0.94309	0.63402	0.83716	
1.23696	0.98259	0.67229	1.01203	
0.94972	0.75938	0.60635	0.81777	
1.05737	0.87281	0.68737	0.85185	
0.93734	0.79778	0.64266	0.81023	
0.98231	0.87674	0.65531	0.8268	
0.90756	0.81133	0.67179	0.85373	
0.81559	0.70502	0.57388	0.76749	
0.90169	0.88013	0.72729	0.8211	
1.07673	0.87552	0.6317	0.78224	
0.92604	0.87459	0.66564	0.84637	
1.34381	1.12236	0.87806	0.98855	
1.17096	0.91511	0.70693	0.92622	
1.0975	0.94847	0.74915	0.91728	
1.01588	0.86456	0.66897	0.8963	
0.98546	0.805	0.62814	0.80244	
1.00767	0.80267	0.61887	0.81757	
0.80804	0.71673	0.5932	0.76349	
0.99283	0.84646	0.64101	0.84255	
1.05227	0.87748	0.67777	0.97476	
1.47261	1.11193	0.84015	1.05377	
0.95055	0.79399	0.60908	0.86617	
1.10454	0.87794	0.71937	0.84625	
1.42611	1.18639	0.72944	0.71134	
0.87163	0.78084	0.61441	0.74074	
0.88089	0.71585	0.576	0.87637	
0.82387	0.7151	0.58523	0.75789	
1.35579	1.07496	0.76295	0.86602	
1.0246	0.86522	0.64314	0.764	
1.09656	0.8379	0.62222	0.90618	
0.76873	0.68782	0.57094	0.79273	
0.87979	0.72507	0.60558	0.77096	
0.87762	0.72189	0.60293	0.84706	
0.8428	0.71225	0.57323	0.78626	
1.14928	1.18149	0.84431	0.97703	
0.7916	0.67434	0.56586	0.7313	
1.25206	1.00312	0.7588	0.97763	
1.00766	0.87492	0.65324	0.87142	
1.27908	0.99673	0.89901	1.05646	
0.95558	0.82349	0.59019	0.68897	
0.97184	0.79261	0.60576	0.76863	
0.80925	0.75456	0.59817	0.7563	
1.7459	1.34602	0.91286	0.91121	
1.20759	1.05759	0.70703	0.85448	
0.81045	0.74663	0.56723	0.81504	
0.83951	0.7372	0.5949	0.80365	
0.94672	0.84949	0.69127	0.82781	
1.38042	1.31258	0.95697	0.74149	
0.91742	0.83728	0.64806	0.85148	
1.14609	0.98587	0.6848	0.83321	
0.8504	0.80524	0.62034	0.77147	
0.97249	0.80637	0.62189	0.9902	
1.01186	0.85689	0.60898	0.85029	
0.96748	0.79901	0.60885	0.8242	
0.97176	0.77893	0.63965	0.80116	
1.61663	1.22598	0.89039	1.08599	
0.94897	0.78122	0.59958	0.83086	
0.93416	0.8396	0.6421	0.84347	
0.85334	0.80341	0.66631	0.84191	
1.01741	0.80586	0.61638	0.78548	
0.84063	0.7239	0.61965	0.7828	
0.86472	0.9909	0.76846	0.61624	
0.86374	0.74663	0.58378	0.8038	
1.32574	1.12306	0.6805	0.52786	
0.98375	0.88143	0.72971	0.87142	
1.27439	1.01558	0.68424	1.00809	
0.89956	0.70615	0.57876	0.78888	
0.99939	0.86499	0.64849	0.83997	
0.95394	0.80181	0.6032	0.7782	
1.02913	0.83121	0.65484	0.9099	
0.84378	0.72728	0.60733	0.82701	
1.16493	1.11217	0.69465	0.67373	
0.80323	0.7991	0.62104	0.78924	
0.7773	0.75756	0.6359	0.77986	
0.74788	0.79459	0.60972	0.82242	
0.8654	0.75574	0.62696	0.86574	
0.89914	0.72859	0.62431	0.84777	
1.06474	0.82194	0.61116	0.84935	
0.83293	0.73361	0.61016	0.80694	
1.35614	1.49327	1.04607	1.00028	
0.82019	0.74791	0.57717	0.76626	
0.79372	0.7056	0.5791	0.74788	
0.80612	0.73628	0.5821	0.69732	
0.87402	0.74647	0.61801	0.82243	
1.52318	1.22617	0.79747	0.86475	
0.91499	0.76822	0.62885	0.81604	
1.3152	1.12292	0.71484	0.73349	
1.09906	0.91763	0.72356	0.85846	
1.04664	0.8276	0.61829	0.78333	
0.66142	0.78976	0.61425	0.49729	
1.1181	0.8769	0.62906	0.8023	
1.3806	1.06372	0.71416	1.07221	
1.47801	1.22986	0.73805	0.8019	
1.09683	0.88067	0.73297	0.95054	
1.00401	0.87421	0.65604	0.81496	
0.87573	0.7983	0.64534	0.83293	
0.96216	0.89686	0.63755	0.9359	
0.68142	1.18215	0.96559	0.74425	
0.7916	0.80459	0.60926	0.71245	
1.10092	0.92963	0.67151	0.87499	
0.84437	0.69361	0.58282	0.7558	
1.05654	0.91239	0.66286	0.88927	
1.35309	1.04928	0.73948	1.0087	
0.99628	0.79839	0.61546	0.86992	
0.90716	0.75892	0.59347	0.82025	
0.83337	0.70998	0.60958	0.72699	
1.22342	0.92705	0.7582	0.83219	
0.79736	0.72521	0.5965	0.79736	
1.08611	0.95661	0.6992	0.79801	
0.85837	0.72301	0.59648	0.78767	
0.82926	0.72547	0.59886	0.89549	
0.50547	0.9857	0.82289	0.63552	
0.928	0.79634	0.65755	0.87791	
0.79872	0.70221	0.61735	0.85281	
1.44302	1.24314	0.74103	0.85674	
0.82011	0.75147	0.63218	0.7828	
0.95573	0.81304	0.63064	0.76628	
0.77997	0.74374	0.62145	0.73607	
0.75016	0.86159	0.64156	0.76879	
1.14381	0.92288	0.67163	0.84392	
0.78249	0.7264	0.60764	0.76426	
0.99346	0.78636	0.58831	0.80704	
0.90461	0.78254	0.65001	0.83911	
0.76842	0.74596	0.55927	0.73339	
1.00084	0.82654	0.64304	0.83346	
1.40748	1.11583	0.81065	0.84532	
1.17651	0.93021	0.66895	0.82646	
0.66866	0.83183	0.60329	0.50314	
1.4634	1.35273	0.9786	1.08205	
1.03683	0.84403	0.68635	0.90581	
0.96879	0.82858	0.64291	0.83752	
0.81991	0.75796	0.60043	0.87213	
1.16162	0.91965	0.67849	0.87763	
1.38373	1.11818	0.79717	0.91025	
0.96684	0.78974	0.63092	0.8195	
0.85955	0.7186	0.62266	0.81556	
0.93533	0.74734	0.63468	0.83415	
0.97412	0.80952	0.66583	0.89589	
0.89735	0.78173	0.60087	0.82129	
0.81686	0.7588	0.62114	0.78207	
1.00335	0.82088	0.6608	0.87496	
0.9226	0.81623	0.68746	0.83486	
0.94843	0.84824	0.64522	0.79947	
1.0761	0.82746	0.67507	0.96925	
1.12656	0.90448	0.62711	0.95905	
0.82245	0.7068	0.59604	0.81386	
0.85852	0.70996	0.60344	0.88277	
1.56608	1.28555	0.87795	0.66899	
0.89577	0.73339	0.60882	0.85688	
1.02964	1.11871	0.84359	0.8967	
0.76859	0.6867	0.59462	0.78806	
1.21547	1.00687	0.85325	0.96673	
1.68543	1.35007	0.90798	0.78649	
0.98174	0.868	0.66899	0.82799	
0.96216	0.7615	0.62009	0.77023	
1.04329	0.87115	0.62684	0.85953	
0.92474	0.74305	0.59015	0.84011	
0.97737	0.85952	0.62112	0.81721	
0.90677	0.82522	0.66024	0.85514	
0.84069	0.7433	0.62892	0.75944	
0.94969	0.82245	0.64822	0.80801	
1.1299	0.82304	0.69416	0.76866	
1.64155	1.25179	0.86097	0.95453	
1.5486	1.22423	0.8596	1.04633	
1.12564	0.93383	0.72482	1.06088	
0.79986	0.77792	0.60489	0.85632	
0.86449	0.68981	0.60694	0.73772	
1.09136	0.88078	0.62002	0.78885	
0.95274	0.81359	0.62207	0.91365	
1.04425	0.84039	0.70081	0.7952	
1.00423	0.8356	0.70519	0.92736	
0.93216	0.76547	0.6481	0.72099	
0.93755	0.77692	0.62566	0.81435	
1.17992	0.9989	0.6847	0.77505	
1.13592	1.00076	0.77451	0.88236	
0.84712	0.90763	0.64499	0.7092	
0.94511	0.78916	0.64708	0.84426	
0.99477	0.79226	0.66668	0.86221	
0.96689	0.85756	0.65057	0.90567	
1.38904	1.16568	0.85665	1.10008	
0.94525	0.7806	0.5789	0.82821	
0.91377	0.78956	0.63805	0.85722	
0.92388	0.75937	0.58556	0.89078	
0.89368	0.72964	0.59778	0.7731	
0.9387	0.77816	0.59804	0.8856	
0.69383	0.7753	0.62664	0.80235	
1.22412	1.03342	0.7224	0.86552	
1.02869	0.90179	0.73745	0.94533	
1.02783	0.83149	0.69066	0.86047	
1.18913	0.88799	0.66622	0.85508	
1.00527	0.86501	0.63023	0.72508	
1.20998	1.02618	0.7175	0.89817	
0.83926	0.69287	0.57536	0.80441	
0.98708	0.81804	0.63492	0.8668	
1.43394	1.11196	0.83992	1.07394	
1.41542	1.05935	0.86855	1.06668	
0.77769	0.72282	0.61433	0.84747	
0.9115	0.78593	0.65253	0.85801	
1.24187	1.00931	0.74941	0.94205	
1.29279	0.98656	0.80248	1.01884	
1.19596	1.01899	0.72756	0.91961	
0.82786	0.67027	0.56666	0.78754	
0.95594	0.74403	0.57548	0.94181	
0.86078	0.7733	0.60455	0.82295	
1.02116	0.90915	0.6806	0.89858	
1.27794	1.02256	0.75666	0.88864	
0.88521	0.77674	0.58068	0.85397	
1.39669	1.14287	0.88224	0.88736	
0.97689	0.8695	0.65293	0.8237	
1.00351	0.86064	0.60689	0.83405	
0.85671	0.76083	0.62742	0.8009	
1.08748	0.87252	0.66219	0.82575	
0.85685	0.72891	0.58298	0.80352	
0.9939	1.13618	0.85501	0.71636	
0.83331	0.7775	0.63032	0.83886	
1.15141	0.95047	0.6213	0.80377	
1.4871	1.24079	0.70433	0.53603	
0.95329	0.83903	0.65079	0.78628	
1.00149	0.84061	0.64534	0.8211	
1.12332	0.90222	0.74748	0.95732	
1.43855	1.23467	0.92602	0.98072	
0.86395	0.71915	0.61417	0.77699	
0.6318	0.89198	0.65428	0.548	
0.81006	0.75302	0.61176	0.82911	
1.00201	0.87864	0.67609	0.94014	
1.14253	0.91787	0.6307	0.87564	
1.62208	1.62938	1.09249	1.18716	
1.00799	0.8154	0.58583	0.77392	
0.79171	0.72244	0.59694	0.72377	
0.86601	0.70155	0.57004	0.82369	
1.2605	1.11751	0.80882	0.87042	
0.93333	0.88678	0.67304	0.89201	
1.45426	1.29857	0.97078	1.01808	
1.06983	0.87261	0.65325	0.90386	
0.9653	0.80545	0.64071	0.80138	
0.95729	0.87094	0.69807	0.87963	
0.79328	0.91918	0.70122	0.76288	
1.04342	0.83781	0.64358	0.90672	
0.92714	0.77939	0.59217	0.7794	
0.89503	0.72306	0.56518	0.75953	
0.92766	0.76565	0.59059	0.76728	
0.89357	0.76113	0.63067	0.88363	
0.88474	0.74569	0.62126	0.84561	
1.04069	0.79642	0.60034	0.90205	
1.02538	0.7837	0.64743	0.89562	
0.85131	0.69805	0.60252	0.87581	
0.63964	0.68227	0.5699	0.48525	
0.96723	0.80673	0.6264	0.89711	
1.02724	0.80765	0.78272	0.85738	
0.88236	0.78318	0.63448	0.83349	
0.9079	0.75308	0.62405	0.7971	
1.22431	1.15713	0.67499	0.57237	
1.01714	0.87011	0.67888	0.88085	
0.96014	0.8165	0.60564	0.80364	
0.77732	0.7101	0.5846	0.7858	
1.34567	1.18799	0.83381	0.77574	
0.96855	0.77469	0.63333	0.80328	
0.87524	0.81288	0.66244	0.87502	
1.05896	0.85409	0.65091	0.89752	
1.17281	0.79448	0.57389	0.86563	
0.90416	0.77315	0.61091	0.93272	
0.93317	0.82244	0.63429	0.82267	
1.12948	0.94129	0.67687	0.89466	
0.95966	0.80003	0.62658	0.88561	
0.91922	0.82643	0.69811	0.88462	
1.06513	0.9379	0.64353	0.83231	
1.09312	0.98809	0.74771	0.93237	
0.90996	0.69938	0.59383	0.82692	
1.21559	1.01532	0.70809	0.85858	
0.95232	0.78869	0.61399	0.83982	
1.16195	0.99388	0.75196	0.87848	
1.08701	0.83342	0.6345	0.67915	
1.03503	0.85885	0.67708	0.89009	
0.9671	0.85389	0.67059	0.98624	
1.06137	0.84154	0.65868	0.82234	
1.24829	1.0022	0.71799	0.92239	
1.08646	0.86629	0.74598	0.90463	
1.1224	0.90798	0.70632	0.97274	
0.96835	0.80488	0.64205	0.92094	
1.4969	1.18615	0.82651	0.94623	
0.96354	0.83692	0.69239	0.93079	
0.907	0.77323	0.62159	0.83829	
0.97591	0.83186	0.63189	0.8556	
1.02295	0.85799	0.67277	0.83711	
1.27072	0.95031	0.74871	0.96601	
0.89598	0.78436	0.60406	0.87401	
0.98827	0.77366	0.61742	0.82938	
0.89997	0.80956	0.66377	0.86382	
0.91917	0.75864	0.618	0.89629	
0.90253	0.74512	0.59392	0.74539	
0.66866	0.83183	0.60329	0.50314	
0.99879	0.78308	0.59299	0.81892	
1.08488	0.86962	0.65484	0.83094	
0.9517	0.79183	0.60792	0.81469	
0.90153	0.7841	0.62052	0.80766	
1.24292	1.01008	0.84456	1.02932	
0.85624	0.78057	0.66099	0.83568	
0.86242	0.74811	0.57557	0.73075	
1.08087	0.88358	0.67803	0.95934	
0.93134	0.72306	0.58661	0.8163	
0.98778	0.82225	0.64226	0.86693	
0.95683	0.8546	0.69272	0.76771	
1.52549	1.52222	1.0306	1.0173	
1.44549	1.23969	0.87753	0.80142	
1.46335	1.34349	0.97402	1.10088	
0.94533	0.78844	0.63017	0.89392	
0.94124	0.78634	0.61888	0.79958	
0.79813	0.74615	0.58833	0.76274	
0.72205	0.65201	0.54723	0.73337	
1.16642	0.91989	0.62972	0.86433	
1.41045	1.23496	0.85084	0.77682	
0.85354	0.72743	0.56359	0.81374	
0.84703	0.69384	0.58305	0.79827	
1.47109	1.1546	0.71532	0.6173	
0.83388	0.71988	0.59284	0.83231	
0.72922	0.72904	0.60104	0.84562	
1.2032	0.9319	0.64587	0.87763	
0.86432	0.72549	0.59005	0.75374	
1.46939	1.30862	0.95494	0.83089	
0.92779	0.78709	0.61666	0.8399	
0.98941	0.80015	0.60184	0.82869	
0.81243	0.72668	0.56424	0.79837	
1.24553	0.99629	0.82721	0.99246	
1.14981	1.03554	0.72479	0.83762	
1.63203	1.30437	0.81337	0.73959	
1.30231	1.00814	0.77998	0.95701	
1.1109	0.93652	0.70452	0.97143	
0.94483	0.82108	0.62287	0.85129	
0.89389	1.00283	0.79263	0.62939	
0.9244	0.75685	0.63963	0.87286	
1.00868	0.85251	0.63406	0.92053	
0.94673	0.92939	0.69929	0.87969	
0.95539	0.90382	0.69182	0.82969	
1.09613	0.94175	0.68917	0.86922	
1.61979	1.20003	0.80315	1.04682	
0.77219	0.71087	0.6097	0.77973	
0.85986	0.69981	0.5712	0.87793	
0.75569	0.72973	0.60788	0.76786	
1.13515	0.92123	0.80145	0.98265	
0.98151	0.80053	0.63071	0.78342	
0.94304	0.75947	0.58472	0.85361	
1.01752	0.81957	0.62048	0.82107	
0.93971	0.87716	0.62339	0.50682	
1.13292	0.91555	0.78477	0.97329	
0.75737	0.71623	0.58207	0.78172	
1.20219	1.38694	0.96858	0.93684	
0.78569	0.74077	0.6125	0.80714	
1.2582	1.13463	0.83078	1.14391	
1.0271	0.82169	0.63353	0.94157	
0.84624	0.73692	0.62255	0.8008	
1.50753	1.15631	0.88347	1.06971	
0.8547	0.73689	0.60735	0.86033	
1.02031	0.89682	0.71932	0.85216	
0.84055	0.72703	0.59448	0.84371	
1.14156	0.85724	0.67707	0.90967	
1.08996	0.83247	0.68904	0.92047	
0.75257	0.79258	0.63027	0.85829	
0.99958	0.81576	0.68972	0.84358	
1.0259	0.79676	0.70676	0.90618	
0.89452	0.79594	0.61797	0.8888	
0.83417	0.7229	0.62732	0.84811	
1.60391	1.33638	0.7649	0.60101	
0.85243	0.72665	0.58192	0.74191	
1.02745	0.81537	0.63631	0.90159	
0.97503	0.83101	0.66781	0.89904	
1.12121	0.96347	0.74811	0.93709	
0.92414	0.77286	0.62693	0.81511	
1.0452	0.80089	0.66795	0.79709	
0.8378	0.6807	0.58194	0.79742	
0.83128	0.73919	0.61248	0.82062	
1.04243	0.83484	0.60228	0.81366	
0.96393	0.95334	0.64202	0.51434	
0.95869	0.76572	0.61892	0.8793	
0.98027	0.80811	0.6068	0.90978	
1.52702	1.22644	0.7912	0.79361	
0.85825	0.75946	0.62651	0.82838	
0.9938	0.87248	0.69453	0.82151	
0.82846	0.74612	0.62745	0.79928	
0.8955	0.82788	0.62174	0.7748	
1.48381	1.11485	0.88566	1.10983	
0.82539	0.72289	0.59882	0.77098	
1.58536	1.29513	0.80209	0.79957	
1.26258	1.01051	0.75517	0.93385	
1.1976	0.92939	0.79188	0.97828	
0.80001	0.75167	0.61385	0.88834	
0.74103	0.81834	0.61904	0.73514	
1.52867	1.25866	0.70903	0.53853	
1.49738	1.33287	0.94268	0.96776	
0.96906	0.76721	0.60069	0.82769	
0.86612	0.72052	0.60141	0.76787	
1.06015	1.00513	0.68903	0.86514	
1.04053	0.97024	0.79153	0.97682	
1.0421	0.84722	0.67377	0.84756	
0.85523	0.78573	0.6179	0.74022	
1.52798	1.17646	0.79724	0.75208	
0.97082	0.87781	0.71612	0.99127	
1.04661	0.85833	0.65724	0.93299	
1.05919	0.895	0.63491	0.90183	
1.18543	0.98792	0.66354	0.74828	
0.92564	0.76026	0.63942	0.86502	
1.18453	0.93625	0.7343	0.89314	
0.8762	0.71045	0.60857	0.8122	
1.02358	0.83164	0.64977	0.86633	
1.14381	0.98106	0.69858	0.84769	
0.95715	0.78668	0.58812	0.82392	
0.8152	0.74182	0.60397	0.81891	
1.23445	1.0064	0.72982	0.91811	
0.84725	0.85519	0.73351	0.91211	
1.08998	0.90244	0.68001	0.85823	
0.94239	0.80774	0.62964	0.74131	
0.97698	0.78491	0.63658	0.90765	
0.88416	0.82648	0.60106	0.69231	
1.20388	0.89333	0.7652	0.9502	
0.88635	0.70875	0.58453	1.05309	
0.86107	0.7103	0.57378	0.87792	
1.30288	1.00687	0.79423	0.94525	
0.30306	0.56897	0.51493	0.76873	
0.67511	0.69371	0.60513	0.73852	
1.34109	1.11947	0.7507	0.85596	
0.79152	0.96345	0.73681	0.6966	
0.98548	0.78739	0.6404	0.73158	
0.87369	0.73844	0.58177	0.81065	
0.92836	0.79673	0.62345	0.90429	
0.89953	0.73005	0.59997	0.84649	
0.93732	0.80866	0.61382	0.78812	
1.13482	0.93185	0.75627	0.91634	
1.09445	0.86065	0.60014	0.85433	
1.03038	0.83673	0.62307	0.88294	
0.8272	0.69515	0.59722	0.8638	
0.93071	0.78236	0.6376	0.82739	
1.00092	0.83629	0.64734	0.88285	
1.02323	0.76605	0.59811	0.7813	
1.12593	0.89558	0.67343	0.74841	
0.95246	0.9541	0.74323	0.61589	
1.39228	1.00565	0.84638	0.89784	
0.88694	0.7905	0.61994	0.80232	
0.84601	0.71119	0.59453	0.76092	
0.93243	0.8085	0.64963	0.82635	
1.03642	0.8232	0.70471	0.88949	
0.8742	0.74337	0.63256	0.78381	
1.11081	1.00852	0.8004	0.94928	
0.96974	0.81826	0.71259	0.82979	
0.97828	0.81101	0.64385	0.86065	
1.02156	0.83933	0.74725	1.06212	
0.94444	0.77403	0.60402	0.8643	
1.11892	0.87053	0.70239	0.90387	
1.05915	0.81931	0.68505	0.86669	
1.07431	1.0838	0.76545	1.00324	
0.81635	0.82882	0.69289	0.87283	
1.13623	0.93587	0.72101	0.91667	
0.98002	0.90983	0.65683	0.87437	
1.17292	0.98134	0.7673	0.98559	
1.22535	1.01588	0.6762	0.83085	
0.92312	0.76374	0.62563	0.81937	
0.87173	0.78842	0.60881	0.78246	
1.22816	0.96276	0.69255	0.90756	
1.47975	1.12608	0.776	0.96323	
1.74776	1.49892	1.02828	1.34507	
1.16112	0.87225	0.61954	0.91422	
0.91304	0.79364	0.65468	0.8724	
1.28351	1.0049	0.77791	1.03174	
1.0221	0.8947	0.68983	0.93677	
1.01326	0.90291	0.73649	0.96333	
1.22809	0.8887	0.81313	0.83562	
0.9792	0.76083	0.56325	0.78541	
0.94925	0.9721	0.65976	0.5427	
0.97941	0.90364	0.70352	0.85922	
0.82796	0.74415	0.59474	0.81553	
1.57881	1.24721	0.94746	1.0911	
0.85438	0.68231	0.56518	0.71071	
1.06941	0.87837	0.7167	0.8831	
1.25364	0.96948	0.64344	0.76578	
0.94236	0.77577	0.62752	0.84524	
1.35723	1.23756	0.89452	1.19468	
0.95641	0.80153	0.60108	0.88512	
0.94311	0.81048	0.64334	0.78659	
0.95388	0.80274	0.64814	0.80344	
0.89658	0.7533	0.63998	0.80881	
1.50497	1.46279	0.98439	0.93205	
0.99162	0.88596	0.59312	0.66233	
1.00149	0.86108	0.63527	0.80391	
1.00221	0.88268	0.62564	0.83459	
0.99826	0.85129	0.66828	0.84642	
1.5428	1.21097	0.87333	1.34197	
0.99766	0.82847	0.65295	0.86582	
0.88819	0.78784	0.62284	0.80007	
1.13299	0.97158	0.72056	0.88207	
0.79851	0.69576	0.56458	0.75034	
0.7509	0.69827	0.58933	0.76501	
0.9705	0.85995	0.62145	0.80126	
0.74303	0.71566	0.63437	0.86961	
0.83099	0.74544	0.59704	0.77889	
0.78448	1.01015	0.81244	0.81535	
1.11522	0.93364	0.69008	0.85859	
0.76783	0.72554	0.58909	0.77444	
0.91645	0.72324	0.61808	0.72639	
1.53813	1.22188	0.84523	0.94146	
0.90014	0.75394	0.60896	0.84867	
0.82714	0.77155	0.61274	0.77878	
1.33836	1.23872	0.90178	0.90501	
1.06319	0.8295	0.58919	0.78412	
0.94206	0.82589	0.65039	0.8561	
0.82091	0.75148	0.62756	0.83539	
0.85233	0.78591	0.6194	0.89262	
0.98185	0.79444	0.61348	0.79122	
1.5465	1.36573	0.92508	1.08697	
1.66079	1.56079	1.0593	0.97803	
1.03219	0.80825	0.60329	0.84638	
1.25161	1.13684	0.87772	1.03858	
0.74857	0.66455	0.55927	0.72545	
1.3726	1.08753	0.76285	0.97199	
1.12333	0.94896	0.66402	0.84538	
1.4391	1.00756	0.74786	0.82479	
0.92285	0.76099	0.61265	0.84935	
0.88831	0.78031	0.66874	0.90168	
1.13552	0.88512	0.7347	0.88135	
1.18485	0.95745	0.69059	0.77425	
0.88866	0.74949	0.61419	0.87101	
0.83875	0.72566	0.58708	0.79842	
1.41496	1.17899	0.79014	0.85904	
1.12771	0.9413	0.75698	0.92709	
0.83661	0.72568	0.60491	0.84967	
0.78394	0.73145	0.59179	0.7722	
1.18613	0.95378	0.67061	0.85896	
0.81303	0.7416	0.62619	0.83199	
0.93796	0.78805	0.63001	0.84056	
1.60225	1.29575	0.89733	0.80631	
0.85099	0.77496	0.63452	0.80722	
0.91214	0.7559	0.57494	0.76087	
1.23175	0.93474	0.71574	0.92187	
1.09387	0.90821	0.67913	0.81473	
0.88073	0.81349	0.67125	0.91529	
0.84567	0.72362	0.64832	0.82766	
0.79842	0.6877	0.57508	0.69853	
1.05086	0.99673	0.74573	0.7721	
1.63365	1.29065	0.92185	1.23115	
1.14464	0.86959	0.579	0.91744	
1.20524	0.95453	0.64462	0.92827	
0.77919	0.72771	0.59855	0.8043	
0.95838	0.78897	0.63868	0.86599	
1.0538	0.84297	0.75115	0.91434	
0.94291	0.86689	0.62571	0.85494	
0.97965	0.82908	0.70078	0.86994	
0.82272	0.71482	0.6049	0.90859	
1.47671	1.13631	0.80569	0.96534	
0.82278	0.76148	0.5974	0.77944	
0.68355	1.2072	1.01449	0.75296	
1.37694	0.99878	0.68862	0.80945	
0.90269	0.74828	0.62459	0.79929	
0.93015	0.76426	0.59316	0.83997	
1.00359	0.94804	0.62259	0.64979	
1.15768	0.95737	0.67414	0.84315	
1.12505	0.88544	0.69666	0.94532	
1.19998	0.99949	0.7616	0.92785	
0.96815	0.79898	0.62996	0.88831	
1.54222	1.20811	0.87105	1.14276	
1.01413	0.81539	0.62056	0.80654	
0.84986	0.72843	0.59434	0.82067	
0.91021	0.72959	0.59868	0.78492	
1.10902	0.86323	0.74077	0.91907	
1.15179	0.92698	0.69377	0.84877	
1.34335	1.10213	0.75605	0.94219	
0.82851	0.70424	0.57382	0.80519	
1.11998	0.87989	0.76029	0.88729	
1.41006	1.20594	0.79622	0.87111	
1.08213	0.95082	0.70479	0.83422	
0.88685	0.72798	0.56304	0.75177	
1.08197	0.9373	0.72557	0.8608	
0.95457	0.8475	0.70775	0.86146	
1.12737	1.12609	0.83099	0.83621	
1.09047	0.87274	0.64834	0.92296	
0.93188	0.81197	0.65026	0.91063	
0.97501	0.77152	0.68043	0.82798	
1.07568	0.97287	0.68756	0.90649	
1.28399	0.99702	0.78924	0.88635	
0.8269	0.7373	0.59598	0.75865	
1.02561	0.83706	0.60936	0.78301	
1.56472	1.32432	0.97424	1.01216	
1.06792	0.91788	0.67036	0.73104	
1.00215	0.8217	0.61962	0.82052	
0.99999	0.79964	0.64166	0.85137	
1.01443	0.84172	0.70879	0.78858	
0.85152	0.72174	0.59662	0.85717	
1.09021	0.91825	0.78354	0.80738	
0.97893	0.79406	0.64	0.76234	
1.04476	0.89713	0.71826	0.92646	
1.09606	0.8454	0.64273	0.90337	
0.94514	0.79838	0.6452	0.79782	
0.8551	0.72969	0.60134	0.81043	
0.98953	0.82802	0.60992	0.78732	
1.1268	0.92007	0.66342	0.85477	
1.10529	0.91376	0.68751	0.92784	
1.50602	1.18049	0.88907	1.00647	
1.10803	1.00246	0.76397	0.96606	
0.87766	0.77601	0.62777	0.81491	
0.79676	0.83968	0.64885	0.8451	
0.78624	0.75249	0.61161	0.78371	
0.99701	0.85434	0.6299	0.97921	
1.15516	0.92147	0.76102	0.96318	
1.43	1.14507	0.90649	1.18112	
0.73203	0.79027	0.66764	0.94461	
0.91508	0.76772	0.6613	0.69232	
1.25692	0.93534	0.79824	0.87017	
1.02651	0.89762	0.63055	0.73533	
0.97187	0.96214	0.62005	0.51147	
1.0864	0.84244	0.68311	0.904	
0.77462	0.68799	0.59158	0.75721	
0.98209	0.85896	0.69259	0.90033	
1.11275	0.85988	0.65623	0.85239	
0.76833	0.73823	0.59605	0.76671	
1.30933	0.9715	0.73394	0.88643	
0.95007	0.79557	0.62537	0.81707	
0.8952	0.7511	0.6203	0.8325	
0.86943	0.758	0.60143	0.80056	
1.58431	1.44167	1.00326	0.86309	
1.14367	0.92883	0.84835	1.0299	
1.34164	1.08784	0.77958	1.00738	
1.248	0.99726	0.78959	0.99305	
0.85749	0.8359	0.65988	0.84771	
0.89251	0.72643	0.63038	0.65377	
0.96651	0.78172	0.62359	0.95345	
1.38338	1.15859	0.86854	1.06567	
0.84995	0.79009	0.65007	0.85675	
0.84846	0.73596	0.60241	0.77071	
0.86581	0.72638	0.59385	0.80693	
0.89165	0.77875	0.62585	0.75797	
0.94585	0.79611	0.59376	0.74246	
0.86167	0.72633	0.56655	0.75096	
1.13834	1.0051	0.64022	0.51419	
0.85769	0.76413	0.60263	0.90429	
0.86819	0.73396	0.61331	0.82591	
1.14023	1.31021	0.93385	0.97423	
0.91477	0.75134	0.59506	0.82364	
1.16306	0.97253	0.63057	0.73147	
0.83574	0.71775	0.60322	0.79623	
1.45158	1.26183	0.91211	1.1137	
1.44428	1.19074	0.74594	0.99258	
1.18404	0.98229	0.71527	0.94515	
1.6759	1.53105	1.03018	1.43605	
1.35604	1.04054	0.83386	0.98532	
0.75722	0.73654	0.58934	0.73287	
0.85595	0.77959	0.64601	1.03999	
1.1498	0.91034	0.64477	0.77968	
1.05971	0.79528	0.61611	0.78005	
0.99159	0.85506	0.66742	0.89885	
1.23852	0.99848	0.75953	0.94953	
1.00015	0.85097	0.63982	0.88531	
1.02882	0.87317	0.67475	0.8243	
0.90052	0.72108	0.6104	0.7697	
0.88763	0.73273	0.58401	0.80238	
0.91358	0.78633	0.62474	0.82383	
1.20564	0.91419	0.72309	0.97367	
1.12969	0.89792	0.67875	0.94187	
1.00746	0.85356	0.6771	0.82588	
1.63443	1.289	0.93353	0.9269	
0.88775	0.74018	0.57075	0.90731	
0.95134	0.7522	0.62775	0.85043	
0.8423	0.7604	0.61161	0.77353	
0.89109	0.72641	0.60749	0.82492	
1.57529	1.27668	0.8885	0.93365	
1.11318	0.86489	0.74884	0.88534	
1.31646	1.09307	0.78704	0.93908	
1.37173	1.07082	0.84195	0.94759	
0.84346	0.70753	0.56044	0.81351	
0.84957	0.74775	0.64848	0.79848	
1.11474	0.91018	0.67217	0.79419	
0.78789	0.68158	0.59687	0.76541	
0.97217	0.86831	0.65859	0.87907	
0.82422	0.72827	0.59039	0.80154	
1.02558	0.91217	0.68173	0.83808	
0.80169	0.66506	0.58238	0.90845	
0.85475	0.73956	0.63223	0.7999	
1.00535	0.83311	0.61745	0.79049	
1.08766	0.87639	0.67979	0.86352	
0.94718	0.98699	0.65945	0.52554	
0.85008	0.76958	0.62219	0.81263	
0.0	1.12091	0.93138	0.73226	
1.07255	0.75433	0.5939	0.82622	
0.95346	0.77871	0.68151	0.77759	
1.26688	1.17577	0.86451	0.9045	
1.03129	0.84588	0.65883	0.87528	
1.2664	1.04322	0.68615	0.82163	
0.9619	0.84414	0.63308	0.76313	
1.03042	0.86041	0.67061	0.88713	
0.91505	0.76859	0.62482	0.85828	
1.33217	1.06503	0.8587	1.00133	
1.05358	0.87689	0.68086	0.90425	
0.93919	0.79159	0.64469	0.86573	
0.97357	1.04673	0.76016	0.81532	
1.05685	0.7629	0.65811	0.69551	
1.0645	0.83793	0.67	0.94901	
0.99628	0.83785	0.71921	0.85208	
1.16879	1.08724	0.79585	0.63243	
1.07368	0.85033	0.65044	0.82554	
1.14566	1.1183	0.78115	0.77814	
0.84596	0.76601	0.61728	0.75354	
0.91221	0.75616	0.64471	0.84173	
0.87929	0.74996	0.62417	0.82598	
1.39832	1.11174	0.80527	0.97261	
1.01291	1.00498	0.71082	0.85727	
0.83434	0.68621	0.58703	0.77232	
0.98537	0.79922	0.58152	0.79025	
0.8474	0.70452	0.62408	0.88968	
1.03058	0.81202	0.63742	0.94585	
1.13478	0.83117	0.60842	0.75406	
0.95146	0.85242	0.6643	0.8123	
0.89234	0.77507	0.61375	0.85015	
1.58173	1.61217	1.14423	1.10358	
1.05042	0.84972	0.67936	0.89557	
0.93234	0.77284	0.58435	0.76614	
1.06312	0.91824	0.68283	0.9049	
1.61492	1.25212	0.78464	0.67721	
0.91269	0.70954	0.58156	0.88929	
0.96619	0.97275	0.64112	0.51522	
1.00064	0.81379	0.65657	0.78512	
1.0722	0.85392	0.65447	0.82595	
1.0285	0.8984	0.66428	0.87032	
0.87109	0.86822	0.71711	0.90607	
1.15129	1.0512	0.72528	0.89276	
0.91185	0.68308	0.57981	0.80522	
1.01793	0.87815	0.64281	0.77057	
1.0275	0.87462	0.66786	0.84537	
1.08832	0.8259	0.61279	0.95431	
0.81767	0.72648	0.58583	0.81341	
0.94947	0.86374	0.69785	0.89545	
0.8795	0.808	0.6038	0.75591	
1.19233	1.01274	0.67213	0.69628	
0.83669	0.77344	0.65055	0.78181	
1.03696	0.87699	0.74964	0.99801	
1.03822	0.82352	0.62538	0.82952	
0.90093	0.72427	0.59406	0.81585	
0.93624	0.8561	0.63965	0.81293	
0.95843	0.89105	0.63708	0.8356	
0.84775	0.68058	0.57079	0.79842	
1.73201	1.45971	1.00792	1.28543	
0.84075	0.76269	0.64339	0.88954	
1.10333	0.94275	0.80809	0.92187	
0.73752	0.68366	0.57522	0.812	
0.81444	0.71764	0.56435	0.68792	
0.78808	0.76533	0.59089	0.76086	
1.03934	0.87923	0.67263	0.86156	
1.12749	1.18298	0.86197	0.84677	
0.96453	0.83331	0.63778	0.8658	
1.05728	0.81057	0.68275	0.69859	
0.97279	0.78834	0.61599	0.82995	
0.96368	0.77652	0.62694	0.84615	
0.8188	0.73798	0.62137	0.86236	
1.09211	0.92499	0.69714	0.90182	
1.00282	0.84591	0.68374	0.93869	
1.36218	1.02501	0.82347	1.0424	
1.16496	1.10162	0.7285	0.69162	
0.72947	0.74293	0.61379	0.73864	
0.79878	0.69565	0.57849	0.71486	
0.8392	1.09309	0.86522	0.87371	
1.02667	0.90701	0.65527	0.86914	
1.15279	0.95713	0.66469	0.89922	
1.25619	1.05658	0.77824	0.94158	
1.00347	0.82526	0.65725	0.92348	
0.99361	0.84062	0.66054	0.87633	
1.45348	1.15105	0.9302	1.10556	
1.31204	1.16574	0.81555	0.87228	
0.93472	0.78317	0.59682	0.82947	
1.23032	0.91425	0.77234	0.94671	
0.94221	0.87764	0.69695	0.96581	
1.00184	0.8058	0.62384	0.8827	
1.55979	1.17073	0.81134	0.97888	
0.96194	0.81646	0.63362	0.86744	
0.86855	0.70663	0.58795	0.81458	
0.87551	0.83036	0.73331	0.8685	
0.82277	0.72088	0.61466	0.85097	
1.61765	1.5744	1.05958	0.97858	
1.49242	1.26274	0.84187	0.72591	
0.91671	0.76498	0.60309	0.9047	
0.76146	0.67286	0.55677	0.72411	
0.97533	0.7898	0.6428	0.8058	
1.61988	1.39192	1.10296	0.95955	
0.89784	0.79123	0.63374	0.91466	
0.99735	0.83924	0.64175	0.82359	
1.04728	0.82444	0.63198	0.81632	
1.21562	1.02561	0.79716	0.95386	
0.84269	0.70349	0.59341	0.83556	
0.82021	0.95001	0.76259	0.79327	
1.02462	0.88654	0.68309	0.92801	
1.25344	1.07054	0.6975	0.87916	
1.00689	0.80974	0.63118	0.84947	
1.02788	0.80599	0.66322	0.81252	
0.97309	0.76193	0.61684	0.92646	
0.81522	0.67388	0.56333	0.7337	
0.8754	0.71517	0.60086	0.83078	
0.76153	1.0053	0.82582	0.8398	
0.72427	0.71813	0.61509	0.79642	
1.02669	0.76046	0.57582	0.82689	
0.90722	0.82457	0.67144	0.83625	
1.05546	0.79578	0.62701	0.89495	
0.88477	0.73639	0.59254	0.74346	
0.91804	0.73449	0.59779	0.8423	
1.08792	1.01596	0.73334	0.71216	
1.24433	0.97106	0.74392	0.98152	
1.03637	0.8495	0.64451	0.85246	
0.88175	0.73712	0.60899	0.86165	
1.02331	0.84052	0.61408	0.80205	
1.40135	1.12846	0.74792	0.81525	
1.24172	1.00135	0.70597	0.96177	
0.96895	0.77073	0.60965	0.862	
0.96637	0.81827	0.62648	0.84418	
0.96871	0.80592	0.62325	0.91994	
1.04661	0.9537	0.71782	0.84959	
0.99505	0.88575	0.66505	0.87193	
0.87694	0.85387	0.67843	0.92853	
1.01032	0.81976	0.63364	0.90797	
1.29237	0.94325	0.67177	0.93065	
0.86057	0.78144	0.66232	0.82265	
1.50912	1.22714	0.91174	1.26666	
1.2692	1.04462	0.85539	1.00065	
1.56098	1.28537	0.88367	0.94218	
1.01243	0.84645	0.62978	0.90247	
0.81359	0.71896	0.60563	0.82857	
0.80069	0.7424	0.59251	0.77157	
1.00908	0.83247	0.65794	0.8561	
1.06227	0.88669	0.6517	0.88182	
0.99354	0.85206	0.6281	0.7851	
0.78921	0.73261	0.59016	0.79588	
0.80541	0.72738	0.60006	0.85462	
1.20585	1.03947	0.84111	1.07985	
0.78839	0.74759	0.58963	0.80547	
1.07071	0.95666	0.79351	0.9661	
1.07358	0.93597	0.67298	0.78435	
0.92481	0.72307	0.59709	0.85023	
1.17075	1.0826	0.80328	0.9995	
1.3531	1.01568	0.75627	0.89834	
0.97805	0.8409	0.66247	0.8137	
0.98424	0.80723	0.59079	0.81797	
1.29316	1.12748	0.73349	0.85585	
0.88152	0.71339	0.57628	0.79573	
0.81703	0.71507	0.59693	0.73572	
1.52731	1.17511	0.85631	1.11487	
1.26943	0.95753	0.71762	0.85547	
0.8427	0.72327	0.62397	0.85271	
1.02688	0.84448	0.65671	0.83195	
0.83151	0.71643	0.5916	0.78416	
0.74635	0.70625	0.56613	0.73302	
1.01799	0.8225	0.62535	0.86028	
0.86204	0.73503	0.60737	0.87452	
0.99718	0.90806	0.67818	0.93148	
1.18255	1.03186	0.83439	1.06816	
1.65328	1.4271	0.98819	1.39317	
1.4178	1.15571	0.90253	1.04525	
1.12762	0.86816	0.60483	0.88552	
0.92423	0.76742	0.61364	0.75383	
0.936	0.76939	0.62935	0.729	
1.08259	0.89628	0.68085	0.81309	
1.51039	1.1041	0.91257	1.16114	
0.9467	0.79197	0.64472	0.90711	
0.85011	0.68855	0.59475	0.78273	
0.89827	0.74492	0.60692	0.77746	
0.9885	0.81032	0.74182	0.73321	
1.21179	1.02595	0.72542	0.84491	
0.90306	0.75984	0.65429	0.79474	
0.76258	0.73538	0.58961	0.86563	
0.81214	0.65192	0.55356	0.76112	
0.90014	0.82432	0.63244	0.7936	
1.33362	1.07339	0.83974	1.01826	
0.93807	0.7845	0.62009	0.79271	
0.58072	0.94806	0.72314	0.57218	
1.06908	0.96034	0.71498	0.89653	
0.85375	0.75492	0.66747	0.8497	
0.93009	0.75783	0.65634	0.92828	
1.16484	0.99496	0.64482	0.72085	
1.21957	0.9754	0.78617	0.96617	
1.15887	0.97951	0.71885	0.92861	
1.02206	0.82444	0.73103	0.89987	
0.81276	0.72558	0.5884	0.80778	
0.9205	0.73206	0.61752	0.79363	
0.93762	0.85069	0.63972	0.82028	
0.75871	0.73922	0.62347	0.78419	
1.10016	0.8937	0.63912	0.82678	
1.44045	1.19936	0.69218	0.53328	
0.89755	0.80876	0.65925	0.85658	
0.92004	0.85206	0.68014	0.85259	
1.08596	0.88623	0.65437	0.88854	
0.82533	0.68258	0.59169	0.76238	
0.97984	0.83472	0.657	0.82565	
0.73433	1.06076	0.90266	0.95541	
1.08857	0.84286	0.67893	0.77014	
0.89966	0.74805	0.60077	0.85556	
1.25217	1.045	0.73191	0.94426	
1.1856	0.93958	0.67054	0.88792	
1.00176	0.85019	0.62071	0.82804	
0.86955	0.73738	0.62008	0.76744	
1.31646	1.0356	0.74898	0.92123	
1.51077	1.13845	0.86597	1.02181	
0.73766	0.73614	0.59476	0.76542	
0.95794	0.83725	0.63908	0.79431	
1.14765	1.06063	0.82017	0.97971	
0.89341	0.79143	0.68679	0.82584	
0.96134	0.76997	0.61657	0.81808	
1.18039	0.9408	0.73046	0.92212	
1.43054	1.10401	0.81569	0.94364	
0.96335	0.77457	0.59151	0.82277	
0.81536	0.89054	0.65057	0.73171	
0.73986	1.059	0.81843	0.9472	
1.31818	0.99954	0.71225	0.94907	
1.70422	1.38124	1.02628	0.94008	
1.46664	1.31113	0.85214	0.6607	
1.21388	1.04971	0.79503	1.0736	
1.17552	0.89611	0.66799	0.69848	
0.8686	0.7273	0.59429	0.82151	
1.16418	0.9047	0.76394	0.8623	
0.83479	0.72766	0.61239	0.83826	
0.80514	0.68787	0.5888	0.72829	
1.24094	1.2336	0.95981	1.02077	
1.00859	0.78379	0.57867	0.77432	
1.05715	0.81565	0.66619	0.8534	
1.00802	0.81062	0.66009	0.76272	
0.86917	0.7795	0.68311	0.76349	
0.98544	0.79719	0.61649	0.81454	
1.64892	1.303	0.91295	0.91391	
0.94059	0.80673	0.60969	0.82979	
0.99076	0.80572	0.59563	0.82408	
1.07424	0.85477	0.68213	0.8903	
1.34306	1.11429	0.74273	0.9323	
1.21325	1.03235	0.81171	0.89225	
1.54688	1.15403	0.90173	1.10499	
0.81708	0.74651	0.62055	0.84612	
0.7457	0.70221	0.58998	0.73473	
1.05438	0.86115	0.7295	0.92179	
0.99385	0.80439	0.59941	0.80217	
0.95336	0.91064	0.74504	0.79953	
0.84312	0.75931	0.61531	0.79228	
1.03543	0.88	0.66173	0.8377	
0.85476	0.78193	0.654	0.75865	
1.05919	0.87856	0.67554	0.85508	
1.46629	1.15175	0.73005	0.92615	
0.85741	0.72546	0.59253	0.83518	
1.07029	0.95318	0.71221	0.97778	
0.99659	0.98385	0.78182	0.93679	
0.93643	0.78895	0.65087	0.78173	
1.26299	0.94533	0.75339	0.97545	
0.81847	0.75112	0.61202	0.8157	
1.2486	0.92697	0.83806	0.94504	
0.94477	0.78574	0.62302	0.82951	
1.3554	1.10401	0.86425	1.00605	
1.49339	1.3789	1.00482	1.05726	
0.85145	0.76662	0.57439	0.94466	
0.94653	0.79435	0.60544	0.81232	
0.95851	0.7968	0.629	0.83789	
1.14576	1.02092	0.66336	0.70249	
0.6151	0.66688	0.58567	0.7608	
0.89976	0.77349	0.59522	0.77809	
0.83099	0.68669	0.56942	0.77638	
0.83801	0.73604	0.59113	0.85512	
1.50175	1.14304	0.83736	1.31704	
1.33167	1.06565	0.7813	0.97595	
1.57128	1.6201	1.12456	1.15732	
0.8894	0.75968	0.62461	0.8488	
0.9673	0.82944	0.6049	0.88208	
0.84291	0.69937	0.55594	0.77976	
0.97672	0.80728	0.64427	0.87439	
0.91805	0.84822	0.62565	0.83331	
1.47465	1.10194	0.86613	1.07821	
1.07978	0.93977	0.68093	0.85626	
0.99682	0.89179	0.6629	0.73421	
1.21645	1.00809	0.69571	0.86749	
1.07517	0.99587	0.71384	0.79563	
0.98261	0.79768	0.66002	0.8513	
1.07551	0.97298	0.67185	0.73979	
0.8921	0.75163	0.60675	0.91643	
1.03518	0.88689	0.63906	0.91483	
0.87329	0.84659	0.62477	0.83806	
1.23864	0.97908	0.72857	0.83592	
1.07344	0.92898	0.75337	1.01034	
0.89023	0.7795	0.66687	0.82165	
1.5991	1.32919	0.93566	0.70007	
1.11775	0.97079	0.64347	0.5169	
0.84871	0.9604	0.79961	0.94887	
1.00207	1.04657	0.81581	0.75318	
0.90923	0.91125	0.60482	0.76701	
0.85883	0.69136	0.57375	0.81937	
0.86209	0.70751	0.61743	0.82703	
1.25961	0.93563	0.82765	0.82043	
0.94239	0.94126	0.64463	0.74047	
0.94022	0.83131	0.62192	0.83629	
0.83503	0.71135	0.61583	0.85166	
0.85372	0.75093	0.60098	0.84115	
0.98561	0.9264	0.69536	0.8896	
0.9169	0.89081	0.69814	0.89959	
0.63066	0.78162	0.64615	0.8145	
1.16636	0.92984	0.66321	0.90071	
1.08991	1.17992	0.87465	0.68908	
0.9908	0.84468	0.64209	0.85288	
1.01625	0.8661	0.65172	0.85751	
0.91286	0.74544	0.59722	0.83189	
0.79298	0.66207	0.58274	0.84672	
1.07432	0.86768	0.7172	0.90004	
0.93458	0.83373	0.64899	0.86347	
1.05998	0.85399	0.70216	0.90797	
1.12124	0.83437	0.65875	0.68982	
0.88301	0.70249	0.5819	0.74031	
1.01262	0.9504	0.75118	0.96858	
1.12958	0.86844	0.73453	0.91819	
1.22514	1.05783	0.6834	0.77998	
0.76322	0.76473	0.61237	0.7441	
0.95289	0.76752	0.61365	0.82244	
0.91863	0.78244	0.62494	0.93478	
1.00789	0.81967	0.60224	0.84839	
0.90832	0.77804	0.59761	0.79118	
0.90457	0.78355	0.64013	0.85199	
1.02553	0.87126	0.71282	0.91782	
1.26312	1.14321	0.80585	1.04546	
1.37305	1.0315	0.7521	0.95957	
1.1755	0.93241	0.73278	0.88299	
1.11279	0.89514	0.67134	0.89913	
1.02928	0.79514	0.6534	0.69526	
1.08687	0.91626	0.77768	0.90162	
0.86378	0.68674	0.5863	0.88835	
1.01187	0.82639	0.64823	0.85825	
1.27863	1.08995	0.78252	0.91641	
1.34853	1.20813	0.83788	1.04632	
0.90012	0.75684	0.61359	0.79373	
0.86766	0.74587	0.60436	0.77827	
1.54764	1.27383	0.78832	0.72173	
0.84676	0.70693	0.57272	0.78498	
0.87118	0.71506	0.57706	0.88079	
0.87322	0.72599	0.59843	0.87526	
0.92725	0.80931	0.65843	0.86726	
1.12664	0.90102	0.65194	0.8461	
0.93764	0.79477	0.68059	0.77516	
1.00065	0.77064	0.61849	0.84686	
0.65722	0.73334	0.58871	0.78918	
0.9441	0.7928	0.64213	0.7948	
0.87966	0.69203	0.58007	0.76731	
0.99161	0.82279	0.62892	0.81319	
0.82747	0.74852	0.63324	0.7873	
1.42541	1.24558	0.93193	1.00524	
0.90764	0.77048	0.61193	0.87918	
1.3256	1.26696	0.92157	0.78973	
1.12496	0.91644	0.69663	0.91381	
1.63229	1.2705	0.93992	1.05824	
1.22974	0.94572	0.69303	0.90891	
0.86496	0.7534	0.60361	0.74365	
0.84708	0.84237	0.66434	0.7663	
1.03879	0.85796	0.69006	0.71056	
0.94756	0.86992	0.70731	0.87446	
1.02729	0.83593	0.66998	0.83044	
0.8654	0.76917	0.59499	0.83276	
0.9726	0.76774	0.64937	0.77452	
1.07749	0.89444	0.62543	0.88214	
1.16069	1.0676	0.84159	1.01158	
1.20429	1.3465	0.88423	0.84201	
1.1567	1.11998	0.88864	1.00158	
1.1063	0.94375	0.70915	0.91147	
1.09277	0.84174	0.63345	0.91798	
1.55647	1.26566	0.71261	0.54428	
0.99247	0.91925	0.64377	0.78627	
1.17134	0.89457	0.72983	0.90206	
1.5025	1.19857	0.81891	0.91987	
0.84775	0.70222	0.58861	0.78696	
1.07639	0.9527	0.70889	0.85739	
0.91027	0.77099	0.62639	0.82336	
1.1718	0.91674	0.66082	0.92835	
0.94704	0.7802	0.59874	0.79559	
0.88647	0.71425	0.58873	0.89323	
0.99335	0.77148	0.63	0.87633	
1.00689	0.81441	0.64944	0.95544	
0.89229	0.92581	0.6377	0.74453	
0.96948	0.93683	0.73192	0.82499	
1.01212	0.91037	0.77077	0.87462	
0.91741	0.7758	0.62542	0.77661	
0.95484	0.80555	0.64468	0.80975	
1.15934	0.98496	0.73832	0.83971	
0.97439	0.82456	0.6331	0.81879	
0.97845	0.79462	0.65056	0.87617	
1.11357	0.92187	0.75495	0.95473	
1.14362	0.92276	0.70676	0.85274	
1.54672	1.50552	1.0528	0.97663	
0.66415	0.81824	0.60678	0.50031	
1.78028	1.70054	1.11958	1.49835	
0.80154	0.7354	0.57972	0.79841	
0.80421	0.69146	0.56334	0.75088	
0.90845	0.75821	0.62229	1.03401	
1.23365	1.01377	0.72929	0.88871	
0.99168	0.81098	0.61984	0.94137	
0.91165	0.77488	0.63573	0.89271	
0.89743	0.85448	0.61786	0.74354	
0.92772	0.82674	0.73506	0.78578	
0.82624	0.70547	0.57962	0.74953	
1.07046	0.91526	0.76751	0.98501	
1.12566	0.99594	0.8022	0.8811	
0.73712	0.69434	0.57651	0.75266	
0.89257	0.80932	0.66602	0.84603	
1.15459	0.94686	0.64468	0.91405	
0.8534	0.7128	0.59135	0.81139	
0.91224	0.76245	0.61482	0.77004	
0.99723	0.8699	0.63964	0.78007	
0.87825	0.75637	0.63363	0.79978	
1.27093	1.03592	0.79628	0.98347	
0.81459	0.69732	0.58478	0.81013	
0.94028	0.81319	0.64429	0.82344	
1.08185	0.83487	0.66912	0.86522	
1.02972	0.80455	0.71811	0.78055	
0.99214	0.80243	0.60732	0.85051	
1.27708	0.96029	0.75691	0.85785	
0.87103	0.76796	0.6202	0.83357	
0.87737	0.79038	0.62005	0.81097	
1.36954	1.07073	0.82866	1.12599	
1.08601	1.01976	0.70149	0.75897	
1.10386	0.97055	0.76036	0.89052	
1.19853	1.01572	0.71974	0.91409	
0.60194	0.71533	0.64457	0.77204	
1.0472	0.85717	0.65453	0.94257	
0.82374	0.73721	0.62663	0.80919	
0.90328	0.74406	0.61321	0.85163	
1.02647	0.82079	0.69057	0.83361	
1.44153	1.23108	0.90807	0.82006	
1.36807	1.03449	0.84921	0.97081	
1.11344	0.95839	0.69628	0.88701	
1.12148	0.84517	0.68957	0.99649	
1.47894	1.19427	0.77296	0.867	
0.77884	0.7194	0.58183	0.73158	
0.85825	0.73986	0.61078	0.78784	
1.04951	0.85206	0.64973	0.9142	
0.8389	0.89544	0.72549	0.88114	
1.34968	1.19867	0.96329	0.92721	
0.85987	0.72774	0.58709	0.87237	
0.86034	0.78038	0.62088	0.86441	
1.32121	1.13349	0.82195	0.95177	
0.99604	0.78883	0.6496	0.81035	
1.23538	0.99177	0.77757	0.90932	
0.70576	0.7019	0.58155	0.82371	
1.0429	0.82051	0.65373	0.92709	
1.46461	1.21243	0.82394	0.80745	
0.88141	0.76014	0.64185	0.788	
0.96507	0.79796	0.67708	0.89303	
0.80071	0.73333	0.60784	0.7587	
0.97828	0.81383	0.64322	0.83713	
0.75087	0.69583	0.64127	0.82176	
0.51232	0.94853	0.75695	0.5963	
0.80173	0.73611	0.60805	0.81538	
0.71274	0.7507	0.65563	0.77071	
1.15797	0.88456	0.73349	0.92665	
1.05821	0.9188	0.67341	0.863	
1.00992	0.85155	0.71024	0.8848	
1.04735	0.96974	0.68016	0.88491	
1.08216	0.81173	0.60076	0.84012	
0.99249	0.83441	0.64471	0.91246	
1.55541	1.41322	1.00208	0.85878	
0.9701	0.79262	0.61256	0.82733	
1.0248	1.13089	0.85923	0.82687	
0.81124	0.90421	0.74708	0.85656	
1.02149	0.92023	0.67487	0.8384	
0.78184	0.76803	0.62928	0.88988	
0.99072	0.83629	0.67259	0.80999	
0.80484	0.68899	0.58009	0.74836	
0.83696	1.23944	0.99729	0.82543	
1.15011	0.90369	0.72395	0.88048	
0.89646	0.82476	0.62296	0.80598	
1.39655	1.26757	0.90428	0.69786	
1.04237	0.91354	0.6338	0.77594	
0.85052	0.81257	0.61872	0.73539	
1.09675	0.83487	0.72907	0.83772	
0.90551	0.89409	0.65419	0.74712	
0.94762	0.78397	0.63891	0.82145	
1.04819	0.85932	0.67807	0.87159	
1.43018	1.24521	0.735	0.62463	
0.8652	0.72611	0.614	0.79496	
0.90156	0.80409	0.60238	0.76386	
0.93085	0.76092	0.62756	0.71797	
1.04187	0.86193	0.6721	0.8267	
1.15148	1.01676	0.76351	0.93825	
1.59449	1.63746	1.06537	1.0595	
1.39838	1.19865	0.68748	0.53207	
0.88416	0.76767	0.59934	0.88482	
0.8091	0.81545	0.59332	0.72112	
0.84577	0.72811	0.61997	0.75176	
1.39836	1.01502	0.73307	0.95186	
1.21221	0.82117	0.6707	0.87614	
0.83521	0.72197	0.58167	0.86283	
0.94942	0.79474	0.66934	0.88758	
0.86747	0.74526	0.61958	0.79185	
0.99246	0.86103	0.5972	0.73531	
0.91005	0.73075	0.61862	0.6454	
0.9437	0.76647	0.63205	0.8083	
0.96653	0.86123	0.68412	0.87539	
0.83653	0.70334	0.58868	0.76563	
0.92238	0.78261	0.62719	0.85636	
0.96292	1.02628	0.76746	0.80905	
1.15753	0.92768	0.69056	0.87575	
1.27601	0.95951	0.68168	1.03151	
0.68622	0.76539	0.62372	0.78766	
0.87123	0.74135	0.60797	0.77164	
0.9978	0.81577	0.67462	0.91029	
0.93028	0.85011	0.6046	0.72864	
1.43697	1.24858	0.93076	1.09319	
0.96865	0.83887	0.63958	0.83226	
0.92145	0.87253	0.68996	0.80377	
0.86356	0.71047	0.57124	0.86851	
1.17036	0.87576	0.65159	0.81305	
1.04723	0.85821	0.63768	0.79054	
1.17625	0.84464	0.65724	0.70756	
0.87917	0.73491	0.5993	0.81804	
0.91076	0.76952	0.63286	0.81211	
0.79313	0.71608	0.61507	0.90192	
1.62205	1.388	1.01309	0.93635	
1.17985	0.85276	0.78485	0.96553	
1.04291	0.81147	0.66064	0.78424	
0.78227	0.71721	0.58187	0.75739	
1.00934	0.76849	0.58789	0.76119	
0.89239	0.79616	0.64543	0.82169	
0.85311	0.69922	0.60918	0.83606	
0.84945	0.74176	0.6524	0.86027	
0.94628	0.78831	0.63029	0.81392	
1.02173	0.84744	0.72339	0.9143	
1.09507	0.92745	0.62658	0.82179	
1.01496	0.83302	0.6558	0.89074	
0.65829	0.7623	0.59618	0.49616	
0.91892	0.76319	0.64248	0.81935	
1.25088	0.91787	0.75745	0.81861	
1.06916	0.84761	0.61835	0.76729	
0.94819	0.84819	0.57585	0.73551	
1.52059	1.21277	0.731	0.62929	
0.88279	0.70747	0.59819	0.81863	
1.04098	0.8524	0.65816	0.86561	
1.21356	1.05609	0.76307	0.83771	
1.54948	1.26917	0.9716	1.16945	
1.00742	0.81801	0.68375	0.8601	
1.31323	1.0766	0.68699	0.7351	
1.19032	0.93001	0.73717	0.93833	
0.73863	0.69598	0.60278	0.83758	
1.4864	1.34438	0.97839	0.91156	
0.95164	0.75779	0.62735	0.79448	
1.14437	0.8793	0.70386	0.78294	
0.84293	0.75784	0.60185	0.84358	
1.11977	0.8848	0.6396	0.86474	
1.16828	0.92361	0.69391	0.9043	
1.01743	0.79178	0.68926	0.94857	
0.83116	0.83053	0.67042	0.80506	
0.97679	0.86556	0.69748	0.78574	
1.3355	1.04872	0.86608	1.02341	
1.10549	0.85789	0.70301	0.91138	
0.91349	0.8024	0.64349	0.87376	
0.98299	0.80049	0.6362	0.89261	
1.51581	1.17092	0.91784	1.13525	
1.15657	0.9291	0.69675	0.86385	
1.01596	0.81456	0.67759	0.72443	
0.79648	0.74406	0.67474	0.83457	
0.94761	0.76727	0.62735	0.85945	
1.02658	0.8317	0.62136	0.89919	
0.87266	0.705	0.58861	0.77481	
1.02995	0.87584	0.69574	0.9355	
0.90023	0.72245	0.56888	0.86621	
1.03594	0.90558	0.68726	0.85468	
1.68199	1.27075	0.95518	1.17876	
1.07596	0.88506	0.71976	0.88096	
0.83519	0.69959	0.60492	0.78258	
0.82564	0.70659	0.60634	0.79419	
1.14413	0.88606	0.66156	0.87562	
0.76066	0.65711	0.57342	0.71257	
1.22895	0.99491	0.71483	0.83997	
0.8901	0.77107	0.59484	0.82623	
1.13882	0.86907	0.64784	0.86433	
0.80918	0.80579	0.60513	0.78398	
1.11026	0.88345	0.66105	0.85333	
1.0418	0.83891	0.62992	0.8523	
0.82452	0.68298	0.58989	0.89212	
1.13468	0.90962	0.69878	0.75375	
1.47182	1.24989	0.90145	0.78842	
0.90909	0.78986	0.63968	0.88629	
1.10412	0.86276	0.68665	1.02573	
0.92512	0.75689	0.61673	0.8408	
1.0624	0.91088	0.70118	0.87475	
1.12707	0.8993	0.62845	0.74866	
0.84672	0.78695	0.62566	0.85506	
0.81432	1.07915	0.84311	0.73789	
0.85096	0.84834	0.6807	0.81469	
0.83846	0.76694	0.60237	0.89847	
1.02262	0.80956	0.62987	0.83002	
0.91493	0.7484	0.62663	0.80341	
1.07555	0.8433	0.66647	0.83572	
1.0586	0.86804	0.62556	0.87254	
0.79578	0.80474	0.60117	0.76205	
0.91974	0.88624	0.73103	0.89702	
0.78503	0.72923	0.61775	0.80974	
1.27696	1.06847	0.74218	0.885	
0.97385	0.83458	0.66666	0.91305	
1.02386	0.79243	0.59937	0.90961	
0.8874	0.71867	0.60526	0.80129	
0.99619	0.80606	0.62762	0.79811	
1.22768	1.07008	0.76393	0.78698	
0.95186	0.99782	0.7402	0.66754	
0.8697	0.747	0.61785	0.90555	
0.89124	0.8021	0.56175	0.70405	
0.99054	0.90067	0.68029	0.91428	
0.90514	0.79832	0.64225	0.77226	
0.9251	0.82759	0.63549	0.81642	
0.96258	0.77739	0.6428	0.81254	
1.22324	0.91217	0.68013	0.92192	
1.02509	0.8438	0.69564	0.86792	
1.11857	0.84659	0.71348	0.76107	
0.87031	1.06036	0.76097	0.61665	
0.88039	0.78527	0.6281	0.83037	
1.11444	1.15085	0.84056	0.72363	
1.14477	1.05841	0.75364	0.77422	
0.66655	0.8478	0.60451	0.50218	
0.848	0.76068	0.5877	0.75053	
0.77381	0.70746	0.59372	0.81452	
0.90523	0.7053	0.56569	0.86091	
0.93516	0.97919	0.71957	0.76624	
1.19088	0.87458	0.70166	0.87559	
1.82437	1.61356	1.08482	1.42604	
0.82648	0.75515	0.61738	0.79999	
1.27364	1.1153	0.84442	0.90274	
0.93069	0.88058	0.68029	0.81828	
0.82733	0.73016	0.61993	0.7305	
0.86994	0.7487	0.62744	0.74617	
0.98057	0.78563	0.61058	0.84821	
0.9092	0.78477	0.58185	0.80048	
1.084	0.96871	0.69382	0.84074	
1.26972	0.86961	0.71191	0.89321	
0.75421	0.67823	0.57538	0.74367	
1.35442	1.01308	0.88683	1.05721	
1.01111	0.82632	0.62346	0.80379	
1.07551	0.86879	0.74345	0.90987	
1.17593	0.89014	0.75696	1.02912	
0.88987	0.83063	0.76097	0.92332	
1.06209	0.91007	0.67829	0.9091	
1.06139	0.84644	0.61998	0.81477	
1.02734	0.88245	0.63706	0.84783	
1.26283	1.26318	0.94154	0.87703	
1.04959	0.90631	0.71559	0.84518	
1.09439	0.83919	0.63817	0.85455	
0.86521	0.86368	0.67233	0.79076	
1.7115	1.38923	0.9698	0.76515	
0.8537	0.76803	0.64335	0.90442	
1.01626	0.86138	0.66862	0.83766	
1.65206	1.28139	0.8597	0.87126	
1.42066	1.25208	0.7482	0.58781	
0.97514	0.83459	0.67759	0.86141	
1.04845	0.74904	0.61944	0.80817	
0.93916	0.75885	0.61956	0.84607	
1.43962	1.18093	0.91248	1.01721	
0.9198	0.78985	0.61849	0.76312	
1.36791	1.04586	0.69359	0.94292	
0.93866	0.80942	0.64193	0.858	
1.01312	0.83471	0.62762	0.85294	
1.50852	1.21767	0.89511	1.12952	
0.97379	0.80587	0.61854	0.80209	
1.25063	0.92921	0.75587	0.97508	
0.77939	0.68737	0.56741	0.77607	
1.25311	1.06034	0.88081	1.0381	
1.22581	1.02709	0.76327	0.95209	
0.94811	0.79527	0.57979	0.84451	
1.45831	1.22029	0.83874	1.09289	
0.85425	0.73313	0.5946	0.76877	
0.96499	0.90707	0.70445	0.81599	
0.94073	0.77138	0.5611	0.75873	
0.92295	0.75298	0.61041	0.7813	
0.91081	0.85346	0.675	0.79381	
1.12968	0.9888	0.66652	0.83861	
1.02068	0.8879	0.60709	0.68396	
1.02588	0.84763	0.67706	0.85525	
0.86723	0.72492	0.59913	0.86578	
0.99528	0.79414	0.6199	0.8121	
0.9991	0.79695	0.59999	0.81907	
0.91315	0.74153	0.59504	0.83613	
0.90533	0.84037	0.7045	0.84199	
0.97851	0.80278	0.61709	0.75482	
1.36552	1.06284	0.75007	1.02481	
0.97771	0.83539	0.6724	0.84271	
1.0418	0.89543	0.6913	0.82987	
0.98517	0.86752	0.60489	0.82775	
0.77976	0.75379	0.67962	0.84759	
1.13445	0.9484	0.70653	0.91563	
0.75597	0.89541	0.66961	0.80184	
0.69869	0.75441	0.58892	0.72668	
0.95069	0.76796	0.65774	0.74551	
1.22426	0.9515	0.73799	0.9714	
0.78293	0.6944	0.57248	0.79857	
1.04461	0.8833	0.69236	0.90215	
0.79629	0.71881	0.57969	0.77708	
1.02281	0.81811	0.63573	0.89444	
1.1932	0.95153	0.60686	0.91595	
0.65394	0.68608	0.54096	0.76596	
0.80007	0.90494	0.64328	0.78996	
1.42362	1.18686	0.70118	0.61172	
1.33217	1.02873	0.71211	1.05839	
0.8039	0.71509	0.59977	0.80612	
0.89238	0.74021	0.61594	0.82836	
0.82278	0.72469	0.57202	0.74741	
0.84858	0.71149	0.59818	0.81283	
1.01663	0.91071	0.81741	0.89001	
1.13735	0.98704	0.66618	0.79577	
1.15944	1.06585	0.85095	1.03781	
0.90505	0.81258	0.6733	0.83718	
0.80779	0.94699	0.73124	0.84752	
0.84919	0.69529	0.58047	0.91875	
0.95732	0.75637	0.61441	0.81457	
0.76474	0.7126	0.6186	0.83831	
1.02679	0.91619	0.71105	0.80553	
1.03707	0.84321	0.60951	0.88166	
1.04594	0.84901	0.61699	0.82267	
0.88048	0.79506	0.63233	0.81797	
0.67984	0.76431	0.57732	0.7201	
0.91305	1.03271	0.85096	0.76073	
1.30062	1.0903	0.70529	0.86711	
0.73734	0.68553	0.57482	0.75585	
0.87075	0.71673	0.59288	0.79067	
0.99759	0.8132	0.63351	0.87591	
1.02219	1.01653	0.66802	0.71403	
0.79092	0.69627	0.58122	0.74213	
1.55643	1.31001	0.91378	0.6897	
0.93115	0.8312	0.64554	0.89357	
0.87538	0.73307	0.58081	0.78582	
0.89376	0.7435	0.58728	0.80057	
0.99592	0.82234	0.64447	0.87039	
0.96011	0.87851	0.71749	0.96511	
0.84528	0.80089	0.62313	0.79037	
0.89716	0.73942	0.59456	0.7403	
1.27208	1.01006	0.76602	0.91094	
1.27912	1.21609	0.87008	0.8705	
0.85886	0.77857	0.61332	0.83655	
1.005	0.84681	0.65473	0.90519	
0.96519	0.7253	0.61797	0.88313	
0.83352	0.73249	0.61608	0.73616	
0.89736	0.77838	0.6061	0.80746	
1.06185	0.9911	0.78823	0.86071	
0.8447	0.75307	0.63663	0.77822	
1.01699	0.7797	0.66331	0.67378	
1.10477	0.85557	0.68749	0.90426	
0.92053	0.7495	0.6202	0.78806	
0.80543	0.71317	0.60188	0.82952	
0.90476	0.79777	0.58644	0.80221	
0.90841	0.74236	0.61755	0.82531	
0.92694	0.76775	0.60796	0.78006	
0.83145	0.75304	0.63156	0.78385	
1.14572	0.95513	0.79697	0.99607	
0.87782	0.7538	0.63478	0.79523	
0.91629	0.74562	0.62187	0.84098	
1.45829	1.24713	0.79372	0.71911	
0.95901	0.81011	0.64028	0.8128	
1.08667	0.83617	0.74242	0.84641	
0.9117	0.74253	0.62831	0.88792	
1.52194	1.18604	0.88702	1.1155	
0.89278	0.74521	0.58545	0.92003	
0.8563	0.77102	0.62842	0.83429	
0.97344	0.75106	0.58935	0.95302	
0.81499	0.76631	0.63604	0.81499	
0.96149	0.95578	0.64981	0.78724	
1.25856	0.99746	0.71269	0.88246	
1.44302	1.31955	0.94111	1.14983	
0.85471	0.78153	0.62776	0.86024	
1.17103	0.97336	0.76938	1.02435	
1.02108	0.81261	0.63258	0.82799	
1.31102	1.04189	0.7857	1.06128	
0.96498	0.82841	0.63349	0.85732	
0.89668	0.76688	0.59555	0.73521	
1.03961	0.87212	0.68746	0.94541	
0.46564	0.59869	0.53293	0.62783	
0.8682	0.74615	0.64289	0.7895	
1.39229	1.11572	0.90277	1.13813	
0.71275	0.77174	0.63326	0.74242	
1.33167	0.97577	0.75841	0.83533	
1.02662	0.84305	0.66177	0.86587	
0.80463	0.71238	0.62382	0.80929	
0.97599	0.82115	0.71714	0.87305	
0.77729	0.71398	0.59961	0.96083	
1.03342	0.85158	0.66208	0.81048	
0.89235	0.72571	0.6023	0.78534	
0.79857	0.795	0.63464	0.80685	
0.97614	0.83772	0.61152	0.7266	
0.93692	0.77513	0.64081	0.86408	
0.8199	0.73585	0.61821	0.87373	
1.17	0.87527	0.73661	0.91639	
1.74463	1.40025	0.78083	0.62335	
1.11775	0.97079	0.64347	0.5169	
1.09979	0.98522	0.75771	0.86114	
0.93427	0.75264	0.6074	0.75322	
1.23876	1.1814	0.72795	0.64191	
0.92952	0.77641	0.61542	0.80507	
0.46403	0.83889	0.74745	0.61827	
1.47788	1.26009	0.96492	0.95586	
0.87094	0.80269	0.60397	0.82157	
0.87136	0.71908	0.58604	0.84026	
0.89681	0.74239	0.62851	0.89615	
1.30914	1.50978	1.09209	0.96056	
0.87255	0.78123	0.63266	0.80709	
1.06049	0.86163	0.65941	0.84672	
1.42511	1.10105	0.82831	1.06932	
0.97141	0.83608	0.64463	0.82361	
1.3652	1.0463	0.76134	0.84938	
0.87731	0.75054	0.61618	0.80893	
0.85619	0.71488	0.59291	0.78102	
0.90938	0.78719	0.67489	0.7882	
0.80709	0.6768	0.55787	0.82141	
0.9154	0.81943	0.64251	0.78342	
1.01647	0.83485	0.64801	0.81644	
1.01523	0.90366	0.69153	0.85109	
0.80347	0.71685	0.60266	0.83653	
0.93898	0.81583	0.57321	0.86551	
0.86338	0.71779	0.59344	0.75284	
1.10417	0.86803	0.73722	0.94754	
1.00848	0.79927	0.61669	0.81378	
0.91863	0.83626	0.69437	0.81737	
0.9365	0.75301	0.55887	0.82111	
1.10911	0.96361	0.69195	0.9198	
1.11569	1.15726	0.8322	0.86167	
0.95488	0.80484	0.6533	0.87088	
0.8188	0.76262	0.59846	0.82287	
0.92666	0.75179	0.59079	0.74488	
1.11286	0.946	0.66233	0.85694	
1.30281	1.02322	0.67785	0.76701	
1.13598	0.99729	0.77984	0.86069	
1.70352	1.31754	0.95954	1.23487	
1.05378	0.96416	0.65415	0.77003	
1.2536	0.94092	0.63839	0.90106	
0.87638	0.77953	0.62217	0.83823	
0.909	0.77562	0.63373	0.84113	
0.94366	0.76169	0.609	0.84877	
1.09924	0.89139	0.72969	0.84805	
