0.000303
0.001049
0.000142
0.002318
0.000472
0.005773
0.001768
0.004211
0.000402
0.001938
0.000175
0.001795
0.000784
0.015985
0.001947
0.0001
0.007265
6.8e-05
0.000158
0.003954
3e-05
0.00022
2e-05
0.010046
0.002985
0.005132
0.001468
0.000592
0.003182
0.000233
0.00016
7.1e-05
0.001309
0.003328
0.000837
0.016568
0.000738
0.001483
0.000906
0.031084
0.000164
0.006606
0.001743
0.001373
0.00765
0.000302
0.006113
0.003198
0.000112
0.001525
0.000574
0.012484
0.000238
0.003702
0.000449
0.004294
0.00313
0.008289
0.001057
0.002328
0.006889
0.000126
6.8e-05
3.9e-05
0.006716
0.00064
0.001438
0.009747
0.001652
0.000727
0.02036
0.009475
0.001272
0.000328
0.002126
0.036915
0.011492
9e-06
0.001055
0.007751
1.6e-05
0.00063
0.002667
0.00016
0.006228
0.041909
9.2e-05
0.000163
0.005541
0.002449
0.002696
0.000191
0.000283
0.000329
5.1e-05
0.00027
4.2e-05
0.001666
0.000914
0.004989
0.009236
0.002305
0.000209
0.000671
9.1e-05
0.00029
0.009593
0.001488
0.000118
0.00021
0.004681
0.000161
0.000748
0.001148
8.1e-05
0.014756
0.001191
6e-05
0.000786
0.000435
0.006964
0.000897
0.002112
0.006885
0.002155
0.000235
0.002614
0.000133
0.001697
0.010575
7.3e-05
0.00119
0.003702
0.002322
0.002349
1.4e-05
0.000411
0.000323
5.2e-05
0.000192
0.002833
0.008692
0.002492
8.2e-05
0.00018
0.002164
0.001301
0.005223
0.000138
0.00034
0.005769
0.000493
0.001545
0.001636
2.8e-05
0.003206
1.3e-05
0.027227
0.002346
9.6e-05
6.2e-05
2.7e-05
0.000425
0.002772
0.000127
0.000164
0.000934
0.0046
8.5e-05
0.002573
0.000168
4.2e-05
0.001044
0.00256
0.000269
0.001935
0.001349
0.021062
5.4e-05
0.000591
0.001837
0.000278
0.010036
0.001523
0.00039
2.6e-05
0.000147
0.000333
0.000563
0.000446
0.001271
0.002465
0.000866
0.000102
0.000632
0.000948
0.002497
0.016707
0.000835
0.000597
0.011795
1.6e-05
0.001328
0.001498
0.001077
0.000117
0.008176
0.028944
0.002982
0.003447
0.003795
0.002753
5.1e-05
0.000272
0.00237
0.002858
0.023377
0.009009
0.001265
0.000302
0.001083
0.011243
0.000415
5.8e-05
0.000903
0.009158
0.006374
0.000219
0.007815
0.00061
0.000524
0.000502
0.001384
0.003094
0.000354
0.005687
0.000371
0.000226
7.8e-05
0.010607
0.00143
0.005185
0.001408
0.000423
4e-05
0.000642
8.2e-05
0.00061
0.000275
0.000185
5e-05
0.000185
0.000722
0.014229
0.000366
9.2e-05
4.6e-05
0.001582
0.027127
0.003207
6.9e-05
0.005019
6e-05
0.008412
0.004121
4.6e-05
0.003394
2.2e-05
0.000122
0.001256
3.4e-05
0.008191
0.000874
1.5e-05
0.00018
0.000315
0.001068
0.000645
0.054201
0.000216
3.3e-05
0.003504
0.000821
0.000335
0.003354
0.001285
0.000266
0.000743
0.005301
0.002482
0.020396
0.001269
0.000275
7.3e-05
0.000631
0.004279
0.004045
0.008839
0.003286
0.00011
0.001517
0.003724
0.001321
0.006449
0.000292
0.000469
0.001102
0.001089
0.000377
0.004805
0.000391
0.003781
0.000274
0.000377
7.8e-05
0.005579
0.010867
0.00071
0.000122
0.000241
6e-05
0.004565
0.000152
0.001617
0.000254
0.004482
0.000198
1.6e-05
0.002658
0.002275
0.000501
0.000189
0.001781
0.002738
0.006989
0.012056
6.3e-05
0.000733
0.000137
4.6e-05
0.001916
0.003456
0.001866
0.002813
0.000946
0.001143
0.000123
0.001336
6.6e-05
0.01698
0.000686
1.8e-05
0.003111
0.004037
0.005731
0.001364
0.005012
0.001382
0.003769
0.001387
0.000248
0.005253
1.8e-05
0.003218
0.000689
2.3e-05
0.000288
0.000899
0.001314
0.0008
4.3e-05
0.000325
0.000219
0.00015
0.002539
0.000322
0.00014
0.000576
0.003621
0.054539
0.000694
0.004915
8.7e-05
0.007535
6.3e-05
0.006788
0.000666
0.013791
6.7e-05
0.000478
0.030447
0.000152
0.00053
1.4e-05
9.2e-05
0.000852
0.016567
0.000585
0.002762
0.000352
0.005552
0.01634
0.000571
0.02427
9.4e-05
0.000701
0.005224
0.000959
0.007706
0.013481
2.3e-05
0.009458
0.000301
0.000301
0.000244
0.005007
0.014493
0.000411
0.002453
1.3e-05
3.6e-05
2.1e-05
0.001224
0.001311
6.2e-05
2.8e-05
0.001384
0.009923
0.00024
0.003878
3.3e-05
0.000115
0.001327
0.000626
0.000543
0.000221
4.4e-05
8.4e-05
0.012377
0.003287
0.005923
8.4e-05
0.000595
0.000186
0.00011
0.000246
0.012339
0.00292
0.003488
0.000219
0.001264
0.004339
0.01414
0.000602
0.002104
0.002037
0.031226
0.000762
2.6e-05
0.000455
2.7e-05
0.014246
0.000217
0.002155
0.000502
0.001158
0.020012
3.3e-05
0.001572
0.002137
0.001154
5e-05
0.002728
0.001183
0.001576
0.011671
0.001818
0.000238
0.000248
0.001192
0.024009
0.001503
9.1e-05
0.000151
0.003185
0.009529
0.000302
0.000556
0.000374
0.000214
9.5e-05
0.004636
0.001588
0.002459
0.014669
3.8e-05
4.2e-05
0.000237
0.00055
0.001072
0.000223
0.00712
0.001561
7.2e-05
1.9e-05
0.00017
0.00282
0.059459
0.000503
2.4e-05
9e-05
0.000747
0.00011
0.001101
9.1e-05
0.006624
0.000403
0.005818
0.000118
0.000258
2e-05
8e-06
0.012285
1.1e-05
0.001047
0.001384
8.7e-05
0.001379
0.000761
0.000156
6.5e-05
0.003364
0.000296
0.000109
0.000211
0.00089
0.00244
1.3e-05
0.00145
0.000101
0.002349
0.003066
0.009468
9.3e-05
0.001403
0.000592
0.0018
0.003187
0.005983
0.002797
7.3e-05
0.001957
0.003128
0.002333
0.002987
0.001504
0.012975
0.030521
0.000318
9.4e-05
0.000526
0.001511
2.5e-05
0.001963
0.000355
0.000476
0.007593
0.011001
0.00014
6.4e-05
0.015676
4.6e-05
0.000338
0.001361
0.003619
3e-05
0.000231
0.000162
0.000115
0.000911
0.017001
0.002568
0.002173
0.039924
0.001058
0.000482
0.000442
0.005704
0.001844
0.000159
5.5e-05
8.9e-05
0.000164
0.000651
0.0038
0.000115
0.007863
4e-05
0.007047
0.000383
0.016518
0.0006
0.001093
0.000348
0.002734
0.001631
0.00493
0.000285
0.01103
0.001081
0.000637
0.000945
0.000907
0.000477
0.005329
0.001063
0.02263
0.014403
7.7e-05
1.2e-05
6.5e-05
0.002934
0.002505
0.000741
0.026242
0.00129
9.3e-05
6.4e-05
0.000465
1.3e-05
0.002196
0.000281
0.002317
0.000453
0.001529
0.000197
0.000486
7.2e-05
0.003718
4.1e-05
1.4e-05
0.000938
0.005436
0.004197
0.001996
0.000185
0.007303
0.0003
0.01143
0.033618
0.000117
0.003717
4.2e-05
0.000426
0.009113
0.001665
0.002734
0.004539
0.000134
0.00192
0.000422
0.000681
0.000546
0.002899
0.000362
0.006686
0.003529
0.007867
0.002725
4e-05
0.000175
0.00652
0.000566
0.000458
0.004752
0.000546
8.2e-05
0.011789
0.000737
3.3e-05
0.000176
0.002759
0.00239
0.003089
0.00029
0.00076
0.000286
0.018865
0.001883
0.010509
0.001792
0.000336
0.00011
0.006475
0.030967
0.001379
0.007804
0.000214
0.003922
0.003097
0.000378
0.025428
0.000541
0.004677
0.000115
0.000816
0.00345
6.9e-05
0.004121
0.00109
0.030379
0.000192
0.00163
0.000394
0.000864
0.01049
6.3e-05
0.00809
0.000514
0.017696
2.7e-05
7.7e-05
0.000445
2.9e-05
0.004548
0.006706
0.006936
0.001313
1.8e-05
9.8e-05
0.021754
0.001563
0.004077
0.000356
0.000149
3.7e-05
0.004665
1.9e-05
0.014033
0.018889
0.000155
0.000184
3.7e-05
0.001958
0.00397
0.000754
0.001054
0.003428
0.005125
0.002534
0.000193
0.000475
0.000719
0.000145
8.3e-05
1.1e-05
1.7e-05
0.008844
0.009996
0.006467
0.004143
0.000552
0.000393
8.2e-05
0.008143
0.004753
0.014013
0.00044
0.004917
0.021105
0.000105
0.006987
0.000584
0.000648
0.001328
0.000704
0.000135
0.001354
0.000157
1.4e-05
0.000495
0.00106
0.004567
0.002739
0.000264
0.005562
0.002318
0.004104
0.000299
0.013803
0.001295
0.009907
0.000434
0.013244
8e-06
0.005421
0.00027
0.009921
0.006982
0.000177
0.003028
0.000166
0.001382
0.00024
0.000224
0.000395
0.000189
0.001294
0.000285
0.003368
0.01068
0.000484
0.000142
0.000896
0.000674
0.008784
0.001154
0.003519
0.002535
0.000194
0.001305
0.001556
0.00038
0.000118
3.8e-05
0.000284
1.2e-05
0.00185
0.006565
0.00188
0.000334
0.014877
0.004617
0.000229
0.005679
7.2e-05
0.000155
0.000694
0.010634
8.7e-05
0.0016
5.5e-05
1.8e-05
0.000351
6.4e-05
0.003285
0.002194
0.00194
0.003377
0.000772
0.000217
0.000601
0.000143
0.002184
0.003541
0.002222
0.003398
0.005126
0.000375
9e-05
0.000428
0.000226
0.001308
0.028497
0.002495
5.2e-05
0.000516
0.001787
0.000595
0.007912
0.000129
0.000791
0.000266
0.000301
6.7e-05
3.5e-05
0.001708
2.4e-05
3e-05
0.004293
0.000634
0.000283
0.001887
0.000157
0.000143
0.001392
0.000158
0.000168
0.000363
0.000103
0.003765
2.9e-05
1.7e-05
0.001114
0.00026
0.002608
0.001109
0.0004
0.001741
2.4e-05
9.9e-05
0.000883
1.2e-05
7.4e-05
0.01379
2.8e-05
8e-05
4e-05
0.000185
0.000919
2.7e-05
0.016231
0.002423
0.001061
0.001184
0.000897
0.0015
0.000124
0.000806
0.000193
0.000489
0.000868
0.000226
0.001338
0.001264
0.000845
0.001168
0.000279
0.0159
0.000649
0.000835
0.008999
0.001449
2.1e-05
0.000164
0.001387
3.4e-05
0.011807
0.002571
0.014061
2.8e-05
0.015032
0.002573
8.9e-05
0.007261
0.000384
0.000213
0.000288
7.6e-05
2.3e-05
0.002942
0.000122
9.8e-05
0.009418
2.8e-05
6.6e-05
0.000255
0.005109
0.000412
0.003431
0.000959
5.2e-05
0.001456
0.032755
3.4e-05
0.002516
0.000269
0.00016
0.000357
0.001261
0.00087
0.001586
0.001555
2.6e-05
0.000528
0.002254
0.00015
0.000125
0.001106
0.00459
0.00075
0.000394
0.000724
0.004341
0.000315
0.001058
0.000406
0.009692
0.002934
0.000636
0.000142
0.00108
0.015121
0.016864
4.5e-05
0.00211
0.003791
0.000211
0.011228
0.001491
0.001037
0.000165
0.002411
0.013911
0.00026
3.4e-05
0.000172
3.7e-05
0.000283
0.000244
1.8e-05
0.016452
0.000853
0.004846
0.00145
0.001004
0.001089
0.000628
0.010334
0.003051
0.000522
5e-05
0.002554
0.000496
0.000994
0.006765
9.8e-05
0.000107
0.002342
0.018055
0.012967
0.002326
0.032025
2.6e-05
0.002429
0.004763
0.005566
0.016099
0.025949
7.3e-05
2.3e-05
0.005345
0.000629
0.006981
0.002478
0.000128
0.001819
0.001219
0.005783
0.000115
2.8e-05
0.000776
0.003397
0.005552
0.00022
0.012704
0.001174
0.000577
0.002266
0.001161
0.003342
0.005275
7.8e-05
0.000502
0.000234
0.000206
0.002504
0.000517
0.00544
7e-05
2.8e-05
0.000248
6.8e-05
0.001901
0.000588
0.002067
3.1e-05
9.2e-05
1.6e-05
0.003521
8.7e-05
0.000259
5e-05
0.000132
0.000111
0.006039
0.00101
0.004727
0.023276
0.002083
0.000169
0.003008
0.011072
0.00077
0.000556
0.008868
0.012624
0.000348
0.000152
0.001253
0.003536
0.000196
0.003135
1.6e-05
0.050275
0.000121
0.003665
3e-05
0.016924
0.013364
0.005428
0.002869
0.003716
0.00609
0.002963
0.002907
0.000399
0.01328
0.002153
6.4e-05
0.00326
0.002156
0.000175
5.6e-05
0.000141
0.026415
0.001268
0.043174
0.003025
0.000216
5.2e-05
0.003062
0.001061
0.002904
0.000287
0.001683
0.001536
0.00106
0.02612
0.001966
0.000613
0.002643
9.7e-05
0.000198
0.000178
0.0091
0.001266
0.003866
0.000139
7.2e-05
0.000102
0.001624
0.001536
0.001983
0.00039
0.004833
2.9e-05
7.5e-05
0.000706
0.000424
5.6e-05
0.000314
0.000757
1.8e-05
0.005653
0.00026
0.015852
0.000201
0.000626
4.4e-05
0.000437
0.007907
0.002862
4e-05
0.002652
0.000911
0.000427
0.001277
0.000143
0.001311
0.000498
0.034181
0.001541
0.004399
0.000256
7.7e-05
0.005197
0.000574
0.001084
0.001772
0.002537
0.002881
0.005415
5.7e-05
0.001001
6e-05
0.006434
0.001083
0.002224
0.00729
0.007353
0.000227
0.017504
0.000108
0.002517
0.026613
0.00448
0.000133
3.2e-05
0.001181
2.8e-05
0.010215
0.000885
0.005129
4.5e-05
0.00587
0.000151
5.3e-05
1.2e-05
0.000308
0.000148
0.003742
0.001656
0.000223
0.010685
0.005625
0.000103
0.000215
0.000773
0.000706
0.000614
0.000113
0.003147
0.001465
3.4e-05
0.005559
0.001229
3e-05
3.1e-05
0.000151
0.002279
0.000819
0.017755
4.9e-05
0.001194
0.012333
0.001952
0.00619
0.000979
0.003519
0.010415
0.000168
0.004324
0.001032
1.2e-05
0.003746
1.8e-05
3.4e-05
0.00055
0.000821
0.000468
0.000129
0.003351
0.002551
0.018843
0.007883
0.006202
0.001673
0.001492
0.000208
0.001196
0.00036
0.000632
0.004101
0.000222
0.003009
0.000361
0.006926
0.000729
0.017718
0.00297
0.001954
0.000669
0.000743
0.000344
0.000246
0.000415
0.001913
0.000681
0.00041
0.001309
0.000237
0.000426
0.017361
0.00108
3.7e-05
0.000103
0.00089
0.000578
0.001062
3.8e-05
0.001863
0.000569
4.1e-05
0.000434
0.005644
0.038831
0.010326
0.001829
1e-05
1.4e-05
0.003537
0.009622
0.00013
0.006767
0.000975
0.001479
0.003052
0.006257
0.000977
0.001409
0.00327
0.000546
0.015079
3.3e-05
0.000261
0.012505
8.6e-05
0.001667
0.026489
0.005659
0.000575
0.004411
0.00025
0.00132
2.3e-05
9.1e-05
0.00267
0.000207
1.7e-05
0.032455
0.002204
0.001713
0.000121
0.000185
0.000167
0.006966
0.02828
0.000538
8.7e-05
0.001511
0.002419
3.1e-05
0.018386
1.6e-05
0.001065
0.000129
8.9e-05
0.000106
0.001234
0.000178
0.0045
0.004939
0.00434
0.019581
0.013018
0.001111
0.001947
0.000166
0.008821
0.00438
0.001042
0.001044
0.004186
0.00048
8.8e-05
0.000581
0.000566
0.005804
0.000752
0.001173
0.003109
0.003689
0.001416
1.4e-05
0.000656
0.001008
0.004916
0.000987
0.000177
0.000283
0.015666
0.008118
0.000781
0.001636
0.000343
0.000565
0.000235
0.007079
1.7e-05
0.001464
0.000863
0.005333
3.2e-05
3.6e-05
0.024494
0.003561
0.000518
0.007
0.000754
0.000643
0.000171
4.6e-05
0.002988
0.003873
1.7e-05
1.8e-05
0.003615
0.000227
0.000281
0.000202
0.014353
7.8e-05
0.017963
0.000447
8.2e-05
0.000666
0.001054
0.00037
0.001561
0.002493
0.000358
0.003811
0.013985
0.00267
8.5e-05
0.000126
0.003335
0.000276
0.012321
0.016575
0.002684
2.1e-05
0.006118
6.7e-05
0.007388
2.1e-05
0.001036
0.000259
0.000813
0.000111
0.000739
0.000643
0.000892
0.003024
2.2e-05
0.001057
0.004632
0.025705
0.005207
0.000258
0.016605
0.022661
0.000541
8.9e-05
0.001256
0.002139
0.000474
0.000174
3.1e-05
0.017998
0.001343
0.001867
0.001233
0.0001
0.003704
0.000206
0.002224
0.000315
0.007206
0.000104
7e-05
4.3e-05
0.009779
0.000268
0.003864
0.009921
9e-06
6.8e-05
0.005171
0.000332
0.001724
0.000228
0.00064
0.005641
0.022562
0.034413
0.002193
0.001091
0.003999
0.000423
0.000924
4.7e-05
6.5e-05
0.000221
2.5e-05
0.000886
0.007378
0.000795
0.004411
0.00055
0.000453
0.000571
0.00357
5.7e-05
0.010245
2.3e-05
0.00014
2.8e-05
7.2e-05
0.005116
0.000205
0.001604
0.000314
5.4e-05
0.000988
0.033798
0.006316
8.2e-05
0.006266
0.0001
0.00085
0.001744
0.00708
0.002902
0.000945
0.000298
0.000435
0.030237
9e-05
3.1e-05
0.014763
0.00244
0.000261
0.001035
0.001204
0.000449
0.001237
0.002842
0.00031
0.001713
0.001464
0.000551
0.002623
0.00061
5.8e-05
0.00279
0.011239
0.001008
0.00456
0.000207
0.003167
0.006751
0.000747
0.000177
0.003588
0.000625
0.00135
0.000988
0.003879
0.005616
0.01462
0.000233
0.000648
0.003586
0.000123
7.1e-05
0.003966
0.000193
0.000273
2.2e-05
0.011344
0.003486
0.00321
8.9e-05
2.2e-05
0.00036
0.00333
0.002845
0.000277
0.003801
2.6e-05
0.002463
0.001641
0.00021
5.8e-05
0.000655
0.004446
3.4e-05
0.000902
0.011224
0.006113
0.000712
0.002007
0.000221
0.0001
0.00061
0.000177
0.000355
0.000313
0.000209
0.005408
0.000202
0.000613
0.005496
0.002431
0.000569
0.000278
5.8e-05
0.001639
0.003453
0.000922
0.00082
0.002167
4.9e-05
0.010457
0.001376
0.001575
0.003033
0.000222
1.6e-05
0.001054
0.000133
0.017706
0.003894
8e-05
0.000157
0.001409
0.002122
0.000279
0.000232
0.000578
0.000133
0.000596
0.003203
0.001106
0.00161
0.000325
0.000375
0.004849
0.013875
7e-05
0.000264
0.001219
0.021421
9e-06
1.7e-05
0.001922
0.000777
0.000818
0.001677
0.002332
0.010692
0.000653
4.6e-05
0.011604
0.000284
0.000224
0.006962
8e-05
0.000666
0.006486
0.00149
0.000783
0.001643
9.8e-05
0.000356
0.003187
0.002159
2.2e-05
0.005194
0.000806
0.000459
0.00028
0.000864
0.000683
0.031796
0.000477
0.014286
0.00829
0.000299
1.6e-05
0.010738
0.000369
0.002307
0.00201
0.000844
0.000209
0.000368
0.00021
0.000386
0.006117
0.000117
0.005049
0.001246
0.002466
0.001264
0.000661
5.5e-05
0.000209
8.8e-05
0.000452
0.003033
0.002085
0.00016
1.6e-05
0.000119
0.000351
0.000571
0.000122
0.010989
0.003017
5.8e-05
0.000127
0.000867
8.7e-05
0.020718
0.008891
0.001998
1.2e-05
0.000167
1.5e-05
0.002795
0.012301
0.000275
0.000617
0.000434
0.002705
5.5e-05
0.000138
0.019931
0.016021
7e-05
0.000198
0.001655
6.4e-05
0.013267
0.001838
0.000379
0.000461
0.000939
8.1e-05
0.000209
0.014794
0.000241
0.001763
0.014993
0.000989
0.001166
0.000696
4.6e-05
0.000301
0.000177
0.000238
0.000827
0.001813
0.001109
4.7e-05
0.002979
0.001162
0.000915
0.003329
9.8e-05
0.000122
0.000492
0.002928
0.000537
0.001195
0.000146
5.2e-05
0.02142
0.000453
0.001175
0.000545
0.000302
0.012789
0.001947
0.001482
0.000123
2.9e-05
4e-05
0.06145
0.000517
0.000643
0.00013
6.4e-05
8e-05
0.000221
0.007207
0.001426
0.000255
0.006869
0.01153
0.000228
0.000502
0.002687
7.1e-05
0.000563
0.005404
0.00022
8.4e-05
0.000132
5.6e-05
0.002676
0.000458
0.000223
0.004535
0.001163
0.001671
0.00062
0.00039
9.8e-05
9.5e-05
0.018444
0.014019
0.00047
0.001107
0.001195
8.4e-05
0.000844
0.000146
1.5e-05
0.000158
0.01008
0.012217
0.001981
0.001441
0.000915
0.008169
0.001406
0.023495
0.001517
0.017704
0.009751
2.9e-05
0.003268
0.00011
0.001139
0.000113
0.002364
0.00186
0.001304
1.8e-05
0.000393
0.004939
0.001293
0.000121
0.000237
0.000105
0.04413
0.001834
0.001262
0.027898
0.001652
0.002082
0.000442
0.014511
0.001476
0.000162
3.2e-05
2.4e-05
0.002413
0.000255
7.7e-05
0.014383
9.7e-05
0.004363
0.000562
2.1e-05
0.002308
0.000482
0.013469
0.00023
0.010411
6.5e-05
2.1e-05
0.000184
3.4e-05
0.002185
0.004413
0.000705
0.009514
5.6e-05
9e-05
0.001058
0.00193
0.001614
2.4e-05
0.008632
7.7e-05
0.000145
0.002888
0.000316
6.7e-05
4e-05
0.000177
0.00035
0.003177
0.006886
4.9e-05
0.001584
0.002271
0.008402
0.005881
5.4e-05
7.5e-05
0.001461
0.003053
0.000125
0.000215
0.015018
0.002352
0.015262
0.000271
0.000177
0.000219
0.002269
0.000117
0.002931
0.000118
0.000801
7.8e-05
0.002524
0.000542
0.002487
0.000623
2.2e-05
0.000581
0.005949
0.001129
0.000218
0.011098
0.030153
0.002506
3.9e-05
0.001415
0.000257
0.000341
9.6e-05
0.009283
0.008067
0.004975
3.8e-05
3e-05
0.010988
0.002055
0.000182
0.000371
0.00095
0.013766
0.001674
0.002276
0.001068
0.000228
0.006025
2.6e-05
0.001898
0.002779
0.000903
0.00226
0.000455
0.000103
0.001129
0.001767
0.002057
2e-05
0.003402
6e-05
0.000101
0.000179
0.001616
0.003334
0.001015
6.5e-05
0.001729
4.5e-05
4.3e-05
0.000143
0.017623
0.000396
0.000623
0.000351
0.00773
0.000139
0.002742
0.000181
3.9e-05
0.012222
0.004761
0.012832
0.000196
0.000175
6.2e-05
0.001413
0.027441
0.000779
0.001288
0.001606
0.000686
0.002163
0.029744
1.3e-05
0.00935
0.000118
0.010666
0.004541
0.005017
0.000373
0.000386
0.00104
0.000234
0.000226
6.3e-05
5.9e-05
0.000251
0.002044
0.021476
0.001275
0.005103
0.002093
0.000742
0.001178
4e-05
2.8e-05
0.000152
3.3e-05
0.001123
0.000108
0.005157
0.000942
0.000693
0.000464
0.000228
0.001116
0.015213
7e-05
0.000433
0.011108
3e-05
0.001754
3.2e-05
0.000992
0.011459
0.00091
1.5e-05
6.5e-05
0.001845
0.001304
7.1e-05
5.3e-05
0.000339
6.4e-05
0.001199
0.000613
0.000852
0.004209
0.007993
0.000153
0.003853
0.001356
0.000583
0.001033
5.5e-05
0.000194
0.000102
0.006783
0.000996
0.001604
4.1e-05
0.000827
0.001428
0.001549
0.002262
5.6e-05
0.000292
0.000428
0.003968
9.7e-05
0.006746
0.000128
0.000618
0.004046
0.000252
3.9e-05
0.000132
0.000295
0.007298
0.000106
5.1e-05
0.000106
0.003035
0.000171
0.001152
0.002232
0.001563
0.000153
9.1e-05
0.000183
0.000334
0.000161
3.2e-05
0.010193
0.002922
0.014005
0.000497
0.002243
0.00922
4e-05
0.055754
0.000123
0.001984
0.002143
2e-05
0.00076
0.000243
9.7e-05
0.011259
0.000853
6.5e-05
0.00128
6.9e-05
4.5e-05
0.000545
0.005982
0.000138
0.00148
0.000119
0.003091
9.4e-05
0.005315
0.008682
0.013785
4.1e-05
0.000255
0.000136
0.01427
3.3e-05
0.000421
0.000121
0.001176
4.6e-05
0.00012
0.0095
1.9e-05
0.00409
0.000102
0.000196
0.004323
0.000403
0.000495
4.4e-05
8.7e-05
0.000306
0.001499
0.001603
4.8e-05
0.003349
9.1e-05
0.000413
0.000502
2.1e-05
3.6e-05
2.1e-05
0.008452
0.000231
0.018462
0.002221
0.000206
0.001053
0.001866
0.005984
0.012903
0.000123
0.000161
9.3e-05
1.9e-05
0.003426
0.001443
0.022871
0.000545
0.000671
3.5e-05
0.003718
2.3e-05
0.000323
0.000931
0.013107
0.005815
0.004066
0.001244
0.001464
0.001975
6.3e-05
0.002164
0.018331
0.001211
0.000676
0.000351
0.007119
0.002783
0.000311
0.000648
0.010833
0.000464
0.000866
0.002274
2.3e-05
0.000155
0.017738
3e-05
0.000708
0.009662
0.000244
1.5e-05
0.002925
0.007223
0.005288
8e-06
0.011484
0.000203
0.003441
7.8e-05
0.000572
0.001904
0.000264
0.000889
0.000229
0.010057
0.000288
0.000412
2.3e-05
0.000142
0.001497
9.4e-05
0.003641
0.00073
0.00087
1.3e-05
0.000548
0.006502
0.007878
0.00024
0.000487
0.000397
0.004681
0.000169
0.002774
0.000125
0.001659
0.000353
0.000968
0.001422
0.008703
0.000214
0.000887
0.000472
7.7e-05
0.035719
0.023922
0.000547
0.000594
5.8e-05
0.001118
0.000875
0.007375
0.000753
0.002402
0.000161
0.011401
0.003194
0.010484
0.000245
0.001873
5e-05
9e-06
0.003373
0.001107
0.011423
0.003571
0.004148
1.2e-05
0.000399
0.000976
0.005142
0.001845
0.001332
0.00238
0.000318
0.006811
0.005349
0.004993
0.011061
0.013776
0.024897
0.000312
7.5e-05
2.7e-05
0.001632
0.003473
0.00065
0.00072
0.011808
0.01395
0.000208
0.000379
0.002723
4.8e-05
0.001688
6.8e-05
0.000188
0.000951
0.001093
0.000851
0.016641
2.8e-05
0.002824
0.006796
0.026638
0.000162
0.000176
0.007901
5.4e-05
0.00063
0.003914
7.2e-05
0.000223
0.00597
0.005573
0.000114
0.001151
0.002858
0.000305
0.001332
0.000151
0.0025
2.2e-05
0.012397
0.000973
1.3e-05
0.002064
0.005859
0.000145
0.011469
0.002905
0.001143
2.2e-05
0.001939
9.7e-05
0.01167
0.000993
0.003456
0.000138
0.000191
0.006925
0.00081
0.00115
4.6e-05
3.4e-05
0.002046
0.003403
0.001042
0.000204
0.00571
0.002566
0.000678
0.000695
0.001795
0.005577
0.000369
0.000961
0.00053
0.002793
0.001329
1.5e-05
0.002207
9.8e-05
4.8e-05
0.00031
0.000115
0.00755
0.003651
0.006134
0.000283
4.1e-05
0.000491
3.2e-05
0.010321
0.016963
0.000665
0.003144
1.9e-05
6e-05
0.000172
8.8e-05
9.2e-05
0.001778
0.001248
0.0021
2.7e-05
0.001189
0.007899
0.006477
3.2e-05
0.001771
0.016267
3.9e-05
0.000799
0.001151
0.000104
0.004025
0.001867
0.005657
0.000164
0.009509
0.00013
0.011681
0.005384
0.00227
0.026271
0.002643
0.000468
0.00087
0.000303
0.001373
5.7e-05
0.000324
0.034788
2.5e-05
0.00015
8.5e-05
0.004089
0.014533
0.004503
0.000198
0.018152
0.007939
0.012688
0.000935
0.000534
0.004285
0.000365
0.004753
0.000296
0.000377
4.1e-05
0.002735
0.012725
0.000125
3.1e-05
0.000761
3.7e-05
0.000286
0.000564
0.004054
3.7e-05
0.002205
0.000374
0.030816
0.000192
0.000106
0.000145
0.034869
0.0002
0.000269
0.000116
0.000547
0.00437
0.040234
6.3e-05
0.003196
0.000619
0.009537
0.005299
5.6e-05
0.003693
0.001464
2.7e-05
0.001887
0.009214
0.000352
0.002709
0.003536
0.001676
0.000646
0.000406
0.013473
0.001577
0.001694
0.003667
1.8e-05
5e-06
0.000214
0.014111
0.000193
1.2e-05
0.009759
0.000378
0.008256
0.001349
0.00052
0.002131
0.000391
0.000917
0.023441
7.2e-05
0.001152
0.000235
0.000817
0.008788
0.000516
0.004614
0.000835
0.001621
0.001863
0.000141
0.000229
0.00036
0.02058
0.002197
6.1e-05
0.001886
0.004666
5.2e-05
0.001312
0.004532
0.001951
6e-06
2.9e-05
0.001008
0.002135
0.001142
0.003875
0.00444
0.001175
0.000357
0.008266
0.001758
0.000101
0.012079
0.002775
0.000632
0.002407
5e-05
0.001117
1.5e-05
0.003709
0.003433
0.005566
0.000658
0.004176
0.000832
0.000606
5.3e-05
1.9e-05
0.000252
0.017521
0.000471
0.000159
0.000504
2.5e-05
0.000511
0.001322
0.000887
9.5e-05
0.005228
0.000586
0.003718
0.000714
0.009339
0.006742
0.000474
1.9e-05
2.9e-05
0.000859
0.000349
0.000117
0.003539
0.004071
0.000305
0.009217
0.001012
0.00045
0.004714
0.001615
3.4e-05
0.000107
9.1e-05
2.7e-05
0.00512
4e-05
5.5e-05
5.3e-05
0.010506
0.000187
0.001717
0.000346
0.000318
2.7e-05
0.00072
0.000125
0.001236
0.000601
0.003904
9.4e-05
0.004409
0.000384
0.017872
0.000586
0.000673
5.2e-05
0.001437
0.003539
0.000885
0.001564
9e-06
0.000162
0.008924
0.00037
0.000111
4.1e-05
0.001716
0.005874
0.002856
0.001246
0.004432
0.006387
0.006882
0.005887
0.001854
0.000935
0.000115
0.003003
0.002204
0.001684
2.2e-05
0.000251
0.000675
0.000719
0.000617
0.023897
0.012582
0.000998
0.000186
0.000275
2.9e-05
7.6e-05
4.5e-05
0.000442
0.001192
0.003472
0.00207
0.000363
0.025663
0.017259
0.000366
0.001158
0.000301
0.020359
0.01479
0.001182
0.013551
0.000333
0.005038
0.000518
6.7e-05
0.003178
0.002227
0.007199
0.001331
8.6e-05
6.4e-05
7.3e-05
0.005281
6.8e-05
0.021396
0.00183
7.7e-05
0.007234
0.007507
0.000217
0.000158
0.001153
0.005318
6.9e-05
3.9e-05
0.005704
0.002159
0.000824
0.018059
0.001078
6.1e-05
6.2e-05
0.014628
0.002029
0.017789
0.000759
0.0028
0.000401
0.000603
0.000651
0.000857
0.002979
0.000791
0.002713
0.001808
0.014718
0.000403
9.2e-05
0.000804
0.006136
0.004814
2.1e-05
0.002065
0.000214
0.001018
0.00113
0.001475
0.0047
6.1e-05
0.00093
7.1e-05
3e-05
0.000329
4.8e-05
0.007282
0.000646
0.000517
4.1e-05
0.00014
0.011346
0.010493
0.0001
0.003205
0.000122
2e-05
0.0001
1e-05
0.001003
0.000654
0.013838
4.6e-05
0.004303
0.000698
0.000122
0.001558
0.000479
0.001724
0.010641
0.004654
0.0019
0.000728
0.001121
0.001013
0.009392
0.00588
0.00138
0.006212
3.7e-05
0.021872
2.7e-05
0.003749
0.003655
2.9e-05
6.7e-05
0.000478
0.000579
0.00129
0.000762
0.006347
0.000301
0.00074
0.000257
0.001843
0.000562
0.004348
0.003491
0.000889
0.000181
0.000117
0.000426
0.000455
9.1e-05
0.00294
0.001258
0.000871
0.005741
0.001053
0.001433
0.000152
0.000665
0.000445
0.000136
0.000442
0.00868
0.007486
0.000127
0.000704
0.000663
0.003275
0.003541
0.000488
0.000175
2.6e-05
0.009526
0.007296
0.000548
0.002164
0.030568
0.000323
0.003048
0.000717
0.002228
0.001811
0.011117
0.035456
1.1e-05
0.019439
0.010022
2.6e-05
0.019478
0.003343
1.3e-05
0.005541
0.000386
0.0007
0.000341
2.3e-05
0.000135
0.00144
0.001912
0.00879
0.000927
0.000862
0.000329
4.1e-05
8.8e-05
2.8e-05
2.3e-05
7.1e-05
0.000325
0.004261
0.002651
0.008229
0.000188
0.002972
0.003139
0.000388
0.000108
0.009188
0.000883
0.00286
0.000795
0.000327
9.6e-05
0.000277
0.000204
0.009206
0.002358
0.001034
6.2e-05
4.5e-05
0.001238
0.000145
0.002809
0.022696
0.006623
0.001655
0.004151
0.000876
0.001675
0.000564
0.010885
0.006997
0.000203
0.00056
0.00463
0.000908
0.003697
0.001132
0.010889
8.5e-05
0.000117
4.2e-05
0.006733
9.9e-05
0.000329
0.00109
0.003036
0.010112
0.000766
0.000121
0.000825
0.003025
0.002481
0.000462
0.009678
0.01131
0.000928
0.000187
2.9e-05
0.000218
0.000326
0.000399
0.004024
0.000623
0.012904
0.000773
0.001005
0.003291
0.002153
0.000211
0.013929
0.002296
0.00233
0.000109
8.9e-05
0.000278
0.015469
0.000522
0.004364
0.000314
0.004954
0.001305
0.001821
0.010329
0.008932
0.003835
0.000105
3.6e-05
0.000203
5.5e-05
0.000514
0.002253
0.010666
0.003571
5e-05
0.001404
0.001737
5.9e-05
4.2e-05
0.001988
0.001701
0.000139
0.037104
0.015259
8.8e-05
0.003272
0.00117
0.027766
0.000251
0.007476
0.001639
6.3e-05
7e-06
0.000827
0.000651
0.000788
0.008572
0.020722
0.001399
7.4e-05
0.003956
0.004946
0.000431
2.5e-05
0.010167
0.000927
0.00379
0.000217
0.001788
4e-05
0.014107
0.002548
0.005571
0.000491
0.0001
0.005108
0.000184
4.6e-05
0.018794
0.00225
5.7e-05
0.00018
0.000128
0.001541
0.003511
0.000951
0.003434
0.007219
0.001575
0.013718
0.001129
0.000595
0.000126
0.006283
0.002808
7.5e-05
0.000128
0.000471
0.000592
8.8e-05
0.00011
0.008157
0.007063
0.001476
0.000205
0.000124
0.006599
0.003253
0.009458
0.000224
0.001622
0.002601
0.004431
0.000264
0.003336
0.003104
0.000143
0.003068
6e-05
0.002601
0.003734
0.000272
0.000436
0.019487
0.000335
0.042582
0.004387
0.000108
0.000437
0.000737
1.1e-05
0.016538
0.007803
0.004048
0.000237
0.003664
0.000295
0.000474
0.00023
0.001065
0.000212
0.00025
0.000565
3.8e-05
0.000675
0.01685
0.002372
0.000105
0.002756
0.000703
2.3e-05
0.000979
0.000111
4.7e-05
0.007194
0.000148
0.008002
0.006165
7.8e-05
0.00088
0.011573
1.8e-05
0.006725
0.014002
0.003247
0.012233
0.00022
4.5e-05
3.5e-05
0.011762
0.000535
0.000453
0.000189
0.016706
0.006978
0.014473
0.001828
0.006063
0.000122
0.000265
0.003058
0.000115
0.000132
0.008879
0.001597
0.000105
0.000186
0.001695
4.2e-05
4.3e-05
0.000303
0.001681
0.001899
2.3e-05
0.00241
5.7e-05
0.004715
0.001004
4.3e-05
0.003052
0.000431
0.000156
0.001281
0.00533
0.00974
0.002739
0.0002
0.008846
0.002097
0.000464
0.002674
0.00988
0.000563
0.004996
2.6e-05
0.00307
0.000943
0.000181
1.1e-05
3.4e-05
0.036176
0.001541
9.9e-05
0.003599
0.007878
0.006175
0.001989
0.000789
1.8e-05
0.042804
0.000465
0.001298
5.5e-05
0.002488
0.000113
0.020121
9e-06
0.001757
0.004645
0.016811
0.000216
0.00044
0.000411
9.6e-05
0.007516
0.001577
0.000158
0.013699
0.000358
0.000592
0.000942
8.1e-05
0.000237
0.000934
0.007619
0.056224
6.5e-05
0.000113
0.004089
5.8e-05
0.001521
1.1e-05
0.000374
0.010126
0.006112
3.7e-05
0.000253
0.000712
2.1e-05
0.004089
0.001782
0.002085
0.000224
0.001356
0.009629
0.008972
0.011007
0.000556
0.001154
0.000139
0.000461
0.010278
0.019307
0.000442
0.000439
0.001478
0.000879
0.007936
0.010386
0.009796
7.2e-05
0.003821
0.001926
0.000702
0.002069
1.7e-05
0.005899
0.005143
0.016189
0.001885
0.025022
0.000308
0.001162
3.1e-05
0.001425
0.007453
0.000206
0.000636
0.002188
0.000537
0.000954
0.000116
0.000748
0.000455
0.00061
6.8e-05
0.008118
0.01395
0.000611
0.002295
0.002717
0.000835
7.6e-05
7e-05
0.004777
0.002848
0.001451
0.021568
0.000192
0.006209
3.5e-05
1.8e-05
0.016668
0.000119
0.015397
0.006226
0.000138
5.9e-05
5.3e-05
0.000232
0.000565
9.5e-05
0.001455
0.001403
0.00895
0.001141
0.002331
0.006488
0.038521
0.000317
2.1e-05
6.4e-05
0.001418
0.002627
4e-05
0.000234
6.3e-05
0.001033
0.000579
0.004365
0.000978
9.2e-05
0.009954
0.000413
8.9e-05
0.000122
0.024083
0.000443
0.00023
0.000883
0.004699
0.017096
0.005228
0.001998
0.00558
5.3e-05
0.00199
0.00184
0.000713
0.001262
0.000691
0.001023
1.6e-05
0.000947
0.000101
0.00036
0.00057
9.9e-05
0.000337
0.000335
0.002418
2.6e-05
0.000164
0.001197
0.001109
0.002221
7.6e-05
0.000244
0.003479
0.00095
5.5e-05
0.002128
0.001162
0.010598
0.000445
9.8e-05
0.003874
0.036569
0.012552
0.003754
0.000194
8e-05
0.001242
0.000301
0.000126
0.008749
3.4e-05
0.00339
0.004195
0.004461
0.00169
0.000198
0.000173
0.013657
0.000716
0.000335
0.006905
0.000148
0.001353
8.2e-05
0.000588
0.000236
0.008268
5.9e-05
9.6e-05
0.000961
0.000266
0.000835
0.000309
0.000579
4e-05
0.0007
4.7e-05
8e-05
0.000678
0.003081
0.009824
0.008247
0.000843
0.003666
0.003948
3.4e-05
0.001902
0.000138
0.002819
0.000418
4.8e-05
0.000844
0.009375
0.000271
0.00549
0.001043
0.012814
0.001143
0.000888
0.00015
0.000789
0.000575
0.001753
0.032244
0.002552
0.018771
0.017565
0.018112
0.000487
0.055167
0.000145
0.015016
0.001759
6.6e-05
0.000119
0.010183
0.000639
0.001073
1.1e-05
0.002436
0.073354
3.9e-05
0.000157
0.010925
0.001492
0.000297
3.8e-05
0.000241
8.2e-05
0.001523
0.000187
0.001079
0.000481
0.001184
0.000517
0.001586
0.005289
2.8e-05
0.00224
0.000802
0.00372
0.000178
0.002071
0.000443
0.010829
0.000151
0.000469
0.002162
5.3e-05
0.000254
0.004234
0.003778
0.000305
0.02148
6.9e-05
0.005009
0.004261
0.001795
9.5e-05
0.018848
0.00045
0.000768
0.001501
0.000857
0.000703
0.010834
3.2e-05
0.000662
0.028757
0.002227
1.9e-05
0.004581
0.000566
0.006832
2e-05
0.000244
0.002338
0.007358
0.007903
0.000382
0.000167
0.009666
0.000786
0.002675
0.00044
0.000103
0.001099
0.010288
0.000134
0.000526
0.000477
0.000195
0.000706
0.0002
6.2e-05
0.006523
0.000121
0.003673
0.000278
0.003852
0.000146
1e-05
0.000656
1.1e-05
0.002286
0.001396
0.002967
0.021298
0.013175
0.005126
0.000408
0.002951
0.000535
1.3e-05
0.026227
0.013515
0.00356
0.000949
0.000471
0.000355
0.014269
7e-05
6e-05
0.000931
5.6e-05
0.000133
9e-05
0.004603
0.001203
3.5e-05
1.7e-05
0.021883
8.7e-05
0.000944
0.001166
0.001325
0.001471
0.006494
9.7e-05
0.001129
0.000262
0.000828
0.000349
6.2e-05
0.00164
0.000534
0.002308
0.005493
0.000206
0.000756
5.1e-05
0.000225
0.000315
0.000177
0.000213
7.6e-05
7.4e-05
0.008759
0.000298
0.009973
0.000972
5.4e-05
0.00753
0.003217
2.3e-05
0.008873
0.021449
0.00106
0.000426
0.001479
0.001914
0.001003
0.004227
0.000313
0.000102
0.007976
0.000112
0.010368
0.004607
6.5e-05
2.1e-05
0.000237
0.000189
0.001839
0.004359
0.000449
0.001187
0.000595
0.00741
0.00046
0.013517
6.5e-05
0.000219
0.000131
2e-05
0.002455
5.3e-05
0.002727
0.034377
0.000537
8.5e-05
0.001572
0.004388
0.000998
0.005037
0.002146
0.00015
1.9e-05
0.000396
0.000111
0.0019
0.018591
0.000368
1e-05
4.6e-05
0.001109
0.00132
0.000298
0.013752
0.000184
0.000215
2.5e-05
0.003739
0.00029
0.002926
0.000235
1e-05
0.001573
0.010254
0.001632
9.1e-05
0.035247
0.000524
0.005277
0.001446
5.8e-05
0.005644
0.002366
0.001537
0.036841
0.000982
0.00042
0.00384
0.000681
0.001763
0.000206
0.000273
1.9e-05
0.000331
0.00289
0.000911
0.003831
0.014343
0.000153
1.9e-05
9.9e-05
0.005975
0.000128
0.000809
0.022219
0.001411
0.002802
0.000482
0.000266
9.3e-05
0.004311
0.000195
0.000288
0.000231
0.000188
0.000467
0.000143
0.000136
0.00067
0.002864
0.010919
0.00018
0.000774
3.2e-05
3.2e-05
0.001732
0.024214
0.018426
0.000695
0.000117
1e-05
0.00058
0.001132
0.003934
0.000142
0.000618
0.00466
7.1e-05
0.001177
0.000322
0.003571
0.000212
5.5e-05
5.3e-05
0.004213
0.00046
0.00151
0.002112
0.00212
0.001086
0.004377
0.022786
0.013631
0.011366
0.000792
0.012877
0.000917
9.9e-05
0.000378
0.001128
0.001251
0.003988
0.003684
3.5e-05
0.000247
0.001414
0.000111
3.1e-05
9.1e-05
7.2e-05
7.6e-05
0.005764
3.1e-05
8e-05
0.000282
0.000578
3.3e-05
0.000194
0.001542
0.004004
0.000494
0.000204
3e-05
0.000256
9.2e-05
0.004398
0.000409
0.000796
0.021267
0.00385
0.003286
0.008114
0.002464
0.005109
0.001079
0.034698
0.000997
8.1e-05
0.003777
0.000688
0.000127
0.000184
0.00053
0.000604
2.6e-05
0.009322
0.000314
2e-05
0.000303
0.001909
0.003918
0.000227
0.000285
0.001444
0.000128
0.005509
0.000394
0.000414
0.001541
0.000206
0.00251
0.004072
1.2e-05
0.002434
8.8e-05
0.008208
0.003136
0.000114
0.000626
0.001519
0.000193
0.009004
0.015298
5.7e-05
0.00231
0.001819
0.005324
0.001937
0.002768
0.002744
0.000112
0.000882
4.7e-05
0.004742
8.5e-05
0.002
5.6e-05
0.001758
0.000771
0.011582
3.2e-05
0.023985
0.002735
0.003422
0.004122
0.000765
0.01431
0.018292
0.003614
2.4e-05
0.0085
0.023442
0.000988
0.000294
0.060787
0.000289
0.00051
0.015293
0.001528
0.002664
1.5e-05
0.007315
2.8e-05
3.7e-05
0.003948
4.1e-05
0.000178
0.000283
0.000166
0.0013
0.000171
0.025176
0.000112
0.000959
0.000299
0.000423
0.000456
0.002334
0.000412
0.000197
0.001895
0.004586
9.3e-05
0.000419
0.000565
0.023059
0.006991
0.000214
8.8e-05
0.00762
0.000321
0.000432
0.000944
0.005511
0.000615
0.012156
0.00013
7.5e-05
0.000688
0.001939
0.000398
0.000137
0.000156
9.4e-05
0.00114
0.001993
0.003925
0.002621
0.008524
0.009565
0.000601
0.000337
1.5e-05
0.000325
0.004806
0.00035
0.000207
0.001077
0.004206
0.000773
0.000245
0.001476
0.000307
0.001281
0.000271
0.01028
0.000176
0.020656
0.001433
0.000212
0.000462
0.000142
0.025861
0.014629
0.000193
2e-05
0.00026
5.1e-05
0.000382
1.8e-05
0.001132
0.013329
8.3e-05
0.000151
0.001655
0.000324
0.001781
5.3e-05
0.001093
0.014155
0.001929
9.5e-05
0.00123
0.00015
0.002972
0.003334
0.000233
0.000153
7.1e-05
0.004047
0.002043
9.4e-05
0.002825
0.001421
3.3e-05
0.006734
0.005224
0.014571
0.002054
0.001369
0.000111
0.007868
0.000567
0.000589
0.000105
0.002779
0.000338
0.000476
0.008052
0.000355
0.000286
0.01048
0.002272
1.6e-05
0.000134
0.000631
0.005515
0.000899
0.000202
0.000308
0.003504
0.024087
0.000513
0.000122
0.005063
0.000229
4.6e-05
0.000179
0.015365
0.001384
0.002531
0.005204
0.002482
0.002957
0.001456
2.4e-05
0.001616
2.2e-05
5e-05
0.002519
0.001076
0.000306
0.000622
0.000117
0.001192
0.0001
6.7e-05
0.009002
0.001319
0.022117
0.002347
6e-05
0.023285
5.9e-05
0.000527
0.000627
0.000123
0.000241
0.000631
0.006258
0.001458
0.000282
0.00314
0.000217
0.005657
0.000175
0.000104
0.002003
0.009161
0.005149
0.002371
0.014793
0.000151
0.000379
0.000194
0.004818
0.001935
0.000185
0.00196
0.004797
3e-05
0.000932
0.003439
0.007282
3.6e-05
0.001084
0.004304
8.5e-05
0.000163
9e-05
0.001674
0.003029
0.003525
7.1e-05
5.3e-05
0.000732
0.000414
5.4e-05
5.2e-05
0.002251
0.000158
0.000391
0.001974
2.3e-05
0.001267
7.9e-05
0.000314
9e-06
0.008152
0.001143
0.001169
0.000978
9.5e-05
0.001329
0.000294
0.000774
3.5e-05
0.003098
0.002998
0.00016
0.001351
0.003186
4.1e-05
0.001171
0.000595
0.000418
0.000178
0.001079
0.003671
0.001657
0.003057
0.000908
0.000278
0.001719
0.003809
0.006183
0.000555
0.016771
0.005488
0.000306
0.000205
0.001419
0.000833
3.3e-05
0.002192
0.00038
0.001325
7e-06
0.003197
0.000153
0.002613
3.7e-05
0.000351
0.000445
0.017744
0.000347
0.000624
9.3e-05
0.004751
0.000367
0.000302
9.1e-05
3e-05
3.1e-05
0.000234
0.000145
8.4e-05
0.000975
0.007371
0.002377
0.007086
0.00014
0.000337
0.001786
0.001159
0.00177
0.002477
0.006383
0.010267
0.006008
0.000283
0.001498
1.6e-05
0.000127
0.004761
0.00031
0.001498
0.000164
0.002768
0.008452
0.000252
9e-05
0.00251
0.000224
0.001745
0.040138
3.6e-05
4.9e-05
0.001464
0.000321
0.004307
5.3e-05
0.000349
0.000604
0.001387
0.005174
0.000168
0.000298
0.000765
0.00232
6.6e-05
0.001333
7.2e-05
0.000298
0.011378
0.000165
0.009372
0.002308
8.3e-05
0.014493
0.002339
0.003042
0.00081
0.006007
9.7e-05
0.001067
8.4e-05
0.002035
0.006247
0.030466
9.4e-05
6.2e-05
7.6e-05
0.000293
0.005572
0.027825
0.021139
0.002139
0.001709
0.000318
0.017624
4.9e-05
0.001721
0.008236
0.017424
0.00262
0.00033
0.00171
0.002579
0.001889
0.00121
0.001028
0.000147
0.000163
0.001646
0.004043
0.004099
0.00048
0.01014
2.8e-05
0.00226
0.000391
0.000161
1.8e-05
9.9e-05
2.1e-05
0.010159
0.002973
0.000151
0.004025
7e-06
0.00021
8.5e-05
0.000275
0.000105
0.00021
0.020426
6.6e-05
0.015747
9.1e-05
0.000847
0.000933
0.000114
0.008765
0.000748
0.009019
0.003205
0.006589
0.002769
5.1e-05
0.00136
0.004751
0.008597
1.3e-05
0.001989
0.006676
0.004798
3.8e-05
0.000933
0.03307
0.000323
0.001218
0.003981
0.001564
0.000235
0.000182
1.4e-05
0.000114
0.003934
0.000534
0.003277
0.000339
0.000441
0.012597
0.000161
0.010138
0.000112
3e-05
0.000123
0.00036
0.010273
0.000472
0.000227
0.023014
0.00521
0.001209
0.000704
0.004199
0.002881
6.2e-05
0.00236
0.000295
0.049082
4.2e-05
0.002421
0.001616
0.002384
6e-05
0.00018
0.006931
0.000239
0.031126
0.000127
0.000301
0.001814
0.010026
9.7e-05
0.000238
0.001614
0.001629
0.002309
0.000923
0.004292
0.003941
6.8e-05
0.00058
0.001726
0.000187
0.000763
0.007356
0.003596
0.00213
0.000353
0.000132
0.001388
6e-05
9.6e-05
0.001853
0.011258
0.001826
0.010279
7.5e-05
0.000202
0.014418
0.000331
0.002077
0.000148
4.7e-05
7.6e-05
9.5e-05
0.000465
0.003973
0.001426
0.003084
0.015004
0.001275
0.000556
6.4e-05
0.000292
0.006727
0.016682
0.000572
0.00058
0.000223
0.001272
0.000116
0.000955
0.001141
0.020652
0.011423
1.1e-05
0.001046
1.9e-05
8.4e-05
0.000881
0.000209
3.6e-05
0.001364
0.000404
0.005111
0.003623
0.000359
0.000982
0.00016
0.009702
0.015328
0.011199
0.000647
0.003865
0.006701
0.000785
0.000532
9.8e-05
0.000118
0.000222
0.03709
0.003072
0.002006
0.00403
0.001406
0.000245
0.001301
0.000124
0.002205
0.001042
0.005217
0.004336
0.000369
0.005614
0.013869
6.8e-05
0.000633
0.001113
0.00013
0.004401
6.4e-05
2.7e-05
0.001505
0.000365
0.00111
1.3e-05
0.001097
4.8e-05
0.003798
0.001057
0.000763
0.002477
0.001663
0.008148
0.000265
7e-05
0.00418
8e-05
2.2e-05
0.008656
0.001293
0.000486
0.001222
4.2e-05
0.000447
8.4e-05
0.002116
0.000104
0.000204
0.008245
0.002287
1.7e-05
0.000408
0.000141
0.000453
0.01414
0.000259
0.027351
0.001392
0.01344
0.000427
0.016891
0.001777
0.004366
0.002193
4e-05
0.001002
0.002718
0.008774
0.00052
5.5e-05
0.000793
0.000425
3.5e-05
0.003452
0.000139
0.000312
0.02542
0.001
0.014234
0.005038
0.000719
0.002527
0.002719
0.001432
0.000484
4.5e-05
0.006695
0.000571
0.000433
0.001899
6.2e-05
0.003954
0.006963
6.1e-05
0.004159
0.004098
0.003569
2.9e-05
0.001414
8.2e-05
0.00206
0.006897
0.000381
0.001331
0.001168
0.001035
0.00246
0.000455
0.00268
0.000104
0.000198
0.001956
7.1e-05
0.017736
7.6e-05
0.00182
3.8e-05
0.001039
0.000421
0.005364
0.000649
0.000814
0.000431
0.010024
0.010039
8.5e-05
0.011361
0.00086
0.00129
0.012056
0.001994
0.000518
0.000187
0.023547
0.001327
7.3e-05
0.000421
0.000168
0.011562
2.3e-05
0.00049
0.000275
0.00954
0.001159
0.00016
0.001016
0.002123
4.3e-05
0.007164
0.010344
7.2e-05
0.000899
0.000425
0.000137
0.004267
1.3e-05
0.011619
0.037513
5.6e-05
0.000396
0.000164
0.004405
7.5e-05
0.001737
0.000303
0.000315
0.000188
0.0001
4.1e-05
0.000313
0.002424
0.005823
0.000284
0.000736
0.003731
0.00378
0.000105
0.000149
0.00142
1.6e-05
0.00175
0.000677
0.003108
1.8e-05
0.000596
0.002791
2.8e-05
0.00037
0.001059
2.1e-05
0.00281
8.7e-05
0.008734
0.001008
1e-05
0.006572
0.000171
0.001426
0.001766
0.000446
1.9e-05
0.027673
0.000834
6.8e-05
0.004414
0.000466
0.000146
3.1e-05
0.019541
0.000133
5.5e-05
0.001152
6e-06
0.00042
5.7e-05
0.001106
0.004485
0.001103
3.5e-05
0.001549
0.002554
0.013355
0.00146
0.000348
0.00014
0.000354
0.00237
0.000339
0.014845
0.011492
0.000223
0.000768
0.015035
0.00053
1.2e-05
0.00602
0.002797
0.004625
0.000513
0.003665
0.003586
0.042582
0.000421
0.00079
0.000197
0.018726
7.7e-05
0.005663
0.000776
0.004185
0.000226
0.000648
0.000167
7.1e-05
0.000522
6.6e-05
0.005669
0.00055
0.000131
0.011835
0.001235
6e-05
0.000177
0.002259
0.002859
0.000852
3.2e-05
0.014104
0.01709
0.000169
1.2e-05
0.001386
0.010922
0.005384
0.000167
0.004439
0.000153
0.000293
0.000198
0.001964
0.000263
0.000913
0.002881
0.001264
0.000105
0.001157
0.004356
0.000514
7.2e-05
0.004378
5.1e-05
0.000716
0.002095
0.000145
0.000799
0.000543
0.000129
1.8e-05
0.000998
0.011583
0.006788
0.000408
0.003679
0.013206
0.000656
0.000134
0.003696
0.02502
0.002708
0.000551
0.000384
0.011549
3e-05
0.002415
0.002571
0.025249
0.005025
0.012974
0.003043
0.000147
0.000206
0.000214
0.000102
0.000144
0.001822
0.000924
0.000185
1.8e-05
0.000706
7.7e-05
0.000111
9.5e-05
0.00564
5e-05
0.000119
0.00932
0.000807
0.003289
0.000122
0.000902
0.001043
7.3e-05
5e-05
0.001105
0.001154
0.000506
0.00083
0.005488
0.00515
0.002957
0.000565
0.015245
0.000258
3e-05
3.8e-05
0.003572
0.004405
0.000132
0.000433
0.000885
0.00027
0.000821
1.9e-05
9.9e-05
1.6e-05
5.9e-05
5.1e-05
0.005276
4.7e-05
0.000975
2.5e-05
0.003647
0.00509
0.003458
0.000259
0.000198
1.5e-05
0.002019
0.002711
7.6e-05
0.00018
0.000149
0.027724
0.073349
5.8e-05
0.002379
0.00241
0.003625
0.009377
0.017885
8.8e-05
0.00321
0.00309
0.000325
0.005247
0.000676
0.000607
5.2e-05
6.5e-05
0.000764
0.007312
0.002096
8.5e-05
0.000329
0.001508
0.002915
0.000149
0.002329
0.000338
9.5e-05
0.000904
0.000351
0.00436
0.00414
0.000597
0.000911
5.4e-05
0.02799
0.00039
5.5e-05
0.001447
0.002387
0.003897
0.000689
5.3e-05
0.000562
0.003618
3.6e-05
6.6e-05
0.00523
0.025073
0.003572
0.000736
0.001067
0.004995
0.001036
0.002082
0.00054
0.003682
0.001322
0.005074
0.001697
0.018676
0.000896
0.006094
2.8e-05
0.000215
0.007139
0.000892
0.000131
0.00013
0.000134
0.001532
2.7e-05
1.2e-05
0.022167
0.000174
0.000184
0.000332
0.001126
0.011337
0.001162
1.1e-05
2.2e-05
0.00123
0.005574
0.001468
8.4e-05
4.3e-05
0.005056
0.000917
0.000137
0.00187
0.000399
2.1e-05
4.4e-05
0.0011
0.000136
0.000305
0.007536
8.8e-05
0.024247
0.016684
0.002953
1.8e-05
0.005058
3.3e-05
0.001452
8.8e-05
0.003446
0.000305
0.000241
0.003688
0.000155
6e-06
0.001155
3.8e-05
0.010525
0.000179
0.000536
5.1e-05
0.00073
4.1e-05
0.002027
0.000574
0.012443
4.7e-05
5.4e-05
0.000244
6.1e-05
0.000565
0.005236
0.003979
0.002509
6e-05
0.002004
0.002245
0.000825
3.6e-05
0.002008
0.001113
0.001424
0.000189
0.000438
0.000212
0.017862
0.000785
0.000286
0.003523
0.002858
0.001361
0.002101
0.001104
3.4e-05
0.000229
0.005804
0.002363
0.000324
0.000441
0.002761
4.1e-05
0.007332
0.000245
0.039404
0.003996
0.031881
0.005556
8e-06
0.006033
0.016141
0.000159
0.000178
0.000582
0.000165
0.011612
0.002511
0.004377
0.001157
0.002085
0.000161
0.000262
0.005902
0.000849
0.003319
0.000117
0.000885
0.008492
6.7e-05
0.002118
0.00061
0.000447
0.000174
0.000453
0.000123
0.000149
0.001266
0.011606
0.000225
0.000351
0.00011
0.002353
0.000264
0.012686
4.9e-05
5.5e-05
0.000323
3e-05
0.000303
0.03041
0.001668
0.010031
1.6e-05
0.000107
0.000393
0.001432
0.021146
0.001308
0.00038
3.4e-05
8.4e-05
0.000472
0.003379
0.004581
0.003776
0.000839
0.000189
0.009943
0.00025
2.2e-05
0.004615
7.1e-05
0.000381
0.000579
0.010233
3.2e-05
0.000438
0.000234
0.000546
0.001718
0.000459
0.002622
0.003049
0.005195
0.005857
0.004869
0.010631
0.000219
4.3e-05
0.005205
0.00171
8.1e-05
1.6e-05
0.001157
0.003791
0.001002
0.000957
0.00287
0.00168
0.000937
0.000308
0.000152
9.8e-05
0.000745
0.0073
0.001163
3.5e-05
4.2e-05
0.005498
0.00108
0.013417
0.002177
0.000653
0.010149
0.000293
2.8e-05
1.1e-05
0.006506
0.000157
0.034604
0.000118
2.2e-05
0.000148
0.000544
0.011577
0.005539
0.009149
0.00149
0.000734
0.0003
1.2e-05
0.002224
0.000533
0.040206
0.037471
0.012881
0.031911
0.000381
0.004108
2e-05
0.005957
0.012105
1.1e-05
0.000747
0.00027
0.00013
0.004934
0.000552
0.000299
0.000873
0.00311
0.000942
6.5e-05
0.000203
0.015661
0.000678
0.003691
0.003634
0.001046
0.004463
0.004914
0.000236
0.000208
0.001203
0.0007
0.00033
0.000947
0.018608
0.000693
2.6e-05
0.002682
0.001098
0.049753
0.003841
0.007968
0.000432
0.003893
0.009108
0.001319
0.000127
0.013732
0.000624
0.007592
0.029057
0.000216
0.029613
0.013579
0.006652
0.003194
0.000202
0.005056
4.4e-05
0.006178
0.000598
0.000143
9e-06
9.8e-05
0.001843
5.4e-05
0.000478
0.001479
0.010421
4.4e-05
0.001846
0.008583
0.004567
0.00573
0.001617
0.002721
0.000462
0.002535
0.003877
0.003502
0.00027
0.002347
1.7e-05
0.000301
0.000218
0.000515
9.7e-05
0.00104
0.018195
0.001051
0.01342
0.008936
0.000383
0.000408
0.000429
0.004699
0.000401
0.000167
3.8e-05
0.000918
0.000647
0.002665
0.003047
0.025068
0.000362
0.000475
2.2e-05
8.1e-05
0.000107
0.00039
5.4e-05
0.002116
0.012638
0.002391
7.2e-05
0.00141
0.003344
4e-05
0.000116
0.013728
0.000759
0.000949
5.7e-05
0.000563
0.005304
0.003625
0.000165
0.000234
0.000144
1.6e-05
0.000156
2.1e-05
0.009172
0.001519
0.000568
0.001318
0.04201
0.002404
0.001756
0.002053
0.000167
0.000131
0.00193
0.002718
6e-05
0.000118
6.1e-05
0.00107
0.002648
0.002874
0.007112
0.008058
0.000863
6.9e-05
0.000115
0.005869
0.002283
0.000139
3.7e-05
0.005821
0.012706
0.006549
0.000874
0.020425
0.001725
5.4e-05
0.000435
0.000328
0.001243
0.007306
0.003724
0.002536
4.8e-05
0.000799
0.00277
0.000913
0.000604
7.7e-05
0.003034
0.001088
0.0009
0.001126
0.034455
0.009481
0.006025
0.00039
0.000163
0.000212
0.000118
0.001486
0.002217
1.4e-05
0.00036
0.000523
0.002123
0.037851
0.00069
0.00011
0.005075
0.001678
6.3e-05
0.000232
0.000449
0.007869
0.002609
0.002951
7.6e-05
0.002613
0.001428
3.1e-05
0.000106
0.004628
0.000227
0.00147
9.6e-05
0.00255
0.005792
0.010325
1.1e-05
0.000169
0.000188
0.003399
0.000317
0.000723
0.000854
0.006231
0.002836
0.000958
0.000514
0.000436
8.2e-05
9.8e-05
0.001085
0.00098
0.002296
0.000585
0.000712
0.001999
0.027625
1.8e-05
0.005513
0.00014
0.002024
0.000238
0.007682
0.001311
0.000581
0.000264
0.025707
0.00281
0.001547
0.003553
0.000757
0.000356
3.5e-05
0.00084
0.001721
0.000398
0.001937
0.000875
0.00181
0.000812
0.001124
0.000739
0.000537
0.000179
0.000166
2.6e-05
0.000835
0.002302
0.002198
0.002737
0.005701
0.000219
0.000101
0.000295
0.000376
7.7e-05
0.000898
0.000368
0.000268
0.004228
8.5e-05
0.000144
0.010402
0.002102
0.004793
0.002291
0.000224
0.003533
0.000106
0.004447
0.023532
0.000211
0.002583
0.000161
0.005533
3e-05
5.3e-05
0.000297
0.002325
0.00091
0.000312
0.000313
2.1e-05
0.001951
0.000594
0.001644
5.3e-05
0.000315
0.002285
0.000206
7e-06
0.001784
0.000443
0.009892
3.2e-05
0.016341
0.000218
0.000121
0.005488
0.024428
0.000273
0.018097
0.011729
0.000215
0.000266
0.004052
0.002045
0.002211
0.00249
0.001288
0.000602
0.0015
0.003446
0.033075
0.000171
0.006964
0.000202
0.002513
1.4e-05
0.000157
0.011404
0.001292
0.000504
0.0009
0.011784
0.005799
0.004096
0.038444
0.000192
0.001701
0.000315
0.000287
0.003138
0.001807
2.3e-05
0.000275
0.001115
7.8e-05
0.000523
0.000452
0.000276
0.001875
0.002477
0.002646
0.000234
0.000229
0.001706
0.000119
1.7e-05
7.3e-05
5.3e-05
0.000234
0.002514
0.00199
0.000519
0.01705
0.006812
0.000218
0.000117
0.001538
0.002467
0.00809
0.002407
0.011666
0.013761
0.000412
0.008906
0.002246
0.005623
0.000864
0.004351
0.000624
0.001842
0.002721
0.000732
0.000748
0.007882
0.000139
0.00087
0.001142
0.001438
0.001152
0.000101
0.000355
0.000297
0.003977
0.000784
4.9e-05
0.010777
0.000683
4.5e-05
4.1e-05
0.00159
0.006444
8.9e-05
0.000172
0.000291
0.002531
0.000102
0.002098
0.000283
0.00023
0.002407
0.000171
3.1e-05
0.003242
0.000143
0.002265
0.001236
3.1e-05
0.003658
2.3e-05
0.002346
0.004295
0.000102
0.000356
2.3e-05
0.001174
0.001373
0.000666
0.000968
0.000852
0.0001
0.000462
0.00202
7e-06
0.007969
3e-05
0.000431
0.002242
0.000452
0.000542
0.003254
0.020954
5.8e-05
0.000155
4.1e-05
0.008954
0.005707
0.00039
0.003726
0.000326
0.013395
0.002705
0.000233
0.000399
9.1e-05
0.002161
0.000145
0.000131
1.5e-05
0.025526
0.001472
0.001142
6.7e-05
0.000122
0.000247
3.1e-05
0.0005
1.4e-05
0.00029
0.000652
0.000155
0.001796
0.002513
0.004574
0.00351
0.013054
0.001496
0.000453
0.000143
0.002413
0.001152
0.002893
0.003346
5.6e-05
0.000326
0.013308
0.000206
0.019534
0.050028
0.00024
0.00011
0.004185
5.5e-05
0.000141
0.000126
0.00108
0.016602
0.027698
0.000757
0.000174
0.037075
0.000878
0.000586
0.015429
0.001767
0.009102
9.7e-05
1.3e-05
0.00109
0.000166
0.003475
0.000284
0.016255
1.3e-05
0.0112
0.001885
0.001662
0.000416
0.000552
0.015058
0.000356
0.000577
0.001552
0.000569
0.001126
0.013773
0.006905
0.00087
6.4e-05
0.006321
5.3e-05
0.000323
0.000111
0.010067
0.000565
0.001786
0.00653
0.000154
0.003419
0.005307
0.00081
0.001213
0.007294
0.030717
0.000619
0.000897
0.000487
0.001591
0.001259
0.004253
0.000752
0.00015
1.6e-05
0.001345
0.001441
0.000269
0.012444
0.00116
9.1e-05
0.018585
0.019437
3.9e-05
0.000798
0.000753
0.001434
0.064127
0.000136
0.000697
0.002153
0.000237
0.00054
0.001534
7e-05
8.9e-05
0.00119
4.4e-05
0.000995
0.000534
0.000198
0.001475
0.000176
7.2e-05
0.000934
0.001294
0.012093
0.000109
0.000441
0.009679
0.005455
0.00248
0.001062
0.001892
0.001427
4.8e-05
0.000367
0.000123
0.006934
0.006573
0.008439
0.00406
0.000827
0.009817
0.000164
9.1e-05
0.0004
0.001602
0.000922
0.004104
0.008807
0.000344
0.000377
0.000203
0.000159
0.001043
0.0009
0.018135
0.000588
0.006883
0.000212
0.002294
0.012519
0.001735
0.001137
8.6e-05
0.00107
0.00626
0.000141
6.4e-05
0.004809
0.000275
0.00344
0.000164
0.000255
9.6e-05
0.002735
0.001411
0.005894
0.000192
0.002747
1.1e-05
7.3e-05
0.00629
0.000587
0.000177
7.1e-05
0.002073
0.001042
1.8e-05
0.019434
2.3e-05
0.0025
0.003154
2e-05
0.004762
8.8e-05
0.029844
0.000327
0.000235
0.007481
0.000232
0.006584
0.012224
0.000131
0.010324
0.000686
7.7e-05
0.000482
0.000194
0.003643
0.003324
1.8e-05
0.001002
0.012581
0.001186
0.005449
4.2e-05
0.000133
0.000348
0.007169
0.000109
2.9e-05
0.00132
0.000179
0.000169
0.000299
0.000374
4.8e-05
9.6e-05
0.008659
0.000664
0.000216
0.001575
4.4e-05
0.000294
0.00405
0.002901
0.001822
0.004704
0.002277
8.6e-05
0.001286
0.00094
0.013204
4.5e-05
0.00149
9e-06
0.000971
7.8e-05
0.000241
0.001725
7.6e-05
0.001243
2.8e-05
0.000382
0.000951
0.000514
2e-05
0.001637
0.000151
0.000701
0.0001
0.000217
0.001627
6.8e-05
0.000189
0.000288
0.000447
0.00016
0.00097
0.010695
0.006926
0.000126
0.000295
0.000603
3.9e-05
0.001861
0.004454
0.009665
0.001375
0.004538
0.000468
0.000627
1.1e-05
0.000133
0.003516
9.4e-05
0.006754
0.000226
0.000113
6e-06
0.000165
7.5e-05
3.2e-05
0.000407
8.1e-05
0.005751
0.001667
0.009773
0.00108
0.000476
3.6e-05
0.000289
4.1e-05
0.000149
0.000348
4.6e-05
0.014168
0.002718
0.00578
0.004022
0.001555
5.1e-05
0.000208
0.000124
0.012247
0.004382
0.000371
0.001351
0.001491
0.003633
6.2e-05
0.001367
0.001774
2.1e-05
0.000488
0.000269
0.000189
0.003574
7.8e-05
0.00074
5.9e-05
0.000227
0.002551
0.000734
0.000203
0.006394
1.2e-05
0.001144
0.000265
0.000308
0.000732
0.000608
0.000198
0.003051
0.018233
0.040427
0.000776
0.008556
0.000174
0.003818
0.007011
0.000466
0.002495
9e-05
0.016967
0.001998
4e-05
0.0001
0.000487
5.7e-05
0.000164
4.1e-05
0.002828
0.009543
0.000689
6.6e-05
6.3e-05
0.000885
0.022712
0.006556
0.000382
0.000258
0.011979
0.000595
0.000705
0.001523
0.000577
0.000929
0.003269
0.006181
0.00133
0.001168
0.012491
0.001919
0.00031
0.000784
0.001134
0.012555
0.002447
0.000107
0.00292
0.002929
0.000969
0.006508
0.002656
0.000846
2.9e-05
0.000102
0.061937
0.001488
0.000774
0.000154
6e-06
0.000802
0.000195
0.000354
0.003109
0.000323
8.6e-05
0.003259
0.028669
3.2e-05
0.000136
4.2e-05
0.013476
3.5e-05
0.001426
1.8e-05
0.002953
0.000599
0.002276
0.004386
0.000513
4.1e-05
0.001842
0.001145
1.9e-05
4.4e-05
0.037206
0.004376
0.001381
0.01051
0.000289
0.010222
0.000226
0.000641
7.5e-05
0.000807
0.004605
0.00019
0.000779
0.00729
0.000155
0.007018
0.001842
0.001254
4.9e-05
9.2e-05
5.6e-05
0.00014
0.00053
0.004393
0.000555
0.000819
0.011135
0.010057
6.5e-05
4.4e-05
0.000578
0.001131
0.000297
0.026239
0.002511
0.000212
0.001887
0.006804
0.000236
0.000166
0.000538
0.011413
0.003056
0.026638
0.013038
0.002813
0.000186
8.5e-05
0.008117
0.000682
0.000339
0.030674
0.000308
0.000159
0.008926
0.006135
1.4e-05
0.00083
0.000186
0.018419
0.000168
0.002194
0.000258
2e-05
0.000235
0.009015
0.000648
0.000458
8.2e-05
0.003026
0.001008
0.00064
0.000502
0.001216
0.006135
4.9e-05
0.004031
0.000263
0.001001
0.00794
0.005442
0.007064
0.000327
5.2e-05
0.000413
0.001938
0.002546
4.1e-05
0.000102
3.5e-05
6.1e-05
0.002697
0.000153
0.000416
0.000172
8.6e-05
0.000391
0.002396
9.6e-05
8.9e-05
2.1e-05
0.003754
0.000278
9.4e-05
3e-05
0.000503
0.000732
0.01443
0.004325
2.8e-05
1.4e-05
0.000672
0.016327
0.000326
4e-05
0.002272
6.6e-05
3.2e-05
0.00122
0.004078
0.002083
0.016083
0.000134
0.002872
0.001127
1.8e-05
0.008046
0.00013
0.014264
0.000721
0.000283
3.1e-05
0.00028
0.000328
0.000331
0.002549
0.001506
2.2e-05
0.016386
4.7e-05
0.008576
0.00714
0.002011
3e-06
7.8e-05
0.001289
7.6e-05
0.000153
0.00203
0.012236
0.055251
0.000134
0.001297
0.000261
0.000161
0.001095
9.5e-05
0.00196
0.006021
0.002641
0.000534
0.000986
0.002061
5.7e-05
6.3e-05
0.000655
0.019422
0.002656
0.000155
0.001208
0.002674
0.020402
0.005583
0.012327
0.000264
0.004013
0.000837
0.001001
0.000165
3.5e-05
0.000175
0.0012
0.001158
0.000702
0.002834
0.000204
0.026729
0.003248
6.4e-05
0.011067
0.000151
0.000662
0.002882
5.6e-05
0.00213
0.00022
0.000283
0.001046
0.000699
0.004469
0.00072
0.014711
2.1e-05
0.002107
0.000763
4.9e-05
0.001196
0.000279
0.000134
0.000985
0.002213
0.002771
2.3e-05
0.006354
3.1e-05
0.000137
0.004459
0.000471
5.1e-05
0.003244
0.002202
0.000155
0.002553
0.00024
0.000135
0.004292
0.000296
0.002786
1.8e-05
3.8e-05
0.013125
0.014032
0.000189
0.000515
0.000235
0.006155
0.00909
0.000619
0.000201
0.014549
0.000515
0.001181
1.8e-05
0.00033
0.005238
0.000107
0.002531
0.001101
0.000559
2.9e-05
0.005175
0.000479
0.006077
3e-05
9.1e-05
0.004161
0.000699
0.000416
0.001063
4.6e-05
0.000389
0.004896
0.001351
0.002335
4.9e-05
0.000974
0.002209
0.013131
0.000659
0.000212
0.00012
0.000513
0.001406
0.002282
0.000764
0.001848
0.001203
0.000137
0.000963
0.016214
0.003846
0.002967
0.003214
0.002542
0.000166
0.000274
0.003526
0.003729
0.002612
0.000672
0.000645
0.000335
0.000156
0.001425
8.3e-05
0.003146
0.002384
0.003984
0.000119
0.003657
0.00186
0.001493
0.000988
0.003479
0.021542
0.012716
0.003336
0.000132
0.002636
0.000533
0.006766
0.004486
0.001829
0.004272
6.8e-05
0.002177
0.000132
0.001091
0.002807
0.002042
0.000117
0.000427
0.000699
9.7e-05
0.000427
0.008602
0.000477
4.2e-05
0.009645
0.000593
0.01339
0.002796
0.002409
3e-05
0.001286
0.00026
0.00029
3.3e-05
0.000811
0.000103
0.000281
0.000527
0.000373
0.027519
0.000221
0.000116
0.000207
7e-06
0.001018
3.4e-05
0.000187
4.8e-05
8.4e-05
0.000857
0.000176
0.004894
0.0001
0.000445
0.000285
0.00087
0.002023
0.000234
0.000205
0.000978
0.001659
3.7e-05
5.1e-05
0.000134
0.000886
0.000123
0.002948
0.000366
0.001728
0.004477
0.013938
0.010888
6.5e-05
0.018258
0.00057
0.000545
1.9e-05
0.000368
0.003136
0.014288
0.001115
0.000479
0.000886
0.019188
0.000537
0.000565
0.005052
0.001548
0.000969
0.000352
0.000361
2.7e-05
0.00084
0.001786
0.010398
0.005706
0.000346
2.4e-05
0.000106
0.014901
0.002383
9.4e-05
0.002862
0.000734
0.000926
0.000118
0.000541
0.000211
0.002606
0.00024
0.00123
0.025882
0.001865
0.001479
0.058188
0.002204
0.000225
2.4e-05
0.012401
0.000905
0.000112
0.010116
0.000204
0.006879
5.7e-05
0.00094
0.002518
0.000153
0.000849
0.001206
0.012588
0.000216
0.001584
6.6e-05
0.004086
0.008004
0.000648
0.012941
0.000901
0.001873
0.000344
0.00383
0.00247
0.000123
0.015327
0.005408
0.001119
0.006966
0.000429
8.8e-05
0.001917
0.001102
0.003246
0.00151
0.018061
0.007039
0.007225
7.8e-05
0.001679
0.007464
0.000354
1.2e-05
0.000279
0.001378
0.00113
0.004963
0.001477
4.9e-05
0.008202
0.000696
4.7e-05
5.5e-05
0.005557
0.004678
6.8e-05
2.4e-05
0.00507
0.00059
0.000163
0.000718
0.002916
5e-05
0.002446
0.000578
3.7e-05
0.000392
3.6e-05
0.000463
0.000392
1.3e-05
0.000745
0.008304
0.004118
0.00425
0.001866
0.000145
5.3e-05
0.013569
0.000154
5.8e-05
0.000225
0.000211
0.004659
0.000162
1.4e-05
0.005815
0.000141
0.000824
1.9e-05
3.4e-05
2.4e-05
0.002159
0.001065
0.000691
0.000102
0.000523
0.001598
0.005289
0.000437
0.000391
0.003277
0.026247
0.000474
0.000205
0.023163
4.2e-05
0.019838
0.002152
0.011161
0.003313
2.2e-05
0.011423
7e-05
0.000586
0.000468
0.004078
0.000155
0.000676
6.1e-05
0.005949
0.003959
0.000326
0.004355
0.00196
0.002783
2.1e-05
0.000104
0.000126
0.001073
0.000548
0.000458
0.00047
0.002422
0.00152
0.002749
6.8e-05
0.000811
0.002527
8.3e-05
8.7e-05
0.003554
3.1e-05
0.000256
0.00531
0.01533
0.004996
0.025885
0.001224
0.004003
0.000933
0.022221
0.00011
0.002738
0.006146
0.000382
0.006858
0.005421
0.00026
0.000412
0.000363
0.006234
0.000314
0.013358
0.001461
0.000693
0.000111
0.000727
0.000114
0.000956
0.00363
0.000273
0.016383
8.2e-05
5.9e-05
0.000446
0.001155
0.000731
0.000286
0.00186
0.000672
0.0001
0.000155
0.000908
5e-05
1.4e-05
0.000191
0.033403
2.3e-05
0.000638
8.9e-05
0.00048
3.9e-05
1.3e-05
0.001686
0.000833
0.001054
0.010027
0.000295
0.000561
0.000918
0.000136
0.002036
0.000407
5.5e-05
0.002538
0.000352
0.001157
0.025923
0.032314
0.000225
0.010254
0.000948
0.000169
0.001698
0.00432
0.000181
0.00075
0.005524
0.001587
0.000725
0.005084
0.0051
7.1e-05
0.00241
0.00397
0.000372
0.000522
0.010966
8.1e-05
0.005371
0.000823
0.000783
0.001697
0.000505
0.000693
1.3e-05
0.004601
0.001146
0.005755
0.007299
2.6e-05
0.003444
0.006025
2.2e-05
0.01867
0.000853
0.011421
7e-06
0.004651
3.9e-05
0.004363
0.000985
0.003455
0.000644
0.003314
0.002136
0.004336
0.000956
0.001265
0.000288
0.003421
0.000787
9.6e-05
0.000193
4.9e-05
0.015096
0.033981
0.000256
0.005272
1.7e-05
0.0288
0.001736
0.001362
0.000845
0.004187
0.013914
0.004125
0.000159
0.001388
0.00169
7.8e-05
0.000685
0.004746
0.001379
0.002225
0.002242
0.000943
0.006053
0.000338
0.00122
0.002203
5.8e-05
0.001302
4.5e-05
0.000133
0.001081
0.001409
0.002726
1.9e-05
0.000308
0.002816
0.003877
3.4e-05
0.000127
0.000307
0.000155
0.000146
0.000281
0.019498
1.3e-05
0.000248
0.000744
5.3e-05
0.000591
0.001493
9e-06
9.1e-05
0.000476
0.00011
0.00051
0.004562
0.000176
0.003284
0.002502
0.002708
0.029483
0.002057
1.3e-05
0.006793
0.031099
0.000185
8.6e-05
0.000536
0.000772
0.007533
0.002424
0.001201
0.000109
0.006879
0.000787
0.029003
0.001055
0.013476
0.001641
0.006635
0.009819
0.026222
0.011935
0.002392
0.000731
0.000298
0.001602
0.00445
0.012768
0.001915
0.000206
0.000479
0.000542
0.005545
0.01409
0.000565
0.003472
1.2e-05
0.001895
5.9e-05
0.005102
0.00657
0.002127
0.003107
0.000133
0.040553
8.7e-05
0.011929
0.00419
0.012137
0.017299
0.011201
0.01472
0.005298
0.00022
0.007187
0.000334
0.000433
0.00032
0.000726
0.006161
0.002911
2.9e-05
0.009074
0.000199
4.2e-05
1e-05
0.000153
8.3e-05
0.003588
0.002645
0.008041
0.010247
0.005471
0.000103
0.025959
0.005673
0.000646
0.002168
0.000697
9e-06
0.000356
0.000228
0.000909
7.9e-05
0.000187
0.001667
0.00102
0.003987
0.00138
0.000363
0.000355
0.013991
0.000591
0.000273
0.004872
0.00983
0.00626
0.000247
0.000213
0.000238
5.2e-05
0.004587
0.000678
0.000107
0.002269
0.058676
0.00011
0.005032
0.000324
9.6e-05
0.013181
0.00077
0.00128
0.008122
0.000451
0.000233
0.007069
0.000406
0.000155
0.000214
0.002803
0.001095
0.00786
0.000185
0.003064
0.000287
0.000617
0.003581
0.000745
0.012687
0.000313
0.002478
0.004106
0.000223
0.000267
0.00697
0.004323
0.000116
8.6e-05
5e-05
2.5e-05
0.012043
0.0004
0.018098
0.000561
0.007708
8.8e-05
0.008988
7e-06
0.002288
0.00075
0.011524
0.002604
0.001691
0.000585
0.004713
0.000153
0.000138
0.016231
0.003501
2.8e-05
0.000225
0.007891
0.002514
0.000408
0.00019
0.000312
0.001025
0.004284
0.000537
0.000389
0.036382
0.001299
0.0007
0.000838
4.2e-05
0.014648
2.1e-05
5.5e-05
0.001214
0.00083
0.000236
3.1e-05
0.001763
0.001631
8.1e-05
0.000365
0.004207
9.4e-05
0.000372
0.000551
3.4e-05
0.005708
0.001825
0.000471
0.000299
0.001661
1.2e-05
0.009429
0.000157
0.003847
0.001446
6.6e-05
0.002172
0.000481
0.000449
0.001
0.00496
0.000358
0.00028
0.002388
9.4e-05
0.009079
1.8e-05
0.001152
0.000187
0.001813
0.000361
0.014791
0.012497
0.000297
0.012982
0.03314
4.4e-05
0.000254
0.001068
2.8e-05
0.000668
0.001778
0.015651
0.001628
0.000977
0.000722
0.017449
0.001478
2.6e-05
0.000137
2.5e-05
0.026821
0.00021
0.000478
0.000118
0.000832
0.000489
0.000545
8.2e-05
0.000806
0.000453
0.001214
0.000119
8.9e-05
9.3e-05
0.000145
0.000493
0.015471
0.002637
0.000807
0.005639
0.002625
0.009755
0.000548
0.001502
0.000674
0.00882
0.000426
0.001607
0.005745
0.004099
0.0001
0.000202
0.000585
0.000214
0.00017
0.00201
0.012573
8.4e-05
0.003209
0.000771
4.9e-05
0.000406
0.003517
0.000324
0.012311
0.00122
5e-06
0.0006
0.000242
0.008171
0.006643
0.000516
0.016523
0.000715
0.001731
0.002243
0.000861
0.002225
0.001444
0.001727
0.000302
0.018583
0.030518
0.002433
0.002724
0.00249
0.00164
0.015509
0.000132
2.2e-05
0.003574
0.003004
0.007865
0.00181
0.005542
0.000792
0.010251
0.001024
0.00066
7.7e-05
0.01693
3.3e-05
8.2e-05
0.000751
0.018055
0.014079
0.000326
0.001614
1.5e-05
0.002772
0.001596
0.001217
0.000169
0.001611
0.002979
0.018286
0.001857
0.003273
0.000882
0.000133
6.5e-05
0.012535
8.5e-05
0.001066
0.001309
0.000196
0.001661
0.002725
0.008855
0.000695
0.001846
0.000145
0.010684
0.00084
0.003718
0.000381
0.002125
0.001753
0.020403
0.000366
0.007657
0.000728
0.001974
0.001451
0.006568
0.000589
0.000207
3.7e-05
0.000217
3.4e-05
0.000121
0.000624
0.00454
0.000533
5.4e-05
0.00127
0.004583
6.4e-05
0.000835
8.4e-05
0.001807
3.6e-05
0.000638
0.001882
0.015316
0.001616
0.002083
0.001135
0.009167
0.001485
0.000266
0.000196
0.002786
0.001332
0.021536
0.012553
0.000105
0.00018
0.001374
0.000163
0.001493
9.8e-05
0.000104
0.000687
0.000445
0.001251
0.002838
0.000139
2.9e-05
0.004017
0.010784
0.002286
0.013562
0.003702
0.000159
0.00313
0.000343
0.027644
0.001002
4.2e-05
0.000277
2.4e-05
1.5e-05
0.002231
6.9e-05
0.000776
7.4e-05
0.000286
0.002096
0.002032
0.025201
0.000207
0.001324
0.00012
0.009714
0.000214
0.000427
0.000612
0.002789
0.000121
8.7e-05
2.4e-05
0.000124
3e-05
0.000624
0.000501
0.003423
9.6e-05
0.001578
0.000979
0.001743
0.00399
0.000777
0.000839
0.005042
0.000527
2.4e-05
0.001422
0.007532
0.000593
0.001774
0.001535
0.000422
0.002843
1e-05
0.000516
0.000399
1.6e-05
0.000244
0.00474
0.000325
0.00041
3.7e-05
0.005583
1.3e-05
0.000916
0.011066
0.00053
0.001056
2.6e-05
0.00228
0.001231
0.0391
0.000853
0.011895
6.3e-05
0.000625
0.000148
4.2e-05
0.000702
0.003031
0.000349
0.001831
9e-06
0.001172
0.010107
0.003484
0.038517
0.000311
0.009844
0.000147
0.008545
0.0005
0.007535
3.8e-05
0.005369
0.000454
3.5e-05
0.003898
0.002177
0.000196
0.001907
0.010384
0.002697
0.033548
0.049661
0.00133
0.000132
9.9e-05
0.006534
0.001663
0.003004
0.00374
0.000134
0.023182
0.000218
7e-05
0.000425
0.00725
0.011376
0.010172
0.000142
2.2e-05
0.000763
0.000718
0.00053
0.013638
0.004001
0.000725
0.000497
4.3e-05
0.000635
0.000428
0.000581
0.000101
0.000489
0.006201
0.001872
0.004005
0.000484
0.002643
0.006398
0.000778
0.052633
7e-05
0.000271
0.000623
0.000286
0.018645
0.000614
0.000759
0.00015
0.000778
0.000676
0.000353
0.000133
0.000307
0.000178
0.003722
0.000414
9e-06
3.9e-05
0.000783
0.008867
0.001421
1.6e-05
0.008397
0.002272
0.00011
0.017206
0.000944
0.000986
0.000235
0.038258
0.000911
0.010909
0.000596
0.004609
0.002596
1e-05
0.001235
0.011785
3.6e-05
0.011004
0.004167
0.000157
0.001347
0.002637
0.001242
0.00073
1.6e-05
0.000282
0.000576
0.001574
0.000604
0.019627
0.003951
0.004355
0.000725
0.005853
0.01809
0.000997
0.001017
0.018937
0.000382
0.001008
0.000101
0.000594
0.002446
0.000812
0.012715
6.2e-05
0.000547
0.002835
0.000112
0.000994
8.8e-05
0.000384
0.025786
0.002878
0.000364
0.000809
0.001173
0.00136
0.002949
0.000152
3.6e-05
0.012342
0.001966
0.001561
0.007392
0.020162
0.008068
0.000194
0.003351
0.001017
0.032574
0.003235
0.002725
0.001473
0.001382
0.002057
0.003169
0.006124
0.001695
4.6e-05
0.007976
0.017495
0.00673
2.3e-05
5.3e-05
0.001394
0.003412
0.007585
6.1e-05
0.00029
0.006876
0.00015
0.000585
0.011064
3.4e-05
0.000144
0.002295
0.000166
0.006232
0.00821
0.000473
0.000507
0.003318
0.002216
0.003311
0.000276
0.002456
0.000207
0.003027
0.002388
0.004934
2.4e-05
0.002357
0.019927
0.00063
0.000406
0.003136
0.014677
0.000629
0.004419
1.5e-05
8.1e-05
0.004081
1.8e-05
0.002514
0.003757
0.00269
0.031575
0.000263
0.028559
0.0013
0.031595
0.000311
0.006775
1e-05
0.000258
3.1e-05
0.009712
4.5e-05
0.000604
0.00062
0.013589
0.000374
0.01632
0.003626
1.4e-05
0.000222
0.00051
0.000471
0.016257
0.000572
0.000801
0.001865
2.8e-05
0.001121
1.6e-05
4.8e-05
0.000193
0.001034
0.001052
0.000439
0.001082
0.000607
0.000897
0.010567
0.000222
0.000246
0.007609
0.013091
0.00164
0.001093
0.000113
0.000538
0.012391
0.004891
0.000334
2.2e-05
0.006458
0.011206
0.000339
0.006389
4.9e-05
0.000716
0.010178
0.000237
0.008754
0.000135
0.013479
0.00039
0.001207
0.000657
0.05666
5.1e-05
0.000741
2.4e-05
0.0016
0.000457
0.0003
0.005622
0.001164
0.001777
0.006092
0.007857
0.000528
0.000182
0.008659
0.000279
0.001635
0.026843
0.00505
0.00413
0.003988
0.003741
0.007838
0.035371
0.000345
0.001101
0.000522
3.8e-05
0.000155
0.000461
5.3e-05
0.014873
0.000196
0.000196
0.004681
0.001282
0.006133
0.032328
0.000171
5e-06
4.8e-05
0.004884
0.000559
0.00045
3.6e-05
0.003234
0.003021
0.002678
0.001987
0.00332
0.000304
0.006018
9.6e-05
0.001934
0.001058
0.000456
0.064698
0.001638
0.000378
2.9e-05
0.002256
0.014957
0.000208
0.000308
1e-05
0.001661
7.6e-05
0.068769
0.000111
0.002877
0.000554
0.001055
0.001941
0.004016
0.00025
4.7e-05
0.009761
0.000884
0.000873
0.010975
0.002169
0.001038
0.003205
0.002025
0.000595
0.003664
0.000882
1.4e-05
5.2e-05
2.1e-05
0.030499
0.005242
0.010087
0.00286
0.009584
6.4e-05
0.000277
0.004519
0.000252
0.002131
0.002544
0.000484
0.003066
0.000744
1.9e-05
0.00851
0.00011
0.012697
5.6e-05
0.002992
0.000377
0.000237
2.5e-05
0.003055
8.9e-05
0.00423
0.000213
9.8e-05
0.002431
0.003301
5.1e-05
0.001174
8.2e-05
0.014355
0.000179
5.2e-05
0.003606
0.058747
0.007375
0.016138
0.000458
0.004637
3.7e-05
6.1e-05
0.000693
0.004735
0.004342
0.00109
0.00175
0.004004
0.002479
0.00105
1.4e-05
0.023796
0.002185
0.001392
0.00046
1.8e-05
1.5e-05
0.00036
0.002062
0.005058
9.4e-05
7.2e-05
0.000114
3.6e-05
6.1e-05
0.001852
0.001415
5.7e-05
0.000196
0.000157
0.000359
0.001172
0.000912
0.000901
0.001019
4.4e-05
0.000623
0.000735
0.003105
0.003256
0.000962
0.042
0.002193
0.015989
0.000105
0.000984
0.000705
0.000107
0.085696
0.000741
0.003824
0.001781
0.000297
0.000225
0.004416
5.2e-05
0.000525
0.000205
0.001255
0.000218
0.000895
6e-06
0.00083
0.004094
0.001335
0.006443
0.012886
0.004986
0.000106
0.000171
5.5e-05
1.2e-05
0.00128
0.038476
0.000114
8.9e-05
0.001016
0.000104
0.010671
0.000247
0.004418
8.8e-05
0.028677
0.000108
2.2e-05
3.2e-05
0.00044
0.012112
4e-05
0.000315
0.00954
0.00033
0.001207
0.05171
3.2e-05
0.004135
0.003213
0.00029
0.000174
0.01051
0.010496
0.000112
0.00529
0.000349
0.009568
3.1e-05
0.000218
0.000383
9e-06
0.001009
0.005802
0.000619
0.00116
0.012442
0.005515
0.001875
7.1e-05
0.001551
0.006906
0.000512
0.000149
3e-05
9.8e-05
0.004372
0.001123
0.00292
0.000179
0.003453
0.002491
0.011202
0.001381
7e-05
0.000319
3e-05
0.020417
1.5e-05
0.00033
0.001264
0.010956
0.003028
0.000802
0.000219
0.007676
0.000359
0.005685
0.001318
0.014268
0.000671
0.016
2e-05
0.000123
0.006767
0.00972
0.010726
5e-05
0.000216
0.00075
0.002453
0.002086
1.7e-05
6.9e-05
0.021292
0.005136
0.005065
0.000811
0.000653
0.000164
0.003315
0.015685
0.000675
0.000518
0.000318
0.00093
0.002033
0.000977
0.000372
0.002386
0.002533
0.021239
0.002359
0.002734
0.007352
0.004207
0.001292
1.6e-05
0.03687
0.000558
0.001366
0.003202
0.001107
0.050819
0.001241
0.01058
0.000476
3.3e-05
0.014199
9e-05
0.001274
0.001225
0.000235
0.000613
0.001008
1.5e-05
0.002266
0.001314
0.010995
0.000731
0.021933
0.000204
0.001958
0.000676
0.002854
0.000216
5.4e-05
4.7e-05
6.9e-05
0.00023
0.003065
0.002802
0.012057
0.000163
0.001384
1.1e-05
0.006588
0.021014
0.009318
0.025493
0.003245
8.6e-05
0.001622
0.010591
0.000352
5.3e-05
0.000124
0.003615
0.011587
2.4e-05
0.000299
0.000454
0.000129
0.007029
0.011301
0.000127
0.000161
0.004438
0.000266
1.5e-05
0.003882
0.002733
0.000848
0.000295
0.001216
0.001674
6.4e-05
0.018793
0.003657
0.000168
0.000305
0.005976
0.00294
8.1e-05
0.000139
8.8e-05
0.0177
0.007208
0.002437
0.000202
1.1e-05
0.006248
0.000589
0.001298
0.045474
0.004025
0.001184
0.000314
8.3e-05
0.007054
0.001552
0.000139
0.00896
0.003324
0.00235
8.5e-05
0.000607
0.001227
0.000919
0.000329
0.000326
0.017363
5.1e-05
5.7e-05
0.005737
0.00023
0.000426
0.004378
0.003188
0.002028
7.4e-05
0.000234
0.007239
1.9e-05
3.4e-05
0.000308
0.006982
0.002794
0.003846
0.002868
0.000517
0.000562
0.007188
0.000203
0.008389
0.03942
0.003401
0.000184
0.002213
0.001234
0.000574
0.00138
0.000838
0.002866
0.020446
0.004243
1.3e-05
0.000883
0.00145
0.014075
0.00179
0.000127
0.008161
0.000456
6.3e-05
0.001926
0.000279
3.9e-05
0.021956
0.001225
0.003052
0.017982
0.000683
0.000684
0.001197
0.000134
0.000771
0.000692
7.5e-05
0.000281
3.8e-05
0.000952
0.014902
0.001433
0.000506
0.003452
1.5e-05
0.001567
0.001561
6.5e-05
0.001754
1.8e-05
0.000312
0.016291
0.022238
0.007691
0.000352
0.010393
