0.020822
0.010264
0.011719
0.00245
0.003729
0.01987
0.003805
0.012755
0.013911
0.006261
0.006859
0.007402
0.002956
0.001438
0.007231
0.007498
0.000364
0.016141
0.007457
0.02512
0.019798
0.00322
0.002081
0.002322
0.006802
0.003737
0.00117
0.028232
0.003431
0.005247
0.002437
0.013848
0.040243
0.001021
0.002512
0.004988
0.019584
0.008532
0.023902
0.011969
0.008726
0.004411
0.014434
0.069596
0.00549
0.02328
0.026069
0.011413
0.00426
0.00074
0.005211
0.014382
0.009842
0.000517
0.011185
0.006246
0.007993
0.010383
0.010733
0.000583
0.009494
0.004983
0.010609
0.005363
0.002973
0.017391
0.001447
0.006936
0.004649
0.000248
0.02635
0.00011
0.017934
0.000681
0.004391
0.015441
0.000328
0.01633
0.001162
0.002639
0.002792
0.022922
0.008616
0.002357
0.023428
0.001587
0.003458
0.002648
0.013073
0.000268
0.038084
0.000715
0.000283
0.002366
0.012502
0.0026
0.010498
0.009831
0.001655
0.002631
0.005175
0.020797
0.003043
0.010144
0.012987
0.008712
0.014556
0.001733
0.027221
0.001635
0.024377
0.047976
0.008017
0.004395
0.001912
0.001676
0.012193
0.060309
0.007511
0.000357
0.011955
0.019834
0.005687
0.002418
0.002622
0.006255
0.004893
0.016034
0.001697
0.003211
0.005527
0.003442
0.005132
0.008772
0.013803
0.003005
0.022253
0.015225
0.026743
0.012523
0.019697
0.002217
0.011734
5e-05
0.010819
0.004128
0.043211
0.034637
0.007707
0.000196
0.012129
0.013936
0.019607
0.00093
0.003949
0.000934
0.006897
0.045473
0.013901
0.000625
0.009995
0.000661
0.026302
0.0101
0.005258
0.005594
0.019155
0.011461
0.000939
0.01338
0.010326
0.028038
0.015184
0.011529
0.049481
0.005641
0.002223
0.010887
0.024833
0.023964
0.046387
0.010018
0.031534
0.00169
0.023637
0.003571
0.018427
0.008362
0.009766
0.035696
0.023376
0.059922
0.009722
0.003323
0.009205
0.000938
0.003044
0.018679
0.005731
0.01377
0.029677
0.008732
0.000724
0.000296
0.0127
0.018362
0.006493
0.019174
0.010928
0.014496
0.002436
0.000841
0.012744
0.024795
0.00145
0.023467
0.017043
0.003667
0.000507
0.01104
0.03787
0.020361
0.001659
0.025575
0.000744
5.2e-05
0.009506
0.003116
0.068767
0.002313
0.016024
0.018016
0.011359
0.042791
0.012405
0.007697
0.002795
0.008133
0.024723
0.009587
0.015324
0.001441
0.065959
0.012385
0.001266
0.002261
0.010646
0.014505
0.005195
0.00377
0.012888
0.001063
0.003205
0.003294
0.021719
0.013353
0.012375
0.003046
0.029359
0.008343
0.000333
0.004606
0.004256
0.002859
0.004335
0.003441
0.00098
0.014118
0.01015
0.004532
0.020038
0.000911
0.007994
0.026491
0.000568
0.004304
0.010114
0.005887
0.008846
0.004596
0.00268
0.002747
0.039007
0.002541
0.022119
0.035929
0.011318
0.002816
0.010306
0.019387
0.00755
0.030971
0.009977
0.002298
0.002849
0.061447
0.016343
0.008535
0.00726
0.001869
0.01117
0.00022
0.003294
0.013829
0.006636
0.00469
0.011003
0.004332
0.003448
0.021769
0.030716
0.006908
0.021064
0.006588
0.025942
0.011151
0.000551
0.002986
0.00094
0.017033
0.003929
0.040711
0.027154
0.000217
0.009537
0.026212
0.006767
0.007875
0.004629
0.001207
0.020696
0.009874
0.014422
0.009708
0.013069
0.005544
0.024454
0.034151
0.047651
0.000402
0.000386
0.010761
0.002734
0.008374
0.003323
0.025404
0.019295
0.004256
0.028675
0.011348
0.007762
0.007206
0.005792
0.000725
0.007065
0.006063
0.01734
0.001736
0.009024
0.007241
0.026548
0.035533
0.006871
0.012354
0.019337
0.024547
0.022177
0.002072
0.009029
0.004172
0.000794
0.008822
0.003915
0.004694
0.00952
0.0074
0.006299
0.011468
0.009886
0.033116
0.028364
0.014371
0.021338
0.025164
0.006615
0.001013
0.015162
0.012716
0.002449
0.007234
0.000916
0.003278
0.00262
0.013317
0.009666
0.000243
0.028353
0.015401
0.021425
0.007825
0.018493
0.025271
0.022098
0.002144
0.00481
0.01492
0.009134
0.007228
0.006522
0.001173
0.001804
0.002811
0.016729
0.006278
0.005172
0.042536
0.002145
0.00037
0.001197
0.001513
0.032046
0.023419
0.006118
0.05554
0.005884
0.00095
0.044174
0.006876
0.008108
0.019838
0.009469
0.000383
0.002974
0.010072
0.006711
0.009302
0.005589
0.010526
0.019245
0.004765
0.008706
0.00954
3.7e-05
0.000743
0.009588
0.023098
0.000405
0.028339
0.012482
0.003251
0.010373
0.000198
0.005566
0.002303
0.006844
0.01016
0.000183
0.020505
0.003646
0.005411
0.013095
0.00466
0.003805
0.003605
0.003449
0.003015
0.021064
0.051952
0.018722
0.004171
0.006573
0.009904
0.003455
0.003096
0.037466
0.014443
0.020152
0.01597
0.001781
0.005546
0.002226
0.001379
0.008891
0.001122
0.005332
0.003819
0.005916
0.014108
0.009833
0.005901
0.002765
0.004526
0.001491
0.007482
0.004431
0.011143
0.001776
0.016583
0.006437
0.012374
0.02234
0.014495
0.019454
0.000846
0.005999
0.013535
0.013599
0.002229
0.000197
0.009005
0.003872
0.003028
0.000598
0.001658
0.002982
0.000896
0.002557
0.002176
0.007215
0.009581
0.001201
0.006809
0.006999
0.001695
0.006215
0.021352
0.000264
0.001576
0.003857
0.013409
0.006993
0.009528
0.015494
0.002131
0.000133
0.005109
0.002764
0.002206
0.012423
0.031729
0.018461
0.007077
0.005134
0.00236
0.033549
0.00711
0.034404
0.031051
0.001356
0.000886
0.034064
0.020253
0.01621
0.038114
0.014136
0.000156
0.002354
0.003311
0.001047
0.004093
0.000492
0.018013
0.000462
0.024811
0.003923
0.018376
0.004041
0.011721
0.006216
0.011722
0.003694
0.002269
0.016524
0.010852
0.019322
0.01577
0.008473
0.011619
0.001508
0.006626
0.017987
0.004049
0.012122
0.022521
0.008774
0.008079
0.02694
0.005467
0.016497
0.003302
0.026271
0.011754
0.019768
0.002594
0.009916
0.00765
0.001847
0.009391
0.003628
0.018053
0.001355
0.015266
0.000572
0.02021
0.021451
0.009892
0.009629
0.008424
0.000864
0.008944
0.038493
0.000139
0.000894
0.010694
0.005589
0.016469
0.008863
0.003032
0.00172
0.001848
0.014386
0.006772
0.004023
0.015077
0.078013
0.019537
0.000276
0.002622
0.007306
0.005117
0.008235
0.022671
0.038224
0.00488
0.002272
0.005225
0.010549
0.019889
0.00578
0.006937
0.017526
0.007679
0.004462
0.004354
0.003426
0.00496
0.021456
0.014687
0.004773
0.031813
0.002742
0.022407
0.00041
0.013284
0.009134
0.016141
0.004388
0.005018
0.003085
0.007184
0.004529
0.004093
0.000615
0.015017
0.001563
0.009806
0.000577
0.012193
0.005719
0.009245
0.007465
0.002143
0.001261
0.004032
0.000164
0.005978
0.00429
0.004746
0.000338
0.001239
0.016763
0.000337
0.007107
0.045391
0.01001
0.025339
0.009616
0.000857
0.009033
0.005382
0.00966
0.008857
0.004701
0.002994
0.003569
0.02531
0.00662
0.003356
0.014071
0.007704
0.011704
0.003631
0.001866
0.027573
0.00956
0.004605
0.000586
0.000754
0.008641
0.016542
0.004536
9.7e-05
0.001247
0.011324
0.001458
0.035263
0.01273
0.000552
0.011087
0.013447
0.001293
0.003897
0.000997
0.003966
0.035849
0.005778
0.002882
0.022972
0.008263
7.3e-05
0.000827
0.006617
0.013812
0.015489
0.00442
0.032027
0.005869
0.015624
0.012573
0.022603
0.004929
0.014754
0.011655
0.013992
0.008777
0.00241
0.01716
0.000668
0.001004
0.000783
0.000229
0.013355
0.011381
0.010859
0.012574
0.000904
0.013391
0.003498
0.014819
0.008022
0.00986
0.020383
0.033228
0.006362
0.008304
0.005539
0.019676
0.012669
0.011194
0.001659
0.000225
0.014518
0.004037
0.000358
0.019109
0.002166
0.005241
0.003431
0.001306
0.011777
0.017721
0.009118
0.01963
0.031771
0.011283
0.003762
0.009577
0.012968
0.00739
0.040275
0.004141
0.000207
0.003848
0.029136
0.010627
0.012462
0.011692
0.004787
0.014809
0.037385
0.000331
0.016113
0.03296
0.016749
0.000806
0.01878
0.010018
0.0037
0.008661
0.013823
0.008193
0.000521
0.0019
0.01131
0.00287
0.009687
0.004805
0.001638
0.010954
0.000151
0.021916
0.012843
0.024456
0.008692
0.002894
0.019307
0.003023
0.013964
0.007878
0.000959
0.005462
0.001058
0.022907
0.001534
0.004856
0.019871
0.020821
0.014776
0.006016
0.02085
0.033031
0.007281
0.024005
0.025851
0.008341
0.001322
0.004929
0.011264
0.001364
0.002044
0.005682
0.013767
0.010093
0.014786
0.01066
0.001609
0.019482
0.007516
0.001398
0.00639
0.003429
0.018857
0.007057
0.002161
0.012583
0.006462
0.000546
0.00998
0.024361
0.005933
0.001717
0.006117
0.016231
0.003705
0.007371
0.004746
0.000116
0.000125
0.000231
0.012851
0.009702
0.008932
0.001081
0.015059
0.004703
0.000773
0.020146
0.018966
0.000142
0.001167
0.001704
0.00111
0.013192
0.005736
0.021722
0.00957
0.025309
0.008083
0.00062
0.005742
0.000422
0.023207
0.002358
0.005016
0.015284
0.005268
0.001388
0.008214
0.013692
0.005259
0.003559
0.028039
0.006766
0.011351
0.008036
0.013004
0.001657
0.017393
0.016321
0.011886
0.012758
0.017187
0.010045
0.005354
0.025792
0.003005
0.023206
0.002574
0.007333
0.011729
0.003964
0.01786
0.030763
0.007146
0.009118
0.010556
0.023758
0.024681
0.000856
0.008242
0.004562
0.065047
0.002574
0.019195
0.003485
0.017742
0.017535
0.009064
0.003881
0.010164
0.005131
0.001167
0.002384
0.002567
0.016796
0.013151
0.005579
0.039247
0.018092
0.020715
0.015487
0.021354
0.001388
0.005052
0.017442
0.00198
0.027678
0.008764
0.013874
0.01583
0.01115
0.006785
0.011741
0.007694
0.028685
0.033271
0.003322
0.02133
0.015008
0.01415
0.003863
0.002875
0.005076
0.00088
0.003003
0.00052
0.021811
0.022391
0.000595
0.019777
0.003078
0.021545
0.013966
0.001931
0.036436
0.007233
0.027528
0.007164
0.053183
0.008046
0.006252
0.008303
0.00173
0.007562
0.000597
0.003881
0.002234
0.005044
0.000435
0.045333
0.0065
0.012565
0.003878
0.007101
0.031397
0.00149
0.040617
0.003911
0.003151
0.007058
0.008727
0.016564
0.036736
0.000427
0.008227
0.019198
0.00067
0.008795
0.000311
0.007765
0.00148
0.021297
0.018884
0.082069
0.000825
0.004116
0.002643
0.011559
0.005532
0.014042
0.023499
0.029309
0.02291
0.002909
0.008955
0.041182
0.00817
0.025751
0.022892
0.013153
0.000491
0.033341
0.01168
0.023751
8.4e-05
0.000796
0.013135
0.01994
0.000418
0.003784
0.005304
0.000495
0.024327
0.006335
0.035195
0.00417
0.0161
0.020286
0.032192
0.009162
0.016062
0.022762
0.001489
0.006526
0.008113
0.010245
0.018242
0.002856
0.003724
0.000333
0.01984
0.001977
0.028667
0.003537
0.021128
0.000626
0.004751
0.000449
0.002787
0.010731
0.00042
0.015179
0.002109
0.005391
0.061753
0.009624
0.004565
0.002515
0.017355
0.019968
0.007352
0.014732
0.005352
0.00571
0.016574
0.010789
0.00132
0.007582
0.001004
0.001872
0.005685
0.00602
0.058841
0.029682
0.022348
0.012511
0.020218
0.001171
0.003247
0.000433
0.002176
0.056734
0.008764
0.012962
0.00638
0.003337
0.000575
0.005091
0.002586
0.01134
0.00503
0.025316
0.002953
0.005289
0.000582
0.018175
0.001293
0.001626
0.001872
0.021548
0.010111
0.000826
0.059552
0.022484
0.00821
0.024233
0.023144
0.013639
0.005615
0.011692
0.015508
0.0292
0.032307
0.01734
0.003473
0.000783
0.017975
0.021477
0.018167
0.009405
0.002948
0.009567
0.00513
0.01209
0.003906
0.02686
0.012421
0.015133
0.008613
0.021651
0.004357
0.015246
0.028382
0.014291
0.010465
0.036296
0.04041
0.010057
0.028009
0.062135
0.028999
0.00788
0.000621
0.005698
0.008432
0.005906
0.000625
0.003758
0.003088
0.0189
0.002722
0.003764
0.010998
0.006502
0.055013
0.001693
0.002851
0.005667
0.007374
0.009661
0.001465
0.003163
0.008479
0.005813
0.012927
0.008991
0.000595
0.016017
0.028144
0.010517
0.02395
0.018654
0.00456
0.037963
0.032505
0.006555
0.011413
0.003032
0.004292
0.009666
0.011637
0.007779
0.001836
0.001887
0.000579
0.011018
0.022578
0.010268
0.002639
0.051128
0.000298
0.008292
0.026724
0.016177
0.002541
0.001624
0.00921
0.002106
0.008337
0.000986
0.014323
0.001464
0.002749
0.004539
0.005034
0.045554
0.007976
0.005262
0.008315
0.013212
0.000995
0.000263
0.003069
0.004915
0.015583
0.00416
0.013238
0.060583
0.023116
0.019631
0.001275
0.011374
0.005948
0.008194
0.001142
0.000266
0.003134
0.001423
0.000774
0.00382
0.005503
0.005209
0.010387
0.006171
0.002291
0.007903
0.011375
0.052873
0.014919
0.036416
0.029839
0.000241
0.000227
0.012201
0.010563
0.040165
0.054891
0.005963
0.015125
0.007622
0.001049
0.011527
0.042554
0.015066
0.001306
0.001992
0.009293
0.000418
0.001769
0.034427
0.001999
0.0142
0.014072
0.007793
0.004888
0.000577
0.001639
0.00058
0.018325
0.012097
0.007922
0.00544
0.007261
0.014001
0.005033
0.01982
0.012437
0.004034
0.020973
0.006498
0.006129
0.001305
0.001023
0.002137
0.022829
0.016975
0.052558
0.005199
0.005516
0.005713
0.034057
0.002603
0.007938
0.007117
0.003804
0.008408
0.014825
0.018732
0.0362
0.003265
0.01091
0.018784
0.00385
0.012449
0.012433
0.014289
0.007785
0.002081
0.016949
0.032231
0.011829
0.002914
0.001403
0.003834
0.007703
0.025946
0.003187
0.000154
0.009991
0.025129
0.0349
0.001214
0.008997
0.000475
0.016825
0.004619
0.020205
0.067164
0.008654
0.012105
0.001928
0.002802
0.00311
0.035594
0.003005
0.008364
0.001855
0.012586
0.010806
0.020121
0.00265
0.003744
0.006552
0.000999
0.028627
0.008605
0.000421
0.005557
0.015738
0.003997
0.001776
0.000508
0.000744
0.022529
0.001063
0.006398
0.024017
0.003871
0.001139
0.00207
0.011242
0.012986
0.005257
0.039599
0.019456
0.016331
0.025434
0.002912
0.007894
0.000809
0.008676
0.001162
0.029108
0.039459
0.007116
0.005492
0.010607
0.018277
0.000814
0.023926
0.008154
0.00296
0.035525
0.00138
0.005135
0.011529
0.005083
0.004266
0.000767
0.000597
0.009994
0.010604
0.002966
0.009726
0.009568
0.019164
0.015562
0.007134
0.015591
0.007803
0.000643
0.015613
0.029846
0.003945
0.002539
0.001052
0.000583
0.02998
0.000697
0.004755
0.007231
0.005019
0.029068
0.042361
0.0554
0.00751
0.011299
0.006635
0.044528
0.003338
0.000713
0.002809
0.001118
0.01471
0.00335
0.015739
0.062253
0.017137
0.008756
0.015278
0.024276
0.010327
0.000185
0.002695
0.009925
0.008429
0.018701
0.012673
0.016906
0.001407
0.002075
0.021253
0.010478
0.01117
0.030077
0.010475
0.011255
0.001477
0.010315
0.014217
0.037473
0.001048
0.002145
0.01815
0.022228
0.00574
0.00851
0.002349
0.001255
0.00884
0.026385
0.002269
0.008551
0.002256
0.004885
0.044159
0.004819
0.016544
0.000786
0.01342
0.003302
0.02277
0.047268
0.000412
0.009339
0.005028
0.020147
0.001045
0.016642
0.017108
0.028488
0.009642
0.000444
0.027484
0.003413
0.000972
0.01625
0.001
0.023547
0.019848
0.025864
0.003088
0.014107
0.007255
0.012561
0.014941
0.014007
0.000304
0.001196
0.003219
0.001483
0.006537
0.04144
0.005465
0.04591
0.001242
0.009491
0.003614
0.006792
0.018793
0.007026
0.011845
0.014942
0.00896
0.016606
0.022817
0.002914
0.002148
0.006104
0.005528
0.000603
0.001242
0.034001
0.015174
0.017884
0.013762
0.020442
0.005197
0.039321
0.003537
0.001956
0.002926
0.006039
0.052034
0.00516
0.013927
0.015018
0.008602
0.006375
0.006898
0.060978
0.029272
0.017558
0.003905
0.0223
0.000273
0.017956
0.021162
0.015196
0.006367
0.003121
0.001841
0.009236
0.008444
0.002731
0.004363
0.00896
0.006949
0.013504
0.009495
0.001565
0.002886
0.016629
0.003799
0.002245
0.000547
0.044244
0.004041
0.011807
7.9e-05
0.009595
0.005343
0.010221
0.031248
0.023431
0.000387
0.004602
0.010989
0.014479
0.024039
0.013753
0.009392
0.010192
0.004086
0.021114
0.014368
0.003543
0.015744
0.054986
0.004148
0.005463
0.011967
0.00533
0.017691
0.015088
0.005804
0.014474
0.002788
0.009485
0.001483
0.012366
0.019745
0.018771
0.005054
0.002679
0.025413
0.008945
0.000586
0.034106
0.001588
0.029333
0.008561
0.000589
0.021325
0.020202
0.003613
0.008057
0.005737
0.002143
0.018561
0.009621
0.000719
0.066697
0.036321
0.007007
0.001956
0.013948
0.016255
0.003641
0.000931
0.000404
0.014678
0.007107
0.001622
0.007299
0.013291
0.001744
0.038636
0.006802
0.006636
0.005749
0.00748
0.012471
0.019412
0.010117
0.001265
0.004602
0.027247
0.014201
0.009716
0.002354
0.003827
0.010268
0.007905
0.004552
0.014968
0.003535
0.016668
0.027114
0.015069
0.005365
0.002726
0.007345
0.01149
0.027253
0.002948
0.00404
0.004964
0.015006
0.005411
0.008102
0.004845
0.003162
0.00557
0.003749
0.024365
0.009658
0.035331
0.001182
0.01803
0.006665
0.000899
0.003242
0.053413
0.00502
0.010078
0.048858
0.022075
0.006342
0.007093
0.001533
0.061352
0.008722
0.00093
0.002541
0.000145
0.001939
0.001936
0.004399
0.016377
0.0085
0.004615
0.005621
0.014676
0.000506
0.008488
0.00583
0.004174
0.004749
0.022514
6.1e-05
0.007651
0.001639
0.023125
0.000413
0.001909
0.015746
0.01565
0.022203
0.008403
0.009833
0.035213
0.005882
0.005393
0.018504
0.009421
0.005421
0.015152
0.015295
0.027234
0.008765
0.008478
0.00457
0.003351
0.025034
0.000957
0.024013
0.009569
0.000407
0.000373
0.004925
0.000579
0.003285
0.009963
0.014273
0.008299
0.011047
0.001157
0.004644
0.008256
0.017165
0.007195
0.001573
0.000434
0.079998
0.022139
0.001717
0.002626
0.035606
0.01887
0.000861
0.013247
0.001844
0.012739
0.033641
0.027339
0.008597
0.006321
0.038669
0.023188
0.002798
0.00543
0.006762
0.010761
0.009462
0.003363
0.021363
0.001813
0.002311
0.004214
0.01603
0.018184
0.003256
0.005897
0.00844
0.027876
0.013196
0.017711
0.015548
0.013416
0.022767
0.002663
0.000319
0.013673
0.017507
0.027809
0.021551
0.005928
0.003842
0.008722
0.005803
0.015055
0.032607
0.006159
0.000508
0.002938
0.011986
0.002626
0.005141
0.031375
0.004022
0.045807
0.005475
0.032861
0.002876
0.012265
0.01634
0.017752
0.033074
0.019838
0.055804
0.002473
0.019347
0.024344
0.00042
0.014037
0.008069
0.001952
0.006035
0.020364
0.01414
0.007977
0.002952
0.008808
0.01792
0.004543
0.005155
0.025973
0.025546
0.004724
0.036538
0.003883
0.001704
0.004202
1.7e-05
0.009736
0.004684
0.001724
0.000267
0.069737
0.012022
0.001873
0.00364
0.00241
0.014515
0.042366
0.000801
0.00885
0.005813
0.045284
0.011293
0.001002
0.007503
0.001615
0.010494
0.009435
0.013088
0.000487
0.00264
0.005469
0.000575
0.001125
0.037262
0.010244
0.011422
0.000903
0.002943
0.002864
0.004519
0.034104
0.000754
0.005514
0.014798
0.01157
0.010644
0.003574
0.087682
0.004804
0.005465
0.015229
0.051072
0.017039
0.058344
0.004429
0.002433
0.04955
0.022739
0.007016
0.031704
0.000856
0.014792
0.023653
0.010278
0.012549
0.011904
0.00773
0.00632
0.005635
0.038467
0.002182
0.001801
0.023878
0.026234
0.031201
0.001659
0.010164
0.01301
0.010963
0.008822
0.021887
0.013638
0.003721
0.014991
0.019427
0.008527
0.022766
0.043199
0.008501
0.021691
0.001657
0.003371
0.016729
0.004152
0.012522
0.006441
0.001007
0.005607
0.013958
0.006355
0.009114
0.012875
0.002746
0.013055
0.001167
0.004945
0.001967
0.010946
0.005483
0.005072
0.002139
0.010758
0.012262
0.000964
0.030757
0.00972
0.002422
0.021803
0.015832
0.000591
0.003279
0.009006
0.001085
0.011275
0.000384
0.013606
0.024709
0.004288
0.003968
0.028833
0.00858
0.004975
0.000387
0.010794
0.009187
0.006588
0.007671
0.004512
0.000917
0.004063
0.011082
0.003142
0.004078
0.002807
0.00237
0.001892
0.042664
0.00796
0.004717
0.007992
0.019352
0.001804
0.023005
0.001662
0.001685
0.002867
0.015006
0.001119
0.009249
0.00494
0.002024
0.003127
0.008198
0.012816
0.016989
0.015684
0.014956
0.015656
0.005843
0.0008
0.000538
0.02005
0.002365
0.000677
0.003801
0.00959
0.004299
0.005011
0.001204
0.003219
0.008871
0.002031
0.009907
0.001814
0.008576
0.008339
0.011711
0.0109
0.003021
0.054876
0.000305
0.001994
0.011613
0.019208
0.017498
0.016297
0.000724
0.023598
0.006706
0.013671
0.003733
0.017501
0.012554
0.021173
0.012565
0.006271
0.029978
0.006703
0.012962
0.004334
0.002865
0.00248
0.009928
0.002519
0.000323
0.013421
0.00076
0.030554
0.012702
0.000711
0.006214
0.014205
0.029524
0.000664
0.013776
0.003068
0.013439
0.001778
0.00688
0.000686
0.01696
0.000928
0.002945
0.000631
0.031873
0.027791
0.004717
0.005936
0.009601
0.005951
0.011093
0.001431
0.01117
0.059285
0.003106
0.014913
0.000441
0.017287
0.014194
0.027052
0.002039
0.000576
0.008554
0.010701
0.060783
0.012167
0.010797
0.004859
0.010593
0.007165
0.000148
0.004297
0.000638
0.010299
0.000575
0.001087
0.009828
0.004389
0.019961
0.011992
0.013188
0.010833
0.010331
0.006892
0.029516
0.001088
0.010329
0.003191
0.016539
0.007132
0.015978
0.005838
0.001803
0.007907
0.000712
0.006391
0.021593
0.001
0.033503
0.012171
0.031456
0.010956
0.017208
0.018289
0.004073
0.003884
0.000703
0.002556
0.005573
0.012873
0.00281
0.006373
0.022768
0.018928
0.054371
0.008755
0.004466
0.009677
0.006828
0.010191
0.022759
0.002328
0.012945
0.00088
0.001558
0.010917
0.000445
0.002072
0.000494
0.001663
0.009714
0.005495
0.016686
0.025928
0.0182
0.024686
0.003786
0.001729
0.001213
0.011011
0.002554
0.007454
0.009094
0.009306
0.004594
0.025325
0.003255
0.013556
0.008944
0.011354
0.031455
0.003489
0.009538
0.017463
0.009012
0.016087
0.009296
0.001542
0.015858
0.001019
0.015374
0.013139
0.00222
0.001188
0.003102
0.037053
0.001869
0.000437
0.008163
0.006051
0.009306
0.006078
0.003022
0.001496
0.007144
0.00487
0.001464
0.00474
0.009325
0.008884
0.025065
0.006498
0.012664
0.013319
0.004124
0.005225
0.004545
0.010298
0.000376
0.009738
0.004297
0.000595
0.001101
0.01672
0.001934
0.003959
0.016019
0.003688
0.002878
0.034289
0.003639
0.087766
0.001858
0.011387
0.00516
0.001459
0.002969
0.003746
0.00115
0.062767
0.001391
0.001866
0.002506
0.001343
0.001843
0.024899
0.000706
0.012289
0.001179
0.002007
0.001305
0.013828
0.023118
0.01486
0.004247
0.015377
0.017803
0.00151
0.005565
0.024439
0.003676
0.00577
0.003794
0.021083
0.001795
0.006518
0.034242
0.008858
0.003474
0.005864
0.014176
0.002167
0.00126
0.002843
0.002516
0.009322
0.002474
0.000308
0.034578
0.001014
0.000665
0.005137
0.000827
0.001198
0.003324
0.002114
0.015298
0.008961
0.020352
0.039151
0.01027
0.006638
0.000328
0.072002
0.006809
0.020845
0.017352
0.002179
0.000112
0.013624
0.001358
0.007578
0.004353
0.010454
0.002323
0.011777
0.007565
0.006456
0.002601
0.028006
0.00599
0.006851
0.00739
0.043729
0.000921
0.017682
0.010727
0.000995
0.000125
0.004191
0.010081
0.001846
0.003098
0.01627
0.010856
0.003634
0.019789
0.009679
0.026412
0.02002
0.004705
0.009539
0.000624
0.013329
0.006211
0.006866
0.028672
0.007121
0.000153
0.024547
0.00092
0.005809
0.044693
0.004625
0.016907
0.019759
0.003598
0.033743
0.001664
0.010628
0.007489
0.014998
0.006412
0.00591
0.014031
0.00132
0.015074
0.002804
0.004811
0.012602
0.000299
0.006642
0.001068
0.005318
0.000988
0.017446
0.004526
0.005532
0.011391
0.005218
0.051558
0.038306
0.002067
0.006001
0.001107
0.000739
0.009709
0.003087
0.012607
0.020116
0.021963
0.000619
0.001165
0.000467
0.003384
0.020539
0.004512
0.006026
0.014182
0.003244
0.002112
0.018933
0.011659
0.008905
0.003024
0.004749
0.00753
0.004878
0.032607
0.01021
0.007931
0.013775
0.010823
0.021813
0.037619
0.001261
0.015336
0.000715
0.005764
0.019266
0.023308
0.00539
0.005384
0.009689
0.026493
0.003952
0.008845
0.028922
0.003039
0.008149
0.024271
0.005122
0.019693
0.015737
0.000233
0.009558
0.003058
0.003107
0.000831
0.000685
0.002242
0.040594
0.013044
0.001378
0.042841
0.019426
0.004815
0.004858
0.002853
0.015246
0.004349
0.00751
0.000551
0.001383
0.028841
0.013073
0.004546
0.001446
0.006675
0.013791
0.006296
0.010617
0.009912
0.01052
0.007669
0.01019
0.026149
0.036646
0.00739
0.005724
0.023308
0.003109
0.041614
0.024448
0.016466
0.042081
0.015378
0.012032
0.000489
0.004753
0.000353
0.004355
0.010948
0.007249
0.005384
0.01116
0.006625
0.023431
0.004343
0.001806
0.006085
0.016586
0.002006
0.007232
0.006995
0.003449
0.003894
0.0483
0.001014
0.000662
0.040157
0.01541
0.000599
0.018189
0.001685
0.00558
0.007
0.008749
0.060285
0.015757
0.00098
0.050004
0.017314
0.000436
0.01704
0.019704
0.002209
0.002569
0.00091
0.052019
0.023343
0.003031
0.014357
0.002164
0.011773
0.004643
0.004571
0.004874
0.001908
0.000886
0.006043
0.010879
0.009205
0.002233
0.022939
0.001063
0.010311
0.015823
0.000207
0.011538
0.023557
0.011736
0.001723
0.013091
0.005963
0.015277
0.006191
0.028246
0.052692
0.004706
0.009415
0.000693
0.006408
0.001367
0.007737
0.014497
0.0118
0.021174
0.015814
0.025464
0.016224
0.005031
0.004677
0.020823
0.052041
0.010191
0.004456
0.007833
0.008123
0.009146
0.006824
0.008418
0.022756
0.009236
0.004674
0.000692
0.016876
0.01048
0.014129
0.005512
0.006448
0.004601
0.023626
0.01362
0.005645
0.001421
0.001357
0.005028
0.00022
0.002534
0.002297
0.000194
0.001394
0.002201
0.026678
0.007888
0.003521
0.003028
0.003191
0.002519
0.00016
0.013394
0.000459
0.007986
0.01111
0.001695
0.001366
0.017045
0.000472
0.009202
0.016276
0.022788
0.018687
0.007214
0.012946
0.044454
0.002938
0.006545
0.009963
0.006299
0.020651
0.001688
0.000138
0.024629
0.017484
0.000834
0.000289
0.02605
0.006406
0.000623
0.021813
0.016172
0.009105
0.011795
0.00084
0.000656
0.024382
0.000865
0.006026
0.001778
0.007456
0.004664
0.00961
0.001825
0.005377
0.01452
0.033931
0.01037
0.007239
0.044758
0.009089
0.008845
0.01395
0.016376
0.018071
0.002343
0.002786
0.001224
0.008481
0.01653
0.004274
0.000566
0.013701
0.000465
0.02921
0.036214
0.020436
0.009314
0.000209
0.01485
0.003217
0.005321
0.002456
0.027668
0.015641
0.003056
0.00799
0.002364
0.014329
0.00144
0.006114
0.02555
0.015231
0.01225
0.000277
0.018238
0.004925
0.009995
0.015177
0.032186
0.043902
0.003155
0.003491
0.017692
0.006623
0.033788
0.001283
0.040033
0.028071
0.001888
0.00882
0.010913
0.003073
0.003688
0.000595
0.014144
0.006986
0.015895
0.037519
0.018504
0.000705
0.007141
0.003499
0.008593
0.063679
0.003242
0.001207
0.002476
0.002019
0.032886
0.002278
0.020865
0.018587
0.006066
0.002346
0.016425
0.000118
0.004941
0.00906
0.011351
0.013657
0.005606
0.000617
0.000695
0.006864
0.009845
0.009623
0.001451
0.024032
0.017099
0.007549
0.004498
0.000484
0.003426
0.009738
0.020319
0.002778
0.00944
0.006242
0.025577
0.001533
0.007588
0.038346
0.001207
0.004948
6.6e-05
7.5e-05
0.027338
0.004666
0.003391
0.015003
0.006443
0.001475
0.003291
0.001971
0.00162
0.010877
0.000732
0.015294
0.001176
0.009716
0.001391
7.7e-05
0.022421
0.000254
0.000928
0.004
0.008935
0.013022
0.005042
0.016598
0.002013
0.002985
0.003707
0.022137
0.0105
0.001957
0.002803
0.000902
0.005238
0.002108
0.011244
0.003049
0.025012
0.022458
0.000376
0.00104
0.017882
0.036224
0.017073
0.00956
0.001757
0.009416
0.003081
0.005311
0.035162
0.031894
0.004867
0.001134
0.036175
0.003207
0.002345
0.001384
0.002644
0.01819
0.002706
0.012239
0.000153
0.001823
0.006646
0.002225
0.001144
0.011557
0.002953
0.010531
0.024484
0.04264
0.005944
0.037612
0.007991
0.017107
0.003845
0.010992
0.010411
0.00142
0.009207
0.013068
0.018344
0.002954
0.009412
0.027886
0.037792
0.005339
0.004526
0.010668
0.003334
0.009233
0.00797
0.056022
0.016642
0.017412
0.025826
0.002764
0.016211
0.007872
0.008156
0.001049
0.004549
0.015829
0.000909
0.003787
0.015607
0.023856
0.003644
0.003002
0.001162
0.002326
0.020204
0.007793
0.021494
0.015318
0.010324
0.013155
0.006086
0.002104
0.004659
0.013539
0.020082
0.005694
0.011367
0.031447
0.002899
0.031306
0.07608
0.000585
0.011308
0.003645
0.019651
0.002294
0.014268
0.004957
0.008254
0.012298
0.001477
0.001358
0.003242
0.01395
0.001746
0.007523
0.000813
0.000765
0.015425
0.001866
0.005071
0.001267
0.01822
0.027174
0.017629
0.006959
0.004854
0.025821
0.009979
0.006321
0.005562
0.019517
0.012805
0.001642
0.003769
0.001016
0.011967
0.024658
6e-05
0.010959
0.008028
0.004983
0.003901
0.019338
0.001088
0.001563
0.005091
0.013884
0.018318
0.009244
0.00147
0.039025
0.00271
0.00995
0.009693
0.01774
0.001103
0.001071
0.00357
0.004737
0.009846
0.005083
0.023918
0.026851
0.006262
0.009686
0.038547
0.003374
0.02905
0.008405
0.026879
0.007927
0.001321
8.2e-05
0.024669
0.012155
0.007242
0.024185
0.002865
0.025788
0.002432
0.001092
0.025665
0.003163
0.012478
0.008612
0.003096
0.003385
0.031884
0.002066
0.0002
0.002061
0.004056
0.045618
0.00323
0.007069
0.003054
0.005299
0.004802
0.009129
0.037082
0.004016
0.001654
0.002744
0.001881
0.01443
0.02155
0.005449
0.010669
0.00324
0.036534
0.011895
0.008338
0.017196
0.006013
0.031259
0.014806
0.002932
0.018764
0.012506
0.001392
0.022981
0.01161
0.000611
0.0093
0.017837
0.010955
0.006081
0.001856
0.000827
0.005794
0.014367
0.036053
0.000757
0.007333
0.076096
0.00117
0.003334
0.006365
0.00236
0.004675
0.016346
0.012745
0.002731
0.034272
0.004532
0.011693
0.029716
0.008584
0.001737
0.006801
0.010903
0.008848
0.015808
0.004585
0.002785
0.001269
0.022426
0.004252
0.056117
0.003561
0.012574
0.001379
0.011245
0.011448
0.010204
0.002457
0.004723
0.013068
0.013273
0.013282
0.029354
0.027358
0.007478
0.003858
0.004226
0.003738
0.012229
0.044684
0.001763
0.02128
0.028974
0.008297
0.015076
0.003279
0.010189
0.026703
0.004801
0.000853
0.000969
0.016554
0.01967
0.002123
0.011051
0.005069
0.013766
0.004447
0.016629
0.01783
0.001729
0.003427
0.00116
0.00665
0.000919
0.008149
0.019099
0.003995
0.016169
0.004194
0.002579
0.012364
0.005349
0.008001
0.005061
0.014832
0.031866
0.004736
0.002503
0.004247
0.004403
0.005859
0.000851
0.024659
0.005681
0.030316
0.0208
0.000532
0.005273
0.007777
0.014751
0.006841
0.005561
0.001026
0.001213
0.009995
0.002413
0.00229
0.009664
0.0121
0.042405
0.013508
0.015541
0.025426
0.041254
0.004399
0.007071
0.000682
0.000746
0.009737
0.00811
0.011085
0.016108
0.003407
0.024088
0.006967
0.04506
0.024604
0.005766
0.015566
0.02746
0.020912
0.028153
0.018861
0.004747
0.001059
0.012521
0.006824
0.000183
0.002144
0.001348
0.008781
0.009184
0.008072
0.031699
0.008431
0.006814
0.037549
0.002577
0.001811
0.007278
0.000206
0.028766
0.004701
0.004035
0.00339
0.027199
0.000166
0.03315
0.010202
0.024799
0.005694
0.000377
0.004801
0.000235
0.016364
0.018302
0.002229
0.013714
0.010765
0.005711
0.012517
0.003375
0.009467
0.011806
0.006489
0.054369
0.015992
0.008557
0.00183
0.012732
0.056479
0.000144
0.036806
0.016147
0.006375
0.008005
0.013043
0.002675
0.039637
0.005506
0.002899
0.002858
0.013376
0.024941
0.002486
0.011124
0.018565
0.035773
0.018301
0.033205
0.000817
0.001675
0.018544
0.004653
0.012198
0.004565
0.008965
0.011254
0.001016
0.003376
0.001584
0.003889
0.043163
0.00141
0.013728
0.027524
0.016358
0.04598
0.055105
0.010817
0.000583
0.013841
0.0163
0.000732
0.007246
0.000988
0.002772
0.029885
0.003713
0.003508
0.007812
0.01178
0.003624
0.015246
0.048372
0.00527
0.004616
0.014909
0.018785
0.001382
0.017517
0.002811
0.026646
0.031499
0.00166
0.001237
0.000214
0.010778
0.03218
0.000212
0.013293
0.016724
0.010323
0.001096
0.029951
0.000696
0.008369
0.001617
0.026284
0.003879
0.003839
0.000742
0.005952
0.028221
0.001306
0.01446
0.00034
0.001126
0.007524
0.023132
0.013939
0.01443
0.045451
0.008827
0.016817
0.008287
0.005289
0.011168
0.003416
0.01565
0.014517
0.011169
0.002832
0.027271
0.036525
0.000445
0.003283
0.003556
0.012572
0.002587
0.007789
0.026271
0.001317
0.019333
0.000586
0.001938
0.040569
0.007953
0.00655
0.009361
0.001474
0.014851
0.004474
0.04404
0.007943
0.014448
0.02634
0.004964
0.005322
0.000724
0.000945
0.006059
0.009168
0.024361
0.002553
0.005428
0.003863
0.0183
0.003712
0.003282
0.003594
0.015488
0.003764
0.001946
5.8e-05
0.001742
0.007529
0.005029
0.000422
0.023196
0.01198
0.002589
0.011837
0.00475
0.004094
0.003166
0.003846
0.006889
0.011143
0.006645
0.007921
0.035302
0.015807
0.003321
0.013385
0.005644
0.012906
0.003427
0.002944
0.001949
0.001512
0.00515
0.010005
0.025086
0.015932
0.017163
0.034205
0.002901
0.00192
0.003899
0.000458
0.010855
0.007606
0.002749
0.021101
0.000978
0.005727
0.005128
0.004649
0.018372
0.002871
0.021268
0.00189
0.000509
0.009383
0.003626
0.025766
0.007651
0.020392
0.005881
0.014898
0.026202
0.006912
0.007307
0.014569
0.005538
0.004423
0.00081
0.000659
0.019577
0.01288
0.006084
0.005804
0.004753
0.021826
0.013633
0.008323
0.014004
0.028026
0.000795
0.000628
0.0249
0.00997
0.000732
0.010818
0.004897
0.010008
0.002798
0.011618
0.00752
0.002299
0.02688
0.010491
0.022136
0.010157
0.009753
0.001324
0.001564
0.000539
0.004164
0.002294
9e-05
0.0039
0.008028
0.014396
0.032346
0.008709
0.031069
0.003055
0.011829
0.006877
0.004203
0.008267
0.002026
0.020264
0.002583
0.001986
0.005481
0.020266
0.001017
0.023077
0.006769
0.013152
0.004433
0.006201
0.012329
0.01477
0.019957
0.000723
0.028762
0.007322
0.007572
0.007224
0.006229
0.00199
0.017331
0.022548
0.001407
0.001632
0.058968
0.002107
0.022689
0.01425
0.013981
0.035274
0.011436
0.007897
0.024477
0.006135
0.000323
0.001792
0.002452
0.015381
0.007125
0.001663
0.017798
0.007717
0.000315
0.000513
0.046587
0.023081
0.001694
0.001686
0.011047
0.002301
0.011569
0.029006
0.009685
0.003606
0.01855
0.009261
0.00921
0.004453
0.002667
0.001481
0.009721
0.024702
0.000395
0.000865
0.000183
0.002295
0.035966
0.021659
0.017231
0.001627
0.024326
0.000774
0.00835
0.005351
0.006058
0.003825
0.013307
0.007081
0.000364
0.001619
0.000306
0.003784
0.011608
0.012119
0.003329
0.005988
0.001568
0.029846
0.006052
0.016636
0.000433
0.01004
0.004205
0.040745
0.001443
0.004626
0.0024
0.002237
0.005717
0.018897
0.015062
0.000828
0.010005
0.006392
0.016684
0.009016
0.000738
0.006387
0.001572
0.000304
0.036485
0.016993
0.032712
0.043554
0.038084
0.001441
0.011566
0.021918
0.002058
0.001143
0.000451
0.004856
0.014953
0.021487
0.003774
0.014648
0.001625
0.02229
0.010207
0.017645
0.030905
0.003968
0.020447
0.010049
0.008696
0.024362
0.000815
0.013001
0.008957
0.004945
0.003208
0.009663
0.002096
0.009191
0.008069
0.023128
0.027082
0.000992
0.0134
0.01157
7.8e-05
0.003165
0.008632
0.038638
0.000403
0.009368
0.004679
0.012767
0.007282
0.004044
0.00123
0.014458
0.009911
0.000339
0.005242
0.017001
0.001367
0.022435
0.041601
0.002365
0.025908
0.040073
0.00207
0.000333
0.001807
0.008275
0.017186
0.02328
0.000194
0.002169
0.007997
0.002899
0.001172
0.002618
0.001885
0.002522
0.001895
0.000705
0.000497
0.012415
0.001517
0.009765
0.007158
0.001313
0.00086
0.000219
0.005448
0.002466
0.010373
0.0001
0.006041
0.002506
0.001375
0.001241
0.003215
0.004883
0.007251
0.000894
0.025108
0.01074
0.055165
0.018644
0.004767
0.01955
0.007639
0.011846
0.00962
0.006038
0.009833
0.016963
0.010578
0.014745
0.01313
0.004844
0.010628
0.000131
0.001947
0.001429
0.001615
0.013717
0.003865
0.045728
0.027192
0.029522
0.010369
0.022361
0.017033
0.028178
0.031797
0.008936
0.016146
0.00981
0.003868
0.005651
0.041711
0.009496
0.01846
0.026074
0.028946
0.000173
0.026019
0.014245
0.02699
0.008348
0.0145
0.000199
0.007104
0.014839
0.008722
0.008489
0.004088
0.034573
0.009797
0.009767
0.001452
0.000258
0.02659
0.006927
0.007028
0.004708
0.026905
0.010107
0.035337
0.025343
0.006838
0.001844
0.002559
0.021346
0.015903
0.008841
0.003363
0.032024
0.004353
0.005172
0.000459
0.017901
0.002647
0.015743
0.010438
0.010666
0.008208
0.018908
0.011598
0.00145
0.006151
0.036411
0.030034
0.004864
0.004291
0.007773
0.027253
0.016838
0.059446
0.000527
0.010416
0.001853
0.002256
9.4e-05
0.005449
0.010591
0.00013
0.010766
0.009347
0.001914
0.000224
0.001211
0.017645
0.008045
0.024282
0.001105
0.007666
0.003006
0.016124
0.000987
0.005614
0.009264
0.040348
0.005191
0.017817
0.006913
0.016899
0.004637
0.006158
0.027301
0.002497
0.013388
0.020658
0.001307
0.000872
0.012691
0.00036
0.00413
0.027011
0.006315
0.028305
0.011712
0.022117
0.013669
0.048074
0.038537
0.018747
0.005062
0.003984
0.000698
0.004018
0.004059
0.004361
0.007801
0.010845
0.022541
0.020231
0.00532
0.030259
0.005145
0.005134
0.015567
0.003458
0.001302
0.000177
0.011913
0.000687
0.008467
0.009825
0.016673
0.000931
0.009536
0.0019
0.003278
0.002763
0.003072
0.014146
0.019869
0.000487
0.002825
0.01214
0.00716
0.021233
0.011438
0.021024
0.031579
0.017279
0.006558
0.031109
0.004056
0.02659
0.002638
0.025788
0.027352
0.001142
0.012536
0.000549
0.000833
0.020812
0.005931
0.002898
0.002851
0.022939
0.000706
0.001322
0.00518
0.013794
0.011872
0.000419
0.022141
0.007246
0.002355
0.018109
0.000423
0.005546
0.001495
0.030585
0.000894
0.02006
0.074609
0.00093
0.001375
0.004681
0.00475
0.003191
0.007511
0.001658
0.010365
0.011842
0.004717
0.008854
0.001773
0.001376
0.006937
0.011269
0.004273
0.006819
0.002898
0.011337
0.035599
0.012302
0.041312
0.057584
0.008791
0.039831
0.005768
0.003305
0.001218
0.001609
0.003684
0.00054
0.010596
0.005113
0.015336
0.009872
0.004987
0.013438
0.004224
0.001738
0.000802
0.010745
0.007049
0.002728
0.013002
0.001079
0.003819
0.003081
0.019633
0.01218
0.006127
0.010817
0.003109
0.00059
0.0461
0.003754
0.009276
0.010414
0.000711
0.002234
0.027561
0.001848
0.039949
0.000707
0.030368
0.009617
0.001832
0.000643
0.001112
0.00677
0.017569
0.062555
0.019526
0.000219
0.008577
0.004309
0.006315
0.037311
0.010184
0.004457
0.014512
0.015547
0.000395
0.002037
0.010799
0.003697
0.005584
0.004258
0.018681
0.004708
0.001652
0.00202
0.001686
0.019808
0.000698
0.00029
0.009983
0.076675
0.020566
0.005867
0.001538
0.012759
0.031528
0.00164
0.009785
0.008157
0.008789
0.025886
0.007224
0.000108
0.006947
0.010736
0.009189
0.009654
0.006693
0.03768
0.009619
0.006596
0.010327
0.003688
0.022763
0.004333
0.01913
0.010935
0.005314
0.003558
0.00379
0.007717
0.013485
0.010519
0.029159
0.000877
0.001029
0.003113
0.007621
0.001248
0.012861
0.007094
0.001069
0.013051
0.013232
0.040176
0.001053
0.011228
0.003922
0.004365
0.00138
0.010992
0.021549
0.005133
0.016337
0.002652
0.021706
0.016999
0.012887
0.00896
0.011758
0.029514
0.00228
0.00731
0.004458
0.005718
0.00707
0.003253
0.011682
0.00098
0.005712
0.003029
0.002997
0.001164
0.03637
0.011481
0.012006
0.056775
0.009013
0.000266
0.009654
0.018232
0.008848
0.000802
0.003873
0.00849
0.004069
0.020653
0.016725
0.001693
0.012461
0.010381
0.01472
0.002419
0.000131
0.014093
0.007455
0.004576
0.007015
0.008331
0.005232
0.058047
0.014064
0.008664
0.003529
0.009513
0.013533
0.016665
0.006445
0.004076
0.003764
0.016196
0.006436
0.000417
0.025988
0.003946
0.000767
0.032748
0.002929
0.001247
0.030125
0.000431
0.008486
0.00132
0.01594
0.015563
0.001007
0.002039
0.020544
0.007511
0.101311
0.013594
0.021548
0.009111
0.000336
0.010187
0.030292
0.003484
0.00158
0.000115
0.003606
0.001012
0.001673
0.026779
0.012578
0.020273
0.015112
0.017396
0.002405
0.004645
0.029257
0.039794
0.006178
0.008572
0.00281
0.011531
0.002838
0.005752
0.003897
0.008253
0.003502
0.014659
0.00578
0.005052
0.015271
0.010816
0.012447
0.042112
0.030041
0.009282
0.005344
0.026565
0.012659
0.002847
0.040129
0.002425
0.005328
0.008784
0.058572
0.003063
0.034611
0.002935
0.009303
0.000923
0.009835
0.003272
0.009142
0.007448
0.000452
0.021884
0.012456
0.008499
0.00679
0.018829
0.008898
0.006903
0.045215
0.006838
0.015044
0.001042
0.000972
0.007695
0.018062
0.003273
0.001387
0.02406
0.017688
0.000125
0.024724
0.001886
0.009158
0.00717
0.020483
0.021216
0.050519
0.016786
0.001314
0.007444
0.025005
0.01052
0.012148
0.019372
0.043447
0.005772
0.001326
0.012598
0.021242
0.010576
0.001584
0.002306
0.022279
0.005734
0.010527
0.002753
0.046628
0.001719
0.007582
0.001888
0.042274
0.001209
0.003184
0.002382
0.001911
0.002225
0.00678
0.006107
0.026231
0.00111
0.012608
0.029689
0.017464
0.003974
0.022596
0.013129
0.015618
0.00805
0.003849
0.068355
0.00071
0.004006
0.042587
0.006873
0.00305
0.004756
0.009779
0.011913
0.008026
0.006729
0.013232
0.010256
0.006446
0.019403
0.01222
0.036267
0.010654
0.000753
0.012786
0.015245
0.010206
0.012953
0.015415
0.004662
0.036048
0.010163
0.006759
0.051557
0.031768
0.010975
0.002019
0.010329
0.015602
0.011174
0.007327
0.062615
0.006035
0.008392
0.003493
0.012207
0.02003
0.000552
0.004272
0.011671
0.01142
0.027408
0.005373
0.001623
0.003159
0.012556
0.011879
0.010165
0.000513
0.008126
0.001578
0.015574
0.00804
0.00692
0.007439
0.001377
0.001149
0.013555
0.005621
0.001274
0.019417
0.003137
0.005087
0.07249
0.008863
0.005588
0.009551
0.002276
0.004789
0.014117
0.025402
0.023025
0.01795
0.025987
0.009835
0.001602
0.003412
0.010399
0.024762
0.038756
0.01993
0.01537
0.008246
0.055514
0.010256
0.008612
0.002004
0.018986
0.002355
0.00636
0.002478
0.013477
0.010993
0.033688
0.009609
8.5e-05
0.00108
0.020978
0.005658
0.005447
0.006566
0.031341
0.001733
0.033035
0.032301
0.009474
0.01952
0.001279
0.003181
0.009591
0.022524
0.002766
0.000981
0.027756
0.005621
0.040662
0.005311
0.003439
0.005124
0.01139
0.01042
0.016483
0.009952
0.008809
0.002062
0.016046
0.007081
0.003129
0.07573
0.003214
0.002831
0.01892
0.001281
0.054082
0.000423
0.01318
0.012866
0.007885
0.025015
0.042016
0.003753
0.000806
0.000554
0.009967
0.0199
0.000799
0.037106
0.021644
0.002132
0.00436
0.003777
0.001616
0.007757
0.020667
0.030654
0.003988
0.018056
0.010944
0.001965
0.010742
0.053132
0.003442
0.000227
0.004716
0.004827
0.005031
0.000724
0.024785
0.008814
0.00577
0.013776
0.011618
0.010583
0.002062
0.009945
0.004462
0.003201
0.024731
0.000826
0.003389
0.002865
0.004059
0.000923
0.01934
0.000307
0.003412
0.012566
0.00266
0.004781
0.013146
0.014706
0.012804
0.000835
0.001291
0.022155
0.001346
0.014801
0.007866
0.005525
0.004435
0.001546
0.008798
0.000428
0.003691
0.007822
0.032244
0.026253
0.026657
0.024773
0.003624
0.020758
0.025921
0.003741
0.001901
0.011095
0.018471
0.004106
0.02053
0.008242
0.051995
0.000924
0.000972
0.000582
0.001404
0.03468
0.002646
0.00447
0.000241
0.015193
0.002064
0.009154
0.010845
0.001029
0.005989
0.00952
0.00956
0.01156
0.091827
0.003489
0.002864
0.038113
0.002409
0.003241
0.003518
0.027891
0.009577
0.028068
0.007963
0.002424
0.006734
0.005837
0.004479
0.002209
0.022819
0.028876
0.001721
0.007689
0.007317
0.00999
0.005304
0.015749
0.011077
0.008106
0.005034
0.019996
0.002344
0.000333
0.00477
0.008075
0.011445
0.018347
0.001579
0.009879
0.008329
0.000939
0.007307
0.000312
0.010151
0.016781
0.00046
0.058972
0.010891
0.025474
0.006202
0.014729
0.008981
0.004177
0.044008
0.003491
0.00486
0.029142
0.000975
0.004621
0.020264
0.009026
0.000831
0.016627
0.00712
0.0008
0.018126
0.006571
0.016641
0.018014
0.022336
0.026689
0.005165
0.026224
0.041175
0.089538
0.0013
0.006313
0.016342
0.025933
0.004909
0.008586
0.026277
0.022175
0.027233
0.011345
0.006025
0.014605
0.022628
0.021501
0.010549
0.010604
0.008023
0.033653
0.001053
0.002091
0.010125
0.003345
0.026233
0.003022
0.00071
0.002153
0.001339
0.037858
0.003446
0.014421
0.006492
0.009038
0.024356
0.066373
0.012122
0.000891
0.001559
0.00047
0.011627
0.000309
0.004038
0.002618
0.004532
0.005481
0.008744
0.00997
0.000904
0.003201
0.008382
0.030168
0.002276
0.011273
0.010772
0.000191
0.008299
0.003599
0.007422
0.002388
0.001367
0.000719
0.008206
0.007346
0.010987
0.007814
0.02735
0.014186
0.003548
0.005932
0.028325
0.02912
0.004316
0.024127
0.045496
0.011367
0.001683
0.022601
0.010905
0.019949
0.004969
0.029214
0.010294
0.002563
0.003574
0.009361
0.020588
0.008805
0.010285
0.016309
0.000226
0.042634
0.009696
0.010283
0.011701
0.007048
0.002971
0.003232
0.004368
0.011636
0.011277
0.020242
0.013067
0.023033
0.005501
0.014481
0.013681
0.010153
0.006085
8.7e-05
0.005573
0.015918
0.033921
0.040164
0.004783
0.024832
0.017364
9.9e-05
0.002236
0.049137
0.029162
0.018067
0.012739
0.033868
0.042012
0.007632
0.030497
0.002734
0.004815
0.001485
0.028953
0.001328
0.021938
0.001648
0.022097
0.008113
0.00451
0.014179
0.011499
0.001836
0.006453
0.002934
0.060385
0.008747
0.028003
0.054544
0.012308
0.005904
0.01088
0.00802
0.098599
0.008597
0.049203
0.022971
0.023843
0.023668
0.004511
0.010226
0.01625
0.000485
0.018791
0.005151
0.04474
0.001945
0.013593
0.011942
0.023814
0.000429
0.006567
0.004993
0.01569
0.000494
0.008205
0.010039
0.024319
0.005531
0.003653
0.009125
0.005671
0.008296
0.002979
0.000455
0.033709
0.028567
0.006559
0.003032
0.00679
0.023217
0.0011
0.021193
0.027207
0.019243
0.011416
0.006001
0.012785
0.00399
0.007827
0.003706
0.004047
0.002462
0.00555
0.005545
0.004794
0.001791
9e-05
0.010955
0.023645
0.002444
0.000362
0.010669
0.01105
0.000209
0.000285
0.00312
0.028818
0.008874
0.011871
0.008558
0.011283
0.017279
0.010897
0.030894
0.020791
0.016419
0.004141
0.021393
0.083417
0.020099
0.000144
0.003541
0.000442
0.000555
0.004292
0.024379
0.010103
0.010989
0.014703
0.009203
0.017555
0.001215
0.003087
0.010776
0.023254
0.000287
0.013123
0.007335
0.008621
0.008211
0.008367
0.003587
0.040883
0.014611
0.003806
0.000429
0.017022
0.004038
0.030989
0.043194
0.004735
0.008234
0.011362
0.002982
0.039133
0.001453
0.008133
0.017253
0.001217
0.000315
0.028409
0.020097
0.000521
0.015151
0.003276
0.050139
0.009993
0.005301
0.00115
0.027094
0.024884
0.043871
0.004204
0.002375
0.006207
0.006402
0.000672
0.029682
0.043222
0.011439
9.5e-05
0.004905
0.000139
0.009793
0.005783
0.00199
0.013991
0.006063
0.00567
0.008109
0.007036
0.00792
0.024334
0.001333
0.020232
0.000967
0.001429
0.009253
0.003002
0.0019
0.002733
0.011505
0.004522
0.004144
0.014974
0.017981
0.007235
0.011786
0.002882
0.009179
0.003601
0.001949
0.007172
0.004856
0.000975
0.093915
0.003038
0.013127
0.00643
0.000695
0.028359
0.006575
0.001556
0.009351
0.000274
0.003382
0.002327
0.0053
0.009005
0.023696
0.020674
0.001254
0.018774
0.013112
0.007142
0.003969
0.023802
0.00322
0.008809
0.013708
0.004533
0.007089
0.007411
0.028604
0.03607
0.001175
0.000846
0.003436
0.002989
0.000661
0.003368
0.007264
0.009111
0.000138
0.001699
0.017182
0.01627
0.004048
0.030848
0.001605
0.017257
0.000933
0.08081
0.000555
0.000628
0.008225
0.016791
0.020514
0.008832
0.022008
0.001995
0.012989
0.003802
0.008262
0.01739
0.010706
0.008273
0.008216
0.000982
0.005207
0.003191
0.00171
0.042159
0.007467
0.016265
0.00341
0.000823
0.013562
0.000426
0.02037
0.001466
0.001085
0.011284
0.000535
0.004591
0.006743
0.003305
0.004677
0.008422
0.007735
0.008681
0.001235
0.007117
0.001201
0.014511
0.003828
0.037877
0.012727
0.017992
0.005954
0.003517
8.2e-05
0.010465
0.002313
0.001556
0.002758
0.000252
0.024534
0.013977
0.004521
0.018039
0.006881
0.001937
0.003056
0.013578
0.029989
0.009997
0.009194
0.000312
0.005739
0.03402
0.010494
0.018505
0.000159
0.016571
0.00093
0.022661
0.001379
0.011323
0.005749
0.004404
0.013156
0.017818
0.040289
0.076074
0.002251
0.006006
0.004477
0.009726
0.000578
0.025499
0.067025
0.038335
0.011692
0.028137
0.034268
0.013885
0.006528
0.012662
0.014166
0.003757
0.005372
0.039921
0.00811
0.014065
0.002178
0.015349
0.000267
0.008656
0.001545
0.02274
0.043505
0.007438
0.040536
0.017525
0.002052
0.013144
0.001452
0.000728
0.009192
0.012212
0.003587
0.012809
0.006586
0.004603
0.005367
0.002111
0.001627
0.003643
0.00846
0.003811
0.013516
0.00056
0.003386
0.033017
0.012287
0.006152
0.01329
0.034471
0.01737
0.00813
0.002632
0.005921
0.007669
0.004174
0.000398
0.007564
0.024876
0.003803
0.023315
0.050727
0.009595
0.018208
0.003719
0.018477
0.012097
0.005572
0.022219
0.004297
0.004642
0.007637
0.000487
0.001265
0.001254
0.000224
0.010737
0.002988
0.00029
0.006675
0.043208
0.020368
0.011757
0.002215
0.009585
0.008134
0.004564
0.009083
0.015135
0.003793
0.018979
0.001958
0.009891
0.011022
0.01658
0.015319
0.007588
0.002547
0.00421
0.018585
0.006287
0.00084
0.002039
0.023663
0.01107
0.00179
0.000152
0.006611
0.017055
0.004357
0.010067
0.002622
0.00144
0.014521
0.007906
0.006784
0.014548
0.002702
0.01741
0.010542
0.008651
0.004192
0.01635
0.001668
0.029346
0.018459
0.000433
0.015507
0.002193
0.023898
0.009583
0.008591
0.004265
0.025711
0.00465
0.002714
0.000294
0.01706
0.000931
8.9e-05
0.004514
0.007424
0.000315
0.005634
0.038785
0.035857
0.010564
0.026904
0.003412
0.036898
0.007516
0.02546
0.01485
0.006749
0.002481
0.011364
0.001897
0.000717
0.005224
0.002154
0.001647
0.001285
0.017731
0.003837
0.014341
0.001152
0.010214
0.002755
0.003749
0.01196
0.002949
0.011095
0.009419
0.00217
0.007426
0.009247
0.004073
0.005881
0.000698
0.000464
0.011491
0.001405
0.016744
0.024661
0.012133
0.002155
0.005514
0.003085
0.002304
0.008244
0.019772
0.012876
0.071135
0.029523
0.009914
0.007696
0.028018
0.000144
0.006685
0.004178
0.000636
0.016222
0.017541
0.033603
0.000784
0.008293
0.005442
0.001616
0.006484
0.003229
0.006046
0.005493
0.002003
0.048268
0.000679
0.01193
0.034614
0.012628
0.009073
0.009849
0.0011
0.007244
0.000991
0.010934
0.053204
0.012282
0.03227
0.004132
0.00105
0.002329
0.000151
0.004315
0.000302
0.007037
0.009183
0.00671
0.011223
0.007227
0.0019
0.016258
0.000708
0.0017
0.002979
0.008102
0.026857
0.004855
0.005809
0.017182
0.04607
0.00124
0.029453
0.001499
0.011258
0.018211
0.049137
0.035821
0.003914
0.009982
0.006663
0.002707
0.009054
0.012923
0.000741
0.007337
0.011667
0.000585
0.006298
0.017072
0.00453
0.047688
0.003206
0.00657
0.005396
0.003491
0.00786
0.007923
0.000614
0.012912
0.006664
0.016163
0.003436
0.012067
0.014758
0.004788
0.009716
0.001046
0.012311
0.000899
0.003651
0.017121
0.01283
0.01125
0.010641
0.00573
0.003968
0.001945
0.000813
0.016603
0.01248
0.001203
0.03494
0.026251
0.018661
0.02112
0.006009
0.003486
0.005658
0.006011
0.007938
0.000107
0.002567
0.001743
0.015167
0.028444
0.009926
0.019188
0.002718
0.0052
0.010864
0.003136
0.006684
0.005234
0.00097
0.002634
0.022595
0.01316
0.001532
0.001481
0.02614
0.015461
0.030228
0.017199
0.0075
0.002807
0.052757
0.034159
0.013167
0.014323
0.008943
0.010012
0.011674
0.058128
0.002039
0.002523
0.001648
0.003029
0.00517
0.004195
0.022261
0.00086
0.023735
0.01013
0.000191
0.023166
0.005657
0.000941
0.046751
0.001809
0.011347
0.000324
0.010118
0.010846
0.008711
0.012542
0.019924
0.000516
9.3e-05
0.037513
0.000659
0.023151
0.04486
0.007799
0.016719
0.00234
0.014868
0.016439
0.00035
0.01527
0.0017
0.011498
0.007023
0.005149
0.000339
0.001051
0.003495
0.005358
0.006778
0.002501
0.009496
0.007145
0.004974
0.00258
0.009379
0.001335
0.006554
0.000415
0.009134
0.000361
0.001588
0.053183
0.002179
0.000312
0.03988
0.002747
0.045453
0.002004
0.013525
0.001636
0.000648
0.018057
0.004573
0.089804
0.017875
0.003496
0.015869
0.004619
0.000585
0.011883
0.03592
0.01135
0.014394
0.014283
0.000799
0.004166
0.006847
0.002139
0.039761
0.00788
0.01132
0.004767
0.001157
0.013681
0.010491
0.007052
0.018597
0.00304
0.037639
0.001116
0.00339
0.010912
0.033462
0.004323
0.04491
0.001235
0.013255
0.070196
0.056653
0.028526
0.000851
0.020371
0.004384
0.000702
0.001106
0.049178
0.011655
0.096142
0.013639
0.010073
0.015878
0.034008
0.0327
0.008055
0.002523
0.00981
0.018139
0.004535
0.00676
0.020388
0.000156
0.002417
0.010802
0.015665
0.033871
0.044943
0.009444
0.014783
0.00653
0.012875
0.010558
0.006349
0.01053
0.013202
0.00476
0.024872
0.007571
0.020258
0.005686
0.059014
0.026021
0.003665
0.007253
0.025208
0.03085
0.01551
0.000591
0.01366
0.014279
0.00758
0.001994
0.004184
0.003677
0.0141
0.000422
0.012757
0.013887
0.002394
0.017219
0.022558
0.005178
0.001173
0.019454
0.006215
0.007802
0.006249
0.00022
0.002627
0.00117
0.000601
0.009197
0.082337
0.002995
0.00406
0.005997
0.004085
0.031732
0.004708
0.001461
0.041681
0.001932
0.010109
0.001089
0.023345
0.02343
0.034758
0.002125
0.006117
0.019443
0.020962
0.019234
0.022576
7.6e-05
0.002503
0.004494
0.011598
0.019096
0.000778
0.015692
0.004726
0.004194
0.01184
0.001317
0.020267
0.015069
0.052593
0.004794
0.007431
0.00815
0.001948
0.000873
0.005301
0.004223
0.010425
0.026002
0.012296
0.004294
0.000657
0.001534
0.009563
0.000851
0.001205
0.004193
0.012841
0.00026
0.049113
0.007626
0.039211
0.035011
0.00523
0.00836
0.009341
0.000836
0.011088
0.01478
0.014702
0.006626
0.000798
0.007724
0.000174
0.004396
0.005593
0.04175
0.001178
0.001865
0.036652
0.001371
0.000791
0.016866
0.048939
0.009157
0.002371
0.006984
0.038512
0.007485
0.048125
0.003019
0.024292
0.006849
0.001343
0.00442
0.015957
0.000213
0.00157
0.008766
0.00137
0.013332
0.013764
0.014266
0.013842
0.001082
0.017489
0.006797
0.006553
0.018966
0.010918
0.011861
0.022652
0.007865
0.022503
0.004346
0.000425
0.013641
0.004924
0.008371
0.006932
0.000472
0.065953
0.002854
0.008273
0.023224
0.005098
0.023387
0.027199
0.031805
0.001218
0.007682
0.005957
0.000749
0.000285
0.002077
0.004635
0.008407
0.000559
0.002228
0.019839
0.009751
0.000356
0.012662
0.004849
0.003982
0.004138
0.006795
0.006745
0.005499
0.012043
0.007672
0.057339
0.002841
0.003657
0.000765
0.004128
0.024004
0.002685
0.002828
0.002057
0.012757
0.002574
0.024309
0.01518
0.007621
0.011653
0.020465
0.00134
0.000233
0.008956
0.001172
0.024764
0.022217
0.013872
0.00053
0.012629
0.000973
0.000956
0.003461
0.005388
0.005438
0.005449
0.001201
0.009148
0.015212
0.019843
0.004055
0.001485
0.026572
0.003275
0.002734
0.038205
0.012086
0.018784
0.020742
0.004241
0.010523
0.003858
0.003665
0.004649
0.001709
0.001458
0.042852
0.003028
0.003525
0.001863
0.011169
0.000184
0.015003
0.003978
0.014001
0.032792
0.002615
0.021585
0.026366
0.006218
0.000162
0.001944
0.003368
0.033566
0.001387
0.001805
0.005633
0.020486
0.002121
0.012769
0.005993
0.025337
0.014046
0.011823
0.080933
0.02005
0.002996
0.027056
0.011494
0.004017
0.002172
0.005722
0.024488
0.00043
0.012093
0.004489
0.043549
0.001391
0.008121
0.000925
0.011523
0.004175
0.005812
0.006908
0.014294
0.004134
0.003869
0.023579
0.003134
0.023876
0.008137
0.003101
0.013421
0.027458
0.016927
0.003077
0.005879
0.002457
0.013093
0.011524
0.00289
0.007368
0.012771
0.012517
0.025008
0.002022
0.00147
0.031811
0.005952
0.005178
0.001129
0.007829
0.009013
0.01494
0.009574
0.006816
0.004452
0.00511
0.009736
0.008721
0.017529
0.04142
0.009786
0.028526
0.023276
0.004389
0.009595
0.023113
0.000175
0.008941
0.004837
0.008515
0.002637
0.01764
0.00965
0.000517
0.032954
0.014291
0.021265
0.01565
0.011312
0.003658
0.004642
0.001719
0.005264
0.019558
0.000858
0.056657
0.006713
0.000744
0.000867
0.009491
0.00413
0.007578
0.016863
0.012695
0.035093
0.022741
0.008554
0.006929
0.000307
0.009661
0.020809
0.000254
0.012898
0.005616
0.008562
0.00134
0.009769
0.017993
0.002772
0.012556
0.015984
0.004685
0.000817
0.006634
0.006474
0.000413
0.009507
0.000961
0.015295
0.00446
0.00217
0.006032
0.009699
0.002981
0.016826
0.004724
0.000834
0.021605
0.025962
0.008484
0.000703
0.000122
0.021485
0.003312
0.004059
0.001887
0.017317
0.019824
0.000268
0.007705
0.031239
0.026399
3.7e-05
0.002478
0.001988
0.007861
0.008172
0.032863
0.009297
0.002832
0.021321
0.010892
0.004847
0.003023
0.003179
0.002484
0.004893
0.008678
0.02775
0.001462
0.013183
0.001351
0.020698
0.007813
0.004494
0.029792
0.047444
0.015667
0.026301
0.000335
0.016206
0.008747
0.046874
0.005192
0.014147
0.019771
0.016225
0.025381
0.014203
0.010755
0.001261
0.003964
0.014227
0.011493
0.001603
0.090812
0.001519
0.023491
0.000642
0.007202
0.004074
0.007221
0.017917
0.006837
0.010284
0.00032
0.004681
0.011062
0.002391
0.034709
0.004894
0.006031
0.009695
0.006045
0.004725
0.00462
0.001752
0.009062
0.002812
0.018476
0.005928
0.014813
0.012208
0.014955
0.012369
0.021224
0.003586
0.005131
0.021537
0.006384
0.007168
0.001414
0.019235
0.001793
0.004629
0.003055
0.003384
0.013278
0.005228
0.000906
0.003039
0.012332
0.000956
0.001491
0.021966
0.002519
0.0053
0.020156
0.019849
0.032291
0.007272
0.00983
0.007542
0.006807
0.002505
0.0054
0.001554
0.007422
0.00953
0.006362
0.002196
0.004864
0.008073
0.018481
0.000182
0.00346
0.02294
0.001254
0.0045
0.044219
0.007009
0.008339
0.010852
0.015312
0.021403
0.016766
0.00066
0.030994
0.000529
0.006911
0.001903
0.007615
0.004315
0.009647
0.004225
0.009051
0.009618
0.001719
0.019992
0.001791
0.003613
0.00266
0.014764
0.003145
0.016311
0.00785
0.00057
0.017875
0.000954
0.003261
0.002751
0.000533
0.02858
0.004151
0.008214
0.020564
0.01165
0.009815
0.000896
0.008783
0.019142
0.000801
0.043888
0.004426
0.000538
0.032687
0.006267
0.00134
0.005316
0.014044
0.000498
0.005338
0.011913
0.00999
0.007127
0.014108
0.000873
0.015533
0.00799
0.002245
0.005823
0.010198
0.017984
0.00013
0.005282
0.001964
0.000325
0.005778
0.006024
0.000892
0.015784
0.001817
0.022701
0.00456
0.004012
0.009487
0.029599
0.017719
0.003079
0.001807
0.041156
0.002918
0.000653
0.019426
0.026122
0.039094
0.001806
0.023684
0.019674
0.005142
0.002978
0.005964
0.045398
0.013648
0.010327
0.037073
0.005994
0.050694
0.0009
0.000957
0.0325
0.00755
0.000764
0.000376
0.000554
0.018547
0.003446
0.034772
0.014749
0.004198
0.000149
0.022485
0.015366
0.023418
0.040463
0.006433
0.013274
0.01271
0.006952
0.023766
0.000338
0.000887
0.008236
0.014856
0.008355
0.023767
0.014282
0.002387
0.008755
0.001186
0.025662
0.001468
0.003659
0.011266
0.025608
0.041568
0.009638
0.02837
0.016558
0.004896
0.008911
0.000675
0.007237
0.015292
0.018032
0.01041
0.004157
0.001422
0.001126
0.038256
0.004202
0.003845
0.002732
0.014127
0.00133
0.021807
0.01511
0.000892
0.00711
0.002062
0.010043
0.049408
0.008939
0.0071
0.018858
0.014338
0.009281
0.002675
0.001682
0.000868
0.001553
0.022765
0.000256
0.002818
0.004738
0.009331
0.006746
0.00311
0.018245
0.004535
0.015254
0.004814
0.017209
0.017963
0.003423
0.000332
0.002537
0.024175
0.063667
0.001316
0.001086
0.012853
0.009529
0.030711
0.005263
0.002192
0.003883
0.049085
0.00332
0.015282
0.000149
0.00821
0.024472
0.002441
0.00047
0.001112
0.012918
0.028447
0.000552
0.014135
0.025645
0.03097
0.004031
0.019951
0.002233
0.014994
0.003865
0.004245
0.02746
0.022547
0.009764
0.012508
0.000823
0.002327
0.066516
0.01135
0.012393
0.001145
0.016996
0.000599
0.004547
0.025626
0.007494
0.007703
0.00288
0.002742
0.006368
0.013764
0.008293
0.041315
0.007588
0.021224
0.004196
0.009845
0.005848
0.004874
0.022395
0.002599
0.008989
0.011102
0.002536
0.002313
0.007348
0.01657
0.001973
0.004352
0.009487
0.005539
0.003116
0.004542
0.017447
0.012563
0.001435
0.003428
0.002975
0.002025
0.005615
0.028827
0.036797
0.012088
0.000485
0.010542
0.001694
0.017044
0.000538
0.000573
0.014914
0.001642
0.008902
0.023157
0.014085
0.004563
0.010693
0.005529
0.006031
0.005338
0.013966
0.044272
0.004969
0.009505
0.02026
0.000491
0.001664
0.000764
0.013812
0.045168
0.000858
0.033762
0.004612
0.008133
0.011673
0.024467
0.003113
0.005098
0.000606
0.043153
0.012149
0.01637
0.036652
0.003733
0.012267
0.004927
0.00126
0.004998
0.009893
0.001295
0.003849
0.001938
0.00741
0.001732
0.036187
0.02194
0.010382
0.016026
0.000809
0.01956
0.01767
0.002985
0.006174
0.012313
0.00363
0.002071
0.024853
0.006099
0.019988
0.003231
0.012504
0.029826
0.004046
0.002255
0.017148
0.060625
0.005748
0.000564
0.009971
0.010279
0.009475
0.002463
0.001209
0.004566
0.001369
0.000592
0.002026
0.009405
0.003464
0.003099
0.010993
0.011585
0.000973
0.01342
0.002951
0.000395
0.01407
0.016778
0.005901
0.036841
0.00062
0.00331
0.009574
0.004029
0.009762
0.011525
0.004981
0.010865
0.015364
0.017124
0.037994
0.00453
0.003413
0.011968
0.024362
0.006687
0.009639
0.006272
0.002866
0.020281
0.00143
0.007947
0.035419
0.001474
0.00485
0.000195
0.017305
0.002262
0.001575
0.014969
0.003083
0.006826
0.029638
0.016929
0.005293
0.021945
0.008351
0.01742
0.017942
0.010201
0.003002
0.00144
0.020569
0.024164
0.008171
0.018002
0.004831
0.001332
0.004556
0.010693
0.006318
0.015594
0.014471
0.001073
0.031607
0.007729
0.012683
0.008287
0.001132
0.014694
0.000437
0.002032
0.002052
0.002873
0.001271
0.02382
0.008062
0.002723
0.015662
0.003395
0.029681
0.001755
0.000453
0.003755
0.007221
0.022293
0.046987
0.011912
0.004763
0.037217
0.020784
0.008185
0.014833
0.031613
0.023732
0.052518
0.008355
0.00444
0.001801
0.001721
0.002718
0.006007
0.028133
0.018055
0.013906
0.00651
5.4e-05
0.005322
0.00697
0.009371
0.002044
0.002618
0.008895
0.005546
0.00504
0.000178
0.003374
0.002932
0.015859
0.008784
0.006746
0.008821
0.024589
0.02719
0.028383
0.017646
0.014948
0.007988
0.001731
0.004578
0.003957
0.029194
0.01201
0.030941
0.00397
0.151134
0.033689
0.009374
0.008659
0.016297
0.033962
0.000376
0.006848
0.064163
0.009708
0.016402
0.014359
0.011676
0.00427
0.011084
0.002898
0.003178
0.007268
0.006599
0.000197
0.01734
0.006057
0.00013
0.002767
0.014504
0.004903
0.01243
0.002344
0.011828
0.039115
0.007093
0.02433
0.000174
0.028857
0.011088
0.002217
0.010974
0.003131
0.007307
0.004754
0.004854
0.013404
0.041062
0.003543
0.014907
0.00028
0.002635
0.002922
0.036505
0.03618
0.008856
0.016043
0.000795
0.016943
0.001054
0.012629
0.055226
0.003485
0.045025
0.008766
0.001571
0.004526
0.019978
0.018586
0.012559
0.000342
0.003622
0.001297
0.000522
0.006684
0.017921
0.012007
0.000154
0.042715
0.008485
0.010123
0.009637
0.013906
0.013595
0.001157
0.034903
0.043274
0.022658
0.002031
0.020276
0.0024
0.003063
0.008114
0.001978
0.007758
0.002919
0.000168
0.028659
0.013137
0.014512
0.002917
0.026394
0.002867
0.004061
0.023032
0.009518
0.04295
0.008545
0.008762
0.004538
0.005718
0.012072
0.001255
0.020375
0.010372
0.04056
0.014346
0.000916
0.01775
0.000253
0.003874
0.020508
0.013619
0.015678
0.002732
0.003896
0.046495
0.055539
0.000987
0.032982
0.018116
0.009727
0.001408
0.014237
0.004522
0.00138
0.002242
0.005449
0.018403
0.012587
0.002063
0.002495
0.022987
0.007581
0.004085
0.008169
0.006528
0.00123
0.002456
0.03012
0.010134
0.000471
0.001305
0.015937
0.007309
0.00092
0.016199
0.019828
0.004541
0.009272
0.001721
0.001764
0.001642
0.008288
0.016398
0.007694
0.007705
0.00891
0.008485
0.025898
0.010932
0.007897
0.016322
0.005055
0.007758
0.019658
0.002169
0.028419
0.000448
0.007341
0.005925
0.018054
0.005032
0.026317
3.8e-05
0.010639
0.003079
0.04711
0.035458
0.001462
0.024133
0.056065
0.020124
0.022667
0.005425
0.013675
0.000815
0.011349
0.003149
0.01459
0.000299
0.018101
0.0011
0.023814
0.001857
0.005987
0.003941
0.017311
0.007165
0.009645
0.00257
0.021761
0.007701
0.005539
0.01673
0.007134
0.004097
0.033433
0.003827
0.026826
0.001603
0.010881
0.000651
0.0318
0.012381
0.009406
0.017532
0.000159
0.037056
0.007444
0.006696
0.006571
0.002951
0.006085
0.004988
0.077799
0.001819
0.002474
0.037451
0.01375
0.005967
0.003298
0.008081
0.015613
0.027097
0.007933
0.001281
0.018841
0.011606
0.007076
0.004833
0.080302
0.084371
0.006576
0.013957
0.001916
0.016868
0.036202
0.000369
0.000191
0.005371
0.006105
0.017538
0.009896
0.001882
0.011976
0.017961
0.019966
0.016916
0.038625
0.045887
0.009968
0.000411
0.000768
0.011348
0.010726
0.035488
0.014974
0.008486
0.00101
0.032926
0.009563
0.004237
0.012158
0.001468
0.001458
0.003565
0.002116
0.010293
0.007688
0.001027
0.016241
0.003604
0.000424
0.00033
0.004825
0.009204
0.005278
0.000391
0.00023
0.001922
0.014549
0.026176
0.000167
0.001098
0.00354
0.002951
0.004654
0.006514
0.003747
0.0164
0.018735
0.025897
0.00118
0.000705
0.020995
0.004062
0.011057
0.011804
0.072156
0.009305
0.000529
0.004621
0.006539
0.001633
0.007742
0.004278
0.009294
0.001741
0.019253
0.023299
0.00104
0.000532
0.012054
0.008401
0.00083
0.014874
0.000168
0.014373
0.02722
0.020978
0.000192
0.000551
0.003498
0.001783
0.006939
0.107533
0.000186
0.012915
0.000221
0.001695
0.007884
0.004516
0.008125
0.005315
0.001561
0.008665
0.011083
0.0061
0.017046
0.002144
0.043813
0.000429
0.012374
0.004996
0.008021
0.002508
0.004967
0.000953
0.010265
0.003072
0.001681
0.021885
0.00029
0.003539
0.011048
0.001073
0.00416
0.006968
0.010101
0.030303
0.005775
0.00218
0.012907
0.002087
0.003487
0.036932
0.003715
0.000432
0.004226
0.004869
0.003503
0.005675
0.011599
0.009043
0.013618
0.021533
0.01511
0.008638
0.020482
0.000304
0.026722
0.006281
0.003043
0.00644
0.001428
0.021941
0.012892
0.007491
0.00977
0.011979
0.019109
0.005016
0.030368
0.018645
0.014387
0.002376
0.015356
0.023555
0.000472
0.045939
0.001609
0.015318
0.039188
0.004001
0.001095
0.002571
0.003046
0.000299
0.015334
0.006112
0.0206
0.023369
0.017694
0.000805
0.017287
0.009314
0.010799
0.000585
0.001661
0.003652
0.0148
0.024413
0.013885
0.001232
0.004394
0.019462
0.012433
0.003995
0.062625
0.008576
0.003045
0.001678
0.005774
0.01427
0.024479
0.046185
0.012885
0.015037
0.02232
0.014097
0.015095
0.000673
0.011739
0.000807
0.001315
0.014082
0.006794
0.004001
0.010308
0.017589
0.000197
0.000294
0.016715
0.002361
0.012254
0.002324
0.041013
0.004184
0.042541
0.005608
0.069447
0.043206
0.003087
0.020156
0.003276
0.005638
0.008319
0.002402
0.014849
0.021155
0.003458
0.013122
0.026139
0.016843
0.002266
0.000611
0.02361
0.004241
0.000449
0.001622
0.004361
0.005695
0.00985
0.020342
0.0049
0.000492
0.003044
0.002444
0.005434
0.003444
0.001651
0.009261
0.008638
0.019555
0.017106
0.003974
0.008947
0.018988
0.007391
0.00421
0.009425
0.012553
0.002277
0.00075
0.012144
0.002993
0.004245
0.002099
0.008605
0.002217
0.010665
0.030226
0.015301
0.011877
0.002257
0.014041
0.019211
0.045211
0.001659
0.001979
0.001409
0.000125
0.022359
0.001752
0.033786
0.003649
0.000228
0.027137
0.003063
0.000129
0.004466
0.009268
0.000847
0.017623
0.00985
0.005294
0.011466
0.002228
0.012556
0.026754
0.004996
0.009654
0.0088
0.013541
0.010688
0.002795
0.009084
0.002317
0.002432
0.011034
0.000216
0.012386
0.003442
0.034918
0.01735
0.00614
0.007517
0.002262
0.01424
0.002493
0.006656
0.003195
0.060801
0.00276
0.009328
0.034414
0.002493
0.009744
0.0143
0.010859
0.029648
0.017395
0.001309
0.00103
0.001669
0.004314
0.008978
0.014626
0.000831
0.014984
0.010557
0.052162
0.0132
0.006191
0.003087
0.009688
0.04336
0.054206
0.037349
0.008675
0.023257
0.005911
0.018454
0.002331
0.007232
0.000449
0.011195
0.006754
0.015127
0.021372
0.003023
0.007764
0.005878
0.003938
0.000833
0.005179
0.004891
0.025825
0.012078
0.001205
0.008321
0.011303
0.00775
0.010693
0.009807
0.024074
0.003917
0.005367
0.017333
0.008421
0.006525
0.015126
0.009897
0.014299
0.00093
0.013722
0.016843
0.002542
0.008583
0.002492
0.025218
0.004017
0.001597
0.010303
0.003522
0.013193
0.012313
0.020607
0.009686
0.026782
0.040051
0.004848
0.027475
0.006669
0.013952
0.018058
0.007654
0.005542
0.003684
0.011995
0.000993
0.008435
0.00802
0.005666
0.004753
0.002481
0.008718
0.001765
0.030594
0.003942
0.028564
0.011486
0.006908
0.00042
0.010821
0.041801
0.116778
0.017703
0.043381
0.006809
0.020331
0.013473
0.014629
0.011481
0.046043
0.000119
0.00356
0.001324
0.002972
0.001048
0.005565
0.001503
0.042862
0.044632
0.006981
0.073808
0.018136
0.001766
0.001999
0.000677
0.007826
0.000737
0.002938
0.00465
0.027138
0.019105
0.009212
0.005556
0.016576
0.007767
0.024873
0.001612
0.041142
0.012426
0.004791
0.019238
0.004694
0.010371
0.006474
0.036225
0.009588
0.001216
0.008076
0.005751
0.000547
0.014209
0.027183
0.009694
0.055335
0.013053
0.003732
0.005661
0.002712
0.027293
0.046172
0.006245
0.029279
0.02781
0.00822
0.011442
0.012019
0.017642
0.002298
0.002761
0.00138
0.032772
0.003008
0.038049
0.040525
0.02772
0.02845
0.009155
0.020459
0.00892
0.000173
0.007212
0.029318
0.002631
0.022246
0.002438
0.004901
0.005527
0.005445
0.020391
0.001986
0.00494
0.001337
0.009979
0.045709
0.022934
0.005148
0.022786
0.006559
0.002077
0.029944
0.006959
0.005612
0.0024
0.028015
0.00935
0.001299
0.010987
0.014869
0.014842
0.0033
0.002785
0.013349
0.006532
0.003488
0.024509
0.02913
0.007053
0.03138
0.001082
0.003208
0.006693
0.039707
0.001643
0.038469
0.00246
0.011037
0.002474
0.001241
0.006867
0.004406
0.029508
0.005201
0.007314
0.002649
0.065225
0.004004
0.004321
0.014233
0.000329
0.011345
0.026262
0.001427
0.003823
0.026508
0.00925
0.055776
0.01565
0.016002
0.001641
0.030571
0.003697
0.002423
0.007735
0.009589
0.008096
0.012996
0.011047
0.006865
0.0188
0.012546
0.003141
0.018549
0.023415
0.001814
0.016467
0.004125
0.010963
0.011457
0.006903
0.001918
0.000982
0.061696
0.01802
0.003516
0.007108
0.005452
0.002011
0.003184
0.014597
0.002391
0.010355
0.022366
0.013171
0.000851
0.00703
0.000127
0.005634
0.004457
0.045549
0.01
0.077329
0.03804
0.000627
0.012119
0.008417
0.009563
0.00931
0.010007
0.0007
0.010018
0.005105
0.000942
0.003156
0.007217
0.022496
0.011802
0.001491
0.001539
0.007267
0.00445
0.002926
0.003144
0.020087
0.002171
0.007311
0.014922
0.010086
0.003054
0.00031
0.019967
0.000533
0.003568
0.000996
0.00182
0.004111
0.006951
0.002844
0.015359
0.000356
0.011465
0.011352
0.007131
0.000819
0.002988
0.003401
0.003099
0.006489
0.004244
0.01414
0.034459
0.005429
0.010829
0.00554
0.003464
0.002704
0.007037
0.000488
0.000753
0.001182
0.01766
0.013475
0.002949
0.011113
0.007379
0.029459
0.007631
0.0173
0.0162
0.003448
0.022274
0.020987
0.005314
0.018157
0.006295
0.004277
0.009453
0.004002
0.00016
0.008363
0.025991
0.004341
0.001371
0.000606
0.023992
0.001687
0.000176
0.002393
0.017963
0.006442
0.003906
0.004465
0.000751
0.008132
0.000663
0.01859
0.002645
0.017385
7.3e-05
0.005401
0.025925
0.003691
0.002761
0.002932
0.015885
0.007372
0.01697
0.01277
0.00794
0.011577
0.012308
0.002804
0.00456
0.014415
0.006768
0.000289
0.00325
0.028433
0.001254
0.054879
0.014509
0.000948
0.021451
0.005625
0.002462
0.001214
0.011187
0.053892
0.003917
0.008216
0.016781
0.00076
0.015021
0.019584
0.004579
0.058356
0.000374
0.00926
0.025165
0.002782
0.03558
0.016718
0.003315
0.006242
0.000262
0.001907
0.001329
0.007008
0.025781
0.003303
0.050453
0.008773
0.037978
0.020627
0.004817
0.008939
0.013335
0.001315
0.004215
0.006289
0.006343
0.00473
0.009858
0.019455
0.008546
0.00069
0.01378
0.02907
0.027934
0.020381
0.00249
0.009679
0.01146
0.002332
0.005102
0.009047
0.041665
0.002979
0.007369
0.031061
0.002104
0.016642
0.049909
0.002255
0.020048
0.03232
0.008944
0.005898
0.032955
0.001079
0.000414
0.017226
0.007328
0.005938
0.009784
0.004388
0.000786
0.008957
0.006576
0.001484
0.001725
0.044888
0.009202
0.008655
0.000385
0.017416
0.02569
0.006786
0.013943
0.044237
0.007408
0.014613
0.008474
0.018882
0.010122
0.007761
0.001473
0.029866
0.006151
0.003066
0.001921
0.042995
0.028916
0.004754
0.007915
0.000658
0.002452
0.010678
0.008884
0.028017
0.008503
0.020664
0.004559
0.01187
0.003851
0.003163
0.010616
0.026539
0.008154
0.001099
0.041897
0.01563
0.002847
0.011182
0.000229
0.004652
0.040714
0.011241
0.017521
0.02238
0.034313
0.0089
0.001193
0.017342
0.00416
0.002658
0.000455
0.002075
0.005198
0.010067
0.001396
0.006175
0.000725
0.002668
0.042281
0.022689
0.024572
0.010851
0.000754
0.004853
0.018904
0.017079
0.033566
0.009806
0.036842
0.008551
0.009531
0.015013
0.023888
0.000184
0.000635
0.004856
0.015235
0.048886
0.022774
0.063418
0.012963
0.012632
0.014369
0.005024
0.0269
0.002097
0.003421
0.019174
0.000353
0.006373
0.002039
0.003787
0.045054
0.004039
0.00846
0.013759
0.001011
0.00179
0.016038
0.00432
0.006764
0.009485
0.004319
0.00658
0.001084
0.004523
0.005015
0.000324
0.004019
0.02094
0.014609
0.03507
0.039569
0.002647
0.002209
0.010271
0.002747
0.005278
0.002779
0.039196
0.004768
0.008639
0.018383
0.016433
0.001738
0.003001
0.013483
0.010247
0.035834
0.015909
0.010196
0.017981
0.009618
0.003188
0.009447
0.024016
0.010108
0.000619
0.006158
0.00353
0.000128
0.000156
0.003948
0.003635
0.044289
0.015256
0.007597
7.4e-05
0.010936
0.006472
0.003923
0.001316
0.002817
0.000604
0.036745
0.031043
0.004749
0.00706
0.001811
0.001311
0.003341
0.001752
0.015914
0.015288
0.002053
0.002187
0.010058
0.00837
0.001498
0.004864
0.001138
0.002487
0.00028
0.005989
0.009865
0.051923
0.032052
0.029753
0.001779
0.005764
0.008882
0.004934
0.029952
0.010865
0.001089
0.009913
0.022828
0.003266
0.050654
0.033542
0.001151
0.002935
0.000517
0.012396
0.000812
0.003345
0.00328
0.000165
0.013767
0.001736
0.005894
0.002565
0.006218
0.004405
0.008031
0.022264
0.002083
0.016705
0.028074
0.010062
0.00785
0.024973
0.000911
0.010174
0.009908
0.115261
0.009625
0.002695
0.053438
0.025365
0.003022
0.014348
0.009279
0.020725
0.001691
0.022448
0.012257
0.040745
0.005535
0.007198
0.002921
0.003822
0.001299
0.012943
0.008001
0.010306
0.00874
0.028586
0.006371
0.000183
0.041434
0.010427
0.000643
0.008605
0.004389
0.010002
0.001038
0.003975
0.034579
0.0309
0.002589
0.011826
0.000811
0.004417
0.023352
0.004411
0.010067
0.011207
0.006636
0.005853
0.002801
0.019388
0.005425
0.002724
0.007113
0.033876
0.002381
0.006798
0.004001
0.031761
0.000745
0.008487
0.002815
0.009461
0.001728
0.009549
0.000725
0.020749
0.014407
0.017515
0.012792
0.020378
0.02018
0.010605
0.001047
0.012082
0.001307
0.009968
0.005069
0.002945
0.015355
0.012626
0.005867
0.019916
0.025367
0.066315
0.005595
0.044081
9.5e-05
0.011128
0.016102
0.000212
0.001278
0.020142
0.004643
0.002465
0.003115
0.012535
0.006598
0.001359
0.002498
0.017898
0.014808
0.026023
0.003721
0.021493
0.007319
0.00475
0.000342
0.037443
0.01804
0.034088
0.002173
0.020578
0.002659
0.016216
0.003609
0.040349
0.019872
0.002482
0.040747
0.019513
0.007945
0.017576
0.000585
0.011311
0.005883
0.003389
0.002885
0.015625
0.000947
0.016184
0.005661
0.011633
0.008611
0.003826
0.031808
0.001878
0.005376
0.010649
0.005704
0.010065
0.037892
0.010027
0.004971
0.011507
0.022027
0.000879
0.038945
0.006962
0.046795
0.038665
0.002743
0.002938
0.006375
0.001495
0.003604
0.009587
0.013117
0.01579
0.00795
0.004999
0.002391
0.012086
0.058531
0.000867
0.002534
0.00584
0.003053
0.001185
0.004047
0.003192
0.009105
0.026506
0.005773
0.011958
0.004146
0.000271
0.004662
0.032594
0.006715
0.010326
0.012342
0.003985
0.004619
7e-05
0.012605
5.2e-05
0.006331
0.012993
0.026066
0.015834
0.013997
0.012103
0.013295
0.031578
0.006638
0.001256
0.007356
0.003882
0.013125
0.002489
0.017959
0.001748
0.034602
0.001517
0.008966
0.007173
0.000886
0.00507
0.003828
0.003773
0.006947
0.003221
0.032342
0.009995
0.008225
0.0017
0.002768
0.002739
0.003613
0.027314
0.009939
0.045027
0.011997
0.042515
0.01764
0.001108
0.009955
0.002493
0.023754
0.005037
0.005941
0.014206
0.001122
0.013427
0.002381
0.004498
0.008252
0.003188
0.006364
0.013621
0.01585
0.011908
0.012789
0.000462
0.012003
0.005064
0.000684
0.004746
0.000811
0.014457
0.002364
0.000973
0.021338
0.002143
0.001443
0.021979
0.007575
0.009549
0.008002
0.019951
0.001086
0.008428
0.035319
0.004057
0.001737
0.030071
0.021673
0.011328
0.010727
0.035058
0.024519
0.000339
0.001002
0.008617
0.006962
0.000718
3.2e-05
0.004814
0.000894
0.003905
0.001668
0.00276
0.003959
0.02232
0.077649
0.014504
0.000557
0.001483
0.00432
0.009541
0.001639
0.035969
0.008306
0.009596
0.079246
0.006496
0.035682
0.009718
0.012545
0.003982
0.000489
0.005024
0.0193
0.002613
0.011199
0.004028
0.026563
0.016869
0.027346
0.005466
0.01553
0.012777
0.001993
0.015239
0.006359
0.000405
0.014473
0.000406
0.006631
0.001987
0.04322
0.005938
0.002696
0.010884
0.001768
0.040685
0.007683
0.048572
0.005514
0.005804
0.009913
0.00123
0.001432
0.012936
0.014068
0.003512
0.003825
0.00238
0.007973
0.010624
0.005333
0.029719
0.000138
0.02798
0.004455
0.000466
0.000562
0.017138
0.030049
0.01551
0.002774
0.01713
0.003006
0.000391
0.023117
0.004224
0.007722
0.001744
0.009551
0.00685
0.004059
0.005765
0.01182
0.007242
0.003601
0.027297
0.001016
0.007808
0.001717
0.0039
0.009378
0.001854
0.000454
0.019374
0.009587
0.00681
0.006795
0.000484
0.00105
0.014783
0.003639
0.027713
0.002909
0.003279
0.00076
0.002425
0.001562
0.012234
0.027179
0.018293
0.000168
0.01166
0.007624
0.00243
0.015975
0.000574
0.005282
0.024056
0.012494
0.0636
0.002407
0.001311
0.041706
0.003036
0.001541
0.000139
0.014169
0.009949
0.010697
0.020005
0.012126
0.00071
0.001354
0.007201
0.004603
0.009645
0.006095
0.004285
0.015774
0.026627
0.004776
0.01448
0.007258
0.006652
0.007215
0.02713
0.000241
0.000921
0.006254
0.00292
0.013403
0.002233
0.009874
0.045044
0.014227
0.051986
0.002814
0.016776
0.005914
0.012
0.005996
0.001605
0.004149
0.064107
0.007956
0.007649
0.010261
0.009335
0.069659
0.002993
0.00538
0.00219
0.000563
0.026794
0.024327
0.006358
0.014544
0.027646
0.004403
0.011289
0.041903
0.001192
0.001337
0.001277
0.006476
0.01379
0.027422
0.010832
0.008071
0.019291
0.017847
0.000954
0.024448
0.003042
0.003687
0.002336
0.000341
0.008582
0.010591
0.012116
0.00257
0.009583
0.014242
0.00838
0.011414
0.005577
0.008663
0.007441
0.003039
0.004641
0.001192
0.034178
0.006975
0.007914
0.000945
0.006246
0.00376
0.005528
0.008633
0.005582
0.016297
0.043174
0.002762
0.024512
0.041371
0.011921
0.003598
0.009178
0.049448
0.012416
0.000218
0.000381
0.014095
0.017743
0.009944
0.002056
0.010859
0.003562
0.008283
0.078318
0.028867
0.030569
0.015918
0.010805
0.002781
0.002501
0.009935
0.003914
0.007451
0.017295
0.009754
0.02685
0.012376
0.003424
0.020974
0.016598
0.023994
0.002093
0.049062
0.000377
0.026643
0.011239
0.001386
0.008647
0.002966
0.004226
0.013621
0.019362
0.025407
0.019941
0.009823
0.026483
0.002905
0.001113
0.003608
0.004636
0.008202
0.01268
0.001282
0.016061
0.007421
0.010757
0.00543
0.004123
0.009523
0.024556
0.002239
0.002503
0.010727
0.003827
0.000707
0.001904
0.00097
0.02166
0.039182
0.00544
0.010604
0.008732
0.011139
0.00276
0.030894
0.044365
0.008097
0.00635
0.016137
0.001449
0.021632
0.004531
0.003485
0.020489
0.028221
0.004505
0.00084
0.028729
0.002844
0.019177
0.001294
0.009773
0.003344
0.001985
0.026663
0.048345
0.014882
0.007545
0.023006
0.013411
0.041219
0.00358
0.000154
0.01335
0.001357
0.008346
0.034528
0.007685
0.003544
0.052214
0.067307
0.001336
7.4e-05
0.027553
0.021499
0.001722
0.021039
0.015593
0.000914
0.003498
0.001996
0.01507
0.023902
0.002821
0.013201
0.009969
0.027865
0.000297
0.006473
0.0052
0.010886
0.000944
0.00097
0.006903
0.03127
0.011513
0.031961
0.0012
0.009083
0.041081
0.001403
0.001325
0.017869
0.00803
0.028991
0.029204
0.007424
0.004977
0.009347
0.00823
0.006266
0.006261
0.035516
0.002139
0.002189
0.011855
0.062183
0.01127
0.014245
0.004169
0.002104
0.003845
0.000359
0.061388
0.040859
0.028506
0.000994
0.010693
0.003438
0.013385
0.001379
0.010553
0.018159
0.002531
0.009603
0.024465
0.07406
0.004224
0.037451
0.035816
0.000624
0.018222
0.006005
0.019541
0.016884
0.06191
0.001601
0.004338
0.003832
0.004344
0.005698
0.033564
0.002952
0.003062
0.009458
0.004373
0.000543
0.002102
0.004539
0.017579
0.001546
0.003655
0.002611
0.000579
0.020915
0.013685
0.000148
0.007127
0.001233
0.005747
0.003126
0.022012
0.000858
0.032626
0.006195
0.002492
0.003686
0.025375
0.027255
0.001728
0.006843
7.8e-05
0.025927
0.039847
0.007137
0.001711
0.025751
0.000624
0.009862
0.005354
0.001714
0.003598
0.020905
0.027751
0.025029
0.038103
0.018087
0.001818
0.029794
0.013785
0.015981
0.001672
0.010788
0.011962
0.02045
0.000977
0.005552
0.001506
0.097267
0.02919
0.002458
0.013482
0.003193
0.000708
0.004921
0.004602
0.009811
0.002596
0.000551
0.085901
0.00303
0.019615
0.009793
0.002962
0.002857
0.000497
7.7e-05
0.002329
0.04026
0.007944
0.006311
0.008296
0.02053
0.001573
0.003246
0.013842
0.015965
0.015018
0.01684
0.000654
0.027167
0.011983
0.001075
0.002371
0.041253
0.005445
0.008543
0.001039
0.000857
0.007767
0.009298
0.051071
0.001123
0.000979
0.017854
0.015636
0.008645
0.002065
0.016086
0.006604
0.014373
0.00384
0.003441
0.023273
0.000596
0.025916
0.019329
0.007057
0.013407
0.0015
0.002208
0.008742
0.009552
0.00276
0.003527
0.003031
0.004125
0.000756
0.014999
0.005906
0.025197
6.2e-05
0.011947
0.004984
0.010737
0.00315
0.004708
0.007995
0.046605
0.008821
0.004478
0.066715
0.006276
0.006632
0.007623
0.006804
0.000623
0.014129
0.001341
0.012778
0.009689
0.080531
0.006387
0.004779
0.01217
0.004672
0.002001
0.000595
0.00444
0.004632
0.001044
0.020206
0.000837
0.079371
0.010003
0.000956
0.006212
0.007962
0.017371
0.012722
0.002582
0.017455
0.035205
0.00317
0.000362
0.008756
0.011603
0.010134
0.006064
0.001289
0.001828
0.012534
0.009998
0.004503
0.008084
0.003966
0.012442
0.002932
0.025464
0.009263
0.015573
0.058769
0.001401
0.004898
0.037157
0.000808
0.003446
0.002086
0.023597
0.005054
0.0512
0.003502
0.010963
0.038095
0.028551
0.018798
0.00031
0.001367
0.00397
0.032462
0.031753
0.000776
0.004201
0.011791
0.000706
0.02702
0.006784
0.019005
0.008419
0.00247
0.020562
0.013356
0.001256
0.012306
0.006502
0.002857
0.000332
0.004436
0.008839
0.00293
0.002817
0.001765
0.035234
0.001894
0.023533
0.001673
0.008285
0.009778
0.006607
0.004266
0.031956
0.00765
0.003043
0.001933
0.001673
0.019767
0.000486
0.021333
0.006426
0.015163
0.01214
0.006128
0.009672
0.015555
0.005582
0.002746
0.001564
0.002246
0.000908
0.019729
0.01314
0.000398
0.014265
0.003786
0.008664
0.010611
0.001548
0.003002
0.003365
0.007366
0.001569
0.003416
0.046048
0.01278
0.006483
0.003094
0.006889
0.008029
0.001401
0.009527
0.01358
0.003359
0.002616
8e-05
0.003495
0.000255
0.010855
0.014537
0.010501
0.013806
0.001567
0.004304
0.000494
0.013105
0.015846
0.025802
0.001684
0.002439
0.003867
0.004829
0.008232
0.009245
0.006035
0.008413
0.001835
0.003786
0.002215
0.013942
0.013244
0.008477
0.031552
0.003855
0.019958
0.007214
0.016322
0.018056
0.000981
0.013365
0.002716
0.017207
0.041337
0.018609
0.010865
0.02102
0.008786
0.010943
0.001708
9.7e-05
0.003048
0.003987
0.007955
0.021765
0.023223
0.018295
0.004966
0.034972
0.020195
0.015056
0.000273
0.001692
0.028763
0.033738
0.017832
0.020509
0.008929
0.003648
0.024622
0.002336
0.038515
0.013976
0.002945
0.017219
0.001327
0.001673
0.006794
0.002104
0.000239
0.018431
0.024948
0.009594
0.003015
0.001961
0.004396
0.001653
0.003299
0.040563
0.003846
0.010748
0.01015
0.022645
0.009604
0.000999
0.025128
0.001528
0.032152
0.022844
0.012042
0.002679
0.000162
0.020594
0.026767
0.003846
0.008015
0.000482
0.007125
0.00189
0.016625
0.006179
0.012167
0.001963
0.017462
0.002931
0.021468
0.00559
0.058956
0.001809
0.006387
0.004848
0.006465
0.001639
0.011218
0.012731
0.000376
0.013318
0.000259
0.013746
0.000868
0.015131
0.009438
0.009859
0.017899
0.013123
0.000875
0.015708
0.005456
0.014782
0.066163
0.008351
0.014335
0.013855
0.003973
0.012501
0.00505
0.000401
0.006056
0.014063
0.010781
0.001591
0.002528
0.001166
0.0002
0.040055
0.004699
0.031342
0.000586
0.009811
0.002107
0.014519
0.008985
0.008465
0.007311
0.00213
0.003546
0.006514
0.011497
0.014771
0.007923
0.001101
0.0009
0.027706
0.012205
0.002568
0.005965
0.012972
0.007498
0.019235
0.021747
0.015315
0.007695
0.005688
0.007325
0.001907
0.053042
0.044815
0.006764
0.005223
0.005045
0.019196
0.042653
0.002608
0.018903
0.019841
0.002103
0.01746
0.004386
0.006929
0.001307
0.014509
0.009836
0.041091
0.000761
0.008422
0.049096
0.00029
0.001251
0.003849
0.002593
0.002393
0.001023
0.003727
0.04255
0.007817
0.010724
0.021478
0.001115
0.00792
0.022904
0.001599
0.00387
0.007348
0.008062
0.005269
0.004317
0.002138
0.003544
0.005407
0.003206
0.004313
0.002716
0.052638
0.025417
0.01861
0.004011
0.00596
0.026504
0.005261
0.004496
0.010648
0.060699
0.022222
0.002779
0.021227
0.026841
0.002157
0.032651
0.011237
0.046573
0.017929
0.002359
0.01722
0.014267
0.021827
0.008521
0.002085
