0.001175
0.006833
0.000513
0.011256
0.019196
0.0024
0.009782
7.7e-05
0.004599
0.000275
0.007653
0.001625
2.1e-05
6.3e-05
0.001375
0.003068
0.002603
0.015051
0.007082
0.001602
0.000115
2.5e-05
0.000753
7.4e-05
0.002566
0.009232
0.014279
0.005804
0.000306
0.000461
0.001831
8.7e-05
0.000481
0.000548
0.002721
0.000201
0.000122
0.003666
0.001441
0.001049
0.000171
0.000485
0.000526
0.002852
0.003437
0.000175
0.000304
0.002876
9.7e-05
0.000735
0.001848
0.001248
0.001705
0.00088
0.000342
0.00164
2.1e-05
0.000171
0.002195
0.006481
0.009735
0.007673
0.004868
0.002783
0.000642
0.001341
0.011607
0.000123
0.002516
0.000619
0.000107
0.008081
0.008768
0.006157
0.000955
4.8e-05
0.003252
2e-05
0.000626
0.000818
0.005024
0.026883
3.5e-05
0.000593
0.003641
0.004622
0.000846
0.008235
0.001021
7.3e-05
3.7e-05
0.005342
0.002157
0.008756
0.000497
2.4e-05
0.000391
0.000459
0.000684
0.029197
0.000555
0.000735
0.00016
0.000598
0.004874
0.002286
0.009141
6.3e-05
4.7e-05
0.001447
0.000345
3.6e-05
0.001499
0.001507
0.001452
0.010078
0.002835
0.00073
0.007018
0.002567
0.006428
0.018348
0.004903
0.000311
0.002923
0.001613
0.00057
0.000305
0.001121
0.002291
0.000995
0.000567
0.001329
0.00075
0.000954
0.000334
9.9e-05
4.2e-05
0.001195
0.000322
0.000517
0.000398
0.011892
8.6e-05
7.7e-05
4.4e-05
0.004678
0.003141
0.00112
0.004044
0.007361
0.001966
7.6e-05
0.001858
0.002303
0.016168
0.000559
9.6e-05
0.001399
0.000114
0.015552
6e-06
0.005373
0.003651
0.000134
6.5e-05
0.000286
0.010913
0.006166
0.001898
0.000126
4.8e-05
0.003319
0.005601
0.000554
0.019855
0.00647
0.004624
0.003684
0.003303
0.004244
0.026509
0.000793
0.001913
0.002712
0.000445
3.1e-05
0.008715
0.026946
0.000344
7e-05
0.000735
0.005359
0.006111
0.000458
0.031052
0.00094
0.005831
0.001719
0.003299
0.03242
0.019243
0.001312
0.000417
0.002869
0.00797
3.3e-05
0.003702
0.015313
0.001885
0.024912
9.5e-05
0.002432
0.000461
0.005426
0.051028
0.000147
0.005421
0.000249
0.000261
0.003634
0.000234
0.001229
0.000382
0.000136
0.000824
0.010867
0.003748
0.000311
2.7e-05
0.001037
0.000751
0.001066
0.018017
0.009455
0.001306
0.002018
0.003403
4.3e-05
0.01282
5.4e-05
0.001603
0.02335
0.005778
0.000106
0.00058
0.071959
0.007636
0.003068
0.01104
0.000352
0.006935
0.000508
0.000191
0.000149
0.000802
8.9e-05
0.002495
0.001836
4.8e-05
0.002767
0.000112
0.013897
0.001021
0.002236
0.005521
9.5e-05
0.009618
0.01219
0.002518
0.00023
0.018077
0.005127
0.001187
0.000428
0.01331
0.000146
0.001875
0.000169
0.019417
2.4e-05
0.000938
0.001876
0.000372
0.003807
0.003971
0.011507
0.000156
0.000514
9.8e-05
2.4e-05
0.002967
0.000215
0.01253
0.000211
0.047691
0.000261
0.00032
0.006498
0.000177
0.016145
0.000589
6.5e-05
0.000667
0.000622
0.037834
0.00046
0.000188
0.001446
0.000461
4e-05
0.002296
0.00094
4.1e-05
0.000213
0.00059
0.00053
3.9e-05
0.001215
0.000165
0.000139
5.4e-05
0.007735
0.026068
0.005634
0.004862
0.000571
0.010212
0.002175
0.000228
0.000254
0.00034
0.014442
0.000124
0.001962
0.003747
0.00026
0.001416
0.0001
0.000677
0.000538
0.050562
0.010327
0.000434
0.000248
0.00105
0.000187
0.018288
0.000234
0.004674
0.000372
0.002652
0.02508
0.00033
0.000311
0.000819
2.6e-05
5.6e-05
3.7e-05
0.00021
0.001995
0.002375
0.000346
0.002579
0.002177
0.000528
0.000103
0.0012
2.5e-05
0.000113
0.003099
1.6e-05
0.002331
0.000331
0.000148
0.002557
0.005203
0.00719
0.000506
0.002949
0.00058
0.003124
0.001683
0.00014
0.004129
0.001881
0.01699
0.00086
0.001364
8.8e-05
0.000304
0.005272
0.005012
0.013582
0.001035
0.000166
0.016972
0.008878
0.001051
0.001444
0.002452
0.000193
0.016382
4.9e-05
0.00435
0.002309
0.000407
0.002954
0.000868
0.000819
0.000179
7.3e-05
6.8e-05
0.000106
0.000158
0.000532
0.007213
0.00056
0.011522
0.006345
0.008016
0.000141
8.2e-05
0.007086
0.003433
0.002491
0.002089
0.01485
0.001842
0.000701
0.000921
0.000106
0.001401
0.000256
0.01857
0.000591
0.000314
0.00021
0.000106
9.7e-05
0.000354
0.000526
0.000636
0.000305
0.000251
0.008654
0.01438
0.018638
0.000574
0.007375
0.003316
0.001987
0.006599
2.7e-05
0.000221
0.004055
0.000483
0.009577
0.000216
0.001511
4.4e-05
0.00036
0.00352
0.004937
0.007357
6.4e-05
0.000514
2.7e-05
0.000157
0.004939
0.00102
6.5e-05
0.013951
0.009566
0.000113
5.5e-05
3.4e-05
0.001956
0.011811
0.000387
0.003068
0.002542
0.000303
0.001556
0.000224
0.016615
0.03916
0.000561
0.000509
0.000221
0.004767
0.005577
9.9e-05
0.029107
0.001255
0.000421
0.000612
0.000661
0.023031
0.014728
0.000226
0.00098
0.025816
0.005592
0.001557
0.001192
0.062815
0.004669
0.003329
0.003778
7.5e-05
0.000171
0.001774
0.013706
0.00027
0.047688
0.001407
0.000822
0.000696
0.000123
4e-05
0.008937
3.4e-05
6.1e-05
0.000226
0.000791
0.005429
0.000281
0.000907
0.000578
2.7e-05
0.00247
0.003096
0.000392
0.002949
0.000416
0.004314
0.000949
8.1e-05
0.002265
0.003872
0.01045
0.000658
0.035187
0.003172
0.000163
0.001995
0.000966
0.025029
8.3e-05
0.004491
0.011372
0.000167
0.021194
0.000431
0.000428
0.00348
0.000128
2.1e-05
0.000536
0.008893
0.004523
0.000422
0.005834
0.002066
0.011689
0.005075
0.000342
0.000618
0.002748
0.007361
0.010674
0.001394
0.004191
0.004512
0.000272
2.7e-05
0.000519
9.5e-05
0.000941
6e-05
0.005219
3.9e-05
0.001956
0.00711
0.00097
0.005178
0.014325
0.001444
0.000133
0.003301
0.000118
0.002748
0.001432
0.001988
0.00264
0.000859
0.003442
0.000733
0.001372
0.000382
0.004852
0.008083
0.000199
0.000104
0.006085
0.006853
0.000839
0.015144
0.008196
0.023255
0.000927
0.004532
0.000271
0.001572
0.002156
3.7e-05
0.012969
0.000932
0.001403
0.008309
0.005398
0.004817
5.8e-05
0.002176
0.000284
0.014651
0.002782
0.000855
0.007104
0.000355
0.000436
0.000947
0.000227
0.000567
0.010527
0.010651
0.007277
3e-05
0.004587
0.000747
0.000402
7.2e-05
0.002875
0.000162
0.004807
0.001046
0.005033
0.000874
0.006084
0.001355
0.006893
0.015522
0.0022
1.7e-05
0.001458
0.000446
0.001516
0.001597
0.005844
0.011105
0.002042
0.002749
0.003209
0.002564
0.004368
0.001923
0.001234
0.002125
0.013124
0.005592
0.003533
0.001645
0.000316
5.7e-05
0.009405
0.009219
0.000122
0.000974
0.00401
0.000219
0.002718
7.2e-05
0.000366
0.004622
0.01452
0.000101
0.000498
0.000398
0.000684
0.001751
0.000907
0.011979
0.004469
0.011528
0.000482
2.4e-05
0.000314
0.0031
0.000108
0.000206
0.013234
0.000175
1.3e-05
4.6e-05
0.002332
0.014663
0.010028
0.005811
0.000356
0.001649
0.000738
0.001194
0.012728
0.000167
0.000153
0.001102
0.005999
0.001798
0.024684
0.00103
0.000494
0.00058
0.016392
0.005171
9.5e-05
0.000164
0.005322
0.003775
0.00823
0.004086
0.001213
0.027195
4.2e-05
0.002188
0.00035
0.001298
0.00367
0.00031
0.000254
0.005366
0.000108
0.00018
0.003635
0.008923
0.003304
0.006915
0.002221
0.000276
0.017104
0.000631
0.002066
0.000656
0.000341
0.000624
0.011835
2.8e-05
0.028107
0.000191
0.016324
3.1e-05
0.005035
2.3e-05
0.030388
0.003014
0.008147
0.006731
0.003592
8.7e-05
0.001887
5.3e-05
0.005216
0.001944
0.000496
0.000172
0.002764
0.002492
2e-05
6.9e-05
4.1e-05
0.027084
0.006574
0.027444
9.3e-05
0.000104
0.008294
0.000975
0.007372
0.001317
0.000185
9e-05
0.002345
0.001907
0.001592
0.003594
0.00111
0.00135
0.000399
0.005481
0.006957
0.00136
0.003262
0.000177
0.006322
0.000799
0.002097
0.005828
0.000187
0.010237
0.000245
0.000597
0.000183
0.002593
6.6e-05
0.003638
1.4e-05
0.000411
0.003115
0.00147
0.001143
0.000145
0.0022
0.002539
0.000782
7.7e-05
0.004713
0.001234
0.002707
3.6e-05
0.000144
0.000101
0.000197
0.000599
5.4e-05
0.004908
0.00251
0.00123
6.6e-05
0.000701
0.003124
0.033556
3.9e-05
0.004407
0.001494
0.001755
0.005352
4.1e-05
0.00129
0.001969
2.2e-05
5.8e-05
0.003549
0.000527
0.003166
0.001392
0.004941
0.011759
0.007213
0.044118
0.000695
0.011743
0.00673
0.009895
8.4e-05
0.000177
0.001508
0.002411
0.009482
0.012901
0.001405
0.000259
0.026376
0.00111
0.000901
0.003796
0.000426
0.004572
0.008611
0.001295
0.01266
0.01042
0.004006
0.000406
0.002184
0.002842
0.004908
2.2e-05
0.018353
0.00133
0.000463
0.02117
0.000405
0.003318
0.001611
6.2e-05
0.000109
8.9e-05
0.002756
0.000154
6.6e-05
0.000428
0.001465
0.000491
0.010577
0.002079
0.001919
0.000208
0.000106
0.005383
0.031862
0.000154
0.001486
0.002134
0.000405
0.002638
0.006067
0.000336
0.004954
0.004719
0.004016
0.000661
0.00102
0.000605
0.001041
0.000101
0.000742
0.019547
0.000204
0.012924
0.001429
0.005333
0.00733
5.7e-05
0.000149
0.000783
0.000139
0.005891
0.000883
0.00087
6.3e-05
0.004129
0.006679
0.000337
0.013067
0.000257
0.004623
0.000497
0.021722
0.006399
0.002533
0.003239
0.000233
0.009898
2.5e-05
0.002226
0.001444
0.003397
0.007423
0.005416
0.001792
0.002393
7.3e-05
0.001127
0.002335
0.009709
1e-05
0.002948
0.00145
0.002168
0.003342
0.012887
0.0011
0.011036
5e-05
0.003281
0.000761
0.00578
0.008001
0.004406
0.001183
0.001663
0.002752
0.0004
0.000438
0.001291
0.000254
0.002894
0.000888
0.011771
0.000682
0.000684
0.000331
0.001084
0.004067
0.003791
0.002195
0.000487
0.002706
0.000948
0.001179
0.003486
0.00463
0.001067
0.00758
0.001915
0.011647
0.000526
4.4e-05
0.010587
0.002741
0.000188
0.001504
0.000719
2.6e-05
8e-05
0.003431
0.013733
0.007617
0.003033
0.004318
0.001839
0.00119
0.004714
0.000574
0.011428
0.000114
0.000215
0.003086
0.002304
0.001697
3.5e-05
0.000136
0.000758
0.016799
0.004368
2.2e-05
0.000526
0.016036
0.006482
0.001139
0.001026
0.005452
0.001872
0.002297
0.00214
0.020903
0.003813
0.000811
0.000736
0.014444
0.000199
0.000202
0.032243
0.015838
0.000541
5.2e-05
0.000622
0.000437
6.1e-05
0.005428
0.001116
0.003682
0.001921
0.000861
0.002269
0.000682
0.009096
0.00032
0.000198
0.00331
0.003867
0.002257
0.001435
0.00434
0.00021
0.000616
0.002686
4.6e-05
0.012297
0.000489
0.003935
0.003156
0.020309
3.8e-05
0.000211
0.012153
0.032572
0.009009
0.01125
0.026302
0.003796
0.004495
0.000992
0.000823
0.000113
7.3e-05
1.6e-05
9.5e-05
0.011112
5e-05
2.4e-05
0.00083
0.001174
0.00682
0.000221
6e-06
0.000264
0.001643
0.011294
0.000646
0.001028
0.000908
0.008827
0.003263
0.00013
0.014303
0.000193
0.004372
0.005278
0.001612
0.001283
0.000996
0.000205
0.006828
0.002138
0.000615
0.000978
0.000132
0.002165
0.009269
0.002217
0.054839
0.000512
0.002482
0.00043
0.006431
0.00145
0.000564
0.002276
0.000544
0.000109
0.003786
0.00089
0.000314
0.005228
0.000491
0.000113
3.1e-05
2.6e-05
0.000232
0.002947
0.035039
0.013164
0.000396
0.001026
0.033967
0.001451
0.000499
0.0006
0.000272
0.000974
0.000107
3.2e-05
0.000918
0.012821
0.012094
0.000377
0.000181
0.000253
0.001215
0.000372
0.001647
0.006327
0.002895
0.000379
0.000659
0.000243
0.017175
0.053281
0.00031
7.6e-05
0.004079
0.010454
0.000638
0.002
0.001126
0.002852
0.019785
0.004707
0.000183
0.000712
0.000673
0.002184
0.001461
0.001127
0.000305
0.00493
0.001409
3.8e-05
2.3e-05
0.000179
0.014159
0.000576
2.9e-05
0.001476
0.008126
0.004091
0.00477
0.001566
0.000111
0.002236
0.000421
0.002821
0.002045
0.000505
0.003164
0.0188
0.000542
0.001005
0.000117
0.001334
4.3e-05
0.00024
0.002792
0.000129
0.000669
0.000542
0.000729
0.000166
0.003428
0.000843
0.002412
0.000801
0.001116
0.001649
0.008885
0.019694
0.002748
0.000318
0.008414
0.0024
0.003773
0.001331
0.000234
0.031205
0.000273
0.003032
0.001249
0.010376
0.00111
0.009139
0.000333
6.9e-05
0.013485
0.006478
0.000123
0.013169
0.004271
0.002424
0.000563
0.000776
0.003958
0.001363
0.004274
0.005033
0.006791
0.000505
0.000129
0.001197
0.002404
0.000875
0.003214
0.005817
0.023978
0.00269
0.000152
0.001311
0.010429
7.3e-05
0.001556
0.000623
0.002777
0.008807
0.001777
0.004222
0.000251
9.7e-05
0.000495
5.7e-05
2.3e-05
0.023384
0.002045
0.008155
0.002228
0.008664
0.00017
0.001969
0.004069
0.017675
6.3e-05
7.1e-05
0.01071
0.000364
0.028592
0.000891
0.003645
0.000206
0.000998
7.7e-05
0.03668
1.5e-05
0.001475
0.000589
0.015948
0.003515
0.000163
0.018259
0.004641
0.001891
0.000289
0.00137
0.001876
0.001078
0.001002
0.018703
0.00219
0.000656
0.003597
0.000543
0.012158
0.000211
3.2e-05
0.025908
0.004396
2e-05
0.000167
0.001007
0.013518
0.00061
0.004674
0.028797
0.000305
0.000134
0.011762
0.000263
0.000344
5e-05
0.006291
0.000427
0.000509
5.6e-05
0.002043
5.5e-05
0.000151
0.000251
0.005449
0.00026
0.000159
0.000548
0.000176
0.008174
0.004017
0.000356
0.003266
0.000505
0.00342
9.2e-05
0.001709
5.8e-05
0.000431
0.000202
0.002863
0.001142
0.01308
0.00528
0.021021
4.8e-05
0.000147
0.000166
0.015044
0.023848
0.000196
4.7e-05
0.005835
0.000189
0.002524
0.002367
0.000367
0.003009
6.7e-05
0.002092
0.008802
0.000178
0.001483
0.01336
0.000121
0.000837
0.023024
5.1e-05
0.0006
0.001466
0.027199
0.000918
0.002276
0.000255
6.3e-05
0.024824
0.00336
0.014631
0.001724
0.001566
0.004149
6.2e-05
0.002209
0.003754
0.001961
0.000508
0.003122
0.000822
0.002503
0.003836
5.3e-05
0.002783
0.001202
0.000102
0.000212
0.002487
0.00026
0.004071
0.016071
0.001586
0.0001
3.2e-05
0.027977
0.000354
0.001809
7.7e-05
0.000221
0.002518
0.000101
0.004461
0.014634
4.1e-05
0.006097
0.000412
0.002369
0.000277
0.000115
5.4e-05
0.000617
0.001219
0.001125
0.00027
3.5e-05
0.003701
0.003108
0.021923
0.001564
0.008436
0.002011
0.000274
0.029153
0.001469
0.000844
0.019108
0.000759
0.000172
0.02208
0.001628
0.001252
0.002909
0.009713
0.026559
0.001025
4.2e-05
0.007457
0.001746
0.000107
0.005396
0.002877
3e-05
0.023565
0.000256
0.000532
0.004013
0.001284
4.1e-05
0.001347
2.3e-05
0.000208
0.000759
0.000634
0.000836
0.003784
0.00076
6.9e-05
0.000401
0.000793
3.5e-05
0.012784
0.012252
0.000101
0.006262
0.007477
0.004721
9.5e-05
0.000204
3.5e-05
0.009183
0.000194
0.001117
0.005531
0.003013
0.018962
0.00665
0.001595
0.000137
3e-05
0.000427
7.5e-05
0.003583
0.000708
0.000131
0.000212
0.00037
0.002725
0.001446
0.007425
0.003448
0.007417
5.2e-05
0.00558
0.000754
0.001773
0.000457
0.003274
8.2e-05
0.002967
0.001438
0.006602
0.019849
7.9e-05
0.009287
6.4e-05
0.001983
0.00345
0.000235
0.00016
0.005988
0.002657
0.000251
0.002341
0.002839
0.002136
0.002969
0.00084
0.000722
0.006767
0.015414
0.002405
0.015237
0.00094
0.006707
2.9e-05
0.000445
0.000506
0.000584
0.000144
0.012148
0.000982
4.2e-05
0.008225
0.000418
6.5e-05
0.00057
0.000395
5.7e-05
0.032478
0.002137
0.000105
4.4e-05
0.003405
0.006633
9.7e-05
0.000533
0.015435
0.013297
0.003465
0.001572
8.8e-05
3e-05
3.8e-05
7.8e-05
0.045569
0.00355
0.000911
0.001795
0.012749
0.006149
0.000558
0.012648
0.000108
0.007287
0.000404
0.003676
0.002759
0.000446
0.029198
0.018569
0.000146
0.000262
0.001694
0.001853
0.013836
0.000258
7.6e-05
0.000438
0.00877
0.000515
0.015006
0.000492
0.009242
0.001264
0.031519
0.006753
0.001279
0.000153
1.5e-05
5.7e-05
0.002815
0.004368
0.005675
0.003665
0.001308
0.000155
0.005947
0.00449
0.024979
0.002779
0.017356
0.000819
0.001313
0.000234
0.012201
0.000124
0.000835
0.000354
3.6e-05
0.000274
0.002377
0.002865
0.001853
0.028445
0.000445
0.003883
0.006454
0.006225
0.016475
0.001084
0.018611
0.000105
0.00426
0.008424
0.00144
0.019861
7.5e-05
0.008109
3.7e-05
0.001099
0.003397
0.004165
0.014039
0.016889
0.005614
0.000691
0.007379
0.015246
0.002993
0.013122
0.000388
0.008233
0.006939
0.006717
0.003141
0.000147
0.020114
7.9e-05
0.010405
0.001918
4.4e-05
0.001857
0.001031
0.000357
6.2e-05
0.015293
6.2e-05
0.000595
0.01812
0.004907
0.003284
0.000131
0.000103
0.000109
0.002094
0.022186
0.000731
5.5e-05
0.000251
0.002122
0.000535
0.00773
0.000349
0.001595
0.02098
3.9e-05
0.009888
0.001965
0.013631
0.001888
0.00016
0.000883
0.016273
0.000295
0.000142
0.006187
0.002355
0.007136
5.9e-05
0.000493
0.001152
0.000461
0.000941
9e-05
0.003005
0.014675
0.000342
0.007694
0.001478
0.000614
0.004951
0.000564
0.008424
0.000531
0.003393
0.000319
0.000136
0.000425
0.001479
6.3e-05
0.000232
0.002915
0.000225
0.001681
0.00014
0.002196
0.003663
0.002953
0.002274
0.002604
0.001172
0.000399
0.019122
2.7e-05
0.00214
0.00037
2.4e-05
0.003904
0.001464
0.000204
0.00025
1.3e-05
0.000576
0.000509
0.000716
0.000138
0.002802
0.0114
2.8e-05
9.1e-05
7.2e-05
6.2e-05
7.3e-05
0.004008
0.003876
0.002655
0.001135
0.000114
0.000182
0.001629
0.003284
0.000277
0.000853
0.010789
0.001649
0.008532
0.004221
0.012229
0.004546
0.000117
8e-06
0.000163
0.000159
0.003217
0.001008
0.000616
0.001276
0.001203
0.008125
3.8e-05
0.005012
0.0001
1.6e-05
2.7e-05
0.002973
0.00201
0.002213
0.000124
0.001221
0.02154
0.000277
8.6e-05
0.001031
0.002014
0.028174
0.015342
0.000754
0.00105
0.02944
0.00319
0.008292
3.9e-05
0.00801
0.008793
0.003438
0.04909
0.00335
0.000404
0.000137
0.001713
0.000137
0.011756
0.012377
0.001559
0.004729
0.000397
0.006162
0.017993
0.001258
9.1e-05
0.000642
0.003015
0.001266
0.006694
0.00622
0.006306
0.000829
0.004944
0.001857
0.001777
0.003737
0.027394
0.0113
0.0002
0.001409
2.4e-05
0.000787
0.000873
0.000955
0.000475
0.004623
0.000608
0.004341
0.008106
0.000133
0.003336
0.01283
0.018534
7.3e-05
0.000532
0.000431
2.6e-05
0.02752
0.000299
0.000159
0.001663
0.000135
0.003577
0.000389
0.000934
0.000439
0.004498
9.8e-05
0.003168
0.002239
0.010065
0.077212
0.000145
0.013622
0.000969
0.001067
0.006944
0.004213
0.00019
0.000264
0.000314
0.000953
0.000783
0.000625
0.00019
0.000466
0.000208
0.003819
0.007242
0.002881
0.000864
0.021355
0.000104
0.002129
0.015953
0.008839
0.000156
0.001739
0.000779
0.002314
0.000112
0.003717
0.008147
0.000122
0.003955
0.008035
0.013346
0.000292
3.9e-05
0.000101
0.00059
0.00288
3.6e-05
3e-05
0.000126
0.002205
4.9e-05
0.014697
0.000451
0.002901
0.002056
0.000116
0.000333
0.000199
0.011278
0.000206
0.000176
0.006027
0.001263
7.4e-05
0.004426
0.019421
0.00149
4.6e-05
0.003291
0.001734
0.016159
0.000712
3.2e-05
0.000604
0.005042
0.004566
0.002968
0.000894
0.002736
0.001088
0.000529
0.029199
0.013741
0.002963
0.008581
0.002229
0.000911
0.00868
0.0009
0.000828
0.000903
0.00081
0.000229
0.001227
0.011637
0.014419
0.003354
0.000338
0.000645
8.2e-05
0.003339
0.000392
0.00108
0.004202
0.000692
0.02234
0.001719
0.019294
0.000294
0.000235
0.003502
0.00126
0.000146
0.000536
0.019051
0.001024
0.040829
0.001464
0.000319
0.004325
0.006413
0.001416
4.7e-05
0.000487
0.004604
0.014104
0.000623
0.00021
0.001345
0.001397
0.016297
0.001049
0.000613
0.005885
1.5e-05
0.001154
0.002107
0.000462
0.011164
0.00109
0.005813
0.000719
0.003591
0.000961
0.004957
0.00141
0.001659
0.011953
0.001467
0.006483
9.2e-05
0.02691
0.004806
1.6e-05
0.026
0.007147
0.001928
0.00031
0.00235
0.031828
0.000869
0.006456
5.4e-05
0.00901
8.8e-05
0.001763
0.021109
0.017191
0.007761
0.000251
0.000206
0.005395
0.007018
0.002612
0.000242
0.005464
0.002851
0.001319
0.001808
0.000196
0.010933
0.010223
0.004732
0.001838
0.001962
2.6e-05
0.00757
2e-05
0.002954
6.9e-05
0.000343
0.000165
0.000851
0.000382
0.008148
0.013683
8.5e-05
0.004007
0.003281
0.002161
0.001705
0.000148
0.002269
0.027069
0.009188
0.002682
0.000155
0.00069
0.000424
9.4e-05
0.012551
7.6e-05
0.001038
0.000405
0.000161
0.013554
0.004377
7.6e-05
0.001101
0.003639
8.6e-05
0.002159
0.004682
0.000817
0.001918
0.000849
0.017907
0.003643
0.000109
0.002824
0.004331
0.000539
0.000138
0.000472
0.000157
0.000271
0.030089
2.4e-05
0.00039
0.000468
0.000885
0.000788
0.018231
0.000124
4.2e-05
0.047359
0.004573
0.004963
0.005791
0.002938
0.000124
9.3e-05
0.000821
3.4e-05
0.03943
0.000186
0.000153
0.000615
0.000449
4.6e-05
0.012016
0.002087
0.000337
0.002805
0.000694
0.000528
0.000908
0.008521
0.001294
0.002133
0.008276
0.000346
0.012673
0.041745
0.013033
0.012286
8.9e-05
0.001436
0.000331
4.8e-05
0.017972
0.014335
0.000807
2.2e-05
0.010864
0.003919
0.000143
0.001414
0.018483
0.000674
0.000711
0.000367
0.0001
0.000381
0.000433
0.001313
0.000267
0.000485
0.000838
0.008622
0.006385
0.00015
8.7e-05
0.001905
0.011619
6.7e-05
0.010804
0.000635
0.000471
0.003311
0.004682
0.019632
0.000243
8.4e-05
0.045337
0.00025
0.013507
6.8e-05
0.001427
0.009498
0.000143
0.002413
0.000401
1.4e-05
0.000916
7e-06
0.002976
0.002549
0.00939
0.003398
0.009599
0.000422
0.009412
0.000471
0.001645
0.01239
0.000569
0.000123
0.005933
9.2e-05
0.011929
0.000213
0.001177
0.005416
0.000132
0.006432
0.001607
6.8e-05
0.000288
0.000416
0.009084
0.005453
0.00935
0.000149
0.001315
0.004668
0.00746
0.000678
0.004102
0.009113
0.000383
0.002919
0.000211
0.000227
0.000132
0.000223
0.007399
0.021745
0.000342
0.018191
0.000832
0.014286
0.001919
6.9e-05
0.000475
1.6e-05
0.002835
0.0001
0.001321
0.000158
0.008309
4.8e-05
0.003078
0.000283
0.010872
0.002862
0.009135
0.013965
0.001449
0.001
0.001296
0.00256
0.001768
0.020045
0.002402
0.000887
0.00017
0.001801
0.000288
0.002676
1.1e-05
0.006054
0.000123
0.021723
0.000502
0.024221
4.4e-05
0.014184
0.000817
0.001018
0.010008
6.3e-05
0.006026
0.003271
0.003836
0.001174
0.001281
0.001452
0.003666
0.000884
0.000912
0.000358
0.000114
7.2e-05
0.00559
0.001971
0.013273
0.0002
0.013457
0.003835
0.027815
0.004642
0.001005
0.001341
0.00076
0.001174
0.000732
0.000748
7.4e-05
0.001029
0.031139
0.004613
2.7e-05
0.007312
0.007256
0.013205
0.003306
0.007737
0.000229
3.6e-05
0.000274
0.000858
0.02976
0.003629
0.000967
0.002418
0.019224
2.4e-05
0.001459
0.000112
0.00149
0.000677
0.000422
0.000199
0.001087
0.000464
0.005166
0.000754
0.003194
0.003265
0.00038
0.000204
6.3e-05
0.001025
0.009165
0.000502
0.006638
0.003852
4.9e-05
0.003872
0.001493
0.002096
0.001294
0.004616
0.011221
0.000429
0.000916
0.007653
0.000464
0.00061
1.6e-05
0.000224
0.011302
0.006939
0.019728
0.003905
0.020306
0.000131
0.004427
0.005748
0.007451
0.013491
0.006691
1.4e-05
0.002538
0.003775
0.008525
0.00849
0.001621
0.007737
0.01102
0.005901
0.000158
0.000221
2.5e-05
0.01267
0.048452
0.000283
0.000354
0.004119
0.000809
0.000178
0.027152
0.000403
0.001326
0.000363
0.000119
0.002895
0.004242
0.001838
0.000346
0.000122
0.000321
0.016083
0.006157
9.8e-05
0.000619
0.005486
0.005017
1.2e-05
0.008845
0.01469
1.2e-05
0.018965
0.00024
0.001411
0.004823
0.001143
0.004446
0.002392
0.000499
0.00322
0.015388
0.003231
0.003635
0.000103
0.003462
0.000335
0.008094
0.00541
2.3e-05
0.003015
0.000206
0.00115
0.007944
0.00892
0.006861
0.001263
0.000452
0.005006
0.00928
0.002198
0.017728
7.4e-05
0.00989
0.000791
0.011263
0.000191
3.2e-05
2.1e-05
0.000234
0.000254
0.003445
0.018374
0.000989
0.007572
0.000876
0.000194
0.007606
0.000229
0.000575
0.005688
0.013983
0.001686
0.000338
0.000112
0.000308
0.001166
0.005889
0.00131
2.7e-05
0.000234
0.001796
0.000436
3.1e-05
0.006707
0.003419
0.018249
0.00029
9e-06
0.015899
0.006992
0.001762
8.6e-05
0.000114
0.000179
0.007174
0.000877
0.009699
0.017705
0.000605
0.014321
0.001689
0.001198
3.7e-05
0.000145
3.4e-05
0.000701
0.001084
0.003275
0.000595
0.010997
0.002129
0.011608
0.00252
0.00775
0.000347
0.006327
0.000411
0.000136
0.002202
0.007789
0.004583
5.8e-05
0.002189
0.002655
5.5e-05
0.001
0.011857
0.006292
0.000441
0.006036
0.006697
0.003711
0.020729
0.005673
0.000202
0.004341
0.002814
0.006432
0.007882
0.000251
0.006509
0.0031
0.010571
0.001184
0.005777
0.001263
0.002398
0.013805
0.000213
0.001242
4.1e-05
0.003318
0.00525
0.01676
0.001745
4.9e-05
4e-05
0.027745
0.001719
0.009619
4.8e-05
0.00117
0.009955
0.012485
0.001178
4.8e-05
0.000495
0.00171
0.014047
0.000158
3.9e-05
0.000559
0.00033
0.000775
0.000225
0.002243
8.9e-05
0.004165
0.006537
0.001997
0.002617
0.000717
0.000971
0.001551
0.002628
0.004074
4.9e-05
0.000745
0.000313
0.030257
0.020878
3.2e-05
0.00599
0.000803
0.000122
0.005238
0.000202
0.004667
6e-05
0.021126
0.001207
0.000566
0.005943
0.003909
0.001598
0.000448
3.9e-05
0.000247
6.2e-05
0.000147
0.007556
7.4e-05
0.001693
0.000812
0.005756
0.00548
0.008478
0.003615
0.000336
0.00267
0.001787
0.003176
0.016279
0.001398
0.003625
4.9e-05
0.000324
0.001198
0.000239
5.5e-05
2.8e-05
0.008541
0.008888
0.000227
0.013572
0.015449
0.017107
0.001096
3.8e-05
0.000385
0.000112
0.001325
0.000134
0.002031
0.000128
0.012458
5.5e-05
0.012017
0.000416
0.003104
0.004961
0.002361
1.3e-05
0.000954
0.002851
0.02789
0.007623
0.002543
0.000199
0.009057
0.000125
2.6e-05
0.00315
0.001581
0.000154
5.1e-05
0.000487
0.022955
0.000271
0.001388
0.000277
0.005351
0.000132
0.009342
0.000836
0.004525
0.02378
0.012441
0.002594
6.2e-05
5.6e-05
0.000886
0.011937
0.005349
0.00036
0.006981
0.000956
0.001907
0.005314
0.000186
0.000885
2.2e-05
0.000382
0.028504
0.000187
0.002674
0.002835
0.000327
0.008106
0.002707
0.000915
4.7e-05
0.004046
0.000218
0.004337
2.5e-05
0.000106
1.7e-05
0.002275
0.00018
0.000111
5.2e-05
0.012192
0.007833
0.012382
5.9e-05
0.000514
0.003649
0.001284
0.0134
8.5e-05
8.3e-05
0.002877
0.006207
6.8e-05
0.000181
0.000479
0.000313
0.001371
0.000116
0.002135
0.000176
8.4e-05
0.000278
0.005811
4e-05
0.035238
0.013276
5.5e-05
0.000215
0.006659
0.014937
0.017962
0.001481
0.003623
0.000527
0.000173
0.002583
0.000542
0.003667
1.3e-05
0.004793
0.013316
0.002793
0.000925
0.000802
0.000378
4.6e-05
0.00026
0.005788
0.006306
0.022738
0.003068
0.001317
0.001309
0.004021
0.006768
0.011023
0.001404
3.1e-05
0.000376
5.7e-05
0.00238
3.5e-05
0.001623
0.000261
0.010722
0.000338
0.009653
0.011282
3.3e-05
0.00047
0.003311
0.000152
0.00042
0.001117
4.3e-05
0.008067
0.019095
0.000194
0.001982
0.002803
0.002337
1.7e-05
0.001137
0.001787
0.000745
0.026193
0.000577
0.00024
0.007508
0.000125
0.002479
5.8e-05
0.000795
0.004052
0.000204
0.002435
0.000191
0.000364
0.009394
0.012709
0.002256
0.001717
0.007872
6.5e-05
0.000302
0.000197
0.000339
0.002057
0.002007
0.031579
0.001724
0.000697
0.000167
0.004539
0.002315
0.002064
0.00066
0.00254
0.002837
0.00036
0.011616
0.00633
0.00105
0.000602
0.014936
0.002894
5.4e-05
0.000943
0.001121
0.005328
0.001172
0.000404
0.004775
0.000451
0.001012
0.003805
0.004153
0.000324
0.001342
0.00211
0.000814
7.2e-05
0.000462
0.002591
0.013648
0.001359
0.031865
0.000302
3.2e-05
0.000739
0.00181
0.000196
0.005562
0.000251
0.000382
0.000651
5.4e-05
0.004772
1.4e-05
0.011361
3.1e-05
0.003912
0.000633
0.004783
0.004048
0.018467
0.006471
0.001096
0.005317
0.015399
0.000362
0.001167
0.000392
0.000133
0.000656
0.00218
0.003463
0.002709
0.000587
0.005332
6e-05
0.001579
0.005468
0.00028
0.000572
0.000367
0.002289
0.004584
0.020258
5.4e-05
0.008949
0.000285
0.00462
9.7e-05
4.2e-05
0.000138
0.000401
0.024322
0.003472
0.003398
0.020074
4.3e-05
0.015384
0.001043
0.001239
0.000429
0.003121
0.029811
4.8e-05
0.006567
0.001499
9.4e-05
0.004054
0.000363
0.000804
0.004406
3.6e-05
0.000387
0.000283
0.00843
0.001937
0.008244
0.002729
0.006969
0.000508
9.1e-05
0.048803
0.00614
0.001064
0.000455
0.000186
0.000143
0.007341
0.000186
5.1e-05
3e-05
0.000812
0.00363
0.010667
2.8e-05
0.000474
0.002688
0.00779
0.031644
3.2e-05
0.000603
0.014622
0.000365
0.000973
0.000176
0.002452
0.000159
0.004244
0.003277
0.003239
0.015044
0.003694
0.003625
0.002896
0.000378
0.002324
0.0029
0.028699
0.010949
0.025785
0.028083
4.5e-05
6.7e-05
0.005909
0.000134
0.004423
0.002785
2.9e-05
0.001949
0.00738
0.023854
0.000915
0.030773
0.000586
5.3e-05
0.000586
0.015154
7e-05
0.009441
0.003795
7.4e-05
0.016095
0.000446
0.000409
0.001988
0.003254
0.004882
0.004891
3.2e-05
0.000288
0.010579
5e-05
2.8e-05
0.000966
0.003138
0.000403
0.000103
5.5e-05
0.042535
0.005382
0.000261
4.7e-05
0.0002
0.000143
0.000156
0.021372
0.000269
0.000493
0.001844
0.000461
0.000376
0.000505
0.010266
0.000284
0.001298
0.000156
0.006595
0.001128
0.001935
0.002897
0.013425
8.8e-05
0.003181
0.000147
0.015529
0.000476
0.009908
3.9e-05
3e-05
0.001352
0.005264
0.000541
0.005
0.002101
0.000318
0.000861
0.003686
0.000586
0.000933
0.026293
0.002624
0.000376
0.000709
0.014189
0.038023
0.000357
0.009813
0.010117
3.9e-05
0.010384
0.010865
0.00826
0.002603
0.002689
0.003636
0.002042
0.000208
0.000219
0.000252
0.000786
0.007854
0.000109
0.019598
0.001884
1.3e-05
0.000137
0.00031
0.006191
0.000356
0.016738
0.001228
0.000108
4.9e-05
0.004757
0.000241
0.001124
0.001903
0.002786
0.020013
0.000109
0.002373
0.011014
0.001724
6.5e-05
0.001641
0.004729
0.000442
0.004615
0.00043
0.018779
0.000311
0.000538
0.000534
0.000247
0.000281
0.000105
0.000868
0.00016
0.002519
0.00073
0.008955
0.006497
0.010476
5.6e-05
0.047842
0.00377
0.012998
0.002348
0.000925
1.6e-05
0.040337
0.001383
0.015404
0.006164
0.024591
0.01814
0.000969
0.000363
3.1e-05
0.00159
4.1e-05
0.019621
9.8e-05
0.000109
0.015802
6.2e-05
0.026538
0.000159
0.017663
0.001905
0.013947
0.000939
0.000262
7.7e-05
0.011743
0.002174
0.00086
0.000271
0.003394
0.000474
1.6e-05
1.9e-05
0.003521
0.000112
0.001672
0.004094
0.00023
0.000381
4.1e-05
0.000443
0.000416
0.021499
0.000599
0.001857
0.004204
0.008272
0.000474
0.001018
0.000243
0.004615
0.013519
0.001505
0.00148
0.00064
0.00012
0.000942
0.005954
0.004059
0.000181
0.004621
3.2e-05
0.019294
0.006466
0.000658
0.002171
1.2e-05
0.00089
0.000415
0.011851
0.00144
0.000253
0.007481
0.001299
0.003285
0.001055
0.013007
0.010297
0.012394
7.6e-05
0.001266
0.000164
0.000162
0.001154
0.001224
0.033297
0.012542
0.029587
0.002254
0.01034
7.3e-05
0.003495
0.000446
0.000268
0.014863
6.4e-05
0.000565
0.000824
0.00198
0.00195
0.001195
0.023982
0.000291
0.000199
0.000237
0.006437
0.037933
0.000296
0.009345
0.000822
0.011041
0.000297
0.006695
0.001296
0.002472
0.005093
0.007578
0.00232
0.000107
0.001408
0.001869
0.002719
0.002407
0.004609
0.000281
0.000166
0.008992
0.003398
0.026146
0.00018
0.003738
0.003103
0.001023
0.015213
0.010381
1.9e-05
0.00154
0.001435
0.001555
0.001787
0.000515
0.003567
0.00012
0.013755
0.000324
0.012435
0.001867
0.026519
0.000817
1.2e-05
0.004669
0.002987
0.002042
0.000108
7.7e-05
0.031719
0.0001
0.018852
6.1e-05
0.007051
0.000147
0.005632
0.000669
0.017917
0.013328
0.010574
0.003366
0.016486
0.000122
0.000197
0.000539
0.004547
0.003141
0.000304
0.000627
2.8e-05
0.018874
0.002845
0.002498
0.003654
0.005193
3.4e-05
0.000146
0.000818
0.001211
0.006757
3.7e-05
0.016896
0.006494
3.2e-05
0.008322
0.000528
0.00196
0.000133
0.000364
0.00075
7.8e-05
0.000368
9e-05
0.000439
0.003824
0.001031
0.000816
3.6e-05
0.014735
0.001612
0.001785
0.002454
0.001471
9.8e-05
6.3e-05
0.000551
0.001287
0.002574
0.003599
0.001784
0.0303
0.000378
0.00066
9.9e-05
0.000215
0.011999
0.016444
0.011323
0.004868
7.4e-05
2.4e-05
0.005264
7.8e-05
8.7e-05
0.000821
0.000488
0.005195
0.000123
0.000212
4.3e-05
0.016293
8.5e-05
0.000119
0.001099
0.009182
0.000121
0.002392
0.012393
0.00098
0.001262
2.3e-05
0.00159
0.025236
0.003721
0.000177
0.008492
0.000394
0.00171
0.000391
0.003655
0.000148
0.000265
0.018468
0.003807
7.5e-05
0.001754
0.002806
0.018531
0.000732
0.00111
0.010651
0.009301
0.001101
0.000296
0.000729
3.4e-05
0.005306
0.008419
0.007713
0.000458
2.2e-05
0.001215
0.001773
0.003383
0.00099
0.00114
0.001047
0.009457
0.001072
0.001908
0.002016
0.011489
4e-05
0.010701
0.003873
0.000124
0.003314
0.000133
6.1e-05
0.003683
0.002127
0.000418
0.00038
0.000134
0.000933
2.8e-05
4.5e-05
0.00025
8.8e-05
7.8e-05
0.006126
0.001272
0.000369
0.011739
0.004919
1.6e-05
0.004945
0.000727
0.005195
0.002886
0.000795
0.000712
0.020565
0.022573
0.008983
0.01032
0.007552
0.006515
0.00989
0.000336
0.000178
6.2e-05
0.001701
0.01994
0.00862
0.001282
0.004052
0.002413
0.003515
0.00464
0.002142
0.001765
0.002354
0.000162
0.000622
0.007967
0.002921
0.005338
0.000475
0.009879
0.003312
0.001784
0.000385
0.003333
0.000133
0.000738
0.00501
0.00035
0.009543
0.021341
0.004779
0.001157
0.007974
0.003521
0.015105
0.000218
0.00027
0.003706
0.018793
0.000654
6.6e-05
0.000319
0.002166
0.000521
0.000588
3.9e-05
0.002102
0.004678
0.0048
4.6e-05
0.006517
0.027717
0.000109
0.001304
0.000455
0.003136
0.015627
0.025312
0.000106
0.000856
0.004974
0.000738
0.002653
0.006863
0.000935
0.000478
0.001898
0.002758
0.014419
0.002409
0.000729
0.008159
0.002182
0.002226
0.002339
0.015046
0.00051
0.007022
0.002052
0.002794
0.003443
0.004209
0.001109
0.002064
0.002833
0.002702
0.000102
0.000368
7.4e-05
0.000175
0.000123
0.000201
1.6e-05
0.014002
0.001905
0.006287
0.01027
0.000829
0.001254
0.007955
0.000722
0.000916
0.000746
0.013808
0.002167
0.030416
0.011526
1.7e-05
0.001341
0.000108
0.010828
0.005071
0.000539
0.000221
0.000451
0.013564
0.00138
0.002748
0.000148
0.000108
0.001118
0.0096
0.004482
0.018711
0.000737
7.9e-05
0.002361
4.5e-05
0.007264
0.002056
2.2e-05
0.000547
0.001069
0.00111
0.004152
0.000454
0.007646
0.003027
0.000101
0.000496
0.014484
0.000117
0.006158
0.002998
0.000217
0.002973
0.000782
9.6e-05
0.000315
0.00346
0.001318
0.010322
0.000199
0.003698
0.002524
0.000612
0.006599
7.6e-05
0.007977
0.004413
3.6e-05
0.002371
0.014097
0.000229
0.004416
0.022298
0.001033
0.000141
0.000212
0.000348
0.000145
3.4e-05
0.00473
0.00374
1.8e-05
0.00186
5.4e-05
0.004857
0.001714
0.001016
0.000172
0.000141
0.003276
0.007947
0.004759
0.000162
0.000642
2.1e-05
0.002171
0.012848
0.001717
0.015607
0.035279
0.00641
0.025056
0.000771
0.002231
0.002588
0.007603
0.000735
0.022988
0.050934
0.004439
0.000962
0.000292
0.000358
0.00029
0.000332
0.003139
3.9e-05
0.00177
3.8e-05
0.005266
1.5e-05
0.012995
0.01305
0.009348
0.000527
5.9e-05
0.000826
0.007932
0.001316
0.008596
0.018067
0.002471
0.002057
5.7e-05
0.002126
0.000189
0.004405
0.000135
0.00902
0.011072
0.000835
0.006093
9.5e-05
0.001884
0.000484
0.000127
0.002621
0.002591
0.00321
0.000494
0.000145
0.003702
0.010136
0.023927
0.000938
0.003398
0.005045
8.9e-05
0.000113
0.000886
0.024029
0.000331
0.000104
4.8e-05
0.001494
7.2e-05
0.000404
0.008311
0.004318
0.015842
0.001158
0.009707
0.000952
0.000184
0.002589
0.000474
0.0008
0.019696
0.001312
0.001456
9.9e-05
0.000504
0.000974
0.005402
0.000303
0.000276
0.004002
0.004483
0.005531
0.010481
0.007364
0.033655
0.02583
0.000887
0.013941
0.014375
0.000347
0.0386
0.003566
0.006055
0.003547
0.000692
0.000621
0.001464
0.001664
0.001812
0.009596
7.6e-05
0.009575
0.000762
0.036481
0.000205
0.000221
7e-05
0.000942
0.011817
0.003363
0.000346
0.002146
6.8e-05
0.002529
0.005852
0.005828
0.001904
0.030047
0.000264
4.1e-05
0.000693
0.006762
0.002863
0.000486
0.013487
0.005358
0.001664
0.000558
0.029816
0.003748
0.000477
0.002274
0.000113
0.020725
0.00392
0.002822
0.00221
0.000108
0.002776
0.001072
0.000875
0.000583
5.4e-05
0.000489
0.002037
0.008541
0.003631
0.000898
0.000541
0.0128
0.003613
0.001081
0.009553
0.007788
0.002693
0.000159
0.004413
0.001924
0.004351
0.002316
0.006752
9.2e-05
0.004157
0.001907
0.000398
0.005468
0.000375
6.3e-05
0.000409
0.004538
6.7e-05
0.000169
0.002883
0.000177
0.001987
0.018842
0.00149
0.001763
2.6e-05
0.005146
0.000142
0.001196
0.002687
0.000131
0.001123
0.004149
0.028573
5.1e-05
0.004328
0.001697
0.000992
0.004737
0.006997
0.002094
0.000672
0.001179
0.000196
0.015133
0.0266
5.2e-05
3.1e-05
0.003857
0.01419
0.000499
0.019315
6.6e-05
9.9e-05
0.00888
0.003199
0.000343
0.027466
0.019166
0.000291
4.5e-05
0.000237
8e-05
0.000562
0.007987
0.001912
0.008473
0.000571
0.000108
0.001546
0.002046
0.002408
0.010659
0.006695
0.005138
0.011527
6.3e-05
0.000249
0.012515
0.000375
0.003837
0.000198
0.011181
0.000411
0.000945
0.055925
0.000299
0.000102
0.000452
0.005468
0.00378
0.000129
0.030559
0.051752
0.003829
0.006508
0.005204
0.000716
0.001255
0.002022
0.00086
0.004693
0.006516
0.003891
0.001083
6.8e-05
0.000195
0.000467
0.000567
0.002106
3.6e-05
0.011604
5.5e-05
0.000331
0.003355
9.7e-05
0.000845
0.000124
0.003414
0.002399
0.000225
0.003682
0.004645
0.019526
0.000531
0.004882
0.015635
0.001066
0.000402
0.000422
0.016069
0.009954
0.000885
0.00125
0.000604
0.007283
0.004082
9.1e-05
0.001467
0.011719
0.000281
0.00079
0.000383
0.004142
0.000655
0.000137
0.000368
0.001314
0.000825
0.000693
0.013081
0.003973
0.014828
0.000482
0.006976
0.000641
0.000256
0.005711
9.6e-05
0.003715
0.000294
0.003065
0.003321
0.018426
0.000839
5e-05
0.013793
7.6e-05
6.2e-05
0.000387
0.000951
0.000388
3.1e-05
0.00199
0.00109
0.003002
2.5e-05
0.004448
3.1e-05
3.7e-05
0.005579
0.007412
0.001787
4e-05
0.003553
0.026425
0.000301
0.000701
0.003872
0.00688
0.012051
0.002125
0.001368
0.00032
0.000929
0.001734
0.000122
0.014351
0.002955
0.000713
0.007885
7.1e-05
0.004729
0.001967
0.009436
0.017706
0.031132
4.1e-05
0.001033
0.000976
0.013464
0.002705
0.000391
0.001284
0.000491
0.001561
9.4e-05
0.016382
0.000432
0.02705
1e-05
0.001019
0.000507
2.2e-05
0.000345
0.008919
0.000209
0.000357
8.6e-05
0.00223
0.046882
0.014937
0.006632
0.002375
0.000281
0.007234
0.000565
0.000703
2.8e-05
0.008185
0.003361
0.006988
0.001626
0.000876
8.4e-05
0.000284
0.001873
0.002071
0.020005
0.000712
0.003012
0.002427
0.00478
0.001234
0.000617
0.003796
0.013671
0.00044
5.5e-05
0.003002
5.5e-05
0.024504
0.000548
0.020326
0.000429
0.002886
0.001779
0.00251
0.018848
0.013722
0.015975
0.002121
0.00065
9.8e-05
0.006254
0.018937
0.00031
0.004851
0.005001
8.7e-05
0.000343
0.000257
1.5e-05
0.000392
0.000187
0.000125
0.000984
9.3e-05
4.9e-05
0.000654
0.001832
0.008972
0.000127
0.000429
0.000965
0.0008
0.002715
1.2e-05
0.000519
0.026097
2.2e-05
0.001353
8.2e-05
0.000433
0.00076
3e-05
0.001501
0.000228
0.000349
0.002668
0.000545
0.000118
0.000525
0.00094
0.022866
0.014734
0.000314
0.015995
0.00254
0.000945
0.000125
0.000431
0.000242
0.02011
0.004006
0.004775
0.000516
7.4e-05
0.000137
0.001265
0.000488
0.000279
0.000384
0.003271
0.000475
0.000799
0.022527
0.00311
0.006289
0.000277
0.003387
0.000196
0.002568
0.00038
0.023478
0.000236
0.000281
0.000432
0.010443
9e-05
0.000118
0.000518
0.038419
0.009154
0.001706
0.000693
0.004578
9.1e-05
0.000352
0.00716
0.000682
0.002385
0.000102
0.003943
5e-05
0.000237
0.002675
0.000704
4.8e-05
0.001331
0.002478
0.001688
0.002776
0.005436
0.000148
0.002445
0.002553
0.002285
0.038877
0.008211
7.7e-05
0.002217
0.006028
0.007926
0.006259
0.017407
0.003861
0.003244
0.000261
0.029665
0.012754
8.3e-05
0.021812
0.000679
0.000216
0.0036
0.000114
1.6e-05
0.003253
2e-05
0.001466
0.047966
0.00355
0.008763
0.003898
0.003204
0.00372
0.018391
0.011252
0.000234
0.000781
5.5e-05
0.00055
0.008082
0.003349
0.000222
0.000159
0.000332
0.00025
0.000139
0.027266
0.000843
0.000106
0.003497
0.001432
0.012487
0.000652
0.01564
0.010592
0.001329
0.000107
0.029878
0.000257
6.4e-05
0.001699
0.004352
0.000722
0.000488
0.000167
0.019628
0.000101
0.002725
0.002096
0.006018
0.005202
0.000434
0.040674
0.001245
0.000765
0.000259
0.000421
0.001726
0.001008
0.000533
0.002165
0.000509
0.002358
9.3e-05
0.000127
7.3e-05
0.000211
0.007065
0.00047
0.000276
0.002169
8.8e-05
0.001504
0.00011
7.9e-05
0.000853
0.022535
0.016051
0.002367
0.012862
0.014269
1.6e-05
0.000334
0.000117
0.012622
0.000272
0.001824
0.003222
0.017253
0.027477
0.024577
0.000873
0.009056
0.000608
0.004902
8.6e-05
0.014117
8.1e-05
0.004747
0.013484
0.000266
0.01345
0.003881
0.022198
0.00091
0.000504
0.000425
3.1e-05
3.4e-05
0.009544
0.007554
0.005685
0.000619
0.024514
0.000535
0.000844
0.003562
0.001442
0.000559
0.001943
0.006756
0.022805
0.0004
0.000806
0.002649
3e-05
0.000553
7.1e-05
0.003436
8.5e-05
0.00602
4.3e-05
3.7e-05
0.000187
0.021917
0.001447
0.001268
0.000541
0.000132
8.1e-05
7.3e-05
0.004187
0.000276
8.4e-05
0.000687
0.001236
0.005323
0.000305
0.005162
0.003823
0.003385
0.002317
0.000814
5.2e-05
0.029251
0.000566
0.000282
0.001707
0.011391
0.012759
0.000227
0.001914
0.001838
0.001166
0.002598
0.003832
0.000184
0.000192
0.000366
0.000169
0.008819
0.000144
0.000355
4.7e-05
0.016453
0.000163
0.003979
0.002276
0.002036
0.010218
0.002236
5.4e-05
0.000813
2.6e-05
0.000519
0.000159
7.3e-05
0.012599
0.000482
6.6e-05
0.01175
0.004613
6.9e-05
0.013145
0.02165
0.000509
0.042742
0.007328
0.029343
0.000491
0.00047
0.008947
0.001536
0.007642
6.8e-05
0.028966
0.00037
0.00504
0.000165
0.010591
0.000112
0.003348
0.000533
2.6e-05
0.000229
6.1e-05
9.5e-05
2.3e-05
0.003036
0.000797
0.001526
0.000639
0.015719
0.003021
0.019942
0.008226
0.000462
0.000729
0.000134
0.005458
0.001438
0.000773
0.001438
0.00018
0.002336
0.005012
0.003591
0.007971
0.013375
0.000516
0.001208
0.063725
0.01702
0.00028
0.016401
0.005255
0.015606
0.005436
3.5e-05
0.00379
0.003209
3.8e-05
1.3e-05
0.003617
0.000281
8.8e-05
0.000768
0.008607
9.4e-05
0.024356
0.005728
0.00153
0.005357
0.000254
0.000278
0.008145
0.000571
0.000444
0.003299
0.005743
0.001457
0.00399
0.000645
0.000136
0.006977
0.001115
0.001079
0.011675
0.004485
0.000129
0.00552
0.005503
0.016959
0.000303
0.000787
0.000135
0.001076
0.002732
0.000798
6.4e-05
0.002259
0.008453
0.008998
0.002637
0.004368
0.018213
0.000217
2.8e-05
0.000581
0.002992
0.011908
0.00028
0.000119
0.001578
0.00028
3.6e-05
0.001808
0.001265
4.2e-05
0.001598
0.000818
9.7e-05
0.000535
0.00159
0.009903
0.002778
0.001999
0.013856
0.001883
0.001584
0.00039
0.001297
0.002801
1.2e-05
0.000557
0.002251
0.000728
0.003848
0.000365
0.000413
0.000146
0.004349
0.026566
0.013663
0.000168
0.000668
0.00066
0.000399
0.003872
0.000472
0.002511
0.003962
0.001347
0.003542
0.000784
0.008812
0.011162
0.008224
0.000462
0.000248
0.003713
0.008845
0.01154
0.006173
0.004419
0.000169
0.003568
0.000132
0.001275
0.000152
0.003191
0.016172
0.000114
0.013994
0.001377
0.000284
2.5e-05
0.003471
0.002507
0.000228
0.001189
0.00299
0.001214
0.018703
0.026006
9.3e-05
0.004109
0.000729
0.003929
0.00673
0.015923
0.018296
0.00818
0.007058
0.022008
0.000718
0.008228
0.00024
0.004697
0.000564
0.029861
0.000227
0.000226
0.000782
0.000968
0.000198
0.001078
0.000561
0.001837
0.003149
0.00067
0.001152
0.002166
0.00021
0.001614
0.000324
0.006234
0.012956
0.00022
0.001037
0.000172
0.000401
0.000106
0.002626
0.000159
8.3e-05
0.000447
0.001165
1.2e-05
0.004883
0.000211
0.009854
0.002257
0.000981
0.001151
0.001697
3.2e-05
0.000639
6.8e-05
4.6e-05
0.000519
0.001551
0.001403
0.022545
0.003023
0.004923
0.004527
0.002117
0.010413
0.001416
0.005211
0.000154
0.000393
0.000573
4.8e-05
0.014873
0.001432
0.00107
0.008022
4.3e-05
8.4e-05
0.001521
0.008228
0.001044
3.4e-05
0.012601
0.001796
0.000103
2.2e-05
0.000411
0.004706
0.00198
0.004018
0.001692
0.008521
0.011575
0.000638
0.007086
0.000977
0.004666
0.010407
0.000388
0.001239
0.000292
0.014347
0.000109
6.8e-05
0.012412
0.008696
0.006375
0.00074
0.000217
0.000312
0.000313
0.002485
0.000611
0.00245
0.018828
5.5e-05
8.5e-05
0.024477
0.003159
0.000117
0.013354
0.002279
0.006269
0.008339
0.000175
0.000362
0.012101
0.00117
0.002339
0.000127
0.001674
0.000636
7.4e-05
0.029493
0.000482
0.000637
0.001921
0.002799
8.7e-05
5.1e-05
5.4e-05
0.000807
0.003854
0.000133
0.008297
3.6e-05
0.000154
0.001233
0.000433
0.010878
0.000273
0.00021
0.006437
0.000903
0.001047
2.3e-05
0.000531
0.000907
0.000104
0.00041
3.3e-05
0.000375
0.00044
0.006854
0.002211
0.000285
1.8e-05
0.002211
0.000223
0.000794
0.008819
0.011813
0.03343
0.016602
0.001626
0.005474
0.000114
0.012428
4.3e-05
0.002023
2.3e-05
0.028256
4.4e-05
7e-06
0.005791
0.000349
0.001232
0.000156
0.002702
0.005029
0.000367
0.00651
0.000638
0.000536
0.001748
0.000547
0.004452
0.000909
0.000432
0.002277
0.03893
0.001291
0.000527
0.00014
0.001284
0.000307
0.000346
0.007354
0.004985
0.000379
0.001916
1.8e-05
0.004407
0.001587
0.00417
0.008912
0.000191
0.003049
0.017431
0.00387
0.000948
0.000979
0.011896
0.002529
0.002088
0.001626
0.000678
0.00047
0.006597
0.012338
0.000589
0.009436
0.000581
0.000392
0.007315
0.001817
0.013594
0.013595
6.9e-05
0.000358
0.000947
0.000897
0.000119
0.00256
0.000223
0.002348
0.000991
0.003749
0.006431
0.002406
0.00078
0.00049
0.010196
0.000139
9.6e-05
0.002373
0.002059
0.012481
0.000348
0.014714
0.000891
0.001749
0.004771
0.002358
0.005022
0.002599
0.003824
0.003212
0.012408
0.017008
0.006287
0.002044
0.000395
0.0018
0.035959
0.000357
0.000441
0.000178
0.012034
1.5e-05
0.005047
0.001772
0.012054
0.001895
0.00477
0.013279
0.031972
0.000524
0.00344
0.003363
0.012685
0.000476
0.01439
0.000838
0.000674
0.003766
0.012629
0.003463
0.002497
0.016182
0.001527
0.000643
0.003346
0.000797
0.000223
2e-05
2.6e-05
4.9e-05
0.003706
0.000106
0.000344
0.000114
0.006481
0.00026
0.005676
0.000128
0.031557
0.000752
0.022391
0.000812
0.004867
0.003366
0.006236
0.01129
0.008846
0.000325
0.00921
0.006886
0.000753
0.000254
0.001273
0.000169
7.3e-05
0.006462
0.006243
0.000759
7e-05
0.000121
0.000719
0.002853
0.000677
0.009827
0.000335
9.7e-05
0.026277
0.001461
0.032005
3.8e-05
0.002637
0.003426
0.021769
0.000265
0.000217
0.000226
0.001519
0.002496
0.00171
0.018207
0.007414
2.1e-05
0.000373
0.006368
6e-06
0.000791
0.013177
8.7e-05
0.023143
0.000238
0.001024
0.000499
0.004281
0.000158
0.001822
0.001405
0.000666
0.006817
0.00018
0.002198
5.2e-05
2.3e-05
0.002012
0.026512
0.003485
0.001453
0.003138
0.000628
0.00689
1.9e-05
9.2e-05
0.005004
0.005156
0.000863
0.001743
0.013397
0.002329
0.009152
0.002079
0.00051
0.000236
0.000217
0.005831
0.000419
0.001026
0.000109
3.6e-05
0.00037
0.003665
0.010873
0.000669
0.00365
0.004911
0.003894
0.002441
8.4e-05
0.005616
0.00189
0.000139
0.00769
0.011795
0.001911
0.003426
0.001918
0.017526
0.001202
0.001944
0.000289
0.007227
0.001719
0.000157
0.000345
0.02573
0.000214
0.003156
0.000247
0.00218
0.000146
0.001438
0.004085
0.000121
0.002588
0.011487
0.03434
0.00195
0.002228
0.000313
0.001578
0.000566
0.000335
0.013208
0.000383
0.000762
0.000162
0.006393
0.000391
2.6e-05
5.1e-05
0.000264
0.002151
0.000512
0.000327
3.8e-05
0.000202
0.000567
0.003657
0.000976
0.013234
0.001141
0.001045
0.003111
0.029579
0.019618
0.001942
0.003465
0.047017
5.9e-05
0.002282
2.2e-05
0.000184
0.000454
1.1e-05
0.000249
0.001725
0.01368
0.003579
0.016497
0.001902
0.001519
0.010239
0.001266
0.004309
0.001221
0.001956
0.000165
0.018168
0.000234
0.01317
0.030604
0.023077
0.000682
0.000376
0.01105
0.006231
0.000174
0.000353
0.000921
0.004142
9.5e-05
0.025432
0.001927
0.027014
0.000492
0.001033
0.004491
0.000278
5.8e-05
0.000172
8.9e-05
0.00227
0.000133
0.013198
0.001595
0.021141
0.000761
0.001917
0.000361
0.008642
1.1e-05
0.01066
0.002144
0.003182
0.002442
0.00026
0.011006
0.000363
0.002393
0.001446
0.001323
0.005527
0.000101
0.000108
0.007781
0.004396
0.00028
0.003607
0.000355
0.005169
0.000338
0.000165
0.016602
0.001861
0.009079
0.004976
0.007166
0.001947
0.002893
0.000157
0.001914
0.009758
0.007717
0.002281
0.00183
0.00475
0.001109
0.000288
0.007846
0.002401
0.009363
0.003666
0.004222
0.000153
0.002684
0.000546
6.8e-05
0.000574
0.00236
0.02628
0.001043
0.007092
0.003876
0.00031
0.004428
0.005697
0.00335
0.001201
0.000508
0.002679
0.000396
0.008417
0.001255
0.000784
0.016812
0.008193
0.001044
0.005002
0.001622
0.000123
0.004351
0.001296
0.008752
0.000817
0.003873
5.7e-05
0.009764
0.000135
0.003019
0.000237
0.007797
3.7e-05
0.001659
0.008868
0.001366
0.02514
0.000284
0.006385
3e-05
0.000176
0.00329
0.000204
5.3e-05
0.002913
0.007451
0.000235
0.018386
0.025047
0.001409
0.000359
0.000146
5e-05
0.006491
0.000247
0.001421
0.002988
0.000232
0.002458
0.001891
6.6e-05
0.004487
3.4e-05
0.000306
0.000279
0.00012
0.00474
0.000157
0.000851
0.002344
0.000419
0.004952
0.011081
0.001441
0.001967
0.00013
0.030088
3.1e-05
0.002572
0.015659
0.006373
0.011143
0.000215
4.8e-05
0.014703
0.000797
0.005383
0.000786
0.00333
0.003512
0.012706
0.003238
0.005766
0.000193
0.009762
0.000684
0.000614
0.000459
0.000933
0.001045
3.3e-05
7.2e-05
0.001555
0.013872
2.7e-05
0.000702
9.6e-05
5e-05
0.000978
0.001111
0.001227
0.001262
2.7e-05
0.000509
0.000105
0.005643
0.002214
0.000124
0.001756
0.000479
0.001131
0.001338
0.005627
0.00211
0.027111
9e-05
0.00063
0.000515
0.004156
2e-05
0.007138
0.002203
0.019538
0.029587
6e-05
0.017233
0.000498
0.001362
0.011402
3.7e-05
0.001745
0.018953
0.001995
0.010314
0.000873
5.7e-05
0.000155
0.022299
0.000599
0.009649
0.000147
0.003013
0.001608
5.1e-05
0.0056
0.000294
0.000419
0.000585
3.8e-05
0.015337
0.004487
0.000162
0.004365
0.004639
0.000818
0.006802
8.4e-05
4.5e-05
0.016072
0.000125
0.000129
0.000376
0.004583
2.2e-05
0.000242
0.001321
0.005445
0.004168
5.3e-05
0.003293
8.9e-05
0.013488
8.5e-05
0.000801
0.004449
0.000143
0.002116
0.005499
0.00369
0.000354
0.002622
8.9e-05
0.00683
5e-05
0.002106
0.033415
0.000134
0.005637
0.014957
0.000213
0.014052
0.000304
0.00162
0.000221
0.002653
0.012414
0.000173
0.015645
0.018087
0.01211
0.006434
0.013317
0.000105
9.7e-05
0.004126
0.014489
0.001337
0.006288
0.00123
4.4e-05
0.001854
0.004533
7.4e-05
0.000573
0.001065
1.6e-05
0.011505
0.033772
0.000913
0.002967
0.001145
0.000507
0.000387
0.002897
0.005666
0.000365
0.003009
0.00088
3.2e-05
0.003766
0.012366
0.000422
0.000828
0.002028
0.000372
0.000645
0.000203
6.6e-05
0.000122
5.2e-05
0.000611
0.002953
0.000457
0.014038
0.000363
2e-05
0.001754
0.016212
0.001552
0.011853
0.001467
0.0042
0.000326
0.001565
1.1e-05
0.000756
0.000816
0.026883
0.003657
0.000162
0.00547
0.035048
0.000348
0.000367
0.000102
0.00057
0.003515
0.002347
0.001113
0.00762
0.005398
0.003648
0.005265
0.001696
0.033837
9e-05
0.005028
0.000444
0.002697
0.031826
0.000859
0.00024
0.01733
0.008478
0.003748
0.010062
0.008236
0.000164
0.000922
0.000188
0.000652
0.002264
0.000349
0.003687
0.005941
0.000395
0.005303
0.000776
0.007323
0.001259
0.003331
0.026468
0.000635
0.011684
0.001254
0.000746
0.010284
0.00179
0.000402
0.015589
0.022293
0.004213
0.001884
0.000735
0.000158
0.001042
0.00125
0.000335
0.002472
0.000363
7.3e-05
0.000662
0.000403
0.005545
0.000484
0.022232
0.001732
0.01185
0.03277
0.000165
0.003484
4.6e-05
0.000607
8.7e-05
0.011661
3.8e-05
0.00071
0.001424
0.003063
0.00058
0.002521
0.000792
0.001106
9e-06
0.001206
4.4e-05
7.9e-05
7.4e-05
0.000416
0.004214
0.000556
3.7e-05
0.002718
0.002222
0.017804
0.005462
0.000718
0.004606
0.000217
0.001271
0.000342
0.000274
0.00371
0.000526
0.003623
0.000914
0.000444
0.001613
0.001822
0.000202
0.000128
0.002117
0.004492
0.004897
0.003443
0.00027
0.005153
7.3e-05
0.00028
0.007943
0.0007
0.00022
0.008917
7.5e-05
0.004916
8.4e-05
0.016312
0.000594
0.000125
0.001427
0.000129
0.005363
9.1e-05
0.000661
0.000161
0.02058
0.000144
0.004497
0.008418
0.001986
0.000109
0.002278
0.002435
0.000149
0.000658
0.000602
4.7e-05
0.000166
0.000781
0.001413
0.006373
0.006834
1.9e-05
0.000182
0.024226
0.007919
0.013519
0.000766
0.001262
0.000823
0.000151
0.00027
0.000446
0.002115
7.8e-05
9e-05
0.005736
0.002918
0.007545
0.001319
0.000523
4.7e-05
0.000901
0.003136
0.001203
0.003587
0.001278
0.002107
0.006251
0.001744
0.001582
0.022727
0.001581
0.006272
0.009351
0.004355
0.012435
0.000455
0.015943
0.017367
0.000153
0.004302
5.1e-05
0.001187
0.002314
0.000409
0.049149
0.000333
0.002006
0.000827
0.00172
0.001146
0.000924
0.00016
0.000408
0.029752
0.002442
0.000894
3.2e-05
0.002815
0.000864
0.000707
0.002059
9.6e-05
0.014571
0.002506
0.000667
0.000644
0.000168
0.014982
0.003738
0.001422
0.000205
0.004085
0.019996
0.01426
0.007334
0.007139
0.036879
0.001435
0.00581
4.8e-05
0.006694
0.008851
0.000168
0.012255
0.000192
2.4e-05
6.1e-05
0.001347
0.015305
0.002302
4.6e-05
0.000514
0.00638
9.8e-05
0.00598
0.001421
0.017165
9.4e-05
0.000806
0.000167
0.028231
0.002224
0.003328
0.002266
0.001806
0.012717
0.006873
7.6e-05
0.000153
0.000247
0.005669
0.000421
0.001681
3.2e-05
0.001122
0.004166
0.000954
0.003471
0.002393
0.004021
7e-05
0.011479
0.000168
0.004657
0.002061
0.000138
0.001439
0.002063
0.000182
0.009946
9.5e-05
0.003
0.016882
0.00877
0.000495
0.010258
0.001689
0.000363
9.7e-05
0.002668
0.000101
0.001359
0.001058
0.00947
0.003714
0.001826
0.018128
0.005404
0.00139
7.9e-05
0.024389
0.000203
0.000162
0.000475
0.001287
0.000978
0.000161
0.000381
0.00569
0.000112
0.001025
0.000216
0.001275
0.001066
0.000102
4.5e-05
0.011486
0.000382
0.001042
0.004677
0.016376
0.000399
4.4e-05
0.004361
0.002166
0.003944
0.001165
0.004539
0.01945
0.000306
0.001137
0.004813
0.003823
1.5e-05
8.8e-05
0.00646
0.005547
0.002651
0.001986
0.000283
0.009789
0.001074
0.002383
0.000466
0.000908
0.000938
0.000935
4.2e-05
0.00078
0.010114
0.002535
0.013452
8.2e-05
0.002801
0.002516
7.1e-05
0.000178
3.3e-05
0.028737
0.002287
0.000626
0.009426
0.000344
0.007128
0.004963
0.00736
0.003748
0.003183
0.000158
0.003513
7.3e-05
0.000905
0.000151
0.013108
5e-05
5.3e-05
0.000648
0.003135
0.009266
0.000343
3.2e-05
0.004897
0.009933
0.002859
0.007089
8.5e-05
0.001729
0.000101
0.0007
0.001401
6.9e-05
0.001036
9.5e-05
6e-05
0.003743
0.000422
0.0018
0.00632
8.9e-05
0.000123
0.002825
4.4e-05
0.000936
3.3e-05
0.002023
5.4e-05
0.035717
0.005051
2.8e-05
0.000133
8.8e-05
0.007836
0.009415
0.000721
0.018669
0.00148
4e-05
0.000309
0.001114
0.00028
7.9e-05
0.020972
0.000115
0.001826
0.010247
0.002269
0.001524
0.000159
0.03654
0.006446
0.000146
0.000404
0.000191
0.000818
6.6e-05
0.00887
0.000538
0.006738
0.003691
0.002701
0.012064
0.010431
0.001234
0.002254
0.001524
0.000212
0.004841
0.001286
0.000119
0.00465
0.000395
0.006597
0.003733
0.000158
0.003877
0.009243
0.004098
0.032936
0.003976
0.026185
0.006745
0.001321
0.00053
0.000151
0.002985
0.001123
0.000303
0.018904
0.011097
0.001272
0.002067
0.034674
0.007658
0.000137
0.00068
0.014788
0.000321
0.015115
0.001582
0.003921
0.001544
0.00558
0.000491
0.00325
0.005821
8.8e-05
0.002085
0.000443
0.000255
0.004024
0.002302
0.000834
0.004805
0.011787
3.5e-05
0.0069
0.004379
0.013446
0.000792
0.000433
0.000787
0.000925
0.000343
8.3e-05
0.002697
0.002869
0.010247
4.4e-05
0.009281
0.000291
0.000254
0.000433
0.00018
0.002916
0.00618
0.000501
0.018586
0.005169
0.000271
0.002582
0.000803
0.004048
0.002716
0.000137
0.01914
0.002176
0.000306
0.019101
0.000372
0.006225
0.009702
0.001481
0.003914
0.00912
6.6e-05
0.000233
0.027004
0.001814
0.000624
0.045812
0.007166
0.00042
0.015522
0.000514
0.027464
0.013052
0.001774
0.003354
0.000632
0.004315
0.014863
2.7e-05
0.004224
0.001103
0.000496
0.003082
0.001529
0.000526
0.017029
0.002506
0.006787
0.01039
0.000155
0.000755
0.011465
0.001007
0.006822
0.000146
0.014159
0.000962
0.000529
0.007232
0.000519
0.000409
0.031283
0.000168
0.013588
2.4e-05
0.001599
0.014956
0.000598
0.006371
0.004252
0.02284
0.001309
0.000235
0.016382
0.000573
0.021525
0.028876
0.00028
0.001938
4.5e-05
0.028726
0.003313
0.005857
0.000195
0.00131
0.0001
0.000135
0.000744
0.000167
0.001126
0.000477
0.000427
0.000123
0.000724
0.002643
0.00029
0.012143
0.001023
0.003778
0.000689
0.00242
0.008568
0.000467
0.000273
0.000394
0.00112
2.2e-05
0.000124
5.7e-05
0.001025
0.009114
0.021938
0.000714
0.01437
0.000202
0.005229
0.000204
0.000127
0.018241
0.004387
0.004921
0.000216
0.004082
0.008521
0.002305
0.001121
0.000315
0.002411
0.015182
9.4e-05
0.004316
0.011048
0.00117
0.001507
0.000174
2.5e-05
1.4e-05
0.000358
0.000131
0.000221
0.00427
0.01114
0.015495
0.017294
0.000428
0.001918
0.001239
0.010105
8.6e-05
0.000646
0.000107
0.007203
5.6e-05
0.00086
0.000719
0.002269
9.5e-05
0.000781
0.025201
0.000887
0.00302
0.0002
6e-05
9.4e-05
0.000494
0.002072
0.000477
7e-05
0.01515
0.00413
0.008129
0.004777
0.000349
0.000169
0.003262
9e-05
0.017924
0.002629
0.001602
0.000102
9.9e-05
0.011085
0.00054
0.000442
0.001149
0.000673
5.2e-05
0.001989
0.000658
0.012088
0.009058
0.003359
3.5e-05
0.012712
0.00011
0.002177
0.001174
0.002968
0.00036
0.032374
7.2e-05
6.4e-05
0.014073
0.001886
0.006089
0.000209
7.6e-05
0.000722
5.9e-05
0.00028
0.000176
0.002801
0.002904
0.024034
0.00337
0.000654
0.000351
0.000272
0.000142
0.000223
0.001556
0.002481
3.5e-05
0.000508
0.001047
3.2e-05
3.7e-05
0.000844
0.00025
0.000249
0.000331
0.000256
0.000199
0.000152
0.001215
0.002131
0.013784
9.4e-05
0.000349
0.025841
3.4e-05
0.003282
3.3e-05
0.00083
0.00045
0.005226
0.001741
0.001687
0.005161
0.002382
0.000756
0.008473
2.1e-05
2.9e-05
2.7e-05
0.002949
0.001801
0.00212
0.000428
0.00704
0.013117
0.003957
0.002368
0.001522
0.000275
0.029589
0.000308
0.000161
0.00488
0.001679
0.011879
0.000352
0.003346
0.000222
0.00383
0.015039
0.004364
0.000203
0.002736
0.00161
0.008644
0.000543
0.003016
0.001158
0.000552
0.029299
0.003743
0.000604
0.006702
0.0006
0.000114
0.001072
0.000195
0.002199
0.000381
0.000332
0.00083
0.009554
0.000415
0.000409
0.002621
0.001115
0.004097
0.000232
0.000106
0.013272
7.5e-05
0.002404
0.002778
0.000164
0.013272
0.002717
4.2e-05
8.2e-05
0.000221
0.000121
0.001845
0.002249
0.001662
6e-05
6.3e-05
0.001423
0.002162
0.002959
0.000178
0.001747
0.010116
0.02241
0.004782
0.001434
0.005136
0.002004
0.01407
0.000301
0.001184
0.002425
0.013803
0.005519
0.000109
0.000451
0.003837
6.1e-05
0.012801
0.002209
0.006804
0.00011
0.00031
0.000401
0.005611
0.001563
0.003475
0.00529
0.00499
0.000398
0.000156
0.000431
0.000571
0.02331
0.011712
0.004444
0.002894
0.000109
0.027884
0.001424
0.000846
0.000876
9e-05
0.006049
0.000734
0.000105
0.007534
7.5e-05
0.000453
0.001236
0.001369
0.029114
0.002914
8.8e-05
0.002489
0.004456
0.026868
0.009802
0.01008
0.000802
0.000272
0.001328
0.002389
0.000529
0.01359
0.005541
0.000531
0.004821
0.003609
0.001083
0.010703
0.000184
0.004068
0.004297
0.000125
0.021085
0.009409
0.022852
0.000555
2.2e-05
0.010597
0.000438
0.002562
0.004636
0.026922
0.005639
0.00474
0.002752
0.000682
0.000233
0.003304
0.008184
0.000631
0.001627
0.010405
0.012752
0.000388
0.002437
0.008707
0.000521
0.000159
0.001755
0.003657
0.000279
9.6e-05
0.002133
0.001935
0.00155
0.000882
0.014674
0.001023
0.003427
0.00028
5.8e-05
0.00035
0.000629
0.000276
0.011458
0.000238
0.002483
1.5e-05
0.001252
0.000629
0.004919
9.1e-05
5.5e-05
0.003469
0.000177
0.029693
0.000319
0.006546
0.00471
0.001511
0.023673
0.000169
0.00077
0.002236
0.000654
0.015017
0.000138
0.000548
0.007184
0.004248
0.002465
0.012392
0.001242
0.000209
0.003037
0.035521
0.004404
0.000139
0.009535
0.000359
0.017265
0.006805
0.015284
0.00015
0.001557
0.000379
0.004252
0.013285
0.000511
0.010554
0.000234
0.018445
0.003826
0.000371
0.013072
5.8e-05
0.003692
0.00452
0.004982
0.006705
0.013873
0.00053
0.006087
0.00317
2.4e-05
7.6e-05
0.004106
0.00284
0.017758
0.001341
0.000717
0.004664
5.6e-05
0.00692
0.005522
0.004439
0.002136
0.004641
6.7e-05
0.008572
0.000264
0.004175
0.00022
0.001775
0.003912
0.019186
0.000382
0.010145
0.006442
2.4e-05
0.005652
0.000746
0.012943
0.034512
0.002093
7.4e-05
0.014546
4.9e-05
8.4e-05
0.008287
0.000192
1.2e-05
0.004219
3e-05
0.006456
5.5e-05
0.00061
0.001723
8.8e-05
0.000187
0.001416
0.000375
0.000578
0.000202
0.000307
8.1e-05
0.014616
0.001548
0.014612
0.000223
0.006315
0.001255
0.00804
0.00048
0.004393
0.002103
5.1e-05
0.004107
0.005465
0.004423
0.000869
0.000587
0.002671
0.003363
0.000879
0.000417
0.001125
0.003774
0.000689
0.001834
0.000271
0.005286
3.9e-05
0.00153
0.00838
0.00081
0.004268
0.010205
0.00347
2.4e-05
3.5e-05
0.002886
0.033151
5.7e-05
0.002938
0.000338
0.005151
0.008334
0.000412
0.000119
0.000585
0.005304
0.00027
0.001985
0.001148
0.000214
0.002274
0.00463
0.005667
0.000903
0.012736
0.00449
2.8e-05
3.5e-05
0.000502
0.001949
0.00472
0.004173
0.008143
0.002532
0.027451
0.004097
0.002068
0.007823
0.013536
0.001617
0.003237
0.007087
0.000651
5e-05
0.000388
0.000693
0.017946
0.000926
0.001105
0.000393
0.000166
0.007228
0.001344
3.6e-05
0.00487
0.001806
0.002558
5.1e-05
0.004182
0.000284
0.002753
0.00468
0.000336
0.00415
0.000926
0.000267
9.5e-05
0.002763
0.000194
0.000187
0.000461
0.000272
0.00435
3.8e-05
0.001708
0.000341
0.028372
0.018679
0.00649
0.014268
0.000128
0.006014
0.00193
0.000757
0.011253
0.015589
0.000162
7.8e-05
0.000121
0.00286
3.6e-05
0.009655
0.028385
0.001539
0.001207
0.000453
0.023992
0.026967
0.000299
0.003851
0.000384
6.2e-05
0.003333
0.004289
0.003838
0.012796
0.002133
0.027885
0.001506
0.021046
0.001632
0.024566
0.000245
0.000174
8e-05
0.000595
8.3e-05
4e-05
3.7e-05
0.00148
0.013662
0.019924
0.005573
0.007705
0.014811
0.000401
0.005585
0.001034
0.001553
0.000266
0.000892
0.000899
2.4e-05
0.000367
0.000784
0.005091
0.000875
0.001605
0.000862
0.000364
0.000189
0.000139
0.001461
0.000494
0.000833
0.008334
0.009725
0.013906
0.010304
0.006347
0.000192
0.000177
0.004249
0.001905
0.000798
0.009895
0.000997
0.006539
0.00102
0.000538
0.000449
0.03473
0.017351
0.0002
0.000424
7.2e-05
0.001536
0.015949
0.000411
2.6e-05
0.004247
0.020242
0.005942
9.7e-05
0.000335
0.001494
7.1e-05
0.017622
0.003193
0.001719
0.001021
0.000424
0.002335
0.004081
0.002088
0.000717
0.000274
0.000175
0.010608
2.3e-05
0.000725
0.006935
0.004233
0.000479
0.022474
0.002919
0.000931
0.00813
0.013154
0.008839
0.004038
0.000544
0.00225
0.011609
0.000852
0.000105
0.000117
0.010933
0.000885
2.6e-05
0.004476
0.003496
0.003538
0.015315
0.016569
0.017681
0.015818
0.018197
1.6e-05
0.01636
0.002119
0.000323
0.003096
4.1e-05
0.001993
0.005043
0.002481
0.000507
7.2e-05
0.001529
0.000171
7.1e-05
0.000696
0.000738
0.008685
0.00129
0.013052
0.014846
0.000415
0.005816
0.006145
0.009991
0.009554
0.003152
0.004701
0.012187
0.001431
0.001317
0.007558
0.00045
0.000151
0.000661
0.000767
0.000372
0.01992
0.006059
0.001428
0.004791
0.020641
0.003669
0.000573
0.00151
0.017925
6.8e-05
0.000899
3e-05
0.000361
0.0011
0.001493
0.000293
0.000203
0.000126
8.5e-05
3.4e-05
0.016882
0.005468
0.003486
0.003199
0.006154
0.008555
0.001068
0.017963
5.6e-05
0.007492
0.005535
0.00029
0.000156
0.003773
0.016961
6.2e-05
0.000705
0.019989
0.000898
0.005923
7.3e-05
0.001887
0.011784
0.000866
0.000425
0.01793
0.003952
0.000732
0.00082
4.1e-05
0.000544
0.000675
0.013187
0.014033
0.005
0.004323
0.021608
0.017333
0.009611
0.000387
0.000566
0.005148
9.1e-05
3.8e-05
0.001911
0.002287
0.000798
0.010164
4.4e-05
0.000558
4.6e-05
0.036675
8.6e-05
0.024155
0.001021
6.1e-05
0.000875
0.011133
0.003386
8.1e-05
0.001007
0.000257
0.004181
0.003524
0.000507
0.001753
0.001068
0.013192
7.4e-05
1.9e-05
0.01144
0.002634
0.003944
0.000293
0.000956
0.000901
0.001423
0.000311
0.001708
0.006021
0.003932
0.000325
0.000455
0.000148
0.002911
0.002193
0.001561
7e-05
0.001028
0.001868
0.00023
0.009089
0.004136
0.000434
0.004891
2.6e-05
0.005918
0.003859
0.001214
0.018821
0.004859
0.022445
0.000344
0.001835
4.8e-05
0.014077
0.00211
0.000855
0.001152
0.000109
0.000123
0.001093
0.00898
6.5e-05
0.003786
0.000764
0.012053
0.000637
0.001498
0.002167
0.003475
0.000523
0.000663
2.7e-05
0.012048
0.000337
0.013925
8.3e-05
0.035717
0.000297
0.000591
0.001171
0.001958
0.008035
0.004224
0.003158
0.001008
0.005118
0.000197
0.000742
0.00177
0.009382
0.012845
0.004602
0.004745
0.001143
0.005585
0.00091
0.001039
0.039425
0.001361
5.8e-05
0.000102
0.00139
0.000237
0.001902
7e-05
0.014354
0.000313
0.000227
0.001231
0.001265
0.000163
0.023592
0.002919
0.000346
2.8e-05
0.004147
0.006652
0.005856
0.000513
0.0101
0.014642
0.004651
0.000524
0.047699
0.000485
5.9e-05
0.000167
0.000472
0.004242
0.004018
0.000144
0.001801
0.000388
0.009841
0.003556
0.000156
0.019219
0.003041
0.000242
1.8e-05
0.001106
0.033114
0.007687
0.001178
1.4e-05
7.4e-05
0.005827
0.000865
0.000166
0.002604
0.002641
0.014728
4.1e-05
0.002779
0.000918
0.003225
0.000514
0.000221
0.001577
0.000872
0.00098
2.4e-05
0.010505
0.000292
0.000233
0.002836
0.000684
1.4e-05
0.005457
0.00157
0.000484
0.003073
0.006645
0.005514
0.002458
0.001804
0.000116
0.001564
0.001168
0.013497
0.014877
0.000492
0.000504
0.007665
0.000334
7.4e-05
0.013036
0.002521
0.003315
0.000982
0.00383
0.001606
0.00025
0.000227
0.001208
0.002454
0.000457
0.002432
2.4e-05
0.0008
0.04496
0.02615
0.000666
0.009071
0.015402
0.037149
0.013042
0.001903
0.002158
0.002182
0.001577
0.001426
0.003878
0.00046
0.002388
0.018546
0.00251
0.000475
3.1e-05
0.021292
0.000139
0.014075
0.001471
0.003211
0.009925
3.7e-05
0.003648
0.003184
0.000566
0.004679
0.000689
0.000345
0.004889
0.003318
0.002327
0.002936
0.011077
0.000377
0.000394
0.00166
0.000138
0.007986
0.001451
0.003614
0.000139
0.001081
0.000388
0.010027
0.009477
0.003011
0.000179
0.000102
0.001584
0.001731
0.000186
0.021737
0.003186
0.001862
0.005422
0.002065
0.003721
0.008049
0.007229
0.016257
0.003212
0.000542
0.003844
0.00678
0.004859
0.000654
0.000882
0.00111
0.005111
0.001063
0.000185
0.002616
0.004796
0.008723
0.000716
0.000582
0.001378
0.000101
0.016058
0.006431
0.000143
0.003182
0.000296
0.000153
0.004708
0.003115
0.004815
0.001476
0.006013
0.000824
0.000888
9.5e-05
0.004369
0.000865
0.004724
3.8e-05
0.000521
0.000948
0.000465
0.002044
0.018086
0.030636
0.000158
0.002495
0.005379
0.007299
2.5e-05
0.000644
0.012365
0.000613
2.8e-05
0.017696
0.00059
0.004823
0.000407
0.00998
0.008722
6.8e-05
0.002008
0.000589
0.000185
2e-05
0.003749
0.00907
0.019713
0.00033
0.002587
0.001604
0.001458
0.000164
0.000749
0.00149
0.005629
0.000527
0.010743
0.013706
0.008993
0.000457
0.015921
0.001717
0.001771
0.029019
0.000919
0.002722
1.1e-05
0.001562
0.002058
0.00053
0.005178
0.000552
0.000816
0.002073
0.00076
0.000776
0.000185
9.2e-05
0.000138
0.015091
0.001452
0.000684
7.4e-05
3.5e-05
0.012784
0.0019
0.000203
8.3e-05
0.002999
0.000617
0.003306
0.032781
0.008409
0.00033
0.011062
0.007242
0.006488
0.000247
0.008398
0.000735
0.002426
0.01406
4.1e-05
8.8e-05
6.1e-05
0.007158
8.7e-05
5.5e-05
0.000755
0.002237
0.001229
0.004797
0.016407
0.007087
0.000179
0.008473
0.001751
0.002688
0.003879
0.003351
0.005101
0.0031
0.000205
3.5e-05
0.003327
0.000132
0.000389
0.018686
0.024643
0.007795
0.004401
0.012453
0.000156
0.003598
0.007112
1.6e-05
0.018679
0.000906
0.008396
0.000434
0.000521
0.012726
0.000108
0.00773
0.006433
0.006197
0.027768
0.007344
0.00066
5e-05
0.012798
0.000399
0.038682
0.000479
0.014116
0.008913
0.009202
0.017011
0.00025
0.000887
0.001159
0.003552
0.003462
0.001384
0.009467
3.1e-05
6.2e-05
0.002867
0.006159
0.000152
0.004188
0.00022
0.000546
0.002279
0.00204
0.002222
0.000475
4.2e-05
0.000166
0.021604
0.000729
0.001731
0.024254
0.000162
0.013695
0.017807
0.007319
2.6e-05
0.000112
0.01026
0.000135
0.000363
0.00068
0.002749
0.000371
0.004378
0.000589
0.0068
0.020203
0.01077
0.004208
0.001364
0.023873
0.000423
5.5e-05
0.001863
0.000698
0.009903
0.005722
0.002046
0.023679
0.003141
0.000827
0.014776
0.004719
0.00021
0.000236
0.000632
0.005003
0.020804
0.004527
0.001172
2.5e-05
0.000408
0.001223
0.001312
0.000173
6.1e-05
0.032907
0.005656
0.001251
0.000107
0.001296
0.006277
0.013498
0.016033
0.000112
0.005705
0.002922
0.008858
0.001452
4.4e-05
0.000948
0.006022
0.003308
0.003244
3.9e-05
0.007087
0.000697
0.010271
0.003503
0.028269
0.002412
8e-06
0.027783
0.015902
0.000111
0.000121
0.004314
0.00037
0.014947
0.000708
1.5e-05
0.000913
0.000936
0.004987
0.003375
0.000276
8.5e-05
0.002087
1.6e-05
0.001288
0.0012
0.000912
0.000687
0.010922
0.00387
9.3e-05
0.015363
0.004745
0.019871
0.000294
0.000988
0.001513
0.016434
0.002234
0.007752
0.003825
0.003424
0.01118
4.2e-05
0.027948
0.000193
0.017546
1.9e-05
0.002235
0.000528
0.007109
0.004375
5.5e-05
0.000404
0.032708
0.001305
0.003637
0.000522
0.000194
0.008211
0.002819
0.000349
0.002869
0.004844
0.005929
0.006207
0.000238
0.000226
5.1e-05
0.00531
0.01694
0.002217
2.4e-05
0.002298
0.000522
0.000849
0.002771
0.007332
0.000304
0.001983
0.004026
0.006041
0.019651
0.000179
0.000871
0.001133
0.000372
0.016882
0.000766
0.005478
0.000104
0.005739
0.00363
4.5e-05
0.007308
0.00034
0.0014
0.000459
0.003508
0.000719
0.000786
0.000226
0.000191
0.000295
0.012128
0.00017
3e-05
0.000202
0.004603
0.000381
0.004459
0.000449
0.000566
0.001577
0.00094
0.000752
0.004957
0.001477
0.02641
0.016935
0.000536
0.019252
0.001988
0.038695
0.021311
0.000336
0.005127
0.000549
0.011728
0.00014
0.000274
0.004146
0.021957
0.015184
0.002263
0.000403
0.031341
0.003305
0.000213
0.006812
0.000196
0.040826
0.001515
0.000248
0.000146
0.025618
0.003617
0.040144
0.000522
0.000886
0.00011
0.017958
6.9e-05
0.001266
0.0003
0.000545
0.00076
0.016985
0.027883
0.000274
0.000684
0.000609
0.006115
0.001198
0.005797
0.02927
0.001193
0.000221
0.001221
0.001048
0.005204
0.00194
0.000807
0.002344
0.00031
0.000783
0.000141
0.001649
0.002935
0.006599
0.011337
0.001209
0.000789
0.019338
0.000268
0.003564
7.3e-05
0.000402
0.000114
0.004937
0.000109
0.007268
0.009653
0.003057
5.3e-05
0.000609
0.00147
0.001061
0.000974
3.6e-05
0.002557
0.002201
0.005489
0.011815
0.0018
0.003087
0.000339
0.002597
0.000122
0.001102
0.00268
0.005126
0.006415
0.024458
0.000318
5.1e-05
0.000251
0.01449
0.05168
0.005813
0.05236
0.00071
0.000281
0.000368
0.015576
0.002411
5.2e-05
0.000169
0.026777
0.006207
0.003813
0.00102
0.008421
3.3e-05
0.007447
0.000498
0.000243
0.000703
0.006271
0.003079
0.017557
0.001335
0.003667
1.8e-05
0.004067
0.000388
0.022902
0.002317
0.002984
0.00183
0.001422
0.000246
0.03331
0.00253
0.003982
0.018158
0.000494
0.001602
7.3e-05
0.003006
0.001865
0.012331
0.000428
0.006128
0.001564
0.000912
0.000467
3.9e-05
0.011707
0.000769
0.000302
0.000231
0.011565
0.000646
0.000252
0.001428
0.000784
0.012089
0.002295
0.003358
2.3e-05
0.002609
0.001734
0.008443
1.2e-05
0.004602
0.000286
0.001543
0.000352
0.00082
0.002416
0.00464
0.000459
0.000639
0.029318
0.003875
9e-05
0.000723
0.000669
0.005245
7e-05
0.000446
0.00147
0.003646
0.000621
0.022821
0.001801
0.001403
0.000154
0.035017
0.001574
0.000445
3e-05
0.00041
0.014122
0.023786
0.000189
0.001995
0.00231
5.5e-05
0.000718
0.002523
0.000179
0.014043
0.007395
0.000125
0.000162
0.001528
0.000548
0.001833
0.002076
0.003704
0.016265
0.006333
0.000232
0.071574
0.000282
0.00223
0.001352
0.0015
9.4e-05
0.002212
4.3e-05
0.000233
0.000409
0.003929
0.00093
0.002026
0.008601
0.001612
0.00598
0.006484
3e-05
0.001664
0.000911
0.000348
0.001991
0.011561
6.8e-05
0.000416
0.001745
0.0027
4.8e-05
2.1e-05
0.000101
0.000436
0.000139
0.012523
0.000121
0.002051
0.01132
0.000147
0.004941
8.1e-05
0.002321
0.010218
0.000577
9.1e-05
0.002837
0.011505
4.4e-05
0.00034
2e-05
0.004724
0.010707
9.6e-05
0.001414
0.010497
0.002169
0.010662
0.000129
0.000132
0.016507
0.000552
6.4e-05
0.011601
0.001465
0.000477
0.012171
0.001525
0.000129
9.6e-05
7.8e-05
0.004746
0.017647
0.01572
0.008465
0.004271
0.001449
0.004463
0.000594
0.000442
0.006003
0.0032
0.000318
0.000102
2.9e-05
0.024445
0.000649
0.004046
0.002942
0.028917
0.000381
0.003204
6.6e-05
0.000391
0.001945
0.000947
0.004905
8e-05
0.00101
0.002219
0.000126
2.8e-05
0.000285
0.016927
0.009199
0.000316
0.001022
0.016924
0.000554
0.000151
0.002783
0.004135
0.019715
0.002354
0.002903
0.000446
8.4e-05
0.000398
0.000433
0.002629
2.5e-05
0.000394
0.005548
0.014284
0.002783
0.004953
8.4e-05
0.017336
0.00262
0.000119
3.5e-05
0.000855
0.000409
0.005248
0.00015
5.2e-05
0.000336
6.4e-05
0.00762
0.039144
4.2e-05
0.000924
0.006852
0.000638
0.002099
0.000721
0.003702
0.027711
0.001143
0.000739
0.00046
0.002766
0.000165
0.001365
0.003024
7.5e-05
0.010066
0.002599
0.000783
0.000304
0.009072
0.002033
0.003487
0.000416
0.000806
0.00098
0.007152
0.002953
0.004749
0.000429
0.000908
0.018887
0.00462
0.027088
0.002365
0.000413
0.000181
0.000455
0.001027
0.001881
7e-05
0.001064
8.1e-05
0.018298
0.001336
0.002321
0.018067
0.018674
0.002306
2.3e-05
0.000246
7.6e-05
0.001406
3e-05
0.024133
9.8e-05
0.001292
0.002288
0.032404
0.009837
0.020437
0.012861
0.00015
0.000548
0.001981
0.001754
0.014919
3.6e-05
0.002438
0.006118
0.000183
0.000942
0.002579
0.023784
0.00125
0.005248
0.011009
0.003018
9.9e-05
0.000896
0.006618
0.000802
0.000376
0.002625
0.002479
0.023905
0.00039
0.001408
0.000358
0.000102
0.001656
0.013602
8.8e-05
0.00017
0.022993
0.00032
0.000333
5.7e-05
0.000618
0.001221
0.000305
0.000131
0.000824
9.2e-05
0.001785
0.000403
0.000254
0.002922
0.013879
0.040111
0.017021
4.1e-05
0.027127
8.3e-05
0.000471
0.001593
0.000705
0.017953
0.00201
0.0025
0.001651
0.004103
0.019352
0.000425
0.002882
0.007936
0.000135
6.5e-05
0.00197
0.001704
0.018635
0.003973
0.018192
0.001489
7.2e-05
0.000426
0.002493
0.005596
0.010017
1.5e-05
0.014958
1.6e-05
0.002714
0.004137
0.025712
0.00657
9.3e-05
7.2e-05
0.004989
0.000191
0.007174
0.002382
0.009459
0.002514
0.001022
0.000159
0.005241
0.000158
0.00412
0.000239
0.00025
0.022321
0.001269
0.000986
5.5e-05
0.000277
0.007453
0.015456
0.001097
0.000845
0.006842
0.000365
0.017238
0.001592
0.000302
0.001063
0.000195
0.009061
0.002645
0.001096
0.000409
0.005542
0.000114
0.001412
0.005716
0.001639
0.00511
0.001992
0.007853
9e-06
0.000763
0.00791
0.001766
0.000359
0.003205
0.000953
0.00098
0.0458
0.003755
0.00066
0.00238
0.001689
0.000619
3.3e-05
0.009471
3.1e-05
0.004239
0.000295
0.001865
9.2e-05
0.002041
0.000187
0.003303
0.000136
7e-05
0.002132
0.024401
0.005354
0.00051
0.004471
0.00378
2.5e-05
0.002309
0.001714
1.4e-05
0.010683
0.00043
0.001609
8.2e-05
0.000599
0.003494
0.001139
0.000478
7.8e-05
0.004266
0.026949
0.005073
0.001471
0.000182
5.7e-05
0.0057
0.009464
0.015662
0.000133
0.001251
0.000564
0.000338
6.1e-05
0.000628
0.002166
0.004756
0.00028
0.019281
0.000121
0.013452
0.005952
7.9e-05
0.0015
2.6e-05
0.001719
0.004562
9.8e-05
0.002011
3.3e-05
0.005627
0.002254
0.000749
0.007508
0.000369
0.008104
0.004744
0.000458
0.000103
0.000607
0.000158
0.000135
0.002935
0.000131
0.00484
0.001082
1.8e-05
6.8e-05
7.4e-05
0.001156
0.00239
0.000112
0.000309
0.000861
0.007015
8.5e-05
0.000102
0.016228
0.000273
0.000162
0.000173
0.001123
0.00011
0.002117
0.00193
0.010428
0.000906
4.1e-05
0.000174
0.004483
0.004078
0.000206
0.000255
8.3e-05
0.005145
0.000123
0.03518
4.1e-05
0.023627
0.010344
0.000748
0.000327
1.9e-05
0.002048
0.001291
0.000703
0.003276
0.000318
0.008881
0.000156
0.001094
0.0112
0.00198
0.00042
0.000684
0.000131
0.004207
0.000117
0.011257
0.000223
0.000393
0.000459
0.000264
6.7e-05
0.009079
0.002829
0.011775
0.000244
0.008767
0.020094
0.004503
0.001099
0.0009
0.028491
0.007809
0.006313
0.002394
2.6e-05
0.026559
2.5e-05
0.000247
9.4e-05
0.000248
0.005211
0.002824
0.00022
0.001752
0.000783
0.002302
0.000505
0.005058
0.000385
0.010632
0.008368
0.026438
0.001458
0.025455
0.001603
0.022424
0.011334
0.003239
5.8e-05
0.009356
0.002946
0.034353
0.011978
0.006112
0.001677
0.000264
0.002106
0.000209
0.017791
4.1e-05
0.0093
0.016938
0.002133
0.002605
0.001521
0.00099
0.01638
0.000115
0.012972
0.000479
0.001419
0.000264
0.004513
0.00093
0.001874
0.022248
0.001046
0.005877
3.3e-05
0.000398
0.014874
0.01635
0.005948
0.00318
0.008484
0.000252
4.7e-05
0.002772
0.003003
0.001028
5e-05
7.3e-05
0.000707
0.004194
3.8e-05
0.000281
0.000211
0.002062
0.003116
0.000869
5.5e-05
0.000868
0.000322
0.007549
0.001979
0.000118
0.02498
0.001726
1.9e-05
0.008952
0.000715
0.000189
0.011302
0.012129
0.000159
0.001875
0.000276
0.002542
0.004895
5.7e-05
0.031318
2.7e-05
0.006877
0.010633
0.000932
0.00399
0.000598
0.003385
0.004524
0.000111
0.008489
9.5e-05
0.001208
9.8e-05
0.002542
2.9e-05
0.014007
0.002372
0.005731
0.000377
9e-05
7.9e-05
0.006716
0.004575
0.019688
0.009746
0.002158
0.001227
0.00551
0.0002
0.000357
0.00043
0.00522
0.001534
0.010307
0.014927
0.003263
0.00026
0.008031
0.002238
0.007603
0.00085
0.010298
0.000614
3.6e-05
0.000338
0.004448
0.00241
0.00177
0.002473
0.001529
0.00263
0.001584
0.005654
0.012991
0.000896
0.000104
0.000989
6.8e-05
0.000479
0.013176
0.002553
2.1e-05
0.003687
0.00879
0.000465
0.000375
0.00201
0.001267
0.002395
0.002963
0.000401
0.000801
4.5e-05
0.000405
0.000292
0.000741
0.000301
0.032765
0.039826
1.5e-05
0.002712
0.000382
0.000126
9.8e-05
0.011906
0.000204
0.024778
0.01516
0.000888
0.000205
0.004609
0.000214
0.000845
6.9e-05
0.000239
0.000414
0.003815
0.002668
0.000208
0.005656
0.015403
0.001375
0.000569
0.007243
0.016876
0.000582
0.000418
0.000953
0.010182
0.001495
0.000668
3.5e-05
5e-06
4.4e-05
0.000108
0.00828
0.000801
0.028224
0.00828
0.019616
0.000107
0.020783
0.009771
0.01632
0.007298
0.001431
0.000881
0.001198
0.000571
0.001307
0.004773
0.007872
0.00504
0.00043
0.000304
0.010245
6.9e-05
0.000569
0.00665
0.011271
0.003322
9.7e-05
0.001573
0.000106
0.003761
0.011896
0.005135
0.001905
0.000489
0.001457
0.00042
0.001264
0.000202
0.004268
0.000251
0.004023
0.012785
0.000259
0.001546
0.00028
1.8e-05
5.7e-05
0.001063
0.001487
0.000125
0.022767
0.004016
0.000312
0.002529
0.000428
0.011539
5.4e-05
0.005681
0.003506
0.000162
0.005865
0.00024
0.00411
0.005707
0.019524
0.003573
0.002883
0.012416
0.000213
0.000565
0.000909
0.00152
0.010032
0.000189
0.000272
0.000127
0.001816
0.001252
5.7e-05
0.002298
0.008289
0.001631
0.003164
0.000423
0.008933
0.004995
0.001092
0.000587
0.001255
0.016434
0.004315
0.003436
0.013438
0.006528
0.001101
0.00894
0.001699
0.009674
0.000938
0.001108
0.004703
0.0002
0.000604
0.01137
0.007699
0.00282
0.000202
0.00036
0.011079
0.002094
0.000117
0.000929
0.000395
8.9e-05
0.000538
0.029128
0.002939
0.005216
0.006385
0.000981
0.000516
0.000433
0.002177
0.001793
0.000432
5.7e-05
0.010045
0.000524
3.2e-05
0.00171
0.000477
0.006414
0.002423
0.002075
0.000331
0.001117
2.7e-05
0.004613
0.006525
0.004877
0.000142
0.001282
0.000546
5.2e-05
0.003376
0.001034
0.001596
0.024692
0.008782
0.003549
0.000344
0.003817
0.000259
0.000741
0.001638
0.021249
0.007563
0.004178
0.00571
0.000607
0.020921
0.000438
4.3e-05
0.009586
0.003314
0.001179
7.3e-05
0.009653
0.002185
0.007807
0.000248
0.000119
0.003112
0.001259
0.003438
0.000242
0.000565
0.003353
0.000508
0.002912
0.00073
0.000213
0.040121
5e-05
0.003374
0.003145
0.001058
0.000493
7e-06
0.000296
1.2e-05
0.000852
0.002179
0.00047
0.00032
0.000109
0.001477
0.000763
0.00022
0.002748
0.01142
0.002049
9.9e-05
0.008089
0.001937
2.8e-05
0.00023
6.5e-05
0.000375
0.004768
0.003923
0.000726
0.005591
0.003396
0.005601
0.008856
4.1e-05
0.026239
0.001516
0.000353
0.000184
0.000299
0.002355
0.002921
0.000776
0.009137
0.002165
0.000286
0.002085
0.000947
0.000749
0.001242
0.029618
0.008521
0.001079
5.6e-05
0.000615
0.005619
0.000518
0.000166
0.000238
0.000413
0.001583
0.03781
3.4e-05
0.022729
0.00016
0.000735
0.000294
0.026414
0.002085
0.000787
0.012669
0.005918
0.005239
0.002051
0.002917
0.02941
0.002098
0.031922
0.003497
0.00332
0.001076
0.000117
0.000519
0.000315
0.002628
0.001633
0.002382
4.4e-05
0.000139
0.004645
8.3e-05
0.012517
0.000573
0.003545
0.009072
0.000823
0.004819
0.00498
0.000439
0.000254
6.7e-05
7.3e-05
0.000378
0.003121
6.7e-05
0.000453
0.001504
0.000234
0.010137
0.000113
0.005255
0.003144
0.015689
0.001279
0.038327
0.003936
0.006853
0.020081
0.000141
0.000688
1.9e-05
0.005889
0.000658
0.000137
0.000833
0.00105
0.000428
0.001399
0.004664
0.00142
0.002962
0.009192
0.02499
0.015884
0.000115
0.001613
0.008441
0.000259
0.001718
0.004237
0.028808
0.001101
0.000246
0.000152
8e-05
0.008311
8.6e-05
0.011839
0.004485
0.013789
0.000771
0.000188
0.000141
0.010422
9.3e-05
0.01077
0.009306
0.003529
0.01645
0.001713
0.000976
2.1e-05
0.000971
9.1e-05
0.014543
0.003722
0.000325
0.010431
0.002249
0.000663
0.00086
0.003364
0.005914
1.9e-05
0.002289
0.000647
0.000804
0.000111
0.000761
0.008316
0.000412
0.019535
0.000146
0.007486
0.00165
0.012343
0.000123
0.012437
0.004592
0.012134
0.001956
0.001763
0.002944
0.000185
0.000205
0.005452
0.000269
0.000123
0.001792
1.8e-05
0.026492
0.000314
0.005237
0.000355
0.001083
0.000117
9.3e-05
0.000325
0.0021
0.000719
0.000306
1.4e-05
0.004904
0.000371
0.000445
0.035936
0.013681
0.002719
0.007067
0.004997
2.1e-05
0.000112
0.003427
0.000119
0.006327
0.000112
0.01579
0.001931
0.008898
0.001457
0.000338
0.001987
0.004414
0.001685
0.004141
0.004908
6.7e-05
0.000698
0.008051
0.000368
0.00067
0.003693
0.000106
0.001722
0.000808
4e-05
0.000279
0.002921
0.00163
0.002187
0.000815
0.004178
0.007668
3.6e-05
0.000229
0.001089
0.000228
8.2e-05
0.00021
0.000681
0.00046
0.000835
0.00015
0.00015
0.009623
0.000997
0.000309
0.000623
0.000383
0.021741
0.005319
0.001375
0.000395
0.005797
0.002554
8.5e-05
0.000117
0.032867
3.5e-05
0.000104
2.2e-05
0.000117
0.00151
0.007408
0.000365
0.003701
6.4e-05
0.000105
3.1e-05
0.007952
2.2e-05
2e-05
0.014114
0.00031
0.000202
0.003746
0.001095
0.001
0.000677
0.00247
0.006432
0.000182
8.3e-05
0.000165
0.001371
0.000377
0.000242
0.006683
0.014527
9.9e-05
0.015146
4.6e-05
0.007046
0.026567
0.001469
0.003607
0.000538
0.013728
0.001853
0.000916
0.00046
0.000205
9.5e-05
0.024642
0.002762
0.001017
0.00203
0.012112
9.4e-05
0.003
3.1e-05
0.000103
0.000166
0.000257
0.015954
0.000174
0.001757
0.00115
0.000173
0.000528
0.000116
0.000738
0.000961
0.012758
0.037892
0.004428
0.028639
0.003447
0.004014
0.008515
0.018734
0.006919
0.000809
0.002079
0.00114
0.002519
0.009611
0.002333
0.00025
0.004923
0.000312
0.004802
5.7e-05
0.004805
0.000342
0.002179
0.002119
3.7e-05
0.002558
0.003228
0.000367
0.000312
0.025675
0.007255
0.000115
0.005209
0.009225
0.000678
0.000816
0.003458
0.031929
0.002937
0.000404
0.014733
0.001431
0.018049
0.027332
0.000232
0.007709
0.00078
7e-05
0.010497
8.7e-05
0.004448
0.001942
0.000422
0.006564
5.4e-05
0.000919
0.00217
0.011029
0.005529
2.6e-05
0.038741
0.000182
0.000293
0.019791
0.004338
0.002336
0.008755
0.004645
0.000274
0.00092
0.000294
0.000556
0.000324
7.6e-05
0.000916
2e-05
0.001017
0.001568
0.006115
0.022667
0.008893
0.00596
4.9e-05
8.4e-05
0.004259
0.004842
0.002531
0.000631
1.1e-05
0.000368
4.3e-05
1.3e-05
0.000859
0.000335
0.000279
0.014438
7.6e-05
6.8e-05
0.000638
0.004542
0.011716
0.000138
0.000363
0.016677
0.003373
0.000365
0.001152
0.009974
0.000958
0.017947
0.000477
0.000815
0.000819
0.006236
8.1e-05
0.000453
0.002926
0.00036
0.002907
0.007502
0.001866
0.006554
0.001544
0.00018
0.005745
0.017824
0.000162
0.000542
0.000285
0.001679
0.006321
0.006375
0.039306
0.007928
0.010075
0.012013
0.004127
0.018007
0.004907
0.015991
0.002897
0.00013
0.00134
0.002971
0.000283
0.00055
0.000546
0.000141
0.021871
0.003128
0.005509
0.000566
4.3e-05
0.010389
0.005309
8.6e-05
0.028034
0.002038
0.006659
0.003205
0.025299
0.000587
0.000916
0.00515
0.000237
0.002374
0.012407
0.002373
0.000653
0.000577
0.000235
0.004001
0.000605
5.4e-05
0.004345
0.003287
0.000605
0.003811
0.002806
0.000326
7.1e-05
0.000149
0.000125
0.000477
0.029534
0.001137
0.010004
0.002025
0.000276
5.2e-05
0.003125
0.00915
0.027631
0.000639
0.064975
0.000952
0.0014
0.001575
0.000164
3.6e-05
0.001074
0.000938
0.019471
0.001971
0.000808
0.000101
0.013094
0.004658
0.002291
0.00016
3.3e-05
0.002077
0.000132
0.000221
0.013704
0.000986
0.001375
0.000519
0.004407
0.001277
9.7e-05
0.002026
4.9e-05
6.1e-05
0.018203
0.018113
3.2e-05
0.000145
0.002793
0.000413
0.00574
0.000232
0.003275
6.4e-05
0.018917
0.000175
0.000536
0.00255
0.000149
0.002534
0.002586
0.007723
0.000494
0.000438
0.000565
9e-05
0.005349
0.000373
0.009305
0.003915
0.00052
0.003054
0.019961
0.001944
0.000426
4.6e-05
0.000296
0.009089
0.005627
0.000462
0.000548
0.00197
0.000622
4.1e-05
0.004989
0.000109
3e-05
0.00013
0.000271
0.00099
0.012929
0.004926
0.00318
0.000102
0.000126
0.000138
0.019136
3.3e-05
0.007546
3.3e-05
6.8e-05
0.00139
2.6e-05
0.008188
2.1e-05
0.019658
0.000714
0.001118
0.004016
0.003136
0.001956
2.7e-05
0.000189
0.017064
0.00022
0.000116
6.4e-05
0.000345
0.001937
8.2e-05
0.003437
0.001054
3.3e-05
9.9e-05
0.000423
0.005486
0.017556
0.00107
0.000491
0.003901
0.003185
4.4e-05
0.001127
0.003012
0.016274
0.007006
0.004797
0.008606
0.00069
0.000724
0.003572
0.000916
0.001056
1.2e-05
8.4e-05
0.006517
0.001567
0.003714
0.003696
0.000772
0.003701
7.8e-05
0.000487
0.001736
0.000119
0.0022
0.001113
0.004271
0.000722
0.000254
0.002364
0.000573
7.2e-05
0.000992
0.002527
0.001892
0.000278
0.013903
5.1e-05
0.010592
0.002914
0.007202
0.004178
1.5e-05
0.005019
0.000149
0.000257
0.000202
6e-05
0.000172
0.010651
0.000153
8.9e-05
2.2e-05
0.000426
0.000278
0.000106
0.000794
0.003737
0.000108
0.000896
0.001402
0.002381
0.002866
0.000103
0.000341
0.018675
0.002246
0.001452
0.000113
0.000936
0.00279
0.007198
0.007505
0.000342
9.2e-05
0.002574
0.002254
7.6e-05
0.002411
0.003625
2.6e-05
0.001831
0.044216
0.000202
0.00494
0.013373
0.005369
0.004886
0.000677
0.00142
0.001014
0.002627
0.006323
0.000434
0.013727
0.004147
9.8e-05
0.017233
0.001599
0.0014
0.000123
0.001987
0.009608
0.000162
0.000909
0.005397
0.006834
3.4e-05
0.002403
0.006897
0.000516
0.000789
0.013384
0.001532
0.001314
0.017733
0.000196
0.006301
0.001979
0.001222
0.000847
6.6e-05
0.000223
0.001779
0.010675
0.001045
0.002684
0.002389
0.025309
0.002177
0.005625
0.000836
7.9e-05
0.002419
0.001661
4.6e-05
0.003558
8e-05
0.000211
5.7e-05
6.7e-05
3.3e-05
0.012035
0.000373
4.9e-05
0.00013
0.003678
6.3e-05
0.002715
0.015155
0.009138
0.01295
0.000716
0.005882
0.030121
0.000333
7.3e-05
0.03121
0.006145
0.016682
8e-05
0.002125
0.000175
0.00028
0.001206
0.006527
0.029422
0.000496
0.010281
0.000639
0.043743
0.001063
0.018457
0.000866
0.002058
0.000106
0.007864
0.001475
0.013882
0.001893
0.000463
0.000563
0.000313
0.00131
0.000585
0.000117
0.00058
0.001578
0.024577
0.001192
0.013402
0.000119
0.025512
0.002284
0.000217
0.000148
0.004866
0.000217
0.016648
0.011013
8.9e-05
0.010098
0.002299
0.018988
0.000261
0.00421
0.037113
0.000398
0.009268
0.000135
0.002657
0.000215
0.002516
0.0105
0.000949
0.000252
0.002413
0.001011
0.000844
0.000442
0.00357
0.019496
0.000735
0.001113
0.000458
0.000581
0.005785
0.004358
0.000974
0.000391
0.00195
2.8e-05
0.002021
4.1e-05
0.001036
0.00218
0.000187
0.000251
0.009417
0.005116
0.00054
0.000181
0.000264
0.011126
0.004432
0.001497
0.008573
2.4e-05
0.001478
0.00021
3.2e-05
0.010612
0.000546
6e-05
0.00521
0.001273
0.000106
0.007832
0.000108
0.016141
0.000282
0.000802
0.000101
0.0089
0.017034
0.000503
0.000947
6.4e-05
0.002296
0.00076
0.003682
0.003554
0.002726
0.000516
0.001088
0.001162
4.2e-05
0.001623
0.019727
0.003584
0.000256
0.023169
0.000437
0.000107
1.5e-05
0.008941
0.011769
6.2e-05
0.00338
2.4e-05
0.0077
0.000833
0.00052
6.1e-05
0.000924
0.019195
0.000725
0.00143
0.002104
0.000398
0.000737
0.000426
0.000233
0.009603
0.000371
0.019678
0.015435
0.000927
