0.007533
0.005847
0.032609
0.003334
0.008619
0.008948
0.012203
0.018687
0.02514
0.002615
0.007926
0.001066
0.019614
0.038432
0.010238
0.000839
0.018248
0.014392
0.019313
0.000952
0.001448
0.007014
0.005286
0.001656
0.001163
0.025642
0.006241
0.003003
0.00895
7.9e-05
0.002533
0.004813
0.019393
0.0016
0.009414
0.000727
0.022232
0.001007
0.084259
0.001245
0.011354
0.002648
0.01325
0.007402
0.016188
0.004763
0.002395
0.019279
0.033483
0.024082
0.002457
0.00115
0.000499
0.003794
0.018534
0.002405
0.009086
0.0218
0.002102
0.001811
0.001019
0.013839
0.043964
0.019506
0.001626
0.009684
0.016843
0.00983
0.016551
0.005883
0.027808
0.00535
0.011472
0.002379
0.030509
0.004239
0.019656
0.009362
0.019341
0.000243
0.009044
0.000219
0.002233
0.045787
0.00888
0.002742
0.030192
0.000733
0.027694
0.016908
0.002447
0.002404
0.013299
0.000413
0.005832
0.000968
0.007322
0.006596
0.007649
0.000584
0.000642
0.086422
0.02939
0.007103
0.007952
0.01016
0.002741
0.041732
0.009447
0.026887
0.005308
0.00155
0.002344
0.008366
0.018123
0.017038
0.000426
0.004599
0.00021
0.03686
0.022846
0.006613
0.00101
0.014826
0.068304
0.001616
0.013674
0.008852
0.018724
0.01978
0.008427
0.070072
0.042427
0.004015
0.002149
0.002638
0.000545
0.014496
0.002446
0.013887
0.001641
0.021745
0.024394
0.001295
0.009195
0.009953
0.001083
0.009799
0.001812
0.015633
0.006247
0.000198
0.00525
0.005999
0.007912
0.015337
0.084768
0.001365
0.016701
0.004924
0.004102
0.002001
0.001479
0.008083
0.002869
0.005794
0.012739
0.002567
0.020433
0.008626
0.004983
0.010605
0.016706
0.009251
0.003409
0.023455
0.007633
0.00301
0.001196
0.011258
0.012378
0.002738
0.020738
0.025217
0.00737
0.003719
0.039752
0.029625
0.010816
0.002608
0.001626
0.001096
0.002983
0.001191
0.00257
0.010282
0.001191
0.002028
0.003404
0.001667
0.027355
0.013942
0.001264
0.000512
0.003788
0.012248
0.008511
0.002015
0.027046
0.014889
0.004467
0.021626
0.003045
0.000698
0.012643
0.035775
0.010939
0.001112
0.013079
0.045403
0.01495
0.013649
0.004706
0.007717
0.001244
0.022595
0.008703
0.004918
0.054107
0.007797
0.004999
0.017141
0.005754
0.016739
0.000362
0.020558
0.016398
0.015053
0.004165
0.000451
0.003046
0.015764
0.003034
0.004977
0.001224
0.001192
0.013292
0.03093
0.024354
0.052547
0.02211
0.013109
0.000597
0.008968
0.013449
0.023167
0.028205
0.021414
0.001794
0.017043
0.02894
0.002556
0.019365
0.001774
0.009176
0.012678
0.000196
0.023635
0.007622
0.003613
0.004115
0.00161
0.022835
0.047366
0.00635
0.003464
0.023418
0.007607
0.008738
0.01024
0.000535
0.011133
0.049283
0.010107
0.013889
0.047749
0.008111
0.003235
0.032694
0.007246
0.000573
0.012301
0.026587
0.010063
0.020005
0.011553
0.010738
0.003224
0.018014
0.012776
0.001259
0.00115
0.004773
0.009541
0.01114
0.003056
0.018623
0.002267
0.003882
0.018448
0.008033
0.012645
0.001084
0.03206
0.063927
0.005885
0.013801
0.001417
0.010422
0.008679
0.001465
0.012927
0.000298
0.028841
0.016781
0.055438
0.035857
0.020405
0.013985
0.006093
0.002146
0.008732
0.022014
0.021934
0.004745
0.015371
0.024683
0.001319
0.016244
0.059188
0.00111
0.087955
0.029951
0.011062
0.048169
0.004783
0.051179
0.003086
0.007582
0.006078
0.021608
0.022557
0.01115
0.004103
0.012228
0.000423
0.009236
0.020822
0.000303
0.000606
0.015675
0.001528
0.00173
0.037708
0.002709
0.000518
0.000464
0.007454
0.02221
0.023792
0.031736
0.003565
0.023038
0.007159
0.018089
0.025801
0.003562
0.022509
0.003333
0.026351
0.058598
0.003488
0.012213
0.00708
0.002518
0.015714
0.022481
0.02101
0.001709
0.004128
0.013496
0.000838
0.01685
0.022268
0.003185
0.006833
0.012445
0.016113
0.000738
0.030748
0.006457
0.007561
0.008038
0.033023
0.010225
0.012095
0.00351
0.033916
0.012317
0.002211
0.008615
0.004072
0.006568
0.012088
0.057909
0.006856
0.009483
0.022658
0.021134
0.00298
0.004874
0.031971
0.00434
0.020717
0.012796
0.027666
0.007713
0.003365
0.002927
0.031257
0.002749
0.016264
0.027747
0.006529
0.010333
0.0027
0.009211
4.1e-05
0.014116
0.004102
0.004378
0.003167
0.005411
0.030159
0.008971
0.002702
0.010986
0.009018
0.002488
0.00644
0.012049
0.010585
0.014962
0.034124
0.002287
0.003304
0.000656
0.010719
0.004551
0.000693
0.001606
0.000594
0.010437
0.003599
0.025698
0.002931
0.00881
0.016353
0.043185
0.007187
0.050025
0.043957
0.037125
0.000755
0.027887
0.057108
0.004724
0.008098
0.028182
0.001887
0.006509
0.009828
0.01926
0.00234
0.001254
0.020725
0.021245
0.031821
0.015287
0.035833
0.001049
0.009077
0.013887
0.006167
0.002461
3e-05
0.042734
0.004299
0.006429
0.016016
0.021202
0.030624
0.005163
0.001051
0.007631
0.00675
0.01269
0.002454
0.002852
0.009842
0.008248
0.011137
0.006396
0.01612
0.052673
0.04549
0.006098
0.000473
0.004551
0.008579
0.000877
0.030478
0.05692
0.001162
0.015878
0.016973
0.014879
0.000247
0.011066
0.011839
0.025083
0.035696
0.006875
0.032853
0.001441
0.000106
0.009731
0.000993
0.000657
0.039938
0.002699
0.044424
0.002301
0.002448
0.029408
0.005963
0.00185
0.031877
0.025764
0.001669
0.001847
0.013103
0.009364
0.009402
0.009536
0.0042
0.001533
0.02622
0.004477
0.000396
0.011563
0.00305
0.024374
0.007083
0.033487
0.001548
0.007247
0.000231
0.029102
0.01006
0.024874
0.023498
0.021971
0.004774
0.027713
0.015338
0.034049
0.011344
0.00807
0.023697
0.000677
0.024346
0.013291
0.003306
0.010106
0.003886
0.005864
0.001556
0.001089
0.018254
0.004789
0.020388
0.06831
0.019949
0.010213
0.00207
0.006153
0.04788
0.010822
0.036523
0.037114
0.000544
0.003691
0.015598
0.003118
0.032432
0.037281
0.004865
0.025902
0.011255
0.012013
0.037761
0.00461
0.005136
0.004784
0.007731
0.002234
0.006599
0.001954
0.015297
0.065841
0.030154
0.019549
0.009647
0.00275
0.002571
0.020215
0.001127
0.00724
0.001527
0.004148
0.008301
0.007613
0.006862
0.001116
0.005748
0.018914
0.02368
0.03475
0.056153
0.000944
0.024636
0.040369
0.012716
0.012064
0.007096
0.002517
0.004894
0.016764
0.018203
0.004671
0.000284
0.041769
0.064959
0.00359
0.012849
0.014089
0.021108
0.04626
0.011035
0.013958
0.002191
0.001036
0.019304
0.001515
0.007996
0.001576
0.001137
0.006192
0.004959
0.019962
0.001228
0.020145
0.003716
0.015625
0.001615
0.007073
0.018687
0.030081
0.00277
0.005025
0.006996
0.000997
0.011538
0.006478
0.010694
0.00779
0.004555
0.013255
0.02646
0.002813
0.000155
0.004295
0.014266
0.004464
0.006112
0.007337
0.023955
0.002782
0.008843
0.021877
0.010189
0.010041
0.027511
0.007987
0.005023
0.008771
0.006309
0.00344
0.001003
0.026814
0.001881
0.01602
0.01309
0.002439
0.008566
0.012745
0.001831
0.023414
0.001559
0.005474
0.024024
6.6e-05
0.001351
0.027957
0.002781
0.008311
0.001288
0.02389
0.00435
0.021452
0.022708
0.019553
0.010372
0.001185
0.000291
0.006336
0.002027
0.027199
0.00598
0.010775
0.011535
0.017527
0.013337
0.001053
0.019335
0.010913
0.002545
0.000959
0.022657
0.025531
0.029233
0.023146
0.003503
0.002972
9.4e-05
0.047277
0.013807
0.015544
0.004002
0.007022
0.007075
0.011676
0.005637
0.008121
0.040264
0.000446
0.006686
0.003121
0.013029
0.001856
0.008355
0.002125
0.005442
0.033116
0.025458
0.037244
0.001577
0.050202
0.007245
0.063845
0.001078
0.009567
0.007215
0.014694
0.002096
0.037392
0.008511
0.011745
0.021461
0.000516
0.004738
0.046145
0.017613
0.010137
0.028866
0.001186
0.001684
0.009842
0.015866
0.001709
0.000371
0.005662
0.00055
0.032889
0.001003
0.002531
0.018333
0.030154
0.000287
0.005312
0.012552
0.00212
0.019397
0.009883
0.009661
0.003109
0.009241
0.0216
0.033108
0.027145
0.002147
0.000272
0.00982
0.001528
0.031318
0.002274
0.00754
0.027188
0.027178
0.008771
0.00921
0.03071
0.036511
0.000974
0.038983
0.000273
0.000186
0.00058
0.021706
0.006024
0.046314
0.008676
0.003734
0.016457
0.001969
0.00328
0.011821
0.023821
0.001559
0.013314
0.01042
0.002402
0.00664
0.041522
0.001389
0.024444
0.016415
0.005998
0.016775
0.036063
0.003335
0.000148
0.017301
0.001851
0.003631
0.002335
0.001382
0.001064
0.052979
0.002075
0.014731
0.00033
0.004062
0.004685
0.000806
0.014419
0.011345
0.021517
0.008321
0.027804
0.014794
0.022426
0.014501
0.001132
0.033464
0.021683
0.005219
0.01612
0.017787
0.030219
0.01117
0.021327
0.015823
0.000138
0.073531
0.004041
0.017527
0.003648
0.012471
0.009991
0.028653
0.012034
0.001624
0.004014
0.001068
0.010798
0.01942
0.039982
0.00214
0.0167
0.004243
0.012901
0.00282
0.028961
0.029712
0.029292
0.018753
0.013197
0.011126
0.046127
0.01062
0.018814
0.002834
0.041102
0.023955
0.013937
0.001633
0.000274
0.015593
0.001035
0.00048
2.9e-05
0.03001
0.018157
0.0051
0.001851
0.000582
0.008134
0.038781
0.000691
0.013195
8.2e-05
0.000467
0.008563
0.014138
0.035121
0.032303
0.002096
0.011179
0.055579
0.001609
0.015169
0.063369
0.001351
0.015348
0.017418
0.012593
5.2e-05
0.002319
0.00188
0.009978
0.005493
0.014081
0.003192
0.015918
0.007742
0.001828
0.001554
0.02174
0.033014
0.00322
0.003204
0.029665
0.054745
0.002361
0.003982
0.015819
0.009169
0.003615
0.017185
0.036094
0.011204
0.027045
0.00659
0.033395
0.022535
0.00366
0.005049
0.009647
0.014017
0.001041
6e-05
0.009815
0.020671
0.01683
0.01062
0.085933
0.014556
0.002572
0.017243
0.006812
0.017769
0.009166
0.008425
0.014893
0.000791
0.003585
0.039766
0.016517
0.049522
0.005333
0.028142
0.030804
0.027632
0.000898
0.004398
0.03296
0.037211
0.005663
0.001923
0.000236
0.005426
0.030895
0.009684
0.078533
0.009874
0.001408
0.005351
0.014135
0.000336
0.018968
0.017357
0.01084
0.015378
0.04637
0.009958
0.031452
0.008429
0.003611
0.006229
0.004584
0.000166
0.008045
0.029207
0.005226
0.010155
0.012761
0.014647
0.013776
0.00975
0.040172
0.000952
0.019455
0.00786
0.005911
0.011984
0.004994
0.022604
0.00656
0.000852
0.035344
0.004448
0.004918
0.020373
0.037167
0.010161
0.03638
0.020239
0.025019
0.010282
0.010812
0.091187
0.005083
0.04689
0.035868
0.008963
0.057901
0.018501
0.018687
0.003135
0.002858
0.016394
0.034734
0.009068
0.002803
0.000361
0.015128
0.023879
0.001258
0.004076
0.010985
0.005346
0.024553
0.00599
0.03198
0.001259
0.005386
0.003192
0.014295
0.001784
0.035113
0.014355
0.023176
0.012868
0.002591
0.024441
0.023528
0.017564
0.002417
0.059416
0.003368
0.009288
0.011701
3.9e-05
0.001203
0.0146
0.017636
0.010439
0.001386
0.001336
0.027338
0.010385
0.011314
0.061785
0.005481
0.01941
0.010374
0.005784
0.008543
0.006897
0.002621
0.008754
0.007199
0.021025
0.015772
0.007068
0.00382
0.022243
0.001818
0.011565
0.034569
0.00673
0.002107
0.016212
0.001031
0.000155
0.033545
0.001953
0.00303
0.014527
0.008786
0.027331
0.006631
0.035052
0.012236
0.00893
0.049364
0.014118
0.000359
0.001496
0.008449
0.004074
0.003167
0.013746
0.000271
0.025921
0.006582
0.017858
0.017369
0.017632
0.014017
0.012106
0.010276
0.013712
0.001877
0.000617
0.018708
0.001258
0.015941
0.013484
0.013478
0.015279
0.002959
0.029426
0.020584
0.005221
0.007868
0.023083
0.007567
0.028845
0.035157
0.002395
0.004482
0.050621
0.059739
0.021652
0.009698
0.001267
0.011052
0.000216
0.002708
0.010235
0.00439
0.000698
0.00312
0.013137
0.00112
0.042122
0.009003
0.003592
0.011684
0.003828
0.00514
0.002073
0.000473
0.044579
0.015561
0.001231
0.004139
0.013772
0.01841
0.011297
0.01775
0.005641
0.012329
0.020639
0.013011
0.010329
0.003483
0.002333
0.00209
0.065834
0.015974
0.005998
0.031234
0.000543
0.008968
0.002093
0.009145
0.007372
0.001385
0.034269
0.000856
0.030789
0.00504
0.035986
0.011899
0.009906
0.000756
0.001063
0.014685
0.003804
0.00038
0.016565
0.00359
0.012311
0.00179
0.010294
0.015101
0.001225
0.008239
0.039596
0.006673
0.010493
0.012755
0.000997
0.003635
0.017155
0.008265
0.002087
0.026645
0.000456
0.001944
0.059061
0.013729
0.027149
0.021014
0.025008
0.020836
0.00253
0.007929
0.004293
0.006925
0.018694
0.020928
0.011069
0.014192
0.000299
0.002331
0.000777
0.000652
0.012746
0.016218
0.009104
0.003184
0.019635
0.000632
0.005008
0.028238
0.000149
0.011755
0.016538
0.005557
0.007136
0.008908
0.013676
0.017436
0.034314
0.030862
0.009144
0.018766
0.001945
0.015902
0.012064
0.000923
0.002693
0.067517
0.011983
0.019716
0.018791
0.058708
0.001575
0.000876
0.001413
0.006777
0.00021
0.042074
0.0087
0.016035
0.018258
0.014391
0.001406
0.013064
0.010037
0.001915
0.033292
0.00904
0.017541
0.009943
0.015926
0.001834
0.036451
0.017015
0.018719
0.00488
0.023476
0.017539
0.008478
0.028362
0.004771
0.01056
0.015532
0.031882
0.009503
0.002929
0.002304
0.002563
0.010573
0.009152
0.002139
0.000706
0.026115
0.08578
0.029122
0.000352
0.003116
0.00346
0.009018
0.001676
0.001189
0.004978
0.00854
0.018732
0.009827
0.00122
0.001655
0.018055
0.001617
0.001188
0.016688
0.015092
0.001413
0.015239
0.000284
0.003127
0.011488
0.007796
0.011494
0.011936
0.02818
0.005901
0.004785
0.023494
0.002997
0.000499
0.003591
0.002034
0.005006
0.007981
0.009551
0.022665
0.014789
0.031332
0.025569
0.006581
0.016547
0.017013
0.016878
0.002145
0.003265
0.02617
0.023304
0.003873
0.001939
0.001524
0.026821
0.0028
0.006534
0.000934
0.011976
0.021312
0.003654
0.010981
0.001908
0.000212
0.008872
0.07103
0.004993
0.003143
0.05613
0.014985
0.034453
0.000582
0.006486
0.094953
0.01605
0.015993
0.002796
0.016368
0.001671
0.017901
0.027414
0.011149
0.01118
0.018111
0.041252
0.002738
0.003403
0.013368
0.000493
0.002386
0.002176
0.001253
0.025221
0.000932
0.006542
0.005406
0.052018
0.046088
0.009418
0.009415
0.00039
0.001189
0.005954
0.01465
0.01726
0.024283
0.015272
0.006634
0.036686
0.022101
0.018693
0.091836
0.041963
0.001895
0.001112
0.023329
0.02958
0.022888
0.014701
0.006798
0.015238
0.018886
0.01308
0.00703
0.00086
0.030634
0.004746
0.00255
0.012715
0.018834
0.00314
0.000548
0.011716
0.016682
0.01015
0.002053
0.014244
0.012533
0.026297
0.005027
0.041896
0.012554
0.005274
0.025124
0.000139
0.004474
0.012197
0.020027
0.003894
0.004928
0.007104
0.000492
0.066759
0.029264
0.002224
0.011198
0.017923
0.021475
0.001169
0.047214
0.014835
0.002316
0.001726
0.001232
0.021748
0.00456
0.010152
0.031162
0.028679
0.005096
0.001882
0.013629
0.026925
0.01321
0.002396
0.005038
0.001812
0.00917
0.016658
0.018905
0.003095
0.011955
0.013398
0.000729
0.00468
0.001395
0.028538
0.044284
0.013352
2.8e-05
0.023875
0.004967
0.007786
0.018065
0.009225
0.006163
0.015693
0.015788
0.020342
0.009901
0.002415
0.017288
0.001117
0.014875
0.017883
0.005284
0.013218
0.016529
0.001215
0.026737
0.027932
0.015569
0.039195
0.01057
0.027261
0.000361
0.003226
0.018252
0.013792
0.004236
0.0035
0.003508
0.013344
0.004242
0.016976
0.010252
0.004298
0.007792
0.002925
0.01922
0.001018
0.016873
0.014255
0.017065
0.023154
0.014114
0.0248
0.022496
0.005114
0.049115
0.001555
0.00323
0.000255
0.004789
0.004944
0.001566
0.041321
0.007512
0.002199
0.004358
0.038802
0.003804
0.011882
0.020939
0.003412
0.024609
0.00813
0.039825
0.002805
0.028088
0.022428
0.028871
0.000897
0.057103
0.004563
0.000873
0.001927
0.003471
0.00015
0.03218
0.001027
0.031468
0.006179
0.0033
0.005612
0.000592
0.016998
0.000525
0.003946
0.032215
0.101299
0.009938
0.004893
0.023905
0.007355
0.001002
0.000611
0.004613
0.027867
0.003452
0.010974
0.000603
0.032269
0.001722
0.032441
0.003272
0.013655
0.001343
0.007265
0.007926
0.033342
0.017831
0.002763
0.007438
0.001726
0.007431
0.002049
0.007144
0.000417
0.002732
0.05503
0.015238
0.013329
0.033207
0.001802
0.030138
0.000667
0.03074
0.004722
0.016845
0.000314
0.002869
0.002614
0.021869
0.000108
0.023711
0.080546
0.014062
0.062633
0.026355
0.01278
0.001082
0.005663
0.022084
0.002597
6.2e-05
0.040576
0.001246
0.002689
0.007006
0.002926
0.023037
0.034935
0.028005
0.010145
0.007
0.015173
0.00198
0.005007
0.03783
0.034861
0.002589
0.027708
0.004185
0.00438
0.00299
0.00245
0.042671
0.018713
0.004326
0.065918
0.028436
0.003253
0.008307
0.008683
0.011465
0.009559
0.009311
0.018747
0.012759
0.003222
0.039843
0.002476
0.004369
0.001955
0.002634
0.002688
0.02568
0.003905
0.03434
0.005802
0.003502
0.000616
0.016824
0.001582
0.000572
0.000131
0.006929
0.001186
0.050284
0.013029
0.021088
0.004017
0.000948
0.000898
0.006678
0.02488
0.015719
0.025437
0.019926
0.010145
0.000509
0.037392
0.010266
0.009868
0.000896
0.010111
0.021451
0.001905
0.014518
0.003742
0.000496
0.006401
0.018983
0.002122
0.015198
0.000878
0.004001
0.026545
0.018837
0.01016
0.005403
0.01168
0.002401
0.032795
0.010983
0.011218
0.033983
0.001087
0.015015
0.060023
0.008517
0.026644
0.004019
0.006835
0.039943
0.00245
0.029866
0.000163
0.003526
0.000595
0.001364
0.02182
0.017569
0.00955
0.00515
0.011203
0.083292
0.016152
0.015766
0.001132
0.011279
0.003697
0.012433
0.000456
0.003311
0.01215
0.003777
0.002363
0.088295
0.005987
0.00285
0.00187
0.011241
0.00076
0.005104
0.012387
0.013476
0.004309
0.002821
0.002568
0.005161
0.013756
0.000277
0.045791
0.021132
0.001972
0.001861
0.004462
0.012036
0.015029
0.021548
0.002141
0.00239
0.00085
0.012523
0.013352
0.04419
0.000453
0.026751
0.018541
0.006141
0.009275
0.0064
0.005483
0.038431
0.003509
0.013115
0.005936
0.018378
0.003603
0.010394
0.02662
0.016917
0.012758
0.008677
0.009191
0.018109
0.036443
0.001157
0.001385
0.003155
0.040243
0.013561
0.005361
0.040739
0.004136
0.008317
0.004963
0.004872
0.050487
0.022986
0.005318
0.011334
0.041973
0.015998
0.014284
0.003489
0.006518
0.002767
0.026187
0.002259
0.002151
0.014033
0.017
0.004733
0.010206
0.039554
0.033134
0.015501
0.01332
0.021238
0.02456
0.011695
0.001425
0.001891
0.026601
0.016567
0.003946
0.013376
0.009626
0.000987
0.001773
0.012469
0.009597
0.000562
0.038662
0.001448
0.002992
0.058133
0.018862
0.009316
0.003387
0.014513
0.012898
0.014891
0.00373
0.010704
0.004186
0.014107
0.013663
0.021101
0.000151
0.010821
0.013404
0.048296
0.027268
0.019826
0.003424
0.004062
0.001416
0.005898
0.026201
0.001209
0.009119
0.002489
0.002046
0.001042
0.017754
0.047325
0.000212
0.001953
0.014231
0.002101
0.02808
0.019783
0.021398
0.017273
0.012402
0.009992
0.002081
0.001007
0.006458
0.006015
0.075665
0.003007
0.019506
0.00219
0.010576
0.024198
0.000488
0.034839
0.01385
0.004643
0.03636
4.6e-05
0.014235
0.024844
0.002167
0.048483
0.005971
0.019488
0.035483
0.010006
0.000454
0.020304
0.002057
0.006847
0.014885
0.006758
0.017882
0.023361
0.003335
0.025216
0.000374
0.000297
0.002318
0.00603
0.001653
0.02712
0.00133
0.054664
0.0004
0.011675
0.00597
0.00296
0.043354
0.001239
0.001192
0.054841
0.01607
0.003221
0.003066
0.015798
0.028877
0.004089
0.021181
0.009864
0.001342
0.028624
0.00109
0.010195
0.010058
0.027928
0.005469
0.003448
0.063337
0.008791
0.036421
0.002908
0.000124
0.003755
0.02332
0.009262
0.004608
0.000299
0.001354
0.005284
0.001135
0.007799
0.057697
0.002047
0.01684
0.02816
0.001289
0.001321
0.023342
0.018391
0.022388
0.023082
0.031593
0.020328
0.025843
0.038823
0.025861
0.004994
0.0043
0.00087
0.004304
0.019501
0.007086
0.019136
0.025408
0.000864
0.014479
0.025325
0.004141
0.016304
0.023978
0.00939
0.001566
0.021014
0.000636
0.036995
0.001052
0.015458
0.001297
0.025093
0.000829
0.024008
0.020528
0.008673
0.004732
0.019594
0.02392
0.022915
0.006303
0.005158
0.008057
2.4e-05
0.016755
0.026943
0.008919
0.006954
0.000516
0.031514
0.006525
0.00311
0.001006
0.030949
0.019748
0.004953
0.023053
0.02879
0.013592
0.009016
0.00053
0.010049
0.002472
0.01405
0.002841
0.020626
0.000924
0.00276
0.002114
0.100922
0.056587
0.005958
0.019187
0.001701
0.008809
0.026781
0.035494
0.000311
0.013171
0.002769
0.00383
0.012263
0.021719
0.024016
0.013821
0.008406
0.003625
0.000479
0.026792
0.001162
0.017086
0.000798
0.006389
0.002353
0.003095
0.004141
0.008961
0.007171
0.004325
0.036254
0.005089
0.016016
0.01609
0.00791
0.033455
0.016471
0.018636
0.002154
0.078277
0.012501
0.007165
0.016857
0.014963
0.018337
0.013709
0.003259
0.016139
0.015524
0.023064
0.036169
0.004729
0.008765
0.007009
0.018461
0.00762
0.005994
0.015434
0.017244
0.005545
0.012157
0.009835
0.086566
0.010271
0.006158
0.006481
0.014659
0.0308
0.000782
0.001098
0.139012
0.005768
0.035576
0.016207
0.000982
0.006964
0.006833
0.006215
0.000271
0.000425
0.001825
0.003371
0.001454
0.00133
0.002847
0.005631
0.012449
0.003326
0.01962
0.028163
0.009148
0.00303
0.001106
0.055589
0.00089
0.006245
0.012205
0.040644
0.022605
0.023418
0.01075
0.000313
0.068205
0.01384
0.008877
0.00339
0.007039
0.020963
0.002994
0.002191
0.002718
0.000703
0.016935
0.036664
0.012163
0.007637
0.003155
0.015992
0.010142
0.003915
0.00245
0.026427
0.042557
0.033135
0.040387
0.020899
0.003169
0.009657
0.001137
0.019174
0.001172
0.02228
0.012447
0.002065
0.001182
0.000481
0.014172
0.028733
0.007776
0.007901
0.015252
0.001375
0.000609
0.001657
0.01313
0.045896
0.019551
0.00021
0.004819
0.000999
0.002244
0.00968
0.021378
0.007893
0.004006
0.02573
0.014333
0.029874
0.001975
0.003532
0.002713
0.064486
0.007079
0.003911
0.024775
0.01717
0.036244
0.004831
0.036738
0.017279
0.012821
0.002065
0.018501
0.000963
0.028216
0.034014
0.009835
0.011628
0.007569
0.019636
0.036916
0.000794
0.004239
0.000855
0.04723
0.001783
0.00125
0.025386
0.004913
0.001961
0.003006
0.00629
0.003828
0.002593
0.002557
0.010043
0.00388
0.013832
0.001702
0.002556
0.020896
0.02257
0.00728
0.021398
0.008503
0.024229
0.002083
0.011965
0.024704
0.01013
0.006897
0.02264
0.005754
0.021653
0.005165
0.001268
0.003101
0.030531
0.017548
0.011781
0.002759
0.010908
0.005721
0.019046
0.001317
0.02007
0.005223
0.009657
0.040318
0.006555
0.002483
0.004986
0.001515
0.009755
0.018688
0.001991
0.009423
0.011538
0.003425
0.005922
0.029595
0.000165
0.00893
0.039057
0.01069
0.012501
0.001245
0.024788
0.003254
0.01317
0.011507
0.023747
0.002339
0.033527
0.000319
0.050088
0.007121
0.019248
0.008328
0.002247
0.003182
0.030264
0.051573
0.001398
0.019119
0.000489
0.025687
0.022267
0.010161
0.00928
0.007939
0.00831
0.001634
0.011577
0.011301
0.014614
0.010664
0.001346
0.018183
0.007243
0.015165
0.00461
0.000198
0.006812
0.024791
0.001393
0.008867
0.002707
0.001947
0.008035
0.017462
0.057781
0.000976
0.028867
0.009229
0.004078
0.004958
0.001018
0.010138
0.011089
0.000175
0.005477
0.008326
0.014785
0.014541
0.031786
0.002334
0.008753
0.025016
0.006177
0.000906
0.000464
0.006688
0.005991
0.022298
0.019275
0.015835
0.014978
0.004809
0.000182
0.004886
0.002664
0.014565
0.016617
0.024993
0.006417
0.006681
0.005881
0.024002
0.036597
0.003457
0.001339
0.009058
0.002406
0.009153
0.009723
0.013304
0.007676
0.011571
0.013615
0.010421
0.031225
0.013403
0.002095
0.004535
0.008191
0.019202
0.000202
0.002082
0.00117
0.003726
0.014261
0.022682
0.0023
0.042912
0.000997
0.015209
0.015435
0.004066
0.000422
0.017338
0.050719
0.004916
0.063081
0.028843
0.002781
0.005057
0.006044
0.012267
0.022407
0.002719
0.021902
0.016944
0.024392
0.01699
0.007872
0.004696
0.025554
0.069345
0.00523
0.001698
0.007269
0.002541
0.027181
0.015523
0.001148
0.001681
0.002692
0.017454
0.014892
0.024873
0.025547
0.004892
0.010003
0.001159
0.010237
0.008852
0.016572
0.007282
0.014406
0.050948
0.0159
0.013206
0.018195
0.005624
0.059849
0.024288
0.003112
0.052693
0.016507
0.034807
0.010538
0.025515
0.021961
0.011863
0.002184
0.035865
0.002801
0.007467
0.000144
0.02071
0.010449
0.058593
0.006727
0.015528
0.00504
0.003745
0.002694
0.006926
0.000475
0.004037
0.014626
0.03922
0.007038
0.002055
0.036715
0.009478
0.008294
0.004302
0.000662
0.004288
0.043296
0.002368
0.009678
0.009474
0.012938
0.002305
0.014844
0.018062
0.025787
0.020948
0.008616
0.004609
0.001294
0.006592
0.00232
0.008846
0.012529
0.029439
0.035716
0.012129
0.001373
0.00017
0.028541
0.001545
0.001678
0.004617
0.006191
0.001912
0.095301
0.00024
0.000374
0.003291
0.015149
0.004873
0.00043
0.004723
0.024989
0.023885
0.019614
0.003341
0.004817
0.000553
0.002197
0.000236
0.016345
0.001686
0.007993
0.013766
0.007881
0.024816
0.00384
0.000537
0.002543
0.002395
0.005158
0.013068
0.017942
0.017024
0.059345
0.013624
0.014063
0.003544
0.000101
0.002951
0.001229
0.01495
0.006648
0.017056
0.012915
0.011893
0.017243
0.000405
0.017943
0.02183
0.001826
0.010415
0.021219
0.024181
0.009975
0.011622
0.008985
0.001172
0.001375
0.001029
0.002662
0.002762
2.8e-05
0.00895
0.001728
0.007412
0.000183
0.007641
0.00544
0.024475
0.001114
0.004703
0.000869
0.004139
0.019039
0.006085
0.024062
0.00939
0.000489
0.002658
0.001895
0.001094
0.024971
0.000564
0.004726
0.019165
0.000477
0.007349
0.017894
0.025525
0.031727
0.083375
0.020731
0.006598
0.021036
0.023963
0.031758
0.015256
0.001467
0.01106
0.007155
0.00115
0.000597
0.00812
0.001726
0.004727
0.004242
0.006866
0.02317
0.012319
0.025973
0.01649
0.016979
0.006246
0.017015
0.024723
0.00034
0.008587
0.002461
0.059819
0.02495
0.015962
0.000697
0.034773
0.009239
0.000355
0.00709
0.009563
0.06161
0.012454
0.002382
0.012491
0.004144
0.011397
0.047477
0.016377
0.00231
0.005221
0.023708
0.002273
0.001283
0.02248
0.00781
0.000182
0.032938
0.005013
0.000273
0.022595
0.010934
0.034819
0.016815
0.007058
0.014586
0.033178
0.015253
0.004152
0.003959
0.004782
0.050008
0.011908
0.017253
0.005001
0.079779
0.031278
0.011419
0.022368
0.005862
0.018503
0.027075
0.017354
0.000492
0.000139
0.02154
0.010054
0.002038
0.006644
0.00512
0.002585
0.013855
0.007604
0.018305
0.005657
0.001837
0.010876
0.013222
0.003188
0.005825
0.009152
0.011931
0.002931
0.007975
0.01147
0.006329
0.001246
0.013186
0.004473
0.020765
0.014792
0.000476
0.018815
0.000472
0.0201
0.010404
0.033868
0.004608
0.001995
0.005295
0.014169
0.011946
0.016473
0.031191
0.004724
0.000384
0.011724
0.030489
0.004301
0.028025
0.020816
0.002179
0.069285
0.003066
0.047952
0.01637
0.002785
0.006239
0.000302
0.001448
0.013134
0.009973
0.002254
0.008537
0.006707
0.018773
0.014057
0.013091
0.049498
0.003961
0.025782
0.001585
0.011714
0.001392
