0.000256
0.025616
0.002521
0.009059
0.001602
0.00216
0.000593
0.003589
0.00553
0.005896
0.001707
0.008347
0.0097
0.01651
0.00721
0.014481
0.008724
0.010003
0.011978
0.000652
0.002727
0.008996
0.004077
0.030204
0.00414
0.003543
0.004535
0.005531
0.043461
0.023152
0.006098
0.011003
0.0184
0.035908
0.017789
0.010618
0.004362
0.027236
0.000911
0.003138
0.00173
0.006038
0.002918
0.035657
0.014881
0.016006
0.006115
0.004917
0.002926
0.006193
0.019245
0.002839
0.007405
0.001835
0.012719
0.003467
0.006482
0.020688
0.000796
0.002799
0.001041
0.004226
0.004276
0.017929
0.015239
0.025458
0.018704
0.002329
0.000836
0.02038
0.000836
0.017277
0.036928
0.043394
0.008721
0.032127
0.003012
0.003807
0.001226
0.000575
0.024384
0.097678
0.005848
0.032649
0.035213
0.00103
0.020217
0.023261
0.01681
0.004796
0.003595
0.017223
0.010899
0.005029
0.000533
0.001698
0.013528
0.00305
0.012016
0.025759
0.017748
0.019576
0.000979
0.01497
0.006043
0.013299
0.030074
0.008846
0.017219
0.003432
0.01921
0.002655
0.012035
0.009418
0.007907
0.000376
0.013029
0.006048
0.001972
0.004097
0.009559
0.034224
0.002377
0.005439
0.001089
0.036532
0.013785
0.026552
0.01387
0.021208
0.003741
0.023512
0.013937
0.022529
0.004624
0.005749
0.004948
0.000874
0.030934
0.010456
0.007542
0.005158
0.015815
0.011604
0.040106
0.000981
0.003188
0.004509
0.003989
0.00073
0.000185
0.035265
0.039826
0.001118
0.001583
0.010403
0.016011
0.00142
0.006941
0.007993
0.039272
0.011475
0.025868
0.003977
0.005007
0.000244
0.000981
0.023526
0.002394
0.015479
0.009402
0.001886
0.004402
0.00018
0.027477
0.003122
0.02043
0.034708
0.01533
0.005507
0.002912
0.003915
0.007202
0.015925
0.015353
0.011947
0.01126
0.06544
0.00164
0.019697
0.029698
0.003204
0.004388
0.002679
0.001481
0.00446
0.014339
0.013085
0.01503
0.017633
0.001197
0.003525
0.016262
0.001004
0.013375
0.001842
0.006336
0.002076
0.061754
0.004007
0.015526
0.002752
0.004992
0.005908
0.005156
0.01767
0.002115
0.002304
0.006269
0.006005
0.009446
0.023479
0.006193
0.004108
0.013594
0.004867
0.002991
0.001213
0.013232
0.013122
0.009649
0.003792
0.018344
0.029354
0.002725
0.004913
0.028842
0.044463
0.009962
0.01601
0.017062
0.009243
0.018236
0.044947
0.00773
0.042354
0.032528
0.009232
0.019418
0.022178
0.046672
0.000588
0.016997
0.000601
0.007772
0.020675
0.008073
0.017607
0.009009
0.012551
0.006074
0.035658
0.006997
0.004603
0.058776
0.023263
0.004341
0.001885
0.006893
0.011781
0.012787
0.008373
0.024078
0.006383
0.036688
0.028389
0.001446
0.016056
0.009541
0.00961
0.011644
0.006593
0.032965
0.00731
0.004311
0.020367
0.010668
0.038835
0.00376
0.023825
3.3e-05
0.010226
0.008866
0.021523
0.004897
0.013732
0.005771
0.038657
0.009516
0.016795
0.026318
0.004513
0.004719
0.006193
0.003148
0.038596
0.00083
0.032885
0.000558
0.002876
0.030181
0.003119
0.026538
0.009544
0.000885
0.001359
0.008708
0.011238
0.009282
0.01363
0.005763
0.013459
0.008181
0.023243
0.010534
0.008152
0.023746
0.002549
0.014619
0.021786
0.002104
0.067364
0.003358
0.004978
0.001054
0.097478
0.004397
0.034917
0.024047
0.004443
0.011409
0.009612
0.00366
0.001167
0.018175
0.006025
0.00575
0.03347
0.017563
0.009665
0.001177
0.005488
0.009754
0.001817
0.013224
0.011059
0.00554
0.025752
0.018598
0.004546
0.020674
0.017745
0.018154
0.00934
0.020229
0.012612
0.00937
0.003054
0.006605
0.017046
0.081788
0.004913
0.000585
0.023348
0.04359
0.001988
0.009354
0.018642
0.001333
0.00403
0.005282
0.003652
0.001229
0.016095
0.024439
0.029734
0.000786
0.002861
0.001018
0.00098
0.002842
0.030272
0.004732
0.008149
0.001743
0.001245
0.004908
0.016182
0.006708
0.011098
0.017601
0.007745
0.00821
0.026833
0.051339
0.042971
0.026925
0.028951
0.008097
0.000225
0.013918
0.003264
0.0025
0.009659
0.014809
0.010552
0.0166
0.01811
0.003314
0.008413
0.001211
0.002863
0.018735
0.02266
0.036445
0.006906
0.015831
0.001129
0.00139
0.002275
0.000811
0.011088
0.008013
0.014818
0.004127
0.00905
0.006656
0.006084
0.004316
0.042042
0.004186
0.001075
0.005745
0.004768
0.032777
0.027892
0.020052
0.011017
0.00159
0.000355
0.000667
0.014567
0.00167
0.01193
0.021076
0.039873
0.002621
0.021802
0.00984
0.015573
0.013014
0.022466
0.00036
0.003451
0.001396
0.037845
0.001533
0.014387
0.024075
0.007198
0.004719
0.008605
0.001051
0.010838
0.003339
0.00168
0.02893
0.001498
0.032091
0.01561
0.007202
0.009514
0.00499
0.000279
0.04704
0.00758
0.063667
0.001404
0.01922
0.019285
0.001856
0.022375
0.004271
2.1e-05
0.043323
0.035731
0.001132
0.014437
0.014753
0.002472
0.003491
0.001418
0.002868
0.016785
0.006718
0.014449
0.004229
0.003274
0.000291
0.000261
0.008748
0.014773
0.06535
0.003153
0.001374
0.017183
0.002729
0.006999
0.009467
0.008797
0.018976
0.00036
0.023044
0.009966
0.002439
0.001347
0.018558
0.013149
0.00479
0.002957
0.023449
0.00339
0.001025
0.001327
0.000586
0.052445
0.02821
0.030503
0.020344
0.008394
0.019445
0.019398
0.003288
0.038999
0.012279
0.007711
0.012991
0.034634
0.015966
0.022601
0.017519
0.018299
0.017379
0.000595
0.001033
0.002572
0.014188
0.005331
0.014614
0.008122
0.002544
0.011808
0.001569
0.000989
0.0016
0.0039
0.002297
0.005533
0.03084
0.004579
0.013455
0.012778
0.047742
0.00165
0.029228
0.004697
0.010746
0.020484
0.002578
0.001092
0.001143
0.007211
0.007015
0.012241
0.010215
0.015699
0.009134
0.020954
0.000711
0.003585
0.00996
0.036791
0.006593
0.023594
3.6e-05
0.006142
0.002725
0.053952
0.007945
0.002646
0.025842
0.010023
0.015775
0.003679
0.007124
0.007308
0.00166
0.008941
0.006593
0.021625
0.002577
0.010404
0.0032
0.040031
0.01616
0.003479
0.001454
0.028729
0.021624
0.000764
0.014734
0.000419
0.053857
0.002122
0.014573
0.002495
0.051686
0.035274
0.001975
0.004159
0.013192
0.034523
0.000641
0.03323
0.025221
0.008472
0.009025
0.027994
0.00664
0.02422
0.009807
0.005442
0.038872
0.017357
0.035778
0.038912
0.011468
0.021962
0.002833
0.005205
0.013809
0.021264
0.015053
0.045827
0.01122
0.018384
0.006125
0.013149
0.00904
0.000722
0.028084
0.011418
0.037149
0.000441
0.001919
0.0024
0.008626
0.033702
0.006608
0.02947
0.007364
0.013526
0.005886
0.000233
0.001786
0.023337
0.084391
0.006666
0.002996
0.018755
0.002093
0.000697
0.010847
0.005604
0.005485
0.014478
0.024371
0.007823
0.002116
0.033693
0.021469
0.003234
0.047888
0.032813
0.000802
0.001289
0.016199
0.026906
0.015364
0.012309
0.016863
0.033692
0.001539
0.017253
0.002279
0.004253
0.033853
0.006438
0.029734
0.007399
0.001782
0.004157
0.005519
0.008902
0.003821
0.017708
0.005974
0.001445
0.000149
0.013885
0.004881
0.008634
0.01682
0.016907
0.00084
0.000212
0.001925
0.011428
0.037789
0.004083
0.000408
0.002066
0.028347
0.000507
0.005901
0.005683
0.023752
0.016487
0.017358
0.004326
0.004003
0.00028
0.028603
0.001829
0.001231
0.009755
0.001049
0.0029
0.014788
0.00232
0.018935
0.001554
0.0235
2.7e-05
0.003097
0.005927
0.00543
0.036034
0.007556
0.017496
0.019977
0.005014
0.000392
0.012661
0.002544
0.000339
0.038446
0.013428
0.001027
0.001283
0.007929
0.004208
0.03366
0.00203
0.025539
0.035065
0.007695
0.017097
0.000122
0.003205
0.000933
0.003257
0.001128
0.003348
0.014325
0.00197
0.003839
0.019065
0.003189
0.034083
0.013704
0.005305
0.0155
0.027167
0.0065
0.034697
0.001098
0.000967
0.001377
0.012513
0.007592
0.088308
0.012133
0.005592
0.003927
0.005787
0.004797
0.014309
0.040858
0.013927
0.015336
0.002631
0.011664
0.044204
0.005745
0.003997
0.042664
0.016037
0.004956
0.014858
0.017004
0.001978
0.001872
0.006243
0.02029
0.017901
0.010914
0.000609
0.007168
0.019884
0.006614
0.002293
0.003196
0.004145
0.003621
0.003411
0.07
0.004442
0.019869
0.029034
0.001159
0.02483
0.002295
0.011777
0.018039
0.014443
0.012738
0.017364
0.003699
0.000519
0.019876
0.019534
0.015316
0.005108
0.005009
0.038532
0.016944
0.004667
0.002983
0.004674
0.009567
0.008344
0.002399
0.001548
0.001476
0.003717
0.068751
0.001079
0.011391
0.026494
0.008374
0.009713
0.012419
0.01334
0.010292
0.00062
0.001114
0.00673
0.001869
0.032299
0.001648
0.000458
0.007849
0.000798
0.003127
0.017298
0.013162
0.004173
0.003552
0.035201
0.013704
0.008593
0.01153
0.003637
0.010614
0.035464
0.017401
0.001701
0.01983
0.024907
0.000516
0.000137
0.004351
0.003048
0.001966
0.005456
0.000696
0.00268
0.002601
0.006315
0.006812
0.010684
0.00413
0.029604
0.005738
0.012377
0.001845
0.015006
0.003769
0.007732
0.011224
0.018698
0.006962
0.00582
0.000502
0.0073
0.002584
0.02449
0.014461
0.018845
0.003345
0.000306
0.000506
0.010517
0.031459
0.003402
0.066157
0.005138
0.003901
0.013913
0.004231
0.00032
0.022941
0.003805
0.016151
0.000358
0.010961
0.07708
0.0051
0.009029
0.01304
0.02779
0.011086
0.045684
0.021491
0.021154
0.002947
0.000343
0.001101
0.006899
0.003697
0.007781
0.028409
0.022984
0.029296
0.028399
0.029789
0.000624
0.000957
0.019904
0.001011
0.011289
0.004977
0.010303
0.019587
0.017159
0.006391
0.003531
0.003781
0.001261
0.006276
0.022272
0.000517
0.008286
0.001289
0.002749
0.007841
0.032419
0.006657
0.004758
0.005547
0.000934
0.004019
0.002555
0.004486
0.014916
0.023916
0.040987
0.000654
0.042237
0.026849
0.004065
0.001503
0.010224
0.001929
0.018791
0.007816
0.019252
0.038622
0.035507
0.000511
0.004259
0.003933
0.002573
0.019851
0.001927
0.001776
0.018991
0.001627
0.050557
0.006113
0.010407
0.005228
0.01249
0.033604
0.008708
0.007749
0.002002
0.038177
0.032016
0.002489
0.006559
0.003235
0.014127
0.001769
0.0011
0.014377
0.004039
0.001185
0.021142
0.005428
0.015222
0.003995
0.000275
0.002479
0.007155
0.012254
0.002186
0.008545
0.011787
0.000797
0.006548
0.030764
0.014028
0.01948
0.014885
0.006017
0.011031
0.015478
0.001708
0.013798
0.00151
0.016878
0.033923
0.00108
0.000206
0.010157
0.009061
0.00464
0.000639
0.015297
0.014244
0.021371
0.01327
0.01662
0.019395
0.004669
0.011362
0.001624
0.002777
0.00035
0.005772
0.000561
0.016999
0.001144
0.005843
0.018056
0.014373
0.001159
0.01755
0.002474
0.003363
0.012455
0.004437
0.003084
0.010621
0.0204
0.019631
0.018097
0.033369
0.001022
0.001069
0.012818
0.022001
0.001621
0.021127
0.004219
0.036406
0.028272
0.012955
0.003586
0.006265
0.002408
0.019477
0.008748
0.003146
0.02296
0.000629
0.029529
0.004789
0.001509
0.02034
0.002936
0.001204
0.011398
0.014115
0.005012
0.002383
0.001449
0.000442
0.003902
0.058437
0.003606
0.00865
0.015814
0.018833
0.004804
0.001489
0.012697
0.018189
0.021708
0.001903
0.004972
0.0887
0.000487
0.014259
0.019302
0.013233
0.020605
0.012211
0.031716
0.000427
0.008443
0.001641
0.025732
0.000726
0.001258
0.000815
0.002074
0.00335
0.01513
0.006232
0.008988
0.006323
0.017505
0.001996
0.000286
0.008232
0.004409
0.147274
0.033279
0.009228
0.031071
0.02036
0.007287
0.020801
0.008251
0.018391
0.016786
0.004774
0.0341
0.01448
0.009703
0.000494
0.031398
0.002608
0.0155
0.013493
0.004662
0.001384
0.003599
0.01143
0.007061
0.000194
0.009115
0.00635
0.023293
0.013772
0.004177
0.000321
0.004281
0.051544
0.016379
0.002081
0.011025
0.019827
0.004719
0.003511
0.008289
0.001665
0.003911
0.024833
0.019653
0.02035
0.001041
0.025158
0.019459
0.002444
0.006641
0.003093
0.022894
0.015277
0.017701
0.006538
0.001059
0.020865
0.022664
0.037674
0.000458
0.022988
0.012637
0.01931
0.002201
0.025796
0.003487
0.004153
0.000694
0.004576
0.034809
0.012568
0.014455
0.000653
0.023226
0.028504
0.026759
0.006672
0.004728
0.003907
0.002053
0.037434
0.023047
0.03231
0.010974
0.038981
0.002807
0.001747
0.002915
0.001491
0.006519
0.032449
0.003713
0.003785
0.011144
0.007689
0.022993
0.003358
0.005107
0.009188
0.02478
0.025447
0.006884
0.004658
0.001314
0.003646
0.001624
0.027303
0.006339
0.018813
0.001682
0.002361
0.003838
0.065202
0.013175
0.020422
0.019311
0.024184
0.011768
0.005361
0.023906
0.000936
0.042587
0.021318
0.027446
0.053777
0.019793
0.024513
0.000439
0.004841
0.029542
8.9e-05
0.018109
0.026014
0.015394
0.008691
0.00498
0.008347
0.004354
0.007953
0.018514
0.004398
0.001562
0.000184
0.006329
0.001204
0.006515
0.001874
0.020555
0.000347
0.001524
0.005672
0.03238
0.017056
0.004445
0.006496
0.000228
0.004431
0.04105
0.001232
0.004205
0.002274
0.032292
0.001121
0.000718
0.002427
0.09948
0.037506
0.00738
0.026497
0.006277
0.005023
0.00464
0.017311
0.003967
0.026459
0.005724
0.004846
0.004126
0.008596
0.008355
0.003153
0.019911
0.000651
0.005525
0.002386
0.002673
0.022546
0.012846
0.024404
0.001367
0.01337
0.037049
0.000658
0.025461
0.000142
0.007632
0.023276
0.006849
0.028785
0.01499
0.006199
0.006186
0.012461
0.009021
0.013758
0.015375
0.002158
0.00154
0.001041
0.018446
0.0024
0.014599
0.00314
0.008378
0.006672
0.00396
0.017877
0.003878
0.00324
0.002353
0.007043
0.01889
0.001916
0.007007
0.005182
0.052027
0.018094
0.006917
0.002826
0.043013
0.000876
0.004897
0.000585
0.024689
0.049954
0.021834
0.014838
0.012619
0.001113
0.003349
0.030161
0.002124
0.03067
0.008904
0.00625
0.003015
0.036153
0.01402
0.005446
0.008528
0.023666
0.031436
0.04452
0.00378
0.004002
0.006103
0.002167
0.011408
0.001044
0.012049
0.042426
0.007064
0.01285
0.038004
0.000464
0.006148
0.001324
0.004344
0.010146
0.018326
0.004601
0.002071
0.00461
0.025433
0.002709
0.020128
0.007971
0.014362
0.005448
0.020273
0.016907
0.010636
0.005547
0.002204
0.005442
0.012352
0.015432
0.012933
0.036436
0.011872
0.000209
0.015813
0.022443
0.004794
0.001351
0.018034
0.003256
0.000545
0.001866
0.000357
0.002213
0.003603
0.002588
0.030745
0.006385
0.014521
0.007955
0.008337
0.008014
0.002618
0.013485
0.003734
0.003426
0.054083
0.020254
0.003775
0.024663
0.003876
0.0322
0.022971
0.012743
0.001181
0.000538
0.000394
0.026483
0.001923
0.017207
0.001533
0.001697
0.013527
0.066373
0.001083
0.009153
0.002557
0.01125
0.003444
0.007614
0.004897
0.00165
0.00246
0.002654
0.025761
0.001411
0.008823
0.011872
0.004683
0.028551
0.030195
0.035423
0.011566
0.006352
0.003468
0.001547
0.016789
0.019267
0.002271
0.016459
0.021819
0.00582
0.027326
0.002432
0.039356
0.004363
0.013374
0.007211
0.000662
0.001276
0.011118
0.026602
0.009103
0.029918
0.020323
0.00141
0.000891
0.00873
0.01486
0.004277
0.027391
0.008385
0.00562
0.002803
0.017311
0.012515
0.033586
0.002174
0.022376
0.022163
0.00189
0.005218
0.01686
0.012195
0.002908
0.01291
0.036859
0.01302
0.009008
0.003612
0.012566
0.003061
0.022535
0.005619
0.015647
0.007078
0.014054
0.032165
0.00405
0.001901
0.002611
0.032418
0.017197
0.024866
0.007659
0.033042
0.002028
0.013586
0.013849
0.021596
0.009696
0.05814
0.004243
0.005391
0.005914
0.001779
0.00743
0.007616
0.017599
0.012343
0.000685
0.005882
0.010947
0.043713
0.001713
0.002012
0.00554
0.001375
0.011942
0.009633
0.000558
0.00565
0.031653
0.001391
0.004959
0.004368
0.007125
0.015258
0.019184
0.015006
0.017045
0.021815
0.0193
0.003767
