0.021736
0.023632
0.006012
0.008113
0.007672
0.004446
0.010724
0.001104
0.001169
0.012958
0.005058
0.003745
0.0045
0.003427
0.000259
0.010623
0.013192
0.008876
0.003477
0.001413
0.004089
0.05342
0.003405
0.013531
0.012624
0.013511
0.001266
0.000401
0.019683
0.001602
0.003263
0.018363
0.039965
0.01286
0.010281
0.000202
0.033076
0.01995
0.004144
0.006644
0.011083
0.016315
0.021123
0.004703
0.027846
0.009611
0.002682
0.008099
0.019131
0.001763
0.097362
0.020054
0.001261
0.023542
5.2e-05
0.001313
0.007373
0.006673
0.001898
0.002873
0.003095
0.001869
0.00186
0.012099
0.000253
0.006307
0.010866
0.006677
0.01431
0.006016
0.001025
0.011636
0.004786
0.025298
0.026551
0.01638
0.009019
0.029373
0.001082
0.006042
0.001026
0.011893
0.005306
0.007413
0.006121
0.02192
0.003297
0.036088
0.013923
0.006026
0.003209
0.000849
0.003102
0.021396
0.006211
0.026669
0.002453
0.004029
0.031694
0.001091
0.003298
0.008312
0.005744
0.042161
0.001781
0.006454
0.002157
0.001247
0.001167
0.002295
0.003712
0.010285
0.031781
0.010419
0.025639
0.000656
0.001246
0.011407
0.006299
0.008874
0.003549
0.000194
0.007719
0.000331
0.0457
0.007176
0.004065
0.005903
0.008217
0.057933
0.021707
0.004211
0.004478
0.014144
0.025873
0.045067
0.050215
3.2e-05
0.013286
0.001794
0.005951
0.001041
0.017213
0.000887
0.012305
0.003023
0.021499
0.00027
0.032662
0.000233
0.001187
0.007888
0.001771
0.002959
0.00434
0.00646
0.010275
0.01092
0.007051
0.010191
0.008149
0.019015
0.020068
0.006822
0.005934
0.026259
0.035074
0.005237
0.01391
0.000123
0.002685
0.000556
0.002681
0.024166
0.003162
0.002621
0.006648
0.001126
0.016586
0.010742
0.012763
0.00205
0.001205
0.004267
0.035474
0.000836
0.000367
0.010257
0.012364
0.001283
0.002246
0.006867
0.005859
0.078269
0.012267
0.011768
0.004431
0.001411
0.000312
0.004161
0.020727
0.002683
0.001411
0.0029
0.004323
0.012723
0.001916
0.010152
0.019718
0.021428
0.000256
0.000447
0.017522
0.017105
0.002822
0.022053
0.019032
0.027884
0.001899
0.0006
0.002672
0.001614
0.01068
0.003171
0.005507
0.000443
0.007868
0.00465
0.002303
0.001805
0.019284
0.000147
0.007691
0.00089
0.000431
0.019128
0.000841
0.005797
0.002094
0.007888
0.004797
0.007413
0.009974
0.008421
0.023177
0.001556
0.006946
0.024224
0.028736
0.011032
0.000246
0.009838
0.000355
0.000622
0.000969
0.016475
0.008893
0.013201
0.001619
0.000251
0.000199
0.015755
0.029898
0.000463
0.001003
0.018354
0.000977
0.006403
0.0116
0.017849
0.003093
0.003464
0.015302
0.025951
0.001826
0.00644
0.000385
8.7e-05
0.00145
0.006307
0.00312
0.000274
0.001224
0.006185
0.001537
0.000136
0.000508
0.001688
0.011993
0.000829
0.014192
0.00258
0.022399
0.000278
0.00216
0.013943
0.011814
0.00181
0.007526
0.01398
0.006908
0.020532
0.003184
0.029997
0.007116
0.002606
0.018149
0.010214
0.00427
0.003206
0.000456
0.001256
0.001495
0.038092
0.008746
0.026057
0.005709
0.025455
0.002689
0.015406
0.015901
0.002574
0.016742
0.001405
0.006672
0.003137
0.019865
0.01963
0.032589
0.031928
0.016789
0.002814
0.011673
0.018647
0.002359
0.033907
0.030963
0.011873
0.000502
0.024586
0.004446
0.046019
0.003069
0.011502
0.009041
0.001551
0.006164
0.012698
0.002428
0.001688
0.016498
0.004975
0.002794
0.025778
0.003144
0.003623
0.004745
0.002225
0.001571
0.001736
0.003842
0.010064
0.001969
0.002301
0.004938
0.000127
0.001062
0.009575
0.00194
0.000273
0.019058
0.001893
0.011442
0.009792
0.021387
0.033657
0.016241
0.001771
0.000111
0.009306
0.000518
0.008831
0.003046
0.00158
0.000301
0.007089
0.003956
0.005243
0.00558
0.021001
0.020267
0.037675
0.00144
0.003336
0.004527
0.000745
0.012112
0.017616
0.011432
0.025268
0.009009
0.000692
0.001662
0.000602
0.019863
0.002949
0.012509
0.00307
0.065811
0.01052
0.006153
0.012782
0.001752
0.02487
0.004863
0.043724
0.006788
0.029633
0.019043
0.014626
0.00014
0.003446
0.021095
0.003239
0.01383
0.000779
0.000641
0.016631
0.002458
0.013175
0.00127
0.004576
0.003476
0.008341
0.007702
0.002571
0.008505
0.00732
0.004772
0.000557
0.003166
0.002656
0.014923
0.001279
0.007401
0.003552
0.005248
0.004897
0.000492
0.003927
0.007652
0.000927
0.00021
0.007038
0.000455
0.013298
0.020524
0.010081
0.002096
0.004096
0.024143
6.1e-05
0.010961
0.015085
0.0053
0.020128
0.020983
0.006501
0.049758
0.014684
0.015124
0.031917
0.011903
0.000472
0.002006
0.002582
0.027958
0.01939
0.016476
0.01638
0.000791
0.023341
0.011575
0.00244
0.025165
0.000314
0.019764
0.000787
0.004588
0.006619
0.014518
0.000363
0.010238
0.023446
0.01294
0.020165
0.0003
0.009858
0.011713
0.001019
0.004927
0.000723
0.004432
0.037059
0.001255
0.001156
0.019109
0.002706
0.000555
0.030228
0.013724
0.000924
0.000882
0.005825
0.012869
0.007068
0.007827
0.004929
0.007322
0.023716
0.003536
0.002049
0.014847
0.00329
0.006326
0.000318
0.00016
0.00823
0.003822
0.0321
0.001714
0.018919
0.000524
0.001361
0.001522
0.076323
0.003043
9.4e-05
0.0032
0.000205
0.027817
0.018304
0.00441
0.016042
0.001162
0.020798
0.006655
0.000161
0.052414
0.003854
0.000873
0.021824
0.003569
0.007636
0.028552
0.007879
0.008924
0.000811
0.038411
0.0004
0.001711
0.009939
0.013522
0.001841
0.002733
0.004547
3.4e-05
0.000443
0.026298
0.002261
0.000367
0.001415
0.01157
0.148177
0.044226
0.038421
0.001533
0.014147
0.002895
0.02607
0.00012
0.01592
0.001228
0.002919
0.00286
0.010545
0.011933
0.029144
0.00324
0.004643
0.002202
0.010963
0.012508
0.003439
0.000569
0.00617
0.002339
0.002352
0.007527
0.000934
0.007014
0.001492
0.012065
0.015815
0.015683
0.019162
0.000963
0.07427
0.008518
0.001908
0.000148
0.002872
0.001665
0.020232
0.002125
0.004164
0.001483
0.016868
0.005027
0.002452
0.012691
4.3e-05
0.003553
0.045324
0.041335
0.004374
0.001996
0.002123
0.005456
0.006113
0.005816
0.003549
0.021511
0.000206
0.013716
0.018479
0.017288
0.016887
0.014379
0.010683
0.002334
0.006293
0.033119
0.000787
9.1e-05
0.014231
0.000745
0.000285
0.00031
0.040827
0.00482
0.001695
0.000303
0.001351
0.008975
0.000943
0.005666
0.038856
0.015932
0.000877
0.007195
0.000661
0.003157
0.001333
0.009616
0.019487
0.002492
0.004167
0.03261
0.001249
0.000915
0.010784
0.000552
0.000193
0.047698
0.000363
0.009109
0.007387
0.007981
0.000418
0.005542
0.019597
0.000272
0.016344
0.035391
0.000815
0.005824
0.030016
0.000454
0.003426
0.005471
0.004598
0.020744
0.001312
0.000997
0.003005
0.009975
0.021236
0.002732
0.010254
0.001033
0.004043
0.016024
0.012801
0.001413
0.019666
0.004468
0.001906
0.019532
0.0065
0.048431
0.011371
0.000514
0.011301
0.012134
0.000574
0.001331
0.036441
0.001046
0.027187
0.01671
0.008551
0.000405
0.007359
0.001484
0.059988
0.012698
0.004069
0.001599
0.004122
0.001984
0.005113
0.011594
0.014408
0.001021
0.005841
0.000257
0.008136
0.004795
0.002666
0.000616
0.012402
0.004385
0.0017
0.003766
0.004339
0.002911
0.009212
0.007076
0.001416
0.008354
0.05438
0.024039
0.001592
0.001832
6.5e-05
0.012555
0.000793
0.042437
0.006935
0.001664
0.022434
0.014556
0.002121
0.002622
0.002583
0.026588
0.003739
0.003387
0.006113
0.001681
0.006809
0.001824
0.005646
0.000767
0.005858
0.00174
0.021475
0.00263
0.00604
0.03034
0.038791
0.00752
0.003657
0.006985
0.013916
0.001441
0.018548
0.00519
0.017324
0.000567
0.00102
0.000162
0.001154
0.003703
0.005652
0.001192
0.002541
0.009244
0.01235
0.040974
0.012996
0.023699
0.018235
0.005948
0.000687
0.013028
0.002685
0.004536
0.003961
0.009687
0.011139
0.004423
0.006699
0.022731
0.010176
0.009346
0.043503
0.009536
0.000508
0.001886
0.005249
0.005264
0.005005
0.006407
0.016782
0.007189
0.013884
0.013269
0.018749
7.1e-05
0.008489
0.004263
0.002779
0.018479
0.007699
0.001742
0.001914
0.001827
0.000283
0.01255
0.003398
0.000266
0.001319
0.015318
0.001365
0.003042
0.000143
0.004104
0.00698
0.007265
0.027334
0.000357
0.004924
0.000885
0.000905
0.000489
0.001731
0.015112
0.009171
0.002418
0.009979
0.010736
0.017613
0.005741
0.003246
0.007342
0.02156
0.00109
0.011331
0.004481
0.000362
0.017911
0.000993
0.000932
0.007202
0.00755
0.011197
0.000899
0.000211
0.000578
0.002939
0.033692
0.031262
0.03285
0.045218
0.008116
0.001125
0.002244
0.006287
0.015303
0.000528
0.009165
0.000974
0.009163
0.005064
0.003647
0.002434
0.005529
0.017333
0.002813
0.002837
0.003167
0.003961
0.008491
0.002121
0.011659
0.000528
0.019389
0.001624
0.020964
0.000462
0.003843
0.000684
0.016461
0.002159
0.00136
0.017919
0.002333
0.000705
0.005518
0.002236
0.012634
0.035178
0.029153
0.001538
0.01149
0.032043
0.009689
0.020287
0.006639
0.001215
0.00062
9.3e-05
0.003725
0.010467
0.002849
0.002514
0.019952
0.042819
0.005082
0.012799
0.045794
0.044537
0.004732
0.002413
0.022787
0.021116
0.002672
0.003887
0.001003
0.002822
0.013896
0.006312
0.001798
0.005534
0.014008
0.003647
0.009565
0.05681
0.005877
0.004226
0.00683
0.010476
0.041724
0.000833
0.003456
0.002452
0.006874
0.000521
0.000908
0.008337
0.043065
0.003379
0.013759
0.001561
0.001772
0.018084
0.003321
0.003514
0.001537
0.013456
0.029694
0.002856
0.017393
0.004289
0.009875
0.00796
0.017692
0.000725
0.001267
0.008794
0.000614
0.035287
0.011798
0.007462
0.00089
0.02683
0.001443
0.014432
0.00046
0.015011
0.007792
0.006512
0.002046
0.007693
0.000147
0.012801
0.010876
0.044581
0.004983
0.014191
0.001562
0.029332
0.002714
0.012431
0.004053
0.002128
0.000252
0.038641
0.03237
0.007835
0.006432
0.014276
0.014398
0.002029
0.004127
0.002004
0.027343
0.01977
0.010759
0.005626
0.012386
0.016032
0.015714
0.001414
0.000814
0.00192
0.009039
0.001529
0.007532
0.012493
0.01036
0.007157
0.014914
0.013894
0.011811
0.007803
0.022728
0.002517
0.004192
0.010584
0.024943
0.005562
0.016091
0.005778
0.052005
0.028804
0.02329
0.00152
0.014522
0.013666
0.009978
0.016719
0.019401
0.000631
0.000958
0.011841
0.012562
0.006678
0.011098
0.01339
0.006982
0.012786
0.009497
0.002379
0.003677
0.007574
0.008643
0.001655
0.038383
0.053467
0.01492
0.041648
0.012299
0.007626
0.018263
0.000292
0.001012
0.00286
0.010334
0.001578
0.019901
0.020479
0.010251
0.016273
0.004692
0.002532
0.010989
0.030357
0.00234
0.033858
0.02479
0.000601
0.01878
0.001075
0.000596
0.000792
0.017853
0.004269
0.005776
0.004941
0.001101
0.005465
0.011045
0.017629
0.001934
0.003584
0.046414
0.013653
0.005687
0.021099
0.002173
0.005692
0.017587
0.001002
0.006735
0.038189
0.000558
0.006586
0.001723
0.017458
0.015904
0.0086
0.001826
0.002193
0.032547
0.006918
0.051325
0.001423
0.007708
0.001095
0.047224
0.013113
0.00063
0.016438
0.000784
0.036267
0.035579
0.003096
0.000301
0.008388
0.008739
0.015526
0.018275
0.003998
0.014947
0.006429
0.006752
0.007947
0.001725
0.002747
0.006289
0.002832
0.038677
0.005759
0.001665
0.043045
0.009523
0.038328
0.003857
0.010877
0.0196
0.002315
0.00478
0.023267
0.010642
0.000381
0.001206
0.008437
0.00042
0.00126
0.005618
0.025634
0.000253
0.009119
0.000484
0.004765
0.007543
0.001275
0.000331
0.010852
0.001575
0.009525
0.000505
0.002003
0.0162
0.004001
0.001631
0.000528
0.003049
0.015103
0.031214
0.032477
0.001115
0.015357
0.005778
0.001301
0.000956
0.01232
0.038572
0.010333
0.009718
0.020296
0.002148
0.001104
0.055417
0.008652
0.002256
0.011188
0.005428
0.012148
0.001331
0.008239
0.005969
0.000511
0.010296
0.003411
0.000684
0.003124
0.009505
0.002188
0.0002
0.002378
0.004804
0.000698
0.026717
0.002847
0.000698
0.009623
0.015113
0.013399
0.003447
0.012456
0.000353
0.004451
0.016905
0.009994
0.02428
0.013807
0.057471
0.027106
0.007013
0.005096
0.017855
0.016902
0.03469
0.00597
0.001083
0.000117
0.003184
0.00412
0.000286
0.000357
0.026301
4.6e-05
0.016402
0.003311
0.000788
0.034548
0.005076
0.020552
0.001916
0.000478
0.002585
0.017401
0.00012
0.002569
0.011752
0.009626
0.001438
0.002944
0.002694
0.048186
0.000394
0.003504
0.002614
0.004371
0.016444
0.005941
0.010811
0.002771
0.009212
0.001273
0.024062
0.001176
0.010968
0.004591
0.001208
0.00061
0.000474
0.011707
0.037501
0.000882
0.002693
5.3e-05
0.005525
0.003449
0.025276
0.009866
0.014022
0.012882
0.00128
0.000102
0.022751
0.005154
0.01939
0.012267
0.02339
0.000978
0.011406
0.00315
0.005059
0.003496
0.019498
0.002153
0.006646
0.018867
0.010316
0.007709
0.053013
0.004152
0.001074
0.005058
0.004063
0.002254
0.025021
0.015223
0.001508
0.001343
0.025523
0.000589
0.023092
0.007029
0.001989
0.012074
0.005708
0.000851
0.005111
0.001628
0.000273
0.023062
0.003796
0.01063
0.000661
0.000642
0.00183
0.003258
0.000566
0.016291
0.003975
0.02395
0.001324
0.008773
0.00057
0.013262
0.009905
0.001386
0.010628
0.006418
0.005775
0.001019
0.005513
0.002626
0.001777
0.036351
0.00569
0.014642
0.001992
0.016246
0.00115
0.018899
0.001745
0.018257
0.037036
0.00302
5.7e-05
0.001379
0.001573
0.00048
0.004007
0.022552
0.000354
0.008376
0.052866
0.000399
0.00248
0.000914
0.001786
0.001275
0.000428
0.013549
0.012806
0.023338
0.001303
0.007943
0.018487
0.00446
0.000698
0.013581
0.00348
0.00102
0.025841
0.018921
0.005387
0.004084
0.001008
0.014919
0.037675
0.000581
0.010263
0.001766
0.000632
0.000825
0.011155
0.034471
0.018819
0.009013
0.005003
0.000932
0.001864
0.014552
0.009466
0.005553
0.014445
8.3e-05
0.005835
0.009906
0.006477
0.006984
0.003448
0.004141
0.013486
0.005872
0.002382
0.025913
0.001513
0.006605
0.000103
0.018516
0.008091
0.003918
0.002884
0.015243
0.004729
0.010157
0.005677
0.000471
0.018528
0.016983
0.023225
0.001269
0.001916
0.005043
0.011269
0.02741
0.007068
0.001649
0.013957
0.00192
0.005934
0.004736
0.009424
0.013168
0.009372
0.020068
0.034188
0.001608
0.002727
0.004538
0.002273
0.006124
0.007766
0.00105
0.012238
0.00829
0.001697
0.008712
0.001315
0.008759
0.009908
0.008437
0.013628
0.008458
0.004303
0.001733
0.000794
0.007534
0.000293
0.000237
0.03394
0.004951
0.002658
0.008699
0.012313
0.034257
0.001777
0.00142
0.007438
0.002869
0.002589
0.001222
0.009013
0.004797
0.006229
0.012054
0.00024
0.009492
0.001017
0.032627
0.007052
0.005146
0.026633
0.008745
0.048888
0.002502
0.017279
0.006495
0.00739
0.000371
0.017724
0.000915
0.002147
0.003821
0.011892
0.005823
0.003038
0.001016
0.009007
0.000746
0.024637
0.020027
0.005413
0.020466
2.2e-05
0.006532
0.00088
0.006874
0.009433
0.000646
0.004276
0.004715
0.034851
0.010247
0.017215
0.000741
0.00382
0.001731
0.032262
0.003997
0.005495
0.01664
0.02439
0.000434
0.000192
0.037801
0.010877
0.003451
0.00071
0.000444
0.000409
0.0024
0.000997
0.008155
0.006934
0.035777
0.006935
0.004693
0.001945
0.050934
0.000479
0.0094
0.034945
0.014159
0.001388
0.024967
0.005101
0.010069
0.001091
0.000217
0.005825
0.004362
0.017078
0.002198
0.000622
0.002132
0.006001
0.0002
0.001105
0.011873
0.012972
0.00462
