0.015079
0.018711
0.012517
0.006629
0.002145
0.003793
0.009381
0.00013
0.001231
0.00761
0.001854
0.000948
0.000474
6.5e-05
0.000647
0.000948
0.014722
0.013068
0.001496
0.001269
0.000289
0.00011
0.002554
0.029646
0.005186
0.000528
2.2e-05
0.003593
0.000373
0.000135
0.008365
0.000578
0.000843
0.001007
0.010965
0.000256
0.011849
0.001186
0.001024
0.000232
0.004955
3.2e-05
0.001762
0.000693
2.1e-05
0.000319
0.018766
0.001253
0.003525
0.000266
0.019742
0.012866
0.00016
6.9e-05
0.003737
0.000185
0.014765
0.015638
0.000232
0.001942
0.000164
0.000155
0.003874
0.000729
0.024471
0.012706
0.004889
0.000281
0.002559
8.4e-05
0.01747
0.001268
0.000857
4.9e-05
0.001572
0.000858
0.02168
0.001037
0.000921
0.003759
0.003909
0.011919
6e-05
0.000532
0.00986
0.000127
0.029437
0.006527
0.000612
0.002407
8.4e-05
0.00016
0.006024
0.000122
0.008279
0.000548
0.011901
0.000553
7.2e-05
0.012792
0.000791
0.003517
0.005695
0.000192
0.003787
0.000137
0.00805
0.002363
0.016008
0.000623
0.000848
0.009009
0.000152
0.019564
0.004347
0.001085
0.000158
0.006911
0.001222
0.001969
0.009004
0.000724
9.4e-05
0.000411
0.000144
0.006718
0.004964
0.000581
0.020793
0.005122
0.024932
0.00027
0.010135
3.3e-05
0.000678
0.013983
4.9e-05
0.008038
0.001583
0.001535
0.001137
0.002443
0.001198
0.000362
0.001286
0.000419
0.000422
6.7e-05
0.000754
0.000188
0.000138
0.00105
0.00364
0.000233
0.027123
0.001309
0.00339
0.000642
0.009777
0.011899
0.000694
0.00017
0.000542
3.2e-05
0.002352
0.006851
0.004539
0.000892
0.019431
0.006796
0.008048
0.000109
9.6e-05
0.000228
0.003206
2.5e-05
6.3e-05
8.1e-05
5.2e-05
0.011069
0.001039
0.001224
0.000481
0.000829
0.000529
0.002568
0.000187
0.008547
6.2e-05
0.003667
0.001286
0.001238
0.000337
0.001103
0.002949
0.000335
4.3e-05
0.000827
0.000228
0.000217
0.000236
0.000293
0.001942
7.8e-05
0.00041
0.002508
0.002918
0.017396
0.000108
0.021747
0.001069
0.000771
0.003165
0.004371
0.001581
0.000564
7.4e-05
0.005741
0.000297
0.004043
0.003157
4.3e-05
0.000804
0.00019
0.004302
0.000108
0.000202
0.010251
0.01949
0.014134
0.001377
0.000118
0.005349
0.011486
0.000367
0.000864
2.9e-05
0.002656
3.8e-05
1.7e-05
0.001744
4.9e-05
0.002124
2.6e-05
0.011665
0.00436
4.9e-05
0.001049
0.028292
0.00123
3.6e-05
0.012148
0.000385
0.001665
0.001895
0.001238
0.016417
2e-05
0.002889
0.005413
0.000764
0.000551
0.00252
0.000156
0.000936
0.002122
0.000102
0.000222
0.002065
1.3e-05
0.017344
0.00048
0.001749
6.3e-05
0.000218
3.2e-05
0.000432
0.000904
6.4e-05
0.002695
0.000742
0.000135
0.001563
0.00733
0.000133
8.3e-05
0.003329
0.001113
0.000337
0.004727
0.004047
0.001014
0.002503
0.000394
0.010187
0.001299
0.003349
0.000583
0.001046
0.000294
0.031531
0.002067
0.005975
5.6e-05
0.000372
0.001962
0.00627
0.001983
0.000486
0.008829
2.7e-05
0.002342
0.019047
0.003209
0.00035
0.012244
0.001465
0.002861
3.9e-05
0.024242
0.0032
0.000221
0.000245
0.000484
0.000786
0.000183
0.000389
0.000178
0.00469
0.002594
0.004785
0.001559
0.021799
0.000828
0.004347
0.009243
0.000748
0.016667
0.016899
0.000126
0.000582
0.007722
0.004146
0.017393
0.000361
0.000288
0.000344
0.01251
0.006602
8.2e-05
0.0101
0.006066
0.012879
0.001106
0.000514
0.00091
0.00177
0.000531
0.000306
0.003538
0.006439
9.6e-05
0.027827
0.002865
0.013728
7.9e-05
0.008227
5.3e-05
5.4e-05
0.010708
0.014474
0.000449
0.001761
0.003566
0.004498
0.000847
0.000237
0.000184
0.003653
0.000643
0.004702
0.000536
0.000349
0.002692
0.001012
0.012975
0.000124
5.1e-05
0.000216
3.8e-05
7.8e-05
1.8e-05
0.005114
0.000384
0.000182
0.017095
0.000662
0.000167
0.000452
0.002249
7.8e-05
0.008037
0.005619
0.000563
0.000202
0.000512
3.3e-05
0.000832
0.009592
0.001246
0.000288
0.002447
0.000919
0.001537
0.004593
0.008077
0.028937
0.007509
0.009528
0.001923
0.000434
0.017586
0.017448
0.013805
0.001107
0.000161
0.001104
0.007079
0.000343
0.003387
0.002265
2.3e-05
0.001397
0.002448
0.000537
0.009393
0.000137
0.004246
0.004175
0.012654
0.003898
0.001078
0.007233
0.000514
0.001156
0.015378
0.020827
0.010302
0.000368
0.008992
0.000792
0.000278
0.00021
0.005386
0.00204
0.007817
3.2e-05
0.003196
0.013113
0.000399
0.000939
0.001304
0.016363
0.000207
0.004876
3.7e-05
0.004448
0.009369
7.4e-05
0.000219
0.000351
0.004666
0.001397
0.00326
2.3e-05
0.006282
5e-05
0.001698
8e-05
0.022771
0.000243
0.001006
0.000572
0.000201
0.005428
0.000802
0.016671
0.000126
0.000555
0.0001
0.004163
0.00274
0.007275
0.02731
0.015988
0.013456
0.006956
0.005716
0.000245
0.000771
0.006871
6.9e-05
0.001501
0.002493
0.008669
0.004284
0.001519
0.000539
0.00046
0.004934
0.000301
0.000993
0.000137
0.000708
0.001717
0.001047
0.001049
0.000754
5.7e-05
0.010189
0.03585
0.001034
0.000515
0.004699
0.023139
0.014425
0.011239
0.001711
0.001381
0.003059
3.7e-05
0.00458
0.002975
0.040971
0.00467
0.003058
0.000234
0.000232
0.004724
0.000184
0.001367
0.002443
0.007614
0.00382
0.005497
0.027006
4.4e-05
0.015441
0.005832
0.000968
0.011299
0.006522
1e-05
0.000575
0.013966
0.000971
0.000471
8.8e-05
0.000362
0.006253
0.001877
6.6e-05
0.000398
0.000153
0.002345
0.003977
3.6e-05
0.019454
6.6e-05
0.000177
0.000186
0.000386
0.000217
9.9e-05
0.000316
0.029166
0.000432
0.00049
0.000719
5.4e-05
0.000393
0.000184
0.009541
0.003013
0.004654
0.010697
0.00176
0.001542
0.000189
0.014445
4.1e-05
0.005455
1.6e-05
0.010081
0.001108
0.029936
0.004454
0.040167
0.000606
0.027229
0.001802
0.000197
0.001077
0.01114
0.008414
0.01179
0.000761
0.000249
0.001498
0.002751
0.001503
0.007488
0.010013
7.1e-05
0.002727
0.000114
0.001268
0.016798
0.000256
0.0046
0.000749
0.020034
7.6e-05
7.8e-05
0.00043
9.4e-05
0.015934
0.000348
0.002314
0.002725
0.000714
0.001012
0.000327
0.002026
0.000595
9e-05
0.003029
0.000131
0.00097
0.004411
0.01279
6.9e-05
4.1e-05
9e-05
0.000758
0.016502
0.002482
0.000117
0.000524
5.2e-05
6.5e-05
0.005435
0.002274
0.000951
0.01439
0.016478
0.002828
0.010891
0.00022
0.005372
0.009233
0.001194
0.009482
7.9e-05
0.01501
0.003629
0.001746
0.00022
2.9e-05
0.000454
0.002348
0.00476
0.000685
0.000126
0.000642
7.7e-05
0.000757
0.024654
0.000351
4.2e-05
0.000172
0.000867
0.004623
2e-05
0.020234
0.001201
0.00021
0.002699
0.000178
0.000331
4.6e-05
0.002187
0.001172
0.001391
0.00503
0.000116
4.7e-05
0.011486
0.014705
0.000156
0.040112
0.003793
0.007481
0.044438
0.000953
0.015859
0.018564
2.5e-05
0.008457
0.000865
0.020167
0.015738
0.008885
0.024478
0.00035
0.002564
1.4e-05
0.003403
0.000936
0.005687
0.000169
0.004412
3e-05
0.006771
0.012409
0.000495
0.000706
0.000157
0.013336
0.008558
0.0004
0.000692
0.001569
0.001258
0.012396
0.001412
0.000307
0.014518
0.000528
1.9e-05
0.000251
0.000474
0.000133
0.026971
0.001166
0.001783
0.007411
0.000237
0.000482
0.000703
5.7e-05
0.001177
0.000613
0.001448
0.000329
0.001859
0.00112
3.1e-05
0.002719
0.017022
0.000185
0.001415
0.003292
0.000471
0.002953
0.000548
0.004614
9e-05
3.4e-05
2.2e-05
0.000694
0.001995
0.000143
0.000192
0.007028
0.000213
0.025634
0.002139
0.001611
0.001189
0.003241
0.00165
0.002355
0.00489
0.029409
0.023038
0.001686
0.035953
2.9e-05
0.002245
0.010589
2.5e-05
0.000777
0.003449
0.021719
0.001069
0.002479
0.00072
0.029186
0.00082
0.010593
0.000135
0.003287
5.1e-05
1.4e-05
0.000202
0.002783
0.000986
0.00181
0.000482
0.000168
0.001704
0.000532
0.000889
0.008533
0.011047
0.007852
0.001016
0.002258
0.012383
0.001479
0.001659
0.035429
0.003002
0.001392
0.004562
9.5e-05
0.003176
0.000621
0.000172
0.000107
0.004625
0.000267
0.000793
0.001611
0.000655
0.000276
0.000116
0.017875
0.000184
0.000312
0.001675
0.004757
0.016768
0.002107
0.001754
0.020925
0.0031
0.000381
0.00021
0.003794
4.8e-05
2.8e-05
7.1e-05
0.000965
0.013375
0.00604
0.006019
0.003319
0.010354
0.008387
0.021794
0.000151
0.01012
0.015873
0.003918
0.000402
4.9e-05
0.014267
0.000947
0.013194
0.000775
0.000841
0.000336
0.000284
0.012326
0.013037
0.000119
0.000144
0.004632
0.000271
0.000408
0.017379
0.00026
0.008993
0.023258
0.014791
0.004763
0.012228
0.003545
6.9e-05
0.002901
0.000585
0.005166
0.000121
0.022262
0.012389
0.001613
3.9e-05
0.008638
0.000211
0.000651
0.002124
0.006312
0.002282
0.015212
0.001367
4.6e-05
0.000204
0.004218
0.002263
1.4e-05
1.8e-05
0.003568
0.000405
0.002611
0.001098
0.037725
0.001244
0.005306
0.018837
0.000222
0.001127
0.0001
0.000592
0.001404
3.9e-05
0.00029
0.003557
0.002961
7e-06
0.011186
0.000513
0.00362
0.000138
0.003186
0.000406
0.001962
0.00018
0.004481
2.5e-05
0.000872
0.01152
0.024151
0.013975
0.000577
0.000916
0.003066
0.005845
7.5e-05
0.000183
0.001358
0.004727
0.00177
0.004979
5.7e-05
0.001443
0.000269
0.000704
0.001797
0.000605
0.019293
0.004388
0.00319
0.000723
0.012558
0.00033
0.0005
5.6e-05
0.000483
3.5e-05
0.010437
0.002706
0.021629
0.000896
0.000189
0.014567
0.002862
0.000167
0.006661
0.005427
0.002314
0.000419
0.001409
0.012729
9.2e-05
0.012351
0.010023
9.6e-05
0.003487
0.012137
0.022517
0.000234
0.000644
0.000142
0.004281
0.001487
0.004872
0.000885
4.1e-05
0.000291
0.004202
0.000986
0.000677
0.000278
0.000236
0.001651
0.002489
4.4e-05
0.000488
0.000394
0.00226
0.00044
0.001431
0.003065
0.013094
0.031844
0.000106
0.000293
0.044199
0.018164
8.5e-05
3.7e-05
0.000131
0.000164
0.000914
0.009403
0.00556
0.005876
0.000381
0.008276
4.3e-05
0.000393
0.001304
0.000944
0.000695
0.010721
0.007531
0.007945
0.011632
0.000149
6.9e-05
0.000534
0.005728
0.000461
0.003934
0.00293
0.003634
0.000292
0.001227
0.001075
0.002912
0.00058
0.000271
0.000415
0.020206
0.001609
5e-05
0.00015
0.034331
8e-05
0.005032
5.4e-05
0.005275
0.007241
0.008957
0.002721
0.000376
4e-05
0.000106
0.004298
0.000514
0.005303
6.7e-05
0.001967
0.000131
4.7e-05
0.000315
0.01039
0.005418
1.1e-05
0.025305
0.012222
0.000499
0.006857
0.001383
0.0006
0.000573
0.000729
0.000775
0.003667
4.7e-05
0.000183
0.00254
3.3e-05
0.000297
0.00482
0.024406
0.000184
0.000948
0.011687
0.014029
0.000611
0.014896
0.000451
0.00027
6.9e-05
0.038181
0.007731
0.000843
0.000125
0.014607
0.011613
0.023905
0.003114
0.000448
0.002585
0.002617
0.035296
0.001722
0.000917
0.001531
0.001486
0.000127
0.035155
0.00093
8.9e-05
0.000353
7e-05
0.025004
0.000395
0.007593
0.000178
0.000251
0.002818
0.001941
0.011177
0.010496
0.000311
0.002859
0.001332
1.9e-05
0.000258
0.001003
0.001062
0.007998
0.002908
4.5e-05
0.002212
0.000287
0.000667
0.002867
0.000137
0.000192
0.000179
0.001913
0.003112
0.000409
0.011432
5.3e-05
0.012421
0.00123
0.001135
0.004153
0.003183
0.000401
0.009903
0.018901
0.005181
0.001766
0.007166
0.002169
0.007857
0.014858
0.005959
0.000902
0.002443
0.003356
0.001947
5.4e-05
0.000226
4.5e-05
0.02686
0.00022
0.001961
0.031976
0.0066
0.001434
0.002967
0.000564
0.000836
0.000169
0.000256
0.000161
0.000313
0.00295
0.000121
8.3e-05
0.022814
0.001259
9.3e-05
0.000407
0.001437
0.004351
0.00141
0.001034
0.000851
0.020943
0.001028
8.3e-05
0.000582
0.012009
0.019487
0.013474
0.000295
0.003237
4.3e-05
3.3e-05
0.011375
0.014838
0.017097
0.000521
0.003086
0.004658
0.000438
0.004485
0.000395
0.001239
0.008488
0.006394
0.011066
0.007143
0.001917
0.023866
9.1e-05
0.011374
0.002077
0.002363
0.000269
0.000563
0.000826
0.000318
0.026573
0.002042
0.001343
0.0234
0.002108
0.000182
0.000335
0.003109
0.005391
0.029315
0.00068
0.002447
0.000518
0.000218
0.00214
0.019141
0.010761
0.028967
0.006391
0.000226
0.000474
0.00079
0.000166
0.001395
0.003485
0.001618
0.024816
0.01043
5.8e-05
0.008435
0.002196
0.001363
4.9e-05
0.00088
2.1e-05
0.001484
4.2e-05
9.5e-05
0.001176
0.000598
0.002451
0.004576
0.003765
4.5e-05
0.013421
0.002128
0.000316
0.000382
0.014571
0.0038
0.003143
0.003054
0.001732
0.071163
0.016053
0.002969
0.009666
0.01132
8.7e-05
0.001402
0.000432
0.019028
0.000767
0.001614
0.000575
2.8e-05
0.002019
8e-05
0.000103
0.001375
0.008027
0.000606
0.000268
0.005668
0.018515
0.000235
0.033423
0.000133
0.0009
0.003415
0.00104
0.000702
0.005141
0.002685
0.014113
0.032165
0.00018
0.000797
0.00302
0.006592
1.8e-05
1.9e-05
0.00088
0.00097
0.001004
0.005892
0.001021
0.002638
0.004582
0.002431
3.4e-05
8.3e-05
0.000264
0.010179
0.000627
0.00412
0.017458
0.006528
0.006336
0.000495
0.002
0.057196
0.000522
3.7e-05
0.028527
0.008679
0.010627
0.002531
0.021103
0.000586
0.005309
0.008704
0.002681
3e-05
9.7e-05
0.000215
0.000322
0.005893
5.5e-05
0.00222
0.003382
0.000275
0.001512
0.000111
0.000226
3.2e-05
0.000921
1.7e-05
0.000114
0.001688
0.005924
5.2e-05
0.01076
0.007343
0.00022
0.012506
0.00164
0.010735
0.000986
0.002746
0.000435
0.000341
0.010892
0.000155
0.000923
0.002558
0.009
0.000346
0.000396
0.035112
0.001839
9.5e-05
0.003082
0.001375
0.000842
0.007116
0.00237
0.001527
0.002467
0.069207
0.000177
0.002292
0.041465
0.002788
0.000513
0.000655
0.001647
0.001539
0.002963
0.000462
0.001674
0.001874
0.002573
7.1e-05
0.000496
0.003296
0.000182
0.000346
0.000548
0.024171
0.000439
0.00427
0.00035
0.000184
0.000202
0.002991
0.000173
0.000214
0.002282
5.7e-05
8.3e-05
0.000171
0.0001
0.003803
0.005161
0.001891
0.032485
0.007033
0.000375
0.029279
0.000666
0.013993
0.005451
0.000252
0.000581
7.5e-05
0.000278
0.05104
0.005401
0.000381
0.004028
0.000694
0.002407
0.008563
0.000221
0.011895
0.015501
0.000249
0.000508
0.002001
0.000365
0.000152
0.003459
0.005083
0.003734
0.000351
0.03341
0.000312
0.000252
0.024122
0.000601
0.006756
0.000295
0.000815
0.002945
0.006521
0.021597
0.002664
0.001969
0.014258
0.0025
0.011172
0.002887
0.0002
0.010852
5.6e-05
0.000419
7.2e-05
0.003156
0.00056
0.000398
0.000109
0.010593
0.006992
0.01212
0.007167
7.4e-05
0.000711
0.000652
0.014143
0.00113
0.001514
2.7e-05
0.013541
0.012437
8.9e-05
0.000192
0.007221
0.006398
0.001104
5.9e-05
0.023538
9.6e-05
0.000623
8.6e-05
0.000892
0.026597
0.000242
0.031312
0.000147
0.001946
0.00043
0.040012
0.000832
0.000967
6e-05
0.000755
0.001466
0.002166
0.00229
0.018958
0.00277
0.00086
0.00155
0.028411
0.008692
0.002323
0.00439
0.00139
0.00323
0.002353
0.007131
0.011295
0.00043
0.00086
6.5e-05
0.001863
0.000278
5.3e-05
0.00272
0.001747
9.4e-05
0.005167
0.000627
0.000294
0.000615
0.001272
5.2e-05
0.000412
0.001275
0.018666
0.025606
0.006682
0.014418
0.000343
0.002501
0.011074
0.00039
0.01131
0.000193
0.005462
0.000542
8.3e-05
0.000157
0.00123
0.002203
0.00891
0.004232
2.6e-05
0.000127
0.002086
0.010152
0.002291
0.001109
3.9e-05
0.001643
0.000553
8.3e-05
0.008789
0.002618
0.001634
0.000784
7.7e-05
0.005668
0.000695
0.016061
0.000821
0.000182
0.00013
4.1e-05
0.007823
0.008401
0.005408
0.005017
0.000418
0.007824
0.011136
7.5e-05
0.030932
0.000643
0.00087
0.022174
0.013049
0.000126
0.013548
0.019259
0.001357
0.001889
0.003482
0.001655
5.2e-05
0.00034
0.000402
2.6e-05
0.025854
0.000114
0.000801
0.015686
0.007447
0.024308
0.00053
0.001434
0.002818
0.00095
0.008222
0.001418
0.001403
0.001628
0.001478
0.000192
0.000583
0.000268
0.000602
0.00692
0.005562
0.008901
0.000382
5e-05
0.001818
0.000261
0.000149
0.003771
0.000553
0.036469
0.00948
0.008825
0.008029
0.002124
0.000349
0.002668
0.002711
0.004821
0.001415
0.002119
9.8e-05
0.000564
0.030652
0.001711
0.000975
0.006121
0.000199
0.000397
0.004814
0.002106
0.000406
0.000471
0.00014
0.000535
0.000216
0.000862
0.001427
0.001374
0.003452
0.004932
0.001007
0.0142
0.000339
0.012333
0.004398
0.005205
0.000438
0.006506
0.004717
0.006066
0.020228
0.003167
0.007121
0.000359
0.000878
0.002458
0.010347
0.014275
0.000987
0.000228
7.1e-05
0.000376
0.001195
0.001257
0.00018
0.000562
0.022075
0.000234
0.000214
0.000118
0.016474
0.000202
0.000282
0.001297
0.008601
7.6e-05
0.00131
0.001028
0.000126
5.8e-05
0.014423
0.00112
0.000427
0.004319
0.00589
0.007426
0.001142
0.002686
0.008267
0.026274
0.000766
4.9e-05
0.00073
0.000741
0.013717
0.000424
0.001848
0.007963
0.014338
0.016402
0.000597
0.03902
0.002006
0.000761
0.001019
3.2e-05
0.000418
0.010245
0.000163
0.000749
0.00233
0.002061
7.3e-05
0.000427
0.000602
0.005979
0.000824
0.018482
0.000133
0.000952
0.037208
0.00014
0.001898
0.000234
0.004942
0.000117
0.008168
0.000394
0.001791
0.000354
0.001789
0.011975
0.002987
0.001535
0.000228
0.002564
0.004202
0.000389
0.000185
0.000351
0.000184
0.001711
0.000105
0.003499
0.000123
0.007266
3.5e-05
0.001677
0.004641
0.00089
4.7e-05
0.000477
0.007046
0.000118
0.00202
0.007342
0.000174
0.024484
0.001394
0.000119
0.010734
0.000509
0.000188
0.012302
0.012468
4.2e-05
0.000494
0.004838
0.000106
0.002882
0.008137
6.9e-05
0.000101
0.017692
0.000116
8.6e-05
0.016744
0.000244
0.000133
0.004936
0.01349
0.0113
6.6e-05
0.003016
0.019966
0.000265
0.000787
0.000966
0.001223
0.000217
0.000379
0.010026
0.000126
0.005963
4e-05
0.001925
0.001821
0.001023
0.000153
0.000922
0.000328
0.000332
0.0165
0.000192
0.001137
0.003396
3e-05
0.020977
0.001427
0.000132
0.002177
6.6e-05
0.002105
7.8e-05
0.000108
0.007222
0.010589
0.002589
0.019459
0.014804
0.024477
4.3e-05
0.001412
0.000111
0.001149
0.00063
0.002769
9.7e-05
9.2e-05
2.1e-05
0.010059
0.000207
0.000506
0.000106
0.001355
0.009441
0.001257
0.00061
0.012209
0.014309
0.000216
5.7e-05
0.024798
6.2e-05
0.001046
0.006679
0.000147
0.000248
0.000918
0.000119
0.000208
0.000149
0.00319
0.000151
0.008527
0.010246
0.002217
0.003916
0.001212
0.000175
7.2e-05
0.003847
0.000536
0.007565
0.000299
8.6e-05
0.000337
0.002639
0.001283
0.002573
0.000183
2.8e-05
0.005339
0.005579
0.001103
0.001043
0.006472
0.012191
0.000808
0.035668
0.000595
0.000144
0.017863
0.02467
6.7e-05
0.002245
0.000108
0.000445
5.4e-05
5.3e-05
0.000106
1.6e-05
0.000185
0.001218
0.00268
0.003562
0.002685
0.014176
0.019387
0.000148
0.000332
0.000132
0.000739
0.001163
0.000121
0.000123
0.001428
0.032999
0.013033
0.006616
0.008497
0.000233
0.002049
0.002715
0.005992
0.022655
0.004841
0.001397
0.031348
0.002019
0.000229
0.000244
0.000648
0.001882
0.000591
0.007377
0.001928
0.001942
0.000457
0.004298
0.002044
0.009802
0.009465
0.001246
0.022911
0.000196
0.000112
0.000259
0.002676
0.000601
0.000369
0.000195
0.001706
0.036463
0.00045
0.000344
0.000742
0.00043
0.00047
0.006576
0.016707
7.2e-05
0.001659
0.001652
0.001135
0.011002
0.000883
0.005978
0.008578
0.000158
0.000596
0.000231
0.009287
0.002122
0.000678
0.017607
0.000422
0.001856
4.6e-05
0.00257
0.027926
0.001215
0.001514
0.000504
0.000248
0.001395
0.001672
0.001761
1.1e-05
0.003747
0.001568
0.000108
0.016076
0.005689
0.000184
0.000323
0.024173
0.020406
0.001077
0.003221
0.000211
0.000159
5.6e-05
0.001187
0.002366
0.017114
0.0046
0.004308
0.02512
0.008734
0.00022
0.016377
0.009669
0.0011
0.000143
0.039848
0.004958
0.00053
0.045733
0.002454
0.001344
0.003821
0.000207
5.1e-05
0.00092
0.000267
0.001398
0.00119
1.5e-05
0.002272
0.001653
0.000287
0.001456
5.9e-05
0.000776
0.000183
0.000373
0.000129
0.007253
0.002575
0.016869
0.000192
0.001711
0.000397
0.00313
0.000325
0.011814
0.004733
0.00055
0.001236
0.001215
0.008024
5.9e-05
0.007989
0.02854
5.8e-05
6.5e-05
1.7e-05
0.004757
0.000483
0.000574
0.012365
0.000193
0.00038
0.000121
0.000416
0.003476
1.7e-05
0.012567
0.000317
0.001008
0.001053
0.009379
0.000842
0.001251
0.000126
4.7e-05
0.010542
0.001701
0.00793
0.007924
0.013108
0.001224
0.000321
0.012807
0.012143
4.4e-05
0.00107
0.001088
0.006847
0.000103
0.001176
0.000948
0.002365
4.9e-05
0.000204
9.3e-05
0.000199
0.002602
0.002883
0.001979
0.002296
0.011514
0.003449
0.00409
0.001251
0.014347
0.000199
0.002992
0.015951
0.003114
0.000286
0.001256
5.4e-05
0.000769
0.020478
5.1e-05
4.4e-05
0.00079
0.002422
5.5e-05
0.000694
0.001102
0.032219
0.000168
0.001283
0.004259
0.008405
0.002177
0.019655
0.000631
0.026382
0.004767
8.4e-05
0.002018
5.9e-05
0.029132
0.000294
0.000433
0.004583
6.4e-05
0.005573
0.001196
0.001123
0.013983
0.006114
0.003964
6e-05
0.006014
0.00069
0.027988
0.000114
9.1e-05
0.00215
0.006967
0.003418
0.000488
0.002123
0.007595
0.002058
0.000538
8.8e-05
0.00753
0.00247
5.2e-05
4.7e-05
0.000218
0.000942
0.031809
0.00042
4.1e-05
0.000232
2.7e-05
0.000183
0.000229
0.011269
2.9e-05
0.000667
0.000124
0.001293
0.00537
0.000307
0.000354
0.001191
0.017958
0.000241
0.000552
0.000489
7.9e-05
0.015706
0.002359
0.00017
0.002689
0.005764
0.000104
0.004133
0.001734
0.000313
0.000176
0.003206
6.4e-05
0.024886
0.016322
0.021982
0.003419
0.00041
0.013977
0.00098
0.000234
7.5e-05
0.012349
0.017887
0.004324
0.036943
0.027983
0.003222
0.00624
0.01534
0.017141
0.004653
0.000647
0.008691
0.003199
0.003353
0.006219
0.014261
3.8e-05
0.023997
0.000666
0.000802
0.000171
0.001864
0.024813
0.019045
6.1e-05
0.024159
0.008322
8.5e-05
0.011202
0.001022
0.00012
0.006669
0.014884
0.010218
0.001565
0.001857
0.000794
8.9e-05
0.002708
0.001235
4e-05
0.003171
0.002594
0.009055
9.2e-05
0.00213
0.001817
0.001503
9.6e-05
0.00051
0.001292
3.7e-05
0.000122
7.5e-05
0.004134
0.003283
0.000478
0.026962
0.002881
0.004818
0.000177
0.001911
0.001311
6.3e-05
0.009792
0.000326
0.000657
0.000223
0.001828
0.000547
0.000351
0.001818
0.004389
0.000645
0.001523
0.032239
6.1e-05
8.1e-05
0.005178
0.001981
0.000409
0.002086
0.00723
0.005909
2.9e-05
0.001798
0.02912
0.001417
0.000255
0.001997
1.9e-05
0.000124
0.000603
0.002704
0.002493
9.4e-05
0.012746
0.000749
0.002319
0.000585
0.00096
0.004301
0.011873
0.015373
0.003039
2.4e-05
0.00285
0.000797
0.000691
0.001639
0.002419
0.00015
0.000892
0.000678
0.001583
0.005357
0.000392
0.006951
0.000463
0.000118
0.000941
0.00162
0.002303
0.005056
0.000624
0.000282
0.001245
3.9e-05
0.003207
0.000668
0.00143
0.002899
0.000435
0.001694
0.019159
0.010627
0.008032
0.010073
0.004911
0.01367
9.2e-05
0.001058
0.006737
4.4e-05
0.001089
0.002973
0.000593
0.017319
0.006854
5.5e-05
0.000924
2.7e-05
1.6e-05
0.001645
3.7e-05
2e-05
0.016891
0.001713
0.000194
0.000582
0.020242
0.00092
0.001028
3.3e-05
0.001168
8.9e-05
8.7e-05
0.016381
0.000162
0.00852
0.009246
0.000493
0.002011
0.001883
0.001764
0.01092
0.006892
0.028918
8.7e-05
0.000467
9e-05
0.000481
0.010416
0.002551
0.001278
0.000877
0.000774
4.6e-05
0.000228
0.003076
0.009126
0.000162
0.000335
0.004556
0.000407
0.000971
0.004195
0.017232
0.022219
0.015383
7.1e-05
0.000203
0.002476
0.001985
0.005196
0.00414
0.022567
5.7e-05
0.000409
0.021242
5.6e-05
0.004103
1.7e-05
0.000431
0.004994
0.009956
3.6e-05
0.013265
0.009705
0.005839
0.007224
0.005725
0.000873
0.000265
0.015254
0.003648
0.001868
0.001107
0.00137
0.000752
0.019307
0.000268
0.011657
0.001092
0.00011
0.000115
0.001804
0.000106
0.000236
8.7e-05
0.000421
0.003728
0.008092
0.000596
0.005721
0.014226
0.007202
0.00074
6.7e-05
0.000859
0.003069
0.002114
0.000289
0.000281
0.006806
0.007143
0.00047
0.000124
0.002551
0.00026
0.002158
0.000743
0.000585
0.012613
0.000766
0.002508
0.014507
0.008057
0.004712
0.002121
0.027464
0.031112
0.000431
0.002548
1.4e-05
0.00159
0.000255
3.5e-05
0.002165
0.00198
0.00026
0.001285
0.00073
0.008936
0.000318
0.001753
4.4e-05
0.000216
0.003644
0.000173
0.000419
0.000104
3.7e-05
0.004247
0.024954
0.000197
0.001777
0.001225
0.000846
0.001951
0.000204
0.000993
0.001676
0.000123
0.002206
3.3e-05
0.000694
0.005383
0.000297
0.001723
0.005284
0.004451
0.000974
0.000248
0.00015
0.001312
0.017664
0.000355
0.001563
7.7e-05
0.000203
0.007113
0.003388
0.000856
0.000215
3.8e-05
0.009413
8.9e-05
0.012304
0.002177
0.02445
0.002791
6.6e-05
0.000407
0.001405
0.010397
0.000822
0.000146
0.002755
0.000728
0.001636
0.002923
5.7e-05
0.013175
0.007145
0.00027
0.031679
0.012047
0.002057
2e-05
0.001334
8.5e-05
0.007633
0.000364
0.001463
0.00064
1e-05
0.000306
0.002597
0.001956
0.004192
0.048683
0.008396
0.000424
0.015527
0.000673
0.001743
0.000549
0.001039
0.000861
0.009173
0.002093
0.003562
0.005897
0.005533
0.023435
0.008621
0.007748
0.000292
4e-05
0.0015
0.000124
0.016317
0.000568
0.003377
0.006033
7.3e-05
0.001363
0.000463
0.000975
0.016861
0.000369
0.000111
0.012577
0.004739
6e-05
0.000595
0.005972
0.000357
0.000467
0.012375
0.003501
0.00015
0.001629
0.015574
3.6e-05
0.001631
0.008204
0.00238
0.000115
0.000135
0.022982
4.1e-05
1.5e-05
0.001134
0.009101
0.002078
0.009601
0.003036
2.1e-05
0.001431
0.006742
0.000381
0.000132
0.000135
8.7e-05
0.00234
0.000237
0.020036
0.005869
0.00983
0.002181
0.01565
0.000486
0.016014
0.007066
0.004712
0.000776
0.000281
0.0071
0.001979
0.001536
0.001353
0.000407
0.000163
0.000327
0.000982
0.003589
0.01711
8.8e-05
7.6e-05
0.01353
0.000944
0.000148
0.00275
0.006265
0.001219
0.000745
0.000238
3.4e-05
0.001168
0.008034
0.001607
0.000143
0.000857
0.000802
0.00136
2.5e-05
0.004475
4.9e-05
0.003044
0.000291
0.00608
0.028627
0.001882
0.002055
0.003748
0.000435
0.00807
0.006715
0.00276
0.000874
0.000388
0.001561
0.001293
0.000104
0.007056
0.005553
8.4e-05
0.001967
0.002681
0.000419
0.00015
0.000748
0.000535
0.019356
7.2e-05
0.001062
0.004797
0.002321
0.000309
0.000419
0.000903
0.015501
0.000242
3.3e-05
0.000255
0.000146
0.000595
0.00061
0.013697
0.001047
0.005234
0.005696
0.002116
0.003939
0.01286
0.006252
0.00331
0.000174
0.026805
0.000285
0.00412
0.017213
8.2e-05
0.039878
0.034661
0.000104
0.000126
0.003091
0.001798
0.059144
0.000609
0.007474
0.003234
0.028461
0.000736
0.003457
9e-05
0.004094
0.000344
0.044435
0.002552
0.00473
0.002812
0.001203
0.020898
0.008562
0.008605
0.000161
0.000265
0.000257
0.000645
0.003527
0.00922
0.001171
8.5e-05
0.018388
0.000669
0.004542
0.002132
0.00139
0.000165
0.031824
0.001271
0.00917
0.002317
5.1e-05
2e-05
1.8e-05
0.000871
0.007344
0.00021
0.018835
0.019063
0.001845
0.008919
0.002713
0.00042
0.008271
0.000489
0.002079
0.000115
0.01434
0.002825
0.000158
0.000728
0.020829
0.004169
0.001248
2.3e-05
0.002144
0.000777
0.001673
0.010945
0.009449
0.001356
0.000987
0.001023
0.001253
0.000594
0.000176
0.000772
0.031639
5.9e-05
0.015267
0.013374
0.001049
0.001503
0.001246
0.000578
0.005593
0.008163
0.016599
0.000784
0.000647
0.001849
0.011763
0.001149
0.020335
5.9e-05
0.007129
0.003677
0.000592
0.013406
0.000923
0.000728
0.006264
0.010814
0.009072
0.003234
0.00016
6e-05
0.001538
0.000411
0.022316
0.000825
0.001636
6.9e-05
0.041119
0.013881
0.000385
9.4e-05
0.003817
0.000811
0.010625
0.007234
0.003701
4.6e-05
0.002123
0.012032
0.000118
0.000921
0.000137
0.010902
0.000652
0.00898
7.2e-05
4.1e-05
0.001962
0.00127
5.9e-05
0.001934
0.000207
0.015616
0.000589
0.001732
0.004641
7.7e-05
8.1e-05
0.000221
0.001427
0.017356
0.004132
0.000132
0.000264
0.002265
0.00018
3e-05
0.007424
0.017865
0.007344
0.000199
0.003024
0.000172
0.001158
0.001896
0.001673
0.004559
0.010171
0.009055
0.00346
0.000316
0.000196
0.000726
8.5e-05
0.000418
0.00376
5.1e-05
0.000287
0.005133
0.000201
0.00345
0.000489
0.005778
2.3e-05
0.000121
0.002564
0.000214
0.000385
0.005441
8e-05
0.00991
0.002668
0.001691
0.002095
0.000332
0.001645
0.000446
0.000553
0.002823
0.002265
0.005869
0.000147
0.001037
4e-05
0.022794
0.01456
0.000324
0.000168
3e-05
0.00451
0.018296
0.003856
0.003675
0.008847
0.000245
0.005103
0.00477
0.001394
0.020047
0.019438
0.004521
0.020495
0.003164
0.003025
0.001891
0.000154
0.000738
0.003712
0.000524
0.003133
8.3e-05
0.000574
0.000368
0.001307
0.000159
0.00023
0.013489
0.017488
0.001285
0.000581
0.000719
0.000289
0.003176
0.00874
0.00033
0.000781
0.003078
0.010581
0.001453
0.006286
0.004795
0.001742
0.012353
0.000923
0.004073
0.011978
0.012496
0.000844
1.1e-05
0.00023
0.000317
0.006671
0.000752
0.00026
0.006563
0.000457
0.013666
0.002988
3.9e-05
0.014099
0.01283
0.021652
0.000624
0.023834
0.00677
9.4e-05
0.000233
0.016122
0.00349
0.002216
0.048224
0.000308
0.020481
0.001971
0.002383
1.1e-05
0.000614
3.7e-05
0.001186
0.001436
0.000204
0.00383
0.009529
2.6e-05
0.019703
0.001689
0.000286
0.003029
0.010322
0.008821
0.001282
0.00026
0.00023
0.000606
2.8e-05
0.002635
0.006127
0.001278
0.011073
0.001469
0.001926
0.004358
0.017941
3e-05
0.000234
0.000938
0.000667
0.000182
0.00023
0.000268
0.022426
0.000777
0.000149
0.029438
9.7e-05
0.000189
0.022266
0.000701
0.013918
0.004327
0.001716
0.000406
0.010816
0.007119
0.006571
0.000169
0.002783
0.005355
0.000242
0.001036
0.016104
0.000471
0.007153
0.000992
0.000447
0.015479
0.000237
0.000802
0.001858
0.009015
0.004883
0.008794
0.007336
0.00049
0.00824
0.001702
0.000119
0.000134
0.000606
0.021409
0.00278
8.2e-05
6.7e-05
0.009182
0.007763
2.9e-05
0.021562
0.001011
0.002865
0.000832
0.001025
0.001384
0.029076
2.4e-05
0.000351
0.000398
0.003285
0.000848
0.000416
0.002692
0.00017
0.004098
0.000451
8.8e-05
0.002608
0.003072
0.020674
0.001402
0.000311
0.008536
0.00065
0.002282
4.8e-05
0.000563
0.001498
0.000332
0.003296
0.000131
0.000267
0.000107
0.006828
5.5e-05
0.010942
0.000951
3.4e-05
0.000548
0.005782
0.000246
0.001018
0.008097
0.000924
0.000112
0.00989
0.007367
0.0045
3.2e-05
9.1e-05
0.000676
0.006931
0.000773
0.024285
0.016097
0.000137
0.000231
0.001992
0.02097
0.001993
0.005494
0.002184
1.9e-05
0.00181
0.001352
0.00469
0.003247
0.000368
0.009493
0.00742
0.000434
0.000523
0.000389
0.001953
0.002931
6.2e-05
0.0001
0.007334
0.001978
0.001567
0.00033
0.025521
0.000414
0.011616
0.004099
0.000476
0.002189
1.9e-05
0.001012
0.000787
0.002299
0.009862
0.004021
0.001237
0.014021
0.001975
0.000445
2.9e-05
8e-05
0.00454
5.3e-05
0.00037
0.006313
0.016187
0.00405
0.00048
0.002321
0.000565
0.0003
0.009507
0.017153
0.000489
0.00906
0.00124
9.3e-05
0.002863
6.4e-05
0.000751
0.005674
0.000208
0.003501
0.013449
0.001796
0.004622
0.000119
0.011503
0.003888
8.4e-05
0.000536
0.000148
0.015218
0.001609
0.00867
0.002697
0.002156
0.000232
0.000273
0.020458
0.018819
0.002261
0.000764
0.000187
0.000849
0.006563
0.006537
0.001694
0.000208
0.002128
0.006094
0.015771
0.000139
0.000519
0.00415
0.00518
6e-05
0.001022
0.000247
6.6e-05
0.000966
0.000132
0.03005
8.4e-05
0.002432
0.013801
0.000257
2e-05
0.002321
0.004772
3.9e-05
0.012733
0.005738
0.000365
0.001494
0.009564
0.000383
2.5e-05
0.001116
0.003448
1.6e-05
0.015565
0.000156
0.021736
0.003877
0.000214
0.000126
0.016862
2.1e-05
0.000191
0.00105
0.022581
0.000856
0.014768
0.001431
0.021626
0.00014
0.000242
0.003097
0.002486
0.000824
0.015768
0.022522
0.010515
0.002248
0.004955
0.025115
0.000397
0.014129
0.004608
0.000477
5.3e-05
0.014784
0.000137
0.006946
0.004496
0.00276
0.000579
0.000366
0.001122
0.022462
0.007375
0.003211
0.001129
0.000133
0.000595
0.000256
0.000781
0.003966
2.6e-05
0.007051
8e-06
0.002981
0.039595
8.1e-05
0.007532
0.000124
0.001385
0.0011
0.002126
0.000194
0.024065
0.000525
0.002094
0.00027
0.00188
0.013926
0.000329
0.002984
0.002951
3.1e-05
0.000108
0.000104
0.000201
0.000139
0.009912
0.006364
0.000318
0.000438
5.8e-05
0.000146
0.002601
0.007576
0.000825
0.000344
0.006066
0.002344
0.00068
2.9e-05
0.018332
0.000134
0.011519
0.00151
4.4e-05
0.000374
0.02617
0.000363
0.007271
0.000933
0.000252
3.9e-05
0.032506
0.005003
0.02378
0.000963
0.001188
0.015818
0.002638
0.008403
1.5e-05
0.018493
0.012091
0.000699
0.000206
0.000334
0.000203
5.5e-05
5.4e-05
0.008333
0.004667
0.000768
0.000274
0.001943
0.002046
3.3e-05
0.000668
0.002171
0.00017
0.002924
0.000798
0.000455
0.000872
0.003039
0.005488
0.024142
0.000369
0.000575
3.5e-05
0.000396
0.013448
0.021842
0.009884
0.025938
0.002506
0.001106
0.000133
0.012493
0.017676
0.001245
0.006042
0.008997
0.016173
0.000232
0.00247
0.000168
3.2e-05
0.000247
0.000136
0.000325
0.000243
0.002633
0.002604
0.011631
0.000894
3.8e-05
0.005039
0.002238
0.000671
0.003976
0.003115
0.002687
0.002994
0.000335
0.010387
0.000231
0.000371
0.002444
0.010506
0.003401
0.000411
0.001038
0.00122
0.022044
0.000142
0.000124
0.023627
0.001458
0.000232
0.000548
0.00541
0.002879
0.006781
0.017363
0.000706
0.038275
0.000191
0.000312
0.007282
0.002287
0.006323
0.001568
0.031902
0.000773
0.000484
0.0002
5.6e-05
9.6e-05
0.000303
0.000357
0.018053
0.009535
0.000729
0.005283
0.015689
0.000431
0.009197
0.004155
0.00032
2.9e-05
0.03161
0.000476
0.002067
0.004976
0.02496
0.002242
0.009925
0.01366
0.001746
0.032929
0.000818
0.003805
5.2e-05
0.000115
0.01244
0.000552
0.006869
0.000289
9e-06
9.7e-05
0.008085
0.01027
0.002768
0.000132
0.000142
0.009747
0.003473
0.001208
0.000618
2.2e-05
0.016962
0.002037
0.00022
0.000524
0.000302
0.000409
0.002041
0.001376
0.003172
0.006175
0.011018
0.001386
0.000344
0.002015
0.000924
0.00082
0.005461
0.001599
0.001882
0.00013
0.000951
0.00059
0.001276
0.000494
0.000104
0.000124
0.00383
0.000681
0.001892
0.046882
0.010128
0.000356
0.024845
0.000488
0.000763
0.000522
0.001081
5.3e-05
0.000306
0.000631
8e-05
0.000161
0.000859
0.002828
2.8e-05
0.004117
0.008806
0.002951
0.001995
4.1e-05
0.012322
0.00012
0.000457
0.014268
0.004619
0.000942
0.000536
0.001186
0.001704
0.034832
7.1e-05
0.001216
0.015234
0.001728
4.7e-05
0.017187
0.000756
0.000331
0.000245
0.003557
0.007586
0.000448
0.020308
0.005053
0.010716
0.000885
0.003102
2.2e-05
0.000146
0.000176
0.01373
0.000582
3.6e-05
0.004741
0.001649
0.000319
0.002169
0.021535
0.006492
6.1e-05
0.000458
0.000149
0.000701
0.000218
0.000123
0.028349
4.6e-05
0.00601
8e-05
0.003216
0.000251
0.009501
0.001079
0.000427
0.000421
0.01175
0.000833
0.005269
0.000125
0.000107
8e-05
0.00151
0.001135
0.000207
0.000437
0.016703
0.012265
0.000959
0.004587
0.00103
0.001208
0.00217
0.002728
0.001348
4.7e-05
4.7e-05
0.00353
7e-05
0.00012
0.003336
0.000204
0.002538
0.000679
0.000288
0.002657
0.000505
0.006734
0.022632
2.7e-05
0.000138
0.004099
0.000608
0.01315
1.6e-05
0.028746
0.047545
0.003653
0.000418
0.000271
0.00043
0.000726
0.000416
0.000229
0.001692
0.003459
7.9e-05
0.000403
0.006261
0.001453
0.003394
6.4e-05
0.000334
0.001281
0.026608
0.00026
0.00168
0.005301
6.9e-05
0.006852
0.006793
0.000335
0.001248
0.008469
3.9e-05
0.008258
0.002771
0.000304
0.000173
0.000457
0.026235
0.00016
0.003045
0.002675
0.000111
0.008145
0.001856
0.000333
0.014939
0.020118
0.014032
0.000331
0.000272
0.000887
0.001087
6.1e-05
5.3e-05
0.023878
0.004569
0.00115
0.000725
7.4e-05
0.001932
0.003397
0.001159
0.00022
0.003249
0.007255
0.002209
0.000445
0.001705
0.006603
0.012671
9.5e-05
3.6e-05
0.001095
0.004179
9.7e-05
0.000163
0.005874
0.00692
0.002191
0.011622
0.017972
0.000516
2.6e-05
0.023182
0.004262
0.001406
3.8e-05
0.004713
0.000344
0.001553
0.00274
0.003266
0.0007
0.001261
0.01554
0.060563
0.000116
0.007292
0.008399
0.00015
0.000874
0.022185
0.009287
0.003833
0.000733
3.8e-05
0.004357
0.00043
0.001686
0.002941
0.000124
9e-05
0.000841
0.016741
0.000537
5.7e-05
0.012931
0.000455
0.005203
3.6e-05
0.000198
0.0028
0.000386
0.000787
0.006877
0.000292
0.00612
0.0104
0.000989
0.00072
8.5e-05
0.000512
0.002216
0.008865
0.025255
0.002089
0.02941
0.015116
0.00935
0.003236
0.000818
0.002461
0.05091
3.3e-05
0.003023
0.009957
0.003839
0.003952
0.001346
0.000238
0.002705
0.001592
0.000458
0.009799
0.002138
5e-05
0.006503
0.000275
0.010371
0.000143
0.000277
4.2e-05
0.011486
0.000245
0.02919
0.001328
0.005298
3.3e-05
0.000179
0.003575
0.000644
0.000507
0.02356
0.031878
0.00641
0.004955
0.000166
0.001617
0.000272
0.000193
0.005603
8.2e-05
0.000232
0.000935
0.002547
0.00233
0.011076
0.00979
0.001801
0.008724
0.000672
8.1e-05
0.008141
0.014604
6.7e-05
0.002566
0.001806
0.000109
0.008006
0.013148
2.3e-05
1.7e-05
0.000358
0.007251
0.009843
0.000396
0.028451
0.055969
2e-05
0.005023
0.00037
0.000349
0.000257
0.000877
0.000445
0.000488
0.040567
0.006152
3e-05
0.001949
0.000134
0.004117
0.023523
0.019873
0.001436
0.012027
0.009652
0.011154
0.000858
0.015724
0.0024
4.1e-05
0.000241
0.000545
0.000321
0.000102
0.000449
0.003796
0.00061
0.000119
0.001265
1.4e-05
0.000161
0.004069
0.0016
0.002174
0.001124
0.000193
0.000138
0.001214
0.001332
0.00139
0.015138
1e-05
0.009148
0.014006
0.001131
0.000276
0.002438
0.003103
0.000732
0.007383
0.013663
0.0001
0.002031
0.000676
0.003125
0.008672
0.001196
0.000175
0.009865
0.010668
0.001165
0.034146
2.3e-05
6.3e-05
0.000429
0.000191
0.001471
0.000679
0.000802
0.001462
0.000481
0.000271
0.003183
0.001346
0.004699
0.000195
0.001783
0.000118
0.000163
0.005467
0.000113
0.00107
5.1e-05
0.011817
0.001003
0.000376
0.008019
0.013732
0.002358
9e-05
0.000965
0.044185
0.001569
0.002271
0.021174
2.2e-05
3.4e-05
0.02336
0.003494
0.003182
0.000162
0.028981
0.00277
0.001132
0.003513
0.00051
0.000864
0.000204
0.001673
5.2e-05
0.000235
3e-05
0.000109
0.000188
9.8e-05
0.012784
0.003388
0.002857
0.003219
0.000563
0.003485
0.000432
0.002854
0.000268
0.003026
0.006948
0.001169
0.001692
0.004153
0.000411
0.000546
0.001979
0.000854
0.001117
0.002569
0.001496
0.000935
0.002019
0.002168
0.027558
0.000362
1.9e-05
0.000238
0.001213
0.011703
0.001759
0.007308
4.6e-05
0.000419
0.000322
2.4e-05
0.001185
0.004845
0.003877
0.05441
0.002199
0.013319
0.026733
0.005508
0.030685
0.024542
0.000151
0.000197
0.000125
0.032471
0.000334
0.004866
0.000458
0.003251
0.000158
0.002534
0.012833
0.009871
0.008962
0.00953
0.001032
0.000719
0.000558
0.000362
0.000314
0.002053
0.000539
0.000914
0.000173
0.000257
0.006605
0.000533
0.007387
0.002211
0.000435
2e-05
0.001017
0.002847
0.023552
2.8e-05
0.008662
0.000795
0.002395
0.000225
0.000404
0.004078
0.007197
1.3e-05
0.006651
0.004529
0.000162
0.018044
3.3e-05
0.000552
0.004054
0.000663
0.011805
0.015302
6.2e-05
0.002297
0.000207
0.016723
0.000443
2.6e-05
0.012796
6e-05
0.000116
0.010745
0.002065
3.5e-05
1.8e-05
8.1e-05
0.003363
0.004162
0.000273
0.004747
0.023178
0.001436
0.002551
0.000975
0.010272
0.001849
0.003167
0.00691
0.004668
0.002427
0.00725
0.018079
0.000503
5.9e-05
0.008682
0.004246
0.000384
7.1e-05
0.003268
0.008201
2.3e-05
0.024844
0.001284
0.002227
0.000269
0.001066
0.001142
0.002019
0.000358
0.000176
0.001494
0.005843
0.002296
0.010282
9.3e-05
8.6e-05
6.8e-05
0.010667
0.018134
0.001455
0.006903
0.002995
0.016864
4e-05
0.008064
0.000818
0.001402
0.023643
0.011345
0.001497
0.002154
0.001346
0.025232
0.002886
0.001824
0.000616
0.004969
0.007444
0.006952
0.000156
0.010883
0.005092
0.00022
6.2e-05
0.005324
0.005775
0.000429
0.002952
0.000202
0.000424
0.001943
0.001743
4.7e-05
0.005585
0.00022
0.001628
0.001009
0.000103
0.007815
0.008385
0.005442
0.012946
0.000476
0.001634
9.2e-05
0.000359
0.006268
0.006027
2.6e-05
5.1e-05
0.028505
0.000204
0.003226
0.001015
0.002171
0.000113
0.000211
0.000482
0.001068
0.000822
0.003828
0.016176
0.001869
0.004669
0.005168
0.000259
0.000365
0.00017
0.000916
0.001839
0.0007
0.001113
0.000951
0.002075
0.01979
0.016483
0.001702
8.4e-05
0.001437
8.7e-05
0.00273
7.2e-05
0.008995
0.014661
0.003254
0.00016
0.00063
8.9e-05
0.008988
0.000464
0.001493
8.6e-05
0.012467
0.000102
0.024752
9.9e-05
0.00856
0.000162
0.000808
0.001854
0.000382
0.000122
0.011632
0.000768
0.00294
0.020085
0.006152
0.000197
0.000276
0.000217
0.00015
0.000475
0.000133
0.002344
0.001027
0.003303
0.003907
0.013361
0.010023
0.003737
0.001664
0.000281
0.000823
0.000865
0.006729
0.006581
0.005161
9.4e-05
0.010961
0.000659
0.003244
0.000751
9.1e-05
0.000236
2.8e-05
0.000525
0.000652
0.001362
0.002906
0.00303
0.000601
0.000142
0.003867
0.000152
0.002224
0.000597
0.01001
0.000452
0.000153
0.006152
0.000427
0.000112
0.000143
0.001199
0.044537
0.000363
0.014593
2.3e-05
0.005566
0.006732
0.000331
5.1e-05
0.000187
9.7e-05
0.011999
0.000104
0.014304
0.021458
0.00072
0.006802
0.000815
0.000418
0.00553
0.003454
0.002097
0.013259
0.002272
0.008353
0.000367
0.007486
0.000221
0.003509
0.002621
0.000434
0.000856
0.015736
5e-05
0.002376
0.006735
0.007819
0.000103
0.001918
0.000834
0.007874
0.000135
0.00013
0.001641
0.001621
0.017091
0.000135
0.001153
0.000204
0.009727
0.000218
2.6e-05
0.004544
0.00093
0.000755
3.7e-05
0.001793
0.003876
0.0039
3.4e-05
0.005427
0.000686
0.002573
0.001792
0.00397
0.003471
0.000107
0.011609
0.001066
0.002663
0.007697
0.001911
0.015215
0.001118
0.000894
0.006075
0.001419
0.000269
0.033582
0.001705
0.000989
0.005492
0.000223
6.3e-05
0.016746
0.000501
0.009414
0.001107
0.000904
0.003712
8.8e-05
0.000444
0.000776
0.000115
0.011716
0.01407
0.000247
0.000154
0.003983
0.012477
0.00044
4.5e-05
0.001023
0.000311
0.000119
0.000321
0.011268
0.000144
2.1e-05
0.004127
0.008311
0.008606
0.005002
0.001814
0.00219
0.012871
0.012542
0.023129
0.005961
0.001485
0.005182
0.004596
0.00129
0.005483
0.000202
0.003902
5.5e-05
0.000353
0.003074
0.019947
0.001113
0.000818
0.000105
0.020022
0.000201
0.001036
0.000431
0.015571
0.000934
0.000716
2.4e-05
0.000874
4.6e-05
3.5e-05
0.001874
0.000179
0.003625
0.000929
0.000718
0.001163
0.000374
0.000235
0.007678
0.001846
0.000131
0.00103
0.00744
0.000842
7e-05
0.003598
0.001008
0.000513
0.000483
0.000536
0.000211
0.004324
0.00054
0.01161
0.000203
4.1e-05
0.001
0.000527
0.010244
0.002682
0.014859
0.000133
0.006284
0.014749
0.00384
0.016562
0.000408
2.1e-05
0.001191
0.006916
0.003911
0.000262
8.9e-05
0.017229
0.003128
0.000916
0.001444
0.00041
0.000511
0.000274
0.000233
0.002149
0.000645
0.004506
0.001316
0.000678
7.1e-05
0.000444
0.00308
0.001137
0.000469
0.024677
0.042739
0.002006
6.1e-05
4e-05
0.018671
0.00046
7.1e-05
0.002208
0.000683
0.000172
0.001486
0.002503
0.000102
0.004296
0.001286
0.001599
6.1e-05
0.000384
0.000345
0.003706
0.016656
0.003001
0.000178
0.002864
0.000911
0.015007
0.001022
6.7e-05
0.000487
0.004156
0.010358
0.004524
3.1e-05
0.001655
0.003814
0.006264
0.000153
0.000173
0.002509
0.00426
0.000649
0.000219
0.007401
0.019639
0.000822
0.000207
0.004803
0.001011
0.018432
0.001636
0.003294
0.00764
0.001751
0.003377
0.021189
3.8e-05
0.003527
0.025599
0.000105
3.2e-05
0.001699
9e-05
0.012346
0.024756
0.002268
9.8e-05
0.000159
0.00029
0.008949
0.001753
0.000588
0.000992
0.010286
0.002366
0.009587
0.001773
0.008618
9.1e-05
0.000347
0.000102
0.000292
0.022127
0.004639
0.035781
0.024282
0.000109
0.001368
0.001927
0.000263
3e-05
0.004756
0.004265
0.003305
5.3e-05
0.001108
0.003145
0.014832
0.024511
0.001862
0.018061
0.006615
7.5e-05
0.00913
1.9e-05
0.000214
0.002029
0.000828
0.000274
0.000726
0.027966
0.002528
0.003047
0.006019
0.0002
0.013027
0.007305
0.016996
0.000766
0.008671
0.016578
1.4e-05
7e-05
0.00291
0.014583
0.000843
0.000735
0.001914
6.5e-05
9e-05
0.000993
6.2e-05
0.009191
0.009113
0.003114
0.010249
0.00055
0.000697
0.016077
8.1e-05
0.000327
0.001844
0.000656
0.000201
0.001139
0.000952
0.002054
0.001789
0.000649
0.001802
0.000389
0.0004
0.003501
0.001275
0.004313
0.002512
0.000169
0.000203
0.000201
0.001589
0.000313
0.005033
0.001058
0.012838
0.004382
0.006977
0.007525
0.002288
0.004147
8.9e-05
0.000123
0.000976
0.001193
0.003947
7.9e-05
0.000829
0.024958
1.4e-05
0.00727
0.001681
0.002227
0.003631
0.002099
0.000292
0.015132
0.007769
0.003599
0.013048
0.004627
0.001406
0.001097
3.2e-05
0.000477
0.000882
7.1e-05
0.00018
0.005184
2.1e-05
1.9e-05
7.5e-05
0.002028
0.000713
0.013941
0.000203
0.001086
0.001367
0.000306
0.0595
0.015829
0.006273
0.004556
0.000576
0.005814
0.04014
7.4e-05
0.000493
0.011846
0.000185
0.000487
0.025168
0.001033
0.007172
0.001102
0.011947
9.2e-05
0.00023
0.000869
0.012434
0.00134
0.001313
0.028076
0.004664
0.013956
0.023976
0.02224
0.00255
3e-05
0.000334
0.000127
0.001355
0.001254
0.000167
0.002469
0.01997
0.00104
0.001978
0.001611
2.5e-05
0.007148
0.003688
0.00028
0.002195
0.00374
9.8e-05
0.029383
0.002261
0.000427
0.006243
0.001268
0.013803
0.004495
0.003104
0.00187
0.013532
7.6e-05
0.000187
0.001095
0.006352
0.000177
0.002777
0.000959
9.8e-05
3.7e-05
0.000206
0.000251
0.001771
0.000501
0.000739
0.003461
0.010954
0.003647
0.001537
0.002888
0.001619
0.002725
0.00225
0.004494
0.000171
0.002963
0.003974
0.000627
0.015834
1.6e-05
7.5e-05
0.000964
0.000983
0.004385
0.002104
1e-05
7.4e-05
0.00734
0.002636
9.8e-05
0.001019
0.00415
0.007383
0.007069
0.000744
0.020818
0.002882
0.007526
0.000848
0.001677
0.000158
0.020459
0.001036
0.001868
0.003409
0.03098
0.004513
0.002151
0.00037
0.016511
0.003847
7.9e-05
0.022479
0.02833
0.0013
0.002219
7.3e-05
0.000269
4.6e-05
0.00487
0.000136
0.006463
5.9e-05
1.2e-05
0.003372
0.001923
0.000497
0.008425
5.7e-05
0.000143
0.014652
0.013655
0.000303
0.002688
0.001547
0.001579
0.001272
0.000933
0.007635
0.001846
0.000813
0.023727
0.000201
0.002942
0.001712
0.0025
0.003167
0.0002
0.000725
0.00096
0.010003
0.000265
9.9e-05
8.5e-05
0.019763
1.8e-05
0.000642
0.003322
5.3e-05
2.9e-05
4.1e-05
0.000113
0.001333
0.000252
0.013891
0.023967
0.000106
0.011868
8.6e-05
0.018169
0.01495
0.008004
0.019659
0.000927
0.00051
0.02102
0.000425
0.000595
0.000302
0.004643
0.009366
0.000407
0.000657
0.000104
0.000817
0.001736
3.8e-05
0.000133
0.000497
0.013414
0.009139
0.022621
0.010821
0.001141
0.014337
2.4e-05
6.4e-05
9.4e-05
0.004257
0.028234
0.002673
0.00212
0.000676
0.007209
0.004352
0.001455
0.000667
0.000146
0.004555
0.001574
0.008359
0.004063
0.000992
0.001432
0.000147
0.007261
0.014828
0.035765
0.000324
0.00963
7e-05
0.000357
0.000377
0.007577
0.001374
0.000491
0.001023
0.018843
0.006249
7.8e-05
0.001502
0.002817
0.000457
0.00162
0.012829
0.03063
1.8e-05
0.000227
0.000971
0.000151
0.000899
0.00054
0.000598
0.012445
0.005052
0.00228
0.000767
0.002832
0.017527
0.000235
0.000681
0.007402
0.005619
0.002491
4.8e-05
0.000859
0.003211
0.000338
0.001288
0.009196
2.9e-05
0.000999
0.000746
0.005958
2.7e-05
0.000331
0.000454
0.000952
0.000813
0.008069
0.000142
0.001473
5.6e-05
0.000277
0.00341
0.000226
0.000223
0.004187
0.000603
0.000143
0.000597
0.00083
0.003683
0.000463
7.9e-05
7.2e-05
0.000149
0.014639
0.002208
0.033639
0.011493
9.6e-05
0.008882
0.004439
0.002946
0.037786
0.011858
0.000113
0.003756
0.003261
0.000947
0.001129
0.000565
0.001856
0.000212
0.001756
0.00144
0.005804
0.003713
0.011796
0.006097
2.3e-05
0.013231
0.008273
0.000209
0.002722
0.016732
7.1e-05
0.033742
0.000364
0.021033
0.002281
0.013645
4.3e-05
9.8e-05
0.00272
0.000152
0.001918
0.000344
4.4e-05
0.007718
0.000859
0.000199
0.001139
0.000594
6.2e-05
0.000163
0.003324
0.000104
0.00079
0.003367
0.003789
0.000555
2.3e-05
0.000194
0.001698
0.000239
0.029339
0.003338
0.0007
0.000382
0.001391
0.003223
0.001868
0.00084
2.7e-05
0.002328
0.00054
0.002503
0.017965
0.000542
0.016351
0.001246
0.005179
0.000208
0.026082
0.009589
0.001902
0.016682
0.000522
0.004635
0.000221
0.006851
0.000917
0.002955
0.006514
0.000941
0.001736
9.8e-05
0.012976
0.012929
5.2e-05
0.002407
5e-05
0.000308
0.001734
0.005899
0.001872
0.008481
0.002414
0.026092
0.001758
0.001943
0.00163
0.006421
0.004798
0.001065
0.001344
0.016206
0.002928
0.000355
5.4e-05
0.016882
0.000582
0.002703
0.000461
0.014798
0.000198
0.006169
0.004221
0.000803
0.00036
6e-05
0.002396
0.001354
0.031268
0.003412
0.000239
0.00113
0.000287
0.003169
0.000296
0.013309
0.000404
0.002191
0.000881
6.6e-05
0.004824
1.5e-05
0.015636
7e-05
0.000403
0.053933
0.000569
0.000446
0.027742
0.000268
0.0022
0.000128
0.015148
0.000517
0.006358
0.00095
4e-05
0.000105
0.017607
0.003216
0.006188
0.000679
0.000771
8.5e-05
3.4e-05
0.000121
0.000253
0.00119
0.00374
0.005324
0.004519
7.6e-05
0.001487
0.001685
4.2e-05
0.001169
0.014994
0.00076
0.004041
0.012478
0.016832
0.017155
0.01255
3e-05
0.000272
0.000105
0.001596
0.006093
0.000812
0.038226
0.009161
0.000651
0.000498
5.8e-05
0.000139
0.006494
0.012847
0.000255
0.001407
0.00228
0.00033
0.000445
2.3e-05
0.007002
0.019699
0.001989
0.001601
0.00016
0.011326
0.013688
0.000251
0.00174
0.003869
0.000242
0.000289
0.005181
0.015924
0.00011
0.002607
0.002043
0.001165
0.001531
0.00082
0.002919
0.001017
0.001123
9.4e-05
0.000425
0.004621
0.001834
0.009522
0.000327
2.3e-05
0.001146
0.004671
0.000521
0.005651
0.003071
0.001872
0.00065
0.00701
0.005974
0.000764
4.1e-05
0.010412
3.7e-05
5e-05
0.00011
0.027066
0.005799
0.0057
9.6e-05
0.002574
0.000638
0.0378
0.008555
0.000121
0.001343
0.001591
0.00103
0.000452
0.000173
0.003169
0.001539
0.026669
0.007252
0.003189
0.018298
0.013639
0.000119
0.001594
0.018876
0.002349
0.00033
0.000404
0.008245
0.00261
3.7e-05
0.012026
0.001865
0.000366
0.000239
0.000796
0.00514
0.00278
0.002414
0.000235
0.025472
0.013676
0.001661
0.001578
0.009416
0.02146
0.000728
0.003837
9.9e-05
0.00018
0.017233
0.001684
0.00052
4.6e-05
0.000521
0.000251
0.000308
0.00026
0.003373
0.000368
0.015411
0.003716
0.003206
2.5e-05
0.000215
0.006591
0.010121
0.002012
0.005021
0.002335
0.002429
0.000135
0.000735
0.00788
7e-05
0.002354
0.000337
0.000226
0.030186
0.001822
0.000445
0.000111
0.010683
0.004798
0.008202
0.000287
0.000454
0.000276
3.5e-05
0.005424
0.000113
0.005959
9.9e-05
0.002967
0.024
0.004318
0.000557
0.010135
0.000209
4e-05
0.001458
0.027822
0.000503
0.000485
0.000259
0.000306
0.004701
9.9e-05
0.000872
0.005021
0.004156
0.0022
0.001592
0.000351
0.001285
0.00569
0.020125
0.001604
0.002889
0.002703
0.027542
0.000151
0.000155
1.2e-05
0.024017
9.7e-05
0.001724
0.007448
9.1e-05
0.011358
0.000501
0.012313
0.006574
0.000669
9.8e-05
0.007894
0.000381
0.004214
0.020372
3.9e-05
0.012145
0.008127
0.001204
0.002905
0.016654
0.002867
0.002392
6.1e-05
0.008375
0.012358
0.001641
3.1e-05
3.7e-05
0.003762
0.002551
0.000936
0.003843
0.007087
0.011967
0.024785
0.0001
0.000192
0.000727
0.00339
0.011892
0.002226
0.003768
0.000343
0.022803
7.2e-05
0.000425
0.002888
0.002761
0.001964
0.018924
0.000618
0.001333
0.002137
0.007139
0.004294
0.000213
0.00209
0.001732
2.7e-05
0.000804
0.001616
0.000534
0.021053
0.001488
0.013522
0.001152
0.003924
5.5e-05
3.8e-05
0.000295
0.010342
0.000136
8.1e-05
0.000108
0.000983
0.000399
0.000898
0.004299
0.006131
0.003135
0.012137
0.002196
0.000606
0.008375
0.004809
0.002435
0.001196
0.000902
0.002392
6.6e-05
0.000188
0.014211
0.000121
0.000376
0.0011
0.020096
0.000353
0.000106
0.00458
0.004589
0.013301
0.000304
0.000607
8.7e-05
3.9e-05
0.037258
0.004181
0.000196
0.001478
0.000894
0.000961
0.000356
0.007469
0.000695
0.001025
0.016869
0.000237
3.3e-05
0.006633
0.002696
0.000335
4.5e-05
0.002341
0.000147
0.021402
0.001136
2.6e-05
0.001796
0.003171
0.000359
0.000202
0.040562
0.004312
0.001008
7.6e-05
4.2e-05
0.002296
0.001602
0.000519
0.007631
0.034794
0.00424
0.000157
0.000118
0.000206
0.000777
0.000138
0.001759
0.000237
0.000281
0.00037
0.000912
0.008422
0.001295
7.2e-05
0.007632
0.001247
0.005881
0.001334
0.009029
0.00029
0.03227
0.035696
0.000756
0.000765
0.001213
0.001365
0.002892
0.016387
0.000443
0.043144
0.004948
0.001814
0.001904
0.001255
0.012155
0.009364
9.2e-05
0.027861
0.001792
0.000245
0.002711
0.005469
0.0012
0.000126
0.004831
0.000236
4.7e-05
0.013342
0.000704
3.1e-05
0.000279
1.9e-05
0.005396
0.005413
0.009825
0.000451
0.000472
4.9e-05
0.002366
0.007693
0.022328
0.000845
0.00049
0.010037
0.001433
0.003258
0.000126
0.007667
0.000884
0.009278
0.00016
6.9e-05
4.6e-05
6.6e-05
0.000493
0.002447
1.2e-05
0.001857
0.005745
0.023183
0.000119
0.000684
0.001257
4.6e-05
0.000301
0.000427
0.000335
0.060211
0.005288
0.005213
0.00083
0.001367
0.000653
0.006268
0.014097
0.015749
0.002716
0.002957
9.2e-05
0.000209
0.00194
0.000951
0.000239
0.000634
0.033364
0.000353
0.001063
0.000176
0.000354
0.000143
0.004108
0.000937
4.2e-05
0.000377
0.000781
0.001035
0.002676
0.001362
0.00183
0.004679
7.2e-05
0.001104
0.024988
0.008921
0.00127
0.000134
0.00022
0.008856
0.018044
0.002411
0.000511
0.000444
0.000791
0.018577
0.001405
0.000302
0.030847
0.000705
0.004241
0.005365
0.009409
0.001182
0.003539
4.2e-05
0.000515
0.010195
0.00718
0.00016
0.000567
0.000207
0.002589
0.027461
0.002347
0.003617
3.6e-05
0.025318
5.5e-05
0.000328
0.003195
0.002966
0.000211
0.000418
0.004273
0.006786
3.4e-05
0.01255
0.003372
3.3e-05
0.012588
0.008695
0.003493
0.000993
0.000203
0.000571
5e-06
0.000987
4.4e-05
0.003661
0.005998
5.9e-05
0.00339
0.013747
0.006186
0.000166
7.3e-05
0.028991
8.7e-05
0.005093
0.012666
0.000338
0.000844
0.001948
0.011201
0.002034
0.000125
0.00203
0.000221
2.3e-05
0.000541
0.001017
5.8e-05
0.014664
0.000149
0.00065
0.011928
0.000727
0.002207
0.004659
0.00064
0.001172
0.003463
0.000172
0.032139
0.005992
0.008627
0.008414
0.005139
0.003098
0.000744
0.001641
0.02829
0.012434
0.001618
0.008575
0.041199
0.018715
0.001377
0.000801
0.002405
0.003302
0.003721
0.013079
4.1e-05
0.001272
0.00042
0.000867
0.00176
0.002534
0.002196
0.000368
0.010687
0.000574
0.001645
0.014866
0.015588
5.6e-05
0.003606
0.001477
0.006024
0.000122
0.018989
0.004132
0.000206
0.000261
0.006073
0.001316
0.000389
0.000967
0.038146
0.000808
0.003146
0.000156
0.01725
0.011534
0.037215
0.00032
0.000161
2.5e-05
0.000702
4.1e-05
0.011959
3.5e-05
0.003922
0.019608
0.010082
0.000142
0.001211
0.000262
0.012966
0.001763
0.000407
0.001354
0.000286
0.000758
9.4e-05
0.010532
0.000122
0.000816
0.021915
0.001385
0.000132
0.000272
1.8e-05
0.000398
0.002404
0.000334
0.002726
0.000234
0.028804
0.00215
0.000389
0.005558
0.012347
0.000453
8.4e-05
0.001218
0.001332
0.000224
0.000301
0.000253
0.001245
0.007198
0.000322
0.000313
0.000519
0.00242
0.000973
0.00177
0.000813
0.017464
0.003444
0.007148
0.00026
0.0013
0.00027
0.000545
0.001132
0.000358
0.000445
8.4e-05
0.003884
0.020069
0.000347
0.003302
0.000666
0.000521
0.000293
5.5e-05
0.016439
0.000154
0.000457
0.000253
0.000106
0.000325
0.000471
0.03272
0.005412
0.018972
0.01303
0.003115
0.000201
0.0069
0.014779
0.011333
0.000643
0.000288
5.7e-05
0.000613
0.013345
0.006316
4e-05
7.2e-05
0.002216
4.8e-05
7.1e-05
0.015299
0.003444
0.002057
0.008838
0.0002
0.001914
0.000242
0.000247
3.8e-05
0.015257
0.001048
0.004162
0.000508
0.002425
0.025762
0.000791
0.000697
0.00054
0.003719
0.002318
0.002157
0.000384
4.7e-05
2.7e-05
0.000378
0.000135
0.02737
0.0005
0.000405
0.000261
0.018156
0.003833
0.00017
0.010239
0.000247
0.002441
0.000582
4.7e-05
0.008683
0.004775
0.008016
5.2e-05
2.5e-05
0.005533
0.000283
0.000607
0.005492
0.000682
0.000357
0.002665
0.000424
0.000102
0.000111
0.016491
0.000106
0.003595
0.004645
0.000206
0.021361
0.002753
0.001394
0.000907
0.002162
0.000176
0.000679
9.8e-05
0.023243
0.001876
0.001134
0.000869
0.007419
0.002413
0.00378
0.000464
0.021015
0.009608
0.000216
0.016732
0.000556
0.000104
0.033516
1.6e-05
2.7e-05
0.000108
0.002313
0.001064
0.012781
0.012654
0.004267
0.021957
0.008419
0.010756
0.00166
6.9e-05
0.001144
0.001654
0.012447
0.003225
9.6e-05
0.001181
0.009741
6.9e-05
0.00527
7e-06
0.000233
3.3e-05
0.021803
0.001213
0.006984
0.001501
0.003175
0.014905
0.001997
0.000128
0.000226
0.015709
0.004954
0.000409
0.001642
0.006303
0.000808
0.000259
0.008181
0.006572
0.000633
2.8e-05
4.2e-05
0.006649
0.000616
0.00117
0.020808
0.000401
0.000304
0.00417
0.001267
0.001167
0.001503
0.000142
0.001346
0.004388
0.000317
0.000709
0.005728
0.024395
0.011987
0.000405
0.001254
0.019675
0.000104
0.001623
0.007101
0.00721
0.02411
0.001428
0.000104
0.019783
0.000118
2.7e-05
0.000245
0.000301
0.002162
0.017497
2.8e-05
0.00141
0.000272
4.4e-05
0.006876
0.000224
0.001005
0.007656
6.2e-05
0.021861
5.3e-05
5.3e-05
2.1e-05
0.004186
0.024155
0.005267
0.002989
2.9e-05
0.002643
0.0015
0.002128
0.009409
0.000648
0.000858
0.004866
0.000112
0.004885
0.001219
0.001636
0.002649
0.000574
0.015973
0.010446
0.001143
0.012079
0.001431
0.002929
0.002469
0.000452
0.003423
0.000421
0.003671
0.000437
0.000202
0.00151
0.000533
0.000283
0.000191
0.008316
0.000466
0.021331
1.7e-05
1.4e-05
0.002656
0.002384
0.000238
9.1e-05
0.000195
0.006602
3.5e-05
9.5e-05
0.000944
8.1e-05
0.007788
0.004225
0.003288
0.001188
0.00383
0.001756
3.2e-05
0.000585
0.02821
0.010312
0.005581
0.000279
0.01344
0.001223
0.010813
0.000653
0.00091
0.015192
7.1e-05
0.002786
0.006364
0.000315
0.00037
0.007798
0.012472
0.000162
0.003554
0.008945
7.3e-05
0.002898
0.004363
0.00588
0.000647
0.003665
0.001736
0.001484
0.000728
0.007441
0.001451
0.002331
0.000476
0.003092
0.007404
0.002831
0.001975
0.02101
0.001391
0.003157
0.001689
0.005708
0.000292
0.00083
0.000122
0.003372
0.000106
0.00348
0.000514
0.001498
0.008303
0.013815
0.004131
8e-05
0.002583
0.007829
0.014929
1.8e-05
0.019923
0.000292
0.015299
0.002085
0.002374
0.016954
0.000193
0.001624
0.001771
0.002388
5.3e-05
0.000152
0.006481
0.001006
0.012501
0.00071
0.001453
0.004705
0.001926
0.000204
0.000719
0.000754
0.009752
0.002898
0.000189
0.003546
0.031747
0.000406
0.011565
0.005769
0.000429
0.001455
0.000174
0.030867
0.0063
0.000449
0.001496
0.000806
0.000269
0.005693
0.000401
1.9e-05
2.1e-05
0.000279
0.013064
0.005413
0.001798
0.000728
0.000436
0.000135
0.019786
0.000709
0.000161
0.002822
0.035456
0.001041
0.00091
7.8e-05
0.028045
0.007162
3.4e-05
0.000229
0.012328
0.001996
0.005926
0.010906
3.2e-05
0.01069
0.001055
0.000317
0.000258
0.002595
0.001346
0.018958
0.000252
0.018915
9.6e-05
0.008115
0.00087
0.002828
3.3e-05
0.001512
0.000879
0.001134
0.002006
0.000626
0.003813
0.000454
0.029031
0.009885
0.000156
0.000926
0.000304
0.00065
0.0031
0.006561
0.000189
0.048445
0.022878
0.000118
0.001236
0.002599
0.005666
0.000299
0.007574
0.002888
0.002809
0.001951
7.2e-05
0.01296
0.012307
0.013106
0.002729
0.000129
0.019204
0.000333
0.000326
0.000421
0.002739
0.001498
2e-05
0.013506
0.00919
0.001446
5.3e-05
0.015678
0.000579
0.000518
0.003051
0.00118
0.000186
0.009405
0.00268
0.026823
0.001073
0.024498
0.000702
0.015628
0.000468
0.009809
0.011531
0.002832
0.00165
0.000232
0.001272
0.002164
0.000139
0.003592
0.015664
0.015983
6.6e-05
0.000385
0.001438
0.002834
0.019654
0.001255
0.000382
0.00033
0.000514
0.000717
0.001148
0.018401
0.010731
0.024979
0.002334
0.001743
0.001337
0.001858
0.001411
9.7e-05
0.025261
0.002816
0.009461
0.001403
0.004943
0.011354
0.001331
0.005743
0.000988
0.001979
0.029402
0.000918
0.018469
0.000492
0.000123
0.000321
0.001294
0.001052
0.001252
1.6e-05
0.000138
0.000524
4e-05
0.016217
0.005065
0.000202
0.004077
0.001031
0.006929
0.01534
4.6e-05
0.005991
0.003784
0.005592
0.000786
0.001705
0.001412
0.004198
0.000131
0.000933
0.000543
0.000682
0.008058
0.000399
0.033488
6.3e-05
0.00447
0.008412
0.020244
0.001316
0.000109
0.000141
0.000691
6.5e-05
0.009309
0.000305
0.006794
0.001553
0.00145
7.1e-05
0.005455
0.000303
0.019181
0.003873
0.003627
0.000414
0.014219
0.003246
0.007274
0.000252
0.032061
0.012299
0.028134
0.023179
0.008143
0.000199
0.001919
0.003372
7.6e-05
0.004801
6.7e-05
0.007568
6.1e-05
0.013156
0.002353
0.00017
0.002436
0.022715
0.00704
0.003318
8.3e-05
0.028578
0.000935
8e-06
0.002026
0.000175
0.001415
0.00437
0.007523
0.000623
0.000222
0.008674
0.0074
0.000327
0.001239
0.002186
0.000916
0.003431
0.008656
0.001241
0.000609
0.009258
0.005663
0.001435
0.010227
0.000232
0.0075
0.004059
0.025381
0.013752
0.000386
0.000724
0.002081
0.00205
8.6e-05
0.001033
0.004101
0.001434
4.8e-05
4.6e-05
0.000889
0.001835
0.030635
0.000204
0.042714
0.004653
8.4e-05
0.001025
0.009121
0.001955
0.002311
0.004845
0.004578
0.022175
0.001092
0.000421
0.000457
5.6e-05
0.002548
3.3e-05
5.4e-05
0.004801
0.000104
0.002407
0.00676
0.005629
0.004261
0.002725
0.000161
0.000185
0.000762
0.000602
0.000221
0.001179
0.000532
0.000796
0.000225
0.004536
8.8e-05
0.000115
0.000348
0.00017
0.000118
0.003697
1.6e-05
0.000388
0.000103
0.000769
0.001801
0.023638
0.000476
0.020439
0.000166
0.004724
0.015383
0.000175
0.000209
6.9e-05
0.00109
0.002667
0.000491
0.000552
0.007191
0.003078
2.4e-05
0.013085
0.010004
9.3e-05
0.000685
0.003757
4.2e-05
0.00015
0.00064
0.003089
0.01188
0.001416
0.002792
2.5e-05
0.001279
0.017328
0.032558
0.001395
0.000136
0.00026
0.003521
0.000597
0.000759
0.002923
2.3e-05
0.022967
0.001013
0.005528
0.002034
0.000199
0.000463
0.002416
0.000862
0.008414
0.020038
0.000196
0.00751
0.000901
0.008184
0.000382
0.001259
0.013473
0.000364
0.000794
0.00256
0.009704
0.001884
0.000186
0.000961
0.000147
0.002206
0.004556
0.016577
5e-05
0.001191
0.007037
0.000757
0.013837
0.005725
0.004201
0.000794
0.02553
0.001107
0.001238
0.004323
0.009364
4.6e-05
0.000414
0.00022
6e-05
0.003508
0.00192
0.000184
0.00094
0.005893
0.001105
0.001618
0.000379
0.002902
0.004648
0.000658
0.012614
0.000101
0.002762
0.016065
0.012383
0.004372
0.000274
0.003995
0.016966
0.002922
0.003238
0.009092
0.000886
0.000312
0.000221
0.016522
5.9e-05
0.000901
0.000115
0.017816
0.011826
9.1e-05
0.00251
0.003455
0.022291
2.3e-05
0.033812
0.015543
9.4e-05
0.002648
0.000149
0.01843
0.000102
0.001474
0.003978
0.008973
0.001204
0.016114
0.002857
0.014344
0.016417
9.6e-05
0.003
0.000379
0.002287
0.011305
0.000316
0.009712
0.000395
0.005586
0.001108
0.000328
0.015737
0.009686
0.00066
0.000798
3.6e-05
0.003699
0.000132
0.011167
0.007229
0.00172
0.011025
1.7e-05
0.069471
0.004848
4.6e-05
0.000232
0.000274
0.002939
0.000434
0.000496
0.000587
0.002548
0.00024
0.001329
0.00059
2.4e-05
0.000146
8.2e-05
0.003881
3e-05
0.001195
0.00029
4.7e-05
0.016233
0.007589
0.002533
0.001737
0.000156
0.006807
0.0008
0.004423
0.001987
0.006674
0.001987
0.000233
0.001866
0.004013
0.000389
0.001068
0.007075
0.005643
0.011189
0.000439
0.000156
0.013731
0.017755
0.000196
0.000238
0.004878
0.000425
5.5e-05
0.001792
0.000285
0.0066
0.000121
0.003895
0.001049
0.005209
0.010495
0.013312
0.022754
3e-05
0.00479
3.7e-05
0.004353
0.003506
0.000253
0.002047
0.040272
0.000218
0.00097
0.015522
0.002445
5.9e-05
0.001479
0.006164
0.005215
0.000814
0.000898
0.00023
0.000325
0.000754
0.008742
8.1e-05
2.5e-05
0.000464
0.005387
3.6e-05
0.009993
0.000838
0.0001
0.001619
0.011742
0.004986
0.000592
0.000535
0.017469
0.001464
0.015679
7.1e-05
4.1e-05
0.028055
0.003923
7.5e-05
0.007527
0.010778
0.000919
0.000102
0.003735
0.001431
0.013958
0.004413
0.001149
0.000333
0.023272
0.001985
0.013286
0.004305
0.001261
2.4e-05
0.001987
0.001511
0.012661
0.002025
0.000137
0.000559
0.00368
0.016064
0.015083
0.009496
0.015003
0.011071
0.002009
0.001832
0.019009
0.000336
4.7e-05
0.001922
0.046238
0.010403
0.000173
3e-05
0.001492
0.004521
0.005261
0.003775
9.7e-05
0.000791
0.001506
0.000227
0.00074
0.002498
0.030561
0.000303
0.021491
0.003715
0.000335
0.00287
0.019699
0.003093
0.00964
0.000265
0.004098
0.000252
0.014138
6.7e-05
2.8e-05
0.000807
0.020088
0.01167
0.001149
6.3e-05
0.000398
0.00425
0.00039
0.000973
0.006292
0.000914
0.002631
0.009679
0.018496
0.000125
0.002866
0.005249
0.001549
0.002617
0.002862
0.000146
0.00144
0.002508
0.008557
0.000234
0.008061
8.5e-05
0.000187
0.001028
0.00185
0.000779
0.006873
0.00184
0.000237
4.3e-05
0.041047
0.017866
3.4e-05
0.012017
0.003359
1.5e-05
0.01037
0.000712
0.007835
0.00026
0.034332
0.002782
0.000607
0.000811
0.008162
0.006411
0.018251
0.001534
0.000189
0.000247
0.007437
0.001864
0.000374
0.01648
3.4e-05
0.000668
0.014888
7.7e-05
0.00018
0.000788
0.000203
0.00256
0.000222
0.012547
0.000765
0.011786
0.000205
0.001285
0.000616
0.000855
0.000855
5.3e-05
0.009175
0.002102
0.000158
1.9e-05
0.002576
0.002357
0.001319
0.001183
0.000959
2.3e-05
0.000815
0.000411
0.001006
0.000743
0.000257
0.005419
0.002082
0.001347
0.01136
0.009474
0.002614
0.000703
0.029431
0.002222
0.01853
0.011281
5.7e-05
0.000183
0.023044
0.001048
0.0001
0.004958
0.000228
0.000861
0.002083
0.000863
4.5e-05
0.003392
0.002559
4.1e-05
3.5e-05
0.003974
0.02444
0.001568
0.000176
0.000979
0.003562
0.010882
0.000321
0.025192
0.000159
0.006701
0.000302
0.029563
2.7e-05
0.001175
0.002381
0.017033
0.000438
0.000174
0.000757
0.075733
0.01643
0.000167
0.002025
0.016257
0.002777
6.8e-05
0.00061
1.6e-05
0.003465
0.009467
0.013153
0.001133
4.2e-05
0.013803
0.000265
0.000856
0.007889
0.000178
3.9e-05
0.000798
0.000636
7e-05
0.009144
0.000483
0.00598
0.000359
0.001957
0.014497
0.000263
0.000148
0.000956
0.001061
0.000276
0.001083
0.004602
0.011144
0.005213
0.003572
0.002104
0.000219
0.00425
0.001616
0.016204
0.003312
0.000467
0.000181
0.002022
0.015124
0.000279
0.000479
0.009053
0.005825
4.4e-05
0.000246
0.006484
0.008358
0.002296
0.000411
0.021294
0.005158
0.005286
5.6e-05
0.001926
0.001064
0.012255
0.000601
0.000547
4.5e-05
2.5e-05
0.000126
0.001907
0.000794
0.001454
0.000102
0.000419
0.011294
0.001509
0.025754
2.8e-05
0.000421
0.000539
0.004714
0.000769
0.000389
0.003494
0.00971
0.000189
0.019867
0.002614
0.000904
0.001146
0.006096
0.006737
0.000462
8.5e-05
0.000125
0.005441
0.001378
0.00099
0.000284
0.002087
0.000425
0.000289
0.00016
3e-05
0.026663
0.000211
0.014788
0.000106
0.000882
0.003301
0.000691
0.000878
0.017031
0.059667
0.001187
0.003076
0.000784
0.029647
0.004172
0.001772
0.003034
0.013256
0.029409
0.000391
0.005845
9.4e-05
0.002663
0.001785
0.000152
0.001577
0.001436
0.003016
0.003546
0.00126
0.000343
0.012675
0.0222
0.000731
0.002578
0.001668
0.000625
0.000456
0.000252
0.003525
0.003402
0.000267
7e-05
0.000167
0.0251
0.005075
0.001466
0.010801
0.001804
0.000234
0.001376
0.000174
0.000449
0.005341
0.011275
0.004928
3.7e-05
0.000294
0.010511
0.017036
6.5e-05
0.004451
0.006438
0.0033
0.000795
0.001038
0.015595
0.000521
0.001985
0.016533
0.006457
0.006268
0.00062
0.0123
0.002875
0.006245
0.007747
0.003795
5.5e-05
7.9e-05
0.001162
0.002067
0.000236
0.005458
0.004111
0.002069
0.020021
0.000267
0.000594
0.001347
0.000165
0.000363
0.001959
0.000185
0.000716
4.9e-05
0.000198
0.006335
0.005839
0.000619
0.03212
1.2e-05
0.002703
0.000634
0.018872
0.001073
0.006998
0.000479
0.00384
0.014789
0.027446
0.000131
0.000571
0.028644
0.003373
0.001932
0.001067
0.00126
0.001434
0.000862
0.000127
7.2e-05
0.000217
0.001314
0.003568
0.004932
0.00483
0.000301
0.002595
0.013582
5.6e-05
0.00123
4e-05
0.010851
0.000122
0.003585
0.000497
0.004515
4.4e-05
0.018302
0.005447
0.000306
0.004185
0.005417
0.000224
0.000116
0.01608
0.002639
0.000148
5.9e-05
0.012949
2.3e-05
0.007142
0.001652
0.007537
0.001712
0.011675
0.000724
0.014277
0.000486
0.00198
0.003112
0.000442
4.2e-05
2.6e-05
0.037108
0.001399
0.001132
0.00184
0.008451
0.00193
0.001835
0.001181
0.002327
0.003663
0.001576
0.000379
0.016181
4.1e-05
0.000282
0.000254
0.022271
0.009896
0.013346
0.00625
0.002094
0.000409
0.007024
0.001362
0.003553
0.000184
8.8e-05
0.001359
8e-05
0.003382
0.010877
0.001448
0.016375
0.013112
0.0021
0.000963
0.001224
0.016661
0.000882
0.001763
0.000582
6.5e-05
0.010647
0.0036
0.000152
0.000585
0.031411
0.000546
0.000477
7.3e-05
0.000374
0.001616
0.000278
0.007544
0.001729
0.009934
0.000613
0.022942
9.3e-05
0.000845
0.001466
0.00068
0.014495
0.001446
0.002017
0.000112
4.7e-05
0.015541
0.025932
0.006655
0.000671
0.001297
2.8e-05
0.014292
0.00043
0.000207
0.000368
0.029562
0.000124
0.000737
0.008072
0.002284
0.002153
0.000169
0.004857
1.9e-05
0.000103
0.000298
0.00023
0.008768
0.002923
0.003777
0.001656
0.007306
1.8e-05
0.016919
0.024987
3.6e-05
0.00045
0.000148
0.001868
0.00011
0.002219
0.000634
0.016954
0.020314
0.024967
0.000464
0.000965
0.000424
0.000439
0.000334
0.004032
0.006601
6.3e-05
0.025782
0.002253
0.019606
0.000995
0.000228
0.00282
0.009457
4.8e-05
0.000101
8e-05
0.002259
0.000819
0.000644
0.001996
5.2e-05
0.000712
0.02758
0.000118
5.8e-05
0.001355
0.000227
0.023457
0.001713
0.013742
0.000818
0.000542
0.012631
0.008692
0.018548
0.008649
0.002349
0.016601
0.011077
0.002975
0.00419
0.005542
0.00788
0.000836
0.032668
8e-06
0.029058
0.002049
0.005615
6.3e-05
0.003422
0.001594
0.000436
0.000589
0.000561
0.000865
0.024203
0.00134
8.2e-05
0.032366
0.012635
0.001727
0.001032
0.004913
0.001466
0.000172
0.001205
0.002205
0.000616
0.004322
0.000999
0.001303
0.005756
9.6e-05
0.000871
0.018427
4.1e-05
0.001419
0.005492
0.004571
0.001199
0.00286
0.003371
0.022822
0.001834
0.000818
0.000354
8.4e-05
6.1e-05
0.000117
0.001871
9.1e-05
4e-06
0.002174
0.014652
8e-05
3.2e-05
0.000414
0.001927
0.012473
0.005297
0.000516
0.000165
0.001049
0.006844
0.000453
0.000503
0.000275
0.000478
0.000767
0.00041
0.001219
0.001339
0.000942
0.006672
0.000637
0.005614
0.001003
0.028835
0.001044
0.007816
0.000576
0.00985
0.000326
9.7e-05
0.018562
0.000359
0.004025
8.4e-05
5.5e-05
0.003411
0.000204
0.000848
0.000391
0.002243
0.000218
0.001319
0.005721
0.000323
0.003809
0.001059
0.031111
0.021875
1.8e-05
0.000766
0.002547
0.012666
0.017594
0.002512
0.001262
0.000804
0.000906
0.012701
0.00026
0.025327
0.011155
0.000451
0.002709
0.000157
0.018614
0.020073
0.000193
2.5e-05
0.000911
0.000864
0.001394
0.000718
6.2e-05
0.002563
0.003144
0.000681
0.009945
0.000723
0.002288
0.003455
0.015156
0.000392
0.019258
0.007019
0.006243
0.000471
3.7e-05
0.007961
0.000159
0.002168
2.8e-05
0.00013
0.000376
0.003367
0.000174
0.000522
0.004306
0.000821
0.007558
0.000271
0.000177
0.001621
0.017046
0.007899
0.028217
0.000678
0.000282
0.001563
0.036677
0.006225
0.000392
0.000805
0.012747
0.001506
0.003239
0.000231
0.000251
0.01738
0.011496
0.000496
0.003211
0.000168
0.001504
0.013619
0.000815
0.00339
0.001154
2.3e-05
0.002737
0.001769
0.00014
0.008653
0.000456
0.000187
0.010146
0.000963
0.00287
0.004489
2.7e-05
2.6e-05
0.000164
6.8e-05
0.002083
0.002616
7.9e-05
0.020841
0.000138
0.000579
0.012402
0.003154
0.00065
0.001785
0.00084
3.8e-05
0.000148
0.005087
0.000245
0.000154
0.009112
0.01671
0.001006
0.002642
0.000232
0.006629
0.000771
0.011899
0.002028
0.000466
0.002258
0.000915
5.9e-05
0.00096
0.001397
0.004689
2.6e-05
0.013924
0.011974
0.009107
0.007897
0.000615
0.004867
0.000379
0.023872
7.3e-05
0.002331
0.003176
0.000245
0.034767
0.001849
0.002056
0.002971
0.000951
0.000513
0.000715
0.011694
0.000121
0.000721
0.021748
0.001285
0.00208
0.006811
0.009531
0.001526
0.001134
0.000198
0.00019
0.005768
0.003695
0.003403
6e-05
0.002252
0.029057
0.000251
0.003338
0.025509
0.000148
0.008758
0.009366
0.010429
5.3e-05
0.003125
0.00276
0.007177
0.002725
4.6e-05
2.3e-05
0.016394
0.002037
0.001655
0.002493
0.001008
0.002762
0.000159
0.026797
5.1e-05
0.000779
0.012978
0.002744
0.002754
0.003835
8.6e-05
0.010021
0.002092
0.037319
0.000376
0.014145
0.021471
0.019748
7.5e-05
0.00074
0.002714
0.001075
0.004305
0.002649
0.000956
0.013301
0.003297
0.000167
0.000163
0.002032
0.000464
0.019164
0.031073
0.000371
0.011077
0.000552
7.5e-05
0.005878
0.035054
0.004586
0.000139
0.000477
0.002345
0.000782
0.022273
0.000338
0.006624
0.000387
0.000851
0.000364
0.003229
0.000475
0.025756
0.001283
0.000572
0.006558
7.6e-05
9.6e-05
0.000888
5.5e-05
0.002397
4.5e-05
0.001061
0.006718
0.000122
0.071504
0.00214
8.6e-05
0.000101
0.007316
0.003119
0.023753
0.001579
0.000838
7.6e-05
0.021571
0.01166
0.002829
0.000222
0.000601
0.000993
8.9e-05
0.001528
0.00412
0.011235
0.001968
0.000147
0.010859
0.000842
0.000168
0.000612
0.000409
0.000854
0.002682
0.021114
3e-05
8.6e-05
0.00279
0.020453
0.002753
5.7e-05
0.007382
0.003069
0.004199
0.000155
0.000552
0.008067
0.012284
0.000267
0.016717
0.001371
0.008151
0.00151
0.030567
0.003056
0.000585
0.001317
0.001347
0.000367
0.001288
0.001903
0.002286
0.000381
9.4e-05
0.000131
0.000121
0.025961
0.011443
0.001253
0.000813
0.00226
0.000147
0.000778
0.000234
0.010299
0.00037
0.000353
0.001317
0.006322
0.016405
0.000308
2.8e-05
0.015135
0.000108
0.006011
0.000445
0.000747
0.000805
0.000202
0.001672
0.037261
0.000253
0.001626
8.2e-05
7.8e-05
0.00085
0.005658
1e-05
0.00057
0.009582
0.029463
0.007535
5.5e-05
3.5e-05
0.005144
0.011356
8.6e-05
0.002916
0.000309
0.013813
4.5e-05
0.000265
0.000111
1.2e-05
0.000385
0.002572
0.000338
0.000585
0.005128
0.001322
0.000572
0.00511
0.001523
0.001628
0.000223
0.006893
0.002321
0.000144
0.005429
0.001371
0.001188
0.001673
0.000671
0.00402
0.000101
0.025375
0.007227
5.6e-05
0.000189
0.003269
0.000301
0.002735
0.000367
0.001772
0.005137
0.000927
0.000143
0.000596
0.000618
0.000571
0.001558
0.000736
4.3e-05
0.021035
0.000146
0.000356
2e-05
8.9e-05
0.000105
0.000705
0.001471
0.001385
0.002484
0.02889
0.002615
0.001111
0.00097
0.005682
0.007152
0.004243
0.02215
0.000323
0.007996
9.1e-05
0.016114
0.008587
0.001933
0.002862
5.8e-05
0.00033
0.003572
0.022126
0.003141
0.004845
0.002789
0.042084
0.007871
0.03388
0.029235
0.013747
0.001539
0.000545
0.023118
0.000444
0.000252
0.000713
5e-05
0.005494
0.01104
0.000251
0.002265
0.000334
5.6e-05
0.00196
0.000968
0.000975
0.000897
0.001371
5.2e-05
0.001422
0.000689
0.00419
0.000363
0.013053
0.002603
0.022446
0.001293
5.1e-05
0.016406
0.017458
0.004933
5e-05
0.001048
0.000905
0.007351
0.001699
0.001653
0.004179
0.006373
0.000112
0.002224
0.000262
0.010911
0.000521
0.021597
0.061706
0.00364
0.009971
0.008423
0.027888
0.000508
0.000375
0.000133
2.8e-05
0.004744
0.008515
0.001365
4.7e-05
0.000234
0.00073
0.0056
7.5e-05
0.000173
0.005906
0.027827
0.003617
0.0005
0.000483
2.2e-05
0.001254
0.000517
0.012904
0.000542
0.015269
5.2e-05
0.014881
0.009648
0.001092
0.000906
0.007573
0.006018
0.000199
0.000264
0.001717
0.000836
0.003252
0.000181
0.001471
0.016691
0.000189
0.00291
0.004083
6.7e-05
0.006082
0.027873
0.000439
0.002261
0.000105
0.000917
3.6e-05
0.008843
0.001744
0.000387
6.8e-05
0.04115
0.032589
0.000786
0.000282
0.001573
0.006137
0.000608
0.001313
0.001585
0.000138
0.000175
0.000317
8.6e-05
0.003334
0.003458
6.6e-05
0.003676
0.008568
0.001475
0.000148
0.001243
0.006955
3.2e-05
5.7e-05
0.004579
0.000267
0.003449
0.000329
0.002438
0.003213
0.000644
0.000471
0.001216
0.006642
0.007464
0.000879
0.001939
4.8e-05
0.001274
0.000236
0.007358
0.004208
0.006843
1.4e-05
0.0044
0.01467
5.3e-05
0.000807
0.036814
0.001466
0.014407
0.000857
0.000182
0.00186
0.000947
0.041439
0.001246
0.001672
0.005297
0.015606
0.018963
3e-05
0.007158
0.000686
0.012484
0.003555
0.001739
0.003671
0.005769
0.013469
0.005531
0.005238
0.001533
0.004422
7.6e-05
0.002848
0.000199
0.000497
0.027774
0.004839
6.7e-05
0.033707
0.000181
0.001316
0.00194
0.000383
0.000109
0.00041
7.2e-05
0.049138
2.6e-05
0.001468
0.015991
0.000106
0.008116
0.00052
0.001226
9.4e-05
0.001985
2.7e-05
0.018613
0.000844
0.000627
0.00029
0.001218
0.000928
4.2e-05
0.002424
0.00882
0.001746
0.014274
0.009875
0.001893
0.00155
0.001337
0.008587
0.000296
0.004897
0.007312
0.000128
0.000127
0.015993
8.5e-05
0.000883
0.000147
0.000152
0.000319
0.000185
0.000152
4.4e-05
0.006804
0.001315
0.001441
0.000296
0.006233
0.000174
6.2e-05
0.017644
0.000718
0.001218
0.001297
0.003302
0.002884
0.000628
0.003593
0.01407
0.001209
0.001373
0.005579
0.000219
0.019842
0.0002
0.000828
0.00023
0.000142
0.008821
0.000509
0.002255
0.007375
0.006125
0.001197
0.000796
5.8e-05
0.00527
0.00447
0.026834
0.020523
0.00076
0.000486
0.00016
0.000269
0.001205
0.000306
0.007851
0.003203
1.9e-05
0.007295
0.002745
0.000124
0.001239
0.018444
0.000153
0.001887
0.001733
0.001568
8e-06
0.007233
0.000811
0.000113
0.001687
0.00156
0.001604
0.004413
0.000261
0.002996
0.030854
0.004808
0.000314
0.00212
7e-05
0.004316
0.000242
0.007529
0.000506
0.003056
0.006075
0.004569
0.031557
0.002622
0.003831
3.3e-05
0.000112
0.004129
0.018324
0.000163
0.000828
0.000999
0.000697
0.00071
0.000722
0.000181
0.000233
0.011655
2.8e-05
0.000863
0.018661
0.00727
0.00673
0.000343
0.000193
0.000208
0.003027
0.002424
0.000173
0.001413
4.2e-05
0.002228
0.006233
0.021346
0.000154
0.005635
0.001166
0.007759
2.6e-05
0.001473
0.000297
0.000583
0.01183
1.5e-05
0.00081
7e-05
0.019622
0.017777
0.015012
0.000261
0.001565
0.011544
0.011385
7.5e-05
0.003188
0.003722
0.001793
0.001241
0.004078
0.000377
0.004762
0.000737
0.000542
0.011497
0.003372
0.000559
0.01343
9.6e-05
0.001758
0.004769
0.000311
5.8e-05
9e-05
0.001134
0.000673
0.000635
0.005502
0.000255
0.026636
0.002509
0.000963
0.003526
0.001851
0.02686
1.7e-05
0.009208
0.000266
0.000912
0.005257
0.001097
0.007737
0.021369
0.006991
0.020601
0.002428
4.9e-05
0.012525
0.008538
0.001276
0.000413
0.022993
0.030089
0.003615
0.000412
0.005657
0.01616
0.016782
0.000517
3e-05
0.003419
0.012965
8.4e-05
0.021263
0.001798
6e-05
4.7e-05
0.007805
0.000312
4e-05
0.004741
0.004597
0.000157
0.000255
0.008536
0.001216
0.001722
0.017654
0.000604
0.002465
0.00028
0.003934
0.024698
0.013723
0.028986
0.002567
5.8e-05
0.001086
0.009084
0.001087
0.00932
0.002976
3.2e-05
0.003241
0.000741
0.006787
0.001617
0.001045
0.004798
0.00398
0.000197
0.000456
0.025931
0.004448
0.026655
0.000152
0.00822
0.011293
0.000989
0.02445
5.5e-05
0.002183
0.003482
0.001033
0.001619
0.000518
0.000218
0.006943
0.000696
0.004512
0.00049
0.000985
0.030132
0.018352
0.001036
0.000651
0.00702
0.001025
0.00035
5.1e-05
0.000466
0.005849
0.00043
0.005016
0.001131
0.017084
0.002304
0.007134
0.006394
0.000327
0.006872
0.001435
0.000566
0.019822
0.000629
1.7e-05
0.000231
8.3e-05
8.5e-05
0.000229
6.1e-05
0.003998
0.000805
0.003393
0.005238
0.001641
0.003465
0.003198
0.000116
5.9e-05
0.003284
0.024648
0.000337
0.015449
0.00025
0.01843
0.000325
0.001448
0.000131
0.001717
0.006863
0.004535
0.001539
0.000331
0.048125
0.000697
0.000415
0.002826
0.026593
0.000765
2.4e-05
0.000227
0.014436
0.000536
0.000108
0.000382
0.000531
0.005135
5.1e-05
0.000977
0.001743
0.012684
0.010512
0.013442
0.013706
0.000262
0.003768
0.004718
0.011815
0.000591
0.004963
0.04372
0.000493
0.033301
0.000597
0.006887
0.046525
0.00059
0.000445
0.005074
0.012793
3.8e-05
0.000124
4.2e-05
0.005472
0.002135
0.002719
0.002936
0.024423
5.9e-05
0.00201
0.001013
0.001488
0.000116
9.6e-05
0.000766
8.8e-05
0.019026
0.033441
0.007431
0.001029
8e-05
0.0002
0.018079
0.012061
5.7e-05
0.001129
0.001666
0.000129
0.003016
0.033515
0.001414
3.4e-05
0.019472
0.001154
0.00354
0.000619
0.000742
0.00195
0.000637
0.004449
0.001444
0.028439
0.010582
0.000323
9.6e-05
0.000171
0.008836
0.015512
0.001759
6.8e-05
0.019407
0.004423
0.002409
1.3e-05
0.000994
0.010507
0.004024
0.000534
0.015394
0.001613
0.00019
0.000512
6.8e-05
0.011334
0.000972
2.9e-05
0.029289
0.00197
0.001813
9.5e-05
0.000236
3e-05
0.000131
0.000348
0.000811
0.002082
0.001371
0.021163
0.006601
0.00065
0.000822
0.015988
0.006932
0.004816
0.004063
0.007394
0.000141
0.008007
0.006023
0.00155
0.007375
0.00595
0.017392
0.008776
0.002065
0.000155
0.00092
0.008141
0.044374
0.000144
0.001153
0.000474
0.02155
0.010285
0.000301
0.006465
7.3e-05
9.1e-05
2.6e-05
0.001088
0.001616
0.011416
4.9e-05
0.000144
0.001471
0.016061
0.008151
0.000479
0.000182
0.009083
0.025664
6.5e-05
0.011977
8.4e-05
0.000145
0.002093
0.000996
0.015173
0.001776
0.000109
0.03363
0.001338
0.000821
0.014266
0.011396
0.00573
0.013381
0.009336
0.002483
0.007752
0.006769
0.007775
0.003735
1.1e-05
0.006281
0.037605
0.000762
5e-05
0.000958
0.002526
0.000356
0.011404
0.000195
0.011913
0.00149
0.0015
0.003277
0.000676
0.000735
0.000147
0.001408
0.000428
0.003802
0.012494
0.004825
0.000307
0.011516
0.00327
0.00112
0.002343
0.000175
0.000884
0.003096
0.003376
0.027486
0.000594
0.008554
0.000118
0.026181
0.010224
0.002805
0.00104
0.020654
0.003857
0.002494
0.013536
0.000739
0.000112
0.000266
0.001067
3.4e-05
0.002262
0.002777
0.009927
0.001522
0.003126
0.002198
0.008688
0.000143
0.006206
0.009983
0.022669
0.004324
0.002526
0.001853
4.6e-05
0.012108
0.0001
0.001024
0.000559
0.00031
0.003134
0.001088
0.000455
0.000565
7e-05
0.000352
0.008371
0.012275
0.000263
0.000163
0.009663
0.000483
0.002757
0.030687
0.002879
0.00145
0.002692
2.6e-05
2.1e-05
0.005202
0.011947
0.002052
0.000658
0.002524
2.4e-05
0.000211
0.001908
0.005291
7.2e-05
0.000115
0.002183
0.004499
0.000425
0.000109
0.001784
0.004749
0.001818
0.000147
0.000373
0.000134
0.000882
0.001805
0.000855
0.018807
0.001349
0.000775
0.002292
0.001336
0.000119
0.000318
4.2e-05
0.020584
0.011872
0.008839
0.001838
4.8e-05
0.000165
0.003223
0.000333
0.001912
8.2e-05
5.4e-05
0.014785
0.029147
0.002304
0.001092
0.000612
0.013597
0.001722
0.0055
0.000369
0.001606
0.006576
0.020684
0.000249
0.000553
2.1e-05
0.008425
0.001147
9.6e-05
0.000472
0.000809
0.016251
0.013884
0.005374
7.1e-05
5.9e-05
0.039711
0.01077
0.000102
0.000175
0.016712
0.012626
0.006273
8.7e-05
2.1e-05
0.001991
0.000424
6.6e-05
9.5e-05
0.023052
0.000507
0.000159
0.02779
0.00073
6.8e-05
0.001273
0.019284
0.007911
0.000975
0.008881
0.025804
0.000424
0.000787
0.025849
0.004884
0.023924
5.6e-05
0.000471
0.006155
0.001786
0.000191
0.009272
0.016142
0.003259
0.056686
0.011959
0.001381
0.001062
0.000681
0.00058
0.000676
0.000553
0.006058
0.006382
0.00356
0.005551
0.001111
0.011097
0.001296
0.00543
0.007519
0.000192
1.2e-05
0.000368
0.020062
0.000396
0.00588
0.010587
0.000737
0.000128
0.000834
0.000352
0.034045
3.1e-05
3.9e-05
0.003496
0.003215
0.000553
0.000314
0.002784
5.3e-05
0.000479
0.003456
9.7e-05
0.000138
0.00151
0.001287
0.011929
0.00155
0.013584
0.010201
0.000106
0.001939
0.000512
0.015765
0.000916
0.015281
0.000679
0.003252
0.00029
0.001859
0.006073
0.001365
0.001782
8e-05
7.4e-05
7.2e-05
0.028404
0.012427
0.00063
0.000369
0.004988
0.003789
0.003284
4.4e-05
0.001987
0.000365
0.000167
0.00068
0.000175
0.001489
0.000468
5.4e-05
0.002375
0.01676
0.000791
0.000205
0.000483
0.00633
0.004398
0.006599
3.3e-05
0.026193
9e-05
0.001828
0.011281
3.4e-05
0.002129
0.004012
7.8e-05
0.000621
0.008418
0.000475
1.7e-05
0.00736
0.002868
0.006044
0.000115
0.000122
0.016641
0.024598
0.010016
0.000403
0.001757
0.0002
5.5e-05
0.000333
0.030556
0.000309
0.000127
0.000851
0.016929
0.000463
0.023053
0.021608
0.000388
0.016182
0.002645
0.000147
0.008209
0.01455
0.000255
0.005783
0.001162
0.000105
0.00032
7.6e-05
0.01861
0.048992
0.003052
0.00055
0.011245
0.000149
0.007839
0.000372
0.00027
1.7e-05
0.000683
0.001779
0.009745
8.7e-05
0.00672
0.000562
0.000125
0.000434
5.1e-05
0.006416
0.000297
0.003409
0.004497
0.000111
0.004514
8.6e-05
0.000627
0.00018
0.001933
8.5e-05
0.005122
0.000372
0.010559
2.7e-05
0.018137
0.001643
0.015104
0.000164
5.1e-05
0.001077
0.026817
0.000138
0.000653
6.1e-05
0.000283
0.009621
0.004124
0.004092
0.000272
0.037593
0.005617
0.001263
0.000768
0.000194
0.006743
0.000294
0.02311
0.00103
0.002278
0.000188
0.000197
0.001691
0.002241
0.026536
0.000172
0.000171
0.000872
0.00035
0.000203
0.000534
0.039688
2.7e-05
0.001305
0.001259
0.000226
0.000636
0.002755
0.000246
0.008096
0.005917
0.000946
0.000411
0.003776
0.002331
0.014264
0.007428
3.1e-05
0.000539
0.000665
0.003955
0.002338
0.004532
0.00543
0.00048
0.02158
0.003965
3.4e-05
0.012002
0.000372
0.003404
0.002411
0.002943
7.7e-05
0.000217
0.002707
0.006972
0.003582
0.00014
0.021289
1.7e-05
0.000739
0.009909
3.2e-05
0.000705
0.001681
0.000429
0.001528
0.0001
5.1e-05
0.002702
6.6e-05
0.0048
0.002504
0.001478
0.003107
0.000154
9.7e-05
0.004704
0.000715
0.00125
0.000137
8.2e-05
0.017993
0.0032
0.00143
0.005194
0.004054
0.002158
0.003595
0.01663
2.3e-05
0.002266
0.00241
0.002747
0.000541
0.003161
0.000929
0.009379
0.000176
0.000297
0.001036
0.000172
0.010633
0.003242
8.6e-05
0.000319
0.000868
0.000645
0.000591
0.000111
0.000771
0.003036
0.015626
0.005463
0.02458
0.000386
0.026173
0.00293
0.000736
0.00652
6.1e-05
0.001943
0.003627
0.006331
2.2e-05
0.017269
0.000162
0.001928
0.000527
0.005002
0.001572
0.001087
0.003986
0.003737
0.004561
0.01146
0.004947
5.1e-05
3.1e-05
0.007625
0.000248
0.000872
0.000481
0.008088
0.00151
6.5e-05
0.015561
0.00147
0.014062
7.7e-05
0.012099
0.036523
0.040392
0.003114
0.015602
0.020647
0.001628
0.005777
9.9e-05
0.003811
0.012915
0.014111
0.000136
0.000482
0.012455
0.005406
0.00158
0.001561
0.000282
0.00271
0.000284
0.001203
0.009286
0.000127
0.000445
0.001946
0.000125
0.000104
0.00044
0.00139
0.011752
7.8e-05
0.001015
0.00049
0.014245
2.4e-05
7.2e-05
4.8e-05
0.015216
0.001411
0.00537
0.002631
0.000669
0.000486
0.001111
0.007438
0.006643
0.00119
0.014997
0.000447
0.00237
0.014257
0.002959
0.000716
0.000177
0.005136
0.00079
0.000175
0.003311
0.00013
0.006987
0.001628
0.001603
0.000463
0.000198
0.000237
0.010083
0.007419
9.8e-05
0.000309
0.000587
0.000631
6.2e-05
0.001052
0.001277
0.005522
0.002788
0.000615
0.030061
0.004563
0.001795
7e-05
0.00864
0.003305
0.013826
7.9e-05
0.00249
0.000142
0.00292
0.024455
0.000586
0.002464
0.002403
0.000175
0.005938
0.014737
0.000458
0.001053
0.003696
0.000214
2.2e-05
0.040251
0.006052
4.3e-05
0.020113
0.000187
0.001207
0.020185
0.000153
0.001542
0.000501
0.004295
0.005224
0.00958
0.000395
0.00045
4.2e-05
0.027858
0.003434
0.022092
0.000252
0.009406
7.1e-05
0.00262
0.00073
0.025612
2.2e-05
0.016618
0.000125
0.000647
0.011046
0.016047
4.2e-05
0.000144
0.011275
5.7e-05
0.003338
0.000113
0.000467
0.000106
0.00689
0.00195
3e-05
8.2e-05
1.5e-05
0.000828
0.00023
0.020095
0.002621
0.000176
0.00061
0.005478
0.001092
0.003387
0.003296
0.00145
0.014439
0.012752
0.000753
0.007841
0.002115
0.000213
4.7e-05
0.010019
0.000233
0.000234
0.000658
0.000579
0.008577
0.002846
0.000989
0.000131
0.039338
0.000735
0.000281
0.006966
0.022017
2.5e-05
0.000329
0.001542
0.003348
0.000283
0.022827
0.043063
0.013989
0.003441
0.004971
0.000996
0.000303
0.000142
0.000914
5.3e-05
0.006212
0.022326
0.000511
0.00209
0.00198
0.029876
0.000617
0.008233
0.000131
0.000594
0.002024
0.000162
2.2e-05
0.000449
0.016342
0.000191
0.000191
0.021625
6.4e-05
0.013601
0.000189
0.000361
0.003705
0.000397
0.002163
0.000121
0.009732
0.000998
0.00091
2.2e-05
0.00683
0.004356
0.02214
0.004158
0.000211
0.002665
0.027182
0.001602
0.006507
0.000355
0.000231
0.009085
0.001311
0.000243
0.001811
0.000103
0.003388
0.001063
0.003886
0.000163
0.000312
0.003234
0.000537
0.027086
0.001351
0.000446
0.01705
0.00027
0.000259
0.003497
0.000531
0.001649
0.002743
0.001878
0.001339
0.000198
0.007574
0.000185
0.002441
1.8e-05
0.006727
0.005164
0.004924
0.008039
0.012786
0.000886
0.002224
0.000202
0.000387
0.000395
0.001703
5.4e-05
0.006958
0.001041
0.00112
0.012134
0.000144
0.002659
0.00407
0.000336
0.002629
0.000697
0.00074
0.021532
0.001455
0.002358
0.00077
6.1e-05
9.2e-05
0.001607
2.8e-05
0.007798
0.000301
0.002045
0.000434
0.019978
0.001117
0.000279
5.5e-05
0.02022
0.000923
0.000539
0.010955
0.000347
5.5e-05
0.001504
0.000102
0.00019
0.024
0.013779
0.00501
0.006773
0.000106
0.000218
0.00028
0.003969
0.003245
0.018706
0.001108
0.000846
0.000613
0.002954
4.5e-05
0.000118
0.000898
7.5e-05
0.00016
0.001105
2.1e-05
0.001438
5.2e-05
0.018139
3.8e-05
0.000865
0.027357
0.003178
0.003141
7.4e-05
6.4e-05
0.000179
2.9e-05
1.3e-05
0.00216
0.005558
5.3e-05
0.006921
0.001901
0.000374
0.000472
9.7e-05
0.000333
0.000897
0.000528
4e-05
0.000215
0.002725
0.000415
0.003419
3.7e-05
0.000809
0.000315
0.008216
0.00267
0.000221
0.009814
0.020669
0.000606
0.00066
0.002325
0.000868
0.002914
0.001606
0.000842
0.002327
0.002201
1.7e-05
0.000333
0.00156
4.2e-05
0.005402
0.000312
0.003073
0.001545
0.00109
0.000545
0.000288
0.00054
0.015412
0.000202
0.00677
0.000719
0.000104
2.1e-05
0.014693
0.000836
1.7e-05
0.018602
0.003501
0.000287
0.011049
0.001073
0.007075
0.000423
0.003395
0.020667
0.000398
0.002994
0.028459
0.000238
5.8e-05
0.003931
0.006729
0.00953
0.000202
0.005119
6.7e-05
0.003965
0.000385
0.003957
0.000133
0.000117
0.000603
0.002819
0.002512
0.000165
0.000491
7.7e-05
0.000462
0.006974
0.00192
2.4e-05
0.000595
0.001002
6.5e-05
0.003367
0.001237
0.024077
0.01768
0.000299
0.007227
0.002182
0.005883
0.002457
0.000268
0.002841
5e-05
0.000489
0.000418
3e-05
0.002952
4.4e-05
6.7e-05
0.010328
0.000568
0.003991
7.8e-05
0.001951
0.022749
6.9e-05
0.037787
0.000492
0.001318
0.00472
0.001631
0.004167
0.0092
1.8e-05
0.001687
0.002143
0.016059
0.001104
0.000732
0.002103
4.3e-05
6.1e-05
0.016555
1.5e-05
0.001729
0.023725
0.002665
0.000246
0.000517
0.00094
0.032865
0.001124
0.002965
0.000651
0.002041
0.015346
8.6e-05
0.000423
0.000361
0.001948
0.00132
0.007015
0.000314
9.5e-05
0.001307
0.00541
0.007198
0.019405
0.020395
0.008418
0.000551
0.019849
4.4e-05
0.000832
0.000344
0.00216
0.000688
0.001532
0.001914
0.002542
2.4e-05
0.00016
0.000545
0.003265
0.00015
0.001495
0.00156
0.000814
0.005687
0.000354
0.000467
0.003147
0.000815
3.6e-05
0.000578
0.001599
0.0002
0.016889
0.000116
0.003383
0.000742
0.001038
0.004262
0.002935
0.001286
0.000109
0.006157
0.002323
0.001685
0.028438
0.000355
0.000327
0.000222
0.004721
0.002299
0.000478
0.016371
0.000155
0.03032
0.002584
0.001256
3e-05
0.015912
0.002321
0.001893
0.012405
0.00016
0.000157
0.001828
7.7e-05
0.000981
0.002936
2.4e-05
0.012593
0.000145
0.000105
0.000117
0.001538
0.005758
0.00017
0.003381
0.000332
0.00332
0.004182
0.00224
0.002966
0.002896
0.004322
0.002938
0.004832
0.000125
0.000362
0.000338
0.000235
0.009018
6.7e-05
0.000197
0.004755
0.007058
0.000111
0.000298
0.007839
0.002142
0.001586
0.016742
0.000306
0.0002
0.000103
0.004551
0.000107
0.002315
0.004962
0.010051
0.001143
0.000395
0.000562
0.000196
0.00822
4e-05
0.000554
0.00572
0.015409
0.001962
1.6e-05
6e-05
0.000505
0.008748
0.000342
0.001808
0.004274
0.000658
0.000449
0.004421
6.5e-05
0.000851
0.005922
0.000724
0.000264
0.000163
0.00031
0.000788
0.002214
0.000264
2.9e-05
0.021667
0.000388
0.013802
0.00333
0.000269
0.001968
0.00231
0.002592
0.00091
0.001979
0.000827
0.001877
0.006065
0.01278
0.008513
0.000855
9e-06
0.013089
6e-05
0.003226
0.015362
0.00204
0.001191
2e-05
0.002128
0.009963
0.010891
0.005748
9.8e-05
0.002739
0.00388
0.002303
0.028992
7.1e-05
0.000232
0.001308
0.001006
0.000952
0.00076
0.013561
0.000328
0.005929
0.000569
0.000272
0.000423
0.002248
7.4e-05
0.003331
0.006466
0.000341
0.001185
0.005354
0.000333
0.000105
0.000177
7.6e-05
0.003399
0.002927
0.009664
0.017182
0.004068
3.5e-05
0.004149
0.016465
0.00114
0.004385
0.002958
0.000369
0.000449
0.000149
0.022174
0.000355
0.008722
0.001035
0.003529
0.004756
0.011072
0.000336
0.002918
5.9e-05
3.5e-05
0.039521
0.005251
0.017697
0.000542
0.000726
4.8e-05
7.8e-05
0.024501
0.000771
0.005509
0.000364
6.1e-05
0.001037
0.021895
0.005598
0.000599
0.000866
0.003603
0.001315
0.001374
0.001414
0.000583
0.001146
0.006066
0.001959
3.9e-05
0.002726
3.2e-05
0.005498
0.000306
0.011651
0.006616
6.2e-05
0.001254
4.1e-05
8.1e-05
0.001488
0.010483
0.000944
0.008118
0.000336
0.000179
0.001121
0.000971
0.008844
0.000928
0.015523
0.001841
0.000304
4.2e-05
0.001279
0.000142
0.00058
0.003981
0.018406
0.002444
0.007788
8.7e-05
0.006881
0.002094
0.014167
0.022483
0.000886
0.004933
0.000305
0.004541
0.006579
0.004476
7.1e-05
0.005655
0.010244
0.002352
0.010858
0.011155
3.8e-05
0.024075
2.8e-05
0.001968
0.020148
0.001659
0.000131
0.000222
0.002471
0.000293
0.01207
0.001164
0.002768
0.000416
0.000969
0.003888
0.000226
0.000949
0.000188
0.002313
0.009543
0.000218
0.000174
0.002533
1.6e-05
0.009745
0.032122
0.002016
0.006343
0.000132
8.8e-05
0.000509
0.01445
0.000209
0.007952
0.00057
0.000357
0.006961
0.000756
6.9e-05
0.001076
0.000429
0.000875
0.001439
0.001201
0.00511
0.000622
0.001008
0.00174
0.000712
0.000937
0.000489
0.000538
0.001009
0.000639
0.000964
2.3e-05
0.007272
0.000319
0.001443
0.003682
0.000207
0.002673
0.007167
0.000653
0.002708
0.000853
0.000281
0.00012
0.001206
0.000111
0.001793
0.000343
0.008132
2.9e-05
0.006219
0.003306
1.3e-05
0.000182
0.005992
0.002103
0.004222
0.00338
0.000339
0.001852
0.01738
0.020289
0.009491
0.001152
2.6e-05
0.025619
0.000856
0.000943
0.0002
0.003729
0.007485
0.010123
0.000119
0.000201
0.000136
0.007623
0.012419
0.000337
0.00677
0.000348
0.000935
0.012847
0.000541
0.000841
0.001946
0.00181
0.001487
0.00249
0.014222
0.021968
0.001122
5e-05
0.000125
0.000194
0.001306
0.000205
0.002181
0.000133
0.008553
0.000455
3.2e-05
0.004445
0.000362
0.000231
0.000164
0.004481
0.0193
0.000116
0.00155
0.012069
0.002411
0.001458
0.000467
0.001689
0.007734
0.022774
0.000722
0.000526
0.010065
0.000448
0.001155
0.000248
0.001678
0.000327
0.00267
0.000158
0.0004
0.000152
0.001871
8.6e-05
0.000105
0.000404
0.001659
0.000194
0.022297
4.5e-05
0.016905
0.000129
3.7e-05
4e-05
0.000308
0.021537
0.034565
0.000125
0.002724
9.8e-05
0.001485
0.000239
0.002326
0.000568
0.00031
0.018958
0.000166
0.023018
0.005303
0.001035
0.020273
0.000315
9.5e-05
0.002785
0.00013
0.001484
2.4e-05
0.025905
0.000107
0.060045
0.016597
0.00134
0.005682
0.00101
0.003013
8.1e-05
0.009594
0.000903
0.000541
0.032283
0.012585
0.006207
0.000219
5e-05
0.013067
0.004901
0.000534
2.7e-05
0.003413
3.4e-05
8e-06
0.002213
8.5e-05
0.003401
7.2e-05
0.000272
0.000537
0.000499
0.005451
0.009494
0.002196
0.0051
0.001157
0.002513
0.00025
0.000854
4.7e-05
0.001787
0.005761
0.001017
0.001236
0.025989
0.014781
0.003563
4.7e-05
0.000385
0.000284
0.001376
0.000755
0.001017
0.000252
0.001534
2.5e-05
0.000143
0.004016
0.000104
4.9e-05
0.000975
0.006985
0.002823
0.000519
0.001336
0.000269
0.000468
0.040227
0.001892
0.000379
0.000262
0.001697
0.000601
0.014069
0.007879
0.000525
0.006306
9e-05
0.000685
0.00543
0.003153
0.000128
0.001173
0.000933
0.011835
0.000906
0.000557
0.000141
0.00054
0.000518
0.000624
0.004275
0.002627
0.008232
5.2e-05
5.4e-05
0.001301
0.002159
7e-05
0.00035
6.7e-05
0.017589
0.006602
0.002091
0.001419
0.008554
0.093922
0.001584
1.8e-05
0.012574
0.010194
0.000102
0.014202
0.000613
0.001334
0.000624
0.002873
0.000391
0.000444
0.000511
0.001707
0.009862
0.002393
0.000121
0.005706
0.001543
0.000939
0.000116
0.000288
0.00124
0.005342
0.000578
0.014346
0.000903
0.003179
0.002824
0.000299
3.1e-05
0.002272
6.3e-05
0.010275
0.001948
0.001108
0.002144
0.000108
0.001949
0.002768
0.013421
0.021881
0.00312
0.000917
0.000408
5.8e-05
0.013568
9.9e-05
0.006101
0.016659
0.000136
0.009573
0.001531
0.014246
0.021066
0.014817
5.7e-05
0.000403
0.000338
0.000444
0.00909
0.006456
0.0009
0.002279
0.014443
5.2e-05
1.3e-05
0.000573
2.8e-05
0.000167
0.001139
0.018721
0.014216
0.001851
9e-06
0.007432
0.004604
0.000837
0.001923
0.000586
0.001763
0.000208
6.1e-05
0.016367
0.002015
0.000508
0.000385
0.011935
0.001407
9.3e-05
0.00169
0.00028
0.000415
0.004282
4.9e-05
0.002968
0.000641
0.000241
0.001188
5.9e-05
0.008189
3.4e-05
0.034838
0.000371
0.000103
0.000216
0.001208
0.004453
0.000108
2.4e-05
0.004155
0.022616
0.000138
0.009751
0.021563
0.00279
0.009564
0.000695
0.008497
0.000197
7.1e-05
0.014478
0.002232
0.015485
0.000493
0.000621
0.000483
0.000106
0.000118
0.000704
0.000456
0.001355
0.009926
0.001514
0.000392
0.001854
0.001492
0.000112
8e-05
0.001696
0.02747
0.00436
0.00127
0.005572
0.01358
0.000637
0.002708
0.000643
0.004519
0.001106
0.000469
2.9e-05
0.011935
4.2e-05
0.000449
0.007907
0.000268
0.010226
0.001285
0.005513
0.00044
0.002187
0.000247
0.000818
0.000376
0.000158
0.002773
0.031009
0.000315
0.004919
0.002943
0.000437
0.005802
0.002904
0.002907
0.000678
0.006719
2.1e-05
0.001097
0.000472
4.2e-05
0.000491
0.000604
0.000885
0.003606
0.001415
0.005374
0.002625
0.002001
0.000708
0.000304
0.005417
0.006923
0.017325
6.8e-05
0.001208
0.002359
0.000336
0.000104
0.005454
0.026909
0.044297
3.9e-05
0.000786
0.000738
0.000534
0.000999
0.000594
0.001677
0.005295
0.02057
0.01614
0.000435
0.013208
1.5e-05
0.004184
0.009561
0.007144
0.001418
0.005769
0.004761
0.005747
0.00043
0.00072
0.016311
0.031638
0.002646
0.034069
0.00025
0.023192
0.004299
0.000881
5.6e-05
0.000284
0.002416
0.007014
0.019647
0.000117
0.000457
0.011034
0.003719
0.004946
0.005494
9.8e-05
0.00295
0.002422
2.7e-05
0.003214
0.014512
0.010271
0.003581
0.000648
0.000839
0.000379
0.024245
0.003698
0.004264
0.005608
0.026375
0.001216
0.001037
0.005345
0.000905
0.002379
0.003027
0.000108
0.000338
0.000217
1.2e-05
0.003242
0.004474
8.7e-05
0.017596
0.000155
0.000252
7.1e-05
0.000518
0.000488
1.4e-05
0.000194
0.030174
0.001484
0.004462
0.015167
0.002814
0.000451
0.019122
0.003312
0.000337
0.004526
0.01179
0.000292
0.000128
0.019072
0.002869
0.008294
5.7e-05
0.000509
0.008722
0.002373
0.015915
0.001662
0.001302
0.001059
0.010826
0.003086
0.000807
2.3e-05
0.02523
0.00346
0.000597
0.017494
0.000416
0.00143
0.006426
0.004131
0.001707
0.015556
0.002513
4.3e-05
4.7e-05
0.000578
0.000191
0.000581
0.013957
6.9e-05
0.001184
0.007375
4.9e-05
0.014671
0.00054
0.000507
0.005717
0.004096
0.000219
0.007384
0.000996
4.4e-05
0.00947
0.000537
3.8e-05
0.018914
0.001033
0.000179
0.000544
0.002732
0.015688
0.005564
0.002721
0.007203
0.002433
0.001581
6.5e-05
0.003159
0.019556
0.01391
0.017843
0.03425
0.000864
0.001991
0.008972
0.005772
0.000166
0.009297
0.000171
0.009885
0.001159
8.2e-05
0.00081
0.001187
0.001297
0.001145
0.011296
0.010518
0.015681
0.000253
0.000164
0.01112
0.000326
0.000106
0.020442
0.000462
0.000182
5.8e-05
0.001135
0.002106
0.000318
0.00789
0.016991
0.002752
0.000687
0.000651
0.000657
2.9e-05
0.001216
0.000116
0.001131
5.3e-05
0.014692
0.000998
0.006462
0.000298
0.000857
0.000101
0.00192
0.004515
7e-05
0.00156
0.007726
0.00025
0.002003
0.000136
0.000188
0.001567
0.023197
0.001123
0.000461
0.000355
0.000982
0.000993
0.000176
0.005397
0.002142
5.1e-05
0.003167
0.005855
0.051827
0.000975
0.002069
0.000866
0.000441
4.8e-05
0.014391
0.000992
0.002671
0.001345
0.000254
0.002966
0.003507
0.000671
0.006675
0.00016
0.000167
0.007379
0.013224
0.003848
0.000299
0.001373
4.4e-05
0.022236
0.009123
0.000617
0.013639
0.002203
0.000166
0.002383
0.003285
0.000973
4.8e-05
0.000513
0.00892
0.000955
0.009136
0.000212
0.001729
0.000178
0.000129
0.000688
0.009537
0.00158
0.006863
0.002031
0.002696
0.001526
0.016339
0.00393
0.030226
5.7e-05
0.000278
0.000693
0.014562
0.001089
0.006087
0.000531
0.002664
0.000117
0.000158
0.031076
0.001563
0.015981
0.00642
0.004377
0.010821
6e-05
0.002984
0.002546
0.003917
0.001832
0.00644
0.014152
0.000334
1.4e-05
0.001776
0.022439
0.001285
0.000203
0.000163
0.00712
0.001977
6.4e-05
3.3e-05
0.000169
0.000482
0.001041
0.00776
0.002923
0.00225
0.003225
0.019668
0.001383
0.01586
6.6e-05
0.018201
0.000861
0.000162
0.006043
0.003693
0.001336
0.012885
0.012104
0.00022
7.8e-05
0.001766
0.000347
0.026561
0.009931
0.009148
0.014464
0.000114
0.001291
0.000521
0.006391
0.000526
0.012548
0.014376
0.000187
0.001461
0.006321
0.004021
0.000312
0.007665
0.001884
0.013145
0.000123
0.000156
7.1e-05
0.00073
5.3e-05
0.009183
0.000371
5.9e-05
0.006464
0.017391
0.000261
0.015528
0.005512
5.2e-05
0.000652
0.000116
0.001939
0.000262
2.9e-05
0.000696
0.000143
0.000945
0.000591
5.8e-05
0.000194
0.000775
0.00212
0.000133
0.003856
0.000605
0.00204
0.003963
0.000426
4.3e-05
0.000705
0.000293
0.000565
0.000174
1.5e-05
0.00053
0.02348
0.018313
0.004794
0.006384
0.000301
0.018187
0.001492
0.032243
0.006366
0.000217
0.00471
0.005505
0.015008
0.001009
3.5e-05
0.000613
6e-05
0.004447
0.000331
0.013781
0.009613
0.000979
0.017624
0.008037
0.001449
0.003764
0.002214
0.016527
0.000142
0.010741
4.2e-05
0.017293
0.000518
0.001876
0.000137
0.001196
0.001623
0.000261
0.000181
0.000148
0.010196
0.000626
0.002748
0.000109
0.031186
0.000116
0.000304
0.028472
0.038763
0.001689
0.001848
0.000248
0.015186
5.3e-05
0.000397
0.000114
0.000107
0.02137
0.000456
0.000902
9.9e-05
0.004877
0.000184
0.003564
0.002892
0.00926
0.000484
0.000125
0.003472
0.004268
0.000518
6.1e-05
0.0203
0.009205
0.000603
0.000145
0.000203
0.016898
0.003985
0.005743
0.000461
0.000183
0.00053
0.003245
0.003201
9.5e-05
0.000413
0.000714
0.008148
0.002462
0.020119
0.00062
0.003318
0.000117
0.000618
0.000806
0.005218
0.029688
0.002535
0.009933
0.001333
0.000433
0.000517
0.00024
0.00138
0.014523
0.000207
0.002184
0.006398
0.000256
0.001992
0.001756
0.000109
0.004245
0.000697
0.005985
1.7e-05
0.000122
0.000368
0.017923
0.000157
0.001615
0.023661
0.000181
0.003173
0.001499
0.000553
0.001637
0.000714
0.001049
9.2e-05
0.000565
0.000198
0.000577
0.000423
6.5e-05
0.001575
0.001119
0.002803
0.00208
0.00209
0.000259
0.007981
0.00665
0.001165
0.001712
0.004591
0.010304
0.007666
0.000892
2.3e-05
0.0002
0.001825
0.000214
0.001722
0.003104
3.9e-05
0.005507
0.003214
7.1e-05
0.000463
0.02423
0.000208
0.000337
0.000715
0.002664
0.017295
0.000615
0.000421
2e-05
0.003526
0.0008
0.000199
0.012039
0.015087
0.005883
0.013395
0.000429
0.00032
0.001431
0.000325
8e-06
0.013932
0.00913
0.000163
0.009651
0.002493
1.3e-05
0.000154
0.001023
0.015245
0.000578
0.002402
0.00109
0.001801
0.001357
0.009692
0.015366
0.000393
0.002476
0.001165
0.002025
0.000424
0.012258
7.1e-05
0.031958
0.000138
0.002186
0.004826
0.001831
9.4e-05
3.4e-05
0.013352
0.001222
0.002282
0.000684
0.002016
0.000263
0.000101
0.014996
4.9e-05
0.01025
0.000121
0.000539
0.019891
8.7e-05
0.000562
0.004219
0.006171
0.000278
0.006414
0.000201
0.001576
0.011816
0.000765
0.002085
0.012761
0.002519
0.000955
0.006396
0.000399
0.000145
0.003606
0.00163
0.000396
9e-06
0.003565
0.014994
9.8e-05
0.002084
0.000179
0.001797
0.001127
0.003017
0.000335
0.007478
0.002221
0.016608
1.5e-05
