0.005905
0.010132
0.011849
0.001172
0.008241
0.000876
0.003564
0.005811
0.03869
0.012536
0.00127
0.038575
0.003355
0.001723
0.000638
0.025688
0.001205
0.003849
0.00207
0.000815
0.001932
0.006317
0.005604
0.049388
0.000504
0.037195
7.6e-05
0.000383
0.00087
0.003274
0.002401
0.00117
0.000338
0.000472
0.012595
0.018437
0.008723
0.018966
0.001113
0.010321
0.001043
0.013754
0.003156
0.000271
0.000189
0.017809
0.014984
0.001203
0.000691
0.00547
0.003857
0.00029
0.002709
0.027412
0.000332
0.000689
0.000642
0.000115
0.024822
0.001544
0.001723
0.025076
0.005892
0.009459
0.000287
0.039187
0.000515
0.001963
0.001407
0.003037
0.00763
8.8e-05
0.038009
0.001906
0.002946
0.00354
0.061888
0.005669
0.004073
0.032525
0.010283
0.022596
0.001475
0.005282
0.002217
0.000565
0.000278
0.010185
0.02904
0.003804
0.00182
0.002574
0.014812
0.006843
0.007555
0.026887
0.021992
0.000128
0.018727
0.014006
0.011948
0.007507
0.009785
0.000771
0.008079
0.015332
0.000846
0.039068
0.00704
0.002219
0.008645
0.004875
0.004285
0.057925
0.019477
0.006989
0.01541
0.01214
0.000409
0.002251
0.000277
0.02252
0.023362
0.006579
0.00088
0.000794
0.000646
0.006209
0.00115
0.026495
0.002688
0.004452
0.003672
0.00058
0.005583
0.02221
0.016984
0.024304
0.020638
0.011194
3.8e-05
0.013756
0.009632
0.005132
0.00108
0.024311
0.006782
0.00193
0.003191
0.000217
0.016518
0.028988
0.009259
0.046241
0.009576
0.002228
0.001818
0.006264
0.034208
0.000918
0.000538
0.01153
0.015862
0.001195
0.003892
0.002788
0.019766
0.002418
0.003834
0.000276
0.024234
0.00996
0.023882
0.012521
0.008818
0.012665
0.009362
0.030171
0.006859
0.003067
0.021882
0.000177
0.00012
0.009304
0.00419
0.010443
0.003436
0.019917
0.005457
0.003502
0.000348
0.0028
0.007009
0.026199
0.02133
0.00309
0.000399
0.010284
0.028088
0.005955
0.012267
0.01228
0.000624
0.002374
0.000792
0.004849
0.003573
0.004864
0.032309
0.004934
0.003769
0.018432
0.054252
0.000381
0.00165
0.014223
0.003992
0.005229
0.004537
0.001338
0.001045
0.005079
0.000555
0.005374
0.027418
0.01138
0.000728
0.005092
0.019848
0.028154
0.00842
0.005756
0.011968
0.000497
0.005217
0.006682
0.003911
0.03721
4.8e-05
0.007971
0.002501
0.002693
0.004162
0.047538
0.010147
0.018277
0.008425
0.005864
0.001798
0.007419
0.008906
0.041297
0.003508
0.01274
0.017227
0.003925
0.005063
0.013084
0.01994
0.000199
0.000363
0.016582
0.008183
0.023829
0.004723
0.004244
0.000786
0.016164
0.002591
0.002795
0.000771
0.002218
0.039642
0.011985
0.000525
0.001078
0.033154
0.000503
0.032618
3.6e-05
0.00455
0.037673
0.013398
0.019994
0.004019
0.008201
0.017162
0.019638
0.038798
0.002333
0.001689
0.003161
0.017742
0.007668
0.001804
0.00351
0.001629
0.000674
0.017969
0.001845
0.015789
0.011663
0.005422
0.011583
0.013291
0.00055
0.019216
0.000395
0.026072
0.005079
0.000942
0.017736
0.000544
0.001144
0.000794
0.001126
0.004563
0.000676
0.004222
0.020534
0.009072
0.004166
0.011592
0.0427
0.000145
0.016439
0.008353
0.001774
0.000877
0.005242
0.002004
0.000269
0.017031
0.000176
0.007226
0.005742
0.043141
0.000597
0.000412
0.001055
0.001002
0.008472
0.008702
0.017581
0.003743
0.030158
0.001301
0.016703
0.002455
0.012367
0.013742
0.020937
0.016142
0.034937
0.011035
0.001828
0.021682
0.014245
0.009225
0.001203
0.001935
0.002222
0.025391
0.001064
0.023716
0.020395
0.021836
0.008968
0.002145
0.002775
0.026652
0.003515
0.000398
0.022453
0.000259
0.01369
0.022834
0.008739
0.001993
0.002877
0.001712
0.026318
0.00847
0.001046
0.033799
0.001613
0.024934
0.012711
0.000149
0.012973
0.00186
0.004615
0.003487
0.037732
0.021093
0.012694
0.001109
0.000244
0.008612
0.017813
0.010387
0.01174
0.005853
0.032048
0.017717
0.00021
0.017364
0.00801
0.017665
0.015703
0.0099
0.00701
0.004582
0.00097
0.015335
0.005128
0.001198
0.024434
0.00065
0.063908
0.032613
0.008248
0.004423
0.005078
0.002429
0.008115
0.003037
0.004172
0.001225
0.004473
0.015689
0.016077
0.002964
0.000193
0.015119
0.004351
0.001013
0.008931
0.000428
0.003646
0.006042
0.030557
0.000807
0.018132
0.030586
0.017951
0.017434
0.007662
0.012106
0.010614
0.000509
0.021707
0.002053
0.003641
0.018205
0.035043
0.007524
0.019664
0.002116
0.003075
0.000678
0.000297
0.019369
0.000287
0.020429
0.034565
0.002382
0.010662
0.006857
0.003486
0.016788
0.032315
0.001204
0.000434
0.012167
0.034345
0.000295
0.013961
0.000389
0.001999
0.014508
0.000465
0.005745
0.002831
0.012908
0.007225
0.000981
0.001267
0.00075
0.017343
0.000632
0.002853
0.005811
0.006315
0.001643
0.000891
0.038292
0.001359
0.003501
0.000748
0.021834
0.000814
0.01384
0.004123
0.000889
0.011516
0.008669
0.002281
0.017908
0.01223
0.000156
0.005357
0.018201
0.000641
0.002131
0.010887
0.005395
0.003815
0.002418
0.010287
0.004493
0.012127
0.022736
0.016943
0.029656
0.001284
0.002463
0.000179
0.002269
0.00076
0.019546
0.002685
0.019882
0.001371
0.005943
0.013722
0.038512
0.001471
0.009023
0.028892
0.012253
0.026066
0.002884
0.009104
0.007263
0.002939
0.012505
0.000868
0.009276
0.013602
0.006322
0.001825
0.015312
0.00076
0.000639
0.003931
0.004102
0.0215
0.001062
0.006045
0.030717
0.010542
0.027892
0.012807
0.0392
0.020817
0.011808
0.04942
0.004055
0.000186
0.003492
0.001042
0.000317
0.008672
0.04388
0.040467
0.005516
0.013972
0.004237
0.019346
0.082584
0.024235
0.003158
0.009138
0.013256
0.000297
0.001909
0.044735
0.013078
0.006993
0.028053
0.017708
0.079057
0.03961
0.008403
0.00378
0.001579
0.002161
0.026522
0.000952
0.004739
0.015442
0.013458
0.005376
0.023361
0.027086
0.00068
0.008168
0.003743
0.021515
0.028088
0.01317
0.000766
0.000108
6.3e-05
0.010518
0.009997
0.004596
0.00069
0.002962
0.000659
0.04769
0.000736
0.00255
0.021219
0.013352
0.001888
0.005904
0.004598
0.002191
0.007359
0.013623
2.9e-05
0.001066
0.021731
0.00148
0.012885
0.013241
0.013162
0.0003
0.015583
0.001734
0.002096
0.011012
0.01784
0.005105
0.00128
0.007864
0.002733
0.013476
0.032424
0.000943
0.024184
0.011106
0.041595
0.002104
0.017498
0.007093
0.004122
0.004718
0.013229
0.012358
0.020245
0.001892
0.000799
0.009938
0.016451
0.001096
0.005069
0.037323
0.000321
0.00435
0.016243
0.000287
0.023988
0.001944
0.001902
0.020503
0.008945
0.026488
0.003288
0.018276
0.011378
0.003654
0.0038
0.001915
0.000399
0.007586
0.003931
0.011993
0.001418
0.004511
0.008807
0.004763
0.011241
0.006442
0.00784
0.000522
0.005206
0.011368
0.021685
0.011023
0.023776
0.000314
0.003133
0.00013
3.8e-05
0.020142
0.025131
0.010744
0.010352
0.013225
0.001453
0.00165
0.018909
0.000588
0.004777
0.010928
0.018831
0.005094
0.000908
0.001422
0.00549
0.010867
0.011095
0.016077
0.009772
0.006572
0.031134
0.017379
0.004143
0.004469
0.000256
0.007083
0.00523
0.001703
0.028394
0.040088
0.023968
0.000527
0.008466
0.000885
0.01023
0.00523
0.008054
0.008822
0.000289
0.029615
0.037815
0.009679
0.001222
0.000156
0.003952
5.9e-05
0.005148
0.032889
0.003073
0.002988
0.010377
0.000432
0.002469
0.002249
0.032317
0.018936
0.002765
0.006142
0.014573
0.002367
0.00286
0.036753
0.000122
0.026448
0.000895
0.000881
0.011968
0.007981
0.013018
0.013379
0.00194
0.016093
0.00957
0.001423
0.001185
0.055356
0.0506
0.007369
0.017129
0.001932
0.014495
0.002467
0.000205
0.001479
0.015583
0.037042
0.001261
0.011623
0.001694
0.006005
0.000446
0.000778
0.000288
0.005031
0.00049
0.007982
0.000805
0.002917
0.00484
0.007163
0.014996
0.004378
0.042928
0.014647
0.003518
0.018418
0.013147
0.024808
0.027728
0.001529
0.015725
0.003356
0.025694
0.028129
0.012532
0.001007
0.012321
0.005816
0.008525
0.011575
0.008666
0.002266
0.001292
0.005947
0.000831
0.009875
0.003687
0.002513
0.00491
0.012319
0.000315
0.020824
0.000515
0.002712
0.00731
0.0102
0.001915
0.027937
0.001894
0.032151
0.003449
0.007762
0.000303
0.017419
0.001571
0.001381
0.051581
0.021884
0.03234
0.002597
0.005027
0.00813
0.028183
0.001216
0.000889
0.002108
0.032033
0.009257
0.000903
0.01877
0.020046
0.009415
0.018899
0.002523
0.009181
0.0463
0.017758
0.000131
0.021867
0.006693
0.026703
0.020077
0.001161
0.014104
0.000321
0.044068
0.000825
0.022771
0.001481
0.01524
0.014022
0.001835
0.002415
0.013532
0.037318
0.000263
0.00293
0.016902
0.000792
0.003504
0.002922
0.005494
0.008212
0.001596
0.017442
0.024238
0.036934
0.001014
0.017017
0.001659
0.006251
0.007939
0.001329
0.01605
0.009787
0.034567
0.00487
0.003324
0.005893
0.022242
0.008761
0.016998
0.007185
0.000689
0.006688
0.001416
0.001049
0.024391
0.018827
0.000275
0.028516
0.000998
0.007014
0.028924
0.005449
0.002375
0.002755
0.007031
0.053253
0.003153
0.000141
0.006178
0.000265
0.004467
0.000292
0.013422
0.026461
0.025412
0.000804
0.000703
0.013409
0.014605
0.007146
0.003943
0.005757
0.003422
0.00498
0.005928
0.03567
0.003821
0.000714
0.003336
0.002491
0.005127
0.026477
0.027499
0.001356
0.017864
0.002173
0.024668
0.001965
0.011822
0.010339
0.006635
0.013488
0.011536
0.012115
0.014257
0.007656
0.018597
0.001877
0.016286
0.000316
0.010832
0.001548
0.009565
0.002134
0.002059
0.007547
0.006514
0.000361
0.026761
0.004766
0.000988
0.000631
0.007366
0.031841
0.001393
0.004958
0.001865
0.001289
0.005636
0.005991
0.024979
0.029779
0.011519
0.010662
0.00387
0.012529
0.000517
0.000351
0.029501
0.012701
0.010217
0.000628
0.007224
0.000377
0.000629
0.013493
0.010859
0.017895
0.001217
0.019448
0.004822
0.026643
0.002912
0.001862
0.001946
0.006083
0.006951
0.002381
0.005499
0.001081
0.019171
0.015269
0.027146
0.036689
0.004638
0.00695
0.012645
0.00052
0.014886
0.002801
0.000219
0.002309
0.000606
0.011325
0.0144
0.000702
0.001358
0.005847
0.000922
0.000483
0.001351
0.035309
0.000248
0.006502
0.00032
0.000294
0.017073
0.003453
0.010973
0.002914
0.001799
0.024107
0.002019
0.000572
0.001289
0.000684
0.01521
0.003269
0.002872
0.000809
0.019696
0.045978
0.005118
0.000658
0.006896
0.002077
0.038539
0.00986
3.3e-05
0.034429
0.011765
0.009208
0.001342
0.004305
0.012832
0.040247
0.001761
0.000211
0.004298
0.006819
0.024323
0.008749
0.001609
0.001067
0.003597
0.013079
0.001677
0.00563
0.000119
0.005908
0.000987
0.007527
0.032615
0.001992
0.024628
0.045071
0.007125
0.002527
0.044819
0.000334
0.002128
0.015015
0.00204
0.038414
0.026651
0.008463
0.000891
0.005265
0.000783
0.0098
0.031132
0.028526
0.003688
0.003617
0.001235
0.000105
0.01985
0.013
0.019554
0.000877
0.004157
0.001071
0.023589
0.005084
0.001721
0.030351
0.003049
0.007965
5.8e-05
0.013371
0.005919
0.00786
0.020023
0.001523
0.000185
0.014565
0.006152
0.036823
0.009927
0.00348
0.00064
0.014567
0.00221
0.023474
0.00333
0.011475
0.047061
0.010963
0.000402
0.003253
0.006915
0.00387
0.001595
0.021071
0.004743
0.030717
0.027749
0.003698
0.009715
0.002736
0.000294
0.017436
0.002505
0.000536
0.000253
0.001865
0.000666
0.010989
0.00087
0.00029
0.017942
0.00394
0.00558
0.026551
0.001262
0.003166
0.024265
0.001656
0.022578
0.018642
0.003288
0.007792
0.021371
0.00062
0.03995
0.010959
0.000998
0.009519
0.029862
0.001924
0.001502
0.000996
0.001347
0.001001
0.006244
0.000824
0.004925
0.01529
0.034778
0.01765
0.000128
0.021152
0.006113
0.003312
0.004599
0.006867
0.003436
0.034011
0.021718
0.004234
0.01346
0.000216
0.000111
0.004979
0.032206
0.001569
0.000925
0.011879
0.006696
0.019272
0.000172
0.010817
0.037464
0.01119
0.015204
0.001879
0.020492
0.026935
0.000586
0.000937
0.069017
0.008186
0.000836
0.028593
0.008872
0.008467
0.020331
0.038306
0.001787
0.011872
0.02856
0.018896
4.7e-05
0.021524
0.005573
0.015364
0.00096
0.000712
0.002679
0.002003
0.005361
0.007062
0.018098
0.001277
0.005266
0.009608
0.001538
0.004223
0.000557
0.031502
0.00669
0.011301
0.000186
0.008507
0.022193
0.000216
0.000281
0.002579
0.002109
5.3e-05
0.010604
0.003208
0.000663
0.005267
0.014131
0.011133
0.004404
0.00867
0.021166
0.000775
0.023432
0.008517
0.002308
0.005773
0.001428
0.006793
0.005153
0.002043
0.027863
0.009661
0.006121
0.022666
0.000861
0.01479
0.001317
0.000354
0.019833
0.003698
0.021723
0.00022
7.5e-05
0.001274
0.000733
0.000491
0.007065
0.053206
0.004079
0.013667
0.001855
0.006328
0.00225
0.011828
0.017717
0.007338
0.001664
0.042497
0.000401
0.01546
0.022219
0.008526
0.006766
0.000933
0.001889
0.000272
0.041777
0.003265
0.007457
0.001723
0.007477
0.032822
0.008628
0.008052
0.038791
0.001483
0.000262
0.028247
0.021015
0.000762
0.030927
0.000516
0.005907
0.024307
0.013178
0.038139
0.040216
9.3e-05
0.023253
0.006396
0.001854
0.001116
0.016142
0.004025
0.000347
0.001031
0.001755
0.03282
0.005356
0.017785
0.002081
0.026444
0.004709
0.018493
0.018454
0.006081
0.01347
0.006656
0.00362
0.013142
0.001826
0.013507
0.020794
0.044987
0.000774
0.034149
0.012675
0.043265
0.001161
0.041023
0.019026
0.042527
0.002511
0.013707
0.044061
0.005038
0.009047
0.001011
0.007133
0.009653
0.000201
0.000813
0.001713
0.002812
0.034128
0.021168
0.046742
0.016159
0.001245
0.00353
0.018793
0.003176
0.005221
0.01706
0.006628
6.3e-05
0.015074
0.007021
0.016096
0.000475
0.007147
0.004287
0.004945
0.006165
0.005668
0.000296
0.002848
0.01206
0.005492
0.00019
0.015617
0.054745
0.014038
0.007479
0.004719
0.001048
0.000349
0.039106
0.01453
0.006711
0.00654
0.000581
0.022577
0.000419
0.001216
0.003115
0.000975
0.002784
0.001535
0.009355
0.002427
0.001794
0.015185
0.043229
0.015714
0.010841
0.027177
0.002337
0.001511
0.012007
0.001858
0.014944
0.001514
0.018843
0.00818
0.023696
0.000882
0.013757
0.018398
0.00627
0.011998
0.002145
0.015809
0.00322
0.02352
0.013711
0.039722
0.004021
0.020368
0.005116
0.007941
0.014854
0.007438
0.034913
0.000635
0.0166
0.076401
0.006506
0.020575
0.029006
0.00884
0.012386
0.008203
0.025613
0.015183
0.003867
6.9e-05
0.00069
0.010746
0.001549
0.0091
0.001655
0.031628
0.012152
0.004971
0.003914
0.009733
0.0016
0.001058
0.010363
0.000496
6.1e-05
0.000544
0.014078
0.012376
0.005623
0.002504
0.002426
0.002972
0.002023
0.000181
0.009366
0.022565
0.000208
0.005445
0.020039
0.000239
0.006253
0.000595
0.010751
0.005296
0.010693
0.027033
0.001738
0.003057
0.000502
0.000995
0.026362
0.001196
0.019995
0.00903
0.031062
0.006138
0.001597
0.000902
0.017625
0.019501
0.012622
0.059977
0.023204
0.011073
0.000483
0.000735
0.001822
0.003717
0.000636
0.002383
0.000427
0.012127
0.058296
0.011557
0.02731
0.009783
0.005237
0.002543
0.025949
0.001717
0.010845
0.002658
0.008591
0.016198
0.041185
0.00336
0.000376
0.000465
0.00358
0.046064
0.001564
0.000586
0.003204
0.007636
0.029765
0.002428
0.009595
0.037198
0.003803
0.006564
0.026483
0.019108
0.003673
0.026067
0.032666
0.001239
0.002306
0.000184
0.02713
0.006764
0.0038
0.000549
0.026975
0.037658
0.003071
0.005299
0.039859
0.000857
0.022258
0.003159
0.012574
0.004896
0.004449
0.008395
0.008916
0.010546
0.030366
0.017875
0.028686
0.004576
0.031227
0.003938
0.001
0.017191
0.016256
0.036303
0.01231
0.014512
0.010267
0.000724
0.003771
0.001676
0.003057
0.004728
0.001185
0.010408
0.014154
0.010005
0.00442
0.033087
0.007167
0.006383
0.00036
0.010821
0.01581
0.000331
0.000191
0.011502
0.001822
0.000831
0.030202
0.011292
0.007201
0.000769
0.020461
0.009202
0.005942
0.005197
0.014692
0.002008
0.011463
0.001649
0.007743
0.00061
0.024061
0.018252
0.001236
0.000723
0.007175
0.000402
0.013998
0.006484
0.00389
0.000131
0.002424
0.002541
0.002108
0.002742
0.002758
0.009774
0.001885
0.012826
0.001499
0.000232
0.015502
0.001742
0.000475
0.015176
0.014189
0.008875
0.001428
0.025196
0.037124
0.020022
0.008358
0.001129
0.02066
0.053704
0.000566
0.00782
0.000436
0.013554
0.005767
0.001945
0.006446
0.007186
0.000767
0.005693
0.00325
0.001246
0.000916
0.011063
0.025498
0.01055
0.006033
7.8e-05
0.030539
0.011309
0.009114
0.000373
0.007523
8.7e-05
0.002261
0.001531
0.004303
0.025924
0.004634
0.004818
0.009466
0.004258
0.00255
0.003769
0.002597
0.00282
0.013528
0.012514
0.031058
0.002958
0.003203
0.01218
0.038666
0.011441
0.010078
0.003192
0.011043
0.007576
0.026315
0.002713
0.000454
0.002409
0.019364
0.000577
0.013897
0.000593
0.005663
0.019958
0.00552
0.00031
0.000122
0.020532
0.019641
0.00378
0.000499
0.004047
0.002705
0.009745
0.002881
0.000582
0.015153
0.003754
0.022733
0.02351
0.000571
0.007486
0.015914
0.006112
0.000424
0.000674
0.01174
0.003096
0.019547
0.000322
0.000546
0.002592
0.012176
0.009636
0.035638
0.004794
0.004998
0.001041
0.007541
0.004907
0.003612
0.001513
0.017966
0.003262
0.000492
0.002247
0.022238
0.006556
0.000676
0.004092
0.006737
0.009476
0.00079
0.025387
0.008842
0.006881
0.001958
0.004776
0.005374
0.001069
0.006583
0.014417
0.001257
0.000602
0.014224
0.016709
0.006619
0.017892
0.000465
0.023774
0.000973
0.002116
0.003622
0.016604
0.013204
0.000726
0.019296
0.022968
0.01271
0.000264
0.001227
0.000548
0.001485
0.005997
0.004288
0.009737
0.001696
0.006811
0.013601
0.000103
0.000119
0.002504
0.019638
0.020624
0.000431
0.029587
0.002686
0.04604
0.01173
0.005203
0.000178
0.000522
0.005765
0.028116
0.002278
0.001062
0.005009
0.00071
0.000632
0.037789
0.00293
0.000367
0.006595
0.005265
0.004172
0.001426
0.007825
0.003487
0.01546
0.010681
0.000218
0.038015
0.008975
0.000966
0.016259
0.009689
0.01911
0.005207
0.006421
0.001106
0.002881
0.015952
0.005008
0.010053
0.011864
0.000786
0.0025
0.0026
0.003884
0.031153
0.00031
0.006528
0.012703
0.005152
0.006202
0.036376
0.00091
0.074166
0.007052
0.0008
0.003488
0.000754
0.03672
0.002603
4.7e-05
0.008601
0.014112
0.011708
0.011085
0.023467
0.01665
0.035013
0.038496
0.02881
0.001666
0.008356
0.003522
0.030336
0.038745
0.000343
0.049133
0.00067
0.000394
0.003655
0.005633
0.004256
0.002535
0.000844
0.003624
0.004228
0.012058
0.004452
0.001634
0.00257
0.002376
0.008904
0.033916
0.001391
0.011248
0.025239
0.001363
0.001112
0.039712
0.009802
0.000785
0.006437
0.000864
0.009278
0.008261
0.031362
0.004857
0.0027
0.002468
0.000225
0.008334
0.004659
0.035719
0.001341
0.001039
0.019424
0.000277
0.012036
0.017679
0.000814
0.010072
0.018982
0.013068
0.014032
0.015539
0.001163
0.000268
0.021157
0.010985
0.047807
0.030847
0.001121
0.013918
4e-05
0.001106
0.000811
0.004258
0.001759
0.057376
0.013592
0.000883
0.000224
0.016046
0.016234
0.004749
0.025975
0.013499
0.003842
0.009546
0.001205
0.005595
0.007554
0.005448
0.004724
0.001201
0.004623
0.038078
0.002873
0.032245
0.028752
0.044933
0.022539
0.020111
0.009755
0.000814
0.027784
0.007621
0.035607
0.001343
0.050923
0.007405
0.001274
0.001514
0.000828
0.02669
0.048487
0.018324
0.023475
0.006318
0.004544
0.000751
0.005017
0.000626
0.013147
0.021738
0.00503
0.027153
0.005401
0.004318
0.026403
0.000258
0.000943
0.009701
0.002516
0.052658
0.00816
0.030235
0.012324
0.0004
0.001837
0.00588
0.000419
0.016877
0.000483
0.01311
0.016796
0.026436
0.001137
0.01516
0.019035
0.029792
0.005588
0.023123
0.000407
0.002424
0.002386
0.003215
0.020599
0.001066
0.01462
0.000641
0.04402
0.000748
0.017986
0.00447
0.000996
0.000526
0.048881
0.002317
0.000667
0.000762
0.004391
0.000965
0.000841
0.023692
0.004895
0.015341
0.008572
0.016721
0.020285
0.003163
0.00169
0.030795
0.001123
0.001942
0.000982
0.002395
0.001528
0.001475
0.038366
0.001261
0.031057
0.000543
0.00018
0.011876
0.007077
0.000771
0.005421
0.011036
0.008826
0.006464
0.035686
0.024339
0.016585
0.00506
0.001114
0.000791
0.030248
0.019455
0.013618
0.005175
0.018054
0.000172
0.000537
0.008675
0.001786
0.035753
0.004288
0.003515
0.004422
0.001531
0.001833
0.001124
0.011546
0.02151
0.009445
0.001024
0.021557
0.009041
0.000318
0.000138
0.001356
0.003974
0.001697
0.002492
0.035214
0.010611
0.009964
0.000537
0.018693
0.001091
0.000301
0.014685
0.016987
9.1e-05
0.002859
0.008948
0.013586
0.000843
0.028017
0.015727
0.051931
0.002494
0.022519
0.011655
0.002788
0.01716
0.003116
0.008854
0.005959
0.002275
0.003617
0.000138
0.002424
0.026143
0.000519
0.028065
0.007334
0.01897
0.005864
0.00308
0.03056
0.023899
0.003886
0.009931
0.000165
0.002834
0.005803
0.008983
0.009472
0.014494
0.015764
0.001882
0.000955
0.005049
0.014413
0.00118
0.004242
0.009199
0.012596
0.008902
0.002324
0.004898
0.020267
0.005348
0.009547
0.001921
0.002549
0.010517
0.017855
0.000431
0.002554
0.00319
0.00469
0.006674
0.000618
0.016842
0.023225
0.007646
0.003973
0.005057
0.026228
0.006333
0.006185
0.006305
0.001367
0.01389
0.0035
0.001565
0.008994
0.015469
0.063955
0.001605
0.016586
0.016509
0.003756
0.000969
0.000188
0.000982
0.000596
0.059466
0.007127
0.000595
0.000786
0.0063
0.008199
0.006566
0.017157
0.017605
0.014787
0.016462
0.00731
0.00048
0.001666
0.000272
0.011904
0.007565
0.000689
0.022609
0.008076
0.017832
0.000641
0.004785
0.008701
0.000883
0.003283
0.018061
0.004747
0.011555
0.015767
0.000456
0.016253
0.004524
0.007726
0.002312
0.02214
0.004775
0.005902
0.008524
0.031581
0.029633
0.025842
0.03101
0.017909
0.019532
0.008801
0.003736
0.007273
0.003736
0.020348
0.000385
0.004798
0.012623
0.000279
0.00193
0.007763
0.020051
0.005703
0.002829
0.015153
0.002965
0.002724
0.028023
0.004831
0.027036
0.008023
0.008344
0.025411
0.012793
0.034857
0.002241
0.012576
0.003899
0.011923
0.021839
0.002844
0.04198
0.003936
0.000622
0.012496
0.018176
0.000784
0.000372
0.005749
0.002248
0.002185
0.013024
0.002574
0.002027
0.017892
0.024721
0.002995
0.036272
0.000584
0.001043
0.012915
0.018747
0.030155
0.001651
0.000458
0.008071
0.005874
0.006807
0.036614
0.001096
0.000245
0.006
0.007603
0.007866
0.038021
0.000297
0.011705
0.008185
0.011099
0.002992
0.011737
0.005872
0.012578
0.013356
0.029002
0.009384
0.008866
0.000864
0.005985
0.028195
0.003243
0.012623
0.003607
0.012266
0.006399
0.024906
0.000755
0.002065
0.00349
0.011858
0.00299
0.008445
0.014706
0.027735
0.005107
0.003519
0.001581
0.001062
0.004461
0.023736
0.015839
0.020454
0.002637
0.002421
0.018356
0.008413
0.014732
0.015396
0.006417
0.058181
0.003326
0.003679
0.015698
0.013294
0.010252
0.000886
0.000962
0.0118
0.004992
0.006493
0.021861
0.000668
0.005276
0.029485
0.005643
0.000458
0.000556
0.007793
0.016608
0.004747
0.000531
0.003154
0.001569
0.010092
0.0057
0.008574
0.012526
0.011103
0.0027
0.005616
0.003575
0.002325
0.005902
0.004867
0.045618
0.000455
0.035921
0.000721
0.01005
0.011806
0.007551
0.005395
0.019908
0.008874
0.002394
0.011579
0.005557
0.070596
0.00516
0.002496
0.007903
0.01377
0.020105
0.035232
0.001135
0.000139
0.000844
0.016785
0.01331
0.005407
0.013636
0.000961
0.000909
0.025166
0.04276
0.003736
0.019311
0.003093
0.012483
0.000781
2.8e-05
0.002574
0.001584
0.000106
0.003894
0.00539
0.001108
0.001545
0.049246
0.00699
0.025462
0.002661
0.001749
0.002303
0.004545
0.001379
0.001301
0.018674
0.003497
0.005346
0.011075
0.003208
0.009295
0.018714
0.001163
0.002059
0.015007
0.005917
0.009767
0.007863
0.007312
0.006437
0.027266
0.000986
0.033852
0.001605
0.018325
0.031558
0.000693
0.007255
0.003552
0.002254
0.024391
0.000193
0.001904
0.04486
0.000331
0.000677
0.020083
0.003909
0.002473
0.00853
0.009156
0.013668
0.026062
0.001183
0.009713
0.000476
0.024039
0.016019
0.007249
0.000378
0.006907
0.001552
0.007135
0.048258
0.012842
0.004729
0.001033
0.041506
0.000797
0.007574
0.003729
0.011688
0.026005
0.043853
0.00826
0.003147
0.035428
0.007535
0.003612
0.00399
0.001146
0.017302
0.000241
0.052239
0.006359
0.018449
0.00227
0.000226
0.005006
0.002857
0.015062
0.002869
0.003633
0.025333
0.015122
0.001769
0.001926
0.009597
0.000389
0.010206
0.004007
0.025891
0.046594
0.004981
0.006027
0.001794
0.023201
0.00014
0.012224
0.005864
0.002034
0.001796
0.000517
0.078808
0.015029
0.036461
0.003472
0.003459
0.019914
0.001438
0.014509
0.000767
0.004305
0.001991
0.001646
0.000973
0.004396
0.004539
0.004695
0.013568
0.004977
0.002723
0.045433
0.000236
0.00165
0.003121
0.030915
0.000496
0.00056
0.039916
0.007363
0.006978
0.010978
0.002888
0.007532
0.004842
0.011324
0.003172
0.011842
0.028729
0.001094
0.004535
0.005857
0.003925
0.007628
0.01397
0.001467
0.000943
0.011908
0.011606
0.026379
0.008511
0.016637
0.004077
0.000843
0.007361
0.009122
0.005744
0.008842
0.000351
0.011978
0.004113
0.01466
0.00111
0.010506
0.030749
0.009717
0.006004
0.008528
0.015097
0.000104
0.004779
0.004449
0.008667
0.006338
0.010334
0.030176
0.007936
0.024341
0.016032
0.029111
0.003835
0.012546
0.001139
0.002348
0.000785
0.011257
0.009047
0.000452
0.008007
0.028294
0.000754
0.008375
0.002293
0.011728
0.004363
0.008014
0.008906
0.017459
0.00079
0.035751
0.012071
0.008418
0.010801
0.000205
0.011453
0.010229
0.008137
0.006738
0.00517
0.01617
0.008783
0.011507
0.000406
0.022018
0.020333
0.04681
0.000127
0.00175
0.012235
0.001248
0.009118
0.006698
0.001336
0.000923
0.012749
0.028902
0.014298
0.023595
0.006404
0.001003
0.001302
0.013087
0.003001
0.002081
0.002426
0.000499
0.011365
0.019302
0.000766
0.003471
0.01389
0.035851
0.000262
0.00281
0.005033
0.015937
0.09758
0.006381
0.016948
0.007525
0.002904
0.01182
0.008484
0.007333
0.0115
0.003519
0.009688
0.003245
0.006394
0.025958
0.019054
0.002929
0.019811
0.002764
0.037286
0.008578
0.001185
0.003396
0.000112
0.004202
0.01728
0.008325
0.000266
0.013772
0.003008
0.0204
0.03065
0.00884
0.026067
0.012303
0.000172
0.00064
0.000446
0.000104
0.045587
0.000965
0.008251
0.000467
0.00127
0.007798
0.005654
0.020123
0.041064
0.000352
0.031919
0.008257
0.001027
0.002323
0.003548
0.007612
0.005472
0.009585
0.002833
0.025723
0.014784
0.013677
0.007221
0.000297
0.007892
0.000331
0.016423
0.031783
0.008403
0.005626
0.003835
0.009216
0.010311
0.01902
0.006253
0.000497
0.007267
0.001163
0.009074
0.001443
0.00178
0.002686
0.002799
0.000638
0.002253
0.028239
0.013686
0.001775
0.001329
0.033963
0.015938
0.003929
0.000156
0.000597
0.004217
0.033789
0.016794
0.016385
0.000809
0.027238
0.007982
0.005564
0.016842
0.03091
0.000618
0.065545
0.008166
0.031296
0.000409
0.003868
0.034246
0.001603
0.001368
0.003142
0.005387
0.000212
0.001206
0.010656
0.000472
0.026943
0.03445
0.00357
0.014099
0.00724
0.020778
0.000762
0.000625
0.041085
0.001898
0.010573
0.019488
0.007334
0.008373
0.005065
0.016655
0.004123
0.001726
0.000303
0.000485
0.013979
0.000667
0.003071
0.01054
0.001319
0.009787
0.020454
0.010934
0.003239
0.01551
0.001647
0.022148
0.013803
0.009068
0.006475
0.016414
0.002121
0.008998
0.003658
0.005802
0.01667
0.034451
0.000891
0.000364
0.006401
0.000959
0.009074
0.04236
0.021114
0.003477
0.024714
0.000594
0.002744
0.017226
0.001312
0.000224
0.00351
0.006685
0.000628
0.047634
0.021074
0.00586
0.005196
0.004174
0.002172
0.016003
0.000423
0.014572
5.7e-05
0.000253
0.000627
0.000207
0.002016
0.003219
0.011945
0.013559
0.005363
0.004309
0.025695
0.000113
0.003589
0.014719
0.00028
0.011985
0.008709
0.021973
0.002348
0.000134
0.009846
0.016918
0.007055
0.013791
0.004657
0.000588
0.000186
0.016644
0.015505
0.016155
0.035083
0.013162
0.023911
0.001674
0.020603
0.004394
0.041627
0.00807
0.011261
0.033666
0.001277
0.004599
0.01672
0.024429
0.000281
0.004402
0.001078
0.004206
0.020572
0.004077
0.001999
0.006852
0.003785
8.6e-05
0.000445
0.001988
0.013957
0.019207
0.023297
0.004858
0.003397
0.007011
0.009338
0.001544
0.010875
0.014148
0.006293
0.003593
0.027232
0.00507
0.003577
0.022255
0.00851
0.01518
0.025837
0.005602
0.000875
0.000904
0.001249
0.005933
0.006169
0.011592
0.000964
0.006837
0.015672
0.00621
0.008116
0.008519
0.000751
0.0162
0.004149
0.001112
0.001666
0.011285
0.001217
0.01335
0.013567
0.000154
0.010141
0.002866
0.009429
0.003897
0.010587
0.011265
0.011296
0.000577
0.012116
0.000135
0.011109
0.013504
0.008194
0.004032
0.020136
0.021997
0.012916
0.067362
0.000322
0.008852
0.001111
0.027658
0.05621
0.020443
0.00185
0.003099
0.005387
0.000984
0.001831
0.009669
0.00329
8.7e-05
0.006858
0.011081
0.002965
0.024503
0.003468
0.004516
0.000176
0.001766
0.009453
0.000488
0.002529
0.035176
0.046054
0.002054
0.000213
0.031966
0.001493
0.004489
0.000621
0.000904
0.005695
0.013311
2.4e-05
0.003655
0.024795
0.005399
0.004832
0.000469
0.002008
0.011023
0.005982
0.019049
0.0048
0.024984
0.002166
0.015
0.003914
0.001624
0.000285
0.002279
0.00505
0.002644
0.011748
0.024561
0.003334
0.012966
0.008187
0.02304
0.004475
0.011209
0.008581
0.002772
0.012218
0.013624
0.025751
0.00211
0.001003
0.007199
0.001152
0.000545
0.033445
0.000452
0.00039
0.005404
0.010979
0.028301
7.3e-05
0.039516
0.017908
0.009875
0.003473
0.033047
0.025471
0.015915
0.002643
0.029443
0.000957
0.00023
0.002256
0.015582
0.003066
0.023847
0.013287
0.004587
0.02278
0.010015
0.001676
0.006309
0.001299
0.001045
0.021801
0.001913
0.00475
0.003683
0.001317
0.018305
0.016612
0.001456
0.007799
0.019334
0.000857
0.011387
0.002214
0.007561
0.013397
0.00496
0.002961
0.016394
0.013463
0.004747
0.007038
0.001484
0.010229
0.016371
0.000418
0.003541
0.0005
0.008605
0.007447
0.001047
0.006374
0.006448
0.014567
0.017653
0.005978
0.001454
0.00019
0.000639
0.005497
0.012954
0.005484
0.0141
0.007987
0.008319
0.000507
0.004544
0.000631
0.002927
0.006786
0.013587
0.018865
0.00444
0.000385
0.014686
0.004713
0.00144
0.001499
0.001748
0.01794
0.007131
0.005455
0.005756
0.01852
0.017077
0.001363
0.005519
0.002072
0.000534
0.00899
0.042806
0.004278
0.00306
0.007237
0.002731
0.000115
0.000174
0.004822
0.044195
0.000852
0.000172
0.012393
0.012038
0.000773
0.004491
0.004126
0.001745
0.015226
0.014584
0.036551
0.000241
0.00375
0.012463
0.00487
0.005591
0.000256
0.000562
0.023012
0.010251
0.020565
0.029167
0.012118
9.8e-05
0.003646
0.010133
0.005019
0.00116
0.000186
0.004711
0.035818
0.006296
0.008266
0.001765
0.010769
0.009012
0.004029
0.012727
0.030214
0.000696
0.017717
0.00485
0.020387
0.008739
0.003041
0.032395
0.000806
0.007105
0.004838
0.014666
0.014035
0.002781
0.001518
0.005507
0.000381
0.04017
0.022665
0.027763
0.001558
0.000769
0.009514
0.001934
0.00226
0.014536
0.017222
0.000687
0.000108
0.001627
0.00541
0.002274
0.004609
0.011045
0.000982
0.008403
0.015446
0.00623
0.003059
0.021885
0.005685
0.010777
0.019749
0.018247
0.00397
0.024241
0.003729
0.009727
0.017675
5.4e-05
0.015535
0.005181
0.007446
0.000559
0.002839
0.009642
0.004535
0.02062
0.00016
0.002239
0.019344
0.003406
0.020533
0.000248
0.007191
0.00573
0.00598
0.03115
0.000337
0.000559
0.000964
0.000656
0.008218
0.006907
0.000208
0.003535
0.000201
0.001754
0.011994
0.000358
0.00147
0.011406
0.024208
0.000707
0.000911
0.000249
0.021526
0.001838
0.023832
0.001101
0.016684
0.00145
0.00112
0.015249
0.002889
0.001668
0.005919
0.003756
0.00564
0.012774
0.00174
0.007865
0.032224
0.003147
0.012801
0.008529
0.005229
0.013759
0.003356
0.009184
0.015141
0.02944
0.004785
0.006895
0.001497
0.000484
0.000928
0.01532
0.001321
0.006132
0.001378
0.005073
0.000269
0.014972
0.003645
0.035057
0.002657
0.000649
0.001755
0.001526
0.005329
0.034165
0.007825
0.00076
0.002602
0.002276
0.004959
0.00798
0.001944
0.026724
0.00948
0.024262
0.041643
0.002455
0.012882
0.042979
0.001475
0.005787
0.001188
0.004714
0.004864
0.010485
0.004661
0.007775
0.056503
0.008896
0.001938
0.001563
0.000289
0.011281
0.003689
0.00703
0.001706
0.010035
0.003801
0.001967
0.002751
0.001135
0.001845
0.001242
0.001101
0.003454
0.005435
0.003472
0.020874
0.003847
0.014845
0.001747
0.000408
0.004616
0.015408
0.001936
0.000845
0.00808
0.001079
0.003413
0.010664
0.000288
0.008841
0.002758
0.026599
0.003498
0.03612
0.110879
0.022067
0.005926
0.00046
0.013735
0.003383
0.035655
0.005134
0.003366
0.001734
0.000627
0.019589
0.004251
0.005549
0.001948
0.001315
0.007636
0.000844
0.016862
0.020105
0.016125
0.010247
0.004924
0.019014
0.00029
0.033152
0.025431
0.007866
0.008555
0.002168
0.003904
0.020583
0.001283
0.009166
0.015536
0.017442
0.01224
0.010376
0.011096
0.017529
0.009165
0.039369
0.027798
0.00756
0.000912
0.010282
0.000283
0.004251
0.031142
0.001788
0.01015
0.013808
0.010715
0.012109
0.007395
0.015286
0.001866
0.00167
0.021644
0.014804
0.002756
0.00485
0.025611
0.001
0.013539
0.002274
0.001669
0.004708
0.033394
0.026387
0.003702
0.001209
0.034285
0.000344
0.002972
0.004425
0.025777
0.007346
0.017352
0.00585
0.011947
0.009096
0.005148
0.003625
0.011638
0.001753
0.008643
0.030458
0.002918
0.006472
0.026784
0.003933
0.00133
0.001287
0.009981
0.052818
0.040461
0.014928
0.031363
0.01446
0.027302
0.026119
0.001456
5.1e-05
0.010091
0.006153
0.006904
0.008222
0.001851
0.023279
0.00308
0.003259
0.004243
0.000783
0.007509
0.001432
0.001108
0.002771
0.002043
0.000408
0.001972
0.003194
0.003417
0.013757
0.002616
0.008044
0.011134
0.000619
0.014444
0.003202
0.016246
0.012999
0.000615
0.003441
0.146644
0.008109
0.001158
0.024572
0.012358
0.006381
0.001326
0.021428
0.0124
0.001922
0.001978
0.00048
0.019386
0.01388
0.000188
0.000851
0.010228
0.001541
0.017068
0.011338
0.012837
0.015447
0.007587
0.000852
0.012423
0.022591
0.003006
0.005817
0.002953
0.015555
0.016029
0.003349
0.001232
0.033072
0.017675
0.028306
0.001859
0.008284
0.023977
0.018928
0.004175
0.000335
0.008928
0.006565
0.006291
0.001964
0.007059
0.007941
0.001009
0.000689
0.000777
0.003214
0.010413
0.004306
0.000545
0.000166
0.004068
0.001441
0.043168
0.002214
0.00166
0.016405
0.004427
0.036649
0.002821
0.021774
0.000857
0.001332
0.044277
0.005353
0.006307
0.01398
0.0054
0.005592
0.001199
0.002798
0.013078
0.001053
0.013705
0.01298
0.001073
0.001933
0.033385
0.011901
0.020695
0.007715
0.003446
0.011756
0.00033
0.01912
0.006801
0.039896
0.043375
0.001424
0.001547
0.006835
0.006325
0.008885
0.044808
0.022799
0.021409
0.005527
0.001133
0.001103
0.001724
0.001058
0.020384
0.035747
0.011343
0.019537
0.000674
0.000202
0.002923
0.004251
0.006699
0.004399
0.007581
0.005446
0.009207
0.012291
0.03145
0.006521
0.000948
0.016107
0.009724
0.015257
0.013167
0.005696
0.000951
0.003248
0.002245
0.000799
0.002138
0.003392
0.000757
0.050048
0.002853
0.000767
0.049197
0.00728
0.021253
0.003652
0.060319
0.005157
0.005794
0.014763
0.003594
0.001533
0.002646
0.028316
0.001439
0.007026
0.000101
0.009707
0.000581
0.003221
0.006524
0.045463
0.003444
0.006261
0.001254
0.000756
0.007211
0.004361
0.015897
0.052374
0.021308
0.001482
0.009272
0.00592
0.005287
0.000585
0.021024
0.009545
0.006059
0.032694
0.000608
0.027158
0.032515
0.005232
0.038802
0.011541
0.033465
0.00061
0.003616
0.000816
0.014639
0.001379
0.034525
0.03288
0.017042
0.004679
0.002772
0.016832
0.005176
0.000912
0.018667
0.0025
0.025638
0.040324
0.001718
0.000943
0.000676
0.028273
0.0018
0.00374
0.011078
0.001171
0.001071
0.026495
0.001221
0.00074
0.01838
0.001927
0.011103
0.022666
0.000211
0.002546
0.009866
0.004052
0.007299
0.000136
0.001908
0.002256
0.015321
0.00081
0.001487
0.002833
0.021783
0.003554
0.018751
0.014257
0.035257
0.000291
0.005144
0.00144
0.010495
0.001886
0.023657
0.000807
0.000833
0.001539
0.020076
0.008454
0.000476
0.026113
0.008447
0.02034
0.040742
9.1e-05
0.007626
0.011752
0.029804
0.004213
0.001714
0.002398
0.01404
0.066646
0.020362
6.5e-05
0.00693
0.010406
0.01091
0.018655
0.011413
0.000468
0.003269
0.000807
0.035504
0.000429
0.002127
0.000688
0.000796
0.011435
0.000851
0.00094
0.000389
0.03221
0.007393
0.004543
0.013586
0.010433
0.042448
0.016722
0.002426
0.047297
0.002697
0.019193
0.01932
0.01265
0.000654
0.00352
0.005606
0.003737
0.027962
0.059151
0.016771
0.001423
0.004318
0.019757
0.04262
0.008926
0.001022
0.003552
0.000478
0.003503
0.000254
0.001271
0.037146
0.015363
0.001248
0.00536
0.000428
0.000164
0.003249
0.007758
0.001175
0.001096
0.003318
0.002812
0.000504
0.022967
0.003695
0.000468
0.002719
0.007121
0.025493
0.028122
0.012327
0.006599
0.002092
0.044479
0.000451
0.016186
0.003323
0.00334
0.01457
0.015668
0.014594
0.001874
0.006984
0.049394
0.01701
0.029222
0.011113
0.038867
0.002205
0.00554
0.012472
0.017166
0.001663
0.007706
0.016134
0.025076
0.003369
0.005198
0.00127
0.001289
0.000478
0.006111
0.078457
0.017511
0.013049
0.002136
0.001237
0.001591
0.035435
0.009452
0.010813
0.00018
0.018049
0.003417
0.038824
0.006245
0.008134
0.033376
0.007608
0.012619
0.002288
0.006636
0.001809
0.006828
0.002465
0.011986
0.006483
0.030244
0.017972
0.000107
0.001747
0.000317
0.010561
0.013171
0.003796
0.00146
0.00227
0.005604
8.4e-05
0.01576
0.010603
0.001314
0.000263
0.015491
0.027666
0.005858
0.000326
0.000983
0.025174
0.0016
0.028922
0.002492
0.004152
0.032164
0.0048
0.017214
0.01041
0.017877
0.008913
0.000691
0.004484
0.003199
0.001366
0.005863
0.004185
0.015555
