0.003427
0.001936
0.000799
0.023642
0.007496
0.004532
0.010185
0.015085
0.018979
0.002839
0.000619
0.004512
0.003748
0.019274
0.005104
0.018059
0.027506
0.140059
0.003885
0.038583
0.006765
0.019148
0.006374
0.004853
0.013683
0.024999
0.003683
0.000882
0.02205
0.005817
0.017355
0.006767
0.016264
0.006054
0.063693
0.033553
0.007742
0.01062
0.009078
0.006735
0.025923
0.006684
0.002952
0.006329
0.029024
7.3e-05
0.000788
0.01205
0.027796
0.005635
0.020919
0.000147
0.007395
0.008079
0.002532
0.010045
0.004347
0.001436
0.01555
0.014262
0.000196
0.02041
0.00258
0.004203
0.019185
0.01963
0.004454
0.019388
0.005534
0.013147
0.005236
0.009137
0.008613
0.002124
0.017828
0.007303
0.032113
0.036075
0.034247
0.000817
0.021842
0.009319
0.024507
0.040119
0.008848
0.015595
0.010932
0.015594
0.005546
0.011294
0.000695
0.021567
0.010466
0.033435
0.014817
0.015817
0.015839
0.017664
0.001475
0.017986
0.007435
0.013745
0.004634
0.011855
0.002139
0.000281
0.000375
0.002449
0.013892
0.026792
0.008777
0.008999
0.007875
0.005446
0.004821
0.001368
0.002295
0.001463
0.001407
0.006523
0.005549
0.001272
0.000419
0.000992
0.012086
0.022454
0.026533
0.000103
0.03252
0.009282
0.009622
0.01268
0.004208
0.001845
0.027099
0.008739
0.001592
0.001067
0.000382
0.022208
0.001785
0.000914
0.011641
0.001764
0.00338
0.024602
0.0151
0.003717
0.002495
0.008873
0.007773
0.009482
0.023591
0.035753
0.002182
0.019838
0.012354
0.033081
0.016557
0.019376
0.02459
0.048815
0.003942
0.000721
0.059091
0.047078
0.013602
0.001519
0.019907
0.057133
0.005714
0.004892
0.006462
0.002943
0.000841
0.014738
0.073309
0.001739
0.004142
0.010186
0.014033
0.012876
0.006507
0.003978
0.005567
0.001755
0.004474
0.017519
0.028579
0.033644
0.027949
0.000349
0.002972
0.011768
0.023032
0.026132
0.00065
0.030991
0.002598
0.030109
0.001392
0.03254
0.03234
0.044401
0.002413
0.014432
0.012144
0.042846
0.02464
0.02577
0.008509
0.00196
0.014665
0.016945
0.01421
0.001642
0.003861
0.037602
0.012796
0.000479
0.006006
0.023586
0.001765
0.007689
0.01787
0.018204
0.000137
0.000869
0.017264
0.001043
0.008863
0.060525
0.011376
0.040857
0.023629
0.000156
0.002948
0.005044
0.013552
0.017403
0.005776
0.042796
0.033058
0.000702
0.002313
0.015127
0.05008
0.002539
0.000875
0.014197
0.020528
0.009317
0.005789
0.026642
0.009587
0.000868
0.003931
0.022622
0.000349
0.03015
0.002745
0.003157
0.046983
0.019869
0.036722
0.017863
0.002378
0.007089
0.00123
0.014578
0.004432
0.007946
0.00167
0.0037
0.000838
0.014683
0.014732
0.005137
0.010659
0.024517
0.001214
0.029117
0.019744
0.010266
0.036
0.029468
0.036528
0.002091
0.007072
0.012491
0.018158
0.010048
0.00697
0.012465
0.002741
0.003335
0.011188
0.000764
0.003094
0.001241
0.004341
0.060049
0.005426
0.004384
0.016686
0.004545
0.014834
0.000396
0.012728
0.076401
0.001764
0.001106
0.001085
0.000567
0.02063
0.023235
0.021573
0.00227
8.7e-05
0.012485
0.011785
0.006244
0.010068
0.019098
0.036833
0.031154
0.014862
0.019721
0.021693
0.005776
0.008302
0.005713
0.027455
0.00318
0.009962
0.012861
0.000816
0.026711
0.012141
0.028223
0.012784
0.022037
0.016776
0.026361
0.015206
0.019056
0.010633
0.004838
0.023793
0.001286
0.0232
0.006803
0.040953
0.011962
0.006207
0.008865
0.032976
0.022048
0.039036
0.030196
0.032811
0.025933
0.001692
0.016635
0.005033
0.039746
0.005493
0.019938
0.020169
0.010277
0.019672
0.002214
0.000949
0.000522
0.007947
0.002154
0.013891
0.014607
0.0044
0.001829
0.017428
0.014903
0.006801
0.002704
0.000726
0.002417
0.007781
0.024938
0.01263
0.00128
0.013497
0.015959
0.027681
0.00667
0.006293
0.021554
0.028454
0.000612
0.001163
0.015126
0.022524
0.021218
0.006409
0.005036
0.000365
0.000659
0.028353
0.006927
0.004251
0.008705
7.8e-05
0.003917
7.6e-05
0.012773
0.001394
0.015144
0.027777
0.005606
0.081771
0.05256
0.001686
0.005002
0.006829
0.02026
0.01009
0.010346
0.001414
0.015227
0.003517
0.020167
0.015441
0.043116
0.027726
0.032403
0.008081
0.000351
0.002484
0.00136
0.019175
0.016609
0.012614
0.035781
0.002344
0.00376
0.066968
0.036581
0.001818
0.00705
0.014983
0.010859
0.031531
0.00089
0.010156
0.008118
0.025707
0.014039
0.019968
0.002395
0.011594
0.030581
0.002631
0.004283
0.008955
0.014857
0.001231
0.017939
0.00962
0.042544
0.00895
0.006797
0.018484
0.017678
9.1e-05
0.004996
0.02706
0.01237
0.003237
0.007969
0.028083
0.008101
0.008293
0.028815
0.016672
0.000683
0.006594
0.059399
0.021496
0.01335
0.031435
0.017789
0.002569
0.004368
0.001425
0.00907
0.013847
0.028511
0.012232
0.00376
0.007979
0.007353
0.029012
0.013554
0.006442
0.00421
0.013341
0.014648
2.4e-05
0.001992
0.007181
0.00026
0.011613
0.025293
0.013748
0.010141
0.007418
0.035077
0.0242
0.017515
0.002206
0.008517
9.2e-05
0.00644
0.01623
0.013501
0.013257
0.000399
0.002175
0.019279
0.017796
0.00616
0.005946
0.008211
0.005612
0.001616
0.00785
0.016727
0.003551
0.009174
0.007306
0.012908
0.019368
0.001591
0.002369
0.038642
0.04238
0.00416
0.004587
0.030684
0.0318
0.002457
0.027534
0.003186
0.006959
0.002018
0.01603
0.002588
0.018579
0.06722
0.000222
0.005988
0.005919
0.025253
0.017119
0.010328
0.000544
0.009134
0.015784
0.017586
0.001029
0.017496
0.04026
0.029604
0.012008
0.008911
0.009752
0.00256
0.011187
0.000467
0.004655
0.000648
0.016283
0.013444
0.006184
0.000454
0.009649
0.030568
0.009004
0.00339
0.004069
0.018088
0.019277
0.004852
0.001892
0.001273
0.008531
0.007269
0.009908
0.011561
0.010483
0.001176
0.00979
0.007362
0.032737
0.017707
0.014091
0.001245
0.024847
0.002934
0.008389
0.004133
0.004642
0.005496
0.049947
0.004239
0.012875
0.011144
0.02146
0.00805
0.009238
0.059791
0.00132
0.031963
0.000663
0.035863
0.015187
0.038433
0.026027
0.013171
0.001312
0.013938
0.055746
0.022629
0.000259
0.002174
0.011728
0.0096
0.003228
0.025951
0.004264
0.004714
0.017831
0.014474
0.001775
0.014763
0.004833
0.032608
0.028628
0.020276
0.007727
0.005134
0.013626
0.011245
0.012477
0.033059
0.006706
0.01595
0.014316
0.032816
0.000391
0.028047
0.008779
0.007326
0.00479
0.011815
0.025363
0.010056
0.03352
0.040426
0.020781
0.002337
0.025084
0.013979
0.011454
0.029925
5.2e-05
0.000785
0.00456
0.001986
0.007669
0.015409
0.003302
0.00926
0.015481
0.032969
0.003757
0.01796
0.072675
0.011367
0.000829
0.003807
0.005518
0.014015
0.040504
0.001337
0.086797
0.000172
0.000279
0.019163
0.001973
0.056213
0.027109
0.010999
0.027056
0.019921
0.027891
0.046956
0.012939
0.001708
0.02057
0.01219
0.00126
0.000808
0.040862
0.004958
0.011782
0.000561
0.004635
0.021819
0.004208
0.032852
0.022602
0.037803
0.007225
0.003262
0.028941
0.046544
0.004008
0.023079
0.000781
0.003063
0.015041
0.007027
0.023087
0.013873
0.036002
0.01532
0.005805
0.006896
0.004012
0.026552
0.025389
0.024243
0.00252
0.006361
0.006287
0.008965
0.009205
0.004818
0.008583
0.000929
0.031443
0.004165
0.014516
0.028557
0.023998
0.007644
0.010664
0.038814
0.006213
0.003317
0.007926
0.021036
0.039878
0.007842
0.062097
0.027412
0.001459
0.018313
0.001427
0.000412
0.0298
0.007923
0.020899
0.008733
0.002552
0.012853
0.01791
0.012732
0.001882
0.00133
0.005993
0.006646
0.020532
0.010086
0.010476
0.047078
0.033419
0.020497
0.002814
0.0021
0.006518
0.060415
0.009657
0.004503
0.009119
0.004599
0.014116
0.012944
0.014258
0.002125
0.011189
0.030554
0.003575
0.001203
0.003851
0.00355
0.007101
0.079307
0.035713
0.002458
0.028305
0.020865
0.00504
0.003587
0.001674
0.00372
0.005781
0.020983
0.016255
0.068237
0.059261
0.005713
0.004263
0.005684
0.022456
0.014252
0.002178
0.002759
0.00446
0.036642
0.001513
0.017992
0.00983
0.001466
0.007673
0.006228
0.028888
0.001661
0.010732
0.002795
0.013373
0.039561
0.000735
0.020334
0.016316
0.019389
0.000683
0.022985
0.018792
0.018335
0.012934
0.025094
0.011256
0.000882
0.020151
0.001193
0.002544
0.024716
0.010627
0.002752
0.000772
0.036723
0.000533
0.00501
0.028492
0.005234
0.001406
0.071568
0.013381
0.064992
0.013124
0.00037
0.008887
0.069923
0.001575
0.004969
0.044628
0.001741
0.008922
0.009426
0.015855
0.013657
0.005128
0.002062
0.015746
0.000681
0.004461
0.010576
0.016657
0.007594
0.012678
0.00183
0.005648
0.005502
0.009584
0.002059
0.029153
0.014788
0.01705
0.004541
0.000349
0.001206
0.008101
0.008697
0.001249
0.017928
0.043367
0.001828
0.006099
0.013173
0.050191
0.002953
0.002667
0.041129
0.028953
0.024303
0.006552
0.009844
0.01174
0.025782
0.008773
0.002594
0.003615
0.025566
0.001551
0.012073
0.004207
0.00124
0.028897
0.002473
0.013738
0.000225
0.000645
0.020915
0.001001
0.002428
0.035201
0.000626
0.007211
0.011515
0.005921
0.020064
0.008057
0.023136
0.01938
0.025079
0.003761
0.012308
0.016802
0.02548
0.04464
0.001343
0.037829
0.000356
0.001243
0.00057
0.023536
0.008675
0.001257
0.017988
0.010973
0.003907
0.003953
0.001244
0.010564
0.011725
0.006686
0.004361
0.031988
0.007257
0.007215
0.011983
0.014794
0.010372
0.00671
0.016928
0.011538
0.001361
0.003324
0.000591
0.021097
0.004586
0.025287
0.016094
0.00073
0.00244
0.00481
0.000336
0.004445
0.020882
0.008938
0.014647
0.010983
0.004558
0.001525
0.00266
0.009497
0.001227
0.006016
0.013307
0.020757
0.021484
0.029683
0.00795
0.00478
0.012129
0.029027
0.016133
0.003203
0.020667
0.003471
0.027436
0.007036
1.7e-05
0.00742
0.016367
0.003164
0.004145
0.001756
0.011827
0.002452
0.019995
0.010691
0.054292
0.001758
0.017919
0.013788
0.008687
0.003576
0.028062
0.025756
0.018914
0.022549
0.011013
0.004901
0.040474
0.005877
0.002602
0.002185
0.008099
0.007033
0.005371
0.017586
0.011744
0.008977
0.000328
0.000464
0.003128
0.00132
0.039241
0.002277
0.007742
0.018388
0.000667
0.016174
0.003362
0.001889
0.013476
0.01786
0.003962
0.02671
0.021606
0.012603
0.008512
0.009444
0.010507
0.008493
0.002461
0.018022
0.002746
0.00997
0.0024
0.011589
0.00517
0.047948
0.015357
0.013886
0.009374
0.049686
0.001554
0.004831
0.004687
0.040433
0.009721
0.000333
0.003598
0.002378
0.001221
0.006143
0.0029
0.00855
0.006812
0.008591
0.03778
0.035444
0.022314
0.006282
0.026844
0.003833
0.014741
0.028063
0.005923
0.053379
0.000435
0.010705
0.006378
0.004019
0.002127
0.000551
0.001277
0.00977
0.007849
0.015547
0.078949
0.006815
0.003821
0.023261
0.012878
0.00826
0.017609
0.025603
0.031061
0.008311
0.000428
0.040661
0.034512
0.009667
0.010011
0.024241
0.002228
0.016605
0.001522
0.000239
0.002352
0.005597
0.006943
0.001106
0.010207
0.0209
0.016197
0.016931
0.00032
0.006333
0.013221
0.030516
0.010557
0.01196
0.02262
0.028481
0.002444
0.009668
0.010621
0.00075
0.013109
0.013786
0.003813
0.005027
0.002882
0.038086
0.002286
0.003368
0.010013
0.002552
0.001818
0.043673
0.001635
0.017121
0.043308
0.033929
0.031391
0.002079
0.001898
0.021728
0.013647
0.01457
0.00755
0.001427
0.006025
0.003578
0.001558
0.053593
0.00508
0.016476
0.001421
0.006184
0.00152
0.022218
0.006582
0.004227
0.017321
0.019976
0.000477
0.00285
0.000708
0.00913
0.002077
0.02598
0.009669
0.003722
0.004511
0.010517
0.011346
0.014226
0.006671
0.026814
0.001672
0.033719
0.028422
0.005308
0.000533
0.020226
0.017072
0.004403
0.032401
0.024105
0.00906
0.010217
0.010919
0.001395
0.010297
0.016037
0.006629
0.000649
0.009695
0.007841
0.019605
0.00164
0.008917
0.008115
0.048321
0.015156
0.021717
0.006793
0.005461
0.016832
0.002891
0.003655
0.00604
0.004763
0.026857
0.000524
0.016697
0.017484
0.001456
0.000796
0.003491
0.00559
0.003907
0.013584
0.017137
0.000933
0.024167
0.011106
0.009585
0.002311
0.005635
0.023173
0.003963
0.02028
0.002735
0.015241
0.034281
0.002477
0.008321
0.011305
0.005807
0.003891
0.003311
0.004358
0.006325
0.007304
0.009702
0.007854
0.000572
0.000237
0.002081
0.030961
0.038987
0.000975
0.012102
0.014746
0.001254
0.071835
0.008732
0.046509
0.027373
0.01081
0.000646
0.008155
0.031504
0.05719
0.000736
0.001285
0.009674
0.006767
0.0041
0.000985
0.005373
0.00043
0.002691
0.008585
0.005349
0.011066
0.005875
0.002126
0.005477
0.02622
0.01181
0.001652
0.004562
0.003927
0.00604
9.5e-05
0.038354
0.030703
0.0339
0.00561
0.009764
0.007511
0.00227
0.00842
0.002307
0.003091
0.000964
0.009485
0.024901
0.009209
0.011332
0.000312
0.008417
0.000612
0.023577
0.003456
0.020544
0.010912
0.009166
0.015398
0.050553
0.039379
0.01995
0.00088
0.003326
0.048785
0.008772
0.004219
0.001741
0.01141
0.032785
0.016425
0.005036
0.002853
0.010011
0.016513
0.00479
0.008883
0.015881
0.044456
0.020853
0.00262
0.011602
0.005721
0.002038
0.001057
0.011489
0.014826
0.004818
0.000871
0.025318
0.028475
0.001829
0.029368
0.00136
0.000801
0.025166
0.009772
0.001789
0.011556
0.00528
0.038347
0.041814
0.003454
0.020498
0.028044
0.04857
0.025501
0.002862
0.01442
0.010553
0.0181
0.002695
0.003751
0.033231
0.020099
0.004881
0.002555
0.028381
0.000859
0.00634
0.010101
0.008713
0.016785
0.018523
0.002314
0.01277
0.049174
0.012848
0.004788
0.000345
0.018102
0.027024
0.007236
0.007559
0.004016
0.009572
0.019162
0.002067
0.024458
0.009267
0.005924
0.030293
0.069677
0.002369
0.007814
0.006285
0.016079
0.017595
0.010038
0.002724
0.002954
0.022376
0.019888
0.017744
0.007869
0.01304
0.007787
0.015097
0.005007
0.041992
0.002566
0.008032
0.008962
0.016823
0.005713
0.010918
0.001106
0.030638
0.030823
0.004441
0.042002
0.003172
0.052354
0.020867
0.018148
0.025586
0.017958
0.001651
0.007543
0.011427
0.009195
0.008978
0.004657
0.002116
0.014289
0.012617
0.008244
0.017785
0.015233
0.003326
0.018346
0.0153
0.04689
0.057814
0.002504
0.055354
0.011955
0.000636
0.026928
0.019185
0.016978
0.003949
0.019889
0.012485
0.025387
0.007824
0.009012
0.018009
0.002576
0.009298
0.004203
0.000692
0.004863
0.000808
0.003409
0.002398
0.032286
0.001
0.006075
0.001107
0.002118
0.002541
0.026418
0.007085
0.019402
0.003159
0.005026
0.010807
0.000476
0.001129
0.002075
0.024971
0.005779
0.024819
0.012119
0.036199
0.005156
0.011317
0.057212
0.008665
0.000348
0.004806
0.018415
0.002234
0.00356
0.010901
0.011664
0.006051
0.032679
0.012071
0.014383
0.001114
0.017499
0.037884
0.000378
0.017323
0.002528
0.011123
0.001666
0.016424
0.005651
0.001964
0.019018
0.085672
0.009858
9.2e-05
0.016315
0.007852
0.01148
0.002098
0.005462
0.003454
0.03975
0.028563
5.3e-05
0.00081
0.005792
0.004328
0.008869
0.007197
0.001075
0.039684
0.005388
0.006463
0.00058
0.012527
0.012212
0.013946
0.00763
0.004907
0.000811
0.003222
0.001282
0.01623
0.009121
0.000895
0.000844
0.011228
0.015979
0.011592
0.014337
0.02181
0.024232
0.019401
0.00122
0.015818
0.013899
0.037246
0.009374
0.039628
0.016764
0.001058
0.001379
0.000467
0.001342
0.011496
0.015636
0.022299
0.001441
0.002498
0.007588
0.007238
0.015031
0.101811
0.0067
0.004236
0.005977
0.006946
0.007194
0.001139
0.021205
0.020979
0.000876
0.006446
0.012784
0.039297
0.00772
0.035813
0.001342
0.01509
0.024461
0.004249
0.011592
0.028656
0.005301
0.005624
0.028906
0.029833
0.01423
0.02218
0.004441
0.002662
0.004251
0.018164
0.008563
0.009611
0.014862
0.003671
0.014011
0.016858
0.000971
0.004942
0.008504
0.034766
0.002386
0.015153
0.002975
0.01236
0.006974
0.031889
0.01738
0.001799
0.011211
0.014539
0.011039
0.00335
0.023319
0.009887
0.024072
0.021286
0.007587
0.001093
0.010534
0.021151
0.021167
0.00273
0.001533
0.050817
0.001058
0.003899
0.000343
0.013666
0.025607
0.013857
0.002118
0.032535
0.005047
0.046329
0.012679
0.003047
0.008361
0.040965
0.007522
0.003543
0.005678
0.012273
0.019624
0.020092
0.008685
0.029995
0.006335
0.010289
0.000286
0.0033
0.002006
0.011253
0.014177
0.000752
0.003343
0.000818
0.002066
0.008528
0.010628
0.080757
0.002042
0.004724
0.014539
0.003959
0.017409
0.030164
0.005966
0.015046
0.002195
0.027517
0.009437
0.004436
0.002238
0.03239
0.003274
0.000407
0.0085
0.007081
0.015339
0.016081
0.003604
0.003304
0.00184
0.007027
0.013516
0.012584
0.020754
0.002871
0.002382
0.012664
0.019289
0.001002
0.025346
0.014329
0.039934
6.6e-05
0.003736
0.04294
0.006189
0.002663
0.007082
0.01159
0.00525
0.017073
0.001907
0.008819
0.022275
0.005831
0.007298
0.004007
0.026243
0.000559
0.027529
0.017054
0.003656
0.014918
0.023472
0.047381
0.00159
0.012618
0.00321
0.010812
0.033393
0.001571
0.015872
0.016547
0.02619
0.009532
0.005259
0.004619
0.019139
0.010071
0.028981
0.057746
0.005613
0.000429
0.009376
0.007082
0.051745
0.020598
0.022528
0.015692
0.017385
0.00984
0.035469
0.002076
0.009149
0.015276
0.0015
0.002277
0.013536
0.007586
0.025483
0.044579
0.026779
0.017085
0.007314
0.023176
0.019126
0.031653
0.036651
0.003068
0.013909
0.009679
0.006546
0.003145
0.005164
0.001266
0.005164
0.008362
0.001921
0.071544
0.006173
0.020142
0.013554
0.02533
0.002235
0.000484
0.054555
0.00014
0.009465
0.006278
0.027639
0.0093
0.018704
0.018736
0.001501
0.032053
0.003218
0.008578
0.001922
0.057405
0.022439
0.034777
0.00218
0.023215
0.031339
0.016478
0.00148
0.00241
0.005852
0.02202
0.001604
0.009684
0.023963
0.019592
0.011209
0.00039
0.025312
0.033769
0.003228
0.008331
0.006773
0.000443
0.004067
0.00233
0.013694
0.002283
0.007016
0.002757
0.024407
0.070171
0.009951
0.00133
0.002599
0.002198
0.000181
0.013346
0.01631
0.018053
0.022292
0.024678
0.015294
0.011874
0.031062
0.007087
0.001416
0.0023
0.011862
0.00596
0.014499
0.003655
0.007943
0.019837
0.015897
0.011894
0.005865
0.012804
0.008935
0.009777
0.004493
0.007803
0.059468
0.000973
0.002752
0.009013
0.002896
0.008491
0.013248
0.001085
0.007193
0.013885
0.007025
0.004172
0.011765
0.000161
0.01126
0.016958
0.000637
0.006777
0.001423
0.015431
0.007264
0.018382
0.015796
0.010888
0.001248
0.071819
0.019369
0.003479
0.002341
0.012903
0.00223
0.024609
0.003375
0.035776
0.000849
0.001412
0.003469
0.009851
0.014186
0.014529
0.017498
0.002111
0.007523
0.019247
0.016818
0.038714
0.088684
0.006877
0.010325
0.007634
0.013066
0.055934
0.001454
0.001915
0.030425
0.031172
0.015958
0.0022
0.032656
0.001072
0.02313
0.003016
0.009562
0.002842
0.000109
0.033476
0.001847
0.00118
0.008743
0.066705
0.01403
0.011881
0.032431
0.026366
0.000707
0.003451
0.007341
0.001617
0.011818
0.008726
0.000485
0.004056
0.000191
0.009838
0.020086
0.002958
0.011686
0.001021
0.002991
0.007846
0.041543
0.024786
0.023063
0.012596
0.00956
0.020284
0.007671
0.058189
0.003215
0.049529
0.000562
0.004577
0.004723
0.000112
0.003191
0.001532
0.018072
0.005004
0.002517
0.019712
0.001128
0.012523
0.006705
0.011444
0.036761
0.039896
0.005628
0.004514
0.000519
0.000159
0.007972
0.021378
0.029114
0.004672
0.022767
0.002594
0.036583
0.007891
0.029993
0.027687
0.009717
0.002741
0.018376
0.050718
0.004561
0.020063
