0.017331
0.008434
0.006456
0.022801
0.00163
0.001727
0.006331
0.006926
0.001264
0.031334
0.005538
0.003986
0.002213
0.012376
0.032422
0.011146
0.005811
0.004882
0.010041
0.014682
0.001966
0.029771
0.00045
0.002279
0.007215
0.03678
0.003143
0.000952
0.010765
0.001378
0.03235
0.009322
0.011568
0.004327
0.007575
0.004005
0.017181
0.005614
0.008882
0.009113
0.00205
0.005787
0.022464
0.008449
0.010979
0.004332
0.004729
0.007726
0.00846
0.029275
0.001985
0.013253
0.015629
0.009412
0.028752
0.000628
0.010926
0.014036
0.002042
0.002678
0.00465
0.00248
0.022494
0.016292
0.013938
0.038421
0.000899
0.013815
0.000766
0.010303
0.020164
0.017169
0.000625
0.001641
0.00982
0.035974
0.00075
0.000233
0.026394
0.005167
0.023715
0.010028
0.00326
0.023177
0.005768
0.011626
0.001668
0.009455
0.00211
0.01254
0.00445
0.004223
0.016544
0.00214
0.0042
0.011655
0.001165
0.040397
0.015315
0.003153
0.025133
0.005236
0.04306
0.020348
0.010743
0.0208
0.038828
0.016746
0.001329
0.004461
0.003171
0.008923
0.0191
0.004542
0.028884
0.055664
0.00138
0.008691
0.024223
0.027254
0.010667
0.004305
0.024368
0.012383
0.005012
0.001546
0.006273
0.042162
0.022724
0.024799
0.001826
0.029355
0.003431
0.011972
0.037428
0.012372
0.001602
0.026081
0.006804
0.001757
0.046783
0.000672
0.00463
0.027508
0.038065
0.013204
0.007393
0.011536
0.000382
0.0026
0.013988
0.002678
0.013864
0.009091
0.013765
0.006462
0.031588
0.035573
0.010604
0.017531
0.034656
0.001534
0.017963
0.027351
0.002807
0.00223
0.005118
0.004095
0.011182
0.01295
0.000683
0.019588
0.001719
0.004963
0.00189
0.015658
0.003434
0.010251
0.014342
0.003223
0.0075
0.006169
0.009089
0.009199
0.017237
0.005661
0.000489
0.00612
0.002694
0.001456
0.002843
0.002994
0.000853
0.005363
0.011454
0.007808
0.024824
0.013847
0.004895
0.000907
0.001677
0.039105
0.01861
0.020786
0.057017
0.001037
0.002612
0.056447
0.003604
0.013888
0.054261
0.010001
0.0302
0.000485
0.040032
0.001877
5.5e-05
0.028559
0.002605
0.004168
0.003148
0.013845
0.024366
0.006129
0.029652
0.001712
0.002368
0.051472
0.0127
0.017651
0.002076
0.004427
0.003526
0.017737
0.001343
0.02267
0.002587
0.001165
0.001231
0.020077
0.019062
0.052854
0.017541
0.002888
0.032251
0.002367
0.015042
0.001125
0.011726
0.017896
0.000665
0.003875
0.000977
0.072132
0.015279
0.012649
0.012473
0.000208
0.001196
0.014847
0.004168
0.00672
0.004678
0.008251
0.020644
0.021887
0.028112
0.016113
0.011733
0.006663
0.017099
0.029169
0.007433
0.00304
0.036191
0.009133
0.006576
0.002349
0.002219
0.030514
0.002887
0.008163
0.002303
0.014091
0.000736
0.003225
0.000501
0.007867
0.011478
0.012683
0.022865
0.002039
0.014006
0.013839
0.002586
0.002704
0.00074
0.000356
0.019051
0.006223
0.001157
0.002411
0.008972
0.007307
0.002244
0.007059
0.047617
0.060527
0.027156
0.013999
0.004378
0.014408
0.038937
0.018271
0.040991
0.00153
0.01429
0.002277
0.03769
0.007923
0.003985
0.00213
0.009092
0.022625
0.020545
0.012555
0.016888
0.002068
0.008598
0.003024
0.011211
0.029802
0.013005
0.010673
0.010362
0.004814
0.011886
0.021615
0.001326
0.004143
0.015261
0.010231
0.001626
0.006604
0.004808
0.049357
0.01983
0.041561
0.006239
0.001103
0.002574
0.008093
0.01123
0.001573
0.003964
0.000949
0.023589
0.025452
0.000854
0.000631
0.000506
0.006123
0.004233
0.017367
0.009946
0.005051
0.001361
0.01325
0.048495
0.009304
0.003122
0.004344
0.003425
0.021145
0.003728
0.02199
0.001081
0.000578
0.017647
0.00432
0.013215
0.01736
0.025309
0.012165
0.026793
0.00782
0.010068
0.005995
0.020249
0.043468
0.002113
0.005709
0.004347
0.024135
5.4e-05
0.001
0.003436
0.00785
0.03336
0.020831
0.022368
0.037602
0.002214
0.001177
0.011221
0.009314
0.007137
0.001426
0.001839
0.030452
0.011714
0.020168
0.0004
0.028055
0.002659
0.009007
0.002274
0.011098
0.001721
0.002117
0.007169
0.017948
0.005238
0.01615
0.044685
0.025445
0.003036
0.079163
0.008189
0.02816
0.002638
0.089322
0.010514
0.00383
0.006218
0.033406
0.007801
0.007913
0.00312
0.005964
0.016176
0.018326
0.014249
0.017035
0.003814
0.002146
0.002818
0.009304
0.045296
0.005547
0.001479
0.005539
0.015091
0.003704
0.008895
0.012974
0.022436
0.002117
0.000765
0.012424
0.018635
0.045627
0.012962
0.002678
0.007064
0.03959
0.029342
0.020796
0.013392
0.001985
0.000362
0.001632
0.007862
0.037059
0.003152
0.001168
0.008603
0.001497
0.034544
0.006371
0.000287
0.003876
0.002461
0.015072
0.000806
0.007652
0.002805
0.005001
0.002802
0.004404
0.002514
0.002214
0.006822
0.015228
0.018844
0.003331
0.002419
0.003168
0.007769
0.0013
0.04414
0.000142
0.019672
0.012318
0.004912
0.008191
0.005129
0.008195
0.00211
0.003268
0.014089
0.023951
0.002513
0.03446
0.006364
0.009197
0.011397
0.015703
0.071137
0.012962
0.01601
0.017385
0.010317
0.020796
0.008113
0.014822
0.001019
0.024507
0.001782
0.009581
0.001486
0.010624
0.009993
0.017806
0.002621
0.036148
0.000685
0.004028
0.013281
0.002337
0.004401
0.001786
0.023946
0.010042
0.019089
0.033469
0.007772
0.005178
0.0005
0.014169
0.004861
0.012447
0.014406
0.02272
0.006032
0.011037
0.002763
0.006931
0.002844
0.006432
0.018
0.036073
0.022335
0.000549
0.017309
0.006969
0.019443
0.004262
0.057066
0.017649
0.001316
0.024932
0.002275
0.059708
0.004591
0.008364
0.019464
0.004281
0.037964
0.003557
0.008898
0.00188
0.000615
0.027482
0.019944
0.014057
0.010659
0.020036
0.036561
0.013057
0.003681
0.010565
0.001666
0.002653
0.010227
0.003145
0.006967
0.018257
0.0013
0.014968
0.000182
0.008631
0.000263
0.059216
0.009397
0.005913
0.038053
0.002972
0.018964
0.000211
0.009862
0.010331
0.002413
0.01847
0.008618
0.019039
0.00808
0.013003
0.003536
0.010814
0.014812
0.008231
0.016014
0.001394
0.012786
0.043106
0.028177
0.007685
0.004438
0.005286
0.036138
0.030798
0.021188
0.007478
0.009217
0.017577
0.015772
0.000861
0.000762
0.006525
0.016036
0.00124
0.007247
0.001246
0.018804
0.017608
0.027363
0.021253
0.006159
0.002172
0.006972
0.019723
0.010029
0.00503
0.00542
0.000596
0.017401
0.032586
0.014638
0.01327
0.063162
0.002088
0.006729
0.027698
0.016869
0.002577
0.00179
0.006229
0.003196
0.001805
0.012148
0.006632
0.021778
0.01943
0.011314
0.002734
0.014006
0.004811
0.033486
0.020798
0.001166
0.00668
0.013266
0.002743
0.002824
0.013669
0.005707
0.014755
0.005853
0.039583
0.003687
0.001249
0.002261
0.005413
0.004812
0.00875
0.014013
0.000924
0.02193
0.000751
0.001455
0.008486
0.004314
0.004607
0.009816
0.00107
0.016987
0.001539
0.015742
0.055512
0.001515
0.023277
0.008901
0.025296
0.002789
0.012248
0.039114
0.001087
0.004031
0.014726
0.013331
0.017452
0.006374
0.002628
0.004751
0.001537
0.003444
0.035429
0.017735
0.001033
0.017186
0.006082
0.021588
0.004204
0.006408
0.001149
0.004504
0.000293
0.002264
0.035144
0.035534
0.010021
0.013094
0.016577
0.000585
0.002294
0.009227
0.012321
0.003615
0.038031
0.009375
0.014054
0.013913
0.008266
0.003195
0.00707
0.00158
0.003095
0.003593
0.006097
0.007548
0.015166
0.01052
0.002392
0.002622
0.009223
0.001344
0.010257
0.004229
0.005412
0.012536
0.001305
0.008357
0.00623
0.014219
0.000968
0.003594
0.019508
0.006057
0.002159
0.008806
0.001241
0.001979
0.022837
0.021153
0.048076
0.005999
0.003027
0.00797
0.001869
0.002958
0.005463
0.030495
0.035443
0.004477
0.043353
0.051958
0.010064
0.0245
0.001363
0.003085
0.001679
0.009703
0.0028
0.002969
0.004342
0.019286
0.021523
0.005346
0.008977
0.026614
0.000658
0.002057
0.007237
0.027296
0.008708
0.010894
0.004448
0.001517
0.058483
0.005348
0.023179
0.041512
0.008808
0.002569
0.014186
0.028319
0.006854
0.029201
0.0085
0.006679
0.001273
0.008808
0.004128
0.041886
0.092221
0.00481
0.002948
0.011952
0.010501
0.008388
0.0181
0.028785
0.002743
0.018261
0.008044
0.004408
0.010365
0.004007
0.002098
0.006665
0.015478
0.012855
0.031599
0.032804
0.024284
0.003948
0.017965
0.002304
0.010456
0.003278
0.007089
0.023551
0.010252
0.018523
0.000472
0.002853
0.005396
0.00199
0.00203
0.001064
0.001306
0.001458
0.028935
0.006639
0.00246
0.097899
0.021388
0.001611
0.011144
0.002189
0.023666
0.007699
0.000863
0.002474
0.007532
0.002416
0.002392
0.024975
0.023766
0.000685
0.004915
0.032017
0.001272
0.012372
0.001967
0.000111
0.015155
0.003946
0.014619
0.002623
0.0006
0.005476
0.0076
0.002476
0.001044
0.021366
0.009922
0.001914
0.012454
0.003611
0.004836
0.003711
0.009523
0.000238
0.015313
0.012551
0.007697
0.011094
0.017813
0.030965
0.004272
0.007143
0.037415
0.003251
0.005668
0.012283
0.033447
0.00247
0.004847
0.002105
0.037217
0.005811
0.002974
0.017533
0.023635
0.000639
0.000973
0.019556
0.01052
0.006528
0.013117
0.01804
0.014883
0.003623
0.018908
0.00052
0.001598
0.016762
0.001261
0.006349
0.002893
0.000411
8.7e-05
0.014635
0.040961
0.005731
0.002642
0.003105
0.000177
0.010293
0.002655
0.030662
0.004264
0.030364
0.029867
0.010944
0.018462
0.005456
0.033514
0.037392
0.00204
0.029727
0.000782
0.002146
0.001314
0.034213
0.001147
0.021377
0.002302
0.007031
0.011441
0.009298
0.00014
0.041511
0.019012
0.005707
0.019566
0.020996
0.020768
0.009191
0.007012
0.001176
0.019103
0.010947
0.015572
0.012506
0.027101
0.014083
0.002125
0.000795
0.004432
0.007514
0.010832
0.005111
0.023289
0.003364
0.005818
0.002444
0.001109
0.03378
0.002563
0.005558
0.005426
0.013257
0.005902
0.023115
0.002537
0.024228
0.012576
0.001135
0.000254
0.008455
0.003379
0.013111
0.019236
0.002018
0.005991
0.027927
0.004999
0.021321
0.027203
0.006282
0.002423
0.009555
0.006848
0.000136
0.005865
0.009042
0.003254
0.014811
0.002674
0.002764
0.01233
0.002729
0.00036
0.035532
0.00559
0.014169
0.008791
0.01307
0.01284
0.005629
0.002409
0.003188
0.007256
0.048721
0.005165
0.007523
0.011694
0.002432
0.008154
0.004609
0.022487
0.008251
0.022418
0.024004
0.034784
0.001791
0.006258
0.027235
0.007439
0.002482
0.012485
0.006089
0.009809
0.009367
0.007727
0.087404
0.031752
0.013559
0.015945
0.01891
0.010121
0.020593
0.001663
0.003701
0.001785
0.00644
0.019363
0.023332
0.00691
0.008769
0.001826
0.006091
0.012162
0.017355
0.003391
0.012064
0.015991
0.040975
0.002402
0.058009
0.029752
0.004828
0.008896
0.001966
0.001389
0.008889
0.003023
0.00117
0.00023
0.014324
0.00126
0.001607
0.004626
0.003147
0.003559
0.006246
0.010234
0.000284
0.019284
0.004631
0.003634
0.002309
0.028918
0.015702
0.001215
0.007038
0.063665
0.022262
0.028345
0.002591
0.003062
0.010689
0.005173
0.010206
0.001482
0.006081
0.001438
0.005619
0.004758
0.013288
0.000719
0.005847
0.034356
0.002131
0.00097
0.009417
0.002287
0.00253
0.012705
0.047882
0.013258
0.053024
0.01694
0.016159
0.009025
0.009093
0.011417
0.000561
0.011773
0.018161
0.047896
0.047637
0.013127
0.031352
0.010036
0.001947
0.012048
0.011032
0.005543
0.005773
0.008783
0.010731
0.019218
0.005321
0.016912
0.027126
0.00099
0.01672
0.002998
0.000604
0.011355
0.002649
0.037717
0.026812
0.02786
0.009975
0.000882
0.00439
0.009139
0.008646
0.046614
0.015811
0.027813
0.054909
0.00943
0.005472
0.00814
0.012334
0.002541
0.026042
0.010441
0.002262
0.027286
0.002415
0.00409
0.007996
0.003109
0.000627
0.000958
0.002967
0.028122
0.01127
0.004107
0.005817
0.002432
0.004666
0.029647
0.004221
0.003054
0.053254
0.011452
0.003603
0.018496
0.004723
0.018864
0.031733
0.004015
0.026015
0.005529
0.00088
0.007439
0.003079
0.015757
0.019408
0.018573
0.019695
0.004598
0.018151
0.032843
0.000707
0.050142
0.01562
0.014804
0.007403
0.004777
0.005675
0.008645
0.010605
0.001403
0.00167
0.008666
0.016631
0.014656
0.002565
0.116968
0.015047
0.00888
0.020096
0.018559
0.014541
0.007571
0.015438
0.013516
0.021172
0.00359
0.004362
0.006875
0.023504
0.016526
0.004053
0.001278
0.020671
0.092809
0.03281
0.003607
0.008603
0.018728
0.001129
0.002839
0.005245
0.011195
0.004787
0.000368
0.014344
0.00793
0.011926
0.000669
0.000433
0.009117
0.006301
0.005522
0.001035
0.005721
0.015528
0.004734
0.043474
0.010552
0.035252
0.001884
0.000184
0.022606
0.00328
0.000238
0.001107
0.015047
0.000665
0.011613
0.002156
0.038028
0.009683
0.042709
0.024708
0.001199
0.01493
0.00162
0.000176
0.027584
0.003009
0.035414
0.031124
0.010808
0.014677
0.019923
0.007801
0.031683
0.006592
0.00147
0.001649
0.006371
0.012631
0.003354
0.011617
0.001852
0.013051
0.002453
0.002003
0.000911
0.001323
0.000664
0.001618
0.023591
0.004157
0.015499
0.001613
0.007068
0.001106
0.014877
0.006801
0.014888
0.004534
0.005267
0.006469
0.027452
0.005203
0.009576
0.00486
0.037676
0.000441
0.01322
0.003758
0.009726
0.002604
0.018439
0.054516
0.005597
0.049114
0.004881
0.006564
0.010436
0.002407
0.00183
0.005831
0.012559
0.00641
0.020642
0.021478
0.00407
0.000751
0.010724
0.028277
0.001345
0.002869
0.00362
0.014716
0.004994
0.005847
0.010384
0.00216
0.007482
0.012684
0.019856
0.005473
0.005583
0.003155
0.003865
0.00275
0.014687
0.008798
0.008618
0.035089
0.015185
0.002878
0.015312
0.034081
0.005928
0.026844
0.011707
0.023005
0.012383
0.005031
0.04667
0.016573
0.013318
0.008105
0.000622
0.000688
0.004503
0.029037
0.003262
0.009819
0.011009
0.002737
0.020547
0.001469
0.004775
0.032041
0.004705
0.005018
0.003246
0.033849
0.002093
0.014147
0.012438
0.019689
0.015552
0.000353
0.006002
0.01666
0.016572
0.002619
0.008014
0.015515
0.000613
0.002116
0.025729
0.004616
0.009894
5.6e-05
0.009297
0.002387
0.002156
0.015036
0.020494
0.0084
0.010059
0.027441
0.013005
0.006627
0.001728
0.003369
0.037863
0.002445
0.011051
0.016784
0.004617
0.001455
0.01586
0.000885
0.002268
0.002116
0.008952
0.000543
0.010077
0.01382
0.005635
0.001758
0.020432
0.003749
0.031093
0.001479
0.010494
0.015439
0.002875
0.010291
0.01662
0.005718
0.00099
0.001281
0.006204
0.011546
0.009712
0.00491
0.00693
0.03825
0.010675
0.006759
0.000693
0.003234
0.036626
0.00459
0.001423
0.01286
0.006424
0.008268
0.004468
0.012471
0.040116
0.007679
0.003937
0.018217
0.034381
0.00117
0.005676
0.006302
0.008175
0.003161
0.005141
0.001183
0.002759
0.014946
0.005475
0.001998
0.011383
0.09612
0.008287
0.032461
0.013501
0.000326
0.000799
0.003261
0.020632
0.013276
0.019633
0.007337
0.017364
0.011564
0.004839
0.00254
0.002256
0.013391
0.003627
0.008746
0.003982
0.019063
0.002918
0.026042
0.006388
0.009293
0.000682
0.015604
0.007629
0.001998
0.047155
0.001721
0.015149
0.026067
0.004461
0.036044
0.002031
0.038155
0.000745
0.002888
0.037391
0.002807
0.000957
0.036748
0.018168
0.003689
0.044593
0.007097
0.02244
0.002213
0.002598
0.044102
0.020971
0.000411
0.025943
0.035185
0.004697
0.037387
0.034041
0.021708
0.034227
0.011455
0.007165
0.035886
0.005542
0.036201
0.006211
0.007754
0.025621
0.009732
0.007909
0.01304
0.012236
0.003348
0.007242
0.009315
0.001159
0.037199
0.002084
0.028262
0.00251
0.019608
0.037579
0.026173
0.003441
0.014338
0.001435
0.010145
0.005892
0.060159
0.022488
0.006899
0.019673
0.005248
0.001176
0.000304
0.017969
0.011586
0.001604
0.002235
0.003631
0.018119
0.020964
0.001132
0.011601
0.008636
0.007103
0.000868
0.015585
0.010966
0.038362
0.001018
0.031047
0.001737
0.034915
0.005536
0.056548
0.012508
0.002747
0.001396
0.012664
0.032534
0.012394
0.001411
0.005327
0.005139
0.012877
0.014517
0.003295
0.00286
0.002982
0.005238
0.0074
0.002012
0.012869
0.004754
0.013112
0.003425
0.000966
0.036795
0.00241
0.01852
0.001667
0.00978
0.008492
0.002479
0.002221
0.008392
0.030354
0.00286
0.00452
0.035563
0.00745
0.016034
0.018579
0.001142
0.00161
0.012023
0.000353
0.001506
0.014685
0.004919
0.002443
6.1e-05
0.01581
0.009857
0.00183
0.003586
0.002333
0.000528
0.018373
0.000729
0.02153
0.003896
0.01501
0.005191
0.023058
6e-05
0.014663
0.000438
0.018309
0.004561
0.001134
0.008149
0.033999
0.014704
0.008847
0.001376
0.003721
0.016776
0.057895
0.006777
0.003181
0.019671
0.013244
0.009561
0.005462
0.014129
0.003038
0.031738
0.008549
0.012606
0.000318
0.012085
0.033912
0.020987
0.046047
0.008229
0.008927
0.037956
0.014017
0.036126
0.016916
0.004817
0.032781
0.009039
0.011589
0.014711
0.014774
0.031648
0.001881
0.005637
0.004086
0.005998
0.017943
0.011376
0.028923
0.007195
0.000107
0.001745
0.033686
0.002769
0.008232
0.004881
0.008485
0.019675
0.002558
0.013043
0.006416
0.058719
0.006334
0.004648
0.000512
0.003791
0.013457
0.014011
0.001775
0.001035
0.000152
0.012874
0.005393
0.015055
0.010893
0.022312
0.003372
0.037325
0.00268
0.009257
0.001964
0.024202
0.028067
0.01356
0.020469
0.01499
0.003263
0.008652
0.005731
0.003783
0.019754
0.019436
0.003792
0.049388
0.005916
0.038951
0.009557
0.002781
0.002129
0.001601
0.005718
0.02054
0.03514
0.043078
0.000524
0.00147
0.008085
0.046672
0.010758
0.009349
0.007068
0.007951
0.015338
0.013345
0.014865
0.002534
0.023586
0.033244
0.014212
0.002894
0.025877
0.020432
0.009368
0.024844
0.075725
0.02532
0.013185
0.00226
0.012355
0.005468
0.001899
0.011055
1.2e-05
0.004042
0.003425
0.016025
0.010678
0.023376
0.007422
0.004139
0.001635
0.007112
0.010948
0.008701
0.003221
0.003274
0.008935
0.023606
0.006001
0.037483
0.001721
0.009244
0.003549
0.002999
0.009497
0.003031
0.000527
0.000501
0.0003
6.1e-05
0.006793
0.001531
0.006141
0.011968
0.003531
0.005334
0.040004
0.0029
0.001032
0.017185
0.007786
0.009356
0.000636
0.000685
0.009103
0.00502
0.018262
0.002306
0.010379
0.048045
0.006132
0.002143
0.000541
0.036394
0.03702
0.003125
0.02678
0.004935
0.008319
0.003381
0.00612
0.011439
0.003915
0.002551
0.004189
0.00501
0.002804
0.01729
0.005889
0.021041
0.001882
0.002189
0.003968
0.019252
0.015092
0.005398
0.032384
0.039495
0.00867
0.008078
0.009674
0.000357
0.028049
0.002317
0.015773
0.014862
0.004297
0.01185
0.000719
0.009397
0.019477
0.011347
0.009046
0.00529
0.011461
0.010511
0.000401
0.004885
0.01316
0.017229
0.011569
0.004165
0.02265
0.013988
0.022919
0.008475
0.008333
0.010012
0.000896
0.006279
0.002411
0.004802
0.003258
0.012463
0.019908
0.017517
0.001684
0.008523
0.015479
0.034056
0.013308
0.000991
0.022299
0.019673
0.036656
0.005388
0.006272
0.004812
0.017851
0.021516
0.01606
0.004674
0.000589
0.008971
0.006048
0.013352
0.036629
0.002109
0.001112
0.018635
0.001831
0.036827
0.011745
0.01777
0.034374
0.010727
0.002523
0.015279
0.002558
0.000699
0.006018
0.031002
0.025898
0.002982
0.012543
0.01443
0.003909
0.013577
0.001549
0.004271
0.010938
0.026564
0.006981
0.000955
0.037325
0.000744
0.008508
0.029546
0.001029
0.007632
0.001745
0.025387
0.005832
0.003295
0.030552
0.006324
0.035726
0.010553
0.002494
0.010754
0.016436
0.044172
0.015482
0.020456
0.020258
0.015452
0.00158
0.00029
0.009444
0.011548
0.045244
0.049443
0.002639
0.02256
0.010243
0.007056
0.041397
0.000504
0.004948
0.004727
0.003064
0.010184
0.000408
0.009322
0.000943
0.016909
0.082713
0.005921
0.005527
0.012335
0.00596
0.018581
0.024185
0.006037
0.044204
0.031898
0.00543
0.004712
0.001356
0.03822
0.006389
0.028164
0.00915
0.014589
0.02861
0.011989
0.078071
0.016833
0.002039
0.000961
0.005755
0.019094
0.000759
0.00224
0.020624
0.004032
0.008971
0.025241
0.021466
0.000154
0.003893
0.009159
0.009243
0.023599
0.001201
0.033346
0.002613
0.00636
0.008503
0.005125
0.032779
0.004292
0.027852
0.003025
0.057828
0.012453
0.01694
0.019535
0.000983
0.062766
0.013373
0.009086
0.011316
0.002518
0.00349
0.019729
0.013487
0.004017
0.011511
0.012109
0.014568
0.01625
0.006967
0.014391
0.001738
0.001054
0.001967
0.004352
0.005249
0.000395
0.035628
0.002833
0.017868
0.007668
0.027254
0.03683
0.000786
0.014114
0.009242
0.00085
0.019149
0.042157
0.003811
0.030072
0.015641
0.021708
0.01784
0.007574
0.053612
0.009923
0.000227
0.002063
0.004617
0.019488
0.016298
0.016802
0.016658
0.004107
0.046981
0.026887
0.002165
0.014588
0.010522
0.01622
0.018643
0.00298
0.006793
0.011967
0.010881
0.026981
0.001275
0.000553
0.001944
0.045647
0.005019
0.008394
0.015462
0.015988
0.017231
0.005781
0.027148
0.00219
0.049016
0.019177
0.007461
0.007528
0.014627
0.028448
0.003337
0.01891
0.003637
0.01923
0.011713
0.009791
0.003559
0.01478
0.014385
0.010665
0.009662
0.006798
0.025142
0.003743
0.006518
0.004778
0.007376
0.003986
0.018045
0.033873
0.005507
0.017043
0.011351
0.004371
0.000683
0.005145
0.037608
0.015255
0.00478
0.003456
0.002344
0.007555
0.011431
0.021704
0.008677
0.017563
0.023402
0.015337
0.003393
0.002849
0.011172
0.002899
0.004202
0.008146
0.048807
0.001051
0.000833
0.011924
0.004468
0.011973
0.002677
0.044362
0.007127
0.00335
0.051431
0.015632
0.002114
0.008572
4.7e-05
0.052591
0.000887
0.021133
0.006553
0.003286
0.004732
0.001372
0.00058
0.016338
0.013402
0.007371
0.00698
0.004417
0.006283
0.00952
0.001634
0.000548
0.005118
0.016166
0.016792
0.008976
0.004558
0.00277
0.04257
0.001276
0.007925
0.01717
0.008115
0.002197
0.00127
0.0353
0.005916
0.036075
0.013759
0.005622
0.003292
0.036676
0.013311
0.042152
0.012244
0.010009
0.001082
0.01724
0.001426
0.014308
0.006796
0.013712
0.003139
0.014284
0.013916
0.008009
0.006764
0.003773
0.006808
0.002859
0.008402
0.001873
0.001693
0.03672
0.010115
0.016566
0.002339
0.003351
0.004852
0.005717
0.008531
0.006926
0.004878
0.002569
0.001478
0.015942
0.00316
0.009105
0.017484
0.00957
0.013228
0.021488
0.006535
0.013686
0.016942
0.005614
0.015827
0.001441
0.026499
0.020851
0.001582
0.016228
0.001598
0.001933
0.00753
0.006082
0.011867
0.004039
0.000602
0.001814
0.02267
0.027731
0.014359
0.002432
0.000349
0.003545
0.001256
0.00102
0.000574
0.008992
0.006287
0.013382
0.00028
0.007114
0.004075
0.00581
0.011992
0.010029
0.024048
0.02692
0.020268
0.003644
0.000229
0.037168
0.001452
0.005814
0.002942
0.019671
0.001522
0.011763
0.029444
0.003356
0.000749
0.011526
0.040134
0.000543
0.020854
0.033572
0.026346
0.018458
0.001102
0.024124
0.002701
0.011997
0.032932
0.015325
0.042493
0.002388
0.002545
0.016272
0.017868
0.03628
0.003665
0.006121
0.003909
0.00416
0.003818
0.004627
0.009
0.000709
0.024058
0.001313
0.000996
0.033523
0.042468
0.006533
0.003602
0.014561
0.007631
0.002265
0.007708
0.019351
0.003207
0.015287
0.002561
0.041173
0.020824
0.037807
0.007279
0.001424
0.006074
0.024224
0.019187
0.001675
0.002038
0.002686
0.019133
0.001357
0.010368
0.00745
0.020885
0.009831
0.010418
0.003513
0.003083
0.037605
0.000404
0.003027
0.006468
0.033624
0.010448
0.009387
0.000338
0.026327
0.006116
0.00289
0.024118
0.012536
0.039104
0.004544
0.005662
0.008689
0.000765
0.002505
0.000951
0.009065
0.002048
0.014211
0.001171
0.002071
0.006506
0.019058
0.006462
0.005262
0.010097
0.022868
0.00274
0.013844
0.069713
0.029393
0.003143
0.006356
0.027465
0.010282
0.003988
0.042136
0.040774
0.000843
0.001085
0.004848
0.029989
0.019861
0.033197
0.00235
0.00044
0.021249
0.005643
0.037121
0.007277
0.016319
0.016716
0.007182
0.029895
0.003171
0.002684
0.003123
0.022079
0.032914
0.027318
0.003799
0.023373
0.030689
0.008103
0.002798
0.007999
0.036514
0.002745
0.001335
0.010229
0.027057
0.016236
0.00238
0.000104
0.019112
0.011027
0.000428
0.015803
0.011273
0.006326
0.008506
0.007657
0.008126
0.012181
0.003879
0.008262
0.000484
0.059157
0.019674
0.005075
0.002689
0.014507
0.012382
0.034668
0.019954
0.004072
0.00367
0.007252
0.024414
0.04642
0.001828
0.0025
0.00068
0.019158
0.022087
0.004059
0.006964
0.01195
0.015259
0.037561
0.010304
0.030435
0.006512
0.000605
0.003081
0.013798
0.0205
0.01738
0.008493
0.032441
0.002809
0.020214
0.014293
0.004502
0.003432
0.033157
0.00194
0.005322
0.010168
0.014512
0.005408
0.018907
0.02888
0.000672
0.012479
0.002109
0.001953
0.011688
0.004539
0.001532
0.036207
0.002735
0.006522
0.00584
0.002717
0.013793
0.012439
0.007428
0.009179
0.043
0.001535
0.003066
0.035216
0.001946
0.002842
0.000621
0.000345
0.037993
0.002841
0.008692
0.002289
0.00329
0.004414
0.002537
0.002566
0.000476
0.005197
0.010239
0.0065
0.008852
0.002531
0.02267
0.000388
0.001041
0.063418
0.019245
0.002703
0.065354
0.005743
0.001795
0.004639
0.024489
0.038358
0.005455
0.014832
0.017299
0.002759
0.000337
0.006784
0.00257
0.033539
0.012832
0.006954
0.004695
0.000499
0.100643
0.02364
0.004012
0.00982
0.015211
0.024882
0.00542
0.0341
0.008968
0.004073
0.022828
0.001829
0.00192
0.00832
0.002542
0.011978
0.0006
0.046853
0.035379
0.015231
0.032954
0.000596
0.00543
0.01764
0.003418
0.005041
0.047564
0.002149
0.007764
0.001271
0.001627
0.002116
0.004392
0.001181
0.015186
0.022404
0.005111
0.016685
0.00746
0.035834
0.01239
0.002712
0.04819
0.000482
0.003902
0.009752
0.018744
0.015567
0.001191
0.005929
0.023694
0.025459
0.006049
0.021244
0.019726
0.008637
0.01702
0.008925
0.006447
0.017083
0.02081
0.008962
0.003768
0.001296
0.003199
0.001342
0.046391
0.003963
0.018676
0.003412
0.012831
0.02236
0.00486
0.073976
0.001868
0.005103
0.026585
0.010795
0.004806
0.000662
0.043356
0.001776
0.005288
0.00498
0.001185
0.00231
0.013241
0.001336
0.010383
0.060106
0.003851
0.048323
0.001148
0.001245
0.027046
0.012695
0.005013
0.003104
0.000441
0.01382
0.019406
0.001902
0.009337
0.004766
0.025963
0.012433
0.0007
0.004238
0.00665
0.00175
0.000889
0.024095
0.000836
0.019868
0.0322
0.003844
0.015068
0.024162
0.00154
0.01762
0.012747
0.002088
0.002117
0.015547
0.013639
0.01639
0.029525
0.002039
0.000637
0.000872
0.017978
0.019039
0.004185
0.005024
0.0379
0.004858
0.003311
0.000937
0.033867
0.0035
0.00255
0.073376
0.003472
0.006111
0.005125
0.012673
0.00257
0.002625
0.015992
0.004628
0.00026
0.016167
0.019097
0.024538
0.002242
0.042642
0.051872
0.034723
0.002485
0.019137
0.023226
0.009438
0.027276
0.013417
0.019805
0.002791
0.017858
0.025141
0.012662
0.035978
0.048169
0.005224
0.035498
0.002699
0.005627
0.049877
0.002539
0.002237
0.005077
0.000367
0.008268
0.020511
0.01079
0.003908
0.00395
0.020806
0.003154
0.01418
0.017074
0.014576
0.019607
0.013295
0.001989
0.002956
0.002189
0.002415
0.013892
0.00378
3.6e-05
0.006564
0.002044
0.01565
0.015356
0.008046
0.012378
0.005898
0.003534
0.002171
0.044968
0.001374
0.004082
0.035446
0.022383
0.01897
0.013257
0.032158
0.013899
0.001002
0.012442
0.036304
0.028343
0.014068
0.016907
0.018668
0.00395
0.014034
0.004841
0.003559
0.022105
0.00181
0.038266
0.010445
0.008964
0.006445
0.011493
0.002646
0.002076
0.016918
0.000619
0.00523
0.029736
0.006103
0.014359
0.014582
0.00452
0.006424
0.003776
0.000766
0.025709
0.03033
0.001285
7.4e-05
0.012465
0.002887
0.006501
0.008071
0.000476
0.012338
0.01291
0.005212
0.013815
0.010626
0.017433
0.001015
0.014182
0.011381
0.001613
0.005469
0.028265
0.014954
0.007628
0.0195
0.007158
0.01679
0.012981
0.000142
0.003046
0.020185
0.007713
0.001529
0.000796
0.000611
0.014745
0.015
0.003536
0.016661
0.018198
0.010157
0.004622
0.006557
0.00797
0.007685
0.040085
0.01951
0.019759
0.01573
0.000158
0.008095
0.029179
0.027468
0.000208
0.006095
0.01941
0.003612
0.011237
0.026463
0.001349
0.002812
0.001968
0.002357
0.003394
0.00037
0.016115
0.006514
0.000917
0.011914
0.033382
0.010637
0.004103
0.009471
0.018121
0.013476
0.014722
0.009843
0.018376
0.004602
0.008131
0.00441
0.013131
0.023578
0.01496
0.013493
0.008563
0.037267
0.061259
0.035934
0.010163
0.00728
0.041649
0.00902
0.006446
0.000837
0.00527
0.004311
0.000933
0.00171
0.00077
0.01378
0.00142
0.019037
0.015406
0.023165
0.034621
0.00093
0.002139
0.032048
0.006521
0.032275
0.00837
0.009431
0.022732
0.003206
0.003924
0.054937
0.031882
0.055213
0.025652
0.002787
0.008194
0.005149
0.044147
0.054731
0.007612
0.001506
0.036897
0.015152
0.010847
0.005719
0.016748
0.011258
0.00595
0.00332
0.00045
0.009365
0.037483
0.020195
0.021887
0.00241
0.014713
0.006129
0.011875
0.002002
0.002994
0.000495
0.000765
0.006864
0.009143
0.014354
0.025298
0.008747
0.005718
0.001846
0.00415
0.054759
0.017524
0.037383
0.002906
0.020519
0.010401
0.027623
0.030516
0.037528
0.037938
0.007253
0.05924
0.026057
0.016814
0.004594
0.008433
0.004481
0.008509
0.003744
0.001398
0.000619
0.004477
0.003667
0.027434
0.001638
0.022534
0.011484
0.007717
0.014072
0.008034
0.006755
0.00944
0.001658
0.018655
0.007689
0.004992
0.009027
0.009296
0.002801
0.002088
0.06568
0.00327
0.027585
0.00814
0.013946
0.009409
0.017163
0.001897
0.015922
0.007743
0.001059
0.002775
0.00267
0.00226
0.018393
0.006836
0.005634
0.004033
0.001351
0.002276
0.004333
0.002437
0.001353
0.043846
0.000511
0.027949
0.015568
0.009758
0.023196
0.017102
0.050409
0.022774
0.001954
0.003956
0.006397
0.006336
0.005045
0.00346
0.003106
0.013641
0.000898
0.014261
0.008314
0.016744
0.009836
0.01119
0.00373
0.021566
0.00116
0.009981
0.029758
0.002938
0.008554
0.015492
0.000785
0.003811
0.004159
0.001223
0.013128
0.004625
0.031874
0.068309
0.022646
0.005745
0.014218
0.012598
0.002992
0.007298
0.003337
0.059086
0.003082
0.012133
0.015027
0.007953
0.013745
0.005759
0.033906
0.002331
0.010488
0.015947
0.033005
0.015185
0.032246
0.017081
0.021841
0.008344
0.008446
0.01062
0.003212
0.010319
0.012826
0.009209
0.004183
0.004265
0.009902
0.020194
0.03568
0.10047
0.009246
0.001191
0.017395
0.035401
0.014907
0.008382
0.026648
0.023483
0.000835
0.000834
0.016289
0.03362
0.004781
0.009412
0.009762
0.001112
0.002305
0.027788
0.002002
0.020607
0.001341
0.002135
0.018812
0.008873
0.005535
0.00037
0.007916
0.043166
0.021488
0.010038
0.02111
0.041751
0.009939
0.002052
0.001222
0.001286
0.08797
0.004976
0.008514
0.010489
0.006459
0.013212
0.013637
0.019339
0.017727
0.012961
0.016514
0.002872
0.002285
0.001691
0.001809
0.017367
0.037478
0.013359
0.003399
0.003091
0.016965
0.0087
0.007844
0.016527
0.026812
0.00298
0.012308
0.04006
0.009001
0.00853
0.001218
0.001829
0.003473
0.00179
0.005262
0.003578
0.003266
0.0045
0.011116
0.002464
0.003905
0.05799
0.001086
0.01279
0.021666
0.025552
0.008822
0.001559
0.043658
0.00212
0.00284
0.000395
0.000438
0.005307
0.037681
0.006004
0.007207
0.001819
0.002413
0.014436
0.00071
0.001212
0.013445
0.008319
0.000482
0.008712
0.036261
0.018399
0.003722
0.004055
0.011158
0.000655
0.013228
0.006965
0.000569
0.017068
0.017148
0.017372
0.006568
0.00213
0.015425
0.0562
0.001514
0.003276
0.019798
0.006934
0.009022
0.022521
0.019006
0.003689
0.005811
0.009112
0.002532
0.010308
0.010541
0.002779
0.001249
0.003453
0.002601
0.008404
0.006329
0.006057
0.037632
0.012194
0.015714
0.001928
0.010546
0.013855
0.001435
0.005586
0.003231
0.008445
0.005817
0.007934
0.011764
0.003238
0.003924
0.003735
0.005837
0.037507
0.012901
0.009332
0.01568
0.007636
0.002372
0.001724
0.022479
0.002433
0.001309
0.004144
0.029665
0.001315
0.004645
0.003538
0.075658
0.004759
0.005209
0.004376
0.03259
0.007932
0.037517
0.009332
0.000544
0.00395
0.008443
0.004524
0.001358
0.010644
0.003173
0.006384
0.001636
0.027812
0.002179
0.004739
0.009986
0.006217
0.017881
0.008234
0.008484
0.019257
0.018019
0.047469
0.001939
0.000267
0.003321
0.004453
0.002767
0.022987
0.00078
0.003295
0.026502
0.005242
0.001759
0.0074
0.029391
0.027085
0.014387
0.003488
0.006173
0.006055
0.01984
0.001053
0.002797
0.00233
0.015712
0.013279
0.002982
0.00435
0.032552
0.012313
0.002831
0.007818
0.024836
0.005945
0.038547
0.005817
0.002966
0.015397
0.018916
0.011412
0.00156
0.018204
0.003659
0.005027
0.009233
0.00875
0.002112
0.010449
0.007166
0.001544
0.00213
0.011503
0.050004
0.003176
0.000709
0.01813
0.044539
0.00031
0.002227
0.008525
0.029711
0.004269
0.001206
0.008877
0.023809
0.016832
0.017416
0.003079
0.00531
0.001634
0.010405
0.003578
0.014469
0.005491
0.056715
0.008681
0.015081
0.000694
0.037129
0.024167
0.010294
0.006403
0.008103
0.004286
0.007036
0.000217
0.00336
0.017231
0.00322
0.001467
0.010519
0.005302
0.011357
0.003173
0.000671
0.001995
0.004375
0.013099
0.018329
0.014312
0.015192
0.004807
0.002499
0.004365
0.019266
0.003454
0.021336
0.00442
0.002003
0.005019
0.001762
0.012487
0.041066
0.002655
0.003635
0.003668
0.022599
0.007565
0.006716
0.001643
0.009662
0.018627
0.002627
0.010903
0.00561
0.000591
0.007018
0.038117
0.020561
0.001645
0.022298
0.004955
0.025655
0.011233
0.005356
0.017867
0.037898
0.016764
0.014187
0.003171
0.023078
0.002502
0.004216
0.011906
0.002938
0.005881
0.020465
0.008696
0.02252
0.001126
0.007018
0.020232
0.007389
0.007554
0.00374
0.007596
0.017322
0.004109
0.005339
0.006552
0.001566
0.00033
0.00499
0.007691
0.000522
0.005532
0.035694
0.003254
0.031201
0.001498
0.024318
0.016871
0.006266
0.003908
0.010159
0.039642
0.007322
0.016638
0.035731
0.02043
0.000281
0.003227
0.001746
0.004852
0.004562
0.019073
0.003637
0.001819
0.028405
0.041302
0.001906
0.001647
0.009531
0.015552
0.037873
0.018029
0.03305
0.013715
0.002745
0.031259
0.003061
0.024082
0.00334
0.001465
0.007087
0.006056
0.010308
0.013093
0.01141
0.009322
0.035754
0.005449
0.001823
0.001936
0.00735
0.034285
0.004994
0.02482
0.008141
0.004908
0.000632
0.021113
0.002968
0.010062
0.049621
0.031345
0.005656
0.001789
0.006273
0.003888
0.012922
0.013502
0.000332
0.00447
0.046276
0.025658
0.008234
0.039922
0.001556
0.003193
0.025989
0.011867
0.019098
0.043308
0.00222
0.013754
0.003676
0.026647
0.037361
0.013219
0.047639
0.009699
0.005571
0.005963
0.008322
0.008372
0.052196
0.000623
0.000283
0.007515
0.009116
0.011912
0.019085
0.000158
0.015403
0.014073
0.034295
0.002388
0.016341
0.024553
0.002587
0.002301
0.019063
0.013388
0.007144
0.002617
0.018795
0.010856
0.024136
0.002479
0.018391
0.002665
0.029252
0.019095
0.013537
0.007679
0.00971
0.01671
0.000161
0.018662
0.033829
0.000855
0.029622
0.00224
0.044442
0.015303
0.015485
0.029452
0.002995
0.009183
0.002766
0.005656
0.000949
0.028728
0.005055
0.002184
0.002387
0.00488
0.001922
0.019745
0.02115
0.025149
0.00102
0.016156
0.024374
0.018876
0.000821
0.028435
0.071951
0.003086
0.004054
0.017749
0.052739
0.005726
0.006067
0.066681
0.040513
0.014118
0.010455
0.003014
0.007649
0.003448
0.001345
0.010547
0.002109
0.003498
0.02265
0.006513
0.020578
0.009506
0.029244
0.003202
0.015514
0.023873
0.007659
0.008904
0.007191
0.001311
0.030264
0.025788
0.002759
0.016937
0.003669
0.002947
0.006753
0.014494
0.004237
0.029379
0.011077
0.015393
0.022776
0.003642
0.001043
0.019587
0.003245
0.00269
0.040659
0.003395
0.006836
0.026619
0.004911
0.012619
0.00455
0.001221
0.002197
0.032392
0.006797
0.016037
0.01703
0.019465
0.008946
0.000805
0.001148
0.002618
0.0234
0.002592
0.001027
0.009788
0.002923
0.018575
0.034175
0.001282
0.03034
0.002443
0.019338
0.001984
0.022039
0.010093
0.002704
0.001596
0.004432
0.009867
0.000516
0.000992
0.006022
0.021489
0.01047
0.002634
0.023124
0.003667
0.006923
0.008468
0.000203
0.013151
0.006055
0.001309
0.020724
0.008818
0.004716
0.01386
0.000647
0.001937
0.006138
0.005143
0.009519
0.031103
0.002475
0.001306
0.001438
0.007427
0.00878
0.000651
0.001441
0.006598
0.017474
0.002423
0.017979
0.032464
0.00021
0.013157
0.010135
0.081643
0.029839
0.006743
0.019569
0.0028
0.002996
0.009677
0.010376
0.014013
0.032207
0.021204
0.003305
0.003656
0.002142
0.000973
0.004654
0.010649
0.005612
0.021073
0.041357
0.034318
0.008043
0.016097
0.020387
0.009358
9.4e-05
0.004838
0.141998
0.014378
0.005058
0.010449
0.001537
0.022939
0.020999
0.002588
0.002441
0.026073
0.099477
0.00375
0.002493
0.028925
0.003196
0.002967
0.002694
0.029612
0.01669
0.010382
0.01063
0.01351
0.011164
0.009715
0.018316
0.000826
0.000331
0.014877
0.000619
0.005619
0.010754
0.006099
0.030748
0.011145
0.009703
0.01977
0.001612
0.030946
0.013842
0.005402
0.002823
0.005778
0.00241
0.009944
0.021197
0.000626
0.003333
0.003334
0.009613
0.007718
0.028634
0.013144
0.034747
0.003292
0.002413
0.001211
0.01315
0.030388
0.005608
0.038206
0.00084
0.004405
0.019639
0.000956
0.001549
0.005911
0.030672
0.000457
0.017255
