0.00776
0.005735
0.000118
0.008445
0.00011
0.01103
0.00124
0.000336
0.002151
5.9e-05
0.001025
0.000237
0.010876
0.014372
0.006858
0.001755
0.008451
0.001388
0.062058
0.009588
0.003432
0.00413
0.000272
0.031416
0.004405
0.000171
0.005708
0.000312
0.009477
0.006151
0.010012
0.001307
0.000256
0.000178
0.005327
0.013351
0.002034
0.007913
0.007368
0.009156
0.004871
0.00214
0.000646
0.000105
0.004193
0.000705
0.003501
0.005991
0.002797
0.000217
0.000139
0.001593
0.016617
0.000819
0.008451
0.009059
0.000422
0.024342
0.000675
0.012787
9.3e-05
0.013252
0.011527
0.007423
0.000904
0.000481
0.000908
0.000204
7.5e-05
0.015286
0.007272
0.003808
0.000341
0.001248
0.000152
0.017931
0.00683
0.013187
0.001343
0.012465
0.010749
0.001835
5.6e-05
0.002754
0.001044
0.006354
0.016243
0.014533
0.004397
0.001143
0.002284
0.002933
0.002629
0.002322
0.000935
0.023241
0.000654
0.005685
0.00034
0.000494
3.3e-05
0.002642
0.001683
2.3e-05
6.1e-05
0.000642
0.000986
0.015356
6.4e-05
0.009063
0.00173
0.002209
0.000196
0.000496
0.002285
0.001073
0.00037
0.002222
0.000635
0.008284
0.01159
0.013036
0.000162
0.001043
0.000199
0.011003
0.012185
0.001989
0.017664
0.001084
0.004211
0.004316
0.016079
0.000742
0.001077
0.000615
0.001986
0.001249
0.027628
0.000217
0.000931
0.006608
0.00017
0.00821
0.012948
0.000544
0.003758
9.6e-05
0.007059
0.002393
0.002332
0.002701
0.000152
0.001253
0.000322
0.017139
0.013105
0.000141
0.004071
0.004037
0.001909
0.018814
0.006152
0.012937
0.000504
0.001307
0.006722
0.002482
0.001408
0.001237
0.004508
0.008673
0.000811
0.04067
0.000653
0.000489
0.004073
0.004847
0.000773
9.4e-05
0.000249
0.000221
0.003099
0.003946
0.001998
0.000343
0.006405
0.002808
0.016322
0.009578
0.00033
0.027332
0.016515
0.007196
0.008121
0.00196
8.4e-05
0.019221
0.00035
0.00326
0.026467
2.6e-05
0.000949
0.000183
0.000564
0.000263
0.015829
0.008716
0.013449
1.8e-05
0.000999
0.002149
0.001671
0.000269
0.030047
0.010189
0.000468
0.001339
0.000494
0.005487
0.000153
0.00061
0.009488
0.0071
0.000205
0.00432
0.000671
0.015005
0.001088
0.002626
0.002085
0.005177
0.000482
0.000908
0.000706
0.000232
0.000939
0.002104
0.019269
0.001638
0.000637
0.000682
0.0028
0.000108
0.001515
0.03844
0.002295
0.00053
0.002738
0.003986
0.007362
0.000671
0.000103
0.009861
0.001837
0.008295
0.003169
0.002408
0.00033
0.005784
0.002662
0.009757
0.002056
0.011323
0.000315
0.001669
0.002792
0.004738
0.006982
0.00631
0.001571
0.002958
0.00835
0.009811
0.001662
0.005384
0.008808
0.000824
0.007526
0.000976
0.001697
0.000122
0.003455
0.001661
0.008712
0.009537
0.000813
0.002553
0.000121
0.016677
0.000473
0.007017
0.000491
0.001851
0.004136
0.001017
0.01945
0.016896
0.002196
0.000332
0.001596
0.003537
1.6e-05
0.006598
0.001969
0.002986
0.000283
0.005654
0.001724
0.032215
0.00806
0.000537
0.000774
0.000133
0.009341
0.000306
0.009205
0.001816
0.007994
0.004865
0.012116
0.005404
0.006495
0.021596
0.002366
0.023613
0.003807
0.001383
0.01792
0.004428
0.001268
3.3e-05
5.8e-05
0.004805
0.015976
0.002572
0.000331
0.000852
0.00225
0.017789
0.005178
0.000468
0.000499
0.003591
0.001151
0.000639
0.002151
0.011345
0.009648
0.015166
9.5e-05
0.000701
0.000273
0.000116
0.003951
3.7e-05
0.002826
0.00061
0.001089
0.015979
0.003469
0.004035
0.008075
0.000329
0.009446
0.01445
0.010132
0.012448
0.022993
0.007363
0.000157
0.003383
0.002237
0.008981
0.015292
0.015639
0.00469
0.020046
0.02788
0.002443
0.004488
0.002613
0.001581
0.002749
0.010375
0.005696
0.014293
0.001995
0.000517
0.002354
0.011771
0.000342
3.7e-05
0.0165
0.000285
0.006916
0.000435
0.021253
0.006996
0.014366
0.000149
0.004752
0.001947
0.004705
0.000429
0.000277
0.004282
0.029039
0.006688
0.000397
0.00368
0.001306
0.003831
0.000491
0.000159
0.000718
0.010576
0.001904
0.007227
0.003579
0.001738
0.001207
4.6e-05
0.004543
0.001512
0.000418
0.000416
0.001349
0.008771
0.003849
0.028722
0.005654
0.00795
0.003827
0.002866
0.002758
0.001142
0.037343
0.001314
0.03868
0.002324
0.000338
0.000789
0.000277
0.002062
0.000752
0.000787
0.028294
0.051507
0.004899
0.000308
0.012295
0.003943
0.003716
0.005542
0.052382
0.009985
0.022308
0.009628
0.000716
0.006855
0.000103
0.003967
0.000186
0.00441
8e-05
0.006689
0.008078
0.000733
2.6e-05
0.010212
0.006846
0.00044
0.000479
0.002426
0.024446
0.001385
0.000508
0.000166
0.002504
0.00236
0.000164
0.005854
0.000315
0.001842
0.026988
0.011251
0.000243
0.000939
0.020995
0.005385
0.028457
0.001433
0.00011
0.000568
0.000386
0.000189
0.00152
0.006891
0.012289
0.002368
0.001054
0.007116
0.007787
0.021421
0.000282
0.004229
0.010636
5.7e-05
8.1e-05
0.007535
0.004102
0.000984
0.014696
0.001563
0.01493
0.001864
0.009101
0.008165
0.000693
0.002146
0.019167
0.025636
0.000736
0.002721
0.001678
0.000106
0.005305
0.000762
0.0009
3.3e-05
0.004718
0.002224
0.001578
0.005385
0.032434
0.000417
0.003805
0.009714
0.001588
0.013318
0.001641
0.001977
0.002653
0.004949
0.011745
0.013097
0.000663
0.020487
0.000321
0.00026
0.00613
0.0021
0.013916
0.004364
0.004485
0.001803
0.003237
0.000101
0.003877
0.000462
0.001036
0.008443
0.009103
0.030502
0.005024
0.00107
0.000451
0.01584
0.0039
0.006907
0.001392
0.011676
0.021378
0.001234
0.000414
0.012175
0.000309
0.005102
0.000632
0.008834
0.037823
0.00787
0.020707
0.01062
0.014735
0.007008
0.002295
0.000165
0.000445
3.5e-05
4.9e-05
0.008954
9.7e-05
0.012047
0.00041
0.024465
0.014591
0.000554
0.001257
0.0187
0.0226
0.000323
0.000909
0.000777
0.005474
0.004888
0.00033
0.009055
0.000596
0.002003
0.000192
0.000506
0.008848
0.010068
0.00358
0.002786
0.006932
0.000245
0.005703
0.003663
0.000108
0.009726
0.000822
0.00031
0.000213
0.003405
0.011006
0.020371
0.002553
0.00334
0.006598
0.00301
0.01316
0.00023
0.000531
0.000136
0.000313
0.000427
0.010514
0.008028
0.007651
0.001357
0.000302
0.007983
0.001493
0.022725
0.001656
0.00131
0.018111
6.4e-05
0.005054
0.055436
0.000883
0.001569
0.001766
0.001919
0.00017
0.000823
0.000433
0.00045
0.00033
0.008586
0.000126
0.009466
0.012307
0.001537
0.019825
0.000422
0.004371
0.011427
0.001853
0.000716
0.005873
3.8e-05
0.00114
0.023054
0.004549
0.001814
0.015951
0.000723
0.022589
0.004557
7.8e-05
0.001881
0.010771
0.000133
0.001673
0.001369
0.008302
0.000159
0.015049
0.000355
0.00019
0.000226
0.000122
0.007028
6e-05
0.017069
0.014717
0.002497
0.000471
0.019196
0.004451
0.002583
0.009177
0.003582
0.001618
0.000665
0.009749
4.2e-05
0.000221
0.00184
0.005503
0.000578
0.007464
0.004869
0.064228
0.005437
0.007244
0.004045
0.011106
0.014827
0.005869
0.000644
0.002329
0.00388
0.000618
0.000236
0.001797
0.000145
0.000133
0.000526
0.002358
0.008339
0.00331
0.025236
0.000376
0.002417
0.000432
0.011139
0.002759
0.003573
0.002666
0.000505
0.010164
0.001617
0.001629
0.016067
0.00065
0.000404
0.017969
0.003535
9.9e-05
0.003235
0.016073
0.001537
9.4e-05
0.000215
0.002361
0.007443
0.000252
0.001773
0.006905
0.004882
0.000243
0.001902
0.008595
0.000625
0.000126
0.000638
0.001662
0.003037
0.000206
0.008617
0.018061
0.000661
0.00455
0.002646
7.6e-05
0.002056
0.0076
0.021726
0.010744
0.000945
0.001894
0.015725
0.000919
8.2e-05
0.002051
0.001977
0.011596
0.003631
0.001977
0.015126
0.002348
0.000935
0.005415
0.008131
0.007405
0.002058
0.06262
0.003649
0.005514
0.000125
0.005421
0.001006
0.000315
0.000997
0.002409
0.005917
0.000598
0.001912
0.00117
0.029312
0.012838
0.007102
2.8e-05
0.000651
0.006135
0.000126
0.009035
0.000319
0.024281
0.001446
0.002176
0.00347
0.0193
0.001207
0.000441
0.001905
0.004892
0.008797
0.011769
0.00068
0.000489
0.003898
0.003327
0.028153
0.000351
0.000491
0.000314
0.00302
0.005007
0.001845
0.002347
0.002786
0.003894
0.000941
0.00894
0.000242
0.000261
0.008127
0.001472
0.000284
9e-05
0.014941
0.003883
0.001582
2.1e-05
0.000505
0.000613
0.000161
0.005741
0.009044
0.000995
0.001987
0.001036
0.003377
0.000403
0.004872
0.000555
0.007708
0.001996
0.001204
0.015796
0.007624
0.013329
0.000284
0.002162
0.000401
0.004304
0.012482
0.00112
0.004996
0.004993
0.00013
0.000519
0.001102
0.00099
0.000301
0.009216
0.006107
0.002022
0.003089
1.2e-05
0.010678
6.1e-05
0.00219
0.0015
0.004459
0.001481
0.016813
0.030137
6e-05
0.010029
0.005923
0.008858
0.006881
0.00786
0.000274
0.003388
0.019408
0.042604
0.000654
0.008357
0.000683
5.6e-05
0.00018
7.1e-05
0.001454
0.000728
0.003113
0.000196
0.001441
7.3e-05
0.014559
0.000331
0.010178
0.041843
0.001183
0.000799
0.001534
3e-05
0.000375
0.000567
0.000625
0.000857
0.002273
2.3e-05
0.026344
0.00285
0.002088
0.00011
0.005039
0.019882
0.004537
0.001988
0.026717
0.003081
0.003408
0.000955
7e-06
0.000479
0.011473
0.002107
0.008955
0.003513
0.005524
7.5e-05
0.010286
0.035556
0.001408
0.007589
0.000602
0.003602
0.005018
0.000346
0.002185
5.1e-05
0.000877
0.013648
0.000349
0.000881
0.003237
0.002209
0.002805
0.004734
0.002179
0.00362
2.4e-05
0.009345
0.029133
0.007816
0.002566
0.00115
0.000541
0.000664
0.001173
0.005785
0.035243
0.00032
0.005699
0.000186
1.5e-05
9.5e-05
0.001356
0.015836
0.000961
0.026737
0.005364
0.000887
0.002249
0.000218
0.001065
0.000176
0.014483
0.000215
0.000185
7.7e-05
0.018422
0.000536
0.000395
0.016621
0.006444
0.002749
0.000173
3.6e-05
0.024608
0.00892
0.006516
0.00126
0.009989
0.002291
0.003027
0.011883
0.011398
0.000451
0.014233
0.015038
0.003562
0.002062
0.005555
0.000156
6.2e-05
9.4e-05
0.012884
0.003864
0.004645
0.004005
0.005896
8.2e-05
0.00031
0.012578
0.002086
0.011829
0.000639
0.000147
0.005624
0.00382
0.008229
0.000382
0.000682
0.003361
0.00242
0.003645
0.00299
0.025132
0.001921
0.000145
0.00279
0.000756
0.022586
0.000169
0.008555
0.00617
0.008926
0.000712
0.002367
0.001515
0.000162
0.000419
0.020207
2.9e-05
0.001869
0.007178
0.000964
0.001265
0.033511
0.000548
0.000856
0.000339
0.004714
0.019005
0.008068
8.6e-05
0.011639
0.00028
0.010402
0.000115
0.002284
0.001769
8.4e-05
0.001656
0.004258
0.000469
0.002233
0.000188
0.002654
0.000436
0.001181
0.00056
0.008706
0.019115
0.000155
0.000428
0.010645
0.001297
0.000953
5.3e-05
0.00316
0.000626
0.002442
1.8e-05
0.001931
0.005368
0.000297
0.010371
0.002027
0.002338
0.000615
0.001192
0.000118
0.000281
0.00486
0.001608
0.001067
0.001719
0.000415
0.001991
0.000274
0.018115
0.012234
0.00596
9.9e-05
0.030505
0.000485
0.003644
0.006708
0.022834
0.000433
0.001114
0.001542
0.000138
0.010917
0.004117
0.001618
0.002397
0.005628
0.020013
0.010189
0.002412
0.030958
0.000791
0.003815
0.011584
6.8e-05
0.015113
0.004691
0.003233
0.000504
0.004902
0.002116
0.005603
0.002532
0.008969
0.003958
0.000493
0.001593
0.004938
0.000373
0.020287
0.004829
0.007316
5.1e-05
0.003812
0.003569
0.000398
0.007663
0.004132
0.015291
0.007244
0.000331
0.000811
0.00598
0.001416
0.004811
0.001923
0.005493
0.002538
0.022399
0.051536
0.001172
4.5e-05
0.000334
0.041617
5.3e-05
0.009036
0.00037
0.03028
0.02759
6.2e-05
0.000219
0.000199
0.003299
0.01225
0.009351
0.000124
0.000166
0.000471
0.000688
0.000306
0.010747
0.000292
0.01645
0.008723
0.004966
0.00561
0.009687
0.000383
0.002338
0.001979
0.000259
0.001643
0.001346
0.001699
0.004797
0.002726
0.000233
0.009127
0.000391
0.000146
0.002369
0.002235
0.001181
0.016383
0.010027
0.004594
0.015646
0.002596
0.015968
0.002431
0.041291
0.000562
0.006046
0.0012
0.020963
0.009017
2.4e-05
0.014317
0.001198
0.004751
0.002618
0.002182
0.000158
0.008674
0.00082
6.3e-05
0.004103
0.000994
0.000166
0.000467
0.00304
0.001936
0.010358
0.000586
0.011987
0.002669
0.002147
0.008417
0.002918
0.000389
0.003324
0.003173
0.000509
0.003134
5.8e-05
0.000123
0.003431
0.002003
0.00153
0.004976
0.000269
0.000485
0.015838
0.008603
0.00108
0.000216
0.000291
0.015383
9.2e-05
3.9e-05
0.000156
0.004065
0.00114
0.000205
0.008992
0.012992
0.006979
0.022273
0.000212
0.001899
0.018704
1.8e-05
0.008062
2.5e-05
0.000864
0.001962
0.000392
0.000133
0.002146
0.001986
0.024673
0.002042
0.002408
0.003212
0.000103
0.001957
7.5e-05
0.008027
0.005384
0.002227
0.013585
0.004358
0.017634
5.3e-05
0.002389
0.00064
0.004124
0.000207
0.004041
0.004802
0.007607
0.002653
0.011507
0.000389
0.000385
0.006527
0.005679
0.00218
0.039821
0.012011
0.00108
0.002527
0.004053
0.000123
3.1e-05
0.017342
0.003655
0.007141
0.001109
0.000304
0.000907
0.003361
0.008792
0.001825
0.0003
0.010676
0.027297
0.009853
0.024162
0.003168
0.005738
0.003515
0.006374
0.00379
0.002787
0.002113
0.002692
0.00538
0.000167
0.006441
0.002977
0.000677
0.000473
0.011729
0.006774
0.000406
0.001774
0.001369
0.00108
3.1e-05
6.1e-05
0.003737
0.013916
0.007942
0.005558
0.00042
0.015961
0.000227
0.002707
0.000425
0.036973
5.4e-05
0.000907
0.000981
0.00445
0.003794
0.003245
0.003371
0.005176
0.001931
0.032164
4.9e-05
0.000679
0.000102
0.004369
0.00386
0.005014
0.002004
0.010743
0.0001
0.011951
0.000103
0.009855
0.003021
0.001545
0.005953
0.001319
0.00485
6.1e-05
0.000271
0.006114
0.000239
0.005775
0.001628
0.000408
0.003388
0.003561
0.010663
0.001066
0.005007
0.001151
0.006026
0.000872
0.000922
0.000935
0.034428
0.000388
0.005807
0.0017
0.000215
0.026083
0.00336
0.002287
0.006285
0.001375
0.000146
0.014717
0.011939
0.000311
0.013853
0.000292
0.013937
0.000247
0.002879
4.3e-05
0.001384
6.2e-05
0.03039
0.011032
0.008687
0.001147
0.008458
7.6e-05
0.001637
0.001736
5.1e-05
0.001411
0.000474
0.000225
0.000121
0.003135
0.003079
0.004181
0.000536
0.002007
0.001856
0.01121
7e-05
0.012067
0.003133
2.4e-05
0.000176
0.000783
0.007141
0.000109
0.000349
0.004682
0.000426
0.002209
0.006746
0.002727
0.002269
0.001157
0.020939
0.001025
0.00084
0.004485
0.00127
9.5e-05
0.000645
0.004996
0.000508
0.002242
0.000555
0.004884
0.002789
0.000231
0.000335
0.007233
0.001701
0.008726
0.001685
0.027382
0.00085
2.3e-05
0.002912
0.000584
0.000503
0.017124
0.001104
0.00128
0.03487
0.002011
0.00017
0.00118
2.7e-05
0.000622
0.002302
0.003831
0.024924
0.010433
0.00458
0.001156
0.014219
0.010604
0.000249
0.01814
0.000398
0.002696
0.00192
0.000963
0.001543
0.01071
0.000358
0.001122
0.022717
0.009222
0.011226
0.001177
0.007352
0.003228
0.002593
0.00641
0.00142
0.035569
0.000299
0.001034
0.000448
0.002626
5.8e-05
0.002627
6.9e-05
0.000947
0.007904
0.001249
0.046692
0.000156
0.000383
0.008195
0.00061
0.000652
0.001354
0.022856
0.00486
0.009284
0.005271
0.004876
0.010314
0.003866
0.000114
0.00217
0.007008
0.00064
0.000962
0.013775
0.00395
0.005044
4.3e-05
0.003196
0.002965
0.00052
0.001924
0.002129
0.000324
0.002161
0.000179
0.04222
0.009138
0.002412
0.000284
0.00041
0.004712
0.000703
0.000925
0.001866
0.002162
0.004254
0.000527
0.008295
0.002209
0.001204
0.002697
0.002333
0.01968
0.005723
0.000302
0.00223
0.00011
0.003551
0.000243
0.005588
0.003902
0.00383
0.000328
0.001911
0.016931
0.000181
0.008949
0.003205
0.00302
3.8e-05
0.000456
7.1e-05
0.01906
0.004988
0.032615
0.005489
0.003501
0.002355
0.002047
0.003895
0.000695
0.020632
0.014267
0.000137
0.000102
0.001053
0.017501
0.038541
0.000264
0.000149
0.017654
0.007311
0.013388
0.003782
0.000125
0.000287
0.006182
0.003631
0.004829
0.020472
0.013414
0.002443
0.000959
0.000108
0.002654
0.005721
0.004777
6.8e-05
0.009293
0.00367
0.001284
0.000233
0.028093
0.000298
0.004373
0.010233
0.003036
0.01157
0.000407
0.005376
0.000458
0.000547
0.003099
0.002709
0.004064
0.017063
0.002211
0.002978
0.000923
0.006271
0.000328
0.001326
0.017516
0.000856
0.003047
0.004986
0.001492
0.003275
0.006877
0.000886
0.001202
0.000832
0.022667
7.2e-05
0.001601
0.020834
0.000349
0.000263
0.003017
2.2e-05
0.002869
0.000155
0.000165
0.001528
0.039666
0.001681
0.000128
0.001895
0.011929
0.000261
0.001267
0.000582
0.003545
0.000927
0.00648
0.000122
0.001358
0.005843
0.003197
0.003096
0.010386
2.9e-05
0.002998
0.032944
7.5e-05
0.003782
0.001682
0.014065
5.3e-05
0.020746
2.9e-05
0.019611
0.012375
0.005858
0.031242
0.001901
0.001517
0.00431
0.004961
0.0001
0.008824
0.004089
0.049139
2.9e-05
0.006603
0.003729
0.002704
0.00069
0.000247
0.002091
0.000709
0.000284
0.000145
0.007709
0.000601
0.000161
0.00682
4.3e-05
0.002555
0.001271
0.008233
0.006108
0.006807
0.000357
0.003644
0.001555
0.003628
0.001461
0.006044
4.8e-05
0.004486
0.038903
0.007256
0.007493
0.008171
0.000262
0.000268
0.000499
0.000319
0.003066
0.006747
0.008265
6e-05
0.006558
0.004133
0.000298
0.018646
3.7e-05
0.00574
0.013475
0.001506
0.01331
0.001033
0.01528
0.020106
0.000499
0.005919
0.006273
0.001696
0.016912
0.000644
0.011611
0.019625
0.001019
0.000602
0.01233
0.001174
0.00022
0.001074
0.000519
0.011647
0.004943
0.001842
0.00924
0.000135
0.000495
0.000187
0.000132
0.000855
0.00144
0.000775
0.003244
0.015161
0.01151
0.03017
0.003784
0.008503
0.003473
0.004705
0.002069
0.000695
0.010054
0.0012
0.000558
0.003793
0.007195
0.000247
0.000287
0.000152
0.003378
0.0067
0.014401
0.00251
0.000448
0.007436
0.010004
0.004276
0.00044
0.034643
0.006463
0.013218
0.001476
0.003193
0.001135
0.022187
0.001227
0.000224
0.002535
0.000178
0.003905
0.003812
0.011081
0.002389
0.001987
0.000429
0.013078
0.001782
0.002489
0.000225
0.000989
0.000728
0.000358
0.001192
0.002138
0.003423
0.005622
3.7e-05
0.009972
0.008652
0.007275
0.004979
0.003069
0.017452
0.000286
0.001607
0.001904
0.008977
0.000563
0.021582
0.000919
0.000268
0.0181
0.001138
0.022132
0.004234
0.011058
0.001182
0.03004
0.000182
0.00125
0.002121
0.008931
0.000282
0.015798
0.001083
0.005341
0.003253
0.007125
0.002133
0.015712
0.000165
0.002576
0.001029
0.004006
0.017686
0.004347
0.020088
0.017822
0.004459
0.013328
0.0016
0.005816
0.000765
6.9e-05
0.007226
0.010337
0.007437
0.00301
0.00031
0.000397
0.000191
0.001332
0.000783
0.020767
0.000816
0.0006
0.004252
0.00075
0.000243
0.001287
0.000699
0.032178
0.001134
0.030999
0.000694
0.008651
0.001644
0.001771
0.008294
0.001524
0.005868
0.005497
0.01584
0.002776
0.010015
0.002171
0.001146
0.006915
0.000557
0.001516
0.002794
0.014343
0.000605
0.007549
0.002518
0.001155
0.008969
0.012697
6.3e-05
0.000239
0.004514
0.007537
0.000186
0.000596
8.5e-05
0.000777
0.026216
0.000448
0.011866
0.0012
0.000475
0.003053
0.000378
0.004622
0.004442
0.005078
0.012749
0.000801
4.1e-05
0.013173
0.000761
0.004117
7.6e-05
0.014676
0.010154
0.012193
0.001425
0.000443
0.000494
0.000511
0.000808
0.006674
0.007533
0.00036
0.001199
0.017209
0.00273
0.006474
0.027829
0.025433
0.001242
0.000289
0.001734
7.6e-05
0.000223
0.006685
0.000347
0.000735
0.009893
0.015249
0.013051
0.002623
0.001195
0.006983
0.007311
0.023528
0.004685
0.004349
0.001774
0.00041
0.003966
0.00024
0.000542
0.008514
0.000536
0.001242
0.000933
0.006424
2.9e-05
0.000681
0.000238
0.001198
0.001098
0.005907
0.000247
0.012404
0.000595
0.000439
0.000381
0.046084
0.033312
3.2e-05
0.029226
0.012767
0.013867
0.001077
0.001312
0.000458
0.015309
0.001912
0.001575
0.008219
0.012281
0.001033
0.025327
0.000224
0.000318
0.00201
0.001472
0.000299
0.000605
0.003622
0.032847
0.004868
0.0013
0.00018
0.00052
0.000989
7.7e-05
0.009214
0.000462
6.1e-05
0.001706
0.003439
0.002506
0.002291
0.011565
0.001744
0.000687
0.018378
0.035983
0.001284
0.001483
0.000663
0.015814
0.000448
0.007697
0.009328
0.002267
0.004151
0.000406
0.001404
0.002366
0.000224
0.039676
0.001753
0.003237
0.001175
0.000577
0.014435
0.000955
0.003472
0.000364
0.007896
0.008987
0.001488
0.003907
0.011674
0.000671
0.003022
0.000684
0.002127
0.000302
0.023562
0.000287
0.008877
0.004449
0.000366
0.008532
0.000713
0.001025
0.000351
0.009258
0.00036
0.000113
0.001638
0.004663
0.002692
0.000455
0.00199
0.001717
0.007359
0.001931
0.002444
0.00031
0.000122
0.000634
0.000809
0.002836
0.007021
0.026297
0.001001
0.002742
0.007823
0.001577
0.003552
0.029257
0.001415
0.002806
0.008204
0.002421
0.000702
0.014592
0.009257
0.005468
0.005788
0.015638
0.000863
0.001058
0.003535
0.001623
0.000354
8.4e-05
0.005069
0.011069
0.000255
0.00095
0.043265
0.027425
0.003775
0.012146
0.003792
0.003317
0.001362
0.003134
0.05199
0.002915
9.1e-05
0.000957
0.006413
0.000395
0.002075
0.000584
0.001943
0.021301
0.003233
0.001732
0.000242
0.005296
4.3e-05
0.000335
0.009234
1.6e-05
0.001926
0.003309
0.00162
0.008697
0.005977
0.002178
0.041437
2.9e-05
0.00093
0.006931
0.002421
0.000158
0.015187
0.000709
0.000707
0.010844
0.009054
0.000135
4.6e-05
0.004386
0.004983
8e-05
0.026909
8.9e-05
0.001351
0.001
0.000195
0.051869
0.005031
0.005077
0.000595
0.004311
0.001102
0.005537
0.005794
0.005298
0.000978
0.000485
0.000635
4.6e-05
0.004738
0.000687
0.005138
0.000278
0.010213
0.003597
0.003388
0.00032
3.1e-05
0.000179
0.008646
2.9e-05
0.00449
0.009763
0.000171
5.7e-05
0.001607
0.002042
0.000206
0.015095
0.004061
7.6e-05
8.4e-05
0.008579
0.00422
0.014083
6.4e-05
0.017456
0.020165
0.001426
0.001911
0.000919
0.002608
0.010648
0.018506
0.002139
0.00091
0.008266
0.024499
0.000556
0.014847
0.000705
0.000155
0.00033
0.000128
0.00627
0.01552
0.005174
0.019466
0.001457
0.000234
0.000364
0.000414
0.010252
0.012525
0.004042
0.000154
0.015637
0.000924
0.000221
0.006541
0.000889
0.001159
2.6e-05
0.000542
0.000923
0.000377
0.004126
0.00684
0.000939
0.001496
0.004753
0.000608
0.027948
0.004748
0.00108
0.000125
0.002666
0.0145
0.006369
0.011149
0.001834
0.002792
0.004263
0.014587
0.004743
4.7e-05
0.004999
0.008349
0.001856
0.000261
0.008376
0.01408
0.00394
0.002366
0.00176
0.000667
0.011393
0.027389
0.001962
0.029556
0.010103
0.012207
0.010822
0.003173
0.002681
0.004361
0.004007
0.013061
0.003998
0.003614
0.003516
0.010064
0.002008
0.000686
3.5e-05
0.009909
0.000888
0.002664
0.012977
0.006944
0.000456
0.003484
0.017635
0.003075
0.000243
0.003408
0.00832
0.001436
0.002743
0.002416
5.9e-05
0.002919
0.006244
0.000923
0.00212
0.003217
0.01097
7.6e-05
0.00129
0.003952
0.000955
0.00171
0.00219
0.005322
0.003028
3.3e-05
0.019608
0.001572
5.2e-05
2.9e-05
0.00156
0.000231
0.009826
0.034612
0.005566
0.000297
0.006751
0.007069
0.000522
0.002458
0.016311
0.000217
0.000804
0.0152
0.001083
0.002483
0.00589
0.007311
0.000379
0.002623
2.3e-05
0.000711
0.012271
0.000356
0.001256
6.5e-05
0.008283
0.001544
0.004244
0.005748
0.001513
0.002632
0.003689
4.4e-05
0.001244
0.00936
0.000242
0.008689
0.001406
0.000687
0.003736
0.004355
0.009886
0.012102
0.001293
0.003266
0.004357
0.006533
0.006677
0.002621
0.005709
0.00372
0.001481
0.01847
0.010414
0.000301
0.000797
0.012013
0.010215
0.003178
0.012275
0.002401
0.007628
0.000872
0.00136
0.000128
0.000263
0.0007
0.000627
0.019688
0.016812
0.003453
0.016779
0.005013
0.02015
0.001656
0.007506
0.000665
0.001301
0.028729
0.033215
0.000665
0.000968
0.00013
0.009894
0.001088
0.013439
0.002018
0.001111
0.000457
0.000647
0.001009
0.002366
0.0143
0.000267
0.010438
0.002819
0.000282
0.013827
0.04954
0.000541
1e-05
5.1e-05
0.004629
0.005731
0.004681
0.003495
0.001539
0.001117
0.001882
0.000576
0.002583
0.00043
0.001243
0.003346
0.001226
0.001084
0.006102
0.005532
0.000594
0.000246
0.006726
1.8e-05
0.000886
0.000113
0.000142
0.00346
0.000499
0.015307
0.000449
0.009848
0.002459
0.002603
0.001465
0.00733
0.002073
0.000657
0.004877
0.008412
0.003574
0.004409
0.004291
0.000146
0.008164
0.000197
0.000873
0.007772
7.6e-05
0.013986
3.6e-05
0.000111
0.005631
0.00453
0.001789
0.000424
0.001021
0.004316
0.004016
0.000237
0.000222
0.001702
0.013493
0.000648
0.010909
0.001478
0.011867
0.003854
0.003418
0.001777
0.002699
0.003515
0.00027
0.001239
4.6e-05
0.009311
0.005157
0.003168
0.002924
0.00149
0.000795
0.000427
0.002767
0.008342
0.003543
0.003381
0.032623
0.002438
0.006301
0.001365
0.000628
0.006254
0.000543
0.001192
0.016352
0.001187
0.010445
0.006046
0.0007
0.013366
0.008022
0.003261
0.035301
0.009889
0.008833
0.001627
0.028
0.001609
0.000164
0.00072
0.000341
0.00285
0.002686
0.004146
0.010557
0.006833
0.013282
0.002027
0.00223
0.009558
0.004265
0.005612
0.007092
4.7e-05
6.1e-05
0.003023
0.000577
0.005849
0.001611
0.000129
0.000332
0.015764
0.000383
0.000239
0.00022
0.005448
0.000101
0.000703
0.023
0.001429
0.004587
0.001407
0.000539
0.004713
0.006495
0.006028
0.001084
0.003229
5.2e-05
0.000329
0.002122
0.000277
0.005775
0.007613
0.001269
0.024004
0.002202
3.8e-05
0.004043
0.019604
0.00873
0.000437
0.005017
0.008655
0.003703
0.000137
0.001072
0.010624
0.000243
0.000612
0.000508
0.000795
0.007677
0.004519
0.000754
0.004184
0.00141
0.002637
0.021105
0.000124
0.001153
0.008914
0.000742
0.000492
0.002676
0.00073
9.7e-05
0.000154
0.003463
0.00284
0.000219
0.010688
0.005442
0.001716
0.001088
0.000475
0.00019
0.000915
0.018534
0.003629
0.015376
0.000313
0.014942
0.007249
0.000705
0.001286
0.001035
0.012035
0.004883
0.000463
0.001576
0.010235
0.001292
0.000611
0.007816
0.022034
0.000152
0.011476
0.000626
0.006455
0.001942
0.000511
0.000261
0.001971
0.003375
0.00144
0.012156
0.002626
0.006401
0.0128
0.031572
0.000224
0.000676
0.00079
0.000112
0.002338
0.022874
0.005174
0.000118
0.003036
0.010589
0.001956
0.001046
0.001395
0.008609
0.00087
0.016429
0.004406
0.026847
0.000174
0.016575
0.004259
0.000544
0.000148
0.012844
0.000234
0.000215
0.000418
0.005515
0.012292
0.004504
0.008215
0.001397
0.001894
0.001114
0.007432
0.001676
9.9e-05
0.000118
0.001807
0.003475
0.000825
0.001373
0.001297
0.015385
0.000434
0.028587
0.00051
0.008606
0.000941
0.008029
0.017735
0.011683
0.006087
0.004033
0.016513
0.004607
0.006286
0.000166
0.002742
0.005557
0.00072
0.004344
0.006102
0.001831
0.011032
0.008382
0.001062
0.000928
0.002734
0.017516
0.001777
0.014309
0.017466
0.002453
0.000794
0.007002
0.004
0.006015
0.001028
0.007035
0.000408
0.002216
0.012328
0.024254
0.004329
0.00385
0.00531
0.001158
0.000266
0.000388
0.005559
0.011539
0.002216
0.008211
0.000243
0.000936
0.000754
0.000234
0.001042
0.016818
0.002879
0.00288
0.000761
0.000983
0.00038
0.000989
0.000851
0.00057
0.019342
0.006337
0.004588
0.015986
0.001735
0.004434
0.000701
0.008998
0.000152
0.005393
0.05273
0.002258
0.001625
0.000152
0.00097
0.001899
0.00219
0.013007
0.019304
0.00324
0.01135
0.000859
0.000338
0.002923
0.001457
0.004847
0.000273
0.007036
0.00103
0.000486
3.9e-05
0.000176
0.003997
0.00318
0.00012
0.027704
3e-05
0.000166
0.001784
0.000254
2.7e-05
0.00156
0.013027
0.004064
0.007517
0.001372
0.002264
0.010852
0.017046
0.005566
0.001965
0.014339
0.002335
0.006529
0.004007
0.026916
0.003392
0.000442
0.008435
0.002417
0.017742
0.01349
0.011974
5.5e-05
3.3e-05
0.001088
0.004557
0.003277
0.000282
0.004565
0.00397
0.001798
0.00177
0.002968
0.009356
0.000544
0.007232
0.006254
0.00134
0.000407
0.000351
0.008243
0.000162
0.014651
0.000678
0.007072
0.00205
0.000138
0.002384
0.012432
0.001893
0.004949
0.006013
0.001038
7.5e-05
0.003858
0.005203
0.002967
0.011629
0.032956
0.001073
0.000532
0.023751
0.003188
0.000714
0.005537
0.000596
0.001596
0.000362
0.002452
0.002343
0.008779
0.005131
0.017615
0.006626
0.022046
0.011739
0.001807
0.001562
0.001729
0.000234
0.00017
0.004157
0.002184
0.033972
0.018628
0.000778
0.02283
0.00324
0.013721
0.005447
0.000631
0.006791
0.003964
0.005216
0.007973
0.01243
0.00015
0.001015
0.000364
0.002607
8.7e-05
0.016127
0.003287
0.000172
0.011388
0.025579
0.000185
0.004535
0.014236
0.006404
0.000462
8.3e-05
1.9e-05
0.007614
0.014791
0.00041
0.01047
0.003488
0.001599
3.5e-05
0.000813
0.004043
0.000152
0.000294
0.010942
0.002787
0.029314
0.002893
0.00189
0.002986
0.003632
0.001852
0.002859
0.00588
0.000891
0.002612
0.003349
1.4e-05
0.005304
0.000119
0.010896
0.001471
0.000468
0.000962
0.001323
0.003215
0.00223
2.3e-05
0.013179
0.009592
0.007857
0.001873
0.000515
0.000424
0.002073
0.000127
0.005838
0.000796
0.01061
0.011156
0.000344
0.002037
0.002194
0.004772
0.001283
0.000216
3.8e-05
0.001575
0.003117
0.020911
5.8e-05
0.002498
0.002714
0.006714
0.005105
0.004767
0.015296
3.7e-05
0.003697
0.002256
0.003735
0.005576
4e-05
0.002846
0.001582
0.00838
0.001767
0.00513
0.019646
0.000728
0.000101
0.000377
0.000763
9.1e-05
0.000445
0.00177
6.2e-05
5.4e-05
0.014771
0.00121
0.014684
0.000418
0.000853
0.001853
0.001519
0.006856
0.027675
0.021834
0.01042
0.000959
4.6e-05
0.001622
0.005881
0.007408
0.00038
0.001219
8.6e-05
0.000411
0.008787
0.005183
0.005773
0.003395
0.012838
0.001354
0.000252
0.001769
0.002606
0.01845
0.001305
0.00073
6.9e-05
0.010415
0.002352
0.000955
0.009009
0.017069
0.000959
0.00601
0.001792
0.001883
0.003369
0.000399
0.005564
0.000185
0.00216
0.004308
0.003637
0.007035
0.004826
0.007556
0.005121
0.010315
0.001262
0.019968
0.000553
0.004712
0.000259
8.7e-05
0.004097
0.000125
3.1e-05
0.013311
0.000293
2.8e-05
0.004044
0.006692
0.003072
0.001031
0.00552
0.004139
0.002067
0.004029
0.00492
0.000691
0.007187
0.000569
0.000494
0.00315
0.000154
0.000245
0.001416
0.001097
0.005269
0.001682
0.000299
0.004829
0.000764
0.002745
0.003764
0.006274
0.010149
0.040674
0.001082
0.002776
0.001386
0.000955
0.000557
0.003921
0.00376
0.002976
0.000311
0.001516
0.001165
0.000286
0.000812
0.007458
0.000478
0.000585
0.002767
0.020571
0.007727
0.002224
0.007305
0.002168
0.004814
0.000653
0.00546
0.001073
0.004283
0.001791
0.000616
0.004311
0.000552
0.002071
1.9e-05
0.004457
0.007943
0.000556
0.002429
0.000544
0.004042
0.000989
0.000677
0.003544
0.000104
0.009218
0.018224
0.004026
0.00341
9.1e-05
0.000736
0.00268
0.000697
0.000779
0.000236
0.000183
0.001913
0.000193
8.9e-05
0.000344
0.000357
0.001359
0.00175
0.003708
0.000759
0.000274
0.00174
0.013533
0.013328
5.9e-05
0.011859
0.000412
0.000663
0.001893
0.000312
0.003667
0.011407
0.03449
0.000724
0.000933
0.000342
0.00197
0.004035
0.00334
0.013979
0.001102
0.013156
5.3e-05
0.002473
0.005414
0.004519
0.009878
0.00221
0.004918
0.006651
0.001037
0.019728
0.000862
0.00077
0.003168
0.002808
0.000321
0.014797
0.00042
0.007966
0.004212
0.000409
0.004214
0.005934
0.031678
0.00122
0.000651
0.010626
0.006476
0.00074
0.002263
0.000281
0.000518
0.000775
0.004172
0.022672
0.000511
0.008818
0.010394
0.000374
0.002007
0.006821
0.003461
0.003046
0.003025
0.000582
0.010001
0.011056
0.000832
0.029033
0.001415
0.003271
0.003951
0.001246
0.047785
0.001162
0.003825
8e-05
0.005874
0.003374
0.006592
0.000137
0.012134
0.000343
0.005204
0.000428
0.002002
0.004732
0.002355
0.00162
0.004084
0.000478
0.00065
0.003285
0.001353
0.000379
0.000179
0.00573
0.00161
0.002149
0.008662
0.002108
0.004426
0.000335
0.000899
0.004584
0.00477
0.000473
0.000713
0.000674
0.002353
0.004064
0.000298
0.015373
0.00133
0.000307
0.001217
0.011096
0.000381
0.012083
0.006661
0.001977
0.012736
0.003431
0.002382
0.014787
0.000701
0.005207
0.000896
0.000198
0.000368
0.005789
0.015667
0.004737
0.00739
0.004206
0.000794
0.003718
0.00023
0.043609
0.003429
0.000143
0.001754
0.000704
0.002706
0.013551
0.00271
0.000151
0.002325
0.008349
0.00285
0.010692
0.00142
0.000453
0.005746
0.002681
0.00042
0.025025
0.001635
0.000168
0.002702
0.032
0.003663
0.039211
0.001464
0.009064
0.001
0.000272
0.001212
0.016044
0.001279
0.000303
0.003056
0.000852
0.002374
0.005838
0.000462
0.00095
0.000816
0.003343
0.00137
0.000632
0.005578
0.001714
0.023975
0.000971
0.000438
0.011659
0.00039
8e-05
7e-05
0.000956
0.001318
0.004826
0.004698
0.017879
0.013817
3.6e-05
0.001496
0.021648
0.000957
0.003125
0.003119
0.003249
0.000932
0.000756
0.008838
0.005098
0.00017
0.004071
0.003688
5.6e-05
0.022477
0.000188
0.000223
3.7e-05
0.002269
0.002176
0.000276
0.000508
0.00239
0.00227
2.7e-05
0.008825
0.003045
0.00017
0.012345
0.013172
0.002277
0.034141
0.029364
0.003936
0.001012
0.000361
0.003579
0.011538
0.011607
0.00536
0.001273
0.000231
0.000585
0.009945
0.006982
0.00618
0.001864
0.010862
0.012658
0.004036
0.024945
0.000837
0.003815
0.000478
0.014227
0.001452
0.00303
0.00355
0.001403
0.012014
0.001801
0.000565
0.000662
4.1e-05
7.5e-05
0.004329
0.001133
0.000454
8.6e-05
0.00103
0.013885
0.002889
0.012513
0.002944
0.016304
0.004063
0.002217
0.000604
0.010617
0.000209
0.004223
0.000457
0.003942
6.2e-05
5.6e-05
0.003071
0.000283
0.003754
0.009649
0.003315
0.000234
0.005357
0.000772
0.010007
0.002282
0.005441
0.00326
0.006668
0.001979
0.001409
4.3e-05
0.022723
0.010343
0.000131
0.001572
0.025826
0.002608
0.001877
0.025986
0.000332
0.002275
0.002698
0.000708
0.006287
9.7e-05
0.00069
0.018855
0.008487
0.001935
0.006829
0.005257
0.006048
0.004524
0.001402
0.000329
0.0002
0.000592
0.000407
0.021583
0.001507
0.006835
0.000803
0.001177
0.004875
0.000807
0.059506
0.001805
0.010321
0.017507
0.000604
0.000329
0.000146
0.000119
0.004504
2.5e-05
0.000828
0.005363
0.003632
0.000596
0.001632
0.014716
0.001207
0.003237
0.000831
0.001746
0.002087
0.000228
0.000979
0.000609
0.000488
0.00128
0.000245
0.00488
0.001742
0.011005
0.002649
0.00092
0.00759
0.000485
0.002038
0.002692
0.000855
0.026192
0.003879
0.000348
0.014853
0.000194
0.001655
0.00066
0.000568
0.000356
0.00044
0.001683
0.000179
0.000306
0.007621
0.012535
0.040098
0.000753
0.009979
0.002193
0.001478
0.047463
0.000124
0.014281
0.003396
0.007
0.001489
0.000189
0.005406
0.003854
0.000114
0.008372
0.00239
0.000708
0.001722
0.002536
0.002508
0.001163
0.000167
0.000946
0.001109
0.001053
7e-05
0.000157
0.000302
0.004797
0.00063
0.003683
0.007382
0.016227
0.002547
0.000827
0.022385
0.001389
0.00428
3.6e-05
0.003207
0.024532
0.004539
0.001798
0.00051
0.000421
9e-06
0.000682
0.000324
0.00078
0.001492
0.01149
0.003215
0.000185
0.004295
0.0012
0.000144
0.001487
0.004239
0.004295
0.009479
0.002328
0.000196
0.012284
0.000768
0.002538
0.005797
0.000739
0.002042
0.000318
0.002862
0.001907
0.000103
0.000201
0.000494
0.002583
0.00151
0.001332
0.004264
0.01215
0.016341
0.003913
0.031918
0.006671
0.001872
0.004167
0.000134
0.000503
0.001558
0.000288
0.000113
0.002975
0.000475
0.004564
0.000352
0.000666
0.004465
8.4e-05
0.006894
0.008997
0.004607
0.001391
0.013625
0.000441
0.000784
0.019812
0.000436
0.008563
0.001396
0.000302
0.001927
0.000896
0.000172
0.004109
0.007551
0.007581
0.004951
0.001448
0.000799
0.003605
0.005579
0.000165
0.000206
0.004205
0.000577
0.003898
0.012207
0.008283
6.8e-05
0.00497
1.8e-05
0.00106
3.2e-05
0.00419
0.010401
0.000997
0.005976
0.016283
0.007665
0.002526
0.002055
0.022079
0.009609
0.001859
0.004634
0.000251
1.9e-05
0.002303
7.5e-05
0.00739
0.006521
0.002623
0.011163
0.000416
0.002923
0.000358
0.003528
0.0042
0.012563
0.037171
0.00023
0.006144
0.01554
0.002671
0.000229
0.000381
0.010391
0.000403
0.000939
0.002348
0.002901
6.6e-05
0.003398
0.003951
0.000952
3.6e-05
0.000302
0.002539
0.016542
0.009657
0.001625
0.025087
0.004344
0.004062
0.007902
0.015721
0.014924
8e-05
0.004404
0.021176
0.005602
0.000241
0.004413
5.3e-05
0.002799
0.000172
0.000184
0.016671
0.000234
0.006207
0.002237
0.016089
0.000367
0.00637
0.002627
0.00025
0.002699
0.000502
0.000871
0.008813
0.005573
0.000384
0.000113
4.4e-05
0.00015
0.001313
0.000132
0.002311
0.021461
0.003473
5.3e-05
0.003615
0.004464
0.002102
0.001625
0.000416
0.012724
0.003561
0.01636
1.2e-05
0.000741
0.000285
0.000824
0.002116
0.001711
0.002038
0.000297
0.001335
0.001654
0.001344
0.000121
0.002355
0.000897
0.000397
0.01499
0.00046
0.01782
0.000288
7.6e-05
0.000441
0.001085
0.032968
0.021843
0.006828
0.009549
0.001432
6.8e-05
0.00038
0.000525
8.6e-05
0.001914
0.001406
0.003309
0.000325
0.002029
0.002118
0.004861
0.010148
0.00072
0.003121
0.013573
0.002376
0.001742
0.000582
0.014851
0.00021
0.000434
0.004491
0.009591
0.008627
0.019639
0.001288
0.000991
0.012815
0.003812
0.002672
0.006023
0.013938
0.019723
0.000148
6.4e-05
0.00161
0.008378
0.00368
0.000238
0.042116
0.00443
0.0002
0.001344
0.000576
0.000149
0.003925
0.000144
0.000767
0.009246
0.015018
0.005164
0.001012
0.006939
0.000651
0.000621
3e-05
0.000141
0.011971
0.002632
0.025601
0.00161
0.000908
0.000139
0.00421
0.002483
0.000244
0.000246
0.000739
0.000991
0.032699
0.01728
0.009935
0.00342
0.001013
0.008364
0.000582
0.00421
0.00334
0.002752
0.001643
0.001775
5.7e-05
0.001844
0.000349
0.004595
0.000247
0.018397
0.003542
0.003923
0.028004
0.001852
0.020592
5.9e-05
0.001278
0.00343
0.001437
0.039327
0.001019
0.003863
6.6e-05
0.00369
0.004176
0.000188
0.004916
0.016931
0.004997
0.020234
0.000361
0.000136
0.003462
0.007022
0.019569
0.010237
0.002874
0.001702
0.003671
0.001075
0.004137
0.000811
6.5e-05
0.002615
0.009422
0.001353
8.3e-05
0.001306
0.001042
0.003944
0.012096
0.01156
0.023915
0.02052
0.003391
2.3e-05
0.001045
0.012827
0.010489
0.003349
0.003216
0.001863
0.002295
0.00316
0.000334
0.000139
0.001672
0.000191
0.000537
0.000388
0.004248
0.000178
0.002446
0.006358
0.000675
0.016379
0.002521
0.004983
0.000586
0.000252
0.016797
0.006255
0.002338
0.001075
0.001313
0.008303
0.012155
0.000186
0.004897
0.000133
0.001097
0.002794
0.001212
0.000595
0.032301
0.00528
0.00264
0.00347
0.00079
0.002473
0.003299
0.000381
0.000403
0.01528
0.009523
0.001655
0.001023
0.022025
0.001917
0.004332
0.002391
0.014184
0.000355
0.028715
0.000207
0.000104
0.001025
0.000194
0.015172
0.001977
0.00225
0.000451
0.00043
0.002809
0.000954
0.001679
0.001086
0.014015
0.035701
8.2e-05
0.000498
0.000439
4.5e-05
0.002179
0.004834
0.02332
0.000813
0.001219
0.00034
0.002116
0.000356
0.002314
0.000298
0.019418
0.000328
0.00218
0.025271
0.000252
0.001228
0.00234
0.027184
0.014108
0.012104
0.004295
0.012612
0.000899
0.009319
0.004798
0.014931
0.002498
0.001916
0.006278
0.003782
0.001934
0.002953
0.007679
0.001284
0.000676
0.00122
0.003185
0.000806
0.002431
0.006743
2.5e-05
0.028786
0.007669
0.005946
8e-05
0.001878
0.001635
0.010837
0.000309
0.003014
0.001227
0.020853
0.001267
0.008652
0.004055
0.000307
0.000493
0.006655
0.000344
0.023761
0.002403
0.000596
0.001252
0.000621
0.000224
0.001641
0.025927
0.001919
0.000736
0.003053
0.000811
0.001721
0.00429
0.001496
0.000573
0.004772
0.008626
0.000127
0.000196
2.2e-05
0.000502
0.000179
0.007907
0.008661
8.1e-05
0.022901
0.002146
0.001442
0.002576
0.00095
0.020341
0.005652
0.005183
2.8e-05
0.000241
0.000361
0.016945
0.004388
0.016454
0.04523
0.002862
0.000249
0.000277
0.013
0.001082
6e-05
0.007758
0.012605
0.001303
0.002855
0.001585
0.00041
0.000492
0.017837
0.003412
0.002283
0.001513
0.006539
0.00973
0.057881
0.00297
0.005342
0.000666
0.002102
0.003411
0.00343
0.000423
0.003184
0.004725
0.014575
0.050038
0.000554
3.3e-05
0.026869
7.8e-05
0.00179
0.005288
0.000732
0.012975
0.030882
0.031778
0.011392
0.001606
9.1e-05
0.006911
0.00325
0.000173
0.009169
0.005536
0.002352
0.009863
0.021586
0.002028
0.000312
0.000387
0.003687
0.001432
0.000198
0.002566
0.004812
0.001209
0.013147
0.00502
0.000213
0.009847
0.043063
0.031284
0.007686
0.002381
0.011839
0.003363
0.003366
0.000984
0.000481
0.00013
0.00096
0.001983
0.006539
0.001513
0.003083
0.011334
3.7e-05
0.000314
0.01738
0.001909
0.009399
0.001233
0.008636
0.01049
0.004251
0.015674
0.003099
0.016169
0.015877
0.006794
0.00166
0.019432
0.000937
0.034924
0.000567
0.001527
0.000793
0.002359
0.000464
0.001968
0.001639
0.005882
7.1e-05
0.001416
0.005893
0.00831
0.000118
0.000162
0.006104
0.011554
0.013416
0.001459
0.006952
0.012281
7e-05
0.000166
0.035699
0.000691
0.000355
0.00022
0.008868
0.002375
0.00165
0.00091
0.022212
0.003302
0.001197
0.001773
0.02959
0.039794
0.010206
0.054931
4.5e-05
0.001367
0.006465
0.021392
0.007376
0.01723
0.003721
0.000489
0.000654
0.000222
0.00011
0.006249
0.002439
0.001411
0.004294
0.00072
3.8e-05
0.003517
9.7e-05
0.003937
0.006793
0.000458
0.003295
0.014634
0.003345
0.001305
0.001013
0.001012
0.012215
0.00689
0.007632
0.010958
0.011514
0.002687
0.004262
0.004545
0.004011
0.010422
0.000552
0.007418
0.001012
0.008035
0.026227
0.001014
1.7e-05
0.001053
0.023326
0.002856
0.013525
0.002095
0.006878
0.002559
0.008355
0.04689
0.004619
7.8e-05
0.00035
0.001309
0.003113
0.003726
0.004464
0.018508
0.001238
3.8e-05
0.001138
0.002818
9.9e-05
0.003419
0.000364
0.00838
0.001636
0.000308
0.0075
0.000249
0.012464
0.040174
0.008397
0.000714
0.086298
0.001222
0.001692
0.016923
0.00055
0.007318
0.010338
0.004006
0.00969
0.000355
0.000129
0.00022
0.000153
0.040594
0.004596
0.004756
0.00997
0.001183
0.000372
0.003977
0.000678
0.000125
0.007552
0.002242
0.002584
0.001136
0.001285
0.001105
0.001924
0.005879
0.003211
0.003021
0.019072
9.3e-05
0.000522
0.002822
0.027733
0.000154
0.009041
0.009912
0.000292
0.001651
0.038619
0.001718
0.003504
0.000857
0.000473
0.012178
0.000234
0.000164
0.000298
0.002325
0.004764
0.00289
0.000541
2.1e-05
7.6e-05
0.001656
0.003176
0.03891
0.000196
0.007654
0.012809
0.016652
0.003846
0.003377
0.00052
0.000586
0.002519
0.001535
0.011284
0.004466
0.001689
0.003106
0.000745
0.005304
0.004571
0.002
0.005119
0.005003
0.003494
0.000354
0.002524
0.006398
0.000324
0.001213
0.000472
0.001944
0.005983
0.008768
0.001376
0.000955
0.000246
0.005383
0.001711
0.004254
0.004944
0.007065
0.002046
0.000238
0.006639
0.003296
0.002441
0.002994
0.015367
0.001027
0.034935
0.000219
0.006258
0.000809
8.9e-05
0.001015
0.002744
0.004687
0.019189
0.004376
7e-05
0.006348
0.001296
0.007049
0.000337
0.002703
0.004624
0.001527
0.000429
0.002621
0.000367
0.022626
0.002522
0.002431
0.00112
0.010593
0.000393
0.007024
0.000369
0.000417
0.000636
0.000751
0.003219
0.026371
0.001005
0.00398
0.001577
0.000128
0.007094
0.000416
0.010787
0.011907
0.013693
0.002547
0.020516
0.001148
0.004666
0.00065
0.003271
0.000636
0.00883
0.00396
0.012157
0.002153
0.006977
0.001361
0.000307
0.00704
0.014627
0.001757
0.024187
0.010346
0.002267
0.002633
0.023583
0.00038
0.008516
8.5e-05
0.000409
0.000197
0.001458
0.000501
0.000135
0.004517
0.0054
0.004184
0.001665
0.002331
3.9e-05
0.000169
0.000226
0.00819
0.003736
0.004766
0.011481
0.000191
0.002205
0.009436
0.010713
0.001166
0.00356
0.000361
0.007071
0.002003
0.000285
0.002931
0.00032
0.003565
0.001795
0.006156
0.001884
0.006326
0.00026
0.002016
0.008286
0.003294
0.001873
0.001977
0.002776
0.000209
0.000722
0.006216
0.002072
0.010646
0.002499
0.009153
0.018108
0.001287
0.010629
0.001083
0.002196
0.000137
0.001973
0.017864
0.003757
0.003467
0.002162
0.000487
0.000628
0.000943
0.002946
0.003266
0.00056
0.008105
0.027218
0.000597
0.004835
0.004456
0.001717
0.01277
0.001528
0.000115
0.000107
0.003775
0.017263
0.008906
0.004912
0.009001
0.001233
0.00018
0.000506
0.000765
0.002369
0.00104
0.011853
0.000568
0.00104
0.000152
0.000234
1.5e-05
0.00196
0.000897
0.016922
0.001494
0.011206
0.003254
0.007159
0.034999
0.025187
0.001787
0.006556
0.007638
0.00267
0.000144
0.000167
0.000661
8.7e-05
0.000315
0.013924
0.001877
0.003133
0.000646
0.00449
0.00244
0.000148
0.000553
0.017804
0.008681
0.00095
0.01466
0.00075
0.001903
0.000225
0.012408
0.016719
0.001963
0.001188
0.00155
0.00173
0.00193
0.005331
0.001089
0.000994
0.036827
0.003072
0.000395
0.001156
0.001134
0.004195
0.006743
0.002249
0.000778
0.000978
0.004103
0.000369
0.000262
0.00015
0.015341
0.000331
0.012339
0.002668
0.001883
0.000799
0.001088
0.005357
0.00279
0.006965
0.008682
0.010359
0.010494
0.003073
0.044419
0.014398
0.023943
0.001488
0.001238
0.000179
0.003074
0.003648
0.000141
0.015624
0.00124
0.000243
0.000195
0.003211
0.009364
0.000881
0.00476
0.000566
0.027408
0.000407
0.003795
0.020077
0.000639
0.024117
0.004137
0.004526
0.000368
5.5e-05
0.027199
0.000112
0.000136
0.029818
0.00446
0.000906
0.006475
0.022169
0.001154
0.008799
0.000862
0.000626
0.000194
0.030415
0.0008
6.6e-05
0.003741
0.003258
0.007636
0.005712
0.003855
0.014696
0.003712
0.000612
0.018064
0.005868
0.002078
0.003438
0.010193
0.001359
0.006425
0.000268
4.1e-05
0.000672
2.8e-05
2e-05
0.000133
1.4e-05
0.006959
0.000565
0.006867
0.005055
0.001819
9.1e-05
0.00404
5.4e-05
0.00032
0.001869
0.007722
0.023694
0.001143
0.000107
0.000346
0.003497
0.002085
0.026848
0.002857
0.001736
0.000653
7.4e-05
1.7e-05
0.013962
0.000962
0.006189
0.025564
0.001877
0.006594
0.000207
0.006151
0.000205
0.000206
0.022304
0.002598
0.00037
0.000215
0.028599
0.000131
0.002494
0.03941
0.006621
0.001242
1.1e-05
7e-06
0.008405
0.000305
0.002927
0.004591
0.000802
0.010081
0.003719
0.00094
0.001026
0.005863
0.000283
0.004654
4.5e-05
0.001482
0.020667
0.001169
0.00205
3.8e-05
0.000783
0.0123
2.9e-05
0.003098
0.006917
0.000764
0.006845
0.001173
0.004405
0.00077
0.001965
0.000884
0.003858
0.005941
0.001028
0.036548
0.009853
0.017505
0.004051
0.001865
0.022746
0.005504
0.00169
0.010131
0.008402
0.001697
0.012778
0.002322
0.004391
5.1e-05
0.00033
0.011175
0.004009
0.005475
0.00229
0.002771
0.006512
0.006188
0.000405
0.007047
0.000381
6.4e-05
0.045178
0.00018
0.000148
4.6e-05
0.010872
0.00338
0.000144
0.000871
0.001182
5.3e-05
0.003905
0.017139
0.014466
0.000126
0.009308
0.000402
0.002183
0.017005
0.016815
0.007322
0.002161
0.004656
0.028405
0.000372
0.001335
0.016395
0.002129
0.016184
0.003774
0.000303
0.003143
0.002183
0.008668
0.001342
0.001851
0.004566
0.00121
0.000868
0.00409
0.007212
3.4e-05
0.004629
0.013034
0.000824
0.007481
0.00163
0.001183
0.022404
0.00019
0.000132
0.005051
0.008473
0.010749
0.004519
0.001213
0.001017
0.000163
7.9e-05
0.000578
0.001245
0.000623
0.01136
0.000715
0.002298
0.008744
0.001903
0.000668
0.000776
0.000729
0.016122
0.009877
0.010579
0.000522
0.000142
0.001143
0.000892
0.002334
0.004468
0.001608
0.000147
0.000112
0.000925
0.003249
0.000198
0.00012
0.020247
0.001641
0.000134
0.003213
0.002011
0.000116
0.019075
0.006958
0.000407
0.005753
0.005127
0.024507
0.000233
0.004769
6.6e-05
0.000806
0.000413
0.002373
0.000136
0.005034
0.001724
0.007414
0.000142
0.000199
0.000555
0.00018
0.002702
0.00243
0.000208
0.000458
0.003307
0.000174
0.021474
0.008805
0.013679
0.000175
0.000176
0.001584
0.001061
0.000301
0.004665
0.025303
0.002781
0.001108
0.004054
0.000213
0.001481
0.0093
0.001024
0.000771
0.001371
0.000171
0.000447
0.000438
0.026505
0.000847
0.004701
0.000481
0.012149
0.003641
0.001287
6e-05
0.002571
0.000378
0.001536
0.003014
0.002522
0.000379
0.000548
0.000658
8.9e-05
0.000147
0.001556
0.000707
0.000558
0.002705
0.000799
0.000203
0.000149
0.000402
0.001982
0.004238
0.00523
0.017517
0.007376
7.2e-05
0.004872
0.000592
0.009465
4.2e-05
0.022448
0.000488
0.001195
0.000137
0.000232
0.001125
0.000657
0.003173
0.028961
0.033578
0.000691
0.000496
0.007154
0.000299
8.7e-05
0.000225
2.2e-05
0.000804
0.000495
0.012137
0.024603
0.008565
0.002432
7.2e-05
0.000164
0.005109
0.028269
0.000191
0.000707
0.010493
0.023267
0.000558
0.002683
0.000107
0.03871
0.059277
0.000995
0.0028
0.002756
0.041849
0.000446
0.000318
0.001542
0.00162
0.013421
0.000104
0.000947
0.004188
0.002084
0.001636
0.001528
0.011556
0.025866
0.002007
0.00701
0.002246
0.000312
7.2e-05
0.000822
0.000604
1.7e-05
0.001489
0.003944
0.008353
0.00947
0.001217
0.000212
0.001253
0.000292
0.004607
0.018081
0.000234
0.000458
0.00327
0.002091
0.000192
0.003034
0.002819
0.000999
0.000918
0.003057
0.000685
1.3e-05
0.006165
0.003558
0.000705
0.004989
4.5e-05
0.00158
0.000691
0.004962
0.002724
0.002883
0.001316
0.000441
0.004316
0.004623
0.003465
0.000546
0.016778
0.001203
0.000372
0.03859
0.033728
0.001014
0.001279
0.001074
0.026453
0.004206
0.005841
5e-05
0.007907
0.001356
0.011405
0.005003
0.002606
0.006349
0.000631
0.010006
0.001507
0.000871
0.00954
9.4e-05
0.025866
0.004119
0.005382
0.001512
0.006132
0.003014
0.000395
0.000168
0.003468
0.000385
0.015997
0.007112
9.2e-05
0.020722
0.008702
0.003916
0.053276
0.003214
4.1e-05
0.053743
0.001641
0.009573
0.000624
0.008672
0.048496
0.019395
2.2e-05
0.000603
0.01619
0.000179
0.018848
0.000818
0.001334
0.003687
0.011001
0.000876
0.000523
0.001903
0.003952
0.000961
0.001213
0.004791
0.005465
0.003129
0.000345
0.000854
0.033729
0.001834
0.03254
0.001935
0.004564
0.008936
4.1e-05
0.000205
0.02212
0.016847
0.006421
0.000546
0.000913
0.007935
0.000104
0.004411
0.002207
3.5e-05
0.019573
0.030301
0.004746
0.000364
0.001301
4e-05
0.002144
0.000195
0.000271
0.026522
0.000124
0.000494
0.030402
0.00447
0.009321
0.020092
0.000528
0.00014
0.001684
4.5e-05
0.02442
0.002076
0.005903
0.007525
7.4e-05
0.000276
0.012557
0.007775
0.00244
0.002227
0.00033
0.001381
0.001652
0.002652
0.001639
0.009739
0.022394
0.027677
0.007317
0.013262
0.000163
0.001425
0.001394
0.000165
0.00012
0.017376
0.010357
0.008274
0.03039
0.000158
0.004628
0.011141
0.015262
0.001687
0.00568
0.001791
0.000252
0.000529
1e-05
0.013461
0.009936
0.000546
0.006466
0.001767
0.009241
0.038308
0.00292
0.004075
0.001421
0.032568
0.010603
0.003495
0.002522
0.003118
0.011051
0.004795
0.00021
0.000414
0.000152
0.000212
0.009625
0.000215
0.008995
0.024304
0.019954
0.004426
5.1e-05
0.015596
0.001584
0.019747
0.006392
0.01225
5.8e-05
0.001949
0.009329
0.008908
5.4e-05
0.000181
0.000522
0.028981
0.006346
0.044182
0.001326
0.000427
0.00289
0.025831
0.00294
2.7e-05
0.003964
0.003026
0.003843
0.012438
0.005061
0.004461
0.000441
0.000146
0.008486
0.018126
0.002476
0.003022
0.000146
0.000257
0.000817
0.000117
0.014411
0.001504
0.002128
0.036222
0.000507
0.000886
0.001444
0.000885
0.001412
0.003835
0.000374
0.012808
0.005425
0.0066
0.025424
0.017431
0.000249
0.000457
0.016416
0.000992
0.003727
0.030779
0.002595
0.000301
0.000303
8.2e-05
0.00136
0.033466
0.003166
0.018317
0.018057
0.000164
0.000238
0.000568
0.00026
0.002196
0.000788
0.001253
0.001517
0.000385
0.004099
0.000117
0.002018
0.000239
4.4e-05
9.7e-05
0.002809
0.01418
0.001384
0.008354
0.003481
0.005745
0.000235
0.004847
0.003847
0.012778
0.00098
0.001983
0.004149
0.011893
0.002571
0.010592
0.000361
0.001978
0.000982
0.003511
0.01131
0.003341
0.003498
0.011632
0.001211
0.010358
0.014313
0.00237
0.003641
0.002387
0.000996
0.001435
0.002155
0.000479
0.001072
0.002851
0.000654
0.003806
0.003676
0.010774
0.000474
0.00054
0.008595
0.007313
0.011039
0.000196
0.000458
0.01081
0.002128
0.006044
0.000343
0.012773
0.0473
0.000612
0.014096
0.000753
0.008683
0.000626
0.000369
0.003394
0.01897
5.5e-05
0.001807
0.002157
0.001584
0.003841
0.00234
0.001851
0.002249
0.000432
0.000506
0.012556
0.013455
0.001645
0.022459
0.001565
0.003107
0.010674
0.001709
0.002911
0.028529
0.005258
0.03576
0.00992
0.010113
0.000753
0.011896
0.009717
0.000132
0.004953
0.04498
0.007966
0.000509
0.035781
0.002059
0.002399
0.000877
0.003548
0.000371
0.004806
0.012463
0.005308
0.067229
0.027811
5.2e-05
0.025896
0.001372
0.00035
0.003121
0.002811
0.00335
0.011907
0.000474
0.002305
0.000146
0.002535
0.060689
0.001151
0.001772
0.005507
0.006598
0.002912
0.000694
0.020341
0.005148
5.8e-05
0.00817
0.003015
0.004317
0.000462
0.001553
0.00289
3.6e-05
0.003315
0.000563
0.003652
0.004961
0.000459
0.001616
0.000137
2.9e-05
9.3e-05
0.001051
0.02655
0.00059
2.9e-05
0.000927
0.002597
0.013608
0.007306
0.001262
0.001106
0.02026
0.005211
0.024402
0.001148
0.000214
0.012058
0.008952
0.000193
0.003323
0.001611
0.012634
0.000442
0.000464
0.002559
0.002639
0.018064
0.028706
0.00035
0.010065
0.002766
0.013696
0.005942
0.002602
0.003213
0.003592
0.019702
0.055048
0.000208
0.009964
0.006099
0.01364
0.026575
0.007579
0.000893
0.000591
9.1e-05
6.3e-05
0.000331
0.003496
0.010058
7.4e-05
0.012174
0.000261
0.006707
0.002633
0.001032
0.001623
0.016105
0.023013
0.010018
0.008892
0.000219
0.000717
0.002649
0.01072
0.006409
0.004126
0.011408
0.003656
0.017372
0.000334
0.00583
0.003483
0.000358
0.000163
0.000765
0.002167
0.003382
0.000266
0.019399
0.002885
0.003561
0.00086
0.000376
0.024658
0.000752
0.049358
0.054504
0.001865
0.022277
0.000272
0.000821
0.006646
0.000367
0.021327
0.000944
0.00021
0.003947
0.000769
0.025978
0.003765
9.4e-05
0.003177
0.000479
0.002831
0.000156
0.002269
0.000639
0.006071
0.000651
0.001144
0.035096
0.000399
0.000119
0.000184
0.011172
0.00277
0.000535
0.001801
0.000307
0.001507
0.022567
0.000634
7.8e-05
0.000173
0.023413
0.001844
0.01899
0.032068
0.027181
0.000344
0.0072
0.008391
0.012708
0.003047
0.001865
0.004208
0.002475
0.001761
0.000401
0.002907
7.1e-05
0.019268
0.021794
0.002119
0.015143
0.012646
0.003191
7.4e-05
0.000173
0.008686
0.000357
0.000101
0.000684
0.001575
0.001665
0.009333
0.000708
0.00492
0.011837
0.00016
0.003588
0.00042
0.000148
8.5e-05
0.040264
0.000563
0.000726
0.001028
0.000462
0.004735
0.00022
0.0017
0.000632
0.00357
0.008499
0.000568
0.014498
0.001271
0.000198
0.001522
0.010242
0.000541
0.005394
0.000109
0.004957
0.006948
0.000415
0.001488
0.001991
0.000877
0.00168
0.001172
0.01979
0.005182
0.000481
0.001404
0.001713
0.001135
0.00019
0.000303
0.001247
1.1e-05
0.005514
0.000763
0.015232
8.1e-05
0.026809
0.006496
0.000102
0.00112
0.000145
0.002522
0.003181
0.011476
0.000648
0.009775
0.000423
0.008211
0.003116
0.000587
0.000336
0.015139
0.002682
0.000569
0.018692
4.1e-05
5.5e-05
0.001344
0.007014
0.001812
0.005701
0.009496
0.001799
0.001969
0.003441
0.000375
0.000235
0.006116
0.001626
0.003277
0.009894
0.015667
0.001278
0.002408
0.000745
0.001113
0.005141
0.002825
0.007862
0.001249
0.001056
5.4e-05
0.002171
0.003896
0.00062
0.010104
0.00017
0.00018
0.001163
0.006592
0.001228
0.002256
0.000451
0.000191
0.001162
0.011318
0.017466
0.010445
0.007642
0.00038
0.00415
0.00098
0.000232
0.000191
0.000357
0.007488
0.000114
0.000518
0.023546
0.001589
0.017612
0.001119
0.009128
0.000661
0.015001
0.001627
0.002844
0.001508
0.002478
0.009923
0.000845
0.000395
0.006418
0.005141
0.030535
0.00107
0.001269
0.005837
0.000987
0.015459
6.3e-05
0.01433
0.000352
0.01892
0.001027
0.025624
0.000407
0.000673
0.011508
0.003822
0.000702
0.000746
0.015781
0.00059
0.002051
0.004279
0.04933
0.002213
0.020381
0.000214
0.002422
0.001795
0.000384
0.001999
0.018929
0.004705
0.004129
0.000736
0.002642
0.004814
0.006893
0.011355
0.004749
0.016275
0.001273
0.025135
0.003487
0.000495
0.004464
0.013012
0.009306
0.001187
0.002481
0.001454
0.009373
0.001401
0.000386
0.002168
0.000282
0.011571
0.000158
0.026601
0.016478
0.00202
0.004313
0.006711
0.021877
0.000638
0.00503
0.005548
0.000917
0.000395
0.004196
0.003198
0.00789
0.001994
0.007287
0.000964
0.006425
0.00109
0.001256
0.008325
0.006136
0.001342
0.001757
0.011802
0.017708
0.003425
0.008727
0.013594
0.00244
0.007203
0.000188
0.021987
0.031961
0.004664
0.006934
0.007681
0.000265
0.000441
0.045684
0.016351
0.000204
0.010255
0.000236
0.001109
0.001261
7.1e-05
0.000536
0.001008
0.000211
0.00019
0.000595
0.006156
0.001991
0.018666
0.00794
2.2e-05
0.016125
0.005144
0.012796
0.005083
0.002599
0.002068
0.000125
0.00079
0.000724
0.013662
0.00655
0.000109
0.000762
0.004461
0.000304
0.010983
4.3e-05
0.000228
0.000595
0.000169
3.7e-05
0.003092
0.001282
0.001051
0.015182
0.00037
0.003846
0.000355
0.000241
0.005246
0.00616
0.001799
0.004428
0.003788
0.00972
0.010901
6.3e-05
0.00552
0.001709
0.000613
0.005562
0.003154
0.025773
0.010687
0.020091
0.008706
0.000136
0.001064
0.001892
0.003134
0.005068
0.0082
0.004328
0.000184
0.007061
0.00209
0.000786
0.011519
0.000359
0.012149
0.00578
0.001655
0.009605
0.000646
0.000277
0.014718
0.001176
0.000591
0.026525
9.1e-05
0.003722
0.009513
0.0148
0.000725
0.002751
0.001736
0.000329
0.005993
0.010828
0.001844
0.000545
0.014926
0.005933
0.004956
0.000922
0.000981
0.000231
0.000741
0.004173
0.014712
0.000116
0.00021
0.008853
0.001478
0.00024
0.003361
0.004779
0.000714
0.007119
0.001726
0.010855
0.004645
0.000946
0.007899
0.006767
0.000884
0.001408
0.00499
0.000161
0.005831
0.005133
0.001343
0.015507
0.001631
0.0012
0.000349
0.001776
0.011745
0.026576
0.002268
0.006946
0.004808
0.001783
0.002122
0.000182
0.007237
0.007409
0.001867
0.001304
0.0025
0.041222
0.059484
0.020452
0.043294
7.1e-05
0.000999
0.000278
0.002036
0.021895
0.000678
2.4e-05
0.000566
0.011347
0.002258
0.001321
0.000438
0.000564
0.001883
0.001104
0.000688
0.008527
0.020137
0.000136
0.008444
0.002314
0.002068
0.000301
0.003336
0.016656
8.6e-05
0.000796
0.004197
0.004176
0.002043
0.011018
0.003358
0.000966
0.002843
0.000752
0.000109
0.000147
0.009093
0.00032
0.000696
0.00678
0.005461
0.003437
0.004787
0.001473
0.001192
0.003418
0.024619
0.000875
0.000489
7.4e-05
0.00016
0.001694
0.001925
0.007883
0.003599
0.00409
0.000266
0.01018
0.000889
0.000118
0.003911
0.047244
0.001958
0.000856
0.0203
0.000984
0.013164
0.000121
4.7e-05
0.003697
0.026734
0.002061
0.001136
0.002788
0.00621
0.004679
0.009757
0.013215
0.014572
0.009938
0.000669
0.000263
0.001524
0.012218
0.009127
0.000175
0.01807
0.011706
0.001632
0.003577
0.001965
0.000522
0.000103
0.002255
0.056753
0.000169
0.001237
0.003426
0.000274
0.000312
0.000589
0.000857
0.002394
0.001992
0.000246
0.006025
0.007802
7.3e-05
0.012429
0.002941
0.017179
0.011928
0.000608
0.000236
0.000925
0.000258
0.000255
0.028835
0.001807
0.00043
0.011013
0.012297
0.014526
0.000329
0.000589
0.000867
0.001483
0.001077
0.005556
0.000781
0.00018
0.002764
0.000463
0.0207
0.03206
0.00113
2.2e-05
0.000197
0.008625
0.011618
0.000105
7.5e-05
0.001417
0.001043
0.02016
0.024964
0.000972
0.000307
0.007082
0.004911
0.000147
0.028431
0.001135
0.008785
0.00966
0.003856
0.003624
0.006063
0.001207
7e-05
0.001125
0.001312
0.00483
2.1e-05
0.007613
0.001672
0.019492
0.019339
0.00049
0.000378
0.01575
0.027489
0.000351
0.004054
0.015376
0.008896
0.004548
0.001041
0.001807
0.00168
0.004606
0.006269
0.022284
0.001413
0.001593
0.001526
0.000433
0.000357
0.000385
0.001483
0.003668
0.000338
0.000251
0.010342
0.001476
0.008147
0.001236
0.00505
0.007404
0.001281
0.000643
0.000878
0.002136
0.000683
5.8e-05
0.007797
0.000258
0.000772
0.002514
0.001727
0.007461
0.002961
0.000981
0.006697
0.004757
0.002034
0.000208
0.000216
0.007751
0.00405
0.001971
0.007166
0.003787
0.000551
0.011798
0.012746
2.6e-05
0.000412
0.000901
6.3e-05
0.003891
0.00484
0.000444
0.052377
0.000698
0.003822
0.000686
0.003278
0.000161
0.014856
0.000408
0.001149
0.000817
0.007493
0.005918
3.5e-05
0.010179
0.000393
0.002256
9.4e-05
0.00738
0.014868
0.007217
0.002868
0.005637
0.000636
0.005095
0.000285
0.012605
0.0002
0.001904
0.009258
0.000185
0.000429
0.000141
8.4e-05
0.001164
0.004707
0.000137
0.011455
0.022985
0.001202
0.007955
0.001984
0.000639
0.000211
0.004457
0.012203
0.000405
0.012844
0.0148
0.011815
0.001683
0.004461
0.017284
0.000603
0.001314
0.00289
0.004369
0.004164
0.000259
0.02171
0.000959
0.024647
0.002272
5.8e-05
0.000211
0.002473
0.003021
0.021163
0.003299
0.005993
0.004372
0.002187
0.011053
0.000287
0.001358
0.001897
0.007976
0.000792
0.003152
0.000708
0.004778
0.029008
0.002807
0.018991
0.000522
0.017714
0.00195
0.00053
0.006202
0.000258
0.008714
0.002498
0.000448
0.009942
0.002709
0.013201
0.001096
0.007163
0.00933
0.001486
0.014446
0.000676
0.008978
0.013787
0.000484
0.000293
0.004431
0.001318
0.007177
0.004365
0.006548
0.001849
0.001407
0.026878
0.000971
0.001979
0.000866
0.003231
0.001444
0.0191
5.4e-05
0.01217
0.003272
0.000677
0.003055
2.1e-05
0.000372
0.008159
0.00099
0.001303
0.009469
0.000483
2.6e-05
0.000294
0.003059
0.012262
0.001267
0.010422
0.000164
8.9e-05
0.01097
0.007822
0.000108
0.003194
0.004312
0.000172
0.002038
7.9e-05
0.001558
0.013789
8.6e-05
0.001955
8.7e-05
0.042243
0.002218
8.2e-05
0.011185
0.001266
0.001628
0.018458
0.000118
0.007764
0.021725
0.007277
0.004355
0.000872
0.00348
0.0053
0.008747
0.003568
0.000247
2.3e-05
0.009953
0.000453
7.3e-05
0.007423
0.003786
0.01394
0.009542
0.000739
0.017134
0.001805
0.000309
0.000391
0.00153
0.009836
0.001455
0.000496
0.012081
0.007237
0.001524
0.010247
0.00085
0.000205
6.4e-05
0.000281
0.000453
0.001231
0.000314
0.000992
0.004654
0.003323
0.000195
0.000576
0.004788
0.000564
0.003965
0.000285
0.005016
0.009863
0.002534
0.081634
0.001499
0.005597
0.008734
0.006116
0.002303
0.000562
0.00069
0.004378
0.006769
0.001273
0.020266
0.00255
0.00028
0.005409
0.000328
0.008892
0.001054
8.3e-05
0.002669
0.000119
0.005318
0.002176
0.002822
0.008244
0.001277
0.004942
0.000413
0.00022
0.003992
0.003539
0.016725
0.002666
0.001891
0.004157
0.000448
0.000141
0.016769
0.003409
0.000755
0.015485
0.00101
0.012621
0.005241
0.004533
0.007182
0.00537
0.005841
0.003209
0.004955
0.000642
0.009058
0.055806
9e-05
0.001203
0.000655
0.000473
0.018536
0.001325
0.0009
0.00949
0.027475
0.013581
0.00334
0.0001
0.003425
0.001256
0.004854
0.001796
0.000242
0.003921
0.007246
0.005335
0.003263
0.000329
0.000966
0.014365
0.001851
0.000637
0.008084
0.001222
0.008989
5.6e-05
0.006478
0.001009
0.011698
0.003339
0.002691
0.00374
0.003699
0.008709
0.00039
0.007232
0.004538
7e-05
0.000785
0.042907
0.000475
0.031231
0.013419
0.002065
0.003959
0.00579
0.005729
0.007175
0.006079
0.034933
0.000655
0.012277
0.001076
0.001008
0.001055
0.000715
2.1e-05
2.8e-05
0.001461
0.00439
0.006095
0.001271
0.000356
0.000441
0.001488
0.001953
0.000293
0.002031
0.002168
0.004275
0.000763
0.003663
0.000304
0.002885
0.000267
3.8e-05
0.010175
0.000368
0.024419
0.000375
0.0014
0.000554
0.006518
0.006639
0.004722
0.001798
0.013295
0.004479
0.001793
0.000473
0.001083
6e-06
0.000209
2.9e-05
0.00804
0.000306
0.000642
0.002134
0.000177
0.000503
0.003024
0.01165
0.002959
0.001613
0.021662
0.002526
0.001308
0.009485
0.003929
0.013373
0.000666
0.002268
0.002073
0.000147
0.001916
0.000247
0.000337
0.00117
0.00931
0.00114
0.000522
0.00062
0.000119
0.019939
0.000444
0.021201
0.002211
1.3e-05
0.000771
0.001124
0.002413
0.00815
0.008804
0.007031
0.001257
0.000472
0.000606
0.001104
0.000103
0.004965
0.001527
0.004535
0.006569
0.000797
0.038916
0.002265
0.049814
0.013026
9.5e-05
0.005296
0.002187
0.002145
0.002884
0.005491
0.000222
5.5e-05
0.002057
0.012252
0.002201
0.002493
0.000512
4.7e-05
0.010029
0.000438
0.000158
0.003994
0.00037
0.000856
0.003441
0.002662
0.000997
0.007042
0.000378
0.015231
0.000382
0.000553
0.004586
0.001286
0.023376
0.011697
0.001005
0.005942
0.006128
0.007189
0.016702
0.000331
0.000494
0.001494
0.001364
0.002607
0.000407
0.003794
0.000118
0.001247
0.001823
0.008433
0.011746
0.000933
0.00432
0.013935
0.029095
0.003535
0.051972
0.001013
0.001932
0.003417
0.001681
0.004181
0.008639
0.000195
0.000418
0.001663
0.001374
6.3e-05
0.008598
0.019032
0.003088
0.005336
0.014219
0.013108
0.034749
0.014965
0.003998
0.000374
0.002995
0.004067
0.000535
0.000142
0.01032
0.010019
0.000178
0.000122
0.00235
0.019192
0.010062
0.000929
0.016163
0.000114
0.000575
0.026553
0.001782
0.026555
0.002389
0.001156
0.001295
0.013164
0.002443
0.005693
0.005624
0.008022
0.006767
0.004911
0.000106
5.2e-05
0.001696
0.00727
0.012252
0.00035
0.017461
4.7e-05
0.006979
0.000107
0.001754
0.000258
0.010451
0.004935
0.016431
0.000275
0.01411
0.004083
0.01724
0.004971
0.00829
0.001325
2.5e-05
0.030737
0.001125
0.005623
0.003239
0.000756
0.000112
0.000138
0.007942
0.003305
0.00076
0.000246
0.015993
0.000747
0.004359
0.004438
0.001456
0.000287
0.000776
0.001939
0.000172
0.004819
0.001264
0.005872
0.003994
0.000196
0.019063
4.5e-05
0.000868
0.000631
0.000381
0.002865
0.002021
0.006432
0.000201
0.012948
0.002996
0.001158
0.003032
0.011794
0.001842
0.000395
0.008038
0.000336
7e-05
0.004691
0.004281
0.012504
4.6e-05
0.003699
0.001032
0.005222
0.004433
0.002342
0.038603
0.001536
0.016853
0.000657
0.005227
0.003491
0.005555
0.000682
0.009864
0.000474
0.004101
0.004225
0.003278
0.005288
0.00257
0.001802
0.000658
0.003332
0.013794
2.3e-05
0.000116
0.006109
0.013175
0.001486
0.001439
0.00129
0.036911
0.004075
0.001084
7e-05
0.001015
0.005366
0.000188
0.001303
0.004293
0.014474
0.003044
0.001546
0.02431
0.004596
0.012013
0.001634
0.004333
0.00979
0.001367
0.005051
0.02062
0.000137
0.000939
0.013191
0.000197
0.001413
0.000974
0.001196
0.005452
0.003515
0.007598
0.011467
0.00338
0.003772
0.017644
0.006393
0.000291
0.006179
0.003303
0.001869
0.001114
0.000175
0.000377
0.00343
0.000252
0.007231
0.023411
0.00083
0.005905
0.012919
0.023662
5.8e-05
0.002138
0.016938
0.000247
0.001193
0.001115
0.027417
0.000216
0.003528
0.000441
0.004876
0.001803
0.000367
0.008594
0.002337
0.00021
0.0042
1.2e-05
0.000174
0.002464
0.038066
0.007764
0.000148
0.011784
0.003166
3.3e-05
0.017618
0.003349
0.004193
0.002071
0.000959
0.002801
0.001537
0.014902
0.004202
0.001382
0.005681
0.000651
0.007113
0.003363
0.005584
0.000219
0.005784
0.001304
0.001526
0.000208
0.001203
0.021011
0.000182
2.1e-05
0.005238
0.041411
0.001498
0.010189
0.008771
0.003198
0.000189
0.000744
0.023428
0.004873
0.000805
0.002363
0.008872
0.005288
0.006179
0.010894
0.004092
0.00057
0.015302
0.002019
0.006023
8.2e-05
0.024766
0.000587
0.000593
0.014587
0.013822
0.000344
0.000575
0.002145
0.001419
0.011463
0.001816
0.001681
0.000843
0.006888
0.001607
0.001468
0.011176
0.00199
0.000598
0.000635
0.00464
0.002492
8e-05
0.011229
0.000638
0.004015
0.008377
0.000586
0.011367
0.000285
0.001952
0.038182
0.000355
0.016051
0.006591
0.003931
0.001159
0.001399
0.004597
0.000238
0.000606
0.008825
0.002309
0.000713
0.002481
0.000116
0.002901
0.003001
0.000834
0.001412
0.015948
0.007196
0.000875
0.001954
0.001356
0.008894
0.003322
0.001106
0.004111
0.002744
0.014318
0.011985
0.006372
0.004744
0.000832
0.001669
0.00489
0.003832
0.001403
0.019674
0.000245
0.000404
0.000397
0.012762
0.008295
0.003395
0.0017
0.005858
0.001154
0.0047
0.005986
0.000233
0.002177
0.002989
0.000616
0.000169
0.002024
0.025398
0.000516
0.016353
0.001452
7.6e-05
0.00016
0.003042
0.005923
0.015993
0.002081
0.001912
0.029922
0.002745
0.015922
0.004291
0.00347
0.001004
0.000451
0.011137
0.025872
0.002916
0.000424
0.008121
0.005395
0.003183
0.00049
0.000181
0.001536
6.2e-05
0.018923
0.001256
0.002017
0.008435
0.001409
0.001963
0.02544
0.000172
0.024628
0.001626
0.000305
0.009489
0.00092
0.00532
0.011347
0.019372
0.002089
0.000909
0.002602
0.000707
0.003751
0.003246
0.010745
0.00052
0.000151
0.001119
0.007495
0.000437
4.8e-05
1e-05
0.000105
0.008708
0.003189
0.020201
0.004344
0.00242
0.001088
0.019072
9.5e-05
0.002628
0.00014
0.007007
0.00209
0.000432
0.006808
0.003638
0.000392
0.000123
0.000363
0.008417
0.000163
0.008476
0.013518
0.002195
0.029244
0.002046
0.002844
0.016071
0.00025
0.000311
0.000966
0.001343
0.008148
0.013488
0.000758
0.029125
0.000768
0.002259
0.007752
0.009503
0.001988
0.008602
4e-05
0.02788
7.2e-05
0.000881
0.001318
0.002721
3.2e-05
0.000891
0.007848
0.002805
0.002192
0.006733
0.000181
0.002697
0.000435
5.5e-05
0.002666
0.002761
0.000615
0.001312
0.000199
0.001217
0.00014
0.009673
0.004351
0.037597
0.000507
0.017529
0.012476
0.005742
0.002719
0.045335
0.00573
0.003688
0.000139
0.000109
0.016482
6.7e-05
0.006876
0.016172
6.5e-05
0.004896
0.000835
0.000145
0.002017
0.007267
0.003562
0.000186
0.000997
0.000279
0.001907
0.000216
0.000732
0.022805
0.000573
0.006578
0.009733
0.005492
0.000102
0.000118
8.3e-05
9.7e-05
0.000209
0.007567
0.003284
0.016327
0.002434
0.012869
0.001603
0.002058
0.003605
0.000731
0.0258
2.6e-05
0.000245
0.000678
0.021537
0.004456
0.0707
0.009126
0.00026
0.003369
0.000357
0.000839
3.2e-05
0.000659
0.003965
0.000988
0.001454
0.001846
0.007467
0.001119
8.6e-05
0.010816
0.001037
0.009287
0.000535
0.000149
0.005416
0.000985
0.002263
0.002154
0.007392
0.003914
0.002703
0.011401
0.00208
0.002868
0.000395
0.000409
0.011275
0.012237
0.000713
0.006679
0.000339
6.7e-05
0.075816
0.030901
0.014097
0.000683
0.003623
0.000252
0.041566
0.000546
0.017119
0.002028
0.000173
0.005126
0.008047
0.008867
0.000188
0.001421
0.018287
0.000538
0.007294
0.001429
0.001837
0.00202
0.005469
0.000585
0.000224
2.2e-05
0.006227
0.003499
0.009253
0.000423
0.000435
0.009404
0.015321
0.012715
0.004657
0.000531
0.00046
0.003486
0.000209
0.015603
0.004255
0.016475
0.000684
0.043938
0.001473
0.003812
0.011575
7.8e-05
0.000493
0.004604
0.00515
0.015597
0.001944
0.014228
0.000558
0.000487
0.004484
0.002867
4.4e-05
0.009563
0.007538
0.012519
0.003514
0.002413
0.005339
0.001509
5.3e-05
0.006701
0.012416
0.012077
0.000309
0.001558
0.001798
0.00608
0.00011
0.040476
0.000622
0.000525
0.001737
0.000476
0.001964
0.000576
0.001009
0.010474
0.005523
0.002321
0.010443
0.007839
0.008572
0.000127
0.000203
0.000486
0.002131
0.003873
0.008476
0.001382
0.000685
0.030259
0.00352
0.000122
0.007399
0.011432
0.005876
0.034705
0.005482
0.00486
0.001682
0.000645
0.006231
0.000467
0.003949
0.001904
0.003119
0.000536
0.004789
0.003474
0.010554
0.020725
0.008258
0.00238
0.004639
0.000715
0.000147
0.000477
5.6e-05
0.007046
0.00195
0.000314
0.018694
0.000525
0.000865
0.000334
0.000412
0.000644
0.001817
0.000109
0.002345
0.011108
0.003129
0.000791
0.004252
0.022995
0.048681
0.004896
0.000117
0.001079
0.001303
0.002408
0.001865
0.008764
0.000141
0.003
0.001143
0.000539
0.01198
6.9e-05
0.002344
0.009919
5.1e-05
0.003007
0.000893
0.000163
0.000515
0.001061
0.002288
0.000103
0.004873
0.003933
0.000954
0.000364
0.027703
0.00094
9.2e-05
0.005715
0.001238
0.001297
0.013519
0.002115
0.001927
0.000137
0.003208
0.002842
0.001592
0.009713
0.002668
0.006332
0.003564
0.008292
0.000828
0.002523
1.4e-05
0.001859
0.001463
0.016594
0.000618
0.000145
0.000424
0.019767
0.000673
0.010304
0.028399
9.7e-05
8.8e-05
0.000569
0.007597
8.6e-05
0.001945
0.000238
0.000413
0.026312
0.000247
0.004555
0.005588
0.000102
0.001439
0.015303
0.020535
0.000114
0.002713
0.002983
0.000212
0.000749
0.000422
0.003071
0.000166
0.003853
0.002898
0.001379
0.002624
0.004146
0.010031
0.000301
0.000545
0.007935
0.047302
9.5e-05
0.00283
0.020844
0.000931
0.008356
0.018192
0.002457
0.01006
0.003604
0.00059
0.003173
4.1e-05
0.0111
0.003351
0.014784
0.007942
0.018985
0.000593
0.001877
0.000912
0.001353
0.003039
0.000443
0.010186
3e-05
2.6e-05
0.000249
0.025323
0.000333
0.002992
0.017607
0.00042
0.001691
0.00341
0.000398
0.013886
4.4e-05
0.001826
0.007438
0.003332
0.000894
0.023752
0.010192
0.021113
0.006605
0.001561
3.9e-05
0.002787
0.000476
1.7e-05
0.015176
0.001283
0.000236
0.000537
0.017852
0.001815
0.001872
0.001113
0.004388
0.004525
0.007566
0.000102
0.004905
0.006402
7.4e-05
0.001078
0.000333
0.00068
0.000118
0.001384
0.001361
0.002042
0.00097
0.000114
0.000377
0.002187
0.001528
0.043875
0.001854
0.006369
0.004875
0.016036
0.005705
0.0002
0.001001
0.000222
0.000187
0.004982
0.000194
0.000111
0.000635
0.000238
0.002792
0.001218
0.000199
8.8e-05
0.001804
0.000309
0.008301
0.00319
0.001024
0.002552
0.030967
0.003582
0.001045
0.004466
0.001065
0.000399
0.001385
0.010832
0.001271
0.001029
0.000457
0.004307
0.001905
0.000459
0.029123
0.013956
0.000359
0.007395
0.000762
0.010877
0.00535
0.002897
0.000406
0.004823
0.000723
0.000154
0.029418
8.1e-05
0.0046
0.006701
0.015797
0.001295
0.029147
1.7e-05
0.017888
0.005191
0.012373
0.002484
0.000566
3e-05
0.002643
0.005441
0.000701
0.00125
0.004576
0.000328
0.002342
0.001647
0.000247
0.000145
0.001353
0.013929
0.001198
0.000955
0.000861
0.00487
0.006469
0.006936
0.006286
0.003891
0.000284
0.003322
1.2e-05
0.003395
0.021291
0.010016
0.002344
0.000112
0.006704
0.004741
0.007201
0.014194
0.067255
4.2e-05
0.000539
0.005453
0.011544
0.003333
0.004421
0.000246
0.000217
0.008803
0.011637
0.00518
0.044071
0.000668
0.005358
0.023443
0.069021
0.004289
0.000132
0.009629
0.007957
0.000709
0.002605
0.003754
0.002656
0.007209
0.002919
0.002669
0.002532
0.000188
0.006055
0.000636
0.005203
4.4e-05
0.003043
0.000929
0.000185
0.002943
0.005506
0.003014
0.000987
0.010252
0.015535
9.1e-05
0.003459
0.011218
0.001344
0.010655
3.2e-05
0.002521
0.019879
0.000584
3.6e-05
0.002338
0.000631
0.000152
0.000231
0.007615
0.024149
0.004345
0.001297
0.002369
0.000387
0.02093
0.000329
0.007898
1.5e-05
0.001777
0.004577
0.000148
0.003676
0.001743
0.014278
0.007794
0.00572
0.024406
0.005839
0.000385
4.8e-05
0.006714
0.000235
0.002736
0.000226
0.014136
0.001388
0.000834
0.000679
0.000591
0.000191
0.001449
0.015977
0.001448
0.000944
0.013153
0.004282
0.00043
0.00146
0.025012
0.000933
0.000889
0.002238
0.046659
0.001766
0.013579
0.009756
0.001648
0.000675
0.000101
5.3e-05
0.003846
0.00945
0.002138
0.000302
0.003334
0.000924
0.002052
0.000616
0.021525
0.012285
0.000582
0.011735
0.00988
0.013831
0.002276
0.0031
0.001823
0.003046
0.006252
0.005565
0.012225
0.005513
0.006269
0.000215
0.000362
0.004029
0.017813
0.002201
0.002724
0.005886
3.9e-05
0.003116
0.011362
0.00011
0.023211
0.000748
0.000555
9.5e-05
0.002406
0.001957
0.005921
0.028258
0.0005
0.019199
9.8e-05
0.00744
0.005267
0.024164
0.003933
0.002225
0.000915
0.000224
2.1e-05
0.000977
4e-05
0.000898
0.000553
0.032186
0.000491
5e-05
0.000193
0.004678
0.009727
0.008552
0.011378
0.018862
0.003194
0.01145
1.2e-05
0.009837
0.000147
0.001241
0.002977
0.000378
0.000809
0.000843
0.007405
0.000118
0.001322
0.025426
0.012553
0.005511
0.02173
0.010507
0.00033
0.002977
0.018324
0.012887
0.000228
0.000403
0.000439
0.01435
0.001757
8.3e-05
0.000704
0.000402
0.025592
0.002234
0.005242
0.004821
0.009407
0.010198
0.03001
0.000107
0.045803
0.004225
0.000144
0.000301
0.006199
0.025879
0.001423
7.4e-05
0.002226
0.006275
0.000118
0.002022
0.001413
0.004259
0.009403
0.014663
0.006518
0.000166
0.001292
0.007725
5.5e-05
0.00708
0.014236
0.006688
0.002806
0.009315
0.000345
0.000723
0.000348
0.005762
0.002996
0.00288
0.008064
0.001166
7e-05
0.002736
0.001491
8.8e-05
0.002204
0.004181
5.8e-05
0.023402
0.013721
0.000458
0.000758
0.001331
0.004017
0.003173
0.00791
0.00377
0.002723
0.006647
0.00401
9.5e-05
0.000971
0.000529
0.002668
0.001758
0.000496
0.000189
0.000944
0.000144
0.002109
0.00128
0.005995
0.009476
0.000363
0.001973
0.002328
3.9e-05
0.002158
0.002992
0.001077
0.000993
0.009137
0.004613
0.000498
0.001459
0.001515
0.027726
0.002228
0.019633
6.7e-05
0.007464
0.000281
0.000177
0.000653
0.003939
0.022857
0.00025
0.000317
0.000573
0.009475
0.001039
0.000219
0.005096
0.002306
0.002282
0.003934
0.000607
0.000101
0.007359
0.006242
0.028908
0.000371
0.000563
0.004782
0.004571
0.070635
0.000544
0.000558
8.2e-05
0.008317
0.004215
0.003928
0.001367
0.001825
0.002645
0.001248
0.004907
0.004851
0.000186
0.00504
0.016541
0.021671
0.005814
0.001629
0.003224
0.005385
0.001496
0.00235
0.000267
0.001585
0.000672
0.007153
0.001222
0.010267
0.00044
0.018268
0.000401
0.005698
0.006108
0.036705
0.000125
0.011804
0.020983
0.00968
0.001476
0.010883
0.007061
0.000915
0.000638
0.022062
0.000747
0.00168
0.001463
0.000214
0.006515
0.002335
0.00044
0.00467
0.015407
0.000243
0.015302
0.022155
0.000395
0.00276
0.012199
0.000236
0.002499
0.024353
0.008796
0.002466
0.016394
0.006375
0.001121
0.007846
0.001969
0.01583
0.000309
0.000552
0.003804
0.001957
3e-05
0.009311
0.009559
0.005711
0.012454
0.012529
0.000546
0.000738
0.001066
5.2e-05
0.000135
0.000135
0.00011
0.00095
0.002164
0.007842
0.000291
0.034226
0.012384
0.001569
0.000517
0.000307
0.009114
0.000582
0.002562
0.003197
0.001307
0.000511
0.006381
0.00063
0.000715
0.027007
0.002949
0.016142
0.01006
0.008288
0.004554
0.005808
0.003604
0.00367
0.005388
5.7e-05
0.007963
0.019205
0.000373
0.003283
0.00184
0.000767
0.001523
0.005435
0.001911
0.000998
0.000904
0.015561
0.001849
0.002264
0.000237
0.003513
0.044779
0.003286
0.011345
0.000131
0.021067
0.005566
0.001708
0.017714
0.015247
0.000418
1.6e-05
0.003291
0.001815
0.002039
0.009847
0.000825
0.002847
0.009371
0.001229
0.00865
0.004307
0.002276
0.0023
0.004676
0.000102
0.000864
0.0068
0.00616
0.007287
0.003086
0.040748
0.001744
0.016695
0.000151
0.000801
0.017284
0.003035
0.000926
0.003546
0.007433
0.057122
0.002035
0.00012
0.001247
0.000257
0.007134
0.019109
0.01523
0.006622
0.000517
0.000794
0.000551
0.00014
0.001158
0.009744
0.002112
0.017455
0.003004
0.002127
0.006745
0.042744
3.9e-05
0.021421
1.8e-05
0.001743
0.00395
0.034538
0.000415
0.014288
0.003014
0.006425
0.004664
8.7e-05
0.005618
0.003675
7.6e-05
0.000686
0.000366
0.001924
0.001588
5e-05
0.000294
0.006606
0.009738
0.002834
0.016934
0.000751
0.020379
0.012909
0.000198
0.002856
0.000778
0.011585
7e-05
0.005931
0.000388
0.003368
0.001518
0.00142
0.016841
0.001951
0.000118
0.001624
0.000695
0.009188
0.001647
0.020766
0.000863
0.001319
0.020344
1.5e-05
0.00039
0.004376
0.001546
0.021175
0.000738
0.000618
0.000494
0.00245
0.003361
0.005066
0.000894
0.004295
0.000167
0.027109
0.00294
0.021255
0.005052
0.007702
0.04793
0.000564
0.004429
0.001383
9.3e-05
0.001649
0.008041
0.00043
0.001221
0.003158
0.005087
0.000468
0.00809
0.00067
0.001574
0.004014
0.000417
0.000611
0.008593
0.022568
0.006256
0.000514
0.017269
0.000213
0.00016
3.5e-05
0.004244
0.000702
0.003514
0.002756
0.006007
0.002122
1.3e-05
0.017914
0.020247
0.002388
0.00354
0.000311
0.002239
0.004497
0.000166
0.02156
0.009634
0.001745
0.010498
0.003931
0.000443
0.005355
0.006076
1.6e-05
0.007087
0.000167
0.000351
0.004332
0.001466
0.007165
0.003345
0.000104
0.000531
0.010294
0.002237
0.000665
0.00062
0.000278
0.006083
0.026532
0.000174
0.003776
0.003924
0.001272
0.001035
0.016197
0.004047
0.013593
0.00636
0.012106
0.003282
0.002659
0.002157
0.005948
0.000429
0.009458
0.000641
3.1e-05
0.002329
0.00369
0.022399
0.005093
0.024131
0.001127
0.000162
0.029265
0.002807
0.007929
0.000781
0.003899
0.010503
0.006358
0.001384
0.01778
0.002671
0.002265
0.006964
0.00086
0.001509
0.013887
0.000218
0.005176
0.000515
0.007966
8e-05
9.2e-05
0.004738
0.000157
0.000357
0.00286
4e-05
0.001361
0.005347
0.01567
0.021246
0.020212
0.00103
0.011638
0.017595
0.000104
0.000712
0.029555
0.003699
0.000636
0.001867
0.006508
0.007527
0.001044
0.000348
0.000472
0.001201
0.000154
0.000404
0.007708
0.000413
0.005069
0.000188
0.003971
0.006884
0.008857
0.000428
0.000342
0.026501
0.000102
0.022382
0.00252
0.000878
0.002252
0.000148
0.019758
0.014165
0.00067
0.000516
0.003462
7.1e-05
0.00082
0.002909
0.000773
0.000474
0.001235
0.003201
4.3e-05
0.000544
0.00097
0.000438
0.02101
0.004919
0.002614
0.005895
0.015842
0.003221
0.000272
0.015032
0.000476
0.005419
0.009775
0.010275
0.005913
0.014744
0.000841
0.006409
0.001245
0.004149
0.025151
0.01629
0.018795
0.000452
0.006118
0.001962
0.001616
0.007689
0.00595
0.001737
0.000208
0.000853
0.000791
0.012853
0.000569
0.000121
0.000196
0.00195
0.006245
0.015599
0.001551
0.001324
0.004849
0.024784
0.000938
0.000561
0.001874
0.000153
0.015245
0.004063
0.000318
0.013562
7.8e-05
0.010289
0.014605
0.001017
0.000184
0.000651
0.002011
0.013996
0.000525
0.000552
0.005043
0.013183
0.000406
0.00957
0.004058
0.018037
0.001218
0.008409
0.009905
0.000327
0.055623
0.00018
0.006576
0.022139
0.00862
0.015406
0.00437
0.004731
0.007696
0.000884
0.005042
0.008473
0.00111
0.005857
0.000966
0.012407
0.002683
0.000517
6.4e-05
0.011374
0.013061
0.001348
0.001346
0.000359
4.8e-05
0.011238
0.000396
0.012324
0.000361
0.010088
0.00031
0.000493
0.012642
0.001561
0.000339
0.006418
0.010144
0.002841
0.000534
0.007125
0.000133
0.000882
0.012628
0.004137
0.0067
0.002395
0.000796
0.001007
2.2e-05
0.000107
0.001485
0.006979
0.001856
0.004173
0.000701
3.4e-05
0.000372
0.002939
0.009277
0.026549
0.002337
0.015019
0.032879
0.024912
0.0003
0.000552
0.016104
0.014127
0.001661
0.000635
0.000349
0.000432
0.001534
0.000202
0.00372
0.014013
2.2e-05
0.001535
0.000679
0.002769
0.007002
0.000263
0.016772
0.014329
0.018578
0.014276
0.002667
0.002358
0.00066
0.000502
8.1e-05
0.000767
0.005331
0.000664
0.029091
0.001112
0.002001
0.007352
0.005639
0.000254
0.002733
0.000215
0.00981
0.000416
0.021771
0.00025
0.002883
0.013381
0.000561
0.001679
0.00459
2.5e-05
0.002344
0.001069
0.009825
3.5e-05
0.004912
0.001724
0.00478
0.010447
0.000662
0.002897
0.002456
0.001044
0.001276
0.009634
0.004687
0.008425
0.000602
0.005765
0.010204
0.008077
0.000956
0.001156
0.000617
0.001402
3.6e-05
0.000818
0.00184
0.000367
0.042461
0.001905
0.00388
0.009278
7.9e-05
0.008178
0.000656
0.000827
0.024735
0.000131
0.000188
0.016732
0.007923
0.001719
0.015585
0.005316
0.00312
0.001732
0.000526
0.00033
0.012544
0.003123
0.022901
0.004944
0.022496
0.000186
0.003444
0.000632
0.001265
0.00211
7.6e-05
0.000616
0.000186
0.005371
0.00523
0.002609
0.027384
0.011063
5.1e-05
0.00972
7.2e-05
0.009612
0.008073
0.000789
0.016124
0.000335
0.000251
0.007457
0.003148
0.017949
0.007966
0.01229
0.011959
0.000342
0.000441
0.007226
0.000848
0.002688
0.000633
0.007299
0.011178
0.001329
0.009891
0.01199
0.026698
0.001906
0.00545
0.004152
0.000206
0.002704
0.002478
0.000108
0.003356
0.003095
0.002101
0.003109
0.002102
0.005197
0.001507
0.000849
0.01122
0.000704
0.003524
0.013068
0.001112
0.013046
0.01495
0.00189
2.8e-05
0.014323
0.012664
0.000724
0.006188
0.006321
0.00186
0.006599
0.000655
0.000355
0.009812
0.00143
0.016693
0.000309
0.014116
0.00349
0.012735
0.000546
0.000316
0.001664
0.008098
0.053399
0.003737
0.000107
0.000914
0.004532
0.004162
0.001049
0.007136
0.001969
0.000521
0.006125
0.000515
5.1e-05
0.001495
0.003636
0.055729
0.02833
0.002308
0.000506
9.1e-05
0.000194
0.005834
0.000185
0.00101
0.009575
0.01385
0.009615
0.005118
9e-06
0.017025
9e-05
0.001638
0.002287
0.002452
0.001802
0.015881
0.000272
0.000305
0.012851
0.003185
0.00053
0.001221
0.006692
0.000319
0.004473
0.004005
0.000767
0.000109
0.000193
0.002444
0.010691
0.000607
0.000644
0.00066
0.008634
0.001273
0.000253
0.001695
0.007498
0.004467
0.005035
0.001597
0.001175
0.004736
0.016255
0.003539
0.001753
0.002567
0.000359
0.001349
0.0001
0.002481
0.00925
0.001426
0.015098
0.002953
0.000121
0.002759
0.008012
0.008014
0.000601
0.00049
0.000608
0.014606
0.003074
0.000278
0.012716
0.007939
0.000263
0.000172
0.001994
0.008827
0.001297
0.001151
0.003873
0.004918
0.000131
0.000451
0.005103
0.002075
0.000176
0.001678
0.02867
0.003817
0.000873
0.00131
0.038448
0.001409
0.00197
7.5e-05
0.000295
0.00019
0.004115
0.017983
0.004302
0.0057
0.008516
0.014754
0.053152
0.001122
0.011586
0.026249
0.007593
0.006522
0.000413
0.000639
0.001954
0.01451
0.033379
0.000549
0.0009
0.003366
4e-05
0.014324
0.000535
0.000708
0.011038
0.008451
0.024816
0.002771
0.010875
5e-05
0.001912
0.001251
0.007191
0.003374
0.0124
0.000658
0.000517
0.006049
0.002004
0.010445
0.004912
0.018131
5.2e-05
0.010018
4.9e-05
0.000973
0.000258
0.000277
0.002582
0.005529
0.002013
0.001037
0.00087
0.004126
0.002163
0.009978
0.002618
0.012168
0.003426
0.015439
0.001653
0.013751
4.7e-05
0.004014
0.000348
0.001126
0.029725
0.036383
0.012669
0.004849
0.017929
0.004531
0.000521
0.021356
0.019592
0.002662
0.004492
0.011168
0.000848
0.003757
0.006135
0.000415
0.007744
0.000939
0.000912
0.008869
0.00494
0.000285
4.1e-05
0.004714
0.002394
0.003812
0.010924
0.008446
0.00483
0.021454
0.003025
0.001379
0.000435
0.000306
0.026633
0.000728
0.002188
0.022142
0.000606
0.000878
0.000587
0.01532
0.001255
0.003826
0.003575
0.000622
9.8e-05
0.003068
0.012809
0.005771
0.006721
0.001075
0.000124
0.000179
0.001557
0.000595
0.009228
0.000118
0.000958
0.003751
0.000611
0.002175
0.005597
0.008472
0.002166
0.001004
0.000269
0.004741
0.004037
0.01439
0.003134
0.004927
0.000713
0.017591
0.010679
0.010936
0.009202
0.027574
0.007046
0.01241
0.010597
0.002448
0.008065
0.002097
0.005852
0.000192
0.01556
0.000306
0.001473
0.006257
0.001887
0.003376
0.005433
0.006475
0.005848
0.003305
0.001483
0.008548
0.004712
0.004419
0.004654
0.006795
0.003797
0.000365
0.001131
0.000233
0.009064
0.000819
0.002367
0.008213
0.002409
0.00131
0.002195
0.002432
0.007799
0.000357
0.001806
0.007167
0.000172
0.001422
0.000558
0.023232
0.005368
0.000603
0.001473
0.011099
0.004809
0.000694
0.017008
0.017939
0.001755
0.001877
6.1e-05
0.0044
0.000994
0.001806
3.2e-05
0.00071
0.002921
0.002935
0.00043
0.004339
0.011967
0.000182
0.001565
0.0081
0.00206
0.008622
0.000787
0.000295
0.000258
0.002003
0.002494
0.019405
0.004821
0.002229
0.000273
0.000816
0.001096
0.003332
0.004791
0.01698
0.000179
0.015437
9.5e-05
1.7e-05
1.9e-05
0.012249
0.001748
0.0007
0.001974
0.010807
0.006779
0.010368
0.003559
0.00194
0.000168
0.001891
0.010005
0.002185
0.004643
0.001243
0.000672
0.000224
0.005007
0.02314
0.003915
0.002771
0.001545
0.000492
0.00037
0.006475
0.005735
0.085283
0.015187
0.012295
0.023039
0.000977
6.4e-05
0.002357
0.000158
0.002466
0.004238
0.000983
0.003295
0.000158
0.001209
0.000336
0.043743
0.002641
0.001206
0.00186
0.00108
0.000683
0.000772
0.003156
0.023041
0.012806
0.000166
0.000602
0.000155
0.004936
0.000137
0.000208
0.011926
0.000516
0.013558
6e-05
0.033362
0.000153
0.023335
3.6e-05
0.001283
0.000358
0.007143
0.001915
0.001664
0.000185
0.000136
0.007502
0.002386
0.000229
0.000165
0.003238
0.003145
0.000134
0.000286
0.000468
0.001935
0.035114
5.1e-05
0.030271
6.4e-05
0.0046
0.001309
0.000839
0.002975
0.000495
0.001756
5.4e-05
0.000523
0.002194
0.007916
0.000714
0.003339
4.6e-05
0.005583
0.005163
0.002236
0.002239
0.000537
0.00026
0.008033
0.019078
0.000815
0.003668
9.9e-05
0.000735
0.016308
0.00238
0.037144
0.006871
0.006398
0.005144
0.01295
0.011504
0.012659
0.001826
0.00133
0.000788
0.004224
0.000462
0.001826
0.000117
0.00065
0.001291
0.002577
0.000316
0.00042
0.001305
0.003175
0.001872
0.000798
0.013293
0.000946
5.1e-05
0.001217
0.000378
0.00558
0.001638
0.012211
8.2e-05
0.000982
0.000361
0.000167
0.003293
0.001269
5.7e-05
0.004941
0.00462
0.018696
0.0002
0.014442
0.000877
0.000222
0.00191
0.001877
0.003071
0.000979
0.00423
0.006026
3.6e-05
0.00024
0.013142
0.029698
0.002143
0.004577
0.003277
0.024199
0.001354
0.000235
0.000185
0.003094
0.018998
0.000365
0.000101
0.003822
0.000886
0.003887
9.4e-05
0.000716
0.001017
0.012817
0.018431
0.000997
0.001509
0.011841
0.002512
0.00538
0.003211
0.005066
0.000176
0.002488
0.003415
0.000422
0.000429
0.00272
0.003526
0.005605
0.002566
0.007679
0.006625
0.003056
0.012859
0.00391
0.000922
0.027484
0.00147
0.000578
5.4e-05
0.000197
0.000681
0.008066
0.001577
0.003721
0.013045
0.000516
0.000122
0.019443
0.004051
0.004913
0.005101
0.001213
0.000345
0.004258
0.001311
9.6e-05
0.001605
4.7e-05
0.001989
0.000204
0.011923
0.000517
0.003334
0.00725
0.001387
0.014222
0.002329
0.000524
0.000291
0.000877
0.00138
0.001587
0.001076
0.006685
0.01675
0.012669
0.029243
0.000966
0.002441
0.000311
0.015318
0.001739
0.005019
0.000456
0.001705
0.003178
0.001484
0.000691
0.000753
0.015683
0.003497
0.001253
0.001957
0.000877
0.008784
0.003176
0.008051
0.000946
0.001504
0.009995
0.004112
0.005226
0.000486
0.005281
0.001105
0.000158
0.011069
0.012483
6.3e-05
0.008704
0.005551
3e-05
0.000594
0.003955
0.000914
0.00564
0.001406
0.000141
0.000106
0.006844
0.004433
0.003945
0.001139
0.007309
0.003994
0.003072
0.001199
0.001697
0.001633
0.000155
0.000538
0.000114
0.004089
3.1e-05
0.000583
0.001938
0.003073
0.001328
0.000727
0.005386
0.000388
0.009743
0.000129
0.001108
0.000903
0.007102
0.002748
0.00669
0.010793
0.005618
0.001317
0.000601
0.007665
0.007018
0.000835
6.3e-05
0.000297
0.00014
0.000165
0.000638
0.000529
0.019056
0.000103
0.004384
0.044605
0.001113
0.000907
0.002042
0.010929
0.001815
4.2e-05
0.00111
0.01259
0.001793
0.005663
0.000151
0.002444
0.000946
0.013764
0.000275
0.026102
1.2e-05
0.002433
0.001882
2.7e-05
0.001088
0.00141
0.000536
0.000233
0.000559
0.003259
0.006269
0.007014
0.000379
0.00391
0.013652
0.00032
0.00252
0.008501
0.007134
0.001215
0.003352
0.000712
7.3e-05
4.3e-05
0.01068
0.000659
0.000563
0.028141
0.001004
0.003049
0.019888
0.014767
0.000109
0.010315
6.9e-05
0.001405
0.001103
0.001749
0.001908
0.022348
9.9e-05
0.00165
0.000102
0.007421
0.000265
0.000186
0.002054
0.000164
0.015957
0.013957
0.009879
0.003321
0.001381
0.00348
0.001318
0.001317
0.000392
0.002403
0.004147
0.001706
0.000364
0.002077
0.000646
0.002926
2.8e-05
0.005623
0.012353
0.000209
0.00288
8e-05
0.002593
0.006368
0.001111
0.005742
0.02621
0.006954
0.003895
0.018156
0.015313
0.007882
0.008394
0.002059
0.000268
0.007423
0.001014
0.0073
0.016076
0.003373
0.007491
0.001572
0.007364
0.004952
0.001093
0.005825
0.015716
0.000291
0.000888
0.003771
9.1e-05
0.003245
0.00027
0.008796
0.000732
0.002501
0.021318
0.001495
0.000526
0.004593
0.007774
0.018857
0.00029
0.021462
0.001907
0.000141
0.004025
0.005602
0.012554
0.006631
0.007061
0.025607
0.000787
0.005276
0.000467
0.006177
0.00376
0.00213
0.005246
0.008948
0.003113
0.001085
0.003061
0.016134
0.001843
0.022672
0.000566
0.000396
0.000369
0.000534
0.001228
0.017782
0.005324
0.004502
0.000452
0.000608
0.019269
0.000485
0.016747
3.9e-05
0.001629
0.00113
0.002897
0.000107
0.018738
0.000373
0.001416
0.007232
0.013531
0.004706
0.000142
0.000976
0.002373
0.00086
0.000122
0.000715
0.001373
0.006109
0.000129
0.000561
0.000892
0.000588
0.004189
0.000239
0.001288
0.000535
0.003436
0.000396
0.008838
0.001452
0.000279
0.001435
0.016469
0.013526
0.014483
0.004115
0.034895
0.001101
0.000424
0.00069
2.1e-05
0.001823
0.018431
0.005712
0.025788
0.004816
0.004717
0.001019
0.001328
0.002475
5.8e-05
0.019351
0.00071
0.009802
0.000299
0.003575
0.024552
0.003053
0.007766
0.006048
0.000702
0.003382
0.01329
0.015552
0.002108
0.003794
0.003536
0.003289
4.9e-05
0.021239
0.000771
0.000626
0.000455
0.012182
0.006873
0.016164
0.008552
0.005312
0.007559
0.005165
8.7e-05
0.002162
0.00071
0.002097
0.000446
0.001746
0.03042
0.006437
0.002237
0.000508
0.009774
0.000119
0.002049
0.007783
0.000429
0.017552
0.003537
0.000805
0.022313
0.002949
0.000983
0.008779
0.002253
0.002753
0.001232
0.001338
0.001927
0.04241
0.005567
0.008528
0.002607
0.003092
0.014879
0.000682
0.005491
5.6e-05
8.7e-05
0.010462
0.010988
0.000283
0.018054
0.014887
0.00229
0.001016
0.004529
0.007887
0.011082
0.026884
0.002517
0.000111
0.01235
0.000427
0.010201
0.016709
5.2e-05
0.001154
7.8e-05
0.001731
1.1e-05
0.000359
0.003644
0.024809
0.009661
0.039258
0.004527
0.001421
0.007223
0.038943
0.019471
0.006338
0.007488
0.000634
0.016597
0.005782
0.003375
0.006194
0.012422
0.006068
0.000961
0.000255
0.017919
0.003567
0.000918
0.004285
0.017218
0.00094
0.000778
0.004786
0.030281
0.007105
0.010852
0.005692
0.014234
0.020349
0.012954
0.043847
0.000224
0.000667
0.000199
6.7e-05
0.002428
0.022952
0.019283
0.015136
0.0001
0.029321
0.003317
0.002162
0.000152
0.002227
3.3e-05
0.003041
0.002225
0.002391
0.000506
1.8e-05
0.002577
0.019007
0.002507
0.000157
0.000162
0.03477
0.00135
0.00151
0.000398
0.023264
0.002859
0.004052
0.00286
0.007381
0.00344
0.002423
0.000127
0.00492
0.008593
0.001406
0.008568
0.011596
0.000239
0.000114
0.000587
2.1e-05
0.001262
0.000243
0.0001
0.001396
0.012469
0.001917
0.00267
5.6e-05
0.002789
0.009501
0.01206
0.003028
0.047586
0.046548
0.000967
0.016928
0.001185
0.000702
0.004972
0.001353
0.009055
0.000343
0.006439
0.000108
4.6e-05
0.001159
0.007057
0.000322
0.013623
0.003333
0.005673
0.000757
0.000865
0.009549
0.001694
0.013123
0.000523
0.000414
0.003166
0.006565
0.000614
0.002925
0.016438
0.008503
0.000924
0.000732
0.003102
0.000949
0.0048
0.002458
0.00091
0.000694
0.029962
0.00509
0.000153
0.013169
0.012228
0.000205
0.005848
0.003355
0.004112
0.000805
0.008285
0.00141
0.005927
0.000481
0.000423
0.006491
5.5e-05
0.004569
0.002155
0.030571
0.001082
0.004572
0.008907
0.001531
0.025249
0.021236
0.001263
0.001921
0.000583
0.000984
0.008454
0.015656
0.003023
3.9e-05
0.000862
0.004855
0.001573
0.007075
0.006532
0.00927
0.002556
0.006339
0.008778
0.000145
0.000705
0.012243
0.000134
0.031094
0.007221
0.003557
0.006477
0.000708
0.00178
0.000377
0.00868
1.9e-05
0.000873
0.000112
0.000286
0.006694
0.020312
8e-05
0.003351
0.000394
0.001695
0.004771
0.004006
0.000615
0.001264
0.001465
0.016877
0.00047
0.001001
0.004215
0.000532
0.001758
0.001044
0.00559
0.000303
5.1e-05
0.006189
0.009471
0.002621
0.032197
6e-05
0.001119
0.027448
0.020215
0.001717
0.016887
0.001364
0.000483
0.001309
0.003921
0.001488
0.001582
0.002264
0.007083
0.004643
0.000592
0.002
0.000515
0.01838
0.002699
0.000813
0.007908
0.000129
0.000828
1.7e-05
0.006604
0.006466
0.000353
1.8e-05
0.004967
0.01155
0.02887
0.016315
0.015561
0.012354
0.000385
0.006732
0.001816
0.004925
0.000131
0.000902
0.000577
0.003714
0.015671
0.04141
0.000431
0.003309
0.007926
0.001298
0.00527
0.000432
0.001028
0.006292
0.00019
0.000456
0.002327
0.016095
0.000278
0.001162
0.003062
0.030283
0.007896
0.00016
0.000411
0.001384
0.000362
0.000207
8.8e-05
0.001049
0.014329
0.001179
0.000781
0.010746
0.006247
0.001498
0.001941
0.000138
0.000915
0.015354
0.017035
0.003029
0.001778
0.005538
0.000648
0.002168
0.010515
0.001124
0.001571
0.000901
0.000312
0.001538
0.050644
0.001145
0.006522
0.001527
0.001542
0.001567
0.002209
0.007358
0.00412
2.6e-05
0.014862
0.000486
0.002894
0.00192
0.003234
0.001889
0.002231
6.3e-05
0.002836
7.8e-05
0.008615
0.002382
0.001529
0.005852
0.014537
4.1e-05
0.000273
0.002619
0.002763
0.000199
0.000932
0.002178
0.000139
0.01507
0.000203
7.6e-05
0.004427
0.003925
0.000473
0.003367
0.01095
0.012787
0.006459
0.006148
0.01908
0.016596
0.001004
0.018464
0.005964
0.00151
0.018354
4.8e-05
0.006471
0.002363
0.000469
0.006315
0.000776
0.000831
0.003199
0.001287
0.002326
0.000557
0.000653
0.005071
0.000236
0.00045
0.001101
0.001127
0.016246
0.001346
0.001231
0.014699
0.003574
0.005895
0.00541
0.000131
0.000727
0.002758
0.000229
4.7e-05
0.005308
0.008931
0.00334
0.002643
0.002744
0.001206
0.00242
0.002833
0.001007
0.000167
0.009712
0.00309
0.000212
0.007609
0.000846
0.00399
0.001297
0.005005
0.003866
0.005512
0.000277
0.001709
0.040808
0.005662
0.022837
0.005897
0.000966
0.02512
0.000384
0.006698
0.005484
0.018083
0.004411
0.003577
0.002946
0.008902
0.00142
0.003541
0.000434
0.003196
0.011073
0.010029
0.005043
0.00142
0.013952
0.000306
0.001944
0.020821
0.00274
0.011883
0.003115
0.018185
0.000323
0.002941
0.002877
0.003235
0.001709
0.000141
0.039004
0.000273
0.008128
0.001989
0.001554
0.008434
0.000152
0.000313
0.002901
0.006131
0.018051
0.000321
0.001682
0.00011
0.005272
0.02359
0.001903
0.00021
0.002281
0.012089
0.000173
0.008348
0.000664
0.004349
0.017425
0.019066
0.002049
0.03469
0.001571
0.001145
0.005223
0.000164
0.009273
0.025063
0.000127
0.000336
0.00078
0.001563
0.001943
0.019179
0.016462
0.011804
0.00021
0.003054
0.01064
0.01063
0.008324
0.000643
0.027117
0.019479
0.003502
0.000235
0.007536
0.002014
0.055016
0.000239
0.012877
0.006249
0.001084
0.002778
0.002362
0.005617
0.000415
0.000714
0.004728
0.001636
0.012726
0.001827
0.003098
0.00069
0.003923
0.001566
0.000164
0.007765
0.048617
0.000108
0.003345
0.002547
0.002978
0.014106
0.00378
0.01068
0.027847
0.008098
0.000943
0.000564
0.000738
0.001206
0.006375
0.001304
0.001226
2.5e-05
0.000563
0.000802
0.00014
0.00224
0.000223
0.009633
0.00045
0.037219
0.00015
0.004546
0.000102
0.077731
0.000926
0.003527
0.001273
0.000119
0.000167
0.001898
0.005346
0.00507
0.00766
0.001617
0.020326
0.00066
0.004377
0.001021
0.001009
0.003886
0.005884
0.000118
0.004648
0.006154
0.004021
0.009619
0.01344
0.0042
0.000641
0.000349
0.012627
0.004423
0.005459
0.002084
0.000318
0.004747
0.000228
0.039454
0.014165
0.004414
0.003416
0.000102
0.001929
0.001958
0.002217
0.001019
0.017
0.002482
0.004989
0.002767
0.000465
0.000496
0.00316
0.035814
0.001647
0.006963
0.002708
7.9e-05
0.000488
0.007743
0.00569
0.004601
0.001364
4e-05
0.010358
0.001214
0.001006
0.022901
0.012046
9e-06
0.016317
0.00858
0.000204
0.011145
0.003013
0.003759
0.00361
0.028007
0.000127
0.003528
0.001209
0.020987
0.00302
0.004655
0.007786
2.3e-05
0.024393
0.003456
0.000258
0.001041
0.000259
0.001205
0.024226
0.001138
0.000539
0.001343
0.001147
0.004381
0.000789
0.001166
0.006786
0.01193
0.000403
0.002914
0.000674
0.016317
0.006454
0.024801
0.000312
0.026241
0.005231
0.004612
0.019038
0.000244
1.3e-05
6e-05
0.000548
0.005144
0.003555
0.005735
0.005903
0.024904
0.007359
0.00459
8.8e-05
0.000441
0.000358
0.003972
0.001014
0.005875
0.003586
0.000604
0.000436
7e-05
0.002471
0.003504
0.003117
0.014862
0.009509
0.000641
0.002985
6.4e-05
0.000174
7.3e-05
0.004004
0.008521
0.001944
0.023585
0.003101
0.001459
0.001899
0.000682
0.007409
0.007246
0.016545
0.001612
0.000825
0.00516
0.001857
0.011241
0.005886
0.001293
0.002906
0.00395
0.013085
0.003482
0.026012
0.001265
0.002015
0.009672
0.005109
0.0003
0.000473
0.000512
0.001802
0.002654
0.005758
0.001151
0.00342
0.032277
0.00851
0.038243
0.008747
0.001397
0.001265
0.021732
0.001823
0.000218
6e-05
0.000752
0.002688
0.01166
0.000726
0.00094
4.6e-05
0.008165
0.003314
0.000231
0.002834
0.005455
0.002465
0.027805
0.004269
0.008925
0.002811
0.001453
0.001109
0.041559
0.001906
0.002268
0.006548
0.002553
0.00308
0.001462
0.002705
0.000182
0.01271
0.017098
0.005248
0.007727
0.000203
0.003344
0.00027
0.003436
0.004694
0.001277
0.007511
0.001091
0.00015
0.003002
0.003231
0.001349
0.035405
0.006288
0.001132
0.004554
0.005808
0.003084
0.006251
0.000625
5.8e-05
0.00418
0.002893
0.004319
0.000289
0.003828
0.004467
0.021281
0.001382
1.4e-05
0.00532
0.000459
0.000315
7.9e-05
0.016913
0.000842
0.000481
0.006551
0.012071
0.007335
0.001145
0.009537
0.00022
0.030791
0.001501
0.010079
0.009859
0.00123
0.000247
0.00087
0.001933
0.00018
0.011102
0.001189
5.3e-05
4.3e-05
0.000899
0.001982
0.000806
5.5e-05
0.016771
0.000456
0.003101
0.002696
0.000304
0.002457
0.012077
0.004727
0.015824
0.005622
0.010809
0.000524
0.012483
0.000921
0.00818
0.000217
0.004064
0.001343
0.000732
0.007624
0.001132
0.000536
0.003243
0.000328
0.014261
0.000626
0.010456
0.000175
0.000212
0.002333
0.00599
0.005822
7.9e-05
0.009788
1.6e-05
0.003257
0.002853
0.001068
0.0002
0.000554
7e-05
6.4e-05
0.006302
0.00888
0.004256
0.001883
0.000237
0.044715
0.005937
0.048758
0.002602
0.011506
0.002673
0.004846
0.003834
9.4e-05
0.008891
0.023812
0.005848
0.005826
0.005213
0.004053
0.000886
0.002044
0.008518
0.006117
0.026976
0.000361
0.009416
0.04082
0.000311
0.008039
0.000502
0.014441
8e-05
0.000194
7.2e-05
0.006056
0.007322
0.004233
0.002282
0.017114
0.067982
0.004768
0.038655
0.007862
8.3e-05
0.007532
0.002574
0.002387
0.001153
0.01164
0.003755
0.000422
0.00261
0.001028
0.004342
0.009506
0.000395
0.002553
0.051323
0.004537
0.000756
0.000204
0.001691
0.000246
0.000805
0.019198
0.02942
0.002241
0.008815
0.009514
0.001383
0.005247
0.004953
0.000671
0.000193
0.002034
0.003055
0.000401
0.001248
0.0046
0.02237
