0.000732
0.003317
0.001233
0.003326
0.026371
0.001517
0.002953
0.02904
0.000673
0.022299
0.055319
0.013049
0.007747
0.003651
0.009498
0.003098
0.0172
0.048356
0.017826
0.025765
0.003325
0.000984
0.010738
0.004054
0.002567
0.012621
0.044764
0.009529
0.01194
0.009464
0.000656
0.006228
0.022378
0.002292
0.024644
0.002596
0.016036
0.01772
0.004782
0.021182
0.014075
0.004548
0.023317
0.007841
0.008718
0.00052
0.041543
0.016558
0.009896
0.002862
0.004237
0.005
0.00552
0.001853
0.001773
0.022251
0.011126
0.015805
0.004809
0.004709
0.005997
0.003919
0.006426
0.003245
0.011429
0.00399
0.019826
0.021335
0.0024
0.00704
0.027838
0.007404
0.00276
0.013319
0.031654
0.014356
0.008587
7.6e-05
0.063133
0.00033
0.000413
0.017206
0.023054
0.000781
0.003901
0.003437
0.00264
0.007393
0.014751
0.016858
0.014863
0.00793
0.023356
0.001797
0.003334
0.004427
0.00289
0.00492
0.009494
0.013299
0.036037
0.010285
0.019345
0.01904
0.016492
0.003657
0.002253
0.03752
0.009966
0.002897
0.010072
0.009098
0.000398
0.002106
0.009143
0.017051
0.046093
0.003248
0.009752
0.00512
0.027982
0.004629
0.001476
0.012053
0.000927
0.011774
0.018712
0.002305
0.008572
0.003674
0.00346
0.023292
0.020432
0.001706
0.004824
0.003808
0.006693
0.003851
0.000729
0.00386
0.031852
0.005785
0.019505
0.003193
0.001496
0.021511
0.006052
0.002554
0.005948
0.005498
0.017138
0.002401
0.00069
0.005065
0.003652
0.000442
0.004586
0.01956
0.007727
0.021033
0.001864
0.002376
0.006954
0.00102
0.00309
0.001961
0.000956
0.011753
0.001776
0.008274
0.032118
0.003172
0.007372
0.009977
0.024512
0.011728
0.045228
0.013808
0.011024
0.023989
0.00165
0.001682
0.003866
0.015953
0.000307
0.00021
0.000508
0.014702
0.005995
0.001458
0.009299
0.030439
0.004007
0.007321
0.008951
0.002608
0.012408
0.023348
0.018799
0.001545
0.01739
0.001703
0.003315
0.000974
0.0244
0.001575
0.006783
0.003706
0.006745
0.000426
0.001549
0.026356
0.041733
0.010018
0.010153
0.003072
0.014479
0.000597
0.004857
0.050188
0.006924
0.001286
0.000979
0.008833
0.035265
0.025975
0.000287
0.00561
0.042798
0.005252
0.026244
0.004657
0.011471
0.000477
0.002347
0.061143
0.011047
0.01
0.019939
0.040595
0.002745
0.015948
0.002278
0.023547
0.000261
0.026089
0.003786
0.000959
0.01522
0.013488
0.011788
0.007219
0.004646
0.001218
0.001465
0.002052
0.010617
0.001883
0.000836
0.008071
0.002127
0.027628
0.003286
0.000833
0.002811
0.001555
0.013339
0.014394
0.002762
0.004138
0.015295
0.023477
0.01162
0.023132
0.02255
0.00111
0.005806
0.008487
0.010956
0.018817
0.000831
0.000949
0.002085
0.025753
0.002147
0.005313
0.01014
0.02233
0.007056
0.002449
0.001918
0.009772
0.058921
0.051807
0.012188
0.00354
0.014456
0.0059
0.003491
0.002617
0.013252
0.026433
0.00471
0.052473
0.043615
0.044552
0.000143
0.005437
0.012649
0.011738
0.003692
0.005877
0.005308
0.014898
0.000295
0.000857
0.005589
0.034677
0.001329
0.006076
0.001429
0.003144
0.007076
0.012976
0.003506
0.002197
0.00234
0.006663
0.002711
0.010019
0.006606
0.005312
0.000447
0.011924
0.004383
0.002422
0.016947
0.003214
0.005807
0.010037
0.000612
9.7e-05
0.006189
0.011234
0.001534
0.003046
0.003739
0.003127
0.000521
0.000962
0.002282
0.017743
0.009975
0.010467
0.00068
0.01392
0.004885
0.007236
0.007132
0.006742
0.00206
0.000399
0.00563
0.00359
0.001789
0.00228
0.006824
0.040371
0.001517
0.001605
0.001896
0.00099
0.00598
0.019817
0.018392
0.009813
0.004838
0.01048
0.035182
0.000422
0.002639
0.004069
0.000174
0.005452
0.00885
0.006713
0.008878
0.006134
0.014911
0.017348
0.028738
0.005119
0.02596
0.002977
0.010802
0.03176
0.015424
0.002491
0.002583
0.006046
0.055224
0.008934
0.001159
0.001521
0.002471
0.00628
0.017138
0.014215
0.022382
0.006783
0.02177
0.002463
0.009478
0.002357
0.006124
0.010636
0.013471
0.001211
0.019067
0.034388
0.016087
0.009219
0.004178
0.002335
0.023439
0.016487
0.003427
0.031843
0.036527
0.005685
0.00188
0.002934
0.01951
0.008197
0.035239
0.010024
0.010866
0.001324
0.004035
0.012584
0.01324
0.015172
0.004354
0.008428
0.008998
0.001626
0.016438
0.007781
0.014968
0.01033
0.000244
0.011845
0.026372
0.003617
0.000924
0.011078
0.012102
0.025694
0.014669
0.016734
0.043671
0.00127
0.000995
0.01104
0.002241
0.019019
0.001576
0.002968
0.000717
0.003171
0.000366
0.018225
0.003812
0.002067
0.002714
0.016203
0.01784
0.007402
0.001309
0.000877
0.006423
0.000253
0.023814
0.005974
0.002709
0.021868
0.004194
0.019955
0.009899
0.02326
0.004564
0.006342
0.012232
0.049611
0.007995
0.00139
0.001084
0.005613
0.009627
0.006446
0.003784
0.001551
0.009739
0.004764
0.00163
0.002267
0.008808
0.006205
0.047262
0.006567
0.007788
0.012064
0.004425
0.004618
0.028972
0.014273
0.017372
0.007787
0.047072
0.004663
0.005032
0.003831
0.003467
0.008742
0.001485
0.004053
0.112054
0.005821
0.027287
0.002178
0.004596
0.002481
0.020343
0.010534
0.033463
0.001416
0.004673
0.014471
0.028177
0.001898
0.037505
0.005642
0.005078
0.038684
0.030047
0.009904
0.027678
0.018512
0.00674
0.000212
0.014335
0.003743
0.016398
0.012425
0.001932
0.003896
0.01999
0.003861
0.017484
0.013959
0.001527
0.02484
0.015261
0.011297
0.000726
0.003649
0.001089
0.007857
0.000886
0.022043
0.005111
0.000288
0.005682
0.006215
0.002663
0.01833
0.016161
0.000274
0.00231
0.002528
0.02061
0.002066
0.022919
0.000602
0.004963
0.006465
0.000503
0.010499
0.031487
0.006321
0.003138
0.028865
0.002614
0.013367
0.000989
0.001947
0.030295
0.011488
0.003829
0.008478
0.000398
0.0005
0.00532
0.001011
0.026944
0.030084
0.001643
0.020856
0.000134
0.029168
0.011155
0.013069
0.008666
0.010362
0.013604
0.0194
0.008123
0.002267
0.023601
0.002041
0.003457
0.021654
0.009804
0.021042
0.014575
0.001831
0.022493
0.001487
0.007175
0.013172
0.003046
0.001771
0.003282
0.020197
0.00923
0.00994
0.016
0.033498
0.01454
0.03252
0.001054
0.025545
0.005532
0.002001
0.011029
0.016677
0.024256
0.014289
0.003215
0.017466
0.006407
0.017766
0.002686
0.017345
0.004874
0.040787
0.004609
0.0001
0.010741
0.018823
0.003121
0.026047
0.017571
0.001551
0.019327
0.005529
0.004583
0.014736
0.008079
0.009125
0.003974
0.018691
0.016025
0.000968
0.009564
0.01399
0.006209
0.000199
0.012238
0.007281
0.021913
0.015069
0.001837
0.014478
0.034454
0.002102
0.01392
0.022276
0.024484
0.02414
0.007144
0.040337
0.00187
0.021501
0.005555
0.003595
0.011601
0.000127
0.023497
0.005266
0.019141
0.000797
0.020247
0.031082
0.002487
0.001832
0.033514
0.001494
0.016003
0.002754
0.002149
0.013312
0.006702
0.037362
0.001309
0.00133
0.006633
0.035026
0.004701
0.016136
0.005376
0.000256
0.00774
0.00145
0.00166
0.028949
0.026764
0.006143
0.000209
0.01727
0.015262
0.001182
0.019818
0.03053
0.007631
0.004791
0.004673
0.021705
0.022129
0.008485
0.002495
0.044013
0.029527
0.022468
0.013398
0.005196
0.007886
0.015244
0.010423
0.002296
0.002354
0.038922
0.013726
0.004061
0.002631
0.001546
0.043024
0.001364
0.053322
0.003875
0.00337
0.004089
0.001748
0.013756
0.029297
0.006221
0.031993
0.010235
0.006384
0.011681
0.089117
0.000747
0.00169
0.001474
0.003618
0.014454
0.021281
0.021758
0.001147
0.029126
0.011024
0.013685
0.003979
0.007174
0.007532
0.015253
0.025681
0.002971
0.004776
0.005152
0.014248
0.003228
0.002725
0.019304
0.005131
0.002014
0.007823
0.00251
0.000954
0.033051
0.008272
0.001773
0.002184
0.014348
0.010123
0.000867
0.007439
0.012181
0.006753
0.00194
0.013097
0.007566
0.000756
0.000552
0.024371
0.00044
0.027085
0.009865
0.031459
0.000117
0.01949
0.001669
0.000201
0.000842
0.015593
0.010124
0.013646
0.006498
0.003291
0.000822
0.000481
0.024873
0.010629
0.001975
0.061759
0.038173
0.00503
0.016947
0.016667
0.023733
0.002106
0.001475
0.006588
0.015761
0.002043
0.001942
0.020954
0.002057
0.010522
0.001018
0.002674
0.005879
0.03868
0.002692
0.0094
0.006746
0.006017
0.002001
0.017502
0.006601
0.003829
0.001275
0.006425
0.01726
0.00268
0.002486
0.008873
0.018939
0.028417
0.010194
0.000257
0.055936
0.008556
0.01742
0.001655
0.020777
0.034654
0.019062
0.003908
0.025498
0.013447
0.004849
0.002075
0.008387
0.001307
0.003245
0.001041
0.038573
0.000722
0.018688
0.008569
0.003486
0.011719
0.033906
0.006959
0.028772
0.086167
0.001992
0.00513
0.004569
0.024013
0.001859
0.018593
0.021278
0.018642
6.4e-05
0.007724
0.001492
0.00287
0.003746
0.001714
0.019146
0.001919
0.011325
0.005544
0.008964
0.029919
0.141247
0.002511
0.008424
0.009089
0.000439
0.046259
0.00054
0.006022
0.007175
7.5e-05
0.007293
0.000874
0.01009
0.007616
0.003489
0.016695
0.008562
0.002844
0.000415
0.000331
0.026039
0.003484
0.021071
0.000552
0.003623
0.018808
0.015627
0.001546
0.009566
0.012432
0.000311
0.004281
0.000104
0.003588
0.012474
0.007648
0.000969
0.021423
0.004566
0.020184
0.004357
0.014285
0.00037
0.000261
0.01477
0.011212
0.007859
0.003469
0.006235
0.006065
0.032779
0.003344
0.000766
0.012766
0.007296
0.041195
0.011144
0.010056
0.000787
0.021477
0.005873
0.010384
0.013691
0.000372
0.003176
0.008752
0.018589
0.006048
0.009696
0.005761
0.013967
0.004356
0.033423
6.7e-05
0.019329
0.000664
0.000562
0.011592
0.022484
0.001181
0.001939
0.007796
0.017382
0.016884
0.000222
5e-05
0.005979
0.003912
0.007122
0.001634
0.008384
0.016786
0.003439
0.014729
0.006899
0.001367
0.016589
0.000525
0.004594
0.023185
0.001826
0.018889
0.000763
0.003273
0.005427
0.001068
0.000625
0.037751
0.021115
0.010914
0.042221
0.02426
0.001374
8.1e-05
0.008528
0.003522
0.011482
0.007414
0.003492
0.005288
0.008273
0.004889
0.001786
0.000603
0.001072
0.009258
0.000456
0.0008
0.024959
0.032117
0.001422
0.02203
0.021965
0.002835
0.018984
0.011133
0.007035
0.028929
0.002274
0.002242
0.025096
0.003135
0.006032
0.021821
0.002615
0.043992
0.003846
0.002593
0.001009
0.012552
0.006058
0.014033
0.001029
0.017709
0.012917
0.033144
0.015478
0.015467
0.011293
0.006138
0.006208
0.006679
0.02054
6.9e-05
0.025756
0.004644
0.000632
0.039836
0.009171
0.017892
0.004868
0.01696
0.003008
0.006575
0.023498
0.02737
0.021483
0.000742
0.008179
0.014731
0.0021
0.017821
0.040126
0.045663
0.002893
0.004232
0.013046
0.033474
0.000233
0.032793
0.005815
0.001918
0.000616
0.009548
0.010182
0.021976
0.011193
0.00108
0.002811
0.042027
0.028472
0.013358
0.016084
0.035342
0.007946
0.018951
0.006521
0.001332
0.013276
0.001713
0.014421
0.005778
0.006488
0.007541
0.036299
0.016547
0.021228
0.033695
0.00962
0.006245
0.000688
0.004057
0.005482
0.046366
0.000962
0.007599
0.013017
0.001905
0.000932
0.009547
0.021466
0.020129
0.00142
0.000813
0.000422
0.004509
0.002231
0.00922
0.000132
0.002089
0.006484
0.001635
0.03491
0.018551
0.015174
0.010234
0.026123
0.074505
0.003242
0.010381
0.00862
0.007662
0.009287
0.007998
0.000613
0.014632
0.013122
0.005032
0.012988
0.001203
0.014312
0.004034
0.000355
0.004439
0.00271
0.010027
0.030508
0.011632
0.000415
0.015657
0.005017
0.004768
0.021513
0.008274
0.020315
0.010875
0.014063
0.000481
0.000158
0.005725
0.00587
0.014107
0.004525
0.010357
0.002033
0.000429
0.000423
0.017413
0.000847
0.011
0.001545
6.6e-05
0.011281
0.01013
0.005802
0.006185
0.001096
0.002104
0.001234
0.024226
0.003848
0.00279
0.006074
0.004602
0.010672
0.00653
0.023656
0.001692
0.01258
0.003479
0.010109
0.015208
0.00241
0.000188
0.00195
0.009011
0.010767
0.020951
0.001317
0.002122
0.00527
0.014469
0.005784
0.030331
0.003274
0.000138
0.011329
0.011602
0.031892
0.000374
0.00112
0.037052
0.008893
0.002509
0.019598
0.003849
0.014045
0.001664
0.002451
0.02066
0.026924
0.00791
0.00323
0.032851
0.016343
0.002389
0.018614
0.00262
0.001923
0.003598
0.004909
0.035759
0.003108
0.013686
0.003286
0.013446
0.002439
0.016935
0.00263
0.000673
0.000539
0.007783
0.001245
0.01414
0.050631
0.001401
0.00752
0.008555
0.007333
0.005227
0.000727
0.00199
0.005861
0.002662
0.00653
0.032205
0.001618
0.011286
0.055677
0.025382
0.0314
0.035665
0.017227
0.007825
0.015001
0.010107
0.038349
0.003868
0.044048
0.000786
0.003748
0.000595
0.003822
0.002081
0.000536
0.023326
0.034418
0.002506
0.000631
0.007578
0.006802
0.014027
0.004734
0.01577
0.001568
0.000135
0.001765
0.017086
0.004694
0.002074
0.00107
0.001825
0.000438
0.002925
0.003145
0.001505
0.018886
0.014172
0.000519
0.011442
0.044482
0.001166
0.015502
0.017035
0.001662
0.035451
0.003144
0.011449
0.062594
0.001192
0.001135
0.002103
0.023953
0.013465
0.016628
0.010988
0.022036
0.02054
0.021692
0.000664
0.000859
0.026704
0.022994
0.014456
0.003554
0.015964
0.013308
0.011312
0.000484
0.006283
0.019259
0.025483
0.000294
0.000102
0.045726
0.000981
0.002958
0.027362
0.017374
0.008189
0.008731
0.013578
0.005737
0.026518
0.008027
0.002547
0.002985
0.01322
0.026383
0.003554
0.003322
0.00233
0.037724
0.001939
0.006836
0.012695
0.00152
0.002139
0.079843
0.00903
0.00024
0.004628
0.00538
0.011208
0.00793
0.024183
0.005932
0.018599
0.025484
0.024691
0.033817
0.002257
0.006154
0.000685
0.005212
0.000255
0.0095
0.010677
0.000424
0.021632
0.035468
0.001342
0.029454
0.005571
0.000707
0.008696
0.062226
0.001418
0.00259
0.008179
0.056168
0.004537
0.002979
0.008039
0.006619
0.007653
0.000806
0.013208
0.008403
0.016846
0.010216
0.007545
0.004467
0.007713
0.017999
0.002761
0.020587
0.006277
0.001277
0.007098
0.012035
0.007476
0.01597
0.043022
0.000839
0.000306
0.003262
0.002715
0.001374
0.00339
0.00514
0.032706
0.031104
0.002116
0.003451
0.002494
0.031369
0.013725
0.014165
0.002215
0.009075
0.002178
0.026603
0.002208
0.0076
0.003419
0.004691
0.001284
0.00257
0.002481
0.019942
0.014179
0.027978
0.002528
0.00467
0.006531
0.002
0.006873
0.05465
0.002598
0.007378
0.009479
0.004923
0.008371
0.022149
0.00181
0.014094
0.005009
0.016872
0.015595
0.008559
0.011989
0.012778
0.019584
0.014621
0.018359
0.019175
0.01214
0.001446
0.017548
0.000181
0.017084
0.01382
0.033023
0.0126
0.001325
0.000336
0.01839
0.009401
0.003124
0.000906
0.00233
0.011579
0.012916
0.002871
0.0141
0.000159
0.026008
0.009942
0.008401
0.012396
0.000365
0.007408
0.002078
0.01418
0.001106
0.017386
0.007333
0.079106
0.001408
0.011457
0.005522
0.024
0.015361
0.006655
0.003544
0.001557
0.022789
0.0084
0.004428
0.013028
0.001213
0.00701
0.019628
0.001817
0.022097
0.002439
0.011638
0.002359
0.065638
0.003114
0.008927
0.014923
0.005464
0.0017
0.024036
0.019569
0.040825
0.033274
0.007017
0.011621
0.011561
0.007978
0.009112
0.008648
0.002053
0.000201
0.009367
0.003164
0.008624
0.035436
0.0057
0.002013
0.016803
0.004335
0.002225
0.014003
0.011777
0.01215
0.019333
0.032064
0.000815
0.015635
0.007767
0.001187
0.003496
0.050314
0.066764
0.002744
0.003758
0.008786
0.000976
0.004594
0.021604
0.013059
0.023915
0.010913
0.014835
0.015652
0.013803
0.0206
0.032183
0.007512
0.036783
0.022022
0.015138
0.056902
0.003663
0.024585
0.007583
0.008171
0.004874
0.0139
0.041071
0.003656
0.027205
0.010767
0.013193
0.050278
0.000797
0.005874
0.016444
0.000464
0.004518
0.000552
0.01333
0.00888
0.006273
0.070073
0.015421
0.004092
0.000253
0.011454
0.009456
0.003745
0.001669
0.035861
0.047602
0.002699
0.024343
0.012654
0.03593
0.006185
0.063317
0.005769
0.003181
0.003858
0.047661
0.019032
0.008059
0.007255
0.025598
7.9e-05
0.001409
0.003303
0.001178
0.006165
0.003092
0.004167
0.030208
0.00066
0.014141
0.002552
0.001875
0.031068
0.006054
0.0093
0.017662
0.005444
0.005923
0.057737
0.000652
0.002612
0.042496
0.006993
0.001497
0.000413
0.002103
0.009895
0.013499
0.028332
0.000204
0.005569
0.011803
0.008255
0.00745
0.009395
0.007896
0.001705
0.024329
0.043775
0.028001
0.005895
0.008715
0.009197
0.016135
0.004341
0.011739
0.011938
0.003243
0.029957
0.002063
0.00355
0.008541
0.02461
0.002999
0.003634
0.000298
0.005204
0.00234
0.00479
0.000582
0.024601
0.007848
0.01601
0.000798
0.022138
0.002535
0.003823
0.000735
0.014761
0.075484
0.005164
0.053059
0.002879
0.010479
0.016585
0.006372
0.02049
0.000758
0.012449
0.005332
0.001274
0.032633
0.001679
0.046282
0.010788
0.009235
0.000402
0.02928
0.018856
0.000726
0.002656
0.005925
0.000523
0.001569
0.000555
0.002232
0.00049
0.000377
0.018863
0.019401
0.005868
0.013146
0.011647
0.003486
0.022885
0.004545
0.009013
0.013896
0.037734
0.010876
0.002596
0.011997
0.000329
0.016516
0.039368
0.011797
0.007148
0.017586
0.014642
0.000286
0.001541
0.007651
0.044508
0.001731
0.003889
0.009349
0.001894
0.008876
0.033237
0.006855
0.01003
0.00133
0.003484
0.021291
0.021624
0.002003
0.000875
0.038383
0.002636
0.000478
0.00632
0.044231
0.019533
0.035739
0.003755
0.008641
0.011791
0.036824
0.003157
0.007717
0.000997
0.019726
0.028317
0.001196
0.008683
0.019608
0.003084
0.002742
0.007258
0.022214
0.025865
0.004359
0.00485
0.002447
0.021051
0.026562
7.5e-05
0.013635
0.026697
0.007854
0.00516
0.00191
0.003255
0.012757
0.002249
0.016942
0.005598
0.012325
0.011805
0.019403
0.001042
0.004028
0.000989
0.023209
0.011672
0.002184
0.015942
0.017544
0.000138
0.015156
0.005108
0.01607
0.001528
0.002956
0.005793
0.007133
0.019591
0.010759
0.002353
0.014
0.028181
0.006437
0.00717
0.016259
0.006848
0.00054
0.012484
0.018459
0.000655
0.008544
0.010241
0.003323
0.01069
0.004225
0.002894
0.003105
0.023628
0.003565
0.020725
0.04867
0.003995
0.017937
0.000852
0.002413
0.004982
0.015355
0.000843
0.006128
0.00189
0.003494
0.019669
0.054452
0.00308
0.009038
0.019715
0.034666
0.01241
0.00041
0.003505
0.031357
0.001782
0.0018
0.025271
0.000282
0.020211
0.013239
0.01034
0.001214
0.002541
0.00077
0.012209
0.000593
0.003185
0.001098
0.002926
0.001563
0.002958
0.011613
0.027223
0.006048
0.002156
0.002359
0.005033
0.019814
0.000899
0.001707
0.002343
0.046581
0.01939
0.01364
0.000587
0.019449
0.010986
0.015909
0.005269
0.00409
0.016784
0.011199
0.004305
0.05668
0.001868
0.014098
0.035959
0.000401
0.007103
0.002925
0.007973
0.004538
0.009181
0.000915
0.060176
0.003232
0.002112
0.013434
0.005113
0.001357
0.015967
0.002297
0.003108
0.00051
0.001901
0.006604
0.016225
0.002829
0.011944
0.000569
0.003752
0.005944
0.011993
0.002714
0.006872
0.024885
0.002462
0.009336
0.004129
0.004393
0.007889
0.02074
0.002539
0.000829
0.001706
0.014722
0.009887
0.049269
0.002485
0.023075
0.011685
0.007826
0.002416
0.003129
0.028912
0.009855
0.004335
0.001307
0.001442
0.000188
0.002259
0.001016
0.000613
0.006983
0.012815
0.022101
0.004057
0.01544
0.001872
0.033934
0.005224
0.00899
0.004991
0.013555
0.00185
0.0028
0.001648
0.00066
0.005224
0.004507
0.015019
0.010104
0.00511
0.003496
0.004899
8.9e-05
0.000107
0.023581
0.012836
0.017069
0.002309
0.014474
0.000404
0.010047
0.003829
0.002104
0.003468
0.001156
0.004545
0.006656
0.002261
0.009615
0.008158
0.006939
0.0049
0.000616
0.013431
0.003434
0.004979
0.005168
0.001342
0.00825
0.002946
0.005672
0.01955
0.030402
0.00243
0.00252
0.026923
0.027447
0.031583
0.025507
0.028369
0.012085
0.019985
0.01007
0.00097
0.00682
0.000626
0.010332
0.009568
0.019326
0.011145
0.024901
0.002839
0.010807
0.001961
0.015206
0.040239
0.036622
0.003465
0.021998
0.018796
0.010211
0.002197
0.001352
0.009328
0.004047
0.001533
0.005635
0.002924
0.002528
0.003348
0.015896
0.010705
0.017702
0.000827
0.003881
0.002695
0.000286
0.002671
0.008945
0.00128
0.030123
0.000888
0.005776
0.008288
0.010274
0.00167
0.009399
0.002039
0.094064
0.014436
0.057449
0.022138
0.011326
0.000796
0.007049
0.003015
0.003674
0.019671
0.028019
0.00328
0.018195
0.036797
3.8e-05
0.003631
0.000453
0.012788
0.002575
0.012338
0.000276
0.020144
0.007145
0.003045
0.007571
0.038813
0.008993
0.003003
0.013678
0.004141
0.005842
0.006654
0.002001
0.004812
0.011854
0.001643
0.003002
0.001811
0.00705
0.00187
0.00123
0.006917
0.001151
0.011688
0.019966
0.005171
0.021019
0.007973
0.004211
0.003494
0.019444
0.007768
0.000409
0.009924
0.003376
0.022274
0.013815
0.008678
0.007531
0.002668
0.017926
0.001313
0.0024
0.050148
0.015857
0.006789
0.000324
0.006717
0.016532
0.009708
0.001757
0.004809
0.014482
0.005579
0.013158
0.021243
0.002871
0.004598
0.002272
0.017009
0.000825
0.002379
0.003043
0.023631
0.00612
0.000419
0.006329
0.007405
0.01327
0.006348
0.001194
0.007309
0.019119
0.002661
0.017968
0.012815
0.002134
0.002787
0.000105
0.00093
0.066302
0.028776
0.004464
0.004627
0.008431
0.000917
0.003956
0.009441
0.092447
0.013191
0.002765
0.002423
0.009141
0.001244
0.007505
0.000426
0.021548
0.013479
0.019528
0.009644
0.02679
0.000948
0.014794
0.017332
0.004947
0.013671
0.01008
0.016443
0.000979
0.011835
0.001449
0.00032
0.000648
0.000448
0.001268
0.019683
0.006466
0.000391
0.002793
0.002863
0.000956
0.040338
0.023775
0.014041
0.013011
0.000753
0.043121
0.032132
0.001857
0.032481
0.005149
0.008788
0.008115
0.000517
0.003695
0.019723
0.018869
0.00831
0.001827
0.0019
0.002906
0.000703
0.010512
0.020523
0.001364
0.028451
0.006021
0.023858
0.027824
0.00033
0.000779
0.005468
0.002551
0.017661
0.005133
0.001617
0.003036
0.005143
0.002902
0.007419
0.005612
0.008549
0.006368
0.013001
0.01489
0.004859
0.023996
0.004615
0.008537
0.020529
0.024945
0.007017
0.003626
0.002389
0.004207
0.003648
0.000878
0.001763
0.018538
0.000727
0.001187
0.020461
0.000373
0.001839
0.008136
0.001797
0.003645
0.030571
3.2e-05
0.003098
0.023847
0.016881
0.003777
0.002532
0.013252
0.001386
0.058493
0.001876
0.013045
0.001793
0.02097
0.010029
0.006736
0.009491
0.005255
0.01341
0.019494
0.003565
0.009072
0.030209
0.022217
0.021963
0.016862
0.050797
0.017712
0.003963
0.014802
0.00247
0.003269
0.020659
0.003422
0.002204
0.001192
0.002265
0.002037
0.007949
0.008398
0.001192
0.007637
0.000869
0.004992
0.011812
0.001252
0.004362
3.4e-05
0.007384
0.012936
0.061631
0.000202
0.000555
0.001015
0.002615
0.006276
0.018336
0.009549
0.000332
0.001878
0.000392
0.009701
0.005935
0.001571
0.025817
0.010862
0.000449
0.02019
0.00285
0.005422
0.037632
0.002094
0.01392
0.002325
0.011548
0.025028
0.001308
0.013121
0.058026
0.00014
0.000697
0.008039
0.001794
0.000848
0.005074
0.023274
0.025597
0.029432
0.009155
0.015379
0.009878
0.011947
0.036015
0.006795
0.044544
0.000735
0.018866
0.00855
0.014456
0.010943
0.004431
0.001875
0.009319
0.002782
0.021405
0.008588
0.043048
0.027199
0.01606
0.004959
0.00488
0.000244
0.000922
0.015514
0.008517
0.030583
0.000336
0.005423
0.000899
0.006968
0.000477
0.002826
0.042923
0.007705
0.001357
0.000304
0.003421
0.014954
0.035979
0.001101
0.018637
0.002988
0.024793
0.003936
0.0156
0.038415
0.00034
0.000161
0.002367
0.010948
0.024487
0.011653
0.034538
0.007561
0.004487
0.011146
0.088801
0.01483
0.019738
0.001933
0.000918
0.000916
0.000786
0.008413
0.000525
0.001881
0.055125
0.010166
0.001851
0.002269
0.014781
0.001371
0.015156
0.008769
0.002846
0.017732
0.017856
0.021992
0.001936
0.01908
0.031893
0.000742
0.007844
0.000747
0.030277
0.005924
0.016496
0.006828
0.005019
0.002736
0.001673
0.002099
0.000143
0.000499
0.016053
0.020481
0.00035
0.016404
0.026222
0.024058
0.018835
0.012356
0.004534
0.01209
0.002263
0.023513
0.010406
0.003024
0.005386
0.003489
0.002058
0.005737
0.000952
8.7e-05
0.004695
0.008415
0.025477
0.045659
0.002534
0.001418
0.003316
0.000667
0.063231
0.022877
0.00417
0.001093
0.012747
0.001848
0.039808
0.000119
0.002906
0.008369
0.014705
0.000894
0.000798
0.002378
0.001577
0.014253
0.02722
0.019468
0.002292
0.014289
0.00601
0.007446
0.030112
0.018244
0.016957
0.01066
0.011592
0.005454
0.001332
0.001511
0.001721
0.034175
0.019378
0.000662
0.054402
0.024036
0.001965
0.024516
0.0131
0.014305
0.009705
0.001456
0.012317
0.002152
0.009214
0.000717
0.021538
0.010233
0.002587
0.003548
0.00746
0.016532
0.003326
0.011123
0.040536
0.000514
0.033178
5.6e-05
0.000782
0.0044
0.022509
0.014812
0.018884
0.015611
0.018923
0.002156
0.004419
0.032282
0.031827
0.005398
0.014431
0.041072
0.025667
0.000204
0.001716
0.004922
0.014653
0.019705
0.015518
0.027179
0.009647
0.000396
0.095132
0.004169
0.011076
0.002548
0.042924
0.038264
0.001582
0.003218
0.024875
0.017473
0.001141
0.040596
0.013636
0.001834
0.003878
0.013746
0.0134
0.000851
0.002136
0.012616
0.002239
0.001512
0.03091
0.016761
0.035194
0.015322
0.018472
0.000215
0.028504
0.000694
0.008874
0.00159
0.024943
0.020515
0.011019
0.019848
0.014024
0.01203
0.002018
0.010607
0.004115
0.011291
0.000808
0.004565
0.018545
0.022471
0.00273
0.01956
0.023138
0.000759
0.001671
0.003877
0.0051
0.003891
0.004424
0.012666
0.010448
0.018726
0.018746
0.011579
0.001659
0.024071
0.003974
0.011986
0.008285
0.000369
0.018879
0.001811
0.001457
0.070587
0.003753
0.00087
0.005672
0.00208
0.000964
0.001311
0.00931
0.005661
0.007939
0.025147
0.00078
0.005552
0.000605
0.002367
0.025029
0.007877
0.001494
0.00249
0.000432
0.009229
0.001988
0.032936
0.014308
0.003317
0.001656
0.002703
0.007759
0.001214
0.001422
0.001534
0.002922
0.027039
0.000127
0.014556
0.009286
0.000136
0.003395
0.003068
0.007693
0.02413
0.01981
0.001776
0.015103
0.014977
0.002469
0.001116
0.00891
0.000327
0.029711
0.012099
0.020791
0.010869
0.010386
0.001716
0.016554
0.017255
0.027961
0.012979
0.005508
0.001123
0.009447
0.002527
0.000969
0.068322
0.002524
0.002024
0.011347
0.013762
0.035186
0.002441
0.004262
0.001767
0.003768
0.012145
0.009179
0.007346
0.003456
0.015043
0.013826
0.000799
0.003445
0.00264
0.036496
0.002474
0.026486
0.007188
0.007696
0.001606
0.003646
0.004444
0.010458
0.014666
0.004739
0.00246
0.011588
0.001485
0.034479
0.005636
0.004357
0.003309
0.002127
0.034249
0.005209
0.0288
0.002665
0.010744
0.001439
0.029976
0.013525
0.035741
8.6e-05
0.00089
0.000805
0.021457
0.004728
0.003833
0.00168
0.001586
0.008038
0.00075
0.009115
0.002272
0.000521
0.011181
0.001913
0.008595
0.021238
0.012022
0.005205
0.017533
0.002656
0.03124
0.024661
0.031061
0.000482
0.030058
0.036518
0.014868
0.029773
0.002861
0.00427
0.019687
0.043381
0.00717
0.006633
0.028511
0.014551
0.013521
0.017489
0.012154
0.004299
0.014972
0.009986
0.005777
0.005981
0.016088
0.023633
0.019273
0.006022
0.001338
0.005356
0.000644
0.015727
0.002599
0.009478
0.001441
0.014736
0.002858
0.002141
0.024953
0.007828
0.006889
0.01024
0.0205
0.003789
0.000164
0.003575
0.028973
0.003096
0.002152
0.010479
0.020254
0.007969
0.010558
0.007992
0.030689
0.006068
0.009026
0.001004
0.016332
0.016228
0.002546
0.001137
0.010086
0.001462
0.006587
0.027611
0.00128
0.016925
0.004257
0.011179
0.005043
0.018387
0.013856
0.007907
0.030447
0.017955
0.006959
0.004919
0.006225
0.002608
0.00468
0.001147
0.012538
0.004564
0.000506
0.009133
0.010028
0.009474
0.000797
0.003258
0.009339
0.004487
0.009516
0.014155
0.014465
0.037094
0.002459
0.000217
0.002015
0.003118
0.016454
0.004453
0.016757
0.003235
0.002526
0.005816
0.00103
0.002319
0.019777
0.000888
0.001332
0.006336
0.009211
0.001285
0.000387
0.000859
0.002166
0.00609
0.001529
0.014769
0.002065
0.002201
0.00231
0.000979
0.012212
0.027991
0.000667
0.011196
0.027793
0.024577
0.004758
0.025014
0.015888
0.014928
0.000161
0.002318
0.010085
0.001294
0.019348
0.009168
0.03713
0.00366
0.021516
0.000686
0.035168
0.000307
0.000727
0.013612
0.023504
0.002288
0.002027
0.019508
0.005577
0.002356
0.001955
0.004875
0.003242
0.004958
0.000338
0.0015
0.03259
0.023313
0.00229
0.025259
0.001628
0.003782
0.004532
0.006308
0.018925
0.004008
0.012323
0.00038
0.009546
0.002644
0.010112
0.038145
0.002104
0.013398
0.018563
0.000797
0.010422
0.014417
0.008993
0.001271
0.000411
0.03034
0.001585
0.022502
0.005577
0.02231
0.033258
0.000677
0.002923
0.025705
0.013971
0.004375
0.000627
0.018692
0.028983
0.002286
0.027443
0.0181
0.00594
0.001347
0.004704
0.015728
0.015167
0.002652
0.000589
0.012891
0.000721
0.003655
0.0257
0.001751
0.016599
0.02966
0.023223
0.0163
0.003027
0.00617
0.035274
0.017572
0.013147
0.000556
0.008155
0.004372
0.001404
0.011777
0.028733
0.001671
0.028276
0.006425
0.000525
0.00025
0.004153
0.008662
0.020861
0.005985
0.001593
0.00269
0.002499
0.019111
0.006907
0.003008
0.026978
0.000892
0.017189
0.048992
0.011364
0.000445
0.002229
0.002062
0.001918
0.001
0.013935
0.031321
0.005625
0.002846
0.004827
0.009133
0.008482
0.001544
0.00704
0.000562
0.002868
0.000141
0.005151
0.018227
0.000852
0.019453
0.001035
0.021242
0.010809
0.005079
0.02412
0.002148
0.002013
0.001876
0.001098
0.008602
0.001341
0.007619
0.00673
0.004028
0.019767
0.00188
0.026373
0.025248
0.000423
0.064011
0.007322
0.052319
0.001196
0.004498
0.016688
0.012124
0.037697
0.02014
0.002923
0.063537
0.013523
0.011099
0.001162
0.001497
0.018835
0.006274
0.006031
0.019352
0.027013
0.002827
0.002717
0.001652
0.0004
0.02092
0.030654
0.02659
0.014498
0.006212
0.009828
0.001442
0.008218
0.000584
0.000873
0.015818
0.032706
0.011363
0.002862
0.002072
0.005519
0.010464
0.001867
0.036629
0.0009
0.013292
0.005659
0.002846
0.03022
0.016751
0.00098
0.038621
0.003815
0.009241
0.000488
0.015795
0.006169
0.014329
0.000567
0.024955
0.025299
0.00228
0.003794
0.002471
0.008082
0.001893
0.000323
0.024804
0.001693
0.012598
0.013261
0.030291
0.005871
0.03664
0.011985
0.017986
0.002406
0.0196
0.002196
0.002249
0.011359
0.020475
0.001115
0.006462
0.018767
0.001973
0.000405
0.000533
0.000246
0.000789
0.012977
0.048343
0.005228
0.010401
0.004371
0.002601
0.005589
3.6e-05
0.010142
0.001304
0.018662
0.003301
0.018189
0.019546
0.017285
0.005057
0.003474
0.004962
0.011094
0.002267
0.007987
0.003844
0.013883
0.019303
0.005258
0.003147
0.008744
0.013603
0.006698
0.000479
0.003639
0.01284
0.002964
0.008385
0.009171
0.029706
0.007509
0.004109
0.039326
0.003295
0.011639
0.001423
0.013229
0.050421
0.014669
0.000509
0.011101
0.000952
0.009122
0.021544
0.005471
0.01212
0.004967
0.00426
0.005078
0.004322
0.001631
0.002601
0.025133
0.027213
0.000593
0.002892
0.01229
0.00316
0.043735
0.013619
0.002898
0.007955
0.011638
0.043417
0.002123
0.020532
0.002315
0.015879
0.010453
0.002387
0.012962
0.064767
0.012604
0.002916
0.006438
0.018416
0.000871
0.005202
0.003372
0.009431
0.000547
0.002158
0.017235
0.007116
0.003479
0.012088
0.001055
0.026012
0.027478
0.022815
0.0165
0.003157
0.010262
0.000587
0.028522
0.002904
0.00375
0.008601
0.019808
0.005623
0.006881
0.00171
0.007719
0.003334
0.002195
0.005418
0.011035
0.001627
0.002004
3.9e-05
0.006798
0.00076
0.020026
0.011896
0.035341
0.012121
0.006198
0.017345
0.002591
0.023404
0.00145
0.000936
0.00268
0.006082
0.016626
0.006321
0.032259
0.005863
0.000769
0.022369
0.004748
0.002489
0.008145
0.001288
0.010562
0.020231
0.006749
0.023246
0.004104
0.002856
0.012984
0.015443
0.00241
0.014633
0.005364
0.025378
0.00696
0.005335
0.001784
0.021514
0.003377
0.002762
0.044946
0.001634
0.000846
0.001072
0.004586
0.022526
0.032401
0.003179
0.000989
0.000888
0.00663
0.008976
0.000135
0.002369
0.024556
0.000762
0.005843
0.016466
0.004272
0.020569
0.005394
0.008403
0.031594
0.000336
0.018769
0.008146
0.001614
0.019524
0.001568
0.006347
0.016842
0.026815
0.01505
0.023427
0.00173
0.00579
0.001096
0.001657
0.002247
0.00219
0.006134
0.004553
0.003542
0.021148
0.031338
0.050728
0.014994
0.01119
0.006749
0.010845
0.004679
0.000298
0.003519
0.001167
0.036653
0.009483
0.015856
0.010487
0.022257
0.018333
0.017803
0.011705
0.024582
0.011334
0.013973
0.000643
0.004812
0.040955
0.006282
0.000417
0.019121
0.028911
0.002092
0.01715
0.003975
0.039153
0.007227
0.014709
0.003538
0.003744
0.004888
0.000508
0.006985
0.004651
0.059319
0.016354
0.004794
0.00084
0.007103
0.002992
0.019987
0.023826
0.014433
0.00802
0.002547
0.02655
0.010428
0.002758
0.033303
0.021819
0.005886
0.003266
0.000605
0.001751
0.002082
0.001122
0.010714
0.004562
0.001628
0.000824
0.012355
0.01713
0.002618
0.000934
0.008788
0.021165
0.016302
0.015197
0.00645
0.007775
0.022999
0.002505
0.006737
0.004079
0.001743
0.003934
0.009072
0.010473
0.005493
0.001144
0.005462
0.006699
0.00649
0.002121
0.003977
0.001777
0.007726
0.014666
0.001207
0.010842
0.002631
0.010241
0.029694
0.029081
0.021194
3e-05
0.027594
0.025489
0.00862
0.02369
0.030775
0.000774
0.01912
0.000212
0.007012
0.004737
0.007162
0.024735
0.019508
0.002421
0.017313
0.002184
0.003913
0.00214
0.006134
0.014294
0.0137
0.006741
0.004375
0.002826
0.034559
0.018508
0.005261
0.005765
0.026781
0.002118
0.014079
0.009978
0.002149
0.033464
0.006916
0.000435
0.015181
0.016742
0.015549
0.003706
0.017762
0.013711
0.000257
0.030083
0.025992
0.009576
0.006175
0.001093
0.006114
0.001835
0.027952
0.071141
0.009055
0.003756
0.003616
0.014618
0.036964
0.022027
0.032839
0.012029
0.024852
0.017445
0.005439
0.016941
0.005353
0.052033
0.005084
0.005623
0.018577
0.002323
0.031495
0.003178
0.008959
0.000936
0.004547
0.015816
0.004887
0.002235
0.001966
0.014373
0.003526
0.00259
0.019606
0.012424
0.031778
0.016092
0.002653
0.007344
0.000244
0.00472
0.027074
0.013183
0.000941
0.000853
0.000174
0.006799
0.011238
0.03068
0.001522
0.001049
0.006175
0.00507
0.00288
0.01106
0.009977
0.00057
0.003105
0.002298
0.003445
0.006471
0.002233
0.001173
0.013061
0.012963
0.003737
0.007961
0.003436
0.007774
0.007401
0.004114
0.029799
0.000358
0.001613
0.017525
0.021293
0.011749
0.010912
0.010407
0.011544
0.012419
0.012745
0.009382
0.017314
0.003918
0.006946
0.000984
0.006564
0.013993
0.011822
0.005492
0.000607
0.0106
0.014788
0.012811
0.002259
0.004894
0.027758
0.013477
0.005635
0.02262
0.00823
0.014954
0.018593
0.000526
0.009234
0.002227
0.010645
0.008148
0.007159
0.008006
0.014122
0.010247
0.003089
0.014211
0.005405
0.014201
0.003791
0.008357
0.005795
0.015893
0.006602
0.002747
0.003195
1.7e-05
3.1e-05
0.030965
0.001593
0.018092
0.008524
0.054229
0.000207
0.009916
0.000786
0.013164
0.012966
0.010682
0.026416
0.000524
0.030004
0.000533
0.015617
0.009802
0.008005
0.031631
0.001637
0.008916
0.047074
0.006663
0.017976
0.001872
0.032691
0.002369
0.019098
0.000902
0.002567
0.019005
0.018065
0.002477
0.025104
0.030207
8.6e-05
0.013544
0.002465
0.003664
0.02166
0.010261
0.000659
0.005266
0.005971
0.00046
0.018988
0.002195
0.020377
0.016978
0.000537
0.004239
0.009568
0.002225
0.013125
0.074931
0.030983
0.006231
0.012665
0.006073
0.001937
0.001422
0.002434
0.020175
0.002845
0.004707
0.029947
0.034729
0.000509
0.001301
0.005548
0.020788
0.010541
0.000532
0.041462
0.001797
0.014701
0.007336
0.011983
0.009064
0.0105
0.000459
0.009169
0.008707
0.018503
0.003677
0.005311
0.01558
0.001999
0.003763
0.001459
0.006699
0.013528
0.000418
0.018432
0.000784
0.010754
0.044293
0.012883
0.004698
0.033499
0.000977
0.007518
0.001121
0.003448
0.006689
0.0022
0.01376
0.020059
0.007316
0.018973
0.002419
0.032021
0.029322
0.005437
0.007698
0.002238
0.01111
0.019192
0.008592
0.013836
0.001525
0.001918
0.014995
0.001893
0.007801
0.001349
0.016143
0.037094
0.002015
0.035438
0.002967
0.000393
0.00444
0.05064
0.004265
0.015127
0.002901
0.008224
0.002207
0.000345
0.006749
0.020406
0.024556
0.002593
0.014118
0.001202
0.021013
0.002697
0.005267
0.02106
0.006729
0.001621
0.001446
0.001226
0.000876
0.049417
0.002225
0.000679
0.007897
0.020381
0.02028
0.013721
0.001069
0.003767
0.016195
0.001527
0.015345
0.005956
0.013224
0.000337
0.010662
0.014949
0.001066
0.001056
0.000672
0.003567
0.002991
0.002281
0.021398
0.000673
0.020772
0.003687
0.004681
0.017246
0.013616
0.004279
0.035835
0.012872
0.02347
0.004237
0.006468
0.008544
0.00793
0.025229
0.001454
0.011566
0.000777
0.002711
0.000153
0.043927
0.001518
0.032405
0.004649
0.002226
0.014768
0.003012
0.035613
0.019333
0.012216
0.021102
0.00026
0.00121
0.000494
0.118709
0.011639
0.001017
0.004062
0.003173
0.029102
0.00082
0.004241
0.019783
0.00269
0.013135
0.00493
0.058872
0.000625
0.009077
0.009245
0.013558
0.00089
0.002528
0.003693
0.001158
0.011983
0.038651
0.008694
0.002227
0.003694
0.006088
0.003736
0.002456
0.008192
0.018672
0.00314
0.017222
0.005296
0.014744
0.001212
0.015817
0.018426
0.021239
0.002797
0.02593
0.012844
0.007857
0.024511
0.00213
0.003125
0.014595
0.02067
0.001755
0.000802
0.050721
0.001625
0.034455
0.006669
0.003757
0.001563
0.000115
0.000757
0.005531
0.001238
0.008562
0.050435
0.012569
0.023686
0.012155
0.009621
0.009057
0.006022
0.002542
0.012185
0.001285
0.014979
0.030766
0.013906
0.032881
0.009
0.005407
0.026855
0.015709
0.001094
0.003208
0.019056
0.001113
0.023926
0.018544
0.001252
0.00207
0.039405
0.011185
0.03477
0.0157
0.035423
0.02744
0.001402
0.005681
0.004431
0.020702
0.004558
0.003234
0.018122
0.023861
0.00159
0.001737
0.018009
0.001142
0.004031
0.02162
0.015632
0.012563
0.014215
0.02217
0.02128
0.004476
0.000526
0.02893
0.001601
0.048671
0.002757
0.000743
0.015436
0.000768
0.011124
0.017856
0.054517
0.009723
0.007103
0.001816
0.004711
0.001626
0.010554
0.000374
0.011873
0.001856
0.002811
0.016404
0.035956
0.041934
0.006236
0.022039
0.025588
0.006426
0.001677
0.0202
0.00836
0.019117
0.034222
0.017568
0.005575
0.012634
0.050722
0.021806
0.001564
0.032168
0.004209
0.028459
0.035054
0.015407
0.036794
0.005366
0.000705
0.001361
0.002786
0.031427
0.014982
0.003878
0.007456
0.001234
0.033485
0.001933
0.010217
0.010296
0.058186
0.035919
0.001894
0.003076
0.002755
0.002757
0.000505
0.001862
0.002464
0.002063
0.009135
0.012526
0.003985
0.017962
0.017707
0.009481
0.029101
0.001875
0.006324
0.000817
0.026735
0.005448
0.000519
0.017559
0.030306
0.0221
0.003087
0.02769
0.027703
0.00276
0.015053
0.040556
0.050108
0.000537
0.015824
0.015683
0.024105
0.01542
0.033806
0.009882
0.001704
0.001448
0.003966
0.003167
0.008673
0.002044
0.002487
0.011916
0.01554
0.001066
0.009949
0.0074
0.001237
0.005799
0.003018
0.000736
0.029179
0.007289
0.003044
0.015166
0.000364
0.003828
0.036495
0.000625
0.002925
0.000764
0.00055
0.030475
0.003887
0.027051
0.006737
0.001353
0.001564
0.01125
0.035328
0.011468
0.02328
0.019444
0.000327
0.00432
0.025541
0.005989
0.004467
0.01676
0.001301
0.001369
0.004012
0.026217
0.001612
0.003168
0.013122
0.017177
0.000553
0.035982
0.009299
0.002696
0.013657
0.005194
0.006073
0.000624
0.005347
0.015136
0.005531
0.00217
0.002966
0.000632
0.019374
0.000979
0.001207
0.00017
0.009337
0.006117
0.03297
0.016858
0.024708
0.001922
0.027888
0.001737
0.007815
0.001913
0.001578
0.013251
0.010319
0.001311
0.002256
0.003648
0.007662
0.003879
0.001966
0.000781
0.002817
0.009843
0.015701
0.001744
0.016504
0.025459
0.00564
0.007502
0.000859
0.002451
0.019707
0.000208
0.029962
0.004594
0.040894
0.004573
9.6e-05
0.018662
0.001682
0.002895
0.011732
0.001268
0.020362
0.003548
0.001905
0.01287
0.012078
0.007618
0.021592
0.018549
0.004053
0.018332
0.016946
0.019509
0.024256
0.004639
0.012618
0.017409
0.00595
0.015326
0.001084
0.002026
0.001783
0.034534
0.021493
0.00574
0.013965
0.001911
0.003262
0.004977
0.006697
0.001213
0.00645
0.020563
0.014876
0.000975
0.016636
0.006347
0.009309
0.001954
0.002388
6.7e-05
0.012822
0.0017
0.017686
0.01558
0.005646
0.022819
0.023918
0.001361
0.000872
0.017493
0.017991
0.016131
0.019658
0.013452
0.033573
0.04683
0.001854
0.003748
0.008896
0.002743
0.023984
0.033426
0.002294
0.000741
0.001186
0.000171
0.003562
0.003656
0.023675
0.001456
0.015053
0.022247
0.027766
0.000382
0.01408
0.025387
0.009993
0.004368
0.002642
0.014367
0.001076
0.027502
0.021193
0.013752
0.017065
0.022417
0.014388
0.000532
0.000658
0.007172
0.017435
0.007339
0.002542
0.000958
0.004618
0.018654
0.001687
0.035852
0.013261
0.003706
0.001578
0.025874
0.001975
0.022195
0.017576
4.9e-05
0.015364
0.012288
0.000633
0.000378
0.021398
0.005632
0.00068
0.001142
0.000783
0.001017
0.035974
0.007558
0.022695
0.000332
0.003396
0.000254
0.004527
0.010258
0.01038
0.023069
0.011986
0.022695
0.00241
0.017381
0.001704
0.004074
0.004753
0.004657
0.004928
0.014098
0.006331
0.002557
0.000539
0.002436
0.002503
0.00397
0.004031
0.004779
0.008636
0.009376
0.002026
0.024291
0.001352
0.005327
0.030142
0.022639
0.029585
0.039589
0.017262
0.061379
0.018718
0.006129
0.029731
0.013296
0.014625
0.01745
0.000701
0.003768
0.003459
0.009115
6.4e-05
0.016356
0.044025
0.002724
0.033451
0.012956
0.001619
0.029589
0.008225
0.016391
0.004854
0.001115
0.001898
0.009069
0.007334
0.013179
0.014986
0.002514
0.001515
0.001647
0.021678
0.002455
0.012402
0.011679
0.002034
0.000545
0.003715
0.005867
0.012339
0.003018
0.00199
0.02645
0.001086
0.000884
0.013837
0.010352
0.009177
0.007444
0.001217
0.039307
0.00797
0.000257
0.017968
0.022341
0.013552
0.008426
0.041489
0.001445
0.000834
0.01455
0.003452
0.027964
0.000917
0.001394
0.002605
0.009377
0.001411
0.005653
0.021802
0.000196
0.004105
0.025309
0.002902
0.039647
0.010291
0.002458
0.005401
0.0084
0.000144
0.036471
0.010777
0.003048
0.01151
0.005245
0.002148
0.007349
0.003678
0.003905
0.018324
0.018114
0.008252
0.006055
0.005243
0.001234
0.011608
0.005113
0.002101
0.000486
0.002207
0.001782
0.003192
0.019145
0.002165
0.022175
0.005316
0.002168
0.020336
0.012573
0.001639
0.001046
0.002768
0.000294
0.005077
0.001875
0.002226
0.00356
0.009914
0.007189
0.008749
0.001882
0.000498
0.007617
0.008903
0.00877
0.000365
0.022812
0.00986
0.003326
0.002307
0.004659
0.014257
0.025272
0.011946
0.012729
0.00193
0.009017
0.00342
0.001897
0.000674
0.020884
0.021928
0.002728
0.020908
0.002313
0.017544
0.001236
0.00276
0.002718
0.000243
0.009895
0.010267
0.004457
0.002969
0.000936
0.001193
0.014995
0.009873
0.001709
0.003175
0.00508
0.001935
0.055202
0.003567
0.031043
0.026569
0.000671
0.006544
0.016136
0.031102
0.023886
0.022266
0.003922
0.012255
0.027105
0.002418
0.003455
0.015356
0.006759
0.000734
0.001246
0.032038
0.01429
0.004578
0.006587
0.007668
0.00066
0.000129
0.000373
0.017029
0.002971
0.002429
0.004645
0.017935
0.003177
0.009229
0.004063
0.000743
0.010269
0.006471
0.003404
0.00034
0.01266
0.000879
0.026666
0.006116
0.009898
0.005483
0.003389
0.003086
0.007165
0.012554
0.052896
0.001592
0.002098
0.007199
0.004022
0.003271
0.001857
0.014073
0.005113
0.007668
0.014812
0.006578
0.002044
0.039899
0.016552
0.003022
0.004481
0.002616
0.00504
0.019804
0.008644
0.009183
0.014857
0.029521
0.01624
0.002593
0.038859
0.021614
0.003715
0.007917
0.00089
0.001485
0.001649
0.007706
0.034307
0.049593
0.001817
0.04915
0.043003
0.001555
0.019343
0.035374
0.00208
0.015518
0.001322
0.00353
0.028671
0.029036
0.00863
0.002891
0.000949
0.011592
0.003084
0.035655
0.000519
0.00883
0.012626
0.001495
0.005041
0.017049
0.002836
0.004029
0.004106
7.7e-05
0.001829
0.023636
0.013059
0.001544
0.00197
0.00157
0.01605
0.013183
0.004212
0.004931
0.001565
0.002485
0.002873
0.020573
0.039892
0.001876
0.003354
0.001985
0.00321
0.017481
0.036131
0.023861
0.013917
0.005382
0.018641
0.00584
0.0228
0.016796
0.009774
0.004903
0.007373
0.006925
0.009912
0.0016
0.008996
0.003517
0.00977
0.010062
0.001734
0.061769
0.004624
0.009917
0.002663
0.019308
0.006842
0.005392
0.003367
0.003636
0.000764
0.010425
0.00286
0.017229
0.011354
0.001831
0.031668
0.00076
0.002493
0.001948
0.005279
0.000819
0.001248
0.00122
0.015204
0.01073
0.000445
0.011606
0.031551
0.005032
0.00196
0.00031
0.00786
0.016152
0.016148
0.02512
0.001244
0.029523
0.001331
0.011214
0.00955
0.00488
0.005053
0.00283
0.016801
0.002263
0.032298
0.001558
0.01979
0.017993
0.003001
0.009707
0.002185
0.012336
0.022523
0.031593
0.007543
0.001484
0.000868
0.004396
0.002656
0.012271
0.002455
0.000968
0.013799
0.067787
0.010113
0.022452
0.006246
0.033907
0.003655
0.007106
0.014197
0.010278
0.028742
0.002222
0.018297
0.020954
0.010964
0.038053
0.003123
0.037725
0.002081
0.009562
0.013644
0.057216
0.002629
0.002926
0.011089
0.007041
0.000996
0.01626
0.004518
0.002148
0.004316
0.015963
0.013658
0.035215
0.001292
0.009933
0.008057
0.007533
0.019572
0.040315
0.003455
0.014476
0.022071
0.021002
0.000463
0.004845
0.011081
0.001765
0.041835
0.004373
0.014906
0.086429
0.004788
0.023641
0.000356
0.013013
0.000867
0.024692
0.027632
0.020724
0.005106
0.007903
0.026108
0.007214
0.005361
0.004493
0.012182
0.014499
0.004594
0.003083
0.036392
0.007819
0.003922
0.008537
0.030807
0.001638
0.001711
0.002607
0.030138
0.032012
0.004788
0.024472
0.005608
0.007311
0.006131
0.03261
0.013424
0.00075
0.016192
0.00975
0.003456
0.034231
0.005457
0.014805
0.056125
0.004891
0.016592
0.003881
0.000813
0.005697
0.014009
0.000385
0.019473
0.01983
0.000498
0.011843
0.002815
0.005609
0.059374
0.01292
0.000576
0.022748
0.001206
0.001183
0.002947
0.007709
0.009056
0.023235
0.029116
0.012459
0.004359
0.002902
0.001964
0.018405
0.012701
0.005645
0.000582
0.012677
0.028793
0.008076
0.014646
0.006835
0.013544
0.003517
0.003303
0.02096
0.025369
0.002342
0.007477
0.001682
0.00053
0.052562
0.001965
0.002603
0.003752
0.032418
0.009602
0.009283
0.014779
0.033493
0.003393
0.024321
0.003122
0.006075
0.00981
0.008976
0.01232
0.006488
0.022639
0.005193
0.002739
0.004886
0.00942
0.0017
0.009781
0.014043
0.000222
0.032722
0.008212
0.007504
0.002893
0.00375
0.004875
0.006176
0.012634
0.015375
0.008478
0.042521
0.003183
0.001436
0.00744
0.009724
0.004681
0.001371
0.003798
0.016115
0.014927
0.003608
0.01705
0.00688
0.010107
0.003645
0.027669
0.005742
0.0137
0.027908
0.002028
0.002336
0.002109
0.025157
0.008015
0.003855
0.003268
0.046037
0.030047
0.002326
0.000259
0.006641
0.027009
0.014217
0.002041
0.000756
0.003843
0.041835
0.008006
0.017801
0.000513
0.004227
0.001822
0.051467
0.02973
0.017138
0.001589
0.004589
0.049235
0.006043
0.02737
0.018153
0.013076
0.008128
0.015467
0.002179
0.024047
0.010954
0.026233
0.00258
0.000265
0.002748
0.003819
0.011446
0.001519
0.010326
0.003329
0.029775
0.016636
0.00969
0.002862
0.019534
0.000331
0.002478
0.018434
0.006851
0.007063
0.018765
0.020354
0.001969
0.047305
0.001392
0.015675
0.004885
0.005653
0.033224
0.007216
1.5e-05
0.009869
0.005013
0.001162
0.000804
0.002003
0.004254
0.023498
0.014428
0.004083
0.016342
0.034478
0.016697
0.002495
0.000405
0.005656
0.002555
0.004637
0.01978
0.034367
0.027198
0.010017
0.002504
0.003509
0.010274
0.000382
0.011828
0.042972
0.014553
0.00115
0.005098
0.003501
0.003699
0.010508
0.014051
0.008431
0.026757
0.045356
0.006639
0.000647
0.001801
0.003458
0.008865
0.001636
0.017351
0.01759
0.014464
0.014174
0.002141
0.007184
0.002509
0.006325
0.020478
0.016398
0.005076
0.01493
0.02149
0.006445
0.01763
0.004273
0.026544
0.015224
0.018764
0.001392
0.00302
0.004559
0.025853
0.011545
0.03467
0.007392
0.003192
0.016102
0.006797
0.00961
0.000517
0.004722
0.00264
0.006504
0.015679
0.007032
0.001512
0.004567
0.028271
0.014553
0.010714
0.025356
0.014935
0.004806
0.001328
0.006884
0.005501
0.012143
0.001072
0.037938
0.0104
0.008881
0.01069
0.004178
0.003666
0.004321
0.029675
0.017815
0.003737
0.024461
0.009805
0.014953
0.004508
0.011371
0.015428
0.008603
0.020039
0.023991
0.000357
0.009013
0.013633
0.015977
0.000111
0.002177
0.006117
0.010279
0.006218
0.00122
0.010672
0.002313
0.000243
0.010339
0.001762
0.004755
0.010026
0.020042
0.009558
0.036613
0.001366
0.002255
0.031569
0.001185
0.017068
0.000369
0.003317
0.000437
0.004635
0.026135
0.006641
0.045806
0.005466
0.006282
0.007682
0.006544
0.000312
0.00831
0.001726
0.001821
0.002417
0.003524
0.03054
0.011736
0.006187
0.006406
0.000129
0.027604
0.02351
0.002837
0.003585
0.003882
0.001621
0.009213
0.005802
0.017927
0.021547
0.002741
0.012683
0.004676
0.01675
0.00199
0.019018
0.007437
0.007048
0.026324
0.030858
0.026518
0.007882
0.03875
0.010078
0.027493
0.027928
0.029903
0.002537
0.018861
0.002825
0.01382
0.006364
0.019069
0.000855
0.014159
0.000103
0.00114
0.006886
0.005855
0.003101
0.004091
0.01184
0.005694
0.000283
0.013009
0.002964
0.020604
0.027128
0.00575
0.002533
0.003642
0.000766
0.032035
0.000564
0.004695
0.033701
0.013363
0.024847
0.00248
0.016091
0.000726
0.00244
0.031643
0.019624
0.02885
0.010216
0.000287
0.015961
0.024789
0.000706
0.004651
0.001873
0.002383
0.013392
0.01886
0.033597
0.000974
0.027073
0.004588
0.013586
0.033838
0.027972
0.000961
0.006594
0.008247
0.020978
0.017184
0.003823
0.017683
0.001172
0.002062
0.000842
0.000987
0.02407
0.001662
0.003412
0.006845
0.001362
0.002458
0.007631
0.012047
0.009774
0.002659
0.02081
0.005957
0.001174
0.036091
0.046291
0.004871
0.000102
0.006832
0.00739
0.01711
0.009193
0.021446
0.000193
0.000544
0.021674
0.000522
0.000942
0.002055
0.004082
0.00558
0.011175
0.008991
0.026421
0.006859
0.000248
0.003453
0.008932
0.003703
0.028201
0.026195
0.001843
0.055997
0.003931
0.006679
0.021081
0.003292
0.004522
0.013745
0.00223
0.001673
0.029522
0.018051
0.000886
0.003202
0.018622
0.018882
0.011581
0.016767
0.005306
0.004437
0.020816
0.002092
0.006486
0.007
0.004767
0.00264
0.002502
0.002566
0.005691
0.005001
0.033557
0.003815
0.030636
0.000365
0.017996
0.000521
0.008051
0.016047
0.005079
0.002742
0.006327
0.00882
0.001772
0.004862
0.021722
0.002015
0.020273
0.004173
0.013091
0.015329
0.019172
0.032163
0.013386
0.058309
0.007552
0.003723
0.002258
0.002058
0.000111
0.000196
0.020012
0.014038
0.016092
0.016111
0.022317
0.018039
0.001042
0.002942
0.005095
0.017384
0.01899
0.036979
0.00091
0.030843
0.002426
0.018989
0.000358
0.003123
0.002399
0.009343
0.003461
0.001535
0.040125
0.005377
0.000907
0.019363
0.017866
0.014953
0.025754
0.007546
0.013709
0.022269
0.032789
0.003428
0.000913
0.001251
0.009319
0.014932
0.002241
0.094854
0.018738
0.023772
0.003191
0.004016
0.003761
0.010231
0.000871
0.001112
0.004452
0.009152
0.0035
0.002682
0.002832
0.002762
0.002554
0.001943
0.002938
0.020396
0.010987
0.006824
0.030801
0.001128
0.003359
0.011942
0.001387
0.000685
0.05788
0.005987
0.025122
0.005951
0.003241
0.001319
0.001357
0.001897
0.006044
0.024787
0.014196
0.011984
0.001196
0.020317
0.009825
0.005603
0.011314
0.003686
0.019479
0.014779
0.002966
0.009418
0.011869
0.005614
0.001256
0.003705
0.001165
0.011298
0.029331
0.013093
0.0266
0.03015
0.001788
0.006455
0.008154
0.018972
0.024669
0.000538
0.014753
0.027501
0.015734
0.005709
0.009575
0.00293
0.025112
0.044204
0.033699
0.002845
0.022642
0.00227
0.000466
0.000799
0.002926
0.024067
0.016865
0.007023
0.009226
0.027043
0.001802
0.011194
0.00582
0.004013
0.008991
0.014183
0.007177
0.009058
0.016023
0.014531
0.020592
0.012485
0.037013
0.036076
0.004736
0.001877
0.032869
0.014573
0.014805
0.008113
0.003058
0.002767
0.016884
0.021988
0.002518
0.005852
0.002884
0.004536
0.007653
0.001575
0.005748
0.007779
0.034859
0.002967
0.005168
0.00088
0.021506
0.011574
0.030514
0.001574
0.002569
0.027183
0.006618
0.014108
0.00826
0.004522
0.018583
0.028785
0.002553
0.004172
0.000756
0.000404
0.000873
0.014749
0.000511
0.000433
0.005524
0.013088
0.003487
0.004329
0.021639
0.005486
0.006578
0.008722
0.003534
0.018783
0.012019
0.021659
0.000659
0.008133
0.007715
0.020387
8.3e-05
0.009095
0.034195
0.001283
0.001007
0.000352
0.002957
0.00052
0.000922
0.000335
0.022775
