0.00023
0.002536
0.001715
0.005033
0.001559
0.007456
0.000379
0.010073
0.02517
0.002388
0.00323
0.000778
0.00366
0.01649
0.0006
0.000729
0.002098
0.006269
0.003795
0.00485
0.00354
0.001715
0.020552
0.000356
0.000431
0.000429
0.019795
0.000641
0.00638
0.000942
0.003546
0.000137
0.000338
0.000978
0.003815
0.03625
0.001266
0.004805
0.002664
0.001572
0.007066
0.003493
0.001981
0.000183
0.016659
0.000746
0.000132
0.035118
0.000144
0.000143
0.028962
0.003833
0.000343
0.004491
0.001457
0.003013
0.005746
0.000218
0.007124
0.000594
0.000224
0.000459
0.001125
0.00037
1.7e-05
0.020844
0.000556
0.004851
0.000489
0.000278
0.001178
0.004558
0.000516
0.020029
8.3e-05
0.000935
0.0036
0.020237
0.000339
0.01668
0.002765
0.025361
0.009846
0.034359
0.00025
0.002776
0.001639
0.003408
0.003907
3.9e-05
0.000278
0.002538
0.007055
0.001264
0.011234
0.008855
1.8e-05
0.00112
0.003123
0.003042
0.005518
0.000217
4.2e-05
0.000478
4e-05
0.003074
0.00967
0.00028
0.005582
0.004765
0.012506
0.013362
0.000276
0.001135
0.009031
0.000149
0.000953
0.002766
0.021896
0.003038
0.012924
0.004521
0.011884
0.002901
0.003204
6.7e-05
0.000899
0.003285
0.017913
0.05306
0.000263
0.001464
0.011346
0.008327
0.005588
0.00042
0.004003
0.002998
0.000627
0.003016
0.001019
0.000617
1.6e-05
0.038088
0.001065
0.005346
0.000435
0.000589
0.000776
0.003485
0.009107
0.004178
0.000294
0.000518
2.7e-05
0.000479
0.031767
6.4e-05
9.2e-05
0.000762
0.006291
0.000288
0.00755
0.001297
0.000915
0.00577
3.1e-05
0.00142
0.00035
0.001545
0.006086
0.029441
0.000301
0.000291
0.007623
5e-05
0.000835
0.033555
0.001786
0.000445
0.00986
3.3e-05
0.001444
0.004359
0.012358
0.001579
0.000149
0.010458
0.000482
0.00054
0.013384
0.011239
0.002351
0.002098
0.008249
0.002009
0.000677
0.013255
0.005931
0.012911
0.000277
9.7e-05
0.000448
0.017243
0.041481
0.003149
0.002038
0.006312
0.000596
0.015971
0.007316
0.000403
0.002907
0.004092
0.01784
0.001016
0.00124
0.016857
0.030318
0.002128
0.003791
0.000745
0.002707
9.2e-05
0.020056
4.4e-05
0.000183
0.003659
0.000362
0.008027
0.00023
0.000256
0.000191
0.00066
0.004573
0.007507
0.000462
0.000714
0.0109
0.000225
0.015507
0.031371
0.000727
0.005379
0.001927
0.001463
0.003684
0.011858
0.001694
0.023576
0.001186
0.001019
0.001196
0.000879
0.002123
0.001315
0.000435
0.006778
0.015702
0.000436
0.000618
0.004684
0.001454
0.001218
0.001379
0.000736
0.017562
0.000499
0.003395
1.4e-05
0.001916
0.038191
0.000711
0.013079
0.0032
0.002699
0.027359
7.1e-05
3.2e-05
0.000137
0.004049
0.00391
0.001495
0.000242
3.2e-05
0.008712
0.003755
0.002324
0.011608
0.001315
0.00145
0.001175
0.002813
0.001134
0.000665
0.002106
4.8e-05
0.000424
0.000718
4.7e-05
0.019305
0.001323
0.001113
0.01668
0.000404
0.000913
0.000208
0.005356
0.006547
0.000688
8.9e-05
0.024177
0.000207
0.009444
0.01217
0.001949
0.000503
0.023101
0.002363
0.011477
0.002082
8.3e-05
0.001242
0.022873
0.015825
5.2e-05
0.00098
0.042631
0.00265
0.007834
0.00067
0.025397
9.7e-05
0.004697
0.004582
0.00052
0.006829
0.001107
0.001611
0.000137
0.006277
0.013984
0.000345
0.008084
0.000582
1.3e-05
0.024037
0.000224
0.003984
0.000564
0.000391
0.003634
0.00016
0.00106
0.012765
0.000566
4.5e-05
0.001
0.015678
0.014048
0.007927
0.00267
0.00679
0.013571
0.008613
9.4e-05
0.01588
0.002013
0.009503
0.004537
1.6e-05
0.001596
0.000967
0.004715
0.00067
0.002751
0.000472
0.022466
0.000444
0.000885
0.000469
0.001565
0.006694
0.004795
0.001689
0.057139
0.001252
0.001738
5.2e-05
0.002044
0.001904
0.001765
0.00081
0.001185
5.3e-05
0.002126
0.000787
0.019497
2.3e-05
0.019512
0.008
0.000888
0.009382
0.000165
0.031713
0.000857
0.009101
0.006747
3e-05
0.003536
0.000436
0.001975
0.007031
0.003381
0.006995
0.010531
0.019648
0.01878
0.022688
2.2e-05
0.001165
0.002325
0.005039
0.000459
3.9e-05
0.003725
0.022148
0.000134
8.3e-05
0.004019
0.000334
0.003248
0.006514
9.3e-05
0.00059
0.002956
6e-05
0.000472
0.015693
0.002189
0.019265
0.000665
0.006739
0.001196
5.3e-05
0.0091
0.000846
0.000184
0.002023
0.003238
0.003005
3.5e-05
0.003614
0.017044
0.001492
0.004086
0.003341
0.000533
0.000124
0.00102
0.004608
0.010636
0.001238
0.001569
0.005999
0.001485
0.000323
0.000796
0.000902
0.000385
0.000754
0.005225
0.000142
0.000864
0.002557
0.001703
7.4e-05
0.000547
0.000166
0.000296
0.002438
1.8e-05
0.025915
0.004867
0.000275
0.000225
0.019065
0.005796
0.001766
5.2e-05
0.025752
0.000863
0.003557
0.034309
0.005251
0.001373
0.000648
0.000763
0.000936
0.000455
0.000693
0.004227
0.000688
0.020587
0.000146
0.006303
0.00037
0.000961
0.007107
0.001009
0.011405
0.007069
0.000146
0.00039
0.000305
0.012696
0.015971
0.000538
0.000845
0.023529
7.6e-05
0.001013
0.004001
0.000129
0.006656
5.4e-05
0.001288
0.07316
0.000871
0.000983
0.004016
0.016699
0.019648
0.005117
0.010373
8e-05
0.000954
0.010603
0.002136
0.001692
0.003974
0.003172
0.001451
0.009478
0.000101
0.000929
0.000238
0.001146
0.001071
0.01616
0.000172
0.000324
0.001265
3.6e-05
0.004855
0.00088
0.005631
0.00027
0.001264
0.001744
0.00219
0.000417
0.000662
0.011031
3.5e-05
0.004024
0.003245
0.010587
0.010469
0.003186
0.000583
0.00793
0.017326
0.000112
0.006279
0.007707
0.00035
0.000123
0.000567
0.002036
0.002416
0.000891
0.000252
0.001384
0.000178
0.002066
0.001773
0.020115
0.000153
0.000539
0.000386
0.00212
0.000209
0.004155
0.00127
0.001173
0.00439
3.6e-05
0.003541
0.006213
0.003758
0.007797
0.007251
0.00273
0.000886
0.002922
0.007732
0.001699
0.000367
0.016993
0.000307
0.003909
0.003042
0.001237
0.000224
0.005018
0.005527
3.5e-05
0.007328
0.010297
0.000232
0.000583
0.000473
0.02994
0.001274
0.001245
0.000449
0.001149
0.00904
0.000981
0.000756
0.006684
9.9e-05
0.014606
0.02114
0.00053
5.3e-05
0.00373
0.000179
0.000719
0.020527
9.4e-05
0.009209
0.000293
0.002531
0.001068
0.002154
0.000229
0.010719
0.001019
0.000501
0.004503
0.001371
0.00331
0.000856
0.00461
0.002438
0.002791
0.010363
0.018315
0.004613
5.1e-05
0.001076
0.002334
3.2e-05
5e-05
0.003587
0.00812
0.019053
0.001627
0.000299
0.00047
0.000105
0.00258
0.001369
0.001363
0.003068
0.000135
0.005334
0.00449
0.000504
0.001094
0.019976
0.012466
0.005606
0.001428
0.000402
0.000733
0.000766
0.001584
0.002533
0.000557
0.001347
0.007733
0.000311
0.027463
0.003009
0.000949
0.004882
0.005164
6.5e-05
0.001138
0.018797
0.007471
0.013378
0.011372
0.004431
0.003113
0.000221
0.000486
0.000204
0.008195
0.000793
0.003153
0.014534
0.00254
0.000587
0.000358
0.002089
0.0006
0.000462
0.001011
0.001174
0.001602
0.010964
0.000524
0.025775
0.000621
0.010281
0.000327
0.002639
0.000637
0.031449
0.006899
0.005058
0.000241
0.00848
0.000681
0.006867
1.9e-05
0.01169
0.002426
0.007437
0.004157
0.00516
0.001577
0.001633
0.003558
0.000686
0.000221
0.004811
0.002231
0.002195
0.007852
0.000495
0.001735
0.002401
0.000438
0.001286
0.000114
0.006703
0.000377
8.7e-05
0.000233
0.017813
0.002253
0.00151
0.000402
0.012688
0.001825
0.022116
0.005546
0.020336
0.001352
0.009039
0.000452
0.000105
0.000167
0.0072
0.024235
0.000133
0.002005
0.000382
6.4e-05
0.00183
0.000226
0.035299
0.029179
0.004185
0.004134
0.000476
0.012156
0.000121
0.00738
0.000366
0.00179
0.002619
3.9e-05
0.004358
0.000154
9.5e-05
0.001431
0.000252
0.002591
0.0211
2e-05
0.000436
0.011779
0.001562
9.8e-05
0.000431
0.000167
0.002769
0.000127
0.030525
0.0126
0.000995
0.0004
0.000448
0.009798
0.000551
4.4e-05
0.012161
9.6e-05
8.1e-05
8.5e-05
8.8e-05
0.004223
0.000804
0.013937
0.000549
0.001846
0.007625
0.000885
0.002593
0.014289
0.002516
0.001653
0.000784
0.00015
0.008953
0.003396
0.002626
0.001209
3.1e-05
0.003848
4.8e-05
7.3e-05
0.00885
0.006067
0.000517
0.000137
9.6e-05
0.003084
0.007555
0.002158
0.008249
0.008176
6.3e-05
0.001562
1.7e-05
0.001465
0.000866
3.1e-05
0.021088
0.002418
0.001004
0.000533
0.010472
0.00549
0.001135
0.000686
0.000825
0.004406
0.009759
0.029286
0.003962
0.015998
0.00459
0.001137
0.001376
0.001177
0.013063
0.015744
0.009706
0.004243
0.003032
0.006871
0.010833
0.001961
6.6e-05
0.006493
0.001187
0.00877
0.00115
0.000752
0.005197
0.003224
0.011208
0.009497
3.4e-05
0.001043
0.001602
4.1e-05
0.008664
0.004965
0.010476
0.000186
0.00034
0.003098
0.00048
0.00721
0.005559
0.005372
0.000252
0.002794
0.009093
0.003732
0.005982
9e-05
0.001954
0.002955
0.001518
0.001088
0.00208
0.048066
0.008668
0.00034
0.014509
0.023586
0.001814
0.000624
0.000972
0.000827
0.006762
0.030395
0.005033
0.001405
0.000982
0.005668
0.010181
0.000631
0.004362
0.016636
0.003881
0.000118
0.001952
0.001213
0.000206
0.001034
0.005954
0.00101
0.00732
0.001284
0.007835
0.000773
0.00286
5.1e-05
0.001235
0.00144
6.3e-05
0.002071
0.001392
0.000222
0.000283
0.000458
4.3e-05
0.001245
0.001502
0.000179
0.000233
0.032416
0.001793
9e-06
3.7e-05
0.000131
0.0024
0.000102
0.000215
0.013998
0.000634
0.002604
0.000465
0.00047
0.001659
0.000812
0.002882
0.000767
0.000934
0.000908
0.000617
0.001744
0.001254
0.022579
0.003312
0.003601
0.001081
2.8e-05
0.009425
0.000857
0.00148
0.000389
6.4e-05
0.000378
0.017955
0.000963
0.019729
0.041445
0.000469
0.005745
0.008235
0.003238
3.6e-05
0.009274
0.018861
0.00093
0.006687
0.020193
0.000898
0.001443
0.000502
0.000989
0.029674
0.020751
0.002658
0.0072
0.001124
0.008604
0.007327
0.002298
0.022635
0.000771
0.022205
0.00233
0.001234
0.003546
0.002351
0.012224
0.002271
0.000401
0.009284
0.008315
5.6e-05
0.00042
0.029283
0.008249
0.004053
0.000553
0.005789
0.003142
0.012
0.002979
0.002801
0.004321
0.001873
0.003179
0.000183
0.024236
0.000275
0.022812
0.020677
0.018868
0.000394
0.007675
0.003914
0.000927
0.000575
0.00011
0.0276
0.018086
1.6e-05
0.000401
0.00077
0.000295
0.000292
0.001007
0.004476
0.001708
0.003524
0.001256
4.9e-05
0.005646
5.3e-05
0.001962
0.000718
0.008119
0.000213
0.000112
0.016922
0.000267
0.002715
0.005728
0.008005
0.014967
0.000897
0.027662
0.007189
0.001978
0.009037
0.000296
0.000215
0.002923
0.006904
0.003723
0.008865
0.004788
0.006512
0.002111
0.001929
0.011984
0.002329
0.031687
0.00355
4.3e-05
0.001916
0.001724
0.003917
3.7e-05
0.000508
0.000783
0.000368
0.020013
0.000691
0.000956
2.8e-05
0.00054
5.1e-05
0.013833
0.004265
0.055354
0.001009
0.000827
0.001996
3.5e-05
0.015952
0.006883
0.014785
0.045678
0.000599
0.000199
0.000759
0.002149
0.024634
0.000916
0.005193
0.00045
0.000524
4.6e-05
6.6e-05
0.001514
0.013312
0.014193
0.000924
0.000198
0.005576
0.010049
0.000117
0.000374
0.037259
0.001865
0.000326
0.00031
0.001391
0.000859
0.000214
0.000344
0.003953
0.000587
3.5e-05
0.000372
0.000125
0.018932
0.012308
0.003836
0.001532
0.000134
0.009463
0.004005
0.006153
0.005388
0.00171
0.004429
0.012583
4e-05
0.000451
0.004419
0.000801
0.000564
0.000158
0.000399
0.011814
0.000378
0.002479
2.9e-05
0.001839
0.036996
0.000414
0.000585
0.001395
0.016846
0.001967
0.01677
0.007501
0.021353
0.000559
0.001029
0.008453
0.010725
0.000928
0.003381
0.000295
0.045118
0.001348
0.001623
0.024721
0.001592
0.00013
0.00077
1.9e-05
0.00567
0.004926
0.002853
0.000257
0.010024
0.001377
0.001318
0.034039
0.000679
0.000635
0.007869
0.001861
0.002201
0.002375
0.000765
0.032104
4.5e-05
0.008108
0.000111
0.005312
0.021987
0.000474
7.3e-05
0.026774
0.004973
0.004011
0.005578
0.002583
0.000893
0.000822
3.9e-05
0.000708
0.000358
0.009428
0.016198
0.001662
0.049621
0.005072
0.000564
0.000127
0.000274
0.001757
0.000559
0.005268
0.000649
0.003545
0.001385
0.013137
0.008705
0.002719
0.00129
0.000181
0.002558
0.000736
0.005974
0.000989
7.6e-05
0.002592
0.005249
0.001326
0.020552
0.002137
0.000639
0.002791
0.01782
0.002631
0.007332
0.004165
0.004728
0.000832
0.00312
0.02665
0.000808
0.001855
0.00426
0.000125
0.012233
0.003708
0.001965
0.000917
0.007648
0.000652
0.028666
0.00467
0.000822
0.005408
0.000175
0.012465
0.001765
0.002223
0.000308
0.000857
0.0005
0.001891
0.002587
0.007769
0.002684
0.0005
0.006514
0.002714
0.012308
0.016524
0.006496
0.003693
0.000145
0.000578
0.000665
0.000846
0.000301
0.002497
5e-05
3.4e-05
0.003897
0.000102
0.001704
0.000728
0.00027
0.000855
0.000179
0.002039
0.006896
0.010937
0.00594
0.000577
0.002936
0.001086
0.000597
0.034595
0.004881
0.009188
0.002428
0.000271
0.000234
0.000153
0.004407
0.000931
0.004063
0.000103
0.018579
0.001139
0.000406
0.000154
0.00039
0.000355
0.013176
0.002397
0.000442
0.002906
0.001322
0.016948
0.000585
0.000126
0.021592
0.005127
0.000351
0.001296
0.002639
0.004264
0.004866
0.004954
0.003569
0.004135
3.4e-05
0.000733
0.000958
2.6e-05
0.000201
0.000211
0.000311
0.000687
0.001998
0.001755
0.000349
0.008459
0.001189
0.019043
0.01239
0.018382
0.002129
0.013145
0.00254
0.000739
0.000239
0.008192
0.000148
0.003852
0.000168
5.5e-05
0.009506
0.000385
0.001174
0.012321
0.012923
0.003073
0.000523
0.004823
0.000598
0.013443
0.004709
0.001124
0.000159
0.002488
0.000316
0.00133
0.001247
0.016904
0.003316
0.001074
0.004396
6.5e-05
0.003389
0.000176
0.021624
0.000997
0.000177
5e-05
0.016005
0.003805
0.001218
0.010786
0.025212
0.000323
0.0023
0.000206
0.011267
0.002128
0.003774
0.011498
0.001697
0.004015
0.001179
0.000143
0.002708
0.001049
0.001522
0.000982
0.002853
0.015615
9e-05
0.000525
0.004468
0.001144
0.002936
0.000314
0.000991
0.002374
0.025046
0.000188
0.006339
0.01155
0.004939
0.001341
0.000467
0.001098
0.001487
0.000671
0.003925
0.000573
0.00685
0.026978
0.004924
0.001067
0.004233
0.00015
0.005869
0.007927
2.1e-05
0.000513
0.001663
0.001056
3.1e-05
4.9e-05
0.001082
0.011033
8e-05
0.001389
0.000577
0.003561
0.001764
0.000259
0.001078
0.000411
0.012007
0.0006
0.000241
0.003812
0.001982
0.018928
0.000535
0.00495
8.7e-05
0.001125
0.003716
0.000402
0.003904
0.000241
0.013007
0.001551
4.3e-05
0.004778
0.009916
1.4e-05
0.016919
0.000758
0.002494
0.00186
0.001391
0.001335
0.003756
0.001203
0.000351
0.004002
0.000346
0.000147
0.002709
0.008035
0.001898
0.001702
0.006729
0.000859
0.005069
0.007
0.000996
0.000871
0.000189
0.001455
0.002083
0.00061
0.015131
0.002583
0.001572
0.002972
0.00013
0.000217
0.003526
0.004882
0.002897
0.006233
0.000933
0.000644
0.000819
0.009893
0.000529
0.00523
0.003204
0.000171
0.00412
0.019373
0.000114
0.008013
0.019732
0.000779
9.7e-05
0.002062
0.002908
5.1e-05
0.00169
0.001375
0.000115
0.000643
0.001337
0.000809
0.011985
0.000912
0.000191
0.002469
0.003356
0.007585
0.006442
0.00048
0.002481
0.016066
0.005146
0.00064
6.5e-05
0.018644
0.003451
0.008076
0.04576
0.000398
0.001925
0.001183
0.005899
0.012258
0.004017
0.000943
0.008511
4.5e-05
6.3e-05
4e-05
0.001183
0.000893
0.000718
7e-05
0.001899
0.000663
0.004206
0.003349
0.000353
0.003442
0.001335
3.2e-05
0.002143
0.000644
0.001796
0.000138
0.000589
0.014552
0.002032
0.008745
0.002018
0.000423
0.009567
0.009904
7.8e-05
0.000316
0.010035
0.003798
0.000192
0.001698
0.000863
0.009538
0.001728
0.004723
0.00013
9.2e-05
0.00136
0.000995
0.000267
0.000677
0.000358
0.006421
0.005072
0.001605
0.006196
0.000556
0.004236
0.001856
0.000376
0.000154
0.004691
0.001704
0.000267
0.000179
1.7e-05
0.003495
0.000777
0.029283
0.002151
0.000886
0.00413
0.000134
0.003368
0.000268
0.055314
0.002729
0.000919
0.008641
0.002768
8.6e-05
0.003395
0.00044
0.004197
0.002256
0.001835
0.000455
0.002189
0.002109
0.02391
0.001713
0.000687
0.004608
0.007815
0.01292
0.00185
0.00109
0.000348
0.007358
3.6e-05
0.002917
0.003077
0.001975
0.005421
0.000578
0.014521
0.011691
0.000285
0.001954
0.000517
0.002403
0.001999
0.00551
0.006946
0.000203
0.011627
0.003417
0.0013
0.003029
0.004114
0.024921
0.001925
0.03173
0.028558
0.00789
0.006012
0.016215
0.009408
0.000638
0.001461
0.007085
0.000452
2.4e-05
8.4e-05
0.005622
0.027732
0.001717
0.002237
0.001703
0.000127
0.001113
0.006292
0.005599
0.053766
0.00508
0.000844
0.003504
0.001938
0.011751
0.018587
0.00275
0.000576
0.001013
0.000231
0.004023
0.00012
0.004557
0.002644
0.003825
0.002984
0.00012
0.000939
0.005124
0.018407
0.001611
0.000931
0.00043
0.001414
0.017877
0.001303
0.002028
0.000568
0.000693
0.000319
0.034338
0.006863
0.002145
0.014195
0.001642
0.001482
0.00225
0.00227
0.003864
0.003569
1.4e-05
7.5e-05
0.003627
0.006083
0.004367
0.005433
0.000791
0.002875
0.004142
0.003046
0.019095
0.00012
0.000797
0.000724
0.005994
8.5e-05
0.002198
0.000209
0.031884
5.7e-05
0.001143
0.015204
0.000134
0.000254
0.011746
0.000825
0.000984
0.002374
0.00029
9.9e-05
0.001898
0.007246
0.000217
0.010407
0.011281
0.002453
0.019802
0.001032
0.005819
0.001916
0.019319
0.003339
0.001371
0.000503
0.001366
0.001049
0.017046
0.000788
0.002651
0.008416
0.006089
0.000365
0.003439
0.000521
0.001537
0.011334
0.001163
0.00241
2.8e-05
0.000926
0.002583
0.001353
0.000713
0.003952
0.000221
0.000974
0.000317
0.001708
0.017334
9.1e-05
0.001792
0.003291
0.00031
0.000116
0.02059
0.002636
0.013788
0.001997
0.005954
0.000227
0.000352
7.1e-05
0.000129
0.001761
0.004366
0.012273
0.000558
0.013105
0.001249
0.020051
0.005681
0.004399
0.003043
0.001336
0.000254
0.026363
0.000772
0.006282
0.001589
0.034498
0.00018
0.027892
0.002378
0.010123
0.000993
0.000466
0.007334
0.008513
0.005069
3.8e-05
0.014516
0.003797
0.004757
5.1e-05
0.000632
0.010552
9.9e-05
0.000209
0.000572
0.004115
6.7e-05
0.000296
0.001315
0.006942
0.000385
0.000109
0.000367
0.024971
1.4e-05
0.006938
4.2e-05
0.000946
0.006051
0.000544
0.002594
9.6e-05
0.001486
0.003654
0.00425
0.016655
0.001145
0.011602
0.000161
0.033458
0.001406
0.008004
0.008456
0.000653
0.01756
0.003103
0.000495
0.001689
0.006517
0.006003
6.9e-05
0.000141
0.002028
0.000534
0.00017
0.009701
0.000475
0.009804
0.007733
0.036826
0.034477
0.001067
0.006251
0.038225
0.014098
0.002618
0.000692
0.042098
0.001698
0.000507
0.000466
0.000338
0.000945
0.002284
0.008345
0.006857
0.00248
0.001102
0.004783
0.000912
0.009156
0.037483
0.000407
0.010226
0.001081
0.015351
0.000662
4.2e-05
0.004058
0.013455
0.000155
0.003187
0.005424
6.7e-05
0.001431
0.002183
0.000882
0.000659
6.9e-05
0.000101
0.002947
0.026379
0.031959
0.000496
0.000134
9.6e-05
0.032648
0.000242
0.009669
8.1e-05
0.010784
0.001612
0.000692
0.025737
0.001056
0.029343
0.001777
0.003151
8.8e-05
0.000598
0.004299
0.002504
0.002084
0.000343
0.05392
0.000139
0.000247
0.000805
0.007047
0.000218
0.010571
0.0095
0.000396
0.001481
2.2e-05
0.003442
0.000829
0.002011
0.00018
0.001949
0.000425
0.028886
0.00443
0.000119
0.000795
0.000625
0.006993
0.026597
0.000223
0.000156
0.0144
0.012749
0.006815
0.004397
0.008594
0.012565
0.000718
0.002715
0.005418
0.004839
7.9e-05
0.001107
0.001496
0.002372
0.008331
0.004527
0.000918
0.000614
5.1e-05
0.00153
0.006957
0.016256
0.000277
0.000697
0.001353
0.000857
0.000723
0.012242
0.00136
0.005492
0.003017
0.012894
0.007708
0.000782
0.004699
0.001763
0.001994
0.012214
0.000614
0.00776
0.00085
0.001166
0.000245
0.001473
0.008316
0.00017
0.004721
0.006792
0.008333
0.008016
0.006142
0.000604
0.002917
0.010812
0.017121
0.000429
0.032492
0.000938
0.00494
0.012006
0.000499
0.004931
0.004307
0.000882
0.001944
0.030363
0.001416
0.003377
0.010802
0.001657
0.047301
0.007532
0.000788
0.036581
0.000217
0.000367
0.002723
0.000179
0.045077
0.006105
0.003153
0.003372
0.002873
0.000104
0.000671
0.001571
0.000151
0.002344
0.000345
0.0254
0.005734
0.000407
0.004807
0.025768
0.001217
0.000232
0.009078
0.001066
0.020992
0.007311
8.8e-05
0.002721
0.002835
8.9e-05
0.000135
0.031969
0.002738
0.001264
0.001397
0.001714
0.012342
0.002033
0.000628
0.00027
0.025029
0.000422
0.00107
0.000304
0.006073
0.00528
0.00291
0.001098
0.008395
0.015118
0.002454
0.001081
0.00354
0.000509
0.001127
0.000102
0.008715
4.9e-05
0.01506
0.000314
0.003958
0.000611
0.000109
0.000154
0.005089
4.9e-05
0.021651
0.002309
0.002934
0.001208
0.001104
0.006482
0.001356
0.000247
9.3e-05
0.00055
1.6e-05
0.03058
0.000161
0.009801
4.1e-05
0.000186
0.000433
0.001938
0.000252
0.001993
0.000661
0.021807
0.021268
0.000795
0.000115
0.001995
0.008036
7.2e-05
1e-05
0.011935
0.004231
0.0024
0.000779
0.005757
0.000928
0.000223
0.008579
0.010921
0.001729
0.002362
0.00048
0.001451
0.000297
0.000602
0.003075
0.004483
0.000951
4.7e-05
0.006245
0.005777
0.003473
0.013227
0.000136
0.000333
0.001612
0.03525
0.000556
0.000164
0.000328
0.001081
0.004938
0.009938
0.000906
0.000367
0.031571
0.000484
9.8e-05
0.001372
0.019997
0.020635
0.008317
0.001448
0.003682
0.001026
0.000525
0.011166
0.007236
0.008071
0.004597
0.00092
0.022246
0.007452
0.00646
0.011898
0.00125
0.002288
0.000323
0.00026
0.011494
5.7e-05
0.051466
0.037879
0.016309
0.006007
0.005026
0.002432
0.015863
0.000751
0.008632
0.001769
0.008982
0.000107
0.000917
0.0086
0.015072
0.008338
0.001475
0.001172
0.001811
0.002027
0.001235
0.006119
0.004613
0.004017
0.005378
0.012514
0.000904
0.009744
0.022924
0.000126
0.001165
0.000691
0.020815
0.019685
0.008004
0.000336
0.00037
0.001622
0.001474
0.001379
0.01547
0.000863
0.000604
0.001789
0.000117
0.000104
0.036618
0.000675
0.004271
0.001619
0.003914
0.000353
0.000144
0.010201
0.00286
0.000311
0.000571
0.002966
0.003176
0.009344
0.001769
0.000566
0.00342
2.7e-05
0.002575
0.000712
0.003592
0.000222
0.000838
0.005759
0.001098
0.001644
1.2e-05
0.000212
0.001238
0.002616
0.000217
0.002396
0.01693
0.00124
2.3e-05
0.011439
0.002713
0.001692
0.004558
0.000801
0.001328
0.000299
4.5e-05
9.4e-05
0.001756
0.029613
0.00079
0.000486
0.002181
0.004813
0.01794
0.010902
0.001133
0.00117
0.006136
0.010317
0.004084
0.001209
0.014475
0.004047
0.001433
0.003791
0.000461
0.000514
0.021664
0.00199
0.001575
0.000273
0.004352
0.000567
0.001764
0.000653
0.001577
0.001502
0.000129
0.001404
0.00068
0.016062
0.007603
0.001448
0.02232
0.012108
0.003293
0.000223
0.004569
0.006394
0.002678
4.4e-05
0.0003
0.042103
0.000387
7.3e-05
0.000749
0.005208
0.00931
0.000445
0.018097
0.001407
0.000722
0.000612
0.006971
0.005591
0.014428
0.002077
0.004139
0.00102
0.000426
0.00822
0.000108
7.2e-05
0.00038
0.000314
0.003314
0.011619
0.001222
0.008913
0.010345
5e-05
0.000592
0.002372
0.002232
0.003712
0.002343
0.009049
0.000184
0.000806
0.000301
0.000183
0.000855
0.00033
0.000657
0.043356
0.004323
0.004164
0.000802
0.040675
0.002521
0.008301
0.003967
0.008042
0.000965
0.008127
0.000234
0.00034
0.002874
0.00437
0.002092
0.000463
0.004383
0.00195
0.001013
0.004058
0.001382
0.003974
0.002188
0.002196
0.036349
0.00072
0.003817
0.001271
0.00098
0.0021
0.001395
0.001651
0.002171
0.001444
0.002539
0.002217
0.000169
0.008736
0.005215
7.2e-05
0.043021
0.00499
0.000934
0.003929
0.020052
0.000201
0.000495
0.000216
2.8e-05
0.000202
0.001225
0.001639
0.000453
0.001659
0.005058
0.000854
0.010301
0.000251
0.003181
0.009617
0.004375
0.003523
6.5e-05
0.00954
0.000389
0.006323
8.3e-05
0.000107
0.000902
0.003045
0.002686
0.00034
0.001608
3.2e-05
0.017226
0.000667
0.001113
0.000405
0.012666
0.00267
0.000365
0.01184
0.000324
0.002178
0.017027
0.002673
0.00331
0.000195
8e-06
8e-05
0.000284
0.000636
0.000142
0.000915
0.001456
0.006806
0.004134
0.000487
0.007815
0.027799
0.003618
0.000922
2e-05
0.000583
0.000538
4.3e-05
0.013829
0.003995
0.017461
0.000952
0.00398
0.001966
0.001322
0.003318
0.00023
0.001513
0.001485
0.001646
0.025844
0.000676
0.000886
0.00421
0.002994
0.001582
0.038874
0.000431
0.000375
0.000131
0.00511
0.000281
0.051389
0.000114
0.001756
0.000194
0.000368
0.000497
0.001895
0.00016
0.000963
7.2e-05
0.006758
0.000412
0.003476
0.001199
0.028767
0.002366
0.021898
0.048663
0.008549
0.000137
0.002431
0.001161
0.000869
0.000275
0.00022
0.005182
0.001414
0.011982
0.001716
8.8e-05
0.002068
0.001271
0.006687
0.001473
0.013396
0.005392
0.001717
0.002657
0.000595
0.00017
0.004657
9.1e-05
0.019918
0.001633
0.025812
0.008356
0.002541
0.009079
0.007508
0.006088
0.000426
0.003575
0.00045
0.000264
0.005235
9e-05
0.017665
0.003086
0.004795
0.003313
6.7e-05
0.011317
4.1e-05
0.000299
0.000236
0.000547
0.005497
0.000492
3.9e-05
0.000809
0.017767
0.005873
0.002886
0.003012
0.016847
0.000239
0.002669
4.2e-05
0.000881
0.033151
0.009671
0.000352
0.025519
0.000136
0.00131
0.00149
0.002235
0.003679
0.011103
0.000628
0.002056
0.001431
0.002252
0.001315
0.001211
0.008439
0.01782
0.000725
0.003001
2.8e-05
0.000281
0.001856
0.000101
0.000403
0.000544
0.019345
0.012816
0.00085
0.001366
0.001354
0.005347
0.000144
0.000438
0.000183
9.1e-05
0.000605
0.015177
0.00022
0.000116
0.000811
0.005637
0.000778
6.5e-05
7.3e-05
0.001146
0.002506
0.003331
0.01887
0.000131
0.000197
1.2e-05
0.003902
0.001638
0.047348
2e-05
0.003927
0.000163
0.0019
2.8e-05
0.00022
0.001458
0.001342
0.003144
0.000841
0.001078
0.003254
0.006836
0.004374
0.011615
0.000354
5.4e-05
0.011747
0.000379
0.004597
9.9e-05
0.00478
0.000256
0.000416
0.005214
0.000228
0.027042
0.001364
0.001147
0.007536
0.003892
0.001801
0.000503
0.000493
6e-05
0.012656
0.004206
0.00041
0.000408
0.040106
0.000106
0.016352
0.004546
0.002188
0.006235
0.001546
0.016388
0.007737
0.011785
0.000325
0.001525
0.000444
0.001783
0.000712
0.001235
0.005191
0.002041
0.001147
4.4e-05
9.1e-05
0.012527
0.030893
0.002047
0.000348
0.000175
0.002271
0.000187
0.005997
0.013016
0.00056
0.01054
6.9e-05
0.003216
0.00172
0.000274
5.5e-05
0.000873
0.021396
0.000974
0.004769
0.001908
0.000258
0.000365
0.00458
0.003407
0.020378
0.007706
0.000536
0.005311
0.006019
0.033501
0.000146
0.001307
0.005302
0.014811
5.3e-05
0.00265
0.004372
0.000199
0.01171
0.002309
4.2e-05
0.007286
0.001001
0.000912
0.008632
0.017227
0.004162
0.002803
0.001375
9.5e-05
0.000295
0.001091
0.001704
0.008246
0.000979
0.006202
6.1e-05
6.8e-05
0.000445
0.000277
0.002554
0.000192
0.030013
0.003395
0.000532
0.010126
0.003571
0.002872
0.003898
0.000123
0.010162
0.010438
0.001509
0.000578
0.000627
0.008238
0.000639
0.018538
0.0021
0.006177
0.001236
0.002754
0.000186
0.000627
0.001092
0.000665
0.002779
0.004095
0.038275
5.3e-05
0.000195
5.2e-05
0.002168
0.000508
0.014699
0.000494
0.001519
0.010275
0.000312
0.003456
0.001882
9.7e-05
0.000107
0.000921
0.003819
0.001535
0.013236
0.000148
5.6e-05
0.000981
7.8e-05
0.016535
0.000751
0.000107
0.000117
0.00354
0.001047
0.006654
0.006235
0.000553
0.001279
0.00077
0.000668
0.000211
7e-05
0.00039
0.030369
0.023196
0.000389
0.001217
0.004211
0.001295
0.005129
0.00174
0.003818
0.011438
0.000177
0.001255
0.001837
0.008452
0.001996
0.003012
0.00029
0.026037
0.003108
0.000158
0.015932
0.011067
0.030096
0.004442
0.00791
0.002698
5.2e-05
0.001681
0.017393
0.002038
0.022599
0.000228
0.002109
0.001295
0.00098
0.016835
0.000271
0.002657
0.000366
0.00056
0.000689
0.001087
0.000642
0.00014
0.005404
0.00012
0.0002
0.000767
0.000557
0.005496
0.004975
0.000585
0.00116
0.000191
8.1e-05
0.002757
0.006066
0.000145
0.002787
0.003544
0.005295
0.000703
0.000778
0.000884
9.3e-05
7.5e-05
7e-05
0.00234
0.000369
0.00062
0.000532
0.005245
0.00614
0.000118
0.034121
0.000566
9.2e-05
0.000111
0.003585
0.000541
0.00018
0.000559
0.008471
0.001403
5.4e-05
0.001718
0.004213
0.01011
0.001287
0.002365
8e-05
0.003275
0.005001
5e-05
0.006341
3e-05
0.001298
0.003157
0.000209
1.6e-05
0.006993
0.000245
0.000334
0.002838
0.000821
0.003891
0.000616
0.000577
0.002776
0.001666
0.00181
0.016001
0.000576
0.000858
4.3e-05
0.005445
0.000141
0.005437
0.004088
0.001098
0.000613
0.004952
0.001123
0.005675
0.003508
0.001365
0.002354
0.001108
0.001959
0.000165
0.000423
0.000151
0.010734
0.002666
0.00252
0.005925
0.016612
0.000699
0.004261
0.000369
0.000373
0.000298
0.003386
0.000446
0.002374
0.000681
0.005856
0.000326
0.000997
0.004024
0.000142
0.0009
0.003358
0.00486
0.001255
0.000251
0.000264
0.009141
0.00778
0.001606
0.001325
0.00044
0.000688
0.035578
0.000441
0.00046
0.000327
0.004795
0.000134
0.000381
0.001052
0.00074
0.001391
0.015791
0.012145
0.00139
0.007443
0.01256
0.00393
0.008004
0.000447
0.000388
0.004558
0.000772
0.008199
0.000253
0.003311
0.001084
0.000155
0.002644
0.004016
0.013203
0.004861
0.033881
0.000965
0.000189
0.003045
0.000251
0.005064
6.4e-05
0.008715
0.026341
0.000402
0.011996
0.0001
0.000255
0.000145
0.012681
0.013892
0.001323
0.001828
0.033661
0.00064
0.000836
0.066532
0.004816
0.000908
0.000228
0.001837
0.002782
0.004589
0.010239
0.0036
0.014494
0.002433
0.002165
9.9e-05
0.000753
0.000476
0.003656
0.00508
0.002026
7.6e-05
5.4e-05
0.000649
0.01718
0.000192
0.003214
0.00088
0.000173
0.001978
0.002025
0.01806
0.000854
0.004565
0.000462
5.5e-05
0.008218
0.000685
0.008803
0.003819
0.017253
0.000547
0.022424
0.006724
6.1e-05
0.02572
0.001857
0.002423
0.012885
0.003966
0.004292
0.001324
0.003832
0.001493
0.007496
0.008853
0.012404
0.032005
0.000155
0.005795
0.000721
0.002024
0.002023
0.0043
0.001002
0.001528
0.005855
5.2e-05
0.000144
0.000187
0.000512
0.005463
0.000529
0.001586
0.000512
0.000517
0.013562
0.000531
0.007256
0.000533
0.002025
0.000849
0.000688
0.000553
0.039
0.01278
0.010866
0.008833
0.00095
0.007661
0.004911
7.4e-05
0.002229
0.023002
0.000509
0.000426
0.0004
0.000714
0.001504
0.002666
0.003471
0.009613
0.001959
0.002286
0.000663
0.000196
0.001349
0.000814
0.011942
0.00269
0.001499
0.002527
0.000578
0.002427
0.00062
0.002046
0.005271
0.008199
0.008254
0.002995
0.018755
0.03036
0.002916
0.000582
0.015351
0.002504
0.001943
0.00118
0.005621
0.000437
0.005079
0.002164
0.003183
0.000318
0.000161
0.009925
0.010941
0.013015
0.004078
0.005456
0.002274
0.000181
0.000238
0.000751
0.002256
0.003718
0.00314
0.001689
0.004832
0.000643
0.011463
0.002327
0.005143
0.002683
0.001065
0.004209
0.006376
0.00874
0.001068
0.000123
0.004106
0.010418
0.003856
3.8e-05
0.004164
0.007417
0.000711
0.001236
0.000518
8.5e-05
0.006307
0.001421
0.001076
0.002116
0.00851
0.000621
0.000596
0.001263
0.000135
0.002535
0.00046
0.003032
0.000534
8e-05
0.00018
0.000265
0.000442
0.009008
0.005635
0.029201
0.001424
0.000441
0.00195
0.000675
0.00153
0.015844
0.001451
0.00175
0.000315
0.003132
9.5e-05
0.000109
0.000204
0.008643
0.001722
0.000729
0.002526
0.035414
0.001452
0.000405
0.001199
0.001963
0.000783
0.010745
0.000776
0.000411
0.001052
0.002652
0.000113
0.00422
0.000424
0.001806
0.000158
0.000114
0.007207
0.013925
0.000554
0.000827
0.000567
0.002436
0.001738
0.002387
0.015385
0.014202
0.011218
0.001633
0.000239
0.005974
0.013597
0.002187
0.003404
0.001909
0.014582
3.9e-05
1.8e-05
0.000148
0.007868
2.9e-05
0.006844
0.004273
0.000137
0.002144
0.00189
0.003528
0.008937
0.00024
0.000108
0.007559
0.000747
0.000958
0.006667
0.001387
0.006651
0.000216
0.00057
0.00033
0.009174
0.011387
0.018641
0.012156
0.002923
0.003783
0.021005
0.01094
0.000175
0.000801
0.000965
0.00217
0.001729
0.001317
0.000102
0.002554
0.000418
0.023423
0.001592
0.009661
0.000284
0.004488
0.031514
0.000579
0.006569
0.000448
0.01487
0.013439
0.012726
0.000828
0.021799
0.00037
0.01337
0.000488
0.002206
0.001464
0.009222
0.012801
0.003539
0.002281
0.015097
0.002947
0.003568
0.000834
0.000658
0.000264
0.000616
0.008593
0.000545
7.7e-05
0.004578
0.006998
0.001328
0.00999
0.009797
0.000169
0.004622
0.004349
0.000161
0.003473
0.002734
0.000106
0.015672
6.2e-05
0.000895
0.026724
0.010729
0.000468
0.004737
0.001021
0.00035
0.003741
0.001716
0.090285
0.02169
4.5e-05
0.004321
0.000103
1.7e-05
0.000751
0.001885
6.9e-05
0.000136
0.00064
0.06459
3.4e-05
0.000143
0.000184
0.001851
0.000305
0.008906
0.001036
0.000531
0.001222
0.00103
0.000954
0.002395
8.7e-05
0.001195
0.000287
0.000191
0.000733
0.000633
0.000163
0.000356
0.000566
0.024126
0.000147
0.002327
0.001099
0.018725
0.024846
0.002441
0.004037
0.00236
0.003823
0.00235
0.000358
0.0005
0.010753
0.003534
0.001053
0.002049
0.001435
0.012678
0.008401
0.000523
0.000805
0.000498
9.9e-05
0.006419
0.000147
0.000244
0.000147
0.012682
0.000279
0.000397
0.003965
0.000127
0.000323
0.000347
0.001082
0.000734
0.00285
0.002112
0.00193
0.004622
1e-05
0.001745
0.001391
0.001114
0.002669
0.005449
0.008424
0.000265
0.007918
0.000263
0.000915
0.006148
0.019192
0.006098
0.001823
0.000689
0.008696
0.008384
0.00012
0.010132
0.00337
0.000744
0.001318
0.000172
0.005659
0.003413
0.005688
0.00018
0.002569
0.020638
0.0052
0.000584
0.00028
0.012975
0.010139
0.002138
0.003041
0.008191
0.000883
0.00191
0.005047
0.000294
0.029393
0.000115
0.003625
0.000114
0.015163
0.000913
0.002182
0.000829
0.000636
0.002461
0.000276
0.000258
0.000379
0.000225
0.000656
0.040232
0.003612
0.001083
0.004831
0.008424
0.000143
2.8e-05
0.012232
0.001767
0.017561
0.009808
0.045323
2.7e-05
0.001037
0.000556
0.002895
0.000709
0.000912
0.00075
0.005927
0.000366
0.005091
0.008741
6.9e-05
7.5e-05
0.001388
0.006446
0.000357
0.008859
0.000932
0.002215
0.019557
0.000223
0.004574
0.001782
0.022207
0.000512
0.001855
0.006863
0.002599
0.00051
0.000963
0.000218
0.000673
0.001871
0.000519
0.007619
0.001706
0.001874
0.004229
0.001638
0.010208
0.002744
0.002265
0.005314
0.008329
0.001603
0.000576
0.009897
0.000495
0.000654
0.000204
0.003144
0.002666
0.005222
5.8e-05
0.000704
0.006944
0.002448
0.000514
0.013344
0.005284
0.004374
0.000794
0.017134
0.000527
0.000134
0.000131
4.5e-05
0.00351
0.000436
0.00389
0.000109
0.000308
0.024874
0.00595
0.001857
0.020598
0.004397
0.000921
0.000463
0.000391
0.002383
0.004416
0.005898
5.7e-05
0.021615
0.000124
0.010989
0.000467
0.000101
0.00346
0.031632
0.004292
0.000452
0.000297
0.001109
0.002065
0.011086
0.000352
0.055546
0.000249
0.014295
0.000128
0.00029
0.000289
0.00078
0.00018
0.011184
0.001336
0.005486
0.00094
0.00107
0.000444
0.000546
0.002877
0.011772
0.002067
0.001184
0.002112
0.000265
0.000389
0.000523
0.00254
0.004061
0.01324
0.014963
0.002954
9.9e-05
0.006672
0.000369
0.004405
0.001181
0.01926
0.000694
0.000699
0.001951
0.007482
0.006019
0.009719
0.008095
0.003868
0.020378
0.028217
0.001514
0.000674
7.7e-05
0.00034
0.001442
0.000857
0.002095
0.002541
0.001714
0.0011
0.001005
0.000567
0.000758
0.015084
0.001108
0.034967
0.000837
0.000607
0.001116
4e-05
0.002739
0.012033
0.024255
0.000527
0.032216
0.0022
0.010756
0.002276
0.000432
0.00631
0.000465
0.000635
0.001707
0.000556
0.000418
0.005508
0.001786
0.003849
0.001824
0.013538
0.00076
0.002986
7e-06
0.011665
0.000327
0.002997
0.01186
0.010869
0.012374
0.007091
0.002144
0.001042
0.000316
0.014492
0.008409
0.018378
0.0014
0.012925
0.001244
0.010585
0.001214
0.001029
0.003733
0.002609
0.005678
0.00014
0.0056
0.004226
0.001416
0.001285
0.006728
0.001524
0.000381
0.001167
0.009459
0.003922
0.000743
0.000129
0.015485
0.001005
0.000292
0.003078
4.6e-05
0.014428
0.001576
0.000711
0.011076
0.016355
0.002966
0.000426
0.004571
0.014573
0.010039
0.000474
0.006862
0.007919
0.000132
0.001847
0.001301
0.013367
0.009719
0.008975
0.001237
0.008706
0.000238
0.024562
0.001553
0.00202
0.011033
0.000852
0.003627
0.001247
0.001869
0.000116
0.007228
0.000567
0.000208
0.000663
0.002032
0.000219
0.025588
0.000818
0.000535
0.001832
0.001625
0.00065
0.004341
0.016638
0.004177
0.000137
0.004888
0.006859
0.000171
2.6e-05
0.004511
0.007395
0.000685
0.001637
1.5e-05
0.00095
0.014781
0.000503
0.000806
9.1e-05
0.002723
0.000452
0.005956
0.00666
0.01212
0.00095
0.00566
0.000616
0.019555
0.012494
0.025213
0.000893
0.001517
0.002487
0.00043
0.003847
0.002305
0.000413
0.000231
0.001931
3.7e-05
0.000139
0.00017
0.005279
0.002601
0.010387
0.007648
0.009912
0.029867
0.000266
0.00301
4.1e-05
0.004461
0.000104
3.1e-05
0.003566
0.00749
0.000749
0.000154
0.000946
0.006076
0.000211
0.002148
0.000109
0.007539
3.2e-05
0.008566
0.000117
0.000953
0.002118
0.000332
0.000151
0.001326
0.0029
0.002191
0.009071
0.002533
0.000715
0.000327
0.02343
0.028454
0.002261
0.000635
0.000501
0.002106
0.014124
0.007397
0.010897
0.002536
0.002051
0.00884
0.000882
0.006933
7.6e-05
0.000249
4.7e-05
0.001277
0.003383
0.006871
4.6e-05
0.001037
0.000746
0.000187
0.001252
0.000907
0.000106
0.000255
0.000494
0.000743
0.002242
0.001905
0.003451
0.000452
0.001662
0.001024
0.002253
0.002785
0.004068
0.00036
0.000927
0.00074
0.02169
0.000162
0.000876
1.5e-05
0.001578
0.001591
0.001089
0.000585
0.022939
0.003059
0.002641
0.00383
0.006089
0.000118
0.030158
0.004415
0.001462
0.000895
0.000316
0.027845
0.008406
0.002152
0.023351
0.002482
0.004502
0.000517
0.005533
0.002993
0.000669
0.009377
0.000489
0.001548
0.000138
0.001247
0.01452
0.000495
0.012815
0.001597
1.7e-05
3.2e-05
9.9e-05
0.002409
0.001117
0.00156
0.00104
0.000364
0.005166
0.000535
0.004947
0.000228
0.002157
0.000281
0.001047
0.000185
0.001678
0.000666
0.005447
0.008678
0.0015
0.000169
0.006713
0.001138
0.000344
0.003518
7.5e-05
0.001562
5.5e-05
0.001188
0.018441
0.010075
0.00419
0.002338
0.001303
0.004407
0.005873
0.005588
0.000125
0.000117
9.1e-05
0.000846
0.001573
0.009605
0.000155
0.017337
0.001455
0.001901
0.000568
0.000621
0.001848
0.014805
0.000985
5.8e-05
0.000358
0.008176
0.000221
0.006274
0.000337
0.005957
0.001152
0.001479
0.009822
0.001781
0.010138
0.001156
3.9e-05
0.00065
0.010401
0.000893
0.014344
0.000512
0.006209
0.000618
0.020576
0.00981
0.038097
0.043698
0.000162
0.012543
0.024406
0.000225
0.002159
0.000702
0.000246
0.001999
4.6e-05
0.003239
0.00101
0.000142
0.002949
0.001269
0.001718
0.004281
0.01287
0.000127
0.000388
0.011604
4.5e-05
0.024715
0.000764
0.002382
0.030716
0.001657
0.001918
6.7e-05
0.005869
0.00561
0.014005
0.000764
0.012784
0.000485
0.001013
0.001605
0.002669
0.005707
0.009112
0.030388
0.003758
0.003566
0.016215
0.000154
0.003312
0.03681
0.012462
0.00019
0.000104
0.001424
0.000788
0.003116
0.003619
0.005425
0.000183
0.002123
0.001053
0.000437
0.003408
0.010522
0.006842
0.008713
0.013555
0.000727
0.003492
0.000676
0.012822
0.02504
0.007684
0.010734
0.000114
0.009398
0.000461
0.006529
0.000379
0.01484
0.000173
0.001087
0.001174
0.000212
0.00036
0.000146
0.029224
4.7e-05
0.003182
0.030096
0.008612
0.000266
0.000166
0.001948
0.002071
6.8e-05
0.000112
0.001173
0.002
0.000106
0.000344
0.005041
0.001632
0.000842
0.015199
6.2e-05
0.000514
0.000834
0.005753
4.1e-05
0.002182
0.002345
0.000674
0.000575
0.007957
0.003825
0.003272
0.00143
0.002599
0.019203
0.005821
0.000401
7.9e-05
0.000825
0.081542
0.026788
0.013804
0.000707
0.000317
0.006389
0.001274
0.031525
0.000217
0.004426
0.00163
0.000799
0.007702
0.000582
0.002598
0.000125
0.003727
0.012496
0.004883
0.000329
0.021124
0.001722
0.000618
0.000252
0.001321
0.002633
0.000358
0.002411
0.023249
0.000854
0.001783
0.015281
0.000617
0.000948
0.001504
3.8e-05
0.001661
0.002773
0.003924
0.000795
0.01377
0.000236
0.000394
0.035587
0.001622
0.001815
0.004953
0.004633
0.000561
0.002095
0.002614
0.000147
0.030363
0.000868
0.015128
0.002682
0.013679
0.00896
0.001118
0.014519
0.000299
0.014058
0.000421
0.008296
0.000177
0.003808
0.000702
0.001451
0.000115
0.000206
7.4e-05
0.000822
5.1e-05
0.002496
0.000148
7.6e-05
0.000435
0.001314
0.000401
0.000817
0.001087
0.016155
0.015365
7.7e-05
0.018108
0.000888
0.026854
0.006947
0.001463
0.000705
0.006059
0.003815
5.6e-05
0.000389
0.000487
0.001658
0.000385
0.009031
0.002068
0.008316
0.000417
0.000135
6e-05
0.014422
0.000443
0.000329
0.001456
0.000148
9.1e-05
3.9e-05
0.001716
0.00025
0.000115
0.001576
0.000117
0.000159
0.025727
0.002177
6.6e-05
0.000512
0.024177
0.00052
0.000284
0.007844
0.000112
0.000312
0.009424
0.004315
0.000282
0.001752
0.001987
0.010806
0.016014
0.002241
0.001561
0.00455
0.000251
0.000558
0.000502
0.000271
0.000222
0.000629
0.003543
0.00119
0.000417
0.000337
0.000996
0.005676
0.002189
0.010149
0.00236
0.003104
6.2e-05
0.011865
0.000622
0.000607
0.000272
4.3e-05
0.000755
0.000295
0.002159
0.007633
0.001063
0.001702
0.007451
7e-05
0.017523
0.009293
0.016613
0.00192
0.000884
0.000127
0.000799
0.001897
9.4e-05
0.010037
0.023311
0.00016
0.001912
0.001799
0.001335
0.012028
0.034656
0.001615
0.000777
6.3e-05
0.000147
0.000538
0.000753
0.001124
0.004048
0.005028
0.002624
0.002769
0.000706
0.002499
0.038244
0.005398
0.016255
0.004144
0.000878
0.002879
0.001049
6.9e-05
0.001678
0.004807
0.000232
0.001583
0.00064
0.001987
0.008365
0.000139
0.004529
0.00043
1.9e-05
0.001379
0.001761
0.006089
5.9e-05
0.002301
0.020007
0.006262
0.002495
0.001229
0.001228
0.002223
0.002697
0.001882
0.000404
0.000423
0.001644
0.007122
0.000266
0.001616
0.00718
0.000349
0.001592
4.3e-05
0.007005
0.00018
0.035073
0.005164
0.050604
0.000976
0.004032
0.002717
0.001331
0.001652
0.000212
0.0037
0.002579
0.002657
6.7e-05
0.001669
0.00688
0.000395
0.00044
6.1e-05
0.012049
0.004049
0.000237
0.000428
0.000129
0.037503
0.001777
0.003017
0.000329
0.000205
0.000829
9e-05
0.003046
0.010542
5.9e-05
0.008712
0.000933
0.005678
0.017218
0.00015
0.012594
0.000343
0.000178
0.00128
0.002092
0.000195
0.000825
0.000178
0.002051
0.007353
0.033852
0.03632
0.00106
0.000841
0.002435
0.001205
0.002309
0.002954
8.3e-05
0.002869
0.001264
0.003641
0.002664
9.3e-05
0.000426
0.000579
0.004918
0.002538
0.003627
0.000338
0.00858
3.6e-05
0.001374
0.000112
0.000484
0.000606
0.008417
0.009029
2.3e-05
0.007129
0.00636
0.002362
0.000386
0.00389
0.005279
0.002363
0.001547
0.01357
0.0155
0.000551
0.003054
0.018669
0.006276
0.000131
2.8e-05
0.001302
0.003068
0.009895
0.014093
0.004176
0.000491
0.014543
0.002431
0.001887
0.004624
0.00021
0.001886
0.000455
0.021372
0.006653
0.001758
0.001563
0.002023
0.002882
0.000371
0.010493
3.9e-05
0.000807
0.006257
0.024914
0.001672
0.0001
0.000232
0.00023
0.000416
0.00038
0.001257
0.000323
0.000173
0.000861
0.006709
0.000644
0.004051
0.000954
0.001618
0.012778
1.7e-05
0.003079
0.02563
0.003081
0.00516
0.000834
0.022081
0.004054
0.003038
0.000301
0.000832
0.000875
0.000554
7.4e-05
0.002065
9.5e-05
0.002392
0.008037
0.023764
0.000929
0.00135
0.00898
0.002423
0.00909
0.000732
0.001149
0.001332
0.009883
0.004711
0.001471
0.00128
8.9e-05
0.030961
0.00059
0.007141
0.012069
0.002521
0.000284
5.5e-05
0.001436
0.001011
0.000115
0.002163
0.031772
0.000508
0.000251
0.006739
0.002348
0.006998
0.002713
0.013259
0.003256
0.003955
0.005039
0.000914
0.005034
0.015622
0.002152
0.000605
0.010897
0.017321
0.000176
0.002247
0.000903
4.9e-05
0.007467
5.4e-05
0.008351
0.006736
0.000658
4.7e-05
0.002977
0.000416
0.000853
0.002596
0.000394
0.000133
0.002031
0.000433
0.000338
0.002102
0.004198
0.004253
0.000904
0.000945
0.020656
0.001648
0.030465
0.00126
0.001769
2.7e-05
0.004087
0.000874
0.002939
0.000223
0.005073
0.004631
0.001214
0.000952
0.001578
0.000598
0.000525
0.008544
0.010114
0.003169
0.001012
0.001957
0.001215
0.001749
0.003295
0.007475
0.001802
0.006012
0.005717
0.000221
0.025692
4.8e-05
0.000113
0.008331
4.5e-05
0.001269
0.001759
0.000191
0.006904
0.031418
3.6e-05
0.000331
0.000784
0.002838
0.038831
0.002225
0.00021
0.000167
0.000673
0.006217
0.000258
0.001933
8.4e-05
0.00027
0.001688
0.021636
0.003087
0.001877
0.000105
0.000264
2.4e-05
0.002204
0.000166
0.022662
0.001152
0.004915
0.000427
0.033815
0.004759
0.015184
0.000999
2.6e-05
0.024964
0.030801
6.7e-05
0.000464
0.000481
0.000205
0.008212
0.002658
0.008348
0.002355
0.003823
0.024918
0.00169
0.009556
0.000332
0.000565
0.030566
0.035081
0.001313
0.003971
0.000433
0.001221
0.003774
0.0004
0.000421
0.004581
0.000634
0.002617
0.000771
0.000624
0.005881
0.000507
6.8e-05
0.001121
0.00819
0.00625
0.008578
0.00058
0.001541
0.004423
0.007845
0.000107
0.023892
0.009647
0.002506
3.5e-05
0.001993
0.004943
0.007988
0.009871
0.005573
0.000778
0.001542
0.000193
0.004953
0.013908
0.000481
0.000435
0.028755
0.000218
0.008301
0.008363
0.00532
0.001139
0.004755
0.002947
0.006455
0.002707
0.005254
0.0013
3.7e-05
0.014505
0.000853
2.4e-05
0.000222
0.036404
0.018845
0.036116
0.004869
0.009819
0.006041
0.001353
0.000631
0.000526
0.004017
0.000906
0.000964
0.000316
0.000563
0.002363
0.000618
0.004144
0.000119
0.003041
0.001036
0.000786
0.000475
0.00158
0.000651
0.020657
0.0184
0.000335
0.00555
0.00879
0.000189
0.007456
0.000975
0.00104
0.009907
0.014541
0.003402
0.012068
0.000618
0.022966
0.010049
0.003841
0.007005
0.001494
0.018929
0.000651
0.002964
0.000547
0.001372
0.000103
0.00118
0.001176
0.016309
0.012074
0.001781
0.001906
0.002765
0.007894
8.2e-05
0.000521
0.002179
0.000217
0.034885
0.002448
0.002448
0.00326
0.00252
0.001338
0.003358
0.020702
0.000399
0.001109
0.002711
0.017784
0.006622
0.002702
0.000536
0.005277
0.000711
5.9e-05
0.017126
0.000195
0.017881
0.00172
0.00027
0.003938
0.000479
0.005868
0.00103
0.00011
5.8e-05
0.000547
0.004282
8e-06
2.4e-05
0.005075
0.000819
0.000766
0.001144
0.041114
0.000319
0.031631
0.005628
3.4e-05
0.000321
0.0002
0.001142
0.00113
0.000137
0.002588
0.012968
0.019072
0.023645
0.020724
0.018874
0.001704
0.0004
0.000654
0.000248
0.00012
0.006028
0.002984
0.006803
0.009203
0.004697
0.000552
0.011554
0.000534
0.008452
0.004897
0.000584
0.015454
0.009265
0.001201
0.017221
0.000906
0.001589
0.000888
0.01955
0.005695
0.004152
0.000221
0.000289
0.02748
0.004326
0.000786
0.00065
0.005318
0.019746
0.000661
0.003661
0.00011
0.000671
2.5e-05
0.010191
0.004756
0.00962
0.002817
0.000153
0.001227
0.001588
0.00663
0.001405
0.037647
0.013935
0.000638
0.000814
0.008443
0.000404
0.000581
0.000442
0.010314
0.009841
0.004777
0.000656
0.000115
0.010131
0.004871
0.002196
0.002698
0.000581
0.000198
0.001732
0.001786
0.000963
0.000358
0.003115
0.000521
0.006233
0.004409
7.6e-05
0.000168
0.002377
0.000363
0.019961
0.00537
0.008262
0.000477
0.001745
0.001558
0.009682
0.000132
0.001865
0.011448
0.000419
0.010897
0.007925
0.018743
0.00776
0.009344
0.002106
0.009013
0.016139
0.00265
4.7e-05
0.000344
0.001036
0.003091
0.000629
0.001513
0.000198
0.000811
0.001546
0.001592
0.000497
0.000852
0.001302
0.022668
0.030143
7.3e-05
0.030957
0.007866
0.006838
0.003462
0.002988
0.003055
0.002365
0.002199
8.6e-05
6.6e-05
0.000789
0.002092
0.000611
0.007594
0.009906
0.002929
0.017134
0.000243
0.0076
0.000721
0.004742
0.039479
0.005274
0.000608
0.000854
0.000189
0.001369
0.000152
0.000605
0.001799
0.000189
4.3e-05
0.001202
0.009069
0.000516
0.000583
0.000195
0.000368
0.000578
0.002451
0.001461
0.018942
0.007245
0.009614
0.00048
0.001896
0.001706
0.014473
0.00251
0.000129
0.00178
0.010548
0.002508
0.005473
0.00392
0.003796
0.001243
0.000167
0.00067
0.000486
0.002122
0.000363
0.003358
0.000304
3.3e-05
3e-05
0.012576
0.009614
0.006328
0.006999
0.001928
0.00147
2.5e-05
0.000616
0.001535
0.006922
0.001709
0.009771
0.000121
0.001119
0.000255
0.000636
0.00012
0.014106
0.010273
4e-05
0.00105
0.017376
0.000262
0.008156
0.000379
0.000565
0.000493
0.004019
0.003489
0.013974
7.1e-05
0.000337
0.008503
1.6e-05
0.005331
0.000242
0.000602
0.005818
0.000961
0.005613
0.000982
4.9e-05
0.000964
0.000246
4.8e-05
0.020605
0.003287
0.007012
0.0009
4.8e-05
0.013573
0.001682
0.015143
0.000193
0.024419
0.003126
0.002712
0.009745
0.011418
0.008684
0.007548
0.002295
0.000177
0.001256
0.00677
0.000353
0.036522
0.001651
6.4e-05
0.000989
0.003984
0.000736
0.00024
0.001358
0.00826
0.012084
0.000464
0.023059
0.002236
0.011961
0.000644
0.000226
0.016404
0.001725
0.024413
0.000212
0.00035
0.002505
0.000207
0.006534
0.002381
0.001547
0.002507
0.028929
0.00243
0.001454
0.002405
0.00198
0.002049
0.000681
0.01647
0.007429
0.000962
0.021368
0.001468
0.004686
0.007898
0.006557
0.001074
0.000603
0.00041
0.000315
0.002823
0.006524
0.002003
0.036121
0.022758
0.017733
0.0372
5.8e-05
0.007043
0.001331
0.004541
0.000117
0.000638
0.001322
0.000268
0.00576
0.003805
0.008242
0.000428
0.002659
0.002831
0.000659
0.00058
0.001126
7.9e-05
0.000702
0.002054
0.007782
9.4e-05
0.000218
0.00934
0.001273
0.00095
9.4e-05
0.00219
0.000379
1.6e-05
0.000156
0.002432
0.001049
0.00331
0.015759
0.016432
0.017916
0.000237
0.000556
0.005198
0.000381
0.028296
0.000675
0.000817
0.000271
0.017675
0.002329
0.000695
0.005925
0.000117
0.003222
2.6e-05
0.00037
0.005841
0.000611
0.006088
0.000603
0.002332
0.001429
3.8e-05
0.025348
4.3e-05
0.005577
0.002003
0.003746
0.01364
0.000137
0.000309
0.000172
0.027588
0.010037
0.001696
0.00034
0.002063
0.000318
0.000145
0.001768
0.000296
0.029949
0.012134
0.000136
0.00224
0.003666
0.000342
0.000897
0.027674
9.9e-05
0.001543
0.000478
0.001042
0.008415
0.0023
0.006491
0.000962
0.002337
0.029773
0.001603
0.001482
0.020029
0.005119
0.000369
0.000491
0.004462
0.007027
0.011869
0.000194
0.000424
0.001347
0.000483
0.001949
0.069274
0.007332
0.001787
0.000391
0.008273
0.000336
0.00028
0.021675
0.011608
0.00232
0.004251
0.028739
8.7e-05
0.007025
0.000165
0.002766
0.002914
0.019105
0.00106
0.00228
4.4e-05
0.000684
0.000339
0.000665
0.001724
0.000404
0.001317
0.00444
0.004146
2.8e-05
0.00024
0.001931
0.000228
0.001429
0.000776
0.000576
0.030319
0.000825
0.005046
0.027503
5.1e-05
0.00477
0.00038
0.015055
0.001624
0.000263
0.00439
0.007619
0.000867
0.000836
0.028846
0.012046
0.000204
0.001604
0.02171
0.000358
0.002298
0.000804
0.001408
0.001469
0.019225
0.002214
0.003121
0.010238
0.000304
0.001912
0.016095
0.000671
0.006187
0.006485
0.000529
0.00013
0.009124
7e-05
7e-05
0.000131
0.00022
0.01165
0.021715
0.000313
0.007772
0.001432
0.003757
0.000608
0.001717
0.000122
0.000614
0.030639
0.001744
0.00304
0.000695
0.001167
0.016518
0.006076
0.002395
0.001573
0.002117
0.000421
0.036334
0.003418
0.003352
0.000133
0.000339
0.00032
0.000517
0.000588
9.9e-05
0.001124
0.001547
0.010482
0.000629
0.000942
0.000625
0.003125
5.6e-05
0.002052
6.5e-05
0.008691
0.005155
0.003293
0.009071
0.002111
0.020968
0.013231
0.001518
0.000123
0.000138
0.013036
0.000229
0.000964
0.004871
0.006118
0.000861
0.005827
0.012068
0.000395
8.6e-05
0.006058
0.000227
0.002001
0.001903
0.009852
0.001144
7.2e-05
6e-05
0.000147
0.030674
0.02363
0.000274
0.000214
0.001355
0.000219
0.000815
0.001426
0.002689
0.027281
0.003191
0.011053
0.010076
0.001321
0.005939
0.000375
0.000777
0.000334
0.016256
0.001061
0.00011
0.000249
0.007245
0.006631
0.016193
0.001643
0.000561
0.000396
0.002315
0.018142
0.000615
0.012451
0.001777
0.000121
0.000421
0.000634
0.000539
0.006366
5.9e-05
3.9e-05
0.003182
0.002117
0.001431
0.004593
0.00515
0.011453
0.002818
0.005892
0.001311
0.001912
4.6e-05
0.001514
0.000121
0.025865
0.002251
0.017213
1.5e-05
0.004217
0.000878
0.000134
0.003306
0.000557
0.000205
0.00079
0.003853
0.01244
0.003156
1.1e-05
0.006272
0.03732
0.000377
0.002076
5.6e-05
0.000868
0.000273
0.015269
0.001407
0.001976
0.020316
0.012383
0.010818
0.000441
0.028084
0.00146
0.012898
0.019382
0.007531
0.001226
0.035468
0.01793
0.00079
0.018813
0.000105
0.000322
0.001543
0.00248
7.6e-05
0.002583
0.005953
6.3e-05
0.003414
0.001073
0.003041
0.000638
0.020773
0.004524
0.000585
0.00052
0.012557
0.018113
0.00054
0.0004
0.000374
0.001785
0.002699
0.004983
0.015326
0.004352
0.002968
0.013417
0.001471
0.001247
0.000538
0.012788
0.004796
0.021746
0.032832
0.000137
0.002796
0.001208
0.007858
0.016323
0.001093
0.006993
3.6e-05
0.012156
0.003649
4e-05
0.000651
9.1e-05
0.005422
0.000174
0.000473
0.002592
0.004509
0.002018
0.016967
0.003614
0.000146
0.004857
0.02263
0.000305
0.041554
0.000133
0.000543
0.002424
0.000113
0.000122
0.001651
0.011448
0.019281
0.005255
0.004167
0.000622
0.003162
0.000173
0.002641
0.002065
9.1e-05
0.009285
0.010135
0.021685
0.03209
0.000429
0.000372
0.000133
0.003988
0.005774
0.001908
0.00151
0.028245
0.009488
0.000696
4.7e-05
0.000643
0.000656
0.004659
0.005212
0.015516
0.005537
0.001856
0.002923
0.014323
0.001195
0.012828
0.001242
0.000269
0.02064
0.014186
0.005896
0.029567
0.003115
0.000769
0.000172
0.017361
0.004862
0.000292
9.8e-05
0.011717
0.000938
0.000655
0.00145
0.000276
0.011105
0.009955
0.001868
0.003397
0.001809
0.001119
0.003649
0.001586
0.01579
0.000176
0.000551
0.000978
0.001196
0.002937
0.007843
0.002126
0.000252
0.000376
0.007709
0.000691
0.002551
0.000599
0.001117
0.003596
0.000845
0.000214
0.008347
0.000205
0.008978
0.001509
0.000777
0.000351
0.000769
0.001262
0.000552
0.029166
0.000122
0.000117
0.000297
0.041698
0.003968
0.000137
0.000497
4.4e-05
0.002006
0.000777
3e-05
0.00065
3.8e-05
0.023264
0.000616
0.006856
0.000457
0.000191
0.001536
0.001062
0.01133
0.000834
0.003455
0.012296
0.011641
0.001144
0.038272
0.062986
0.003621
0.014921
0.005977
0.009044
0.001436
0.000504
0.004575
0.00395
0.004116
0.006077
0.00178
0.001992
0.00262
0.000568
0.000159
0.001867
0.0002
0.000717
0.000794
7.5e-05
0.002132
0.007325
0.000284
0.004338
0.001692
0.005908
0.000585
0.001121
0.001312
0.000777
0.005425
0.009051
0.015458
0.004402
0.000371
0.000428
0.000348
0.002867
0.000724
0.016834
0.000147
0.038371
0.003279
0.00074
0.00097
0.071016
0.005073
0.000854
7.3e-05
0.005782
4.3e-05
0.001149
0.006477
0.004136
0.016467
0.041012
0.001922
2.3e-05
0.002345
0.011837
0.002134
0.002387
0.00033
0.000482
0.001383
0.000112
0.000506
0.032795
0.000988
0.022441
0.000279
0.026022
0.00226
0.012093
0.000666
3.5e-05
0.036629
0.001565
0.004358
0.000105
7.2e-05
0.000342
0.001304
0.000328
0.003696
0.003404
0.000149
0.001841
0.006733
0.001066
0.006879
0.006625
0.005136
0.00071
0.007136
0.003374
0.010188
0.001139
0.002828
0.001267
0.019134
0.003
0.009502
0.002298
0.000429
5.5e-05
0.006073
0.003811
0.000233
0.000296
0.003247
0.000132
0.013193
0.003498
0.002728
0.000187
0.008365
0.000871
0.012272
0.003875
0.000415
0.000375
0.000149
0.001558
0.001983
0.012787
0.000119
0.008836
0.000285
0.000783
0.016814
0.005648
0.001243
0.000104
0.004464
5.8e-05
0.000157
0.00051
0.026242
0.005596
0.005583
0.000285
0.040073
9.4e-05
0.007286
0.003759
0.005626
0.013775
0.003107
0.000699
0.000152
0.000804
0.002926
0.000123
0.000204
0.083288
0.006243
0.017674
0.000348
0.001737
0.000856
0.004253
0.000177
0.002638
0.000527
0.032345
0.002934
0.039224
0.000356
0.004198
0.004821
0.000146
0.000306
0.000301
0.000707
0.008837
0.000656
0.001592
0.001985
0.029968
0.008295
0.000551
0.004614
0.000344
0.003122
0.00053
0.013814
0.001198
0.011003
0.005623
0.028281
0.0003
0.000127
0.006791
0.000686
0.00319
0.003306
0.001509
0.001027
8.8e-05
0.001219
0.009027
0.00372
0.002267
0.002981
0.004522
0.000803
0.002589
0.000188
5e-05
8e-05
0.021107
0.005158
0.000124
9.8e-05
3.3e-05
0.000284
0.001992
0.004633
0.001152
0.00443
0.00295
0.001175
0.002249
0.007464
0.004098
0.005008
0.001739
0.000191
0.006507
0.024783
0.001507
0.003139
0.000215
0.001885
8.8e-05
0.002312
6e-05
0.000165
0.000135
0.009134
0.001881
0.000749
0.000235
0.003453
0.001096
0.000303
0.000305
0.000511
0.003861
0.014437
0.039499
0.013004
0.000829
0.030486
0.001742
0.000157
0.000265
0.000793
5.4e-05
0.008092
0.006997
0.014912
0.000389
0.000388
0.000567
0.006792
0.009507
0.000267
0.001564
0.001332
0.002883
0.002149
0.001751
0.007238
0.001761
0.00112
0.000416
0.019535
0.004961
0.001235
0.001744
0.001306
0.000941
0.005215
3.7e-05
0.001427
0.002649
0.000723
0.000122
0.002323
0.000316
0.000188
0.013217
0.012103
0.000273
0.000517
0.003068
5.6e-05
7.1e-05
0.001711
0.003338
0.039668
0.001889
7.4e-05
0.001155
0.001262
0.001175
0.00016
0.004826
0.004178
0.010615
0.005978
0.001692
0.000872
0.000371
0.019356
0.007364
0.000467
0.004663
0.00732
0.015803
0.016976
0.000469
6.8e-05
0.000336
0.000148
0.001921
0.014755
0.000185
6e-05
0.017515
0.02761
0.028901
0.000978
0.002355
0.000596
0.007152
0.000364
0.000642
0.001072
0.003657
0.001022
0.002327
8.4e-05
0.001734
0.00627
0.006594
0.019281
8.1e-05
0.003878
0.000231
0.013876
0.00389
0.047156
0.004512
0.009007
0.001626
0.005622
0.001471
0.026332
0.000696
0.003937
0.009009
0.002824
0.001168
0.010101
0.003031
0.008864
3.2e-05
0.02051
0.000753
0.000435
7.1e-05
0.008805
0.000889
0.000192
0.003804
0.000692
0.005383
0.001736
0.011901
0.00118
0.007252
0.00022
0.000536
0.005939
0.015949
0.000892
8.1e-05
0.00833
0.013234
0.023374
0.003725
0.032252
0.00201
0.003862
9.3e-05
0.019399
0.000624
2.6e-05
0.002083
0.020625
0.001819
0.006071
0.000729
0.012169
0.003177
0.005676
0.000244
0.000103
7.5e-05
7.7e-05
0.010058
0.001636
0.001219
0.01088
0.000492
0.001228
0.014463
0.024547
0.006395
0.004641
0.003755
0.000619
0.000313
0.005464
0.000498
0.014069
0.005536
0.00162
0.003375
9.5e-05
0.000806
0.006437
0.000969
0.002412
0.000109
0.00063
0.000783
0.000767
0.000109
0.005896
0.015199
0.000444
3.7e-05
0.015597
0.001004
0.000175
0.00385
0.009675
0.004737
0.017571
0.001365
0.001356
0.007532
0.000456
0.001745
0.008729
0.018615
0.000661
0.00021
6.2e-05
0.000369
0.00224
0.000203
0.00898
0.014893
0.000714
0.000777
0.000104
0.000162
0.00481
0.004843
0.000953
0.00041
0.005966
0.000805
5.3e-05
0.01159
0.000442
0.003054
0.000666
0.010594
0.001242
0.002175
0.008167
0.000983
0.002895
0.000513
0.000933
0.00418
0.000221
0.005981
0.000267
0.001365
0.024056
0.005057
0.000528
0.005261
0.003126
0.002005
0.022872
0.026938
0.002633
0.013887
0.006065
0.000697
0.001847
0.000675
2.9e-05
0.012779
0.042999
0.001209
0.01638
0.000127
0.00211
0.006766
0.000256
3.8e-05
0.007157
3.8e-05
0.008705
0.010742
0.002344
0.004891
0.000421
0.004116
0.003197
0.003941
0.000172
0.004181
0.012305
0.000237
0.000644
0.000337
0.006422
0.003353
0.000408
0.010646
0.01526
0.000258
0.000102
0.000484
0.000775
0.000119
0.003211
0.005037
0.033973
0.002091
0.001102
0.00017
0.000205
0.000578
2.8e-05
0.000972
0.033832
0.000195
0.014927
0.00025
0.003075
0.003871
0.015087
0.012776
0.001242
2.6e-05
0.010859
0.00051
0.010999
0.019239
0.03327
0.002004
3.9e-05
0.000592
0.025299
0.00633
9.5e-05
0.000584
0.005313
7.9e-05
0.016524
0.000826
0.005137
0.002847
0.000785
0.000325
0.022818
0.000704
3.1e-05
0.001695
0.002016
0.001391
0.002392
0.00054
0.001116
0.003672
3.1e-05
0.002412
0.00321
0.003804
0.000176
0.00632
0.002887
7.5e-05
0.002353
6.1e-05
0.00298
0.001308
0.002595
0.003727
0.000531
0.000772
0.000268
0.001074
0.000419
0.009022
0.000335
0.011231
0.000825
0.00413
0.000162
0.000676
0.012185
0.000102
0.000368
0.000905
0.006029
0.001028
0.001586
0.002581
0.005491
0.001564
0.030246
0.008935
0.012454
0.003428
6.7e-05
0.001893
0.006234
0.000134
0.004744
0.010756
0.00611
0.003219
0.002152
0.00021
0.002495
0.002036
0.000687
0.003551
0.027061
0.001979
0.004352
0.001366
0.002977
0.007179
0.001527
0.003444
8.2e-05
0.001717
0.003103
0.001617
0.009466
0.010574
0.00176
0.000552
0.010651
0.000124
0.000633
0.000644
0.002974
0.003558
0.000406
0.004198
0.002349
0.000206
0.001022
0.004128
0.001226
0.005609
3.8e-05
0.010791
0.000253
0.001869
0.000985
0.002646
0.000758
0.000647
0.003875
0.001086
0.000107
0.003155
0.000363
0.007745
0.000228
0.001821
0.009458
0.000419
0.000341
0.00373
0.008157
0.001162
0.000281
0.029503
0.031686
0.000104
0.003622
0.001256
0.008411
0.000354
0.010603
0.000154
0.000913
0.000431
0.003387
0.006375
0.00415
0.011867
0.009769
0.00017
0.002112
0.009022
0.003169
0.003169
0.002791
0.000159
0.005567
0.000562
0.000165
0.002033
0.002621
0.002981
0.003256
0.001959
5.8e-05
0.015887
0.00609
0.009081
0.000256
0.006095
0.000499
0.006551
0.000455
0.000381
0.000607
0.000324
0.003495
0.000639
0.038554
0.002529
0.000153
0.000655
0.000313
0.000286
0.02233
0.002895
0.010094
0.029331
0.014574
0.011307
0.0002
0.001414
0.002643
0.002541
0.001064
0.005966
0.002111
0.007666
0.013396
0.016319
0.007897
0.002397
0.006451
0.000107
0.000138
0.005092
0.003524
0.001644
0.025366
0.001589
0.009989
0.012682
0.022369
9.4e-05
0.002008
0.016969
0.002722
0.002176
0.034509
0.03988
0.000446
0.01306
0.009196
0.003155
0.00274
0.015454
0.012422
0.003756
0.010112
0.00289
0.00533
0.000242
0.006483
3.1e-05
0.002478
0.003829
0.001747
0.003808
0.000159
0.005382
0.003039
0.001006
0.000263
0.000109
0.000424
0.006427
0.009918
0.00264
9.7e-05
0.003322
0.000265
0.001821
0.002799
0.000376
0.002867
0.003172
0.001317
0.001587
0.000339
0.00039
2.2e-05
0.002544
0.000312
0.001672
0.000235
0.000119
0.000571
0.000149
0.002609
0.002527
0.00106
0.000662
0.000927
0.000262
0.000135
0.006207
0.000145
0.002793
0.00251
0.000666
0.001521
0.001181
2.7e-05
0.007061
0.000117
0.010312
0.007024
0.000782
0.002816
0.001027
0.027375
0.000938
0.004629
0.000697
0.007546
0.000505
0.000245
0.000667
0.003363
0.009632
0.010647
0.015222
0.0002
0.000724
0.009191
0.006107
0.000635
0.001377
0.000212
0.000782
0.002841
0.002396
1.9e-05
0.002789
0.013411
0.008427
0.002213
0.013263
0.001912
0.000519
2.2e-05
0.002229
0.006221
0.00026
0.000857
0.001704
0.002354
0.001317
0.000248
0.000442
0.000798
0.043127
0.001599
0.008176
0.000902
0.000141
6.7e-05
0.000556
0.01733
0.000107
0.000715
0.009497
0.021583
0.004426
0.000286
0.045225
0.02735
0.000238
0.002919
0.001589
0.002413
9.7e-05
0.000863
0.004334
0.000345
0.007592
0.000666
0.002959
0.011573
0.001007
0.02935
0.00022
0.002065
0.032741
0.006538
0.002613
0.000267
0.006247
0.027591
0.003963
0.019076
0.005785
0.000882
0.000212
0.000471
0.010759
0.001476
0.004879
0.009603
5.6e-05
0.000532
0.000137
0.002075
0.004142
9.3e-05
0.002717
0.002007
0.00292
0.004966
0.001709
1.7e-05
0.016099
0.000147
0.000544
0.000174
0.034071
0.000801
0.002881
0.002665
0.00021
0.000376
0.000344
5.6e-05
0.002215
0.006386
0.001345
0.006866
0.008705
0.004998
8.6e-05
0.007015
0.003761
0.000106
0.001572
0.003637
0.003001
0.00128
0.00486
0.002727
0.016308
0.001142
0.006489
0.007022
0.000438
0.011559
0.000155
0.006095
0.002483
0.003672
0.002507
0.001555
0.007184
0.002068
0.000761
0.001948
0.013225
0.002177
0.013466
0.000161
0.008875
0.010439
0.002675
0.003113
0.001613
0.0003
0.02128
0.000796
0.00223
0.000226
0.006853
0.009125
0.000618
0.00092
0.007171
0.006997
0.011399
0.00035
0.011867
0.005873
0.000613
0.007558
0.005578
0.003508
0.001545
0.001366
0.002964
0.005403
0.017962
0.00791
0.047757
0.004795
0.00052
0.001924
0.003303
0.01599
6e-05
0.002067
0.005921
0.000174
0.001961
0.009195
0.021686
0.001082
7.1e-05
0.001495
0.00627
0.00556
0.000721
0.000529
0.000365
0.000769
0.000248
0.001088
0.006736
8e-05
0.001574
0.008844
0.002008
0.00045
0.001988
0.000184
0.01116
0.000272
0.00315
0.003173
0.010229
0.030923
0.018225
0.000221
0.000302
0.001507
0.000693
0.006272
0.006283
0.000171
0.00293
0.000697
0.000681
0.006189
0.001513
0.058364
0.001408
0.000201
0.005729
0.006882
0.000154
0.00095
0.003884
0.04074
5.7e-05
0.020084
0.000175
0.006694
0.018731
0.007913
0.007089
0.000239
0.001032
0.000182
0.003986
0.002082
0.00023
6e-05
0.005399
3e-05
0.000523
0.023674
0.011296
0.001137
0.000224
0.008557
0.001589
0.001672
0.018401
0.000394
0.01794
0.009676
0.002955
0.001152
0.001748
0.000239
0.003322
0.000497
0.000848
0.002043
0.002481
0.000517
0.000386
6.4e-05
0.012246
0.002015
0.006223
0.001206
0.000338
0.001662
0.022813
0.000437
0.00042
0.020138
0.0011
0.001461
3.6e-05
0.000678
0.000133
0.002445
0.000739
0.006217
0.000363
0.033894
0.000125
0.011768
0.006026
0.000859
0.001232
0.000248
0.009185
0.000283
0.035531
0.00334
0.002854
0.002654
0.014009
0.000407
0.000521
0.015885
0.0005
0.00222
0.000723
0.001089
0.015097
0.00889
0.001754
0.000504
0.003397
1e-05
0.003818
0.004355
0.013418
0.001349
0.004092
0.012162
0.003313
0.002695
0.009462
0.015592
0.001074
0.009269
0.000196
0.002774
0.000236
0.000351
0.033215
0.009082
0.000311
0.009456
0.001493
0.00149
0.000173
0.000418
0.006682
8e-05
0.000827
0.002007
0.001271
0.006625
0.000974
0.003097
0.004092
0.020594
0.018127
0.009283
0.023714
0.003515
0.007884
0.000851
3e-05
0.001077
0.008774
0.000816
0.023214
0.005213
0.038972
0.008216
0.003312
0.004101
0.000546
0.001881
0.023992
0.000673
0.00364
0.000523
0.017618
0.00344
3.2e-05
0.000147
0.004374
0.002129
0.002359
0.004026
0.005546
0.00032
0.03624
0.007582
0.002717
0.015497
0.004471
0.001688
0.032037
0.013613
0.006858
4.8e-05
0.0161
0.000946
0.000789
0.009645
0.001122
0.001742
0.009877
0.022541
0.007174
0.001251
0.00065
0.003776
0.004676
0.000154
0.002114
0.000413
0.003822
0.002136
0.002466
0.003662
0.007268
0.001998
0.004135
0.002658
0.000648
0.001244
0.000975
0.016966
0.002417
0.000154
0.003115
0.001407
0.006907
0.001575
0.002945
0.009844
0.002506
0.001524
0.004122
4e-05
0.002414
0.001247
0.001196
0.002581
0.015574
0.002196
0.000922
0.014897
0.039073
0.000447
0.000731
0.005279
0.00655
0.006587
0.000563
0.000263
0.003165
0.000129
0.0044
0.004717
7.3e-05
0.002
0.000185
0.002072
0.000965
0.022537
0.001573
0.00377
0.000164
0.004413
0.00511
0.001517
7.2e-05
0.000318
0.002689
0.000154
0.014638
0.000361
0.018581
0.000281
0.001322
0.051431
0.001794
0.002073
0.000999
0.000913
0.000103
0.004011
0.001884
0.000254
0.002361
0.000892
0.013382
9.4e-05
2.2e-05
0.000757
0.008134
7.5e-05
0.006109
0.02116
0.008626
0.015094
0.024418
0.017968
0.008849
0.004076
0.001291
0.029171
0.019403
0.000383
0.00145
0.001208
0.000244
0.000924
0.016711
0.005912
0.018959
0.006924
0.00013
0.001255
0.014109
0.044122
0.006698
0.000154
0.005499
0.001707
0.013624
0.000265
0.00193
0.004236
9.9e-05
0.004072
0.000739
0.002742
0.024409
0.001095
6.1e-05
0.002581
0.001029
0.00286
0.029612
0.003604
0.000179
0.00116
0.000508
0.007077
0.014723
0.00065
0.004296
0.007335
0.029476
0.000132
0.005884
0.002229
0.006097
0.032403
0.001221
0.000228
0.000331
0.002036
0.003047
0.007049
5e-05
0.000585
0.017478
0.000391
0.000386
0.000286
0.007064
0.009999
0.000437
0.000163
0.001286
0.000569
0.001424
0.012982
0.00042
0.00132
0.001016
0.000461
0.000524
0.000269
0.003427
0.011303
0.002967
0.003601
0.000142
0.002747
0.011599
0.00181
0.004292
0.00036
0.000488
2.9e-05
0.033985
0.001423
0.004077
0.004586
0.036835
0.000824
0.001342
0.003585
0.010302
0.001723
3.1e-05
5.6e-05
0.001664
0.001708
0.006658
0.002582
0.02459
0.007814
0.003485
0.002009
0.008337
0.000337
0.003342
0.000572
0.001821
0.002573
0.000241
0.003846
0.03535
0.018367
0.012971
0.000367
0.000881
0.001823
0.022274
0.001467
0.007159
0.010883
0.000851
0.0026
0.002493
0.001987
0.010159
0.000842
0.002502
0.058666
0.029609
0.001553
0.003334
0.000838
0.009484
0.000105
0.000336
0.011868
0.021161
0.000428
0.000604
0.000578
0.026352
0.000352
0.000213
0.005812
0.000542
0.000682
0.000105
0.014362
6.8e-05
0.000532
6.5e-05
0.00769
0.004465
0.003659
0.018663
0.002836
0.014344
4.6e-05
0.017766
0.000165
0.001353
0.000182
0.002809
0.010365
0.001561
0.00304
0.000331
0.000858
0.008045
0.004677
0.008588
0.003545
0.002791
0.00084
7.1e-05
0.005656
0.000233
0.000107
0.000646
5e-05
0.007935
0.011213
0.013789
0.005808
0.000913
0.008779
0.005704
0.002452
0.001402
0.014059
0.000298
0.002445
9e-05
0.024538
0.003702
0.041221
0.003664
0.001687
0.002152
0.002769
0.000116
0.003925
0.00249
0.002169
0.007872
0.002722
0.040684
0.005731
0.011047
0.00207
0.007643
0.012509
0.001409
0.00217
0.021878
0.001429
0.001145
0.013972
0.041629
0.00235
4.2e-05
0.001152
0.026188
0.000477
4.5e-05
0.001778
0.001894
0.00142
0.012795
0.001062
0.000163
0.003002
0.003484
0.004728
0.000124
0.004244
0.027962
0.009227
0.001019
0.000763
0.008136
6e-06
0.00045
0.013909
0.001585
0.002716
0.011721
0.016408
0.00115
0.000915
0.000173
0.004466
0.003231
0.004139
0.017352
0.000389
0.000504
0.000981
0.016306
0.002423
0.001238
0.000109
0.001176
0.002091
0.001917
0.001795
0.001086
0.015882
0.000127
0.003312
0.007674
0.000487
0.004354
0.000404
0.006596
0.004732
0.014428
0.003896
0.000783
0.003133
4.5e-05
0.00011
0.001064
0.000213
0.002668
0.004091
0.000182
0.002786
2.7e-05
0.000839
0.004045
0.002755
0.005727
0.004405
0.010017
0.000243
0.000205
0.003847
0.000574
0.00403
0.000318
0.002119
0.00047
0.006063
0.000124
0.001523
0.005845
0.000515
0.00123
0.012148
0.001884
0.006776
0.0009
0.002498
0.002996
0.000288
0.00118
0.025561
0.000336
0.029678
0.00696
0.000594
0.00141
0.000742
0.009909
0.007876
0.000557
0.00878
0.023061
0.003502
0.000318
0.000605
0.002202
0.004954
0.001188
0.019993
0.000581
0.004295
0.01026
0.000745
0.000809
0.000149
0.000167
0.005442
0.005731
0.000823
0.00464
0.02637
0.000129
0.000183
0.010439
0.000944
0.025829
0.000403
0.00473
0.002443
0.00489
0.003513
0.000394
0.002555
0.000818
0.002431
0.001565
0.003372
0.000165
0.006658
0.000488
0.000306
0.004696
0.008329
0.013208
0.000736
0.009491
0.002253
0.002277
9.4e-05
0.000241
4.3e-05
0.016814
0.002177
0.00056
0.002486
0.006516
0.001184
0.002713
0.005149
0.000179
0.00462
0.00751
0.000231
0.000428
0.000473
0.024033
0.000716
0.000106
0.000233
0.010871
0.00102
0.006241
7.4e-05
0.002643
0.033128
0.010407
0.011163
2.1e-05
0.020645
2.2e-05
0.001587
0.002342
0.003497
0.000228
0.009855
0.001054
0.000561
0.001401
0.014745
0.002061
0.000957
0.008731
0.000241
0.003079
0.0039
0.00216
0.00584
0.003202
0.006011
0.000414
0.004173
0.001739
0.000334
0.000798
0.000492
0.00719
0.000235
0.01604
0.022207
0.000834
0.000605
6.1e-05
0.001992
2.4e-05
0.006868
0.006343
6.5e-05
0.011232
0.000148
0.000159
0.002411
0.000805
0.018192
0.009371
0.000232
0.007603
0.010504
0.013973
0.003383
0.001064
0.00488
0.000956
0.002006
0.02648
0.002636
0.000791
0.000281
0.005929
0.000791
0.002327
0.025038
0.000762
0.015887
0.00545
0.006282
0.01842
0.003172
0.000602
0.001252
0.00032
0.023217
0.00052
0.005105
0.002978
0.001157
0.010924
7.5e-05
0.00059
0.001051
0.000222
0.000888
0.000758
0.000877
0.000814
0.000555
0.024423
0.017525
0.023209
0.003293
0.002739
0.001747
0.006847
0.008118
0.000221
0.007216
0.034466
0.00058
0.052024
0.007635
0.045536
0.00467
0.001788
0.052058
0.00871
0.002186
0.000706
0.000127
5.7e-05
0.000831
0.00238
0.005923
0.001841
0.000326
0.010742
0.007668
0.007199
0.005167
0.02464
0.001815
0.005195
0.000219
0.003023
0.032891
0.000767
0.023168
0.00773
8.6e-05
0.003495
0.000219
0.011048
0.004323
0.00064
0.005277
0.019638
0.005871
0.000415
0.000129
2.7e-05
0.000507
0.000798
0.000355
5.3e-05
1.3e-05
0.000615
0.002886
0.004734
0.006976
0.00302
0.005049
0.001502
0.000148
3.8e-05
0.0031
0.000243
2.8e-05
0.002874
0.001013
0.026881
0.000706
0.001728
0.000952
0.003338
0.001706
0.000108
0.024009
0.000839
0.000373
0.015924
0.004025
0.001578
0.001071
0.003897
7.7e-05
0.017453
0.006662
0.000432
0.008627
0.000649
0.002045
0.000627
0.000269
0.014838
0.001048
0.000235
0.000104
0.042055
0.002583
0.014373
0.000465
0.001866
0.038917
0.012914
2.6e-05
0.007027
0.012805
0.002851
0.000173
0.00011
0.000645
0.006376
0.004205
0.002519
0.001637
0.003665
0.000118
0.000123
0.000812
0.001307
0.001817
0.000371
0.004237
0.003615
0.001135
0.000301
0.003274
0.000934
5.2e-05
0.023795
0.01197
0.004896
0.001486
0.004367
0.000607
0.001597
1.2e-05
8.8e-05
0.000233
0.00128
0.025621
0.000687
0.000273
0.006078
0.003396
0.004644
0.010701
0.000339
0.002558
0.00443
2.7e-05
0.004324
0.002
0.03163
0.008398
0.000267
0.001173
0.026716
0.000818
0.008169
0.006876
0.000346
0.002651
0.007633
0.001993
0.002012
0.003002
0.002266
0.00635
0.010341
0.00123
0.026211
0.00181
8.1e-05
0.036652
0.000323
0.001146
0.003591
0.000287
0.000114
0.015023
0.011625
0.000533
0.026317
0.014597
0.041749
0.001209
0.009444
0.000464
0.006387
0.000827
0.000544
0.002074
0.006571
0.000315
0.000692
0.006124
3e-05
0.00401
7.2e-05
0.005013
0.014068
0.000786
0.004729
0.003018
0.002976
0.000583
0.001371
0.000277
0.00163
0.005259
0.005952
0.001953
0.008624
0.002417
0.011411
0.000613
0.001472
9.5e-05
0.00046
0.01756
0.009742
0.026413
0.015363
0.000379
0.000208
0.001837
0.003399
0.00054
0.001909
0.019722
0.005381
0.008117
0.000128
0.025861
0.001319
0.007447
0.010608
0.013649
0.012433
0.00027
0.003006
0.023728
0.001543
0.000787
7.1e-05
0.005659
0.000347
0.001342
0.002188
0.000288
0.003225
0.005501
0.000941
0.004099
0.005133
0.002676
0.000126
0.000473
0.002143
0.001483
0.000428
0.001826
8.9e-05
0.031031
0.004042
0.00473
0.001355
0.000171
0.00084
0.007567
0.006109
0.000155
0.01553
0.001847
3.7e-05
0.008658
0.009333
0.008301
0.001195
0.010719
0.019366
0.000342
0.009325
0.00196
0.005781
0.001728
0.003955
0.007376
0.003533
0.012971
0.002027
0.008033
0.000342
0.001109
0.013746
0.003786
0.000141
0.016376
0.000199
0.00046
0.001097
0.006725
0.000175
0.022198
0.003716
0.012987
2.4e-05
0.000172
0.000246
0.000325
0.000342
0.000876
0.008583
0.000677
0.008641
0.002802
7.3e-05
7.9e-05
0.000411
0.002536
0.002043
7.3e-05
0.003987
0.001532
0.001383
0.001119
0.001021
0.000165
0.000497
0.004237
0.000405
0.002261
3.6e-05
4.7e-05
0.000934
0.033681
9.7e-05
0.000256
0.045068
0.002455
0.000944
6.9e-05
0.030295
0.002114
0.002625
0.000222
0.000668
0.005432
0.000591
0.000263
0.005454
0.000259
0.003891
0.001039
0.000352
0.000197
0.002818
0.001197
0.000128
0.000604
0.001861
0.023818
0.023765
0.016305
0.001603
0.00198
0.002305
4.2e-05
0.001769
0.006489
0.000436
0.000149
7.4e-05
0.001351
0.00131
0.010791
0.002532
0.006442
0.014846
0.000303
0.000632
0.000734
0.006333
0.000102
0.001221
0.018548
0.000299
0.00299
6.8e-05
0.003177
0.000627
0.000154
0.017288
0.000755
0.00169
0.000886
0.004675
0.006543
0.000724
0.001085
0.009089
0.000464
0.001937
6.4e-05
0.000178
0.000286
0.001646
0.004802
0.024547
0.001933
0.001749
0.001429
0.000456
9.6e-05
0.00074
0.006543
0.040387
0.005746
0.016278
0.002468
0.00041
0.002681
0.001871
0.004352
0.00019
0.01078
0.000246
0.001474
0.011245
0.004112
7.2e-05
0.001345
0.002075
0.00598
0.008894
0.016656
0.00404
0.001289
0.000942
0.001373
0.012635
0.000595
0.024946
0.000276
0.000397
0.001275
9.5e-05
0.000161
0.00089
0.002234
0.004669
0.00483
0.000338
0.002459
0.003518
0.005098
0.005278
0.016176
0.002761
6.7e-05
0.00237
0.003286
2.4e-05
0.01075
0.019014
4.5e-05
0.000272
0.006688
0.000323
0.004417
0.012075
0.000128
0.024393
0.000222
6.2e-05
0.002183
0.007267
0.002305
0.018047
0.001751
0.000198
0.000271
0.000124
0.007231
0.002327
4.8e-05
0.000122
0.000657
0.002884
0.00077
0.000196
0.003341
0.002054
0.000987
0.000284
0.006425
0.000421
0.002503
0.001829
0.02154
0.000243
0.000881
0.001271
0.001344
0.000458
0.007105
0.008452
0.020505
0.000792
0.00113
0.00169
0.007529
0.001224
0.019514
0.000247
0.025451
1.9e-05
0.000553
0.000337
0.015815
0.005946
0.000824
0.006154
0.000517
0.003315
0.001118
0.035141
0.010974
0.0009
0.00176
0.000649
0.002117
0.000437
0.007127
0.001035
0.001806
0.000326
0.000603
0.029786
0.015696
9.9e-05
0.001301
0.006606
0.000163
0.003476
0.006549
0.00408
0.000862
5e-05
0.00033
0.000815
0.001176
0.006881
0.005148
3.6e-05
0.000214
0.000589
0.002901
0.002048
0.004484
0.00186
0.001576
0.011827
0.000613
0.000758
0.003766
0.001454
0.001116
0.001851
0.000721
0.019758
1.9e-05
0.000862
0.012825
0.007491
0.001969
0.005067
0.000138
0.008254
0.00034
0.001221
0.000118
0.005502
0.000176
0.005169
0.000646
0.003604
0.000495
0.000521
0.010491
0.00014
0.006859
0.001713
1.5e-05
0.004489
7.4e-05
0.000378
0.018866
0.002895
0.002202
0.002775
0.006035
0.00161
0.003585
0.019162
0.002654
0.001057
0.003971
0.015805
8e-05
0.007361
2.5e-05
0.004361
0.002155
0.00099
0.00011
0.00073
0.008566
0.00479
0.00267
0.002409
0.000195
0.004833
0.000146
0.002776
0.004983
0.015831
0.001134
0.009903
0.000258
0.000346
0.000787
0.006386
0.013449
0.011998
0.00299
0.008745
0.003878
0.001259
0.000546
0.005679
0.001959
0.000189
0.004447
0.002268
4.5e-05
0.001658
0.000888
0.000255
0.000296
0.004142
0.000124
0.000971
0.015472
0.002756
0.000627
0.000344
1.6e-05
0.001203
0.000387
0.032783
0.019592
0.014798
0.001165
0.002144
0.012822
0.023415
0.006573
0.005834
0.001072
0.000929
0.013394
0.000566
0.001752
0.000858
0.013974
0.00077
0.000201
0.000372
0.000824
0.002543
0.000605
0.013446
9.1e-05
0.004238
0.011372
0.003644
0.003672
0.009573
0.008947
0.00096
0.000102
0.000596
0.000203
0.000173
0.000402
0.002687
0.005915
0.004413
0.013381
0.000426
0.002619
0.000471
0.004687
0.007192
0.000753
0.012936
0.008039
0.002112
0.010944
0.002451
0.00342
0.003503
0.000244
0.001652
0.002637
0.000585
0.006335
0.00366
0.001119
0.0004
0.003906
0.001061
0.000165
0.000922
4.7e-05
5.8e-05
0.000245
0.001982
0.000215
0.000861
0.001144
9e-06
9.6e-05
0.004515
0.000564
0.001216
0.001535
0.003425
0.004913
0.000725
0.005834
0.000601
0.001004
0.009122
0.000145
0.004166
0.044578
0.005135
0.000406
0.004005
0.024474
0.013852
0.000441
0.001083
0.000153
0.002174
0.000705
0.031751
0.004277
0.00374
0.003014
6.3e-05
7.8e-05
0.000232
0.00469
0.015246
0.005758
5.3e-05
0.004329
0.007314
0.002834
0.008428
0.002621
0.000302
0.02314
0.000883
4.1e-05
0.003117
0.000739
0.000322
6.1e-05
0.000478
0.000941
0.029817
0.001801
0.000277
0.024652
0.000477
0.000138
0.003106
0.001069
0.003755
0.007457
0.017418
0.019088
0.002349
0.000836
0.004558
0.000177
3.3e-05
0.000346
0.001678
0.000127
0.00647
0.015164
0.003239
4.3e-05
0.005016
0.007368
5.3e-05
0.00331
0.000561
3.2e-05
0.002604
0.00364
0.016826
0.002919
1.1e-05
0.002533
0.009633
0.034943
0.00204
0.002484
0.003452
0.025647
0.000244
0.000782
0.003742
0.001851
0.002224
0.006576
0.030228
0.002017
0.000261
0.000177
0.00293
0.00141
0.012835
0.012523
0.002434
0.000704
0.003052
0.003097
0.009114
6.8e-05
0.002392
0.001953
0.00148
0.003345
0.010075
0.001015
0.019387
0.001647
0.000465
0.013912
0.020709
3.5e-05
0.002981
0.000885
4.6e-05
2.1e-05
0.015241
0.020522
0.005972
0.0014
0.000193
5.7e-05
0.0014
0.002455
0.002111
0.008899
0.002897
0.001008
0.00777
0.001437
0.000271
0.006605
0.007683
0.018468
0.000794
0.000706
2.9e-05
0.008765
0.000243
0.003302
0.00033
0.018954
0.0698
0.01927
0.000254
0.000155
0.00798
0.016611
0.000603
0.000967
9.5e-05
0.000416
0.007618
0.001409
0.000257
0.010612
0.002045
0.006966
0.000222
0.014461
0.005088
0.010499
0.000472
0.001609
0.00078
0.003827
0.021716
0.018288
0.000575
0.002263
0.003105
0.00041
0.001609
0.001183
0.000828
0.000361
0.004809
0.002263
0.018068
0.001769
0.000287
0.004918
0.005498
0.021726
0.015198
3.9e-05
0.002948
0.004183
5.1e-05
0.000152
0.001083
0.002672
0.011612
0.002338
0.002435
0.004277
0.004045
0.000665
0.015879
0.018937
0.013996
0.011143
0.000649
0.000167
0.001318
0.001095
0.046583
0.006625
0.000286
0.000119
0.004956
4.1e-05
0.002415
5.6e-05
0.015262
0.000823
0.001038
0.002541
0.00317
0.000461
0.000387
0.000308
0.003979
0.002311
0.004144
0.002527
0.000269
0.005085
0.000264
0.000669
0.003904
0.000932
0.001204
0.000197
0.00016
0.002552
0.000997
0.001035
0.001728
0.001882
0.004754
0.001732
5.9e-05
0.000411
0.005997
0.006492
3.7e-05
0.011857
0.001035
0.00269
0.000121
0.00014
0.000377
2.1e-05
0.003527
4.4e-05
0.001611
0.01381
0.000188
0.001657
0.000215
0.002104
0.009227
0.003197
0.007909
0.002584
0.002733
0.003948
0.00014
7.2e-05
0.005748
0.002706
0.000913
0.000441
0.001438
0.005654
0.02586
0.026125
0.002256
0.000287
0.001333
0.005844
0.001401
0.006548
0.000107
9.4e-05
0.034987
0.002155
0.002005
1.2e-05
0.021289
0.00074
0.000207
0.004226
0.00058
0.00093
0.000658
0.000992
0.001301
0.000653
0.002811
0.001064
0.000328
0.002986
0.001026
0.035024
0.001018
0.001173
0.001042
0.025578
0.000228
0.000223
0.00013
0.000546
0.000927
0.000439
4.9e-05
0.028565
0.008966
0.011456
0.000342
0.002321
0.000121
0.001046
0.007891
0.018866
0.001369
0.000329
8.1e-05
0.000587
0.015621
0.002523
0.000365
0.003772
0.000198
0.000138
0.001927
9e-05
0.002384
0.007637
0.002124
0.01216
0.000203
0.002751
0.001291
0.002218
7e-06
0.000113
0.002511
0.005958
0.016875
0.000767
0.001261
0.000261
0.002185
0.005432
0.000283
0.004726
0.001556
0.002687
0.00172
0.001487
0.00057
0.004996
0.007396
0.000284
0.010425
0.005724
0.005462
0.000717
0.002975
0.001671
0.021385
0.00184
0.012266
6.6e-05
1.7e-05
0.001429
0.000562
0.002845
0.010676
0.000311
0.000581
0.029533
0.029542
0.001097
0.00277
0.005792
0.003057
0.000224
0.000269
0.000531
8.1e-05
7.7e-05
0.020361
0.000681
0.002459
0.001744
0.012194
0.00211
8.1e-05
0.000607
0.000265
0.002337
0.002125
0.002224
0.009562
0.000199
0.000246
0.000553
7.7e-05
0.000118
0.025277
0.006737
0.003061
0.00101
0.000421
0.000599
0.000712
0.018042
0.000191
0.011242
0.018618
0.001641
0.001028
0.000631
0.000303
0.004143
0.031503
0.009566
0.00017
0.001181
0.032089
0.002668
2.8e-05
0.000375
0.004582
0.004211
0.01606
0.000598
0.001343
0.000179
0.005418
0.001032
0.003472
0.001143
0.003667
0.000977
0.009171
0.007151
0.008162
0.000232
0.001189
0.00049
0.000634
0.007131
0.000491
0.003698
0.001166
0.004084
0.004718
0.00172
0.064025
0.022138
0.000284
0.000491
0.051821
0.021156
5e-05
0.000331
0.000278
0.000462
0.006453
0.000466
0.001546
0.004398
0.001779
0.003198
0.004609
0.000386
0.002583
0.010268
0.000786
0.000823
0.001626
0.007876
0.000215
0.000532
0.006437
0.004684
0.002044
6e-05
0.003308
0.001308
0.000103
0.00019
0.001715
0.009033
0.000366
3.8e-05
0.000772
0.001068
0.000477
0.000909
0.002137
0.004585
0.005728
0.000377
0.000444
0.000578
0.034175
0.001863
0.011308
0.001319
3.6e-05
0.001249
0.010647
0.021037
0.011973
0.001243
0.002351
0.002074
0.001908
6.4e-05
0.001697
0.005883
0.019271
0.000795
0.001813
0.006665
0.000771
0.000123
0.002134
0.02644
0.000379
0.031783
0.000914
0.000325
0.000547
0.000155
0.001051
0.000452
0.000135
0.003098
0.014825
0.001225
0.005221
0.00233
0.030057
0.001708
0.02474
0.000646
0.000101
0.008653
0.000605
0.005737
0.001654
0.000606
0.000181
0.000166
0.029749
0.006165
0.000162
0.005396
0.025603
0.002807
0.010114
0.007847
0.0008
0.001149
0.004626
0.00069
0.002261
6.9e-05
0.006667
0.000294
0.006728
0.0018
0.002885
0.001602
0.001542
0.003715
0.000838
0.001957
0.005648
0.005361
0.009088
0.006256
0.00465
0.004145
0.002625
0.000602
0.000535
0.005359
0.000993
0.001106
7.4e-05
0.006102
0.005453
0.001253
0.000742
0.001942
0.000577
0.0035
0.01472
0.000755
0.0154
0.009499
0.00831
0.004439
0.01829
0.000204
0.000185
0.000675
0.000633
0.000368
0.000549
0.006942
0.012622
7.8e-05
0.000387
0.008029
0.010186
0.02234
0.013133
0.000465
0.003224
8.6e-05
0.00388
0.005403
0.019223
0.000629
0.003692
0.001425
0.00026
0.006358
0.002209
0.000515
0.022986
0.001316
1.9e-05
0.001419
0.014523
0.006303
0.000549
0.000285
0.002001
0.001311
0.038463
0.007693
0.000313
0.002081
0.018521
0.004774
1.1e-05
0.002728
0.005149
0.001511
0.000128
0.000237
0.000531
0.000156
0.000989
0.000874
0.00596
0.002797
0.001992
0.001057
0.001034
0.019088
0.00393
0.000217
0.001796
0.004787
0.00094
0.00393
0.012465
0.006009
0.000752
0.001731
0.000634
0.000289
0.004102
0.015399
5.1e-05
7.6e-05
0.000338
0.000996
0.000406
0.000233
5.3e-05
0.000714
0.003066
0.002204
0.020493
0.009716
0.000369
0.001033
0.006437
0.000257
0.000742
0.003689
0.006198
0.003827
0.000145
0.001251
0.000279
0.000879
0.008399
0.00314
0.002638
8.7e-05
0.005372
0.004464
0.000978
0.017313
0.00185
0.000143
0.00025
0.000154
8.4e-05
0.01822
0.003985
0.00025
0.000263
0.002383
0.001151
0.000436
0.002905
6.4e-05
0.00041
0.000382
0.019472
0.000253
0.032143
0.002251
0.00064
0.002527
0.000327
0.001975
0.014092
0.002305
0.000874
0.001558
0.000201
3.5e-05
4.2e-05
0.000434
0.018653
0.000641
0.002171
0.008315
0.008416
0.010914
0.005087
0.001454
0.00588
0.004471
4.9e-05
6.4e-05
0.000274
0.001145
0.016934
0.000227
0.000108
3e-05
0.001656
0.002398
0.018733
0.005682
0.00062
0.006931
0.000507
0.001074
0.009604
0.003467
0.000983
0.000491
0.000397
0.005083
0.008593
0.003632
0.001629
0.017917
0.00755
0.012712
0.00166
0.008553
0.000822
0.001119
1.4e-05
0.037292
0.00013
0.002954
0.000897
0.001141
0.004223
0.001713
0.018566
6.8e-05
0.016361
0.010439
4.3e-05
0.006388
0.000381
9.1e-05
8.6e-05
0.000447
0.017568
0.015613
0.001486
0.000668
0.000433
9e-05
0.00397
0.0066
0.000822
0.000566
0.005884
0.001163
0.000459
0.022009
0.025327
0.011327
0.000799
0.000113
0.003333
0.000651
0.001431
0.038089
0.001814
0.001698
0.003477
0.00225
0.003167
0.006138
0.005126
0.000655
0.001888
0.000334
0.004959
9.2e-05
0.009343
0.011116
0.016565
0.00031
0.004136
0.027705
0.005705
0.000527
0.00178
0.000266
0.008024
0.001716
0.017823
0.002856
0.003806
0.000818
0.000821
0.005197
0.00645
0.001128
0.009468
0.0006
0.012269
0.00969
0.004803
0.001318
0.003271
0.000188
0.000111
0.003024
0.000298
0.018534
0.007534
0.038646
0.010053
0.000735
0.001823
0.022482
0.000157
0.008386
0.000129
0.00547
0.009192
0.00148
0.007202
0.006051
0.003123
0.00218
0.008015
0.009121
9.7e-05
0.002096
0.002405
0.002544
0.000283
0.003248
0.004444
0.009665
0.0019
0.003196
0.006608
0.008035
0.013559
0.000909
0.005553
0.000529
0.004155
0.000377
0.004708
0.000522
0.010459
0.007856
0.002236
0.001267
0.003146
0.000996
0.020103
0.002914
0.00517
0.012653
0.000772
0.012805
3.8e-05
6.3e-05
0.000715
0.002157
0.004602
4.9e-05
0.002443
0.011872
0.00027
0.001286
0.000623
0.000799
0.018763
0.000801
0.0023
0.003884
0.000953
0.00032
0.002187
0.001013
0.000174
0.016734
0.008622
0.000552
0.014899
0.001515
0.017889
0.016768
0.004596
0.03129
0.002763
0.002916
0.000626
0.00128
0.002996
0.009744
0.00143
0.000265
0.006862
0.000911
0.001465
0.002505
0.000471
0.006552
0.000776
0.0056
0.001891
0.028229
0.000131
0.000905
0.012216
0.001107
0.017573
0.001012
0.000137
0.002215
0.007617
0.001374
5e-05
0.001277
0.011802
0.000836
0.000657
0.011427
7.8e-05
0.000264
0.000466
0.00573
0.00031
0.003994
0.000838
0.005848
0.004862
0.00125
0.0041
0.00466
0.001182
0.008689
5.9e-05
0.003679
0.000707
0.001648
0.0044
0.020524
0.002235
0.018847
0.007943
0.000455
0.001041
0.033599
0.000355
0.023543
0.032713
0.001941
0.001237
0.003304
0.001019
0.00165
2.9e-05
0.007184
0.007128
0.00137
0.000194
0.027979
0.000487
0.001803
0.028882
0.001156
0.000134
0.000299
0.007415
0.000701
0.013069
0.021329
0.008102
0.007793
0.002134
0.000506
0.000741
0.001263
0.001527
0.000177
0.007035
0.002111
0.001012
0.000452
0.003442
0.00038
0.003118
0.000173
0.007223
0.000251
4.3e-05
0.001536
0.000566
0.002695
0.009496
0.00309
2.3e-05
0.013537
0.007844
0.025512
0.002492
0.00437
0.000219
0.031673
0.012961
0.003439
0.000383
0.016085
0.000132
0.0033
0.003041
0.003235
0.029589
0.000559
0.003266
0.000326
0.00034
0.001954
0.000345
0.001112
0.0045
0.006725
0.010078
0.001478
0.007418
0.002779
0.008069
0.002653
0.002437
0.000463
8.7e-05
0.024917
0.000202
0.001045
0.000433
0.000265
0.002983
0.000152
0.002586
0.001223
0.000258
4e-05
0.006878
0.00165
0.004908
0.006868
0.039864
0.001913
5.1e-05
0.003858
0.005336
0.014502
0.000417
0.001015
0.000241
0.000212
0.003034
0.000608
0.018795
0.000939
0.000462
0.002991
0.000972
0.003697
0.001513
0.009575
0.001334
0.012831
0.000229
0.00299
0.004949
0.001781
0.031139
0.000512
0.000506
0.008846
0.00017
0.002118
0.005633
0.004039
0.001108
0.001439
0.00467
6.6e-05
1.5e-05
0.005361
0.000101
0.001369
0.003303
9.3e-05
0.010232
0.003372
0.001213
0.012619
0.042533
0.000861
0.018598
2.5e-05
0.007424
0.000149
0.005948
0.000677
0.011954
0.002262
0.00054
0.007614
0.004979
0.023335
0.001602
0.004524
0.004896
0.00991
0.001758
0.027169
0.000697
0.011174
0.001723
5.3e-05
0.015427
