268	60	111	0.2239	0.4142	
254	38	88	0.1496	0.3465	
340	56	124	0.1647	0.3647	
129	52	70	0.4031	0.5426	
442	93	179	0.2104	0.405	
555	129	229	0.2324	0.4126	
522	93	181	0.1782	0.3467	
256	76	124	0.2969	0.4844	
529	133	258	0.2514	0.4877	
347	82	155	0.2363	0.4467	
1111	220	445	0.198	0.4005	
227	32	68	0.141	0.2996	
428	83	164	0.1939	0.3832	
642	118	234	0.1838	0.3645	
421	135	184	0.3207	0.4371	
318	63	130	0.1981	0.4088	
100	13	20	0.13	0.2	
156	27	47	0.1731	0.3013	
118	59	77	0.5	0.6525	
178	59	73	0.3315	0.4101	
489	89	191	0.182	0.3906	
94	13	26	0.1383	0.2766	
287	42	81	0.1463	0.2822	
349	67	117	0.192	0.3352	
351	63	145	0.1795	0.4131	
343	67	127	0.1953	0.3703	
300	61	77	0.2033	0.2567	
707	158	306	0.2235	0.4328	
274	34	80	0.1241	0.292	
105	47	71	0.4476	0.6762	
206	20	38	0.0971	0.1845	
262	62	122	0.2366	0.4656	
155	15	47	0.0968	0.3032	
196	46	89	0.2347	0.4541	
306	55	113	0.1797	0.3693	
1133	226	432	0.1995	0.3813	
272	49	99	0.1801	0.364	
252	52	105	0.2063	0.4167	
313	30	55	0.0958	0.1757	
384	53	104	0.138	0.2708	
361	78	143	0.2161	0.3961	
199	42	79	0.2111	0.397	
100	36	55	0.36	0.55	
203	50	97	0.2463	0.4778	
147	44	85	0.2993	0.5782	
548	109	221	0.1989	0.4033	
259	66	112	0.2548	0.4324	
202	43	87	0.2129	0.4307	
301	63	105	0.2093	0.3488	
473	86	171	0.1818	0.3615	
67	14	27	0.209	0.403	
403	77	150	0.1911	0.3722	
187	38	73	0.2032	0.3904	
168	31	56	0.1845	0.3333	
610	230	343	0.377	0.5623	
492	118	226	0.2398	0.4593	
217	49	76	0.2258	0.3502	
429	62	157	0.1445	0.366	
153	46	68	0.3007	0.4444	
232	21	47	0.0905	0.2026	
467	97	185	0.2077	0.3961	
319	49	87	0.1536	0.2727	
167	44	80	0.2635	0.479	
162	36	64	0.2222	0.3951	
380	113	152	0.2974	0.4	
677	144	281	0.2127	0.4151	
317	83	169	0.2618	0.5331	
214	37	57	0.1729	0.2664	
279	54	102	0.1935	0.3656	
464	82	193	0.1767	0.4159	
264	68	124	0.2576	0.4697	
492	99	195	0.2012	0.3963	
311	50	105	0.1608	0.3376	
468	96	205	0.2051	0.438	
285	78	146	0.2737	0.5123	
217	40	65	0.1843	0.2995	
538	85	204	0.158	0.3792	
262	47	95	0.1794	0.3626	
126	63	79	0.5	0.627	
224	40	78	0.1786	0.3482	
558	130	226	0.233	0.405	
162	29	68	0.179	0.4198	
434	73	145	0.1682	0.3341	
128	67	96	0.5234	0.75	
310	42	95	0.1355	0.3065	
310	66	124	0.2129	0.4	
339	87	143	0.2566	0.4218	
304	64	121	0.2105	0.398	
373	78	167	0.2091	0.4477	
81	29	38	0.358	0.4691	
283	54	78	0.1908	0.2756	
959	103	217	0.1074	0.2263	
86	39	48	0.4535	0.5581	
81	6	8	0.0741	0.0988	
239	57	103	0.2385	0.431	
77	25	46	0.3247	0.5974	
261	61	113	0.2337	0.433	
528	93	217	0.1761	0.411	
230	62	95	0.2696	0.413	
137	53	76	0.3869	0.5547	
162	30	57	0.1852	0.3519	
524	107	226	0.2042	0.4313	
146	25	46	0.1712	0.3151	
146	15	34	0.1027	0.2329	
647	113	228	0.1747	0.3524	
311	47	113	0.1511	0.3633	
325	55	88	0.1692	0.2708	
708	171	309	0.2415	0.4364	
271	95	152	0.3506	0.5609	
113	37	42	0.3274	0.3717	
353	68	128	0.1926	0.3626	
385	44	114	0.1143	0.2961	
151	15	34	0.0993	0.2252	
343	70	125	0.2041	0.3644	
213	47	82	0.2207	0.385	
354	102	177	0.2881	0.5	
571	143	207	0.2504	0.3625	
107	13	26	0.1215	0.243	
376	82	159	0.2181	0.4229	
153	50	79	0.3268	0.5163	
162	54	96	0.3333	0.5926	
848	152	308	0.1792	0.3632	
191	50	82	0.2618	0.4293	
1871	430	822	0.2298	0.4393	
144	17	37	0.1181	0.2569	
57	20	28	0.3509	0.4912	
545	89	190	0.1633	0.3486	
74	21	33	0.2838	0.4459	
158	33	67	0.2089	0.4241	
108	21	42	0.1944	0.3889	
257	37	89	0.144	0.3463	
215	48	85	0.2233	0.3953	
87	24	38	0.2759	0.4368	
85	24	37	0.2824	0.4353	
247	62	106	0.251	0.4291	
138	36	62	0.2609	0.4493	
67	14	23	0.209	0.3433	
924	468	577	0.5065	0.6245	
291	55	125	0.189	0.4296	
268	92	138	0.3433	0.5149	
85	35	60	0.4118	0.7059	
359	72	143	0.2006	0.3983	
420	103	176	0.2452	0.419	
393	66	132	0.1679	0.3359	
262	41	89	0.1565	0.3397	
160	14	28	0.0875	0.175	
271	44	131	0.1624	0.4834	
287	136	181	0.4739	0.6307	
261	50	99	0.1916	0.3793	
521	130	209	0.2495	0.4012	
527	104	204	0.1973	0.3871	
302	75	121	0.2483	0.4007	
327	99	177	0.3028	0.5413	
492	98	198	0.1992	0.4024	
323	52	100	0.161	0.3096	
498	95	173	0.1908	0.3474	
313	72	126	0.23	0.4026	
494	103	204	0.2085	0.413	
297	42	93	0.1414	0.3131	
952	222	418	0.2332	0.4391	
579	124	231	0.2142	0.399	
336	73	132	0.2173	0.3929	
304	74	123	0.2434	0.4046	
86	14	24	0.1628	0.2791	
175	32	51	0.1829	0.2914	
282	47	103	0.1667	0.3652	
165	36	79	0.2182	0.4788	
107	67	76	0.6262	0.7103	
142	26	59	0.1831	0.4155	
1206	333	474	0.2761	0.393	
116	32	58	0.2759	0.5	
430	95	136	0.2209	0.3163	
105	35	41	0.3333	0.3905	
230	42	93	0.1826	0.4043	
214	16	33	0.0748	0.1542	
869	186	352	0.214	0.4051	
517	104	224	0.2012	0.4333	
254	63	96	0.248	0.378	
287	42	70	0.1463	0.2439	
600	86	179	0.1433	0.2983	
406	85	176	0.2094	0.4335	
606	126	232	0.2079	0.3828	
169	52	83	0.3077	0.4911	
407	96	196	0.2359	0.4816	
226	33	82	0.146	0.3628	
364	95	171	0.261	0.4698	
197	146	164	0.7411	0.8325	
302	32	66	0.106	0.2185	
163	39	65	0.2393	0.3988	
848	117	264	0.138	0.3113	
439	106	196	0.2415	0.4465	
143	15	36	0.1049	0.2517	
294	89	117	0.3027	0.398	
71	19	33	0.2676	0.4648	
367	82	172	0.2234	0.4687	
327	47	98	0.1437	0.2997	
421	65	121	0.1544	0.2874	
164	48	67	0.2927	0.4085	
249	96	121	0.3855	0.4859	
330	63	140	0.1909	0.4242	
275	47	84	0.1709	0.3055	
374	52	103	0.139	0.2754	
196	91	104	0.4643	0.5306	
413	104	188	0.2518	0.4552	
85	25	36	0.2941	0.4235	
446	78	180	0.1749	0.4036	
84	70	73	0.8333	0.869	
411	73	171	0.1776	0.4161	
289	70	142	0.2422	0.4913	
300	52	123	0.1733	0.41	
441	102	181	0.2313	0.4104	
351	104	166	0.2963	0.4729	
310	58	122	0.1871	0.3935	
260	37	81	0.1423	0.3115	
112	37	52	0.3304	0.4643	
359	39	102	0.1086	0.2841	
352	66	134	0.1875	0.3807	
269	49	97	0.1822	0.3606	
400	109	169	0.2725	0.4225	
473	113	218	0.2389	0.4609	
399	68	143	0.1704	0.3584	
216	74	112	0.3426	0.5185	
235	50	105	0.2128	0.4468	
1405	292	564	0.2078	0.4014	
315	54	124	0.1714	0.3937	
611	252	354	0.4124	0.5794	
1121	218	468	0.1945	0.4175	
154	25	51	0.1623	0.3312	
304	46	80	0.1513	0.2632	
743	136	290	0.183	0.3903	
231	40	87	0.1732	0.3766	
586	343	416	0.5853	0.7099	
281	75	127	0.2669	0.452	
137	66	79	0.4818	0.5766	
182	92	112	0.5055	0.6154	
179	22	63	0.1229	0.352	
359	93	162	0.2591	0.4513	
433	89	177	0.2055	0.4088	
215	52	88	0.2419	0.4093	
456	93	183	0.2039	0.4013	
333	63	139	0.1892	0.4174	
245	26	66	0.1061	0.2694	
305	77	135	0.2525	0.4426	
1527	322	656	0.2109	0.4296	
84	11	29	0.131	0.3452	
217	71	104	0.3272	0.4793	
171	28	59	0.1637	0.345	
300	53	109	0.1767	0.3633	
333	77	171	0.2312	0.5135	
308	25	66	0.0812	0.2143	
388	93	182	0.2397	0.4691	
192	35	54	0.1823	0.2812	
200	113	133	0.565	0.665	
947	247	418	0.2608	0.4414	
202	54	72	0.2673	0.3564	
166	28	56	0.1687	0.3373	
445	68	130	0.1528	0.2921	
301	60	113	0.1993	0.3754	
638	66	146	0.1034	0.2288	
263	132	167	0.5019	0.635	
516	128	243	0.2481	0.4709	
193	16	24	0.0829	0.1244	
224	52	90	0.2321	0.4018	
174	91	108	0.523	0.6207	
374	106	145	0.2834	0.3877	
130	39	61	0.3	0.4692	
289	76	126	0.263	0.436	
188	24	48	0.1277	0.2553	
609	131	278	0.2151	0.4565	
91	9	12	0.0989	0.1319	
465	79	156	0.1699	0.3355	
84	45	57	0.5357	0.6786	
216	50	94	0.2315	0.4352	
159	23	38	0.1447	0.239	
598	160	281	0.2676	0.4699	
73	46	55	0.6301	0.7534	
382	134	205	0.3508	0.5366	
622	151	274	0.2428	0.4405	
100	41	60	0.41	0.6	
416	86	176	0.2067	0.4231	
307	82	136	0.2671	0.443	
344	140	173	0.407	0.5029	
126	83	99	0.6587	0.7857	
401	78	176	0.1945	0.4389	
229	87	111	0.3799	0.4847	
509	174	241	0.3418	0.4735	
428	81	150	0.1893	0.3505	
312	66	108	0.2115	0.3462	
426	93	178	0.2183	0.4178	
430	138	191	0.3209	0.4442	
262	59	117	0.2252	0.4466	
134	63	95	0.4701	0.709	
264	60	107	0.2273	0.4053	
210	106	135	0.5048	0.6429	
96	34	38	0.3542	0.3958	
282	49	125	0.1738	0.4433	
103	18	33	0.1748	0.3204	
269	54	112	0.2007	0.4164	
284	67	125	0.2359	0.4401	
137	18	36	0.1314	0.2628	
164	23	49	0.1402	0.2988	
329	59	112	0.1793	0.3404	
463	90	180	0.1944	0.3888	
113	26	42	0.2301	0.3717	
468	72	166	0.1538	0.3547	
144	30	48	0.2083	0.3333	
416	99	172	0.238	0.4135	
223	36	58	0.1614	0.2601	
404	65	121	0.1609	0.2995	
114	38	49	0.3333	0.4298	
744	192	344	0.2581	0.4624	
445	100	189	0.2247	0.4247	
469	103	166	0.2196	0.3539	
161	26	70	0.1615	0.4348	
308	73	123	0.237	0.3994	
362	55	116	0.1519	0.3204	
473	86	171	0.1818	0.3615	
249	57	105	0.2289	0.4217	
353	92	160	0.2606	0.4533	
95	7	11	0.0737	0.1158	
422	78	170	0.1848	0.4028	
483	82	162	0.1698	0.3354	
569	136	276	0.239	0.4851	
393	74	144	0.1883	0.3664	
339	66	128	0.1947	0.3776	
434	114	210	0.2627	0.4839	
277	38	87	0.1372	0.3141	
338	51	93	0.1509	0.2751	
270	61	103	0.2259	0.3815	
234	48	97	0.2051	0.4145	
367	62	145	0.1689	0.3951	
438	107	181	0.2443	0.4132	
156	22	51	0.141	0.3269	
156	23	42	0.1474	0.2692	
130	32	55	0.2462	0.4231	
197	48	89	0.2437	0.4518	
279	67	110	0.2401	0.3943	
210	42	79	0.2	0.3762	
461	109	213	0.2364	0.462	
142	32	59	0.2254	0.4155	
1152	210	427	0.1823	0.3707	
122	31	66	0.2541	0.541	
98	23	30	0.2347	0.3061	
210	45	78	0.2143	0.3714	
100	34	55	0.34	0.55	
251	67	132	0.2669	0.5259	
112	9	19	0.0804	0.1696	
289	58	117	0.2007	0.4048	
549	112	206	0.204	0.3752	
220	60	100	0.2727	0.4545	
288	43	113	0.1493	0.3924	
106	35	53	0.3302	0.5	
100	40	51	0.4	0.51	
266	59	115	0.2218	0.4323	
304	43	88	0.1414	0.2895	
165	42	60	0.2545	0.3636	
628	132	259	0.2102	0.4124	
701	125	256	0.1783	0.3652	
266	69	123	0.2594	0.4624	
1004	142	320	0.1414	0.3187	
127	32	49	0.252	0.3858	
632	75	172	0.1187	0.2722	
158	28	43	0.1772	0.2722	
507	109	193	0.215	0.3807	
232	45	93	0.194	0.4009	
303	208	216	0.6865	0.7129	
607	134	244	0.2208	0.402	
308	44	102	0.1429	0.3312	
972	209	404	0.215	0.4156	
763	214	367	0.2805	0.481	
182	33	67	0.1813	0.3681	
193	45	66	0.2332	0.342	
96	20	27	0.2083	0.2812	
218	59	97	0.2706	0.445	
100	31	44	0.31	0.44	
161	41	68	0.2547	0.4224	
315	50	110	0.1587	0.3492	
218	73	109	0.3349	0.5	
342	151	212	0.4415	0.6199	
118	38	61	0.322	0.5169	
552	177	307	0.3207	0.5562	
102	10	29	0.098	0.2843	
138	45	62	0.3261	0.4493	
117	46	57	0.3932	0.4872	
2103	447	845	0.2126	0.4018	
161	30	50	0.1863	0.3106	
201	32	62	0.1592	0.3085	
78	26	41	0.3333	0.5256	
111	34	58	0.3063	0.5225	
336	63	124	0.1875	0.369	
497	88	212	0.1771	0.4266	
91	9	18	0.0989	0.1978	
584	59	138	0.101	0.2363	
147	41	68	0.2789	0.4626	
129	20	38	0.155	0.2946	
408	120	161	0.2941	0.3946	
130	56	87	0.4308	0.6692	
286	22	42	0.0769	0.1469	
169	26	57	0.1538	0.3373	
144	13	35	0.0903	0.2431	
351	64	128	0.1823	0.3647	
265	64	94	0.2415	0.3547	
331	64	120	0.1934	0.3625	
251	86	125	0.3426	0.498	
398	80	150	0.201	0.3769	
435	102	186	0.2345	0.4276	
102	17	34	0.1667	0.3333	
104	29	34	0.2788	0.3269	
58	13	22	0.2241	0.3793	
179	40	76	0.2235	0.4246	
198	31	80	0.1566	0.404	
423	103	178	0.2435	0.4208	
163	44	71	0.2699	0.4356	
268	45	87	0.1679	0.3246	
472	71	141	0.1504	0.2987	
224	34	82	0.1518	0.3661	
746	137	254	0.1836	0.3405	
256	45	104	0.1758	0.4062	
105	38	49	0.3619	0.4667	
98	6	10	0.0612	0.102	
1489	347	609	0.233	0.409	
74	39	57	0.527	0.7703	
317	44	93	0.1388	0.2934	
153	30	55	0.1961	0.3595	
311	58	112	0.1865	0.3601	
1014	197	314	0.1943	0.3097	
387	114	202	0.2946	0.522	
187	41	79	0.2193	0.4225	
163	41	66	0.2515	0.4049	
379	33	78	0.0871	0.2058	
467	75	141	0.1606	0.3019	
255	55	119	0.2157	0.4667	
172	25	44	0.1453	0.2558	
121	28	60	0.2314	0.4959	
51	34	41	0.6667	0.8039	
148	56	82	0.3784	0.5541	
84	20	37	0.2381	0.4405	
84	35	52	0.4167	0.619	
123	23	34	0.187	0.2764	
562	91	170	0.1619	0.3025	
563	153	267	0.2718	0.4742	
191	62	97	0.3246	0.5079	
296	47	111	0.1588	0.375	
414	61	116	0.1473	0.2802	
178	33	60	0.1854	0.3371	
678	145	281	0.2139	0.4145	
232	43	102	0.1853	0.4397	
214	52	80	0.243	0.3738	
563	97	187	0.1723	0.3321	
170	36	53	0.2118	0.3118	
398	43	93	0.108	0.2337	
465	98	167	0.2108	0.3591	
873	70	158	0.0802	0.181	
93	35	53	0.3763	0.5699	
227	112	127	0.4934	0.5595	
564	104	244	0.1844	0.4326	
319	72	135	0.2257	0.4232	
85	27	37	0.3176	0.4353	
355	77	153	0.2169	0.431	
300	80	136	0.2667	0.4533	
265	49	100	0.1849	0.3774	
538	217	268	0.4033	0.4981	
297	75	132	0.2525	0.4444	
137	29	49	0.2117	0.3577	
490	75	192	0.1531	0.3918	
138	42	70	0.3043	0.5072	
229	37	91	0.1616	0.3974	
274	32	62	0.1168	0.2263	
132	24	55	0.1818	0.4167	
147	27	61	0.1837	0.415	
165	26	45	0.1576	0.2727	
261	43	94	0.1648	0.3602	
421	70	146	0.1663	0.3468	
1008	86	213	0.0853	0.2113	
183	46	86	0.2514	0.4699	
115	50	67	0.4348	0.5826	
232	37	74	0.1595	0.319	
418	73	140	0.1746	0.3349	
403	64	156	0.1588	0.3871	
176	60	105	0.3409	0.5966	
1316	267	519	0.2029	0.3944	
357	68	131	0.1905	0.3669	
375	76	162	0.2027	0.432	
120	30	40	0.25	0.3333	
308	79	153	0.2565	0.4968	
1345	297	600	0.2208	0.4461	
297	78	137	0.2626	0.4613	
154	90	114	0.5844	0.7403	
137	31	53	0.2263	0.3869	
245	50	114	0.2041	0.4653	
326	73	132	0.2239	0.4049	
1822	375	723	0.2058	0.3968	
862	134	282	0.1555	0.3271	
333	61	144	0.1832	0.4324	
412	79	160	0.1917	0.3883	
137	32	54	0.2336	0.3942	
579	156	254	0.2694	0.4387	
511	140	231	0.274	0.4521	
272	36	91	0.1324	0.3346	
411	127	213	0.309	0.5182	
122	38	61	0.3115	0.5	
220	42	87	0.1909	0.3955	
474	78	153	0.1646	0.3228	
81	15	33	0.1852	0.4074	
139	69	88	0.4964	0.6331	
347	72	143	0.2075	0.4121	
364	49	86	0.1346	0.2363	
517	139	241	0.2689	0.4662	
780	140	254	0.1795	0.3256	
160	30	55	0.1875	0.3438	
93	38	57	0.4086	0.6129	
229	77	106	0.3362	0.4629	
590	134	246	0.2271	0.4169	
343	49	94	0.1429	0.2741	
71	30	44	0.4225	0.6197	
517	87	192	0.1683	0.3714	
219	43	76	0.1963	0.347	
461	110	188	0.2386	0.4078	
438	39	104	0.089	0.2374	
295	66	104	0.2237	0.3525	
91	38	42	0.4176	0.4615	
275	71	101	0.2582	0.3673	
312	53	113	0.1699	0.3622	
214	42	66	0.1963	0.3084	
82	28	38	0.3415	0.4634	
2118	435	829	0.2054	0.3914	
519	152	245	0.2929	0.4721	
69	7	10	0.1014	0.1449	
125	45	71	0.36	0.568	
115	22	52	0.1913	0.4522	
190	43	62	0.2263	0.3263	
119	38	58	0.3193	0.4874	
333	185	235	0.5556	0.7057	
130	51	60	0.3923	0.4615	
336	66	120	0.1964	0.3571	
78	17	30	0.2179	0.3846	
181	38	73	0.2099	0.4033	
355	186	218	0.5239	0.6141	
114	31	42	0.2719	0.3684	
687	277	421	0.4032	0.6128	
286	53	97	0.1853	0.3392	
430	97	190	0.2256	0.4419	
427	78	146	0.1827	0.3419	
432	78	171	0.1806	0.3958	
758	155	308	0.2045	0.4063	
171	34	75	0.1988	0.4386	
80	16	27	0.2	0.3375	
835	217	373	0.2599	0.4467	
96	6	20	0.0625	0.2083	
179	36	81	0.2011	0.4525	
592	138	248	0.2331	0.4189	
129	25	50	0.1938	0.3876	
103	43	62	0.4175	0.6019	
79	7	14	0.0886	0.1772	
107	9	19	0.0841	0.1776	
222	22	48	0.0991	0.2162	
257	53	103	0.2062	0.4008	
161	68	94	0.4224	0.5839	
159	25	52	0.1572	0.327	
503	83	149	0.165	0.2962	
317	47	110	0.1483	0.347	
284	47	103	0.1655	0.3627	
222	19	36	0.0856	0.1622	
278	136	177	0.4892	0.6367	
479	161	247	0.3361	0.5157	
154	96	121	0.6234	0.7857	
840	272	398	0.3238	0.4738	
378	89	177	0.2354	0.4683	
324	53	114	0.1636	0.3519	
139	23	33	0.1655	0.2374	
394	83	179	0.2107	0.4543	
203	29	71	0.1429	0.3498	
108	11	22	0.1019	0.2037	
37	9	18	0.2432	0.4865	
158	41	77	0.2595	0.4873	
104	36	55	0.3462	0.5288	
377	112	161	0.2971	0.4271	
361	44	106	0.1219	0.2936	
231	90	126	0.3896	0.5455	
238	47	96	0.1975	0.4034	
377	256	272	0.679	0.7215	
476	102	206	0.2143	0.4328	
604	141	246	0.2334	0.4073	
414	100	176	0.2415	0.4251	
250	33	74	0.132	0.296	
262	19	52	0.0725	0.1985	
510	80	177	0.1569	0.3471	
260	19	38	0.0731	0.1462	
203	42	88	0.2069	0.4335	
184	49	77	0.2663	0.4185	
733	141	255	0.1924	0.3479	
76	18	28	0.2368	0.3684	
249	45	78	0.1807	0.3133	
486	75	156	0.1543	0.321	
146	88	91	0.6027	0.6233	
115	22	56	0.1913	0.487	
124	49	80	0.3952	0.6452	
440	63	122	0.1432	0.2773	
409	68	138	0.1663	0.3374	
379	107	158	0.2823	0.4169	
401	76	124	0.1895	0.3092	
1401	259	517	0.1849	0.369	
384	98	182	0.2552	0.474	
458	72	159	0.1572	0.3472	
514	98	206	0.1907	0.4008	
252	70	126	0.2778	0.5	
201	41	61	0.204	0.3035	
80	9	17	0.1125	0.2125	
311	61	125	0.1961	0.4019	
129	32	44	0.2481	0.3411	
293	170	212	0.5802	0.7235	
231	74	113	0.3203	0.4892	
234	58	112	0.2479	0.4786	
290	70	132	0.2414	0.4552	
335	51	106	0.1522	0.3164	
205	49	84	0.239	0.4098	
268	77	131	0.2873	0.4888	
335	84	142	0.2507	0.4239	
352	46	83	0.1307	0.2358	
243	90	123	0.3704	0.5062	
210	39	72	0.1857	0.3429	
955	273	379	0.2859	0.3969	
142	17	37	0.1197	0.2606	
80	17	33	0.2125	0.4125	
162	33	71	0.2037	0.4383	
596	93	205	0.156	0.344	
190	43	73	0.2263	0.3842	
111	42	63	0.3784	0.5676	
124	32	55	0.2581	0.4435	
454	40	79	0.0881	0.174	
625	97	231	0.1552	0.3696	
502	107	196	0.2131	0.3904	
142	28	47	0.1972	0.331	
675	199	312	0.2948	0.4622	
278	45	101	0.1619	0.3633	
164	29	53	0.1768	0.3232	
307	63	123	0.2052	0.4007	
239	67	111	0.2803	0.4644	
393	69	151	0.1756	0.3842	
257	49	92	0.1907	0.358	
336	82	167	0.244	0.497	
341	57	115	0.1672	0.3372	
165	40	77	0.2424	0.4667	
130	66	72	0.5077	0.5538	
880	263	413	0.2989	0.4693	
286	68	131	0.2378	0.458	
238	25	43	0.105	0.1807	
1622	261	553	0.1609	0.3409	
195	102	120	0.5231	0.6154	
87	8	16	0.092	0.1839	
325	58	92	0.1785	0.2831	
217	78	124	0.3594	0.5714	
205	77	105	0.3756	0.5122	
803	179	344	0.2229	0.4284	
98	24	28	0.2449	0.2857	
167	69	93	0.4132	0.5569	
498	62	132	0.1245	0.2651	
80	20	33	0.25	0.4125	
392	82	164	0.2092	0.4184	
301	58	113	0.1927	0.3754	
58	33	43	0.569	0.7414	
164	100	116	0.6098	0.7073	
177	22	49	0.1243	0.2768	
1188	211	418	0.1776	0.3519	
731	127	257	0.1737	0.3516	
347	68	161	0.196	0.464	
143	24	44	0.1678	0.3077	
428	60	128	0.1402	0.2991	
218	34	93	0.156	0.4266	
108	53	75	0.4907	0.6944	
123	72	93	0.5854	0.7561	
104	32	55	0.3077	0.5288	
209	32	53	0.1531	0.2536	
531	141	222	0.2655	0.4181	
79	23	34	0.2911	0.4304	
295	85	142	0.2881	0.4814	
210	41	59	0.1952	0.281	
301	59	120	0.196	0.3987	
92	25	41	0.2717	0.4457	
324	98	152	0.3025	0.4691	
399	75	153	0.188	0.3835	
402	94	179	0.2338	0.4453	
778	157	286	0.2018	0.3676	
459	86	184	0.1874	0.4009	
232	48	102	0.2069	0.4397	
309	90	152	0.2913	0.4919	
104	23	35	0.2212	0.3365	
273	43	128	0.1575	0.4689	
680	218	334	0.3206	0.4912	
210	56	89	0.2667	0.4238	
467	100	184	0.2141	0.394	
317	97	163	0.306	0.5142	
333	73	119	0.2192	0.3574	
184	60	81	0.3261	0.4402	
530	57	122	0.1075	0.2302	
112	97	108	0.8661	0.9643	
243	69	111	0.284	0.4568	
317	63	135	0.1987	0.4259	
361	60	112	0.1662	0.3102	
667	114	228	0.1709	0.3418	
175	57	68	0.3257	0.3886	
299	43	89	0.1438	0.2977	
429	83	165	0.1935	0.3846	
71	21	32	0.2958	0.4507	
940	173	331	0.184	0.3521	
526	108	231	0.2053	0.4392	
551	94	169	0.1706	0.3067	
372	100	172	0.2688	0.4624	
334	76	143	0.2275	0.4281	
229	39	92	0.1703	0.4017	
74	15	36	0.2027	0.4865	
161	26	41	0.1615	0.2547	
159	133	145	0.8365	0.9119	
157	38	65	0.242	0.414	
388	78	171	0.201	0.4407	
644	137	252	0.2127	0.3913	
457	117	195	0.256	0.4267	
97	23	47	0.2371	0.4845	
463	123	210	0.2657	0.4536	
123	13	21	0.1057	0.1707	
584	106	225	0.1815	0.3853	
119	25	35	0.2101	0.2941	
341	137	204	0.4018	0.5982	
491	113	194	0.2301	0.3951	
535	126	218	0.2355	0.4075	
108	35	68	0.3241	0.6296	
321	82	168	0.2555	0.5234	
224	47	81	0.2098	0.3616	
394	114	169	0.2893	0.4289	
307	71	138	0.2313	0.4495	
277	54	102	0.1949	0.3682	
217	60	106	0.2765	0.4885	
102	25	45	0.2451	0.4412	
261	52	100	0.1992	0.3831	
620	101	193	0.1629	0.3113	
385	74	160	0.1922	0.4156	
277	96	148	0.3466	0.5343	
463	85	178	0.1836	0.3844	
550	83	171	0.1509	0.3109	
893	178	336	0.1993	0.3763	
271	109	140	0.4022	0.5166	
102	13	16	0.1275	0.1569	
320	59	103	0.1844	0.3219	
310	61	93	0.1968	0.3	
431	98	168	0.2274	0.3898	
364	72	141	0.1978	0.3874	
174	58	81	0.3333	0.4655	
306	58	114	0.1895	0.3725	
147	32	57	0.2177	0.3878	
457	117	205	0.256	0.4486	
485	96	193	0.1979	0.3979	
113	26	51	0.2301	0.4513	
61	19	36	0.3115	0.5902	
302	73	120	0.2417	0.3974	
753	146	278	0.1939	0.3692	
432	263	296	0.6088	0.6852	
274	54	98	0.1971	0.3577	
454	116	196	0.2555	0.4317	
244	32	81	0.1311	0.332	
91	22	30	0.2418	0.3297	
324	42	100	0.1296	0.3086	
278	40	91	0.1439	0.3273	
509	53	98	0.1041	0.1925	
154	47	92	0.3052	0.5974	
228	34	61	0.1491	0.2675	
333	65	117	0.1952	0.3514	
86	17	34	0.1977	0.3953	
349	66	122	0.1891	0.3496	
171	29	49	0.1696	0.2865	
245	51	89	0.2082	0.3633	
371	69	128	0.186	0.345	
155	34	70	0.2194	0.4516	
886	156	312	0.1761	0.3521	
356	56	127	0.1573	0.3567	
724	135	266	0.1865	0.3674	
392	63	146	0.1607	0.3724	
312	51	94	0.1635	0.3013	
208	37	77	0.1779	0.3702	
725	104	218	0.1434	0.3007	
185	19	40	0.1027	0.2162	
356	55	139	0.1545	0.3904	
73	14	28	0.1918	0.3836	
388	90	172	0.232	0.4433	
111	15	23	0.1351	0.2072	
325	73	138	0.2246	0.4246	
63	23	27	0.3651	0.4286	
231	63	92	0.2727	0.3983	
225	42	83	0.1867	0.3689	
238	26	62	0.1092	0.2605	
277	66	145	0.2383	0.5235	
481	102	196	0.2121	0.4075	
215	87	131	0.4047	0.6093	
544	210	307	0.386	0.5643	
121	58	65	0.4793	0.5372	
170	36	55	0.2118	0.3235	
362	86	164	0.2376	0.453	
188	39	44	0.2074	0.234	
174	56	76	0.3218	0.4368	
635	140	269	0.2205	0.4236	
268	37	92	0.1381	0.3433	
219	34	72	0.1553	0.3288	
478	96	193	0.2008	0.4038	
266	62	108	0.2331	0.406	
147	42	70	0.2857	0.4762	
196	59	93	0.301	0.4745	
140	114	123	0.8143	0.8786	
259	51	115	0.1969	0.444	
325	58	106	0.1785	0.3262	
300	57	103	0.19	0.3433	
297	22	53	0.0741	0.1785	
330	91	153	0.2758	0.4636	
376	96	163	0.2553	0.4335	
294	69	121	0.2347	0.4116	
94	30	47	0.3191	0.5	
64	18	32	0.2812	0.5	
407	86	168	0.2113	0.4128	
478	102	212	0.2134	0.4435	
198	37	81	0.1869	0.4091	
244	63	96	0.2582	0.3934	
374	56	89	0.1497	0.238	
84	46	63	0.5476	0.75	
448	79	134	0.1763	0.2991	
326	82	125	0.2515	0.3834	
426	46	71	0.108	0.1667	
369	80	153	0.2168	0.4146	
47	15	21	0.3191	0.4468	
200	41	92	0.205	0.46	
259	42	93	0.1622	0.3591	
95	37	61	0.3895	0.6421	
303	76	132	0.2508	0.4356	
611	187	269	0.3061	0.4403	
62	17	23	0.2742	0.371	
327	47	101	0.1437	0.3089	
427	92	164	0.2155	0.3841	
251	36	73	0.1434	0.2908	
198	46	63	0.2323	0.3182	
496	82	144	0.1653	0.2903	
93	42	46	0.4516	0.4946	
268	55	75	0.2052	0.2799	
392	57	135	0.1454	0.3444	
392	101	170	0.2577	0.4337	
95	9	24	0.0947	0.2526	
341	107	156	0.3138	0.4575	
153	63	91	0.4118	0.5948	
266	59	105	0.2218	0.3947	
143	48	63	0.3357	0.4406	
680	148	269	0.2176	0.3956	
272	184	206	0.6765	0.7574	
212	41	68	0.1934	0.3208	
132	61	82	0.4621	0.6212	
55	23	27	0.4182	0.4909	
256	34	73	0.1328	0.2852	
450	228	294	0.5067	0.6533	
446	99	201	0.222	0.4507	
587	73	165	0.1244	0.2811	
160	64	88	0.4	0.55	
1106	171	317	0.1546	0.2866	
96	47	50	0.4896	0.5208	
430	98	180	0.2279	0.4186	
63	9	16	0.1429	0.254	
239	47	89	0.1967	0.3724	
180	19	38	0.1056	0.2111	
195	49	88	0.2513	0.4513	
311	37	79	0.119	0.254	
466	78	165	0.1674	0.3541	
87	36	48	0.4138	0.5517	
320	81	130	0.2531	0.4062	
345	64	130	0.1855	0.3768	
602	70	158	0.1163	0.2625	
99	11	25	0.1111	0.2525	
470	59	137	0.1255	0.2915	
534	144	220	0.2697	0.412	
159	29	60	0.1824	0.3774	
327	92	159	0.2813	0.4862	
212	96	125	0.4528	0.5896	
235	62	101	0.2638	0.4298	
251	78	107	0.3108	0.4263	
407	80	168	0.1966	0.4128	
479	132	181	0.2756	0.3779	
530	172	258	0.3245	0.4868	
404	125	213	0.3094	0.5272	
138	48	70	0.3478	0.5072	
232	37	90	0.1595	0.3879	
132	25	47	0.1894	0.3561	
229	56	110	0.2445	0.4803	
121	20	41	0.1653	0.3388	
454	86	175	0.1894	0.3855	
375	64	129	0.1707	0.344	
309	62	111	0.2006	0.3592	
549	100	204	0.1821	0.3716	
350	71	143	0.2029	0.4086	
1329	298	603	0.2242	0.4537	
177	49	90	0.2768	0.5085	
1000	300	488	0.3	0.488	
654	92	180	0.1407	0.2752	
62	20	30	0.3226	0.4839	
136	33	49	0.2426	0.3603	
88	34	40	0.3864	0.4545	
349	61	103	0.1748	0.2951	
297	56	120	0.1886	0.404	
465	84	144	0.1806	0.3097	
84	45	54	0.5357	0.6429	
1002	193	387	0.1926	0.3862	
775	129	249	0.1665	0.3213	
472	106	203	0.2246	0.4301	
181	33	61	0.1823	0.337	
235	48	98	0.2043	0.417	
240	89	148	0.3708	0.6167	
207	27	67	0.1304	0.3237	
238	67	103	0.2815	0.4328	
411	83	185	0.2019	0.4501	
269	90	156	0.3346	0.5799	
449	94	176	0.2094	0.392	
319	49	94	0.1536	0.2947	
329	77	131	0.234	0.3982	
426	97	174	0.2277	0.4085	
446	135	234	0.3027	0.5247	
118	39	58	0.3305	0.4915	
270	63	103	0.2333	0.3815	
194	84	112	0.433	0.5773	
473	91	193	0.1924	0.408	
154	35	53	0.2273	0.3442	
257	38	80	0.1479	0.3113	
33	4	7	0.1212	0.2121	
227	47	108	0.207	0.4758	
542	79	184	0.1458	0.3395	
187	27	48	0.1444	0.2567	
210	30	68	0.1429	0.3238	
124	25	43	0.2016	0.3468	
96	19	29	0.1979	0.3021	
271	54	107	0.1993	0.3948	
297	53	105	0.1785	0.3535	
773	158	288	0.2044	0.3726	
533	187	275	0.3508	0.5159	
92	18	23	0.1957	0.25	
724	160	331	0.221	0.4572	
205	37	60	0.1805	0.2927	
110	48	71	0.4364	0.6455	
382	74	144	0.1937	0.377	
130	14	34	0.1077	0.2615	
429	83	163	0.1935	0.38	
76	22	38	0.2895	0.5	
206	36	81	0.1748	0.3932	
158	23	47	0.1456	0.2975	
778	129	277	0.1658	0.356	
969	179	411	0.1847	0.4241	
170	33	65	0.1941	0.3824	
255	40	93	0.1569	0.3647	
541	86	159	0.159	0.2939	
283	49	96	0.1731	0.3392	
130	83	98	0.6385	0.7538	
435	107	185	0.246	0.4253	
73	27	44	0.3699	0.6027	
383	85	163	0.2219	0.4256	
100	34	57	0.34	0.57	
57	22	25	0.386	0.4386	
100	7	11	0.07	0.11	
277	69	134	0.2491	0.4838	
143	22	40	0.1538	0.2797	
80	24	45	0.3	0.5625	
83	24	49	0.2892	0.5904	
200	31	53	0.155	0.265	
405	57	124	0.1407	0.3062	
287	66	122	0.23	0.4251	
134	28	56	0.209	0.4179	
328	62	109	0.189	0.3323	
1224	255	487	0.2083	0.3979	
108	41	51	0.3796	0.4722	
609	108	232	0.1773	0.381	
281	85	120	0.3025	0.427	
224	66	91	0.2946	0.4062	
288	50	103	0.1736	0.3576	
224	38	98	0.1696	0.4375	
284	87	146	0.3063	0.5141	
269	47	109	0.1747	0.4052	
579	127	184	0.2193	0.3178	
153	36	44	0.2353	0.2876	
276	25	53	0.0906	0.192	
286	67	130	0.2343	0.4545	
395	85	172	0.2152	0.4354	
308	74	141	0.2403	0.4578	
300	74	127	0.2467	0.4233	
230	41	95	0.1783	0.413	
732	122	244	0.1667	0.3333	
382	79	167	0.2068	0.4372	
438	116	184	0.2648	0.4201	
150	43	75	0.2867	0.5	
441	75	148	0.1701	0.3356	
93	16	24	0.172	0.2581	
372	128	215	0.3441	0.578	
140	45	60	0.3214	0.4286	
467	87	182	0.1863	0.3897	
446	39	85	0.0874	0.1906	
226	36	76	0.1593	0.3363	
106	4	10	0.0377	0.0943	
276	38	82	0.1377	0.2971	
130	40	53	0.3077	0.4077	
227	49	101	0.2159	0.4449	
863	225	376	0.2607	0.4357	
282	56	115	0.1986	0.4078	
263	105	133	0.3992	0.5057	
95	9	14	0.0947	0.1474	
495	85	194	0.1717	0.3919	
96	39	57	0.4062	0.5938	
119	35	47	0.2941	0.395	
472	82	182	0.1737	0.3856	
292	160	176	0.5479	0.6027	
105	19	37	0.181	0.3524	
556	129	243	0.232	0.4371	
167	34	69	0.2036	0.4132	
280	85	175	0.3036	0.625	
400	67	137	0.1675	0.3425	
557	137	282	0.246	0.5063	
220	50	100	0.2273	0.4545	
229	20	43	0.0873	0.1878	
134	36	60	0.2687	0.4478	
569	84	158	0.1476	0.2777	
273	103	141	0.3773	0.5165	
572	91	162	0.1591	0.2832	
131	29	60	0.2214	0.458	
84	19	35	0.2262	0.4167	
419	90	166	0.2148	0.3962	
270	40	87	0.1481	0.3222	
471	95	160	0.2017	0.3397	
247	47	88	0.1903	0.3563	
694	139	285	0.2003	0.4107	
537	82	157	0.1527	0.2924	
446	79	151	0.1771	0.3386	
80	19	30	0.2375	0.375	
115	26	62	0.2261	0.5391	
241	60	103	0.249	0.4274	
527	68	150	0.129	0.2846	
131	31	51	0.2366	0.3893	
351	67	136	0.1909	0.3875	
280	56	119	0.2	0.425	
139	71	85	0.5108	0.6115	
506	149	267	0.2945	0.5277	
117	22	43	0.188	0.3675	
164	27	58	0.1646	0.3537	
1178	281	552	0.2385	0.4686	
374	73	132	0.1952	0.3529	
451	83	170	0.184	0.3769	
448	91	177	0.2031	0.3951	
556	100	205	0.1799	0.3687	
75	39	52	0.52	0.6933	
242	58	103	0.2397	0.4256	
283	49	104	0.1731	0.3675	
436	84	184	0.1927	0.422	
79	18	30	0.2278	0.3797	
347	56	122	0.1614	0.3516	
276	33	63	0.1196	0.2283	
404	94	193	0.2327	0.4777	
364	89	202	0.2445	0.5549	
89	33	48	0.3708	0.5393	
367	74	146	0.2016	0.3978	
331	42	121	0.1269	0.3656	
120	20	36	0.1667	0.3	
289	57	118	0.1972	0.4083	
122	21	46	0.1721	0.377	
227	62	114	0.2731	0.5022	
207	41	89	0.1981	0.43	
336	61	136	0.1815	0.4048	
341	57	112	0.1672	0.3284	
452	83	175	0.1836	0.3872	
417	63	141	0.1511	0.3381	
167	57	89	0.3413	0.5329	
625	154	284	0.2464	0.4544	
418	92	164	0.2201	0.3923	
56	2	6	0.0357	0.1071	
264	80	141	0.303	0.5341	
453	85	181	0.1876	0.3996	
105	19	45	0.181	0.4286	
208	35	56	0.1683	0.2692	
418	81	153	0.1938	0.366	
544	98	205	0.1801	0.3768	
288	49	77	0.1701	0.2674	
215	56	86	0.2605	0.4	
579	119	237	0.2055	0.4093	
339	77	157	0.2271	0.4631	
113	51	59	0.4513	0.5221	
128	18	46	0.1406	0.3594	
90	23	46	0.2556	0.5111	
96	11	15	0.1146	0.1562	
165	38	74	0.2303	0.4485	
105	22	44	0.2095	0.419	
236	53	76	0.2246	0.322	
375	57	113	0.152	0.3013	
266	70	78	0.2632	0.2932	
589	132	265	0.2241	0.4499	
485	106	192	0.2186	0.3959	
384	84	171	0.2188	0.4453	
222	72	110	0.3243	0.4955	
274	45	107	0.1642	0.3905	
101	20	30	0.198	0.297	
406	78	149	0.1921	0.367	
155	24	48	0.1548	0.3097	
294	49	84	0.1667	0.2857	
385	90	151	0.2338	0.3922	
117	51	70	0.4359	0.5983	
293	60	115	0.2048	0.3925	
216	106	127	0.4907	0.588	
252	57	107	0.2262	0.4246	
294	24	65	0.0816	0.2211	
519	98	170	0.1888	0.3276	
140	39	66	0.2786	0.4714	
589	123	261	0.2088	0.4431	
229	77	105	0.3362	0.4585	
333	92	137	0.2763	0.4114	
258	30	90	0.1163	0.3488	
345	84	142	0.2435	0.4116	
532	105	221	0.1974	0.4154	
417	70	153	0.1679	0.3669	
567	253	359	0.4462	0.6332	
171	49	82	0.2865	0.4795	
83	29	41	0.3494	0.494	
78	17	18	0.2179	0.2308	
1609	271	506	0.1684	0.3145	
214	62	108	0.2897	0.5047	
135	37	69	0.2741	0.5111	
345	64	122	0.1855	0.3536	
114	24	38	0.2105	0.3333	
169	18	39	0.1065	0.2308	
542	154	267	0.2841	0.4926	
238	48	104	0.2017	0.437	
320	65	110	0.2031	0.3438	
181	65	75	0.3591	0.4144	
600	87	214	0.145	0.3567	
247	46	104	0.1862	0.4211	
556	163	264	0.2932	0.4748	
367	74	142	0.2016	0.3869	
117	46	60	0.3932	0.5128	
418	82	176	0.1962	0.4211	
314	74	137	0.2357	0.4363	
316	40	70	0.1266	0.2215	
199	53	76	0.2663	0.3819	
134	28	51	0.209	0.3806	
55	16	29	0.2909	0.5273	
75	7	10	0.0933	0.1333	
182	52	87	0.2857	0.478	
241	70	133	0.2905	0.5519	
349	73	136	0.2092	0.3897	
414	72	118	0.1739	0.285	
61	20	32	0.3279	0.5246	
265	52	116	0.1962	0.4377	
421	110	194	0.2613	0.4608	
166	32	61	0.1928	0.3675	
797	228	368	0.2861	0.4617	
279	50	105	0.1792	0.3763	
85	25	42	0.2941	0.4941	
281	53	99	0.1886	0.3523	
437	181	240	0.4142	0.5492	
327	50	93	0.1529	0.2844	
331	70	122	0.2115	0.3686	
429	34	96	0.0793	0.2238	
230	38	86	0.1652	0.3739	
80	29	32	0.3625	0.4	
201	44	91	0.2189	0.4527	
102	72	89	0.7059	0.8725	
381	70	124	0.1837	0.3255	
160	33	56	0.2062	0.35	
257	99	128	0.3852	0.4981	
659	89	157	0.1351	0.2382	
699	141	302	0.2017	0.432	
721	163	299	0.2261	0.4147	
161	18	43	0.1118	0.2671	
233	36	59	0.1545	0.2532	
228	51	68	0.2237	0.2982	
157	40	74	0.2548	0.4713	
426	74	164	0.1737	0.385	
181	27	58	0.1492	0.3204	
911	156	296	0.1712	0.3249	
555	142	265	0.2559	0.4775	
223	36	73	0.1614	0.3274	
301	55	118	0.1827	0.392	
272	51	104	0.1875	0.3824	
157	17	31	0.1083	0.1975	
254	48	94	0.189	0.3701	
1784	482	804	0.2702	0.4507	
348	78	154	0.2241	0.4425	
356	58	119	0.1629	0.3343	
714	129	255	0.1807	0.3571	
555	128	263	0.2306	0.4739	
205	42	71	0.2049	0.3463	
280	56	105	0.2	0.375	
250	112	133	0.448	0.532	
415	75	141	0.1807	0.3398	
314	193	222	0.6146	0.707	
152	24	51	0.1579	0.3355	
183	37	66	0.2022	0.3607	
326	78	158	0.2393	0.4847	
346	47	91	0.1358	0.263	
74	13	27	0.1757	0.3649	
950	189	351	0.1989	0.3695	
325	29	69	0.0892	0.2123	
371	86	142	0.2318	0.3827	
407	107	173	0.2629	0.4251	
462	96	197	0.2078	0.4264	
636	120	259	0.1887	0.4072	
502	129	196	0.257	0.3904	
341	57	118	0.1672	0.346	
90	39	49	0.4333	0.5444	
86	6	13	0.0698	0.1512	
304	66	119	0.2171	0.3914	
232	42	90	0.181	0.3879	
1177	227	457	0.1929	0.3883	
321	57	131	0.1776	0.4081	
202	26	38	0.1287	0.1881	
157	45	74	0.2866	0.4713	
206	68	119	0.3301	0.5777	
184	28	41	0.1522	0.2228	
117	52	82	0.4444	0.7009	
384	60	131	0.1562	0.3411	
548	117	216	0.2135	0.3942	
358	95	183	0.2654	0.5112	
239	41	74	0.1715	0.3096	
367	103	174	0.2807	0.4741	
145	23	52	0.1586	0.3586	
180	47	75	0.2611	0.4167	
182	29	41	0.1593	0.2253	
114	43	63	0.3772	0.5526	
198	38	84	0.1919	0.4242	
195	40	91	0.2051	0.4667	
99	67	82	0.6768	0.8283	
583	128	235	0.2196	0.4031	
410	66	135	0.161	0.3293	
1273	279	503	0.2192	0.3951	
105	24	37	0.2286	0.3524	
77	6	23	0.0779	0.2987	
618	112	171	0.1812	0.2767	
184	20	36	0.1087	0.1957	
754	143	279	0.1897	0.37	
596	137	250	0.2299	0.4195	
488	295	356	0.6045	0.7295	
160	26	58	0.1625	0.3625	
364	83	150	0.228	0.4121	
623	92	194	0.1477	0.3114	
177	39	79	0.2203	0.4463	
265	65	100	0.2453	0.3774	
610	99	186	0.1623	0.3049	
327	59	107	0.1804	0.3272	
339	60	148	0.177	0.4366	
300	52	109	0.1733	0.3633	
750	115	226	0.1533	0.3013	
182	53	110	0.2912	0.6044	
268	65	104	0.2425	0.3881	
88	37	56	0.4205	0.6364	
85	26	39	0.3059	0.4588	
89	30	50	0.3371	0.5618	
126	23	43	0.1825	0.3413	
224	25	64	0.1116	0.2857	
151	24	53	0.1589	0.351	
96	10	16	0.1042	0.1667	
287	47	97	0.1638	0.338	
289	23	40	0.0796	0.1384	
408	80	161	0.1961	0.3946	
165	14	38	0.0848	0.2303	
100	22	34	0.22	0.34	
82	24	36	0.2927	0.439	
902	104	245	0.1153	0.2716	
468	221	250	0.4722	0.5342	
153	54	80	0.3529	0.5229	
203	50	97	0.2463	0.4778	
787	153	281	0.1944	0.3571	
427	114	180	0.267	0.4215	
298	62	109	0.2081	0.3658	
574	287	341	0.5	0.5941	
375	66	150	0.176	0.4	
265	35	67	0.1321	0.2528	
920	169	342	0.1837	0.3717	
134	25	51	0.1866	0.3806	
253	59	102	0.2332	0.4032	
306	53	123	0.1732	0.402	
237	60	91	0.2532	0.384	
908	135	284	0.1487	0.3128	
1206	221	452	0.1833	0.3748	
182	44	81	0.2418	0.4451	
348	161	229	0.4626	0.658	
66	33	36	0.5	0.5455	
508	96	208	0.189	0.4094	
191	37	75	0.1937	0.3927	
325	48	85	0.1477	0.2615	
291	86	133	0.2955	0.457	
71	61	71	0.8592	1.0	
97	10	23	0.1031	0.2371	
512	94	162	0.1836	0.3164	
132	34	45	0.2576	0.3409	
558	124	230	0.2222	0.4122	
643	129	253	0.2006	0.3935	
376	87	177	0.2314	0.4707	
389	45	103	0.1157	0.2648	
71	23	34	0.3239	0.4789	
235	59	121	0.2511	0.5149	
480	84	171	0.175	0.3563	
411	59	127	0.1436	0.309	
271	58	109	0.214	0.4022	
173	29	47	0.1676	0.2717	
488	130	234	0.2664	0.4795	
124	47	77	0.379	0.621	
468	103	197	0.2201	0.4209	
617	193	317	0.3128	0.5138	
534	92	127	0.1723	0.2378	
127	31	54	0.2441	0.4252	
86	17	39	0.1977	0.4535	
437	119	195	0.2723	0.4462	
473	93	161	0.1966	0.3404	
572	240	299	0.4196	0.5227	
421	69	153	0.1639	0.3634	
113	11	27	0.0973	0.2389	
337	55	119	0.1632	0.3531	
358	79	169	0.2207	0.4721	
358	73	153	0.2039	0.4274	
457	87	162	0.1904	0.3545	
239	80	118	0.3347	0.4937	
1203	132	259	0.1097	0.2153	
87	23	34	0.2644	0.3908	
1070	200	425	0.1869	0.3972	
213	34	64	0.1596	0.3005	
296	78	141	0.2635	0.4764	
104	27	42	0.2596	0.4038	
251	62	91	0.247	0.3625	
394	84	155	0.2132	0.3934	
360	79	141	0.2194	0.3917	
383	74	167	0.1932	0.436	
230	73	122	0.3174	0.5304	
74	29	42	0.3919	0.5676	
424	97	202	0.2288	0.4764	
305	107	178	0.3508	0.5836	
229	40	100	0.1747	0.4367	
138	38	66	0.2754	0.4783	
167	40	69	0.2395	0.4132	
101	16	43	0.1584	0.4257	
175	53	73	0.3029	0.4171	
629	79	162	0.1256	0.2576	
275	57	112	0.2073	0.4073	
714	107	260	0.1499	0.3641	
529	120	210	0.2268	0.397	
64	19	33	0.2969	0.5156	
233	52	94	0.2232	0.4034	
99	40	57	0.404	0.5758	
564	135	224	0.2394	0.3972	
135	32	49	0.237	0.363	
640	131	230	0.2047	0.3594	
282	36	61	0.1277	0.2163	
70	6	19	0.0857	0.2714	
516	138	231	0.2674	0.4477	
310	67	137	0.2161	0.4419	
651	146	278	0.2243	0.427	
233	67	106	0.2876	0.4549	
329	57	129	0.1733	0.3921	
304	92	147	0.3026	0.4836	
236	122	155	0.5169	0.6568	
192	47	89	0.2448	0.4635	
392	90	161	0.2296	0.4107	
365	77	145	0.211	0.3973	
189	70	97	0.3704	0.5132	
245	12	21	0.049	0.0857	
101	40	63	0.396	0.6238	
573	82	172	0.1431	0.3002	
289	104	172	0.3599	0.5952	
291	64	120	0.2199	0.4124	
423	88	155	0.208	0.3664	
304	38	104	0.125	0.3421	
139	25	40	0.1799	0.2878	
97	15	25	0.1546	0.2577	
561	158	272	0.2816	0.4848	
100	5	8	0.05	0.08	
792	151	318	0.1907	0.4015	
702	150	280	0.2137	0.3989	
515	112	208	0.2175	0.4039	
200	47	75	0.235	0.375	
277	61	113	0.2202	0.4079	
302	122	167	0.404	0.553	
333	43	94	0.1291	0.2823	
547	121	225	0.2212	0.4113	
428	65	150	0.1519	0.3505	
160	28	63	0.175	0.3937	
273	54	121	0.1978	0.4432	
368	80	156	0.2174	0.4239	
330	66	110	0.2	0.3333	
340	69	133	0.2029	0.3912	
174	87	122	0.5	0.7011	
45	2	4	0.0444	0.0889	
218	70	126	0.3211	0.578	
339	82	144	0.2419	0.4248	
61	9	19	0.1475	0.3115	
170	55	90	0.3235	0.5294	
733	273	371	0.3724	0.5061	
517	63	104	0.1219	0.2012	
285	84	134	0.2947	0.4702	
443	89	154	0.2009	0.3476	
228	47	89	0.2061	0.3904	
161	28	63	0.1739	0.3913	
485	81	131	0.167	0.2701	
367	93	169	0.2534	0.4605	
106	29	53	0.2736	0.5	
2201	447	877	0.2031	0.3985	
113	15	24	0.1327	0.2124	
369	109	171	0.2954	0.4634	
377	84	161	0.2228	0.4271	
170	11	24	0.0647	0.1412	
202	118	156	0.5842	0.7723	
274	44	84	0.1606	0.3066	
324	69	114	0.213	0.3519	
187	30	70	0.1604	0.3743	
936	220	426	0.235	0.4551	
109	31	61	0.2844	0.5596	
207	50	75	0.2415	0.3623	
283	29	58	0.1025	0.2049	
165	94	119	0.5697	0.7212	
113	15	24	0.1327	0.2124	
75	33	42	0.44	0.56	
608	126	232	0.2072	0.3816	
159	29	52	0.1824	0.327	
315	57	117	0.181	0.3714	
240	51	95	0.2125	0.3958	
529	115	223	0.2174	0.4216	
345	89	156	0.258	0.4522	
261	69	113	0.2644	0.433	
157	26	57	0.1656	0.3631	
285	58	88	0.2035	0.3088	
410	87	161	0.2122	0.3927	
112	39	56	0.3482	0.5	
475	163	274	0.3432	0.5768	
501	115	196	0.2295	0.3912	
449	77	174	0.1715	0.3875	
79	15	31	0.1899	0.3924	
335	65	135	0.194	0.403	
611	65	160	0.1064	0.2619	
298	47	82	0.1577	0.2752	
1238	322	540	0.2601	0.4362	
537	109	187	0.203	0.3482	
585	95	210	0.1624	0.359	
158	22	47	0.1392	0.2975	
61	15	22	0.2459	0.3607	
214	53	121	0.2477	0.5654	
410	242	276	0.5902	0.6732	
472	64	146	0.1356	0.3093	
140	27	57	0.1929	0.4071	
298	48	121	0.1611	0.406	
89	54	76	0.6067	0.8539	
78	15	27	0.1923	0.3462	
136	18	41	0.1324	0.3015	
336	52	123	0.1548	0.3661	
116	23	34	0.1983	0.2931	
251	51	88	0.2032	0.3506	
202	45	90	0.2228	0.4455	
154	33	63	0.2143	0.4091	
193	33	60	0.171	0.3109	
787	246	367	0.3126	0.4663	
356	30	62	0.0843	0.1742	
281	43	77	0.153	0.274	
643	124	277	0.1928	0.4308	
291	65	108	0.2234	0.3711	
396	81	158	0.2045	0.399	
86	35	47	0.407	0.5465	
420	78	161	0.1857	0.3833	
410	94	167	0.2293	0.4073	
983	197	354	0.2004	0.3601	
460	95	201	0.2065	0.437	
66	25	40	0.3788	0.6061	
190	50	103	0.2632	0.5421	
126	26	42	0.2063	0.3333	
430	67	140	0.1558	0.3256	
106	36	54	0.3396	0.5094	
311	84	138	0.2701	0.4437	
336	65	162	0.1935	0.4821	
311	68	114	0.2186	0.3666	
369	67	113	0.1816	0.3062	
101	14	28	0.1386	0.2772	
479	119	171	0.2484	0.357	
602	153	256	0.2542	0.4252	
1083	201	416	0.1856	0.3841	
429	85	162	0.1981	0.3776	
99	12	18	0.1212	0.1818	
184	33	57	0.1793	0.3098	
87	28	44	0.3218	0.5057	
197	62	91	0.3147	0.4619	
202	49	74	0.2426	0.3663	
215	56	89	0.2605	0.414	
322	50	105	0.1553	0.3261	
303	79	144	0.2607	0.4752	
250	74	107	0.296	0.428	
243	92	133	0.3786	0.5473	
1059	167	376	0.1577	0.3551	
368	59	153	0.1603	0.4158	
318	80	154	0.2516	0.4843	
210	71	96	0.3381	0.4571	
476	105	204	0.2206	0.4286	
509	115	213	0.2259	0.4185	
569	136	244	0.239	0.4288	
200	49	84	0.245	0.42	
171	32	52	0.1871	0.3041	
362	91	170	0.2514	0.4696	
327	63	136	0.1927	0.4159	
84	34	54	0.4048	0.6429	
135	32	37	0.237	0.2741	
188	69	95	0.367	0.5053	
256	69	118	0.2695	0.4609	
324	114	165	0.3519	0.5093	
698	147	263	0.2106	0.3768	
251	56	112	0.2231	0.4462	
300	51	111	0.17	0.37	
251	113	135	0.4502	0.5378	
222	47	97	0.2117	0.4369	
102	11	17	0.1078	0.1667	
230	32	70	0.1391	0.3043	
311	49	98	0.1576	0.3151	
100	79	90	0.79	0.9	
406	88	163	0.2167	0.4015	
228	68	110	0.2982	0.4825	
330	32	72	0.097	0.2182	
481	131	242	0.2723	0.5031	
404	69	156	0.1708	0.3861	
505	68	135	0.1347	0.2673	
71	24	31	0.338	0.4366	
298	58	105	0.1946	0.3523	
2116	445	828	0.2103	0.3913	
330	35	78	0.1061	0.2364	
593	119	203	0.2007	0.3423	
123	11	25	0.0894	0.2033	
267	15	30	0.0562	0.1124	
530	118	226	0.2226	0.4264	
215	40	89	0.186	0.414	
80	16	23	0.2	0.2875	
145	13	44	0.0897	0.3034	
554	102	191	0.1841	0.3448	
296	86	168	0.2905	0.5676	
649	130	243	0.2003	0.3744	
72	11	17	0.1528	0.2361	
286	97	143	0.3392	0.5	
237	51	106	0.2152	0.4473	
577	200	297	0.3466	0.5147	
597	138	261	0.2312	0.4372	
574	82	167	0.1429	0.2909	
123	38	56	0.3089	0.4553	
320	77	136	0.2406	0.425	
319	49	84	0.1536	0.2633	
146	46	89	0.3151	0.6096	
281	60	120	0.2135	0.427	
200	69	95	0.345	0.475	
202	50	96	0.2475	0.4752	
80	45	50	0.5625	0.625	
287	43	102	0.1498	0.3554	
282	67	112	0.2376	0.3972	
924	332	455	0.3593	0.4924	
505	64	134	0.1267	0.2653	
500	100	174	0.2	0.348	
354	69	140	0.1949	0.3955	
252	40	92	0.1587	0.3651	
441	149	232	0.3379	0.5261	
313	68	127	0.2173	0.4058	
426	73	149	0.1714	0.3498	
214	26	66	0.1215	0.3084	
101	7	21	0.0693	0.2079	
87	38	59	0.4368	0.6782	
168	75	93	0.4464	0.5536	
666	123	229	0.1847	0.3438	
184	33	47	0.1793	0.2554	
96	26	43	0.2708	0.4479	
230	36	53	0.1565	0.2304	
944	215	424	0.2278	0.4492	
228	41	92	0.1798	0.4035	
135	22	42	0.163	0.3111	
1540	343	639	0.2227	0.4149	
259	128	166	0.4942	0.6409	
128	20	36	0.1562	0.2812	
132	37	56	0.2803	0.4242	
366	82	134	0.224	0.3661	
739	178	298	0.2409	0.4032	
601	130	251	0.2163	0.4176	
471	131	168	0.2781	0.3567	
548	122	237	0.2226	0.4325	
711	131	262	0.1842	0.3685	
297	74	134	0.2492	0.4512	
206	33	57	0.1602	0.2767	
89	11	23	0.1236	0.2584	
187	39	74	0.2086	0.3957	
760	147	297	0.1934	0.3908	
488	106	177	0.2172	0.3627	
80	15	31	0.1875	0.3875	
525	136	225	0.259	0.4286	
64	9	10	0.1406	0.1562	
136	16	49	0.1176	0.3603	
249	73	142	0.2932	0.5703	
646	143	257	0.2214	0.3978	
224	44	77	0.1964	0.3438	
132	27	44	0.2045	0.3333	
245	41	95	0.1673	0.3878	
609	124	241	0.2036	0.3957	
721	147	269	0.2039	0.3731	
332	70	139	0.2108	0.4187	
93	36	45	0.3871	0.4839	
385	39	82	0.1013	0.213	
656	130	253	0.1982	0.3857	
446	63	127	0.1413	0.2848	
458	105	218	0.2293	0.476	
934	130	282	0.1392	0.3019	
429	126	204	0.2937	0.4755	
316	63	114	0.1994	0.3608	
371	76	147	0.2049	0.3962	
188	33	65	0.1755	0.3457	
322	62	136	0.1925	0.4224	
