560	122	183	0.2179	0.3268	
246	46	89	0.187	0.3618	
328	56	113	0.1707	0.3445	
87	12	29	0.1379	0.3333	
1517	326	636	0.2149	0.4192	
341	56	121	0.1642	0.3548	
317	25	52	0.0789	0.164	
274	61	86	0.2226	0.3139	
116	11	33	0.0948	0.2845	
271	34	70	0.1255	0.2583	
397	54	106	0.136	0.267	
600	118	239	0.1967	0.3983	
201	23	56	0.1144	0.2786	
470	103	206	0.2191	0.4383	
336	85	155	0.253	0.4613	
80	9	14	0.1125	0.175	
404	84	159	0.2079	0.3936	
357	61	134	0.1709	0.3754	
406	63	133	0.1552	0.3276	
265	50	93	0.1887	0.3509	
619	99	204	0.1599	0.3296	
56	10	16	0.1786	0.2857	
143	24	41	0.1678	0.2867	
222	49	99	0.2207	0.4459	
485	104	208	0.2144	0.4289	
258	55	106	0.2132	0.4109	
401	30	75	0.0748	0.187	
598	107	234	0.1789	0.3913	
155	30	55	0.1935	0.3548	
219	13	32	0.0594	0.1461	
339	65	117	0.1917	0.3451	
59	7	10	0.1186	0.1695	
30	17	20	0.5667	0.6667	
254	29	55	0.1142	0.2165	
239	44	92	0.1841	0.3849	
433	94	171	0.2171	0.3949	
352	54	126	0.1534	0.358	
189	31	68	0.164	0.3598	
368	55	118	0.1495	0.3207	
445	70	136	0.1573	0.3056	
255	24	54	0.0941	0.2118	
87	14	27	0.1609	0.3103	
257	57	105	0.2218	0.4086	
249	46	94	0.1847	0.3775	
288	47	93	0.1632	0.3229	
48	5	6	0.1042	0.125	
512	90	187	0.1758	0.3652	
113	36	54	0.3186	0.4779	
114	16	23	0.1404	0.2018	
312	63	136	0.2019	0.4359	
300	48	90	0.16	0.3	
221	28	73	0.1267	0.3303	
290	58	108	0.2	0.3724	
941	151	383	0.1605	0.407	
416	74	149	0.1779	0.3582	
372	42	80	0.1129	0.2151	
365	76	159	0.2082	0.4356	
239	49	84	0.205	0.3515	
144	72	85	0.5	0.5903	
588	105	218	0.1786	0.3707	
1378	281	554	0.2039	0.402	
341	33	73	0.0968	0.2141	
464	101	216	0.2177	0.4655	
149	14	41	0.094	0.2752	
423	84	186	0.1986	0.4397	
239	40	103	0.1674	0.431	
384	78	162	0.2031	0.4219	
527	85	201	0.1613	0.3814	
290	40	94	0.1379	0.3241	
246	47	91	0.1911	0.3699	
299	108	152	0.3612	0.5084	
374	79	144	0.2112	0.385	
201	38	74	0.1891	0.3682	
149	28	59	0.1879	0.396	
284	60	111	0.2113	0.3908	
187	17	35	0.0909	0.1872	
785	113	223	0.1439	0.2841	
605	89	199	0.1471	0.3289	
328	50	90	0.1524	0.2744	
769	157	260	0.2042	0.3381	
288	50	89	0.1736	0.309	
33	6	12	0.1818	0.3636	
323	38	66	0.1176	0.2043	
127	19	33	0.1496	0.2598	
153	29	50	0.1895	0.3268	
375	30	66	0.08	0.176	
174	21	52	0.1207	0.2989	
303	33	54	0.1089	0.1782	
206	31	72	0.1505	0.3495	
553	112	236	0.2025	0.4268	
432	58	134	0.1343	0.3102	
389	77	147	0.1979	0.3779	
342	84	143	0.2456	0.4181	
67	15	19	0.2239	0.2836	
622	82	165	0.1318	0.2653	
809	145	306	0.1792	0.3782	
476	90	198	0.1891	0.416	
315	43	103	0.1365	0.327	
111	24	38	0.2162	0.3423	
191	34	78	0.178	0.4084	
141	34	66	0.2411	0.4681	
212	23	57	0.1085	0.2689	
473	95	185	0.2008	0.3911	
218	15	36	0.0688	0.1651	
51	38	44	0.7451	0.8627	
401	61	132	0.1521	0.3292	
256	46	95	0.1797	0.3711	
310	36	87	0.1161	0.2806	
421	83	152	0.1971	0.361	
167	36	74	0.2156	0.4431	
307	48	113	0.1564	0.3681	
201	70	95	0.3483	0.4726	
394	73	153	0.1853	0.3883	
250	27	46	0.108	0.184	
100	35	55	0.35	0.55	
368	44	96	0.1196	0.2609	
218	29	69	0.133	0.3165	
789	156	313	0.1977	0.3967	
123	45	61	0.3659	0.4959	
84	34	54	0.4048	0.6429	
382	78	166	0.2042	0.4346	
145	29	56	0.2	0.3862	
545	90	165	0.1651	0.3028	
462	81	157	0.1753	0.3398	
425	57	111	0.1341	0.2612	
113	17	31	0.1504	0.2743	
393	75	161	0.1908	0.4097	
247	41	82	0.166	0.332	
395	42	74	0.1063	0.1873	
260	29	59	0.1115	0.2269	
332	66	150	0.1988	0.4518	
118	18	45	0.1525	0.3814	
256	37	91	0.1445	0.3555	
442	26	52	0.0588	0.1176	
318	76	129	0.239	0.4057	
443	84	169	0.1896	0.3815	
209	43	91	0.2057	0.4354	
330	92	152	0.2788	0.4606	
150	34	67	0.2267	0.4467	
314	26	69	0.0828	0.2197	
729	158	324	0.2167	0.4444	
311	67	145	0.2154	0.4662	
107	25	46	0.2336	0.4299	
246	58	104	0.2358	0.4228	
178	39	75	0.2191	0.4213	
696	86	162	0.1236	0.2328	
217	57	94	0.2627	0.4332	
402	78	168	0.194	0.4179	
211	42	73	0.1991	0.346	
879	145	284	0.165	0.3231	
315	73	108	0.2317	0.3429	
135	21	35	0.1556	0.2593	
129	36	75	0.2791	0.5814	
275	100	167	0.3636	0.6073	
536	97	215	0.181	0.4011	
438	31	55	0.0708	0.1256	
221	30	74	0.1357	0.3348	
365	17	36	0.0466	0.0986	
457	106	183	0.2319	0.4004	
543	87	199	0.1602	0.3665	
181	29	59	0.1602	0.326	
273	52	105	0.1905	0.3846	
137	25	51	0.1825	0.3723	
112	16	33	0.1429	0.2946	
372	68	148	0.1828	0.3978	
272	87	118	0.3199	0.4338	
719	136	264	0.1892	0.3672	
404	94	169	0.2327	0.4183	
501	83	177	0.1657	0.3533	
148	30	62	0.2027	0.4189	
218	52	92	0.2385	0.422	
337	49	103	0.1454	0.3056	
463	67	141	0.1447	0.3045	
606	116	204	0.1914	0.3366	
221	36	87	0.1629	0.3937	
150	29	62	0.1933	0.4133	
260	51	93	0.1962	0.3577	
224	56	106	0.25	0.4732	
415	27	57	0.0651	0.1373	
173	12	40	0.0694	0.2312	
172	27	43	0.157	0.25	
392	65	153	0.1658	0.3903	
163	38	80	0.2331	0.4908	
342	68	127	0.1988	0.3713	
291	49	106	0.1684	0.3643	
230	30	59	0.1304	0.2565	
141	31	50	0.2199	0.3546	
119	30	66	0.2521	0.5546	
172	30	55	0.1744	0.3198	
240	34	81	0.1417	0.3375	
101	8	20	0.0792	0.198	
243	62	103	0.2551	0.4239	
468	65	144	0.1389	0.3077	
820	214	373	0.261	0.4549	
1041	208	410	0.1998	0.3939	
460	63	128	0.137	0.2783	
391	41	77	0.1049	0.1969	
331	75	145	0.2266	0.4381	
416	71	156	0.1707	0.375	
448	79	159	0.1763	0.3549	
596	50	115	0.0839	0.193	
233	50	84	0.2146	0.3605	
297	42	87	0.1414	0.2929	
354	63	116	0.178	0.3277	
91	7	14	0.0769	0.1538	
613	86	158	0.1403	0.2577	
104	40	55	0.3846	0.5288	
279	47	92	0.1685	0.3297	
80	9	17	0.1125	0.2125	
220	34	59	0.1545	0.2682	
332	58	137	0.1747	0.4127	
171	26	56	0.152	0.3275	
268	45	94	0.1679	0.3507	
445	77	175	0.173	0.3933	
422	81	155	0.1919	0.3673	
474	56	120	0.1181	0.2532	
625	96	216	0.1536	0.3456	
176	17	35	0.0966	0.1989	
121	29	52	0.2397	0.4298	
501	97	196	0.1936	0.3912	
227	43	94	0.1894	0.4141	
186	24	51	0.129	0.2742	
198	44	74	0.2222	0.3737	
461	112	209	0.243	0.4534	
96	15	19	0.1562	0.1979	
304	53	130	0.1743	0.4276	
1040	132	277	0.1269	0.2663	
465	69	161	0.1484	0.3462	
423	55	93	0.13	0.2199	
178	19	34	0.1067	0.191	
458	58	111	0.1266	0.2424	
541	110	205	0.2033	0.3789	
306	53	105	0.1732	0.3431	
186	45	90	0.2419	0.4839	
213	43	82	0.2019	0.385	
276	95	178	0.3442	0.6449	
254	49	104	0.1929	0.4094	
178	34	59	0.191	0.3315	
728	134	271	0.1841	0.3723	
264	42	93	0.1591	0.3523	
156	14	32	0.0897	0.2051	
465	84	174	0.1806	0.3742	
374	33	81	0.0882	0.2166	
61	7	16	0.1148	0.2623	
483	88	189	0.1822	0.3913	
116	24	41	0.2069	0.3534	
198	39	86	0.197	0.4343	
140	21	48	0.15	0.3429	
265	54	87	0.2038	0.3283	
263	51	112	0.1939	0.4259	
188	24	68	0.1277	0.3617	
369	38	65	0.103	0.1762	
242	32	80	0.1322	0.3306	
387	57	114	0.1473	0.2946	
61	19	24	0.3115	0.3934	
229	35	77	0.1528	0.3362	
211	34	74	0.1611	0.3507	
207	32	61	0.1546	0.2947	
373	56	112	0.1501	0.3003	
387	70	145	0.1809	0.3747	
70	13	22	0.1857	0.3143	
233	47	82	0.2017	0.3519	
115	29	63	0.2522	0.5478	
442	63	135	0.1425	0.3054	
120	24	47	0.2	0.3917	
156	14	22	0.0897	0.141	
130	39	52	0.3	0.4	
372	42	85	0.1129	0.2285	
258	28	45	0.1085	0.1744	
102	19	37	0.1863	0.3627	
202	41	85	0.203	0.4208	
60	13	16	0.2167	0.2667	
195	60	114	0.3077	0.5846	
167	28	38	0.1677	0.2275	
112	21	34	0.1875	0.3036	
192	33	77	0.1719	0.401	
1081	163	324	0.1508	0.2997	
371	78	143	0.2102	0.3854	
242	45	91	0.186	0.376	
178	31	73	0.1742	0.4101	
91	8	15	0.0879	0.1648	
215	38	66	0.1767	0.307	
229	35	74	0.1528	0.3231	
374	66	137	0.1765	0.3663	
309	54	101	0.1748	0.3269	
334	72	137	0.2156	0.4102	
282	55	117	0.195	0.4149	
32	3	4	0.0938	0.125	
369	78	137	0.2114	0.3713	
61	20	39	0.3279	0.6393	
598	294	369	0.4916	0.6171	
274	52	114	0.1898	0.4161	
249	55	98	0.2209	0.3936	
322	34	80	0.1056	0.2484	
506	111	206	0.2194	0.4071	
264	26	66	0.0985	0.25	
100	11	21	0.11	0.21	
122	30	66	0.2459	0.541	
318	63	119	0.1981	0.3742	
293	52	117	0.1775	0.3993	
335	67	139	0.2	0.4149	
280	50	107	0.1786	0.3821	
289	56	109	0.1938	0.3772	
68	7	11	0.1029	0.1618	
511	95	201	0.1859	0.3933	
127	19	43	0.1496	0.3386	
467	75	143	0.1606	0.3062	
223	35	71	0.157	0.3184	
429	52	111	0.1212	0.2587	
526	63	125	0.1198	0.2376	
166	19	44	0.1145	0.2651	
289	47	98	0.1626	0.3391	
63	19	32	0.3016	0.5079	
427	76	163	0.178	0.3817	
359	91	139	0.2535	0.3872	
1031	171	353	0.1659	0.3424	
73	16	22	0.2192	0.3014	
125	17	29	0.136	0.232	
413	86	170	0.2082	0.4116	
205	43	79	0.2098	0.3854	
167	26	54	0.1557	0.3234	
416	73	145	0.1755	0.3486	
372	55	108	0.1478	0.2903	
181	41	74	0.2265	0.4088	
128	22	44	0.1719	0.3438	
251	37	92	0.1474	0.3665	
191	42	82	0.2199	0.4293	
401	64	133	0.1596	0.3317	
233	16	30	0.0687	0.1288	
285	42	81	0.1474	0.2842	
232	69	99	0.2974	0.4267	
160	42	88	0.2625	0.55	
173	31	53	0.1792	0.3064	
611	121	229	0.198	0.3748	
138	48	55	0.3478	0.3986	
75	13	26	0.1733	0.3467	
334	73	125	0.2186	0.3743	
105	18	27	0.1714	0.2571	
287	32	86	0.1115	0.2997	
569	110	228	0.1933	0.4007	
200	17	39	0.085	0.195	
161	24	48	0.1491	0.2981	
319	74	132	0.232	0.4138	
1170	164	345	0.1402	0.2949	
316	39	94	0.1234	0.2975	
259	22	50	0.0849	0.1931	
371	73	141	0.1968	0.3801	
220	31	75	0.1409	0.3409	
262	51	102	0.1947	0.3893	
408	55	103	0.1348	0.2525	
370	71	127	0.1919	0.3432	
544	107	207	0.1967	0.3805	
460	81	178	0.1761	0.387	
293	36	73	0.1229	0.2491	
387	43	104	0.1111	0.2687	
173	25	48	0.1445	0.2775	
400	63	142	0.1575	0.355	
157	24	52	0.1529	0.3312	
136	24	55	0.1765	0.4044	
657	113	225	0.172	0.3425	
340	53	118	0.1559	0.3471	
89	6	7	0.0674	0.0787	
239	48	103	0.2008	0.431	
235	52	104	0.2213	0.4426	
447	37	101	0.0828	0.226	
50	7	9	0.14	0.18	
223	32	72	0.1435	0.3229	
1005	116	237	0.1154	0.2358	
339	59	145	0.174	0.4277	
48	6	6	0.125	0.125	
75	13	32	0.1733	0.4267	
75	18	31	0.24	0.4133	
330	57	116	0.1727	0.3515	
52	19	28	0.3654	0.5385	
140	23	36	0.1643	0.2571	
440	72	143	0.1636	0.325	
200	35	83	0.175	0.415	
257	41	91	0.1595	0.3541	
220	74	111	0.3364	0.5045	
169	43	70	0.2544	0.4142	
159	23	38	0.1447	0.239	
190	34	73	0.1789	0.3842	
136	50	72	0.3676	0.5294	
255	47	93	0.1843	0.3647	
392	60	132	0.1531	0.3367	
63	4	4	0.0635	0.0635	
1031	152	345	0.1474	0.3346	
238	20	37	0.084	0.1555	
415	48	102	0.1157	0.2458	
308	85	130	0.276	0.4221	
608	86	187	0.1414	0.3076	
210	45	86	0.2143	0.4095	
295	24	55	0.0814	0.1864	
75	10	16	0.1333	0.2133	
387	58	135	0.1499	0.3488	
593	175	326	0.2951	0.5497	
299	47	108	0.1572	0.3612	
488	53	106	0.1086	0.2172	
336	46	104	0.1369	0.3095	
247	23	41	0.0931	0.166	
414	72	156	0.1739	0.3768	
1089	211	447	0.1938	0.4105	
335	60	123	0.1791	0.3672	
118	30	44	0.2542	0.3729	
69	17	38	0.2464	0.5507	
195	37	80	0.1897	0.4103	
81	17	27	0.2099	0.3333	
209	39	77	0.1866	0.3684	
190	25	58	0.1316	0.3053	
227	97	112	0.4273	0.4934	
202	39	70	0.1931	0.3465	
699	80	188	0.1144	0.269	
283	65	116	0.2297	0.4099	
393	73	155	0.1858	0.3944	
263	76	150	0.289	0.5703	
163	16	37	0.0982	0.227	
211	34	62	0.1611	0.2938	
208	66	108	0.3173	0.5192	
258	56	107	0.2171	0.4147	
48	23	37	0.4792	0.7708	
245	49	90	0.2	0.3673	
163	24	47	0.1472	0.2883	
282	56	106	0.1986	0.3759	
113	13	21	0.115	0.1858	
33	4	4	0.1212	0.1212	
642	144	268	0.2243	0.4174	
435	48	97	0.1103	0.223	
386	18	61	0.0466	0.158	
440	74	157	0.1682	0.3568	
355	42	100	0.1183	0.2817	
496	85	145	0.1714	0.2923	
407	81	152	0.199	0.3735	
419	55	92	0.1313	0.2196	
448	75	182	0.1674	0.4062	
190	40	69	0.2105	0.3632	
210	38	84	0.181	0.4	
79	28	45	0.3544	0.5696	
189	29	47	0.1534	0.2487	
124	28	41	0.2258	0.3306	
203	51	90	0.2512	0.4433	
199	50	89	0.2513	0.4472	
300	42	86	0.14	0.2867	
734	127	249	0.173	0.3392	
447	76	152	0.17	0.34	
127	28	40	0.2205	0.315	
224	43	92	0.192	0.4107	
328	37	71	0.1128	0.2165	
566	122	241	0.2155	0.4258	
294	48	108	0.1633	0.3673	
700	152	274	0.2171	0.3914	
274	85	154	0.3102	0.562	
663	134	257	0.2021	0.3876	
511	72	173	0.1409	0.3386	
354	55	111	0.1554	0.3136	
110	14	30	0.1273	0.2727	
137	32	60	0.2336	0.438	
112	25	38	0.2232	0.3393	
274	43	103	0.1569	0.3759	
98	18	28	0.1837	0.2857	
50	3	3	0.06	0.06	
143	38	63	0.2657	0.4406	
221	38	85	0.1719	0.3846	
1339	255	522	0.1904	0.3898	
296	61	112	0.2061	0.3784	
402	86	171	0.2139	0.4254	
192	25	61	0.1302	0.3177	
862	140	279	0.1624	0.3237	
295	57	116	0.1932	0.3932	
181	41	81	0.2265	0.4475	
242	87	136	0.3595	0.562	
105	23	42	0.219	0.4	
316	47	88	0.1487	0.2785	
838	227	427	0.2709	0.5095	
406	64	126	0.1576	0.3103	
179	23	63	0.1285	0.352	
253	34	79	0.1344	0.3123	
188	28	69	0.1489	0.367	
172	7	15	0.0407	0.0872	
172	20	36	0.1163	0.2093	
339	54	106	0.1593	0.3127	
156	31	59	0.1987	0.3782	
417	99	187	0.2374	0.4484	
379	63	153	0.1662	0.4037	
1120	227	441	0.2027	0.3937	
185	31	59	0.1676	0.3189	
74	3	6	0.0405	0.0811	
52	10	21	0.1923	0.4038	
641	94	191	0.1466	0.298	
387	29	57	0.0749	0.1473	
297	52	104	0.1751	0.3502	
199	41	71	0.206	0.3568	
416	33	62	0.0793	0.149	
129	38	56	0.2946	0.4341	
946	280	413	0.296	0.4366	
201	30	69	0.1493	0.3433	
112	18	24	0.1607	0.2143	
731	103	224	0.1409	0.3064	
297	35	69	0.1178	0.2323	
141	25	53	0.1773	0.3759	
457	97	172	0.2123	0.3764	
250	53	102	0.212	0.408	
253	75	129	0.2964	0.5099	
298	50	87	0.1678	0.2919	
255	55	107	0.2157	0.4196	
754	146	296	0.1936	0.3926	
407	47	88	0.1155	0.2162	
189	61	103	0.3228	0.545	
204	52	104	0.2549	0.5098	
276	73	97	0.2645	0.3514	
664	172	288	0.259	0.4337	
405	90	163	0.2222	0.4025	
186	53	110	0.2849	0.5914	
90	9	22	0.1	0.2444	
317	31	59	0.0978	0.1861	
130	48	89	0.3692	0.6846	
394	33	54	0.0838	0.1371	
424	74	159	0.1745	0.375	
203	52	90	0.2562	0.4433	
167	39	74	0.2335	0.4431	
376	61	124	0.1622	0.3298	
303	53	115	0.1749	0.3795	
719	207	295	0.2879	0.4103	
354	88	139	0.2486	0.3927	
210	30	56	0.1429	0.2667	
593	105	175	0.1771	0.2951	
580	57	133	0.0983	0.2293	
329	55	122	0.1672	0.3708	
281	31	69	0.1103	0.2456	
89	4	9	0.0449	0.1011	
321	62	111	0.1931	0.3458	
86	31	55	0.3605	0.6395	
249	24	45	0.0964	0.1807	
411	57	104	0.1387	0.253	
564	57	130	0.1011	0.2305	
842	129	288	0.1532	0.342	
72	13	27	0.1806	0.375	
202	31	54	0.1535	0.2673	
164	26	50	0.1585	0.3049	
57	18	28	0.3158	0.4912	
157	40	59	0.2548	0.3758	
242	34	85	0.1405	0.3512	
257	47	93	0.1829	0.3619	
239	29	59	0.1213	0.2469	
223	39	95	0.1749	0.426	
227	47	88	0.207	0.3877	
274	43	99	0.1569	0.3613	
36	30	33	0.8333	0.9167	
170	38	67	0.2235	0.3941	
235	33	66	0.1404	0.2809	
251	38	88	0.1514	0.3506	
446	90	182	0.2018	0.4081	
233	44	93	0.1888	0.3991	
364	69	141	0.1896	0.3874	
362	86	133	0.2376	0.3674	
259	126	150	0.4865	0.5792	
294	74	124	0.2517	0.4218	
113	38	49	0.3363	0.4336	
144	8	22	0.0556	0.1528	
389	38	83	0.0977	0.2134	
393	69	164	0.1756	0.4173	
406	73	147	0.1798	0.3621	
239	19	49	0.0795	0.205	
339	48	90	0.1416	0.2655	
362	47	81	0.1298	0.2238	
445	108	172	0.2427	0.3865	
113	9	22	0.0796	0.1947	
515	96	193	0.1864	0.3748	
171	20	47	0.117	0.2749	
65	17	28	0.2615	0.4308	
128	49	80	0.3828	0.625	
431	31	65	0.0719	0.1508	
228	33	73	0.1447	0.3202	
172	34	75	0.1977	0.436	
545	134	231	0.2459	0.4239	
179	10	25	0.0559	0.1397	
187	16	28	0.0856	0.1497	
453	61	126	0.1347	0.2781	
77	18	39	0.2338	0.5065	
199	43	69	0.2161	0.3467	
769	130	273	0.1691	0.355	
200	30	47	0.15	0.235	
386	96	194	0.2487	0.5026	
435	79	183	0.1816	0.4207	
209	29	62	0.1388	0.2967	
66	14	38	0.2121	0.5758	
373	61	137	0.1635	0.3673	
144	34	53	0.2361	0.3681	
222	20	44	0.0901	0.1982	
141	62	78	0.4397	0.5532	
198	11	26	0.0556	0.1313	
263	45	90	0.1711	0.3422	
108	15	35	0.1389	0.3241	
76	2	3	0.0263	0.0395	
148	22	50	0.1486	0.3378	
542	319	397	0.5886	0.7325	
332	52	113	0.1566	0.3404	
601	114	228	0.1897	0.3794	
163	28	65	0.1718	0.3988	
200	39	70	0.195	0.35	
159	30	54	0.1887	0.3396	
292	64	129	0.2192	0.4418	
165	28	50	0.1697	0.303	
246	46	89	0.187	0.3618	
139	11	28	0.0791	0.2014	
617	124	253	0.201	0.41	
78	7	11	0.0897	0.141	
572	93	210	0.1626	0.3671	
184	16	28	0.087	0.1522	
169	30	48	0.1775	0.284	
270	62	107	0.2296	0.3963	
610	123	252	0.2016	0.4131	
93	17	41	0.1828	0.4409	
923	155	345	0.1679	0.3738	
180	36	62	0.2	0.3444	
424	82	172	0.1934	0.4057	
63	31	41	0.4921	0.6508	
295	53	113	0.1797	0.3831	
37	2	2	0.0541	0.0541	
119	39	61	0.3277	0.5126	
142	48	59	0.338	0.4155	
205	49	89	0.239	0.4341	
863	220	391	0.2549	0.4531	
105	22	49	0.2095	0.4667	
583	117	246	0.2007	0.422	
331	70	128	0.2115	0.3867	
691	120	254	0.1737	0.3676	
108	16	28	0.1481	0.2593	
151	24	57	0.1589	0.3775	
207	62	112	0.2995	0.5411	
269	54	99	0.2007	0.368	
239	40	88	0.1674	0.3682	
252	53	106	0.2103	0.4206	
590	105	196	0.178	0.3322	
247	47	84	0.1903	0.3401	
55	3	5	0.0545	0.0909	
399	28	52	0.0702	0.1303	
319	59	103	0.185	0.3229	
124	22	42	0.1774	0.3387	
596	129	237	0.2164	0.3977	
211	26	78	0.1232	0.3697	
462	70	176	0.1515	0.381	
145	29	61	0.2	0.4207	
157	40	77	0.2548	0.4904	
246	29	82	0.1179	0.3333	
154	20	45	0.1299	0.2922	
269	62	111	0.2305	0.4126	
439	91	182	0.2073	0.4146	
324	70	123	0.216	0.3796	
236	49	86	0.2076	0.3644	
388	69	138	0.1778	0.3557	
611	119	240	0.1948	0.3928	
357	65	138	0.1821	0.3866	
363	83	161	0.2287	0.4435	
73	22	31	0.3014	0.4247	
291	31	65	0.1065	0.2234	
136	29	55	0.2132	0.4044	
268	84	161	0.3134	0.6007	
194	32	61	0.1649	0.3144	
524	91	219	0.1737	0.4179	
429	25	60	0.0583	0.1399	
267	24	59	0.0899	0.221	
365	61	132	0.1671	0.3616	
198	36	84	0.1818	0.4242	
183	88	106	0.4809	0.5792	
141	5	9	0.0355	0.0638	
95	25	44	0.2632	0.4632	
408	86	166	0.2108	0.4069	
265	56	112	0.2113	0.4226	
483	28	63	0.058	0.1304	
188	37	76	0.1968	0.4043	
253	65	117	0.2569	0.4625	
296	52	98	0.1757	0.3311	
191	61	102	0.3194	0.534	
449	38	91	0.0846	0.2027	
458	79	155	0.1725	0.3384	
217	45	86	0.2074	0.3963	
75	10	25	0.1333	0.3333	
304	38	67	0.125	0.2204	
782	113	233	0.1445	0.298	
93	26	42	0.2796	0.4516	
393	74	131	0.1883	0.3333	
398	86	163	0.2161	0.4095	
703	78	156	0.111	0.2219	
530	83	168	0.1566	0.317	
82	17	27	0.2073	0.3293	
348	68	146	0.1954	0.4195	
236	37	84	0.1568	0.3559	
65	9	12	0.1385	0.1846	
144	50	71	0.3472	0.4931	
210	39	83	0.1857	0.3952	
136	20	36	0.1471	0.2647	
224	32	60	0.1429	0.2679	
135	20	54	0.1481	0.4	
200	37	85	0.185	0.425	
459	32	61	0.0697	0.1329	
574	145	256	0.2526	0.446	
277	43	99	0.1552	0.3574	
215	30	81	0.1395	0.3767	
175	32	79	0.1829	0.4514	
400	79	145	0.1975	0.3625	
274	44	93	0.1606	0.3394	
122	10	16	0.082	0.1311	
414	46	128	0.1111	0.3092	
150	19	43	0.1267	0.2867	
362	40	100	0.1105	0.2762	
321	47	93	0.1464	0.2897	
201	41	80	0.204	0.398	
258	37	64	0.1434	0.2481	
340	100	182	0.2941	0.5353	
203	45	81	0.2217	0.399	
261	33	53	0.1264	0.2031	
1186	246	480	0.2074	0.4047	
325	66	125	0.2031	0.3846	
183	19	46	0.1038	0.2514	
676	122	238	0.1805	0.3521	
390	75	155	0.1923	0.3974	
456	98	179	0.2149	0.3925	
609	72	148	0.1182	0.243	
360	118	166	0.3278	0.4611	
447	78	176	0.1745	0.3937	
443	90	178	0.2032	0.4018	
396	68	142	0.1717	0.3586	
573	160	298	0.2792	0.5201	
313	62	127	0.1981	0.4058	
178	27	45	0.1517	0.2528	
538	98	171	0.1822	0.3178	
262	61	117	0.2328	0.4466	
266	43	94	0.1617	0.3534	
152	16	39	0.1053	0.2566	
177	28	62	0.1582	0.3503	
659	190	302	0.2883	0.4583	
178	45	85	0.2528	0.4775	
164	32	70	0.1951	0.4268	
289	89	133	0.308	0.4602	
145	23	42	0.1586	0.2897	
430	92	166	0.214	0.386	
222	40	77	0.1802	0.3468	
409	72	156	0.176	0.3814	
75	9	27	0.12	0.36	
628	99	205	0.1576	0.3264	
293	48	96	0.1638	0.3276	
788	100	221	0.1269	0.2805	
36	8	9	0.2222	0.25	
584	91	203	0.1558	0.3476	
600	114	217	0.19	0.3617	
657	132	274	0.2009	0.417	
739	120	265	0.1624	0.3586	
341	107	187	0.3138	0.5484	
141	7	14	0.0496	0.0993	
334	29	63	0.0868	0.1886	
378	73	154	0.1931	0.4074	
750	143	304	0.1907	0.4053	
64	18	28	0.2812	0.4375	
871	289	424	0.3318	0.4868	
283	60	117	0.212	0.4134	
138	26	43	0.1884	0.3116	
185	8	27	0.0432	0.1459	
137	18	47	0.1314	0.3431	
327	50	114	0.1529	0.3486	
367	73	148	0.1989	0.4033	
444	34	79	0.0766	0.1779	
368	44	95	0.1196	0.2582	
541	59	135	0.1091	0.2495	
431	44	80	0.1021	0.1856	
583	111	227	0.1904	0.3894	
700	70	139	0.1	0.1986	
146	27	51	0.1849	0.3493	
69	8	13	0.1159	0.1884	
755	167	304	0.2212	0.4026	
501	97	196	0.1936	0.3912	
367	60	127	0.1635	0.346	
73	22	39	0.3014	0.5342	
57	22	32	0.386	0.5614	
472	128	230	0.2712	0.4873	
147	30	55	0.2041	0.3741	
274	56	116	0.2044	0.4234	
260	18	42	0.0692	0.1615	
343	59	126	0.172	0.3673	
484	158	211	0.3264	0.436	
424	63	100	0.1486	0.2358	
865	211	421	0.2439	0.4867	
978	202	390	0.2065	0.3988	
334	64	140	0.1916	0.4192	
305	84	158	0.2754	0.518	
138	26	49	0.1884	0.3551	
488	88	180	0.1803	0.3689	
216	55	94	0.2546	0.4352	
241	18	46	0.0747	0.1909	
403	66	137	0.1638	0.34	
173	26	60	0.1503	0.3468	
346	44	105	0.1272	0.3035	
170	26	48	0.1529	0.2824	
284	44	82	0.1549	0.2887	
133	21	44	0.1579	0.3308	
229	60	91	0.262	0.3974	
207	26	66	0.1256	0.3188	
856	80	229	0.0935	0.2675	
411	149	223	0.3625	0.5426	
170	9	9	0.0529	0.0529	
399	80	157	0.2005	0.3935	
309	41	103	0.1327	0.3333	
77	16	28	0.2078	0.3636	
416	74	137	0.1779	0.3293	
398	52	105	0.1307	0.2638	
365	49	102	0.1342	0.2795	
265	72	135	0.2717	0.5094	
362	42	91	0.116	0.2514	
400	33	59	0.0825	0.1475	
165	24	43	0.1455	0.2606	
103	14	29	0.1359	0.2816	
430	40	81	0.093	0.1884	
200	45	90	0.225	0.45	
502	97	205	0.1932	0.4084	
30	3	3	0.1	0.1	
143	49	71	0.3427	0.4965	
340	62	108	0.1824	0.3176	
215	36	86	0.1674	0.4	
362	71	156	0.1961	0.4309	
455	59	140	0.1297	0.3077	
163	26	50	0.1595	0.3067	
114	20	43	0.1754	0.3772	
164	35	54	0.2134	0.3293	
224	3	5	0.0134	0.0223	
144	17	33	0.1181	0.2292	
65	13	23	0.2	0.3538	
299	51	113	0.1706	0.3779	
150	27	43	0.18	0.2867	
163	38	46	0.2331	0.2822	
373	32	102	0.0858	0.2735	
271	53	102	0.1956	0.3764	
497	100	209	0.2012	0.4205	
682	68	199	0.0997	0.2918	
256	29	60	0.1133	0.2344	
268	76	119	0.2836	0.444	
346	76	146	0.2197	0.422	
779	148	304	0.19	0.3902	
81	19	37	0.2346	0.4568	
214	49	79	0.229	0.3692	
291	61	117	0.2096	0.4021	
165	28	52	0.1697	0.3152	
348	85	157	0.2443	0.4511	
83	20	34	0.241	0.4096	
192	18	40	0.0938	0.2083	
168	18	27	0.1071	0.1607	
351	53	108	0.151	0.3077	
292	61	108	0.2089	0.3699	
208	35	69	0.1683	0.3317	
274	43	90	0.1569	0.3285	
147	21	41	0.1429	0.2789	
645	145	257	0.2248	0.3984	
290	33	50	0.1138	0.1724	
145	26	56	0.1793	0.3862	
279	37	83	0.1326	0.2975	
488	87	168	0.1783	0.3443	
598	102	210	0.1706	0.3512	
140	11	21	0.0786	0.15	
363	64	140	0.1763	0.3857	
184	25	49	0.1359	0.2663	
442	80	164	0.181	0.371	
313	62	127	0.1981	0.4058	
261	30	57	0.1149	0.2184	
176	21	41	0.1193	0.233	
240	42	69	0.175	0.2875	
475	74	154	0.1558	0.3242	
297	33	75	0.1111	0.2525	
122	30	51	0.2459	0.418	
94	33	75	0.3511	0.7979	
165	61	80	0.3697	0.4848	
286	46	103	0.1608	0.3601	
44	12	18	0.2727	0.4091	
156	26	47	0.1667	0.3013	
389	81	142	0.2082	0.365	
255	25	49	0.098	0.1922	
62	6	12	0.0968	0.1935	
80	8	15	0.1	0.1875	
178	62	77	0.3483	0.4326	
396	100	160	0.2525	0.404	
432	75	172	0.1736	0.3981	
106	36	42	0.3396	0.3962	
104	26	42	0.25	0.4038	
182	11	25	0.0604	0.1374	
592	35	60	0.0591	0.1014	
189	35	78	0.1852	0.4127	
513	171	270	0.3333	0.5263	
110	2	4	0.0182	0.0364	
356	73	133	0.2051	0.3736	
288	52	104	0.1806	0.3611	
321	66	136	0.2056	0.4237	
441	112	247	0.254	0.5601	
271	44	96	0.1624	0.3542	
324	60	103	0.1852	0.3179	
176	35	66	0.1989	0.375	
328	48	112	0.1463	0.3415	
153	34	61	0.2222	0.3987	
481	120	223	0.2495	0.4636	
135	25	51	0.1852	0.3778	
110	14	24	0.1273	0.2182	
94	41	53	0.4362	0.5638	
446	30	80	0.0673	0.1794	
186	40	69	0.2151	0.371	
776	128	277	0.1649	0.357	
312	93	129	0.2981	0.4135	
525	94	195	0.179	0.3714	
429	102	200	0.2378	0.4662	
224	34	82	0.1518	0.3661	
54	48	54	0.8889	1.0	
287	48	105	0.1672	0.3659	
232	24	55	0.1034	0.2371	
318	43	88	0.1352	0.2767	
253	30	51	0.1186	0.2016	
190	36	80	0.1895	0.4211	
251	63	96	0.251	0.3825	
249	29	71	0.1165	0.2851	
199	26	36	0.1307	0.1809	
282	73	135	0.2589	0.4787	
208	41	86	0.1971	0.4135	
500	96	207	0.192	0.414	
51	2	4	0.0392	0.0784	
246	52	92	0.2114	0.374	
268	46	98	0.1716	0.3657	
231	11	27	0.0476	0.1169	
384	74	139	0.1927	0.362	
121	35	63	0.2893	0.5207	
131	41	58	0.313	0.4427	
628	120	216	0.1911	0.3439	
322	81	155	0.2516	0.4814	
333	75	134	0.2252	0.4024	
320	71	151	0.2219	0.4719	
308	56	121	0.1818	0.3929	
138	27	55	0.1957	0.3986	
249	47	97	0.1888	0.3896	
517	58	104	0.1122	0.2012	
465	63	114	0.1355	0.2452	
232	37	82	0.1595	0.3534	
87	23	56	0.2644	0.6437	
728	86	173	0.1181	0.2376	
75	10	26	0.1333	0.3467	
245	50	95	0.2041	0.3878	
441	80	150	0.1814	0.3401	
164	17	28	0.1037	0.1707	
98	28	31	0.2857	0.3163	
1144	226	459	0.1976	0.4012	
213	25	74	0.1174	0.3474	
401	47	89	0.1172	0.2219	
395	31	71	0.0785	0.1797	
665	74	138	0.1113	0.2075	
312	71	132	0.2276	0.4231	
74	12	23	0.1622	0.3108	
207	22	68	0.1063	0.3285	
164	27	51	0.1646	0.311	
346	78	139	0.2254	0.4017	
330	82	137	0.2485	0.4152	
416	93	163	0.2236	0.3918	
32	6	9	0.1875	0.2812	
187	41	72	0.2193	0.385	
267	22	40	0.0824	0.1498	
257	50	105	0.1946	0.4086	
244	76	110	0.3115	0.4508	
396	48	101	0.1212	0.2551	
352	33	75	0.0938	0.2131	
463	100	173	0.216	0.3737	
573	67	145	0.1169	0.2531	
53	3	9	0.0566	0.1698	
87	8	16	0.092	0.1839	
363	63	159	0.1736	0.438	
219	51	87	0.2329	0.3973	
133	35	53	0.2632	0.3985	
643	84	182	0.1306	0.283	
343	73	135	0.2128	0.3936	
398	75	178	0.1884	0.4472	
647	122	248	0.1886	0.3833	
247	37	84	0.1498	0.3401	
296	46	93	0.1554	0.3142	
120	16	29	0.1333	0.2417	
240	34	81	0.1417	0.3375	
462	46	91	0.0996	0.197	
396	70	139	0.1768	0.351	
649	103	233	0.1587	0.359	
256	52	106	0.2031	0.4141	
255	64	104	0.251	0.4078	
234	23	53	0.0983	0.2265	
282	64	109	0.227	0.3865	
523	74	119	0.1415	0.2275	
308	63	126	0.2045	0.4091	
846	85	214	0.1005	0.253	
644	112	237	0.1739	0.368	
284	58	115	0.2042	0.4049	
158	32	63	0.2025	0.3987	
321	102	183	0.3178	0.5701	
138	36	61	0.2609	0.442	
142	9	16	0.0634	0.1127	
231	61	80	0.2641	0.3463	
139	37	61	0.2662	0.4388	
283	38	87	0.1343	0.3074	
234	39	91	0.1667	0.3889	
239	20	34	0.0837	0.1423	
302	63	112	0.2086	0.3709	
255	36	87	0.1412	0.3412	
783	146	296	0.1865	0.378	
129	19	35	0.1473	0.2713	
348	81	133	0.2328	0.3822	
191	58	103	0.3037	0.5393	
472	96	158	0.2034	0.3347	
210	30	50	0.1429	0.2381	
87	43	60	0.4943	0.6897	
241	57	111	0.2365	0.4606	
613	129	255	0.2104	0.416	
292	41	102	0.1404	0.3493	
248	41	91	0.1653	0.3669	
90	14	24	0.1556	0.2667	
227	109	125	0.4802	0.5507	
138	38	65	0.2754	0.471	
380	77	151	0.2026	0.3974	
472	96	190	0.2034	0.4025	
281	49	112	0.1744	0.3986	
362	49	117	0.1354	0.3232	
390	74	115	0.1897	0.2949	
495	57	97	0.1152	0.196	
244	31	57	0.127	0.2336	
105	14	29	0.1333	0.2762	
327	68	139	0.208	0.4251	
343	57	134	0.1662	0.3907	
275	39	74	0.1418	0.2691	
233	51	99	0.2189	0.4249	
252	51	107	0.2024	0.4246	
1496	316	650	0.2112	0.4345	
59	6	7	0.1017	0.1186	
657	124	243	0.1887	0.3699	
102	8	19	0.0784	0.1863	
126	20	42	0.1587	0.3333	
567	99	178	0.1746	0.3139	
358	92	164	0.257	0.4581	
200	32	70	0.16	0.35	
390	75	159	0.1923	0.4077	
1250	200	413	0.16	0.3304	
417	104	174	0.2494	0.4173	
260	42	82	0.1615	0.3154	
220	42	80	0.1909	0.3636	
185	62	92	0.3351	0.4973	
43	4	4	0.093	0.093	
694	113	239	0.1628	0.3444	
258	58	115	0.2248	0.4457	
823	87	202	0.1057	0.2454	
297	81	132	0.2727	0.4444	
599	129	236	0.2154	0.394	
264	36	81	0.1364	0.3068	
338	64	133	0.1893	0.3935	
917	160	327	0.1745	0.3566	
75	22	30	0.2933	0.4	
368	74	159	0.2011	0.4321	
462	78	160	0.1688	0.3463	
268	18	31	0.0672	0.1157	
140	40	65	0.2857	0.4643	
204	38	80	0.1863	0.3922	
317	69	134	0.2177	0.4227	
366	38	92	0.1038	0.2514	
340	42	94	0.1235	0.2765	
394	73	147	0.1853	0.3731	
228	40	79	0.1754	0.3465	
280	65	111	0.2321	0.3964	
319	76	144	0.2382	0.4514	
435	78	147	0.1793	0.3379	
138	13	25	0.0942	0.1812	
211	43	86	0.2038	0.4076	
273	49	83	0.1795	0.304	
736	131	241	0.178	0.3274	
342	68	130	0.1988	0.3801	
164	35	60	0.2134	0.3659	
145	42	69	0.2897	0.4759	
533	99	198	0.1857	0.3715	
224	21	47	0.0938	0.2098	
241	61	118	0.2531	0.4896	
201	34	78	0.1692	0.3881	
154	24	48	0.1558	0.3117	
258	42	85	0.1628	0.3295	
373	73	165	0.1957	0.4424	
392	81	148	0.2066	0.3776	
198	35	80	0.1768	0.404	
400	77	151	0.1925	0.3775	
152	37	75	0.2434	0.4934	
426	88	147	0.2066	0.3451	
331	47	121	0.142	0.3656	
528	103	190	0.1951	0.3598	
303	51	100	0.1683	0.33	
507	58	120	0.1144	0.2367	
167	11	28	0.0659	0.1677	
304	57	118	0.1875	0.3882	
424	75	177	0.1769	0.4175	
129	46	62	0.3566	0.4806	
376	78	151	0.2074	0.4016	
386	86	178	0.2228	0.4611	
368	80	159	0.2174	0.4321	
68	3	8	0.0441	0.1176	
166	30	46	0.1807	0.2771	
371	76	138	0.2049	0.372	
214	25	48	0.1168	0.2243	
117	20	44	0.1709	0.3761	
181	36	64	0.1989	0.3536	
445	48	107	0.1079	0.2404	
160	27	48	0.1688	0.3	
623	126	230	0.2022	0.3692	
570	116	209	0.2035	0.3667	
175	33	59	0.1886	0.3371	
324	68	124	0.2099	0.3827	
543	68	129	0.1252	0.2376	
280	46	98	0.1643	0.35	
390	85	145	0.2179	0.3718	
192	22	57	0.1146	0.2969	
230	39	80	0.1696	0.3478	
253	44	94	0.1739	0.3715	
408	85	158	0.2083	0.3873	
116	21	28	0.181	0.2414	
396	86	183	0.2172	0.4621	
358	60	147	0.1676	0.4106	
237	19	43	0.0802	0.1814	
348	76	139	0.2184	0.3994	
285	52	109	0.1825	0.3825	
508	106	204	0.2087	0.4016	
193	36	78	0.1865	0.4041	
450	93	166	0.2067	0.3689	
281	43	91	0.153	0.3238	
353	71	133	0.2011	0.3768	
304	93	165	0.3059	0.5428	
171	12	24	0.0702	0.1404	
231	49	86	0.2121	0.3723	
164	29	43	0.1768	0.2622	
202	48	83	0.2376	0.4109	
460	98	184	0.213	0.4	
367	61	127	0.1662	0.346	
373	83	170	0.2225	0.4558	
233	29	52	0.1245	0.2232	
151	29	59	0.1921	0.3907	
215	35	62	0.1628	0.2884	
421	40	101	0.095	0.2399	
439	47	113	0.1071	0.2574	
395	50	71	0.1266	0.1797	
713	92	210	0.129	0.2945	
264	86	157	0.3258	0.5947	
365	37	59	0.1014	0.1616	
334	51	114	0.1527	0.3413	
117	19	35	0.1624	0.2991	
183	21	35	0.1148	0.1913	
70	22	42	0.3143	0.6	
73	18	30	0.2466	0.411	
820	184	284	0.2244	0.3463	
560	69	138	0.1232	0.2464	
332	44	89	0.1325	0.2681	
223	33	84	0.148	0.3767	
183	32	64	0.1749	0.3497	
359	69	132	0.1922	0.3677	
261	43	101	0.1648	0.387	
791	138	266	0.1745	0.3363	
520	51	105	0.0981	0.2019	
984	222	400	0.2256	0.4065	
352	57	137	0.1619	0.3892	
364	83	168	0.228	0.4615	
709	104	237	0.1467	0.3343	
312	121	166	0.3878	0.5321	
278	48	83	0.1727	0.2986	
486	76	139	0.1564	0.286	
428	82	163	0.1916	0.3808	
96	26	34	0.2708	0.3542	
192	48	79	0.25	0.4115	
458	48	104	0.1048	0.2271	
253	45	90	0.1779	0.3557	
416	82	170	0.1971	0.4087	
1200	233	445	0.1942	0.3708	
427	74	166	0.1733	0.3888	
183	23	55	0.1257	0.3005	
37	9	18	0.2432	0.4865	
109	18	35	0.1651	0.3211	
415	68	146	0.1639	0.3518	
181	39	68	0.2155	0.3757	
253	41	85	0.1621	0.336	
305	61	124	0.2	0.4066	
81	21	31	0.2593	0.3827	
445	101	187	0.227	0.4202	
46	2	2	0.0435	0.0435	
428	34	76	0.0794	0.1776	
372	70	144	0.1882	0.3871	
253	42	90	0.166	0.3557	
219	15	35	0.0685	0.1598	
924	197	429	0.2132	0.4643	
627	96	173	0.1531	0.2759	
235	25	56	0.1064	0.2383	
187	18	36	0.0963	0.1925	
180	43	68	0.2389	0.3778	
262	45	79	0.1718	0.3015	
357	47	104	0.1317	0.2913	
642	103	215	0.1604	0.3349	
63	22	35	0.3492	0.5556	
665	74	151	0.1113	0.2271	
161	36	70	0.2236	0.4348	
605	121	234	0.2	0.3868	
45	18	33	0.4	0.7333	
615	115	246	0.187	0.4	
453	82	191	0.181	0.4216	
220	29	70	0.1318	0.3182	
107	17	25	0.1589	0.2336	
398	61	120	0.1533	0.3015	
300	67	130	0.2233	0.4333	
115	15	36	0.1304	0.313	
294	17	47	0.0578	0.1599	
201	45	81	0.2239	0.403	
49	14	20	0.2857	0.4082	
453	77	144	0.17	0.3179	
79	24	39	0.3038	0.4937	
374	56	111	0.1497	0.2968	
68	2	2	0.0294	0.0294	
572	91	203	0.1591	0.3549	
347	101	206	0.2911	0.5937	
266	57	109	0.2143	0.4098	
389	76	153	0.1954	0.3933	
306	38	92	0.1242	0.3007	
343	66	140	0.1924	0.4082	
226	52	97	0.2301	0.4292	
233	26	48	0.1116	0.206	
271	43	78	0.1587	0.2878	
109	3	8	0.0275	0.0734	
492	126	219	0.2561	0.4451	
200	35	69	0.175	0.345	
382	38	90	0.0995	0.2356	
361	48	85	0.133	0.2355	
185	19	44	0.1027	0.2378	
619	120	209	0.1939	0.3376	
231	26	73	0.1126	0.316	
298	33	57	0.1107	0.1913	
172	32	81	0.186	0.4709	
247	59	91	0.2389	0.3684	
147	25	47	0.1701	0.3197	
309	56	130	0.1812	0.4207	
236	32	76	0.1356	0.322	
215	33	73	0.1535	0.3395	
312	31	62	0.0994	0.1987	
412	99	169	0.2403	0.4102	
220	31	65	0.1409	0.2955	
294	112	149	0.381	0.5068	
158	22	54	0.1392	0.3418	
131	20	44	0.1527	0.3359	
209	35	71	0.1675	0.3397	
282	53	114	0.1879	0.4043	
458	76	143	0.1659	0.3122	
298	29	56	0.0973	0.1879	
176	33	65	0.1875	0.3693	
231	55	112	0.2381	0.4848	
130	43	66	0.3308	0.5077	
175	21	59	0.12	0.3371	
508	46	81	0.0906	0.1594	
612	102	205	0.1667	0.335	
62	8	10	0.129	0.1613	
69	10	21	0.1449	0.3043	
132	15	33	0.1136	0.25	
178	34	66	0.191	0.3708	
162	34	73	0.2099	0.4506	
274	57	109	0.208	0.3978	
870	128	282	0.1471	0.3241	
174	67	116	0.3851	0.6667	
444	96	169	0.2162	0.3806	
400	76	163	0.19	0.4075	
209	33	71	0.1579	0.3397	
137	44	67	0.3212	0.4891	
127	19	32	0.1496	0.252	
402	92	162	0.2289	0.403	
93	35	56	0.3763	0.6022	
93	28	39	0.3011	0.4194	
230	20	45	0.087	0.1957	
520	96	188	0.1846	0.3615	
266	40	78	0.1504	0.2932	
167	22	36	0.1317	0.2156	
93	9	16	0.0968	0.172	
347	23	52	0.0663	0.1499	
336	82	146	0.244	0.4345	
213	72	113	0.338	0.5305	
492	74	131	0.1504	0.2663	
1243	239	478	0.1923	0.3846	
149	24	35	0.1611	0.2349	
632	121	253	0.1915	0.4003	
342	72	143	0.2105	0.4181	
121	44	58	0.3636	0.4793	
265	68	126	0.2566	0.4755	
594	104	203	0.1751	0.3418	
76	16	31	0.2105	0.4079	
242	20	35	0.0826	0.1446	
141	43	77	0.305	0.5461	
231	31	64	0.1342	0.2771	
150	13	22	0.0867	0.1467	
191	42	75	0.2199	0.3927	
422	92	162	0.218	0.3839	
328	68	127	0.2073	0.3872	
857	104	254	0.1214	0.2964	
81	28	55	0.3457	0.679	
286	43	100	0.1503	0.3497	
258	52	98	0.2016	0.3798	
59	8	17	0.1356	0.2881	
291	67	119	0.2302	0.4089	
256	42	90	0.1641	0.3516	
251	59	104	0.2351	0.4143	
481	82	174	0.1705	0.3617	
294	47	116	0.1599	0.3946	
724	102	178	0.1409	0.2459	
274	58	116	0.2117	0.4234	
178	25	57	0.1404	0.3202	
454	77	158	0.1696	0.348	
67	4	9	0.0597	0.1343	
129	25	33	0.1938	0.2558	
364	72	137	0.1978	0.3764	
125	34	47	0.272	0.376	
102	40	56	0.3922	0.549	
201	31	59	0.1542	0.2935	
257	54	105	0.2101	0.4086	
218	48	87	0.2202	0.3991	
773	185	323	0.2393	0.4179	
357	54	117	0.1513	0.3277	
268	29	72	0.1082	0.2687	
356	67	130	0.1882	0.3652	
210	29	61	0.1381	0.2905	
419	37	75	0.0883	0.179	
659	56	130	0.085	0.1973	
408	78	147	0.1912	0.3603	
355	64	130	0.1803	0.3662	
325	59	136	0.1815	0.4185	
254	50	92	0.1969	0.3622	
54	35	44	0.6481	0.8148	
82	18	22	0.2195	0.2683	
509	100	176	0.1965	0.3458	
226	22	40	0.0973	0.177	
199	42	90	0.2111	0.4523	
466	83	179	0.1781	0.3841	
385	82	158	0.213	0.4104	
582	83	187	0.1426	0.3213	
120	33	60	0.275	0.5	
248	117	141	0.4718	0.5685	
195	21	31	0.1077	0.159	
696	114	275	0.1638	0.3951	
64	10	18	0.1562	0.2812	
243	30	78	0.1235	0.321	
319	74	121	0.232	0.3793	
335	80	142	0.2388	0.4239	
384	77	156	0.2005	0.4062	
303	20	51	0.066	0.1683	
226	32	76	0.1416	0.3363	
242	33	84	0.1364	0.3471	
380	69	152	0.1816	0.4	
255	49	100	0.1922	0.3922	
238	39	71	0.1639	0.2983	
117	16	28	0.1368	0.2393	
93	15	23	0.1613	0.2473	
386	82	160	0.2124	0.4145	
90	13	24	0.1444	0.2667	
220	31	72	0.1409	0.3273	
323	74	121	0.2291	0.3746	
433	72	159	0.1663	0.3672	
100	32	46	0.32	0.46	
216	37	89	0.1713	0.412	
430	47	109	0.1093	0.2535	
289	57	121	0.1972	0.4187	
205	35	72	0.1707	0.3512	
147	13	32	0.0884	0.2177	
709	121	226	0.1707	0.3188	
147	18	28	0.1224	0.1905	
106	26	48	0.2453	0.4528	
556	82	202	0.1475	0.3633	
199	43	87	0.2161	0.4372	
278	138	172	0.4964	0.6187	
383	68	132	0.1775	0.3446	
41	3	3	0.0732	0.0732	
171	32	49	0.1871	0.2865	
235	37	75	0.1574	0.3191	
358	86	164	0.2402	0.4581	
267	52	101	0.1948	0.3783	
162	32	68	0.1975	0.4198	
73	16	24	0.2192	0.3288	
538	56	91	0.1041	0.1691	
241	58	102	0.2407	0.4232	
495	54	93	0.1091	0.1879	
212	51	100	0.2406	0.4717	
239	112	150	0.4686	0.6276	
788	142	299	0.1802	0.3794	
159	34	64	0.2138	0.4025	
198	20	52	0.101	0.2626	
87	6	15	0.069	0.1724	
357	62	125	0.1737	0.3501	
393	80	165	0.2036	0.4198	
270	59	106	0.2185	0.3926	
241	85	133	0.3527	0.5519	
410	27	60	0.0659	0.1463	
247	60	114	0.2429	0.4615	
194	25	57	0.1289	0.2938	
215	29	59	0.1349	0.2744	
364	68	122	0.1868	0.3352	
308	52	91	0.1688	0.2955	
601	86	203	0.1431	0.3378	
279	24	55	0.086	0.1971	
273	70	124	0.2564	0.4542	
126	24	53	0.1905	0.4206	
262	50	100	0.1908	0.3817	
321	29	43	0.0903	0.134	
474	124	237	0.2616	0.5	
74	18	33	0.2432	0.4459	
171	63	74	0.3684	0.4327	
355	59	120	0.1662	0.338	
162	48	70	0.2963	0.4321	
180	56	102	0.3111	0.5667	
63	14	22	0.2222	0.3492	
217	31	84	0.1429	0.3871	
335	61	115	0.1821	0.3433	
258	44	74	0.1705	0.2868	
256	62	113	0.2422	0.4414	
380	71	131	0.1868	0.3447	
261	32	52	0.1226	0.1992	
74	41	49	0.5541	0.6622	
133	17	26	0.1278	0.1955	
328	65	145	0.1982	0.4421	
129	27	56	0.2093	0.4341	
118	8	8	0.0678	0.0678	
104	10	16	0.0962	0.1538	
120	18	32	0.15	0.2667	
173	39	66	0.2254	0.3815	
411	78	173	0.1898	0.4209	
381	90	161	0.2362	0.4226	
165	25	64	0.1515	0.3879	
103	37	62	0.3592	0.6019	
384	81	152	0.2109	0.3958	
607	86	202	0.1417	0.3328	
432	84	170	0.1944	0.3935	
253	55	110	0.2174	0.4348	
115	18	37	0.1565	0.3217	
127	22	39	0.1732	0.3071	
402	66	111	0.1642	0.2761	
170	41	73	0.2412	0.4294	
386	92	159	0.2383	0.4119	
245	25	47	0.102	0.1918	
113	24	47	0.2124	0.4159	
552	163	260	0.2953	0.471	
263	57	108	0.2167	0.4106	
664	109	201	0.1642	0.3027	
112	13	19	0.1161	0.1696	
269	55	113	0.2045	0.4201	
408	44	117	0.1078	0.2868	
177	51	81	0.2881	0.4576	
607	117	238	0.1928	0.3921	
1162	216	408	0.1859	0.3511	
156	38	70	0.2436	0.4487	
619	113	236	0.1826	0.3813	
68	12	17	0.1765	0.25	
308	51	111	0.1656	0.3604	
418	39	69	0.0933	0.1651	
302	39	106	0.1291	0.351	
200	28	67	0.14	0.335	
436	31	64	0.0711	0.1468	
253	39	88	0.1542	0.3478	
329	54	116	0.1641	0.3526	
921	175	312	0.19	0.3388	
258	62	102	0.2403	0.3953	
75	20	25	0.2667	0.3333	
358	56	123	0.1564	0.3436	
249	39	88	0.1566	0.3534	
85	23	39	0.2706	0.4588	
57	2	2	0.0351	0.0351	
480	41	97	0.0854	0.2021	
301	50	106	0.1661	0.3522	
470	79	165	0.1681	0.3511	
268	25	48	0.0933	0.1791	
691	111	223	0.1606	0.3227	
157	32	62	0.2038	0.3949	
446	96	188	0.2152	0.4215	
342	57	97	0.1667	0.2836	
479	76	168	0.1587	0.3507	
662	50	123	0.0755	0.1858	
114	36	63	0.3158	0.5526	
653	98	204	0.1501	0.3124	
343	49	118	0.1429	0.344	
57	7	10	0.1228	0.1754	
486	82	167	0.1687	0.3436	
414	76	156	0.1836	0.3768	
410	68	139	0.1659	0.339	
232	50	94	0.2155	0.4052	
348	43	106	0.1236	0.3046	
250	49	69	0.196	0.276	
355	56	119	0.1577	0.3352	
83	12	18	0.1446	0.2169	
190	39	73	0.2053	0.3842	
88	13	31	0.1477	0.3523	
71	6	10	0.0845	0.1408	
428	78	144	0.1822	0.3364	
40	3	4	0.075	0.1	
519	87	176	0.1676	0.3391	
35	2	2	0.0571	0.0571	
325	52	92	0.16	0.2831	
488	44	99	0.0902	0.2029	
340	118	150	0.3471	0.4412	
403	45	102	0.1117	0.2531	
452	57	125	0.1261	0.2765	
279	59	110	0.2115	0.3943	
448	93	199	0.2076	0.4442	
199	36	62	0.1809	0.3116	
189	12	31	0.0635	0.164	
412	107	229	0.2597	0.5558	
118	14	19	0.1186	0.161	
104	15	38	0.1442	0.3654	
234	72	96	0.3077	0.4103	
250	59	109	0.236	0.436	
445	63	129	0.1416	0.2899	
59	6	8	0.1017	0.1356	
256	55	104	0.2148	0.4062	
272	55	106	0.2022	0.3897	
221	53	91	0.2398	0.4118	
149	41	55	0.2752	0.3691	
643	141	279	0.2193	0.4339	
327	41	76	0.1254	0.2324	
250	40	90	0.16	0.36	
623	95	189	0.1525	0.3034	
610	73	155	0.1197	0.2541	
57	2	5	0.0351	0.0877	
357	81	151	0.2269	0.423	
182	45	85	0.2473	0.467	
71	7	15	0.0986	0.2113	
223	49	98	0.2197	0.4395	
207	32	63	0.1546	0.3043	
186	36	68	0.1935	0.3656	
681	88	185	0.1292	0.2717	
279	60	114	0.2151	0.4086	
130	27	48	0.2077	0.3692	
86	33	49	0.3837	0.5698	
246	73	136	0.2967	0.5528	
392	80	162	0.2041	0.4133	
208	48	94	0.2308	0.4519	
294	39	78	0.1327	0.2653	
135	13	20	0.0963	0.1481	
608	121	242	0.199	0.398	
160	33	67	0.2062	0.4188	
297	69	142	0.2323	0.4781	
182	20	64	0.1099	0.3516	
372	80	142	0.2151	0.3817	
296	46	83	0.1554	0.2804	
602	92	197	0.1528	0.3272	
312	52	102	0.1667	0.3269	
208	11	26	0.0529	0.125	
345	72	141	0.2087	0.4087	
259	40	84	0.1544	0.3243	
295	35	76	0.1186	0.2576	
444	82	147	0.1847	0.3311	
510	96	201	0.1882	0.3941	
161	36	62	0.2236	0.3851	
150	25	41	0.1667	0.2733	
456	56	89	0.1228	0.1952	
98	8	15	0.0816	0.1531	
201	46	68	0.2289	0.3383	
571	123	236	0.2154	0.4133	
439	69	128	0.1572	0.2916	
372	67	139	0.1801	0.3737	
418	86	161	0.2057	0.3852	
128	13	22	0.1016	0.1719	
119	24	49	0.2017	0.4118	
138	26	58	0.1884	0.4203	
310	40	76	0.129	0.2452	
141	39	60	0.2766	0.4255	
523	96	186	0.1836	0.3556	
83	16	30	0.1928	0.3614	
230	59	107	0.2565	0.4652	
331	79	141	0.2387	0.426	
288	53	97	0.184	0.3368	
278	67	119	0.241	0.4281	
558	106	240	0.19	0.4301	
55	10	28	0.1818	0.5091	
204	47	101	0.2304	0.4951	
461	51	93	0.1106	0.2017	
762	202	335	0.2651	0.4396	
300	66	130	0.22	0.4333	
411	67	142	0.163	0.3455	
156	34	62	0.2179	0.3974	
416	54	116	0.1298	0.2788	
451	80	163	0.1774	0.3614	
213	69	119	0.3239	0.5587	
501	90	177	0.1796	0.3533	
259	62	112	0.2394	0.4324	
689	148	308	0.2148	0.447	
146	11	36	0.0753	0.2466	
159	21	49	0.1321	0.3082	
298	57	116	0.1913	0.3893	
271	55	101	0.203	0.3727	
136	20	44	0.1471	0.3235	
323	37	105	0.1146	0.3251	
99	7	15	0.0707	0.1515	
448	41	98	0.0915	0.2188	
124	19	49	0.1532	0.3952	
237	34	73	0.1435	0.308	
184	32	75	0.1739	0.4076	
431	86	160	0.1995	0.3712	
602	131	251	0.2176	0.4169	
150	21	43	0.14	0.2867	
247	56	98	0.2267	0.3968	
511	106	236	0.2074	0.4618	
848	173	361	0.204	0.4257	
251	34	87	0.1355	0.3466	
350	51	81	0.1457	0.2314	
151	58	89	0.3841	0.5894	
115	27	47	0.2348	0.4087	
311	62	140	0.1994	0.4502	
96	20	38	0.2083	0.3958	
461	79	170	0.1714	0.3688	
602	117	215	0.1944	0.3571	
243	31	66	0.1276	0.2716	
129	24	39	0.186	0.3023	
215	45	100	0.2093	0.4651	
281	56	114	0.1993	0.4057	
329	74	129	0.2249	0.3921	
577	63	133	0.1092	0.2305	
258	46	94	0.1783	0.3643	
189	61	100	0.3228	0.5291	
363	64	133	0.1763	0.3664	
350	110	175	0.3143	0.5	
480	81	184	0.1688	0.3833	
453	45	81	0.0993	0.1788	
71	9	14	0.1268	0.1972	
356	82	152	0.2303	0.427	
321	82	139	0.2555	0.433	
353	41	97	0.1161	0.2748	
386	90	162	0.2332	0.4197	
179	65	105	0.3631	0.5866	
