282	66	125	0.234	0.4433	
256	60	113	0.2344	0.4414	
422	44	103	0.1043	0.2441	
280	66	119	0.2357	0.425	
396	73	163	0.1843	0.4116	
356	72	141	0.2022	0.3961	
282	54	99	0.1915	0.3511	
219	37	70	0.1689	0.3196	
62	16	34	0.2581	0.5484	
588	125	244	0.2126	0.415	
197	33	80	0.1675	0.4061	
269	39	96	0.145	0.3569	
291	51	98	0.1753	0.3368	
310	62	113	0.2	0.3645	
149	56	79	0.3758	0.5302	
280	45	108	0.1607	0.3857	
633	120	243	0.1896	0.3839	
343	37	88	0.1079	0.2566	
151	23	52	0.1523	0.3444	
235	49	91	0.2085	0.3872	
267	53	103	0.1985	0.3858	
346	55	132	0.159	0.3815	
953	184	381	0.1931	0.3998	
405	96	164	0.237	0.4049	
43	16	23	0.3721	0.5349	
453	87	189	0.1921	0.4172	
209	28	64	0.134	0.3062	
334	83	154	0.2485	0.4611	
415	77	158	0.1855	0.3807	
459	93	187	0.2026	0.4074	
366	65	145	0.1776	0.3962	
571	130	267	0.2277	0.4676	
2271	1834	1994	0.8076	0.878	
166	34	52	0.2048	0.3133	
34	2	2	0.0588	0.0588	
274	55	111	0.2007	0.4051	
383	47	118	0.1227	0.3081	
271	24	50	0.0886	0.1845	
183	19	41	0.1038	0.224	
459	64	159	0.1394	0.3464	
132	33	57	0.25	0.4318	
189	45	76	0.2381	0.4021	
140	17	35	0.1214	0.25	
51	3	9	0.0588	0.1765	
525	102	255	0.1943	0.4857	
302	57	114	0.1887	0.3775	
176	29	72	0.1648	0.4091	
275	42	95	0.1527	0.3455	
31	4	8	0.129	0.2581	
300	64	141	0.2133	0.47	
126	52	77	0.4127	0.6111	
330	59	132	0.1788	0.4	
220	36	71	0.1636	0.3227	
225	34	78	0.1511	0.3467	
456	34	93	0.0746	0.2039	
280	62	130	0.2214	0.4643	
119	41	56	0.3445	0.4706	
234	59	92	0.2521	0.3932	
231	105	149	0.4545	0.645	
159	30	55	0.1887	0.3459	
48	2	4	0.0417	0.0833	
995	578	710	0.5809	0.7136	
237	41	82	0.173	0.346	
104	21	38	0.2019	0.3654	
388	97	171	0.25	0.4407	
239	46	86	0.1925	0.3598	
299	38	100	0.1271	0.3344	
332	72	155	0.2169	0.4669	
87	17	26	0.1954	0.2989	
364	52	132	0.1429	0.3626	
241	75	117	0.3112	0.4855	
35	2	3	0.0571	0.0857	
64	5	10	0.0781	0.1562	
272	43	85	0.1581	0.3125	
146	26	52	0.1781	0.3562	
35	4	5	0.1143	0.1429	
272	42	76	0.1544	0.2794	
180	31	56	0.1722	0.3111	
151	43	79	0.2848	0.5232	
289	47	99	0.1626	0.3426	
39	14	20	0.359	0.5128	
117	15	26	0.1282	0.2222	
516	134	219	0.2597	0.4244	
71	26	32	0.3662	0.4507	
262	46	95	0.1756	0.3626	
103	10	18	0.0971	0.1748	
85	30	41	0.3529	0.4824	
480	91	170	0.1896	0.3542	
163	14	31	0.0859	0.1902	
401	66	141	0.1646	0.3516	
701	142	280	0.2026	0.3994	
395	73	137	0.1848	0.3468	
133	30	41	0.2256	0.3083	
264	50	98	0.1894	0.3712	
226	16	43	0.0708	0.1903	
37	9	18	0.2432	0.4865	
409	42	77	0.1027	0.1883	
739	98	182	0.1326	0.2463	
305	36	102	0.118	0.3344	
436	79	173	0.1812	0.3968	
301	47	90	0.1561	0.299	
209	16	22	0.0766	0.1053	
587	84	165	0.1431	0.2811	
256	21	48	0.082	0.1875	
366	66	129	0.1803	0.3525	
220	36	59	0.1636	0.2682	
504	82	162	0.1627	0.3214	
144	55	73	0.3819	0.5069	
285	57	122	0.2	0.4281	
481	140	259	0.2911	0.5385	
425	43	89	0.1012	0.2094	
394	74	172	0.1878	0.4365	
357	45	78	0.1261	0.2185	
495	101	189	0.204	0.3818	
58	3	7	0.0517	0.1207	
159	38	72	0.239	0.4528	
479	65	129	0.1357	0.2693	
325	37	95	0.1138	0.2923	
306	60	108	0.1961	0.3529	
30	4	4	0.1333	0.1333	
388	82	161	0.2113	0.4149	
253	37	85	0.1462	0.336	
325	47	111	0.1446	0.3415	
341	78	137	0.2287	0.4018	
418	28	42	0.067	0.1005	
498	70	164	0.1406	0.3293	
418	63	146	0.1507	0.3493	
107	17	28	0.1589	0.2617	
130	39	60	0.3	0.4615	
60	8	11	0.1333	0.1833	
749	160	288	0.2136	0.3845	
120	11	31	0.0917	0.2583	
267	137	191	0.5131	0.7154	
188	30	74	0.1596	0.3936	
367	78	166	0.2125	0.4523	
67	23	36	0.3433	0.5373	
204	33	66	0.1618	0.3235	
35	3	6	0.0857	0.1714	
47	17	22	0.3617	0.4681	
201	32	77	0.1592	0.3831	
395	74	152	0.1873	0.3848	
140	14	35	0.1	0.25	
30	29	30	0.9667	1.0	
61	3	3	0.0492	0.0492	
457	128	225	0.2801	0.4923	
264	31	73	0.1174	0.2765	
194	15	38	0.0773	0.1959	
275	62	97	0.2255	0.3527	
664	87	155	0.131	0.2334	
63	12	28	0.1905	0.4444	
917	657	730	0.7165	0.7961	
237	55	105	0.2321	0.443	
58	7	10	0.1207	0.1724	
200	32	62	0.16	0.31	
509	78	166	0.1532	0.3261	
691	131	257	0.1896	0.3719	
321	62	113	0.1931	0.352	
109	28	32	0.2569	0.2936	
35	2	4	0.0571	0.1143	
242	39	63	0.1612	0.2603	
228	41	92	0.1798	0.4035	
494	81	170	0.164	0.3441	
444	110	220	0.2477	0.4955	
227	19	45	0.0837	0.1982	
569	130	282	0.2285	0.4956	
103	21	42	0.2039	0.4078	
167	29	68	0.1737	0.4072	
154	65	93	0.4221	0.6039	
316	59	111	0.1867	0.3513	
114	7	17	0.0614	0.1491	
581	107	221	0.1842	0.3804	
82	16	33	0.1951	0.4024	
111	16	35	0.1441	0.3153	
543	66	147	0.1215	0.2707	
75	12	17	0.16	0.2267	
238	35	71	0.1471	0.2983	
415	114	178	0.2747	0.4289	
137	26	56	0.1898	0.4088	
560	54	110	0.0964	0.1964	
224	41	87	0.183	0.3884	
275	62	120	0.2255	0.4364	
42	7	7	0.1667	0.1667	
105	52	67	0.4952	0.6381	
272	51	112	0.1875	0.4118	
148	27	47	0.1824	0.3176	
340	62	131	0.1824	0.3853	
247	36	71	0.1457	0.2874	
84	29	52	0.3452	0.619	
157	25	36	0.1592	0.2293	
114	12	37	0.1053	0.3246	
242	44	83	0.1818	0.343	
180	38	62	0.2111	0.3444	
208	49	77	0.2356	0.3702	
38	2	2	0.0526	0.0526	
58	21	41	0.3621	0.7069	
34	15	21	0.4412	0.6176	
409	48	91	0.1174	0.2225	
351	74	143	0.2108	0.4074	
557	123	223	0.2208	0.4004	
302	27	67	0.0894	0.2219	
393	75	155	0.1908	0.3944	
229	61	109	0.2664	0.476	
185	20	40	0.1081	0.2162	
1207	248	479	0.2055	0.3969	
356	76	145	0.2135	0.4073	
599	123	219	0.2053	0.3656	
548	45	103	0.0821	0.188	
398	92	170	0.2312	0.4271	
192	28	69	0.1458	0.3594	
802	152	323	0.1895	0.4027	
244	38	79	0.1557	0.3238	
769	373	461	0.485	0.5995	
53	4	5	0.0755	0.0943	
160	14	21	0.0875	0.1313	
527	115	210	0.2182	0.3985	
233	53	105	0.2275	0.4506	
315	69	151	0.219	0.4794	
33	2	2	0.0606	0.0606	
484	56	125	0.1157	0.2583	
62	18	30	0.2903	0.4839	
246	31	57	0.126	0.2317	
490	89	187	0.1816	0.3816	
61	20	37	0.3279	0.6066	
125	28	42	0.224	0.336	
304	65	124	0.2138	0.4079	
220	34	83	0.1545	0.3773	
517	84	177	0.1625	0.3424	
472	45	105	0.0953	0.2225	
540	88	170	0.163	0.3148	
608	72	153	0.1184	0.2516	
801	89	179	0.1111	0.2235	
298	67	120	0.2248	0.4027	
34	2	3	0.0588	0.0882	
102	14	17	0.1373	0.1667	
40	7	16	0.175	0.4	
422	107	190	0.2536	0.4502	
297	57	126	0.1919	0.4242	
73	16	37	0.2192	0.5068	
681	111	218	0.163	0.3201	
1183	262	526	0.2215	0.4446	
322	36	66	0.1118	0.205	
156	90	102	0.5769	0.6538	
295	53	107	0.1797	0.3627	
37	3	3	0.0811	0.0811	
114	23	43	0.2018	0.3772	
226	23	51	0.1018	0.2257	
124	19	33	0.1532	0.2661	
133	56	64	0.4211	0.4812	
57	7	10	0.1228	0.1754	
433	78	139	0.1801	0.321	
369	75	141	0.2033	0.3821	
62	5	10	0.0806	0.1613	
150	26	58	0.1733	0.3867	
253	36	80	0.1423	0.3162	
69	7	11	0.1014	0.1594	
430	74	156	0.1721	0.3628	
79	17	20	0.2152	0.2532	
133	34	56	0.2556	0.4211	
155	27	46	0.1742	0.2968	
231	42	80	0.1818	0.3463	
77	35	40	0.4545	0.5195	
500	108	219	0.216	0.438	
527	54	115	0.1025	0.2182	
315	50	101	0.1587	0.3206	
331	29	57	0.0876	0.1722	
382	76	156	0.199	0.4084	
233	107	139	0.4592	0.5966	
207	26	46	0.1256	0.2222	
237	23	42	0.097	0.1772	
84	7	10	0.0833	0.119	
358	56	115	0.1564	0.3212	
206	33	75	0.1602	0.3641	
32	13	15	0.4062	0.4688	
502	93	188	0.1853	0.3745	
392	71	147	0.1811	0.375	
156	18	51	0.1154	0.3269	
118	10	16	0.0847	0.1356	
288	60	108	0.2083	0.375	
30	3	3	0.1	0.1	
222	38	93	0.1712	0.4189	
570	74	164	0.1298	0.2877	
96	7	9	0.0729	0.0938	
273	51	103	0.1868	0.3773	
195	13	27	0.0667	0.1385	
131	31	56	0.2366	0.4275	
105	8	13	0.0762	0.1238	
146	27	52	0.1849	0.3562	
224	34	78	0.1518	0.3482	
223	33	66	0.148	0.296	
140	13	25	0.0929	0.1786	
1256	457	685	0.3639	0.5454	
278	22	44	0.0791	0.1583	
287	43	94	0.1498	0.3275	
347	48	81	0.1383	0.2334	
265	39	96	0.1472	0.3623	
226	37	79	0.1637	0.3496	
412	70	144	0.1699	0.3495	
162	12	27	0.0741	0.1667	
446	82	172	0.1839	0.3857	
411	77	167	0.1873	0.4063	
96	6	15	0.0625	0.1562	
449	63	132	0.1403	0.294	
317	53	94	0.1672	0.2965	
1261	235	465	0.1864	0.3688	
450	112	224	0.2489	0.4978	
253	38	59	0.1502	0.2332	
392	42	95	0.1071	0.2423	
381	88	170	0.231	0.4462	
381	76	141	0.1995	0.3701	
95	24	53	0.2526	0.5579	
416	59	115	0.1418	0.2764	
40	5	5	0.125	0.125	
114	20	29	0.1754	0.2544	
179	45	63	0.2514	0.352	
475	51	107	0.1074	0.2253	
530	80	183	0.1509	0.3453	
57	13	21	0.2281	0.3684	
452	76	186	0.1681	0.4115	
166	43	82	0.259	0.494	
73	25	37	0.3425	0.5068	
132	24	53	0.1818	0.4015	
98	2	3	0.0204	0.0306	
271	31	80	0.1144	0.2952	
379	93	179	0.2454	0.4723	
513	94	210	0.1832	0.4094	
801	146	338	0.1823	0.422	
145	35	47	0.2414	0.3241	
698	126	242	0.1805	0.3467	
107	18	44	0.1682	0.4112	
165	30	59	0.1818	0.3576	
322	59	130	0.1832	0.4037	
221	44	104	0.1991	0.4706	
32	4	4	0.125	0.125	
361	14	39	0.0388	0.108	
245	47	102	0.1918	0.4163	
81	18	43	0.2222	0.5309	
108	19	48	0.1759	0.4444	
184	26	39	0.1413	0.212	
50	19	24	0.38	0.48	
591	135	271	0.2284	0.4585	
278	26	62	0.0935	0.223	
825	178	326	0.2158	0.3952	
119	19	35	0.1597	0.2941	
365	82	172	0.2247	0.4712	
53	7	11	0.1321	0.2075	
303	34	69	0.1122	0.2277	
142	23	42	0.162	0.2958	
397	72	155	0.1814	0.3904	
217	24	44	0.1106	0.2028	
430	40	76	0.093	0.1767	
1055	160	290	0.1517	0.2749	
209	37	70	0.177	0.3349	
255	75	123	0.2941	0.4824	
131	65	69	0.4962	0.5267	
65	10	18	0.1538	0.2769	
286	45	113	0.1573	0.3951	
322	58	124	0.1801	0.3851	
306	43	93	0.1405	0.3039	
56	5	7	0.0893	0.125	
277	87	179	0.3141	0.6462	
402	28	53	0.0697	0.1318	
235	34	90	0.1447	0.383	
308	63	130	0.2045	0.4221	
351	32	70	0.0912	0.1994	
164	29	70	0.1768	0.4268	
71	13	23	0.1831	0.3239	
52	3	3	0.0577	0.0577	
209	13	31	0.0622	0.1483	
34	2	2	0.0588	0.0588	
296	35	74	0.1182	0.25	
155	29	52	0.1871	0.3355	
657	89	190	0.1355	0.2892	
146	28	60	0.1918	0.411	
139	13	29	0.0935	0.2086	
77	4	7	0.0519	0.0909	
67	4	9	0.0597	0.1343	
333	60	127	0.1802	0.3814	
462	46	83	0.0996	0.1797	
184	34	49	0.1848	0.2663	
437	76	176	0.1739	0.4027	
92	19	24	0.2065	0.2609	
275	51	128	0.1855	0.4655	
412	68	175	0.165	0.4248	
123	26	48	0.2114	0.3902	
113	15	33	0.1327	0.292	
131	8	25	0.0611	0.1908	
343	66	140	0.1924	0.4082	
116	24	48	0.2069	0.4138	
327	56	99	0.1713	0.3028	
47	3	6	0.0638	0.1277	
476	42	96	0.0882	0.2017	
293	39	83	0.1331	0.2833	
80	9	18	0.1125	0.225	
100	17	33	0.17	0.33	
178	34	73	0.191	0.4101	
497	55	134	0.1107	0.2696	
34	6	8	0.1765	0.2353	
249	20	45	0.0803	0.1807	
325	47	96	0.1446	0.2954	
50	3	3	0.06	0.06	
296	70	111	0.2365	0.375	
371	72	146	0.1941	0.3935	
57	3	5	0.0526	0.0877	
266	51	76	0.1917	0.2857	
120	38	53	0.3167	0.4417	
387	42	89	0.1085	0.23	
49	11	17	0.2245	0.3469	
370	40	108	0.1081	0.2919	
142	22	48	0.1549	0.338	
570	86	209	0.1509	0.3667	
522	55	120	0.1054	0.2299	
868	124	272	0.1429	0.3134	
495	91	181	0.1838	0.3657	
422	55	102	0.1303	0.2417	
116	34	58	0.2931	0.5	
56	5	7	0.0893	0.125	
306	39	92	0.1275	0.3007	
50	12	12	0.24	0.24	
217	54	94	0.2488	0.4332	
356	42	83	0.118	0.2331	
114	30	37	0.2632	0.3246	
207	54	106	0.2609	0.5121	
187	111	133	0.5936	0.7112	
498	99	209	0.1988	0.4197	
279	165	206	0.5914	0.7384	
200	23	47	0.115	0.235	
279	44	89	0.1577	0.319	
372	70	151	0.1882	0.4059	
61	18	21	0.2951	0.3443	
228	38	73	0.1667	0.3202	
161	41	74	0.2547	0.4596	
178	23	49	0.1292	0.2753	
238	42	86	0.1765	0.3613	
294	41	91	0.1395	0.3095	
178	25	56	0.1404	0.3146	
251	29	57	0.1155	0.2271	
74	2	2	0.027	0.027	
262	39	85	0.1489	0.3244	
255	40	102	0.1569	0.4	
94	31	53	0.3298	0.5638	
302	50	112	0.1656	0.3709	
197	33	56	0.1675	0.2843	
31	13	15	0.4194	0.4839	
283	58	102	0.2049	0.3604	
83	17	28	0.2048	0.3373	
94	12	29	0.1277	0.3085	
200	18	34	0.09	0.17	
374	65	130	0.1738	0.3476	
69	9	23	0.1304	0.3333	
1009	97	197	0.0961	0.1952	
300	62	137	0.2067	0.4567	
396	86	150	0.2172	0.3788	
236	51	89	0.2161	0.3771	
74	13	22	0.1757	0.2973	
234	44	84	0.188	0.359	
313	51	120	0.1629	0.3834	
238	52	92	0.2185	0.3866	
366	78	147	0.2131	0.4016	
466	67	158	0.1438	0.3391	
688	101	217	0.1468	0.3154	
181	39	52	0.2155	0.2873	
266	54	104	0.203	0.391	
40	9	10	0.225	0.25	
286	49	92	0.1713	0.3217	
475	88	171	0.1853	0.36	
308	53	116	0.1721	0.3766	
557	126	228	0.2262	0.4093	
105	17	35	0.1619	0.3333	
374	73	139	0.1952	0.3717	
460	86	153	0.187	0.3326	
229	16	30	0.0699	0.131	
104	15	20	0.1442	0.1923	
163	54	80	0.3313	0.4908	
214	12	17	0.0561	0.0794	
457	91	186	0.1991	0.407	
115	19	31	0.1652	0.2696	
33	9	19	0.2727	0.5758	
240	47	101	0.1958	0.4208	
185	24	41	0.1297	0.2216	
399	82	164	0.2055	0.411	
128	36	57	0.2812	0.4453	
198	38	86	0.1919	0.4343	
52	11	16	0.2115	0.3077	
41	2	3	0.0488	0.0732	
383	76	146	0.1984	0.3812	
340	206	241	0.6059	0.7088	
149	38	55	0.255	0.3691	
436	105	137	0.2408	0.3142	
135	28	40	0.2074	0.2963	
207	30	65	0.1449	0.314	
342	89	149	0.2602	0.4357	
897	165	307	0.1839	0.3423	
105	22	48	0.2095	0.4571	
110	17	31	0.1545	0.2818	
253	37	74	0.1462	0.2925	
697	140	251	0.2009	0.3601	
36	25	30	0.6944	0.8333	
369	75	141	0.2033	0.3821	
344	56	110	0.1628	0.3198	
81	6	12	0.0741	0.1481	
231	69	98	0.2987	0.4242	
151	12	39	0.0795	0.2583	
82	68	82	0.8293	1.0	
243	17	48	0.07	0.1975	
61	18	21	0.2951	0.3443	
140	23	55	0.1643	0.3929	
299	46	106	0.1538	0.3545	
86	20	37	0.2326	0.4302	
228	52	87	0.2281	0.3816	
246	22	47	0.0894	0.1911	
488	77	169	0.1578	0.3463	
243	23	54	0.0947	0.2222	
452	81	156	0.1792	0.3451	
110	23	47	0.2091	0.4273	
234	30	83	0.1282	0.3547	
118	19	38	0.161	0.322	
162	31	55	0.1914	0.3395	
142	20	35	0.1408	0.2465	
221	39	79	0.1765	0.3575	
246	44	97	0.1789	0.3943	
452	49	88	0.1084	0.1947	
302	35	56	0.1159	0.1854	
297	35	51	0.1178	0.1717	
219	36	80	0.1644	0.3653	
134	31	63	0.2313	0.4701	
450	118	199	0.2622	0.4422	
196	36	83	0.1837	0.4235	
102	13	16	0.1275	0.1569	
403	87	166	0.2159	0.4119	
140	27	38	0.1929	0.2714	
37	11	15	0.2973	0.4054	
210	38	83	0.181	0.3952	
186	23	61	0.1237	0.328	
562	106	221	0.1886	0.3932	
126	20	41	0.1587	0.3254	
318	66	120	0.2075	0.3774	
215	33	67	0.1535	0.3116	
311	57	126	0.1833	0.4051	
118	25	45	0.2119	0.3814	
390	100	158	0.2564	0.4051	
546	118	224	0.2161	0.4103	
33	14	17	0.4242	0.5152	
93	28	45	0.3011	0.4839	
30	5	6	0.1667	0.2	
38	2	2	0.0526	0.0526	
106	34	47	0.3208	0.4434	
42	3	5	0.0714	0.119	
379	69	151	0.1821	0.3984	
326	64	140	0.1963	0.4294	
348	65	125	0.1868	0.3592	
283	48	104	0.1696	0.3675	
154	19	40	0.1234	0.2597	
323	49	110	0.1517	0.3406	
61	19	27	0.3115	0.4426	
149	57	89	0.3826	0.5973	
36	2	4	0.0556	0.1111	
185	42	82	0.227	0.4432	
227	18	35	0.0793	0.1542	
876	132	284	0.1507	0.3242	
97	17	30	0.1753	0.3093	
201	40	79	0.199	0.393	
459	58	131	0.1264	0.2854	
278	19	42	0.0683	0.1511	
273	56	109	0.2051	0.3993	
61	13	18	0.2131	0.2951	
62	16	26	0.2581	0.4194	
380	66	127	0.1737	0.3342	
64	4	8	0.0625	0.125	
230	52	105	0.2261	0.4565	
118	22	44	0.1864	0.3729	
554	117	221	0.2112	0.3989	
64	7	14	0.1094	0.2188	
73	29	44	0.3973	0.6027	
301	27	56	0.0897	0.186	
352	74	140	0.2102	0.3977	
104	9	13	0.0865	0.125	
609	66	143	0.1084	0.2348	
494	109	209	0.2206	0.4231	
30	27	30	0.9	1.0	
302	51	115	0.1689	0.3808	
49	10	21	0.2041	0.4286	
190	36	83	0.1895	0.4368	
168	30	57	0.1786	0.3393	
545	97	201	0.178	0.3688	
75	15	30	0.2	0.4	
285	57	100	0.2	0.3509	
293	37	72	0.1263	0.2457	
363	80	113	0.2204	0.3113	
288	48	97	0.1667	0.3368	
351	48	91	0.1368	0.2593	
215	32	76	0.1488	0.3535	
35	7	8	0.2	0.2286	
185	37	79	0.2	0.427	
283	54	113	0.1908	0.3993	
253	24	60	0.0949	0.2372	
139	40	57	0.2878	0.4101	
397	73	162	0.1839	0.4081	
124	24	52	0.1935	0.4194	
317	67	149	0.2114	0.47	
70	12	24	0.1714	0.3429	
150	12	25	0.08	0.1667	
107	18	41	0.1682	0.3832	
69	13	31	0.1884	0.4493	
223	25	52	0.1121	0.2332	
113	18	34	0.1593	0.3009	
378	72	129	0.1905	0.3413	
431	65	146	0.1508	0.3387	
268	41	64	0.153	0.2388	
80	12	24	0.15	0.3	
247	34	86	0.1377	0.3482	
252	51	112	0.2024	0.4444	
319	81	142	0.2539	0.4451	
172	30	58	0.1744	0.3372	
160	43	69	0.2687	0.4313	
35	35	35	1.0	1.0	
86	8	14	0.093	0.1628	
614	162	244	0.2638	0.3974	
403	40	99	0.0993	0.2457	
116	15	26	0.1293	0.2241	
355	83	144	0.2338	0.4056	
505	226	261	0.4475	0.5168	
203	29	63	0.1429	0.3103	
328	56	133	0.1707	0.4055	
475	88	179	0.1853	0.3768	
128	15	22	0.1172	0.1719	
202	40	78	0.198	0.3861	
328	61	145	0.186	0.4421	
86	14	18	0.1628	0.2093	
358	66	140	0.1844	0.3911	
88	30	45	0.3409	0.5114	
202	41	83	0.203	0.4109	
269	47	91	0.1747	0.3383	
102	19	39	0.1863	0.3824	
251	59	92	0.2351	0.3665	
607	148	262	0.2438	0.4316	
57	6	13	0.1053	0.2281	
366	67	156	0.1831	0.4262	
121	20	39	0.1653	0.3223	
189	37	83	0.1958	0.4392	
380	48	88	0.1263	0.2316	
450	39	70	0.0867	0.1556	
82	13	26	0.1585	0.3171	
117	24	40	0.2051	0.3419	
275	52	108	0.1891	0.3927	
233	41	73	0.176	0.3133	
403	44	72	0.1092	0.1787	
42	2	5	0.0476	0.119	
451	74	175	0.1641	0.388	
269	75	120	0.2788	0.4461	
55	12	22	0.2182	0.4	
380	73	167	0.1921	0.4395	
336	60	138	0.1786	0.4107	
204	22	45	0.1078	0.2206	
166	32	52	0.1928	0.3133	
363	66	138	0.1818	0.3802	
305	75	131	0.2459	0.4295	
340	85	158	0.25	0.4647	
429	74	175	0.1725	0.4079	
186	18	35	0.0968	0.1882	
39	3	7	0.0769	0.1795	
114	34	50	0.2982	0.4386	
97	14	25	0.1443	0.2577	
416	31	62	0.0745	0.149	
807	167	338	0.2069	0.4188	
463	49	80	0.1058	0.1728	
267	69	130	0.2584	0.4869	
78	6	13	0.0769	0.1667	
230	53	97	0.2304	0.4217	
116	39	45	0.3362	0.3879	
403	51	124	0.1266	0.3077	
840	94	207	0.1119	0.2464	
328	64	126	0.1951	0.3841	
77	12	13	0.1558	0.1688	
498	87	188	0.1747	0.3775	
308	154	185	0.5	0.6006	
167	28	52	0.1677	0.3114	
239	74	137	0.3096	0.5732	
276	58	102	0.2101	0.3696	
667	125	256	0.1874	0.3838	
107	17	30	0.1589	0.2804	
266	41	90	0.1541	0.3383	
121	9	18	0.0744	0.1488	
213	60	98	0.2817	0.4601	
269	32	50	0.119	0.1859	
77	16	32	0.2078	0.4156	
372	75	145	0.2016	0.3898	
282	56	110	0.1986	0.3901	
616	111	250	0.1802	0.4058	
254	39	84	0.1535	0.3307	
231	69	109	0.2987	0.4719	
329	61	133	0.1854	0.4043	
239	75	137	0.3138	0.5732	
122	10	17	0.082	0.1393	
536	86	190	0.1604	0.3545	
473	97	189	0.2051	0.3996	
104	15	41	0.1442	0.3942	
204	36	79	0.1765	0.3873	
241	71	113	0.2946	0.4689	
430	146	215	0.3395	0.5	
431	51	97	0.1183	0.2251	
131	21	46	0.1603	0.3511	
402	41	81	0.102	0.2015	
384	84	152	0.2188	0.3958	
203	82	115	0.4039	0.5665	
174	25	59	0.1437	0.3391	
96	14	18	0.1458	0.1875	
85	6	10	0.0706	0.1176	
56	13	25	0.2321	0.4464	
353	67	133	0.1898	0.3768	
246	37	91	0.1504	0.3699	
97	13	25	0.134	0.2577	
76	12	17	0.1579	0.2237	
414	46	85	0.1111	0.2053	
458	87	187	0.19	0.4083	
276	28	76	0.1014	0.2754	
310	47	108	0.1516	0.3484	
553	98	231	0.1772	0.4177	
532	99	214	0.1861	0.4023	
553	39	87	0.0705	0.1573	
274	28	52	0.1022	0.1898	
108	23	36	0.213	0.3333	
205	38	66	0.1854	0.322	
589	141	257	0.2394	0.4363	
336	49	90	0.1458	0.2679	
80	35	49	0.4375	0.6125	
72	6	7	0.0833	0.0972	
425	53	122	0.1247	0.2871	
86	8	14	0.093	0.1628	
58	9	13	0.1552	0.2241	
205	21	36	0.1024	0.1756	
271	86	141	0.3173	0.5203	
222	45	93	0.2027	0.4189	
26	4	4	0.1538	0.1538	
997	178	363	0.1785	0.3641	
229	29	59	0.1266	0.2576	
451	59	121	0.1308	0.2683	
457	96	186	0.2101	0.407	
293	66	133	0.2253	0.4539	
234	46	82	0.1966	0.3504	
416	63	113	0.1514	0.2716	
350	245	266	0.7	0.76	
191	17	43	0.089	0.2251	
111	17	34	0.1532	0.3063	
113	24	51	0.2124	0.4513	
579	108	220	0.1865	0.38	
265	52	98	0.1962	0.3698	
207	43	94	0.2077	0.4541	
495	55	122	0.1111	0.2465	
178	30	69	0.1685	0.3876	
52	2	2	0.0385	0.0385	
289	68	110	0.2353	0.3806	
45	2	4	0.0444	0.0889	
142	23	48	0.162	0.338	
97	26	47	0.268	0.4845	
790	195	343	0.2468	0.4342	
86	4	9	0.0465	0.1047	
46	3	5	0.0652	0.1087	
66	6	11	0.0909	0.1667	
94	37	58	0.3936	0.617	
311	47	91	0.1511	0.2926	
91	10	17	0.1099	0.1868	
331	43	82	0.1299	0.2477	
139	20	33	0.1439	0.2374	
121	24	39	0.1983	0.3223	
324	78	138	0.2407	0.4259	
178	38	72	0.2135	0.4045	
374	76	137	0.2032	0.3663	
254	33	78	0.1299	0.3071	
60	6	7	0.1	0.1167	
99	2	3	0.0202	0.0303	
212	36	68	0.1698	0.3208	
324	52	125	0.1605	0.3858	
34	27	34	0.7941	1.0	
666	72	144	0.1081	0.2162	
350	34	74	0.0971	0.2114	
519	56	108	0.1079	0.2081	
197	51	98	0.2589	0.4975	
329	62	121	0.1884	0.3678	
505	128	229	0.2535	0.4535	
387	41	66	0.1059	0.1705	
442	57	125	0.129	0.2828	
394	72	151	0.1827	0.3832	
200	26	59	0.13	0.295	
166	47	79	0.2831	0.4759	
289	41	89	0.1419	0.308	
364	77	146	0.2115	0.4011	
772	353	476	0.4573	0.6166	
381	54	120	0.1417	0.315	
166	31	62	0.1867	0.3735	
586	125	224	0.2133	0.3823	
117	19	41	0.1624	0.3504	
63	49	60	0.7778	0.9524	
413	76	124	0.184	0.3002	
113	28	51	0.2478	0.4513	
205	29	63	0.1415	0.3073	
382	85	168	0.2225	0.4398	
231	46	83	0.1991	0.3593	
89	5	8	0.0562	0.0899	
157	19	30	0.121	0.1911	
80	8	24	0.1	0.3	
229	30	57	0.131	0.2489	
339	19	46	0.056	0.1357	
316	31	70	0.0981	0.2215	
87	15	22	0.1724	0.2529	
77	21	34	0.2727	0.4416	
193	36	49	0.1865	0.2539	
177	30	70	0.1695	0.3955	
213	39	72	0.1831	0.338	
31	2	2	0.0645	0.0645	
304	53	125	0.1743	0.4112	
470	82	176	0.1745	0.3745	
63	4	10	0.0635	0.1587	
240	81	131	0.3375	0.5458	
74	12	26	0.1622	0.3514	
615	131	263	0.213	0.4276	
352	66	131	0.1875	0.3722	
134	17	38	0.1269	0.2836	
106	24	42	0.2264	0.3962	
108	17	23	0.1574	0.213	
553	90	182	0.1627	0.3291	
207	35	70	0.1691	0.3382	
193	41	80	0.2124	0.4145	
514	100	187	0.1946	0.3638	
221	44	86	0.1991	0.3891	
151	35	69	0.2318	0.457	
448	93	180	0.2076	0.4018	
460	73	166	0.1587	0.3609	
116	25	34	0.2155	0.2931	
91	22	31	0.2418	0.3407	
570	94	207	0.1649	0.3632	
578	52	131	0.09	0.2266	
157	14	35	0.0892	0.2229	
36	8	11	0.2222	0.3056	
103	17	42	0.165	0.4078	
406	47	90	0.1158	0.2217	
427	76	171	0.178	0.4005	
176	33	66	0.1875	0.375	
327	75	129	0.2294	0.3945	
30	3	3	0.1	0.1	
642	87	189	0.1355	0.2944	
150	10	21	0.0667	0.14	
186	30	70	0.1613	0.3763	
131	7	11	0.0534	0.084	
643	75	122	0.1166	0.1897	
300	58	124	0.1933	0.4133	
412	47	101	0.1141	0.2451	
428	80	149	0.1869	0.3481	
33	2	3	0.0606	0.0909	
83	6	16	0.0723	0.1928	
95	11	30	0.1158	0.3158	
272	54	86	0.1985	0.3162	
184	36	67	0.1957	0.3641	
183	33	67	0.1803	0.3661	
627	101	195	0.1611	0.311	
224	28	54	0.125	0.2411	
370	55	124	0.1486	0.3351	
518	59	127	0.1139	0.2452	
303	51	107	0.1683	0.3531	
323	67	122	0.2074	0.3777	
522	89	189	0.1705	0.3621	
444	107	206	0.241	0.464	
435	67	116	0.154	0.2667	
308	26	68	0.0844	0.2208	
94	11	15	0.117	0.1596	
512	66	141	0.1289	0.2754	
246	46	98	0.187	0.3984	
193	55	82	0.285	0.4249	
312	59	120	0.1891	0.3846	
129	40	61	0.3101	0.4729	
346	64	125	0.185	0.3613	
35	14	15	0.4	0.4286	
335	50	120	0.1493	0.3582	
311	22	65	0.0707	0.209	
83	18	26	0.2169	0.3133	
191	17	35	0.089	0.1832	
747	188	301	0.2517	0.4029	
635	169	257	0.2661	0.4047	
88	21	36	0.2386	0.4091	
189	51	94	0.2698	0.4974	
36	12	17	0.3333	0.4722	
21	2	3	0.0952	0.1429	
63	4	6	0.0635	0.0952	
172	18	53	0.1047	0.3081	
686	130	265	0.1895	0.3863	
445	38	92	0.0854	0.2067	
166	39	77	0.2349	0.4639	
271	47	96	0.1734	0.3542	
209	126	131	0.6029	0.6268	
204	38	78	0.1863	0.3824	
165	21	53	0.1273	0.3212	
329	63	120	0.1915	0.3647	
455	80	142	0.1758	0.3121	
304	82	124	0.2697	0.4079	
399	108	177	0.2707	0.4436	
257	36	89	0.1401	0.3463	
66	10	24	0.1515	0.3636	
108	16	34	0.1481	0.3148	
59	13	24	0.2203	0.4068	
365	47	125	0.1288	0.3425	
461	66	135	0.1432	0.2928	
89	12	15	0.1348	0.1685	
90	15	25	0.1667	0.2778	
563	113	233	0.2007	0.4139	
151	27	54	0.1788	0.3576	
448	96	175	0.2143	0.3906	
313	50	108	0.1597	0.345	
170	18	23	0.1059	0.1353	
160	19	36	0.1187	0.225	
255	31	75	0.1216	0.2941	
78	14	37	0.1795	0.4744	
116	35	60	0.3017	0.5172	
74	25	51	0.3378	0.6892	
511	95	206	0.1859	0.4031	
47	3	4	0.0638	0.0851	
106	31	44	0.2925	0.4151	
86	6	8	0.0698	0.093	
333	69	137	0.2072	0.4114	
84	8	11	0.0952	0.131	
260	22	49	0.0846	0.1885	
374	20	53	0.0535	0.1417	
337	62	123	0.184	0.365	
669	164	285	0.2451	0.426	
227	66	104	0.2907	0.4581	
69	10	12	0.1449	0.1739	
467	89	153	0.1906	0.3276	
152	127	127	0.8355	0.8355	
294	66	144	0.2245	0.4898	
511	120	196	0.2348	0.3836	
47	18	27	0.383	0.5745	
185	28	58	0.1514	0.3135	
156	26	50	0.1667	0.3205	
88	13	34	0.1477	0.3864	
126	30	51	0.2381	0.4048	
317	99	147	0.3123	0.4637	
295	40	93	0.1356	0.3153	
116	11	25	0.0948	0.2155	
292	20	43	0.0685	0.1473	
283	44	89	0.1555	0.3145	
565	121	223	0.2142	0.3947	
183	25	57	0.1366	0.3115	
288	35	73	0.1215	0.2535	
307	40	88	0.1303	0.2866	
358	51	98	0.1425	0.2737	
68	9	16	0.1324	0.2353	
276	34	84	0.1232	0.3043	
260	19	55	0.0731	0.2115	
311	39	72	0.1254	0.2315	
32	2	2	0.0625	0.0625	
156	29	72	0.1859	0.4615	
347	77	140	0.2219	0.4035	
147	21	35	0.1429	0.2381	
484	50	124	0.1033	0.2562	
177	32	74	0.1808	0.4181	
388	46	94	0.1186	0.2423	
179	23	60	0.1285	0.3352	
83	8	13	0.0964	0.1566	
498	39	94	0.0783	0.1888	
96	10	19	0.1042	0.1979	
104	26	34	0.25	0.3269	
591	120	275	0.203	0.4653	
30	3	4	0.1	0.1333	
98	27	44	0.2755	0.449	
424	124	199	0.2925	0.4693	
138	21	48	0.1522	0.3478	
306	60	126	0.1961	0.4118	
202	28	50	0.1386	0.2475	
147	29	51	0.1973	0.3469	
370	73	143	0.1973	0.3865	
94	17	34	0.1809	0.3617	
75	9	18	0.12	0.24	
1627	741	962	0.4554	0.5913	
400	61	142	0.1525	0.355	
497	87	183	0.1751	0.3682	
284	49	74	0.1725	0.2606	
274	29	53	0.1058	0.1934	
120	21	44	0.175	0.3667	
143	14	27	0.0979	0.1888	
458	38	79	0.083	0.1725	
89	20	38	0.2247	0.427	
134	33	58	0.2463	0.4328	
78	11	21	0.141	0.2692	
255	43	89	0.1686	0.349	
877	607	691	0.6921	0.7879	
117	23	35	0.1966	0.2991	
191	30	54	0.1571	0.2827	
323	57	88	0.1765	0.2724	
397	63	141	0.1587	0.3552	
408	86	155	0.2108	0.3799	
156	37	48	0.2372	0.3077	
202	32	76	0.1584	0.3762	
80	5	16	0.0625	0.2	
325	76	154	0.2338	0.4738	
254	56	105	0.2205	0.4134	
256	100	142	0.3906	0.5547	
156	32	70	0.2051	0.4487	
557	111	199	0.1993	0.3573	
39	8	12	0.2051	0.3077	
102	15	33	0.1471	0.3235	
585	82	194	0.1402	0.3316	
254	58	94	0.2283	0.3701	
309	60	120	0.1942	0.3883	
55	6	16	0.1091	0.2909	
86	22	32	0.2558	0.3721	
484	121	237	0.25	0.4897	
341	44	106	0.129	0.3109	
199	37	73	0.1859	0.3668	
332	69	133	0.2078	0.4006	
66	2	4	0.0303	0.0606	
502	227	321	0.4522	0.6394	
124	17	38	0.1371	0.3065	
115	12	38	0.1043	0.3304	
351	52	85	0.1481	0.2422	
318	69	148	0.217	0.4654	
190	32	65	0.1684	0.3421	
391	79	155	0.202	0.3964	
79	16	27	0.2025	0.3418	
387	65	137	0.168	0.354	
251	57	98	0.2271	0.3904	
307	70	130	0.228	0.4235	
242	54	92	0.2231	0.3802	
94	12	31	0.1277	0.3298	
242	63	101	0.2603	0.4174	
616	120	227	0.1948	0.3685	
57	3	3	0.0526	0.0526	
54	14	28	0.2593	0.5185	
408	35	93	0.0858	0.2279	
231	40	80	0.1732	0.3463	
366	73	141	0.1995	0.3852	
394	80	157	0.203	0.3985	
438	86	185	0.1963	0.4224	
142	13	23	0.0915	0.162	
97	10	13	0.1031	0.134	
360	61	132	0.1694	0.3667	
151	14	31	0.0927	0.2053	
253	36	86	0.1423	0.3399	
409	77	169	0.1883	0.4132	
166	45	72	0.2711	0.4337	
613	146	239	0.2382	0.3899	
260	57	101	0.2192	0.3885	
155	25	42	0.1613	0.271	
180	28	59	0.1556	0.3278	
435	69	135	0.1586	0.3103	
651	101	198	0.1551	0.3041	
560	116	247	0.2071	0.4411	
200	44	94	0.22	0.47	
100	14	26	0.14	0.26	
160	14	28	0.0875	0.175	
145	13	26	0.0897	0.1793	
379	67	138	0.1768	0.3641	
136	31	53	0.2279	0.3897	
210	44	84	0.2095	0.4	
1479	271	578	0.1832	0.3908	
625	116	258	0.1856	0.4128	
285	75	126	0.2632	0.4421	
335	27	66	0.0806	0.197	
322	62	115	0.1925	0.3571	
87	23	34	0.2644	0.3908	
148	28	47	0.1892	0.3176	
384	82	147	0.2135	0.3828	
308	65	144	0.211	0.4675	
143	24	55	0.1678	0.3846	
345	67	127	0.1942	0.3681	
407	72	155	0.1769	0.3808	
88	19	36	0.2159	0.4091	
91	33	39	0.3626	0.4286	
58	5	13	0.0862	0.2241	
152	33	64	0.2171	0.4211	
176	83	104	0.4716	0.5909	
268	66	101	0.2463	0.3769	
262	48	104	0.1832	0.3969	
112	18	33	0.1607	0.2946	
402	71	146	0.1766	0.3632	
302	58	127	0.1921	0.4205	
55	7	10	0.1273	0.1818	
261	82	124	0.3142	0.4751	
222	34	56	0.1532	0.2523	
132	19	41	0.1439	0.3106	
1168	221	439	0.1892	0.3759	
46	9	17	0.1957	0.3696	
134	36	50	0.2687	0.3731	
346	67	127	0.1936	0.3671	
99	2	3	0.0202	0.0303	
93	7	13	0.0753	0.1398	
242	32	85	0.1322	0.3512	
268	62	115	0.2313	0.4291	
257	62	105	0.2412	0.4086	
199	115	144	0.5779	0.7236	
328	52	117	0.1585	0.3567	
520	93	210	0.1788	0.4038	
86	21	38	0.2442	0.4419	
66	20	34	0.303	0.5152	
196	33	76	0.1684	0.3878	
81	8	11	0.0988	0.1358	
607	121	211	0.1993	0.3476	
354	41	95	0.1158	0.2684	
217	38	68	0.1751	0.3134	
507	92	212	0.1815	0.4181	
323	34	82	0.1053	0.2539	
87	19	38	0.2184	0.4368	
155	39	67	0.2516	0.4323	
321	33	83	0.1028	0.2586	
171	21	49	0.1228	0.2865	
234	26	59	0.1111	0.2521	
231	20	35	0.0866	0.1515	
216	162	185	0.75	0.8565	
548	98	185	0.1788	0.3376	
169	33	64	0.1953	0.3787	
400	77	155	0.1925	0.3875	
342	49	129	0.1433	0.3772	
239	55	108	0.2301	0.4519	
155	12	26	0.0774	0.1677	
212	32	72	0.1509	0.3396	
183	63	94	0.3443	0.5137	
174	26	61	0.1494	0.3506	
290	65	134	0.2241	0.4621	
173	19	45	0.1098	0.2601	
397	29	54	0.073	0.136	
133	15	25	0.1128	0.188	
89	11	27	0.1236	0.3034	
223	37	95	0.1659	0.426	
106	21	30	0.1981	0.283	
457	65	118	0.1422	0.2582	
205	25	35	0.122	0.1707	
45	2	2	0.0444	0.0444	
36	2	3	0.0556	0.0833	
333	38	107	0.1141	0.3213	
152	43	59	0.2829	0.3882	
96	15	33	0.1562	0.3438	
564	22	68	0.039	0.1206	
227	14	25	0.0617	0.1101	
286	52	92	0.1818	0.3217	
188	31	88	0.1649	0.4681	
114	12	14	0.1053	0.1228	
72	16	28	0.2222	0.3889	
241	48	97	0.1992	0.4025	
336	147	215	0.4375	0.6399	
161	35	57	0.2174	0.354	
492	76	171	0.1545	0.3476	
273	41	99	0.1502	0.3626	
285	64	126	0.2246	0.4421	
742	148	312	0.1995	0.4205	
261	56	114	0.2146	0.4368	
506	152	234	0.3004	0.4625	
32	6	13	0.1875	0.4062	
124	5	21	0.0403	0.1694	
1150	227	458	0.1974	0.3983	
313	49	114	0.1565	0.3642	
129	20	39	0.155	0.3023	
277	41	77	0.148	0.278	
139	16	32	0.1151	0.2302	
84	35	48	0.4167	0.5714	
149	30	59	0.2013	0.396	
296	50	85	0.1689	0.2872	
180	24	64	0.1333	0.3556	
256	72	120	0.2812	0.4688	
210	49	96	0.2333	0.4571	
189	37	53	0.1958	0.2804	
303	73	132	0.2409	0.4356	
295	60	106	0.2034	0.3593	
320	25	74	0.0781	0.2313	
416	95	148	0.2284	0.3558	
367	80	153	0.218	0.4169	
94	12	30	0.1277	0.3191	
82	10	28	0.122	0.3415	
161	24	54	0.1491	0.3354	
337	59	119	0.1751	0.3531	
100	41	55	0.41	0.55	
514	183	322	0.356	0.6265	
178	51	69	0.2865	0.3876	
35	2	2	0.0571	0.0571	
100	18	39	0.18	0.39	
1550	217	431	0.14	0.2781	
727	188	339	0.2586	0.4663	
31	2	3	0.0645	0.0968	
408	90	186	0.2206	0.4559	
227	31	75	0.1366	0.3304	
239	25	38	0.1046	0.159	
425	87	185	0.2047	0.4353	
295	72	119	0.2441	0.4034	
2066	304	570	0.1471	0.2759	
290	48	120	0.1655	0.4138	
624	97	183	0.1554	0.2933	
205	34	49	0.1659	0.239	
338	29	60	0.0858	0.1775	
257	46	86	0.179	0.3346	
207	28	66	0.1353	0.3188	
39	13	15	0.3333	0.3846	
144	16	42	0.1111	0.2917	
35	2	3	0.0571	0.0857	
614	95	189	0.1547	0.3078	
232	52	88	0.2241	0.3793	
91	11	30	0.1209	0.3297	
108	17	34	0.1574	0.3148	
204	27	66	0.1324	0.3235	
30	2	3	0.0667	0.1	
67	11	19	0.1642	0.2836	
312	35	57	0.1122	0.1827	
79	4	4	0.0506	0.0506	
114	20	31	0.1754	0.2719	
64	7	16	0.1094	0.25	
282	46	104	0.1631	0.3688	
250	57	105	0.228	0.42	
307	54	122	0.1759	0.3974	
281	52	104	0.1851	0.3701	
401	27	54	0.0673	0.1347	
101	16	33	0.1584	0.3267	
391	69	148	0.1765	0.3785	
40	2	2	0.05	0.05	
185	25	48	0.1351	0.2595	
1436	277	541	0.1929	0.3767	
549	122	268	0.2222	0.4882	
663	124	268	0.187	0.4042	
38	2	3	0.0526	0.0789	
230	54	86	0.2348	0.3739	
157	14	25	0.0892	0.1592	
333	64	112	0.1922	0.3363	
420	64	140	0.1524	0.3333	
172	31	42	0.1802	0.2442	
49	12	23	0.2449	0.4694	
142	34	65	0.2394	0.4577	
248	40	81	0.1613	0.3266	
603	83	172	0.1376	0.2852	
166	32	62	0.1928	0.3735	
181	19	53	0.105	0.2928	
377	41	82	0.1088	0.2175	
30	7	8	0.2333	0.2667	
118	15	29	0.1271	0.2458	
44	2	6	0.0455	0.1364	
118	14	23	0.1186	0.1949	
251	38	77	0.1514	0.3068	
394	52	111	0.132	0.2817	
155	31	55	0.2	0.3548	
67	15	31	0.2239	0.4627	
31	23	27	0.7419	0.871	
139	31	56	0.223	0.4029	
34	9	13	0.2647	0.3824	
488	62	147	0.127	0.3012	
96	8	17	0.0833	0.1771	
196	41	62	0.2092	0.3163	
201	22	45	0.1095	0.2239	
310	52	107	0.1677	0.3452	
377	60	122	0.1592	0.3236	
74	19	27	0.2568	0.3649	
120	29	50	0.2417	0.4167	
403	53	87	0.1315	0.2159	
287	37	77	0.1289	0.2683	
42	2	4	0.0476	0.0952	
355	23	57	0.0648	0.1606	
344	61	146	0.1773	0.4244	
143	37	57	0.2587	0.3986	
250	31	50	0.124	0.2	
74	9	17	0.1216	0.2297	
490	83	187	0.1694	0.3816	
246	28	77	0.1138	0.313	
276	47	98	0.1703	0.3551	
716	112	246	0.1564	0.3436	
191	29	59	0.1518	0.3089	
61	2	3	0.0328	0.0492	
602	74	155	0.1229	0.2575	
69	7	9	0.1014	0.1304	
802	107	226	0.1334	0.2818	
53	18	22	0.3396	0.4151	
211	42	78	0.1991	0.3697	
424	148	213	0.3491	0.5024	
95	40	56	0.4211	0.5895	
328	45	121	0.1372	0.3689	
358	84	155	0.2346	0.433	
228	56	115	0.2456	0.5044	
510	54	111	0.1059	0.2176	
51	2	2	0.0392	0.0392	
305	19	38	0.0623	0.1246	
228	36	77	0.1579	0.3377	
312	55	121	0.1763	0.3878	
419	105	207	0.2506	0.494	
51	4	4	0.0784	0.0784	
202	34	73	0.1683	0.3614	
62	2	2	0.0323	0.0323	
275	53	113	0.1927	0.4109	
81	24	41	0.2963	0.5062	
182	22	48	0.1209	0.2637	
220	34	74	0.1545	0.3364	
52	14	18	0.2692	0.3462	
168	19	32	0.1131	0.1905	
654	86	166	0.1315	0.2538	
215	54	103	0.2512	0.4791	
188	63	100	0.3351	0.5319	
308	41	76	0.1331	0.2468	
319	54	94	0.1693	0.2947	
377	78	145	0.2069	0.3846	
198	59	106	0.298	0.5354	
158	32	73	0.2025	0.462	
77	6	13	0.0779	0.1688	
88	17	33	0.1932	0.375	
75	18	33	0.24	0.44	
42	14	21	0.3333	0.5	
1146	190	344	0.1658	0.3002	
314	57	118	0.1815	0.3758	
163	58	90	0.3558	0.5521	
818	130	281	0.1589	0.3435	
36	4	4	0.1111	0.1111	
324	59	126	0.1821	0.3889	
127	19	42	0.1496	0.3307	
37	8	17	0.2162	0.4595	
108	7	11	0.0648	0.1019	
338	70	135	0.2071	0.3994	
141	53	73	0.3759	0.5177	
496	129	202	0.2601	0.4073	
314	43	86	0.1369	0.2739	
137	22	48	0.1606	0.3504	
692	83	147	0.1199	0.2124	
166	28	39	0.1687	0.2349	
291	57	112	0.1959	0.3849	
305	80	155	0.2623	0.5082	
414	93	165	0.2246	0.3986	
144	22	39	0.1528	0.2708	
213	29	67	0.1362	0.3146	
324	56	98	0.1728	0.3025	
238	51	93	0.2143	0.3908	
153	23	46	0.1503	0.3007	
404	71	158	0.1757	0.3911	
144	18	36	0.125	0.25	
67	11	26	0.1642	0.3881	
135	48	69	0.3556	0.5111	
155	32	73	0.2065	0.471	
421	70	131	0.1663	0.3112	
312	71	135	0.2276	0.4327	
239	39	84	0.1632	0.3515	
212	47	66	0.2217	0.3113	
293	60	114	0.2048	0.3891	
313	46	114	0.147	0.3642	
89	12	22	0.1348	0.2472	
502	94	202	0.1873	0.4024	
254	44	88	0.1732	0.3465	
261	55	99	0.2107	0.3793	
190	20	33	0.1053	0.1737	
346	62	113	0.1792	0.3266	
38	2	4	0.0526	0.1053	
52	12	20	0.2308	0.3846	
230	27	54	0.1174	0.2348	
213	46	100	0.216	0.4695	
115	9	18	0.0783	0.1565	
140	30	54	0.2143	0.3857	
150	20	51	0.1333	0.34	
139	32	55	0.2302	0.3957	
306	59	116	0.1928	0.3791	
233	37	82	0.1588	0.3519	
44	7	15	0.1591	0.3409	
312	59	133	0.1891	0.4263	
315	34	75	0.1079	0.2381	
675	96	187	0.1422	0.277	
601	108	225	0.1797	0.3744	
119	15	32	0.1261	0.2689	
313	67	125	0.2141	0.3994	
51	2	4	0.0392	0.0784	
204	19	34	0.0931	0.1667	
651	123	238	0.1889	0.3656	
39	11	19	0.2821	0.4872	
406	38	59	0.0936	0.1453	
95	7	9	0.0737	0.0947	
412	87	161	0.2112	0.3908	
730	126	241	0.1726	0.3301	
422	71	151	0.1682	0.3578	
296	46	107	0.1554	0.3615	
425	42	83	0.0988	0.1953	
46	8	9	0.1739	0.1957	
120	19	40	0.1583	0.3333	
89	21	33	0.236	0.3708	
328	36	72	0.1098	0.2195	
358	179	223	0.5	0.6229	
407	49	79	0.1204	0.1941	
167	41	87	0.2455	0.521	
628	157	248	0.25	0.3949	
167	60	90	0.3593	0.5389	
701	103	238	0.1469	0.3395	
234	43	87	0.1838	0.3718	
78	9	17	0.1154	0.2179	
140	25	48	0.1786	0.3429	
341	59	134	0.173	0.393	
57	23	33	0.4035	0.5789	
328	44	110	0.1341	0.3354	
84	16	29	0.1905	0.3452	
30	13	13	0.4333	0.4333	
35	10	10	0.2857	0.2857	
119	9	18	0.0756	0.1513	
372	34	69	0.0914	0.1855	
247	51	100	0.2065	0.4049	
314	35	77	0.1115	0.2452	
501	34	83	0.0679	0.1657	
152	16	36	0.1053	0.2368	
636	265	344	0.4167	0.5409	
214	43	87	0.2009	0.4065	
66	13	21	0.197	0.3182	
61	5	8	0.082	0.1311	
119	17	35	0.1429	0.2941	
263	54	122	0.2053	0.4639	
140	20	34	0.1429	0.2429	
310	63	124	0.2032	0.4	
234	59	113	0.2521	0.4829	
338	74	126	0.2189	0.3728	
333	59	124	0.1772	0.3724	
264	42	102	0.1591	0.3864	
101	17	21	0.1683	0.2079	
265	55	119	0.2075	0.4491	
375	79	166	0.2107	0.4427	
200	30	72	0.15	0.36	
154	32	67	0.2078	0.4351	
313	55	116	0.1757	0.3706	
304	34	69	0.1118	0.227	
365	102	187	0.2795	0.5123	
269	57	119	0.2119	0.4424	
152	11	21	0.0724	0.1382	
203	14	31	0.069	0.1527	
104	18	20	0.1731	0.1923	
118	21	43	0.178	0.3644	
104	7	9	0.0673	0.0865	
604	101	198	0.1672	0.3278	
311	62	139	0.1994	0.4469	
118	31	36	0.2627	0.3051	
251	36	90	0.1434	0.3586	
555	118	224	0.2126	0.4036	
413	80	162	0.1937	0.3923	
148	19	37	0.1284	0.25	
57	21	31	0.3684	0.5439	
271	26	43	0.0959	0.1587	
133	25	51	0.188	0.3835	
428	84	158	0.1963	0.3692	
158	31	64	0.1962	0.4051	
279	39	74	0.1398	0.2652	
228	31	71	0.136	0.3114	
234	12	35	0.0513	0.1496	
119	24	54	0.2017	0.4538	
650	112	202	0.1723	0.3108	
264	48	104	0.1818	0.3939	
917	152	334	0.1658	0.3642	
329	36	70	0.1094	0.2128	
374	71	147	0.1898	0.393	
711	141	262	0.1983	0.3685	
225	61	100	0.2711	0.4444	
40	10	17	0.25	0.425	
43	3	5	0.0698	0.1163	
207	32	68	0.1546	0.3285	
274	61	126	0.2226	0.4599	
420	92	183	0.219	0.4357	
146	36	54	0.2466	0.3699	
259	67	115	0.2587	0.444	
120	9	18	0.075	0.15	
131	32	60	0.2443	0.458	
115	12	46	0.1043	0.4	
53	4	7	0.0755	0.1321	
189	65	102	0.3439	0.5397	
587	57	144	0.0971	0.2453	
259	57	94	0.2201	0.3629	
318	82	130	0.2579	0.4088	
485	82	215	0.1691	0.4433	
21	3	5	0.1429	0.2381	
48	8	15	0.1667	0.3125	
270	20	54	0.0741	0.2	
1188	89	226	0.0749	0.1902	
293	33	72	0.1126	0.2457	
172	30	57	0.1744	0.3314	
312	53	113	0.1699	0.3622	
87	15	39	0.1724	0.4483	
85	19	26	0.2235	0.3059	
104	24	48	0.2308	0.4615	
388	35	96	0.0902	0.2474	
119	8	21	0.0672	0.1765	
485	82	183	0.1691	0.3773	
257	29	66	0.1128	0.2568	
498	49	92	0.0984	0.1847	
626	61	131	0.0974	0.2093	
150	23	39	0.1533	0.26	
167	29	74	0.1737	0.4431	
232	63	101	0.2716	0.4353	
461	47	104	0.102	0.2256	
171	29	65	0.1696	0.3801	
361	70	157	0.1939	0.4349	
272	39	86	0.1434	0.3162	
370	51	100	0.1378	0.2703	
208	33	71	0.1587	0.3413	
520	55	134	0.1058	0.2577	
181	12	28	0.0663	0.1547	
265	26	62	0.0981	0.234	
430	35	107	0.0814	0.2488	
159	18	36	0.1132	0.2264	
62	8	17	0.129	0.2742	
163	15	28	0.092	0.1718	
299	56	107	0.1873	0.3579	
505	130	256	0.2574	0.5069	
425	61	104	0.1435	0.2447	
243	42	96	0.1728	0.3951	
135	46	60	0.3407	0.4444	
372	75	148	0.2016	0.3978	
255	131	178	0.5137	0.698	
800	175	325	0.2188	0.4062	
297	61	117	0.2054	0.3939	
269	41	94	0.1524	0.3494	
233	15	33	0.0644	0.1416	
469	90	182	0.1919	0.3881	
267	36	67	0.1348	0.2509	
301	46	99	0.1528	0.3289	
90	22	35	0.2444	0.3889	
442	77	170	0.1742	0.3846	
265	43	102	0.1623	0.3849	
157	32	60	0.2038	0.3822	
155	20	39	0.129	0.2516	
183	48	89	0.2623	0.4863	
146	16	33	0.1096	0.226	
77	8	10	0.1039	0.1299	
219	35	82	0.1598	0.3744	
169	25	70	0.1479	0.4142	
156	26	40	0.1667	0.2564	
111	27	46	0.2432	0.4144	
165	14	42	0.0848	0.2545	
433	78	164	0.1801	0.3788	
375	63	136	0.168	0.3627	
662	92	179	0.139	0.2704	
453	87	151	0.1921	0.3333	
496	59	121	0.119	0.244	
43	11	14	0.2558	0.3256	
70	8	13	0.1143	0.1857	
331	35	77	0.1057	0.2326	
901	191	376	0.212	0.4173	
567	111	225	0.1958	0.3968	
261	41	76	0.1571	0.2912	
376	58	137	0.1543	0.3644	
61	9	17	0.1475	0.2787	
365	94	190	0.2575	0.5205	
406	51	84	0.1256	0.2069	
199	25	62	0.1256	0.3116	
431	54	121	0.1253	0.2807	
86	7	21	0.0814	0.2442	
308	44	118	0.1429	0.3831	
100	24	37	0.24	0.37	
280	47	98	0.1679	0.35	
223	52	87	0.2332	0.3901	
485	59	120	0.1216	0.2474	
929	170	335	0.183	0.3606	
869	156	307	0.1795	0.3533	
262	66	112	0.2519	0.4275	
66	16	20	0.2424	0.303	
130	25	47	0.1923	0.3615	
39	11	14	0.2821	0.359	
190	32	66	0.1684	0.3474	
721	145	292	0.2011	0.405	
255	20	37	0.0784	0.1451	
427	80	165	0.1874	0.3864	
105	16	36	0.1524	0.3429	
388	63	138	0.1624	0.3557	
491	89	195	0.1813	0.3971	
102	26	41	0.2549	0.402	
325	80	139	0.2462	0.4277	
72	21	33	0.2917	0.4583	
459	79	160	0.1721	0.3486	
258	42	93	0.1628	0.3605	
66	12	26	0.1818	0.3939	
658	103	212	0.1565	0.3222	
176	23	69	0.1307	0.392	
197	42	82	0.2132	0.4162	
33	3	4	0.0909	0.1212	
223	58	96	0.2601	0.4305	
273	68	120	0.2491	0.4396	
396	33	65	0.0833	0.1641	
124	19	36	0.1532	0.2903	
208	126	150	0.6058	0.7212	
324	70	151	0.216	0.466	
449	80	188	0.1782	0.4187	
342	72	131	0.2105	0.383	
82	10	28	0.122	0.3415	
481	135	269	0.2807	0.5593	
118	16	28	0.1356	0.2373	
96	19	36	0.1979	0.375	
114	17	47	0.1491	0.4123	
130	26	39	0.2	0.3	
51	10	11	0.1961	0.2157	
144	50	80	0.3472	0.5556	
393	81	153	0.2061	0.3893	
173	29	59	0.1676	0.341	
291	32	65	0.11	0.2234	
46	2	2	0.0435	0.0435	
44	22	35	0.5	0.7955	
245	63	111	0.2571	0.4531	
275	36	86	0.1309	0.3127	
32	2	2	0.0625	0.0625	
468	87	168	0.1859	0.359	
189	25	43	0.1323	0.2275	
629	69	127	0.1097	0.2019	
224	31	76	0.1384	0.3393	
221	37	75	0.1674	0.3394	
93	19	41	0.2043	0.4409	
154	18	44	0.1169	0.2857	
558	87	176	0.1559	0.3154	
95	8	15	0.0842	0.1579	
729	147	281	0.2016	0.3855	
255	58	111	0.2275	0.4353	
99	18	43	0.1818	0.4343	
288	52	98	0.1806	0.3403	
195	20	44	0.1026	0.2256	
247	54	116	0.2186	0.4696	
451	30	50	0.0665	0.1109	
168	33	54	0.1964	0.3214	
281	54	107	0.1922	0.3808	
209	21	47	0.1005	0.2249	
404	61	134	0.151	0.3317	
156	24	55	0.1538	0.3526	
30	15	15	0.5	0.5	
516	245	290	0.4748	0.562	
106	9	16	0.0849	0.1509	
303	29	73	0.0957	0.2409	
250	61	117	0.244	0.468	
314	47	99	0.1497	0.3153	
125	23	45	0.184	0.36	
532	54	131	0.1015	0.2462	
530	98	222	0.1849	0.4189	
95	11	16	0.1158	0.1684	
452	81	175	0.1792	0.3872	
296	67	128	0.2264	0.4324	
247	24	65	0.0972	0.2632	
588	124	247	0.2109	0.4201	
44	3	4	0.0682	0.0909	
260	34	97	0.1308	0.3731	
401	65	114	0.1621	0.2843	
349	67	138	0.192	0.3954	
208	28	54	0.1346	0.2596	
85	2	2	0.0235	0.0235	
144	25	54	0.1736	0.375	
184	20	43	0.1087	0.2337	
1370	190	438	0.1387	0.3197	
469	82	187	0.1748	0.3987	
205	22	37	0.1073	0.1805	
263	42	80	0.1597	0.3042	
157	17	40	0.1083	0.2548	
327	75	140	0.2294	0.4281	
48	2	5	0.0417	0.1042	
293	35	80	0.1195	0.273	
138	72	83	0.5217	0.6014	
78	20	33	0.2564	0.4231	
322	45	87	0.1398	0.2702	
553	52	135	0.094	0.2441	
173	46	80	0.2659	0.4624	
98	9	21	0.0918	0.2143	
334	44	98	0.1317	0.2934	
67	14	23	0.209	0.3433	
227	40	84	0.1762	0.37	
63	9	24	0.1429	0.381	
263	50	97	0.1901	0.3688	
195	28	69	0.1436	0.3538	
292	81	132	0.2774	0.4521	
167	27	65	0.1617	0.3892	
296	81	147	0.2736	0.4966	
498	75	185	0.1506	0.3715	
2186	539	772	0.2466	0.3532	
230	43	102	0.187	0.4435	
373	68	142	0.1823	0.3807	
302	56	113	0.1854	0.3742	
98	15	39	0.1531	0.398	
61	2	2	0.0328	0.0328	
121	27	44	0.2231	0.3636	
129	17	38	0.1318	0.2946	
189	18	40	0.0952	0.2116	
445	98	210	0.2202	0.4719	
492	99	203	0.2012	0.4126	
230	61	103	0.2652	0.4478	
396	74	172	0.1869	0.4343	
71	11	15	0.1549	0.2113	
412	66	130	0.1602	0.3155	
295	58	118	0.1966	0.4	
85	22	41	0.2588	0.4824	
2391	556	1008	0.2325	0.4216	
52	19	34	0.3654	0.6538	
406	55	103	0.1355	0.2537	
293	51	102	0.1741	0.3481	
73	25	41	0.3425	0.5616	
234	42	86	0.1795	0.3675	
33	2	2	0.0606	0.0606	
149	24	52	0.1611	0.349	
35	3	3	0.0857	0.0857	
231	29	83	0.1255	0.3593	
203	46	89	0.2266	0.4384	
115	21	40	0.1826	0.3478	
44	3	3	0.0682	0.0682	
664	169	300	0.2545	0.4518	
213	44	94	0.2066	0.4413	
115	12	46	0.1043	0.4	
125	31	55	0.248	0.44	
142	53	73	0.3732	0.5141	
343	76	153	0.2216	0.4461	
166	32	58	0.1928	0.3494	
73	5	9	0.0685	0.1233	
175	37	71	0.2114	0.4057	
310	53	102	0.171	0.329	
30	5	5	0.1667	0.1667	
96	26	43	0.2708	0.4479	
71	4	14	0.0563	0.1972	
194	36	64	0.1856	0.3299	
295	33	69	0.1119	0.2339	
346	42	86	0.1214	0.2486	
70	26	35	0.3714	0.5	
869	117	263	0.1346	0.3026	
250	41	79	0.164	0.316	
231	19	41	0.0823	0.1775	
68	15	22	0.2206	0.3235	
151	30	55	0.1987	0.3642	
73	10	26	0.137	0.3562	
107	7	14	0.0654	0.1308	
425	47	76	0.1106	0.1788	
91	9	15	0.0989	0.1648	
422	139	205	0.3294	0.4858	
55	2	2	0.0364	0.0364	
450	52	94	0.1156	0.2089	
86	9	17	0.1047	0.1977	
250	36	78	0.144	0.312	
55	20	30	0.3636	0.5455	
145	14	46	0.0966	0.3172	
328	52	82	0.1585	0.25	
98	7	15	0.0714	0.1531	
308	58	116	0.1883	0.3766	
211	38	78	0.1801	0.3697	
279	54	113	0.1935	0.405	
293	56	97	0.1911	0.3311	
534	41	96	0.0768	0.1798	
103	15	32	0.1456	0.3107	
284	42	84	0.1479	0.2958	
256	46	74	0.1797	0.2891	
128	23	39	0.1797	0.3047	
496	91	196	0.1835	0.3952	
63	5	8	0.0794	0.127	
326	62	120	0.1902	0.3681	
83	9	17	0.1084	0.2048	
133	22	55	0.1654	0.4135	
410	45	99	0.1098	0.2415	
238	32	84	0.1345	0.3529	
51	5	7	0.098	0.1373	
150	38	64	0.2533	0.4267	
59	5	6	0.0847	0.1017	
445	73	179	0.164	0.4022	
305	41	74	0.1344	0.2426	
72	6	15	0.0833	0.2083	
30	9	9	0.3	0.3	
77	19	30	0.2468	0.3896	
1274	805	930	0.6319	0.73	
33	2	2	0.0606	0.0606	
466	70	165	0.1502	0.3541	
51	14	21	0.2745	0.4118	
165	66	83	0.4	0.503	
571	118	276	0.2067	0.4834	
277	61	108	0.2202	0.3899	
422	64	145	0.1517	0.3436	
161	32	70	0.1988	0.4348	
55	6	11	0.1091	0.2	
121	16	36	0.1322	0.2975	
211	40	77	0.1896	0.3649	
217	49	100	0.2258	0.4608	
123	15	33	0.122	0.2683	
163	12	33	0.0736	0.2025	
259	48	97	0.1853	0.3745	
195	37	63	0.1897	0.3231	
51	12	18	0.2353	0.3529	
234	46	81	0.1966	0.3462	
330	117	181	0.3545	0.5485	
95	13	19	0.1368	0.2	
244	44	84	0.1803	0.3443	
150	27	56	0.18	0.3733	
437	86	173	0.1968	0.3959	
469	36	97	0.0768	0.2068	
328	40	64	0.122	0.1951	
189	25	49	0.1323	0.2593	
251	75	134	0.2988	0.5339	
122	21	38	0.1721	0.3115	
292	49	105	0.1678	0.3596	
190	45	79	0.2368	0.4158	
374	63	129	0.1684	0.3449	
115	16	32	0.1391	0.2783	
253	19	41	0.0751	0.1621	
235	36	74	0.1532	0.3149	
230	38	78	0.1652	0.3391	
189	25	45	0.1323	0.2381	
459	43	83	0.0937	0.1808	
257	57	103	0.2218	0.4008	
646	129	251	0.1997	0.3885	
45	3	5	0.0667	0.1111	
176	20	36	0.1136	0.2045	
360	73	161	0.2028	0.4472	
424	104	192	0.2453	0.4528	
484	104	191	0.2149	0.3946	
796	112	244	0.1407	0.3065	
887	238	409	0.2683	0.4611	
237	44	84	0.1857	0.3544	
1158	205	401	0.177	0.3463	
300	65	129	0.2167	0.43	
279	55	93	0.1971	0.3333	
619	273	386	0.441	0.6236	
532	108	247	0.203	0.4643	
404	48	98	0.1188	0.2426	
389	73	158	0.1877	0.4062	
715	118	219	0.165	0.3063	
127	25	43	0.1969	0.3386	
220	30	72	0.1364	0.3273	
319	50	89	0.1567	0.279	
368	65	124	0.1766	0.337	
174	35	52	0.2011	0.2989	
800	171	332	0.2137	0.415	
213	36	87	0.169	0.4085	
61	6	8	0.0984	0.1311	
134	18	35	0.1343	0.2612	
311	50	119	0.1608	0.3826	
187	27	46	0.1444	0.246	
160	27	56	0.1688	0.35	
416	55	121	0.1322	0.2909	
235	81	131	0.3447	0.5574	
57	2	2	0.0351	0.0351	
239	45	92	0.1883	0.3849	
183	32	63	0.1749	0.3443	
62	5	8	0.0806	0.129	
72	4	7	0.0556	0.0972	
148	23	47	0.1554	0.3176	
136	46	89	0.3382	0.6544	
453	41	90	0.0905	0.1987	
534	65	142	0.1217	0.2659	
257	36	82	0.1401	0.3191	
307	52	103	0.1694	0.3355	
285	50	99	0.1754	0.3474	
53	2	3	0.0377	0.0566	
216	29	56	0.1343	0.2593	
42	7	7	0.1667	0.1667	
326	46	76	0.1411	0.2331	
35	8	8	0.2286	0.2286	
180	26	58	0.1444	0.3222	
173	17	31	0.0983	0.1792	
146	67	90	0.4589	0.6164	
81	33	50	0.4074	0.6173	
468	91	187	0.1944	0.3996	
199	47	98	0.2362	0.4925	
127	10	25	0.0787	0.1969	
565	116	223	0.2053	0.3947	
127	23	39	0.1811	0.3071	
339	63	132	0.1858	0.3894	
426	70	151	0.1643	0.3545	
490	122	241	0.249	0.4918	
35	2	2	0.0571	0.0571	
292	54	106	0.1849	0.363	
351	50	95	0.1425	0.2707	
319	74	142	0.232	0.4451	
305	55	111	0.1803	0.3639	
356	71	132	0.1994	0.3708	
175	37	68	0.2114	0.3886	
593	107	238	0.1804	0.4013	
322	84	154	0.2609	0.4783	
30	3	3	0.1	0.1	
22	3	5	0.1364	0.2273	
331	76	132	0.2296	0.3988	
252	32	81	0.127	0.3214	
97	5	13	0.0515	0.134	
138	11	21	0.0797	0.1522	
318	124	170	0.3899	0.5346	
2478	829	1106	0.3345	0.4463	
273	38	90	0.1392	0.3297	
513	106	218	0.2066	0.425	
607	108	219	0.1779	0.3608	
345	71	137	0.2058	0.3971	
117	10	13	0.0855	0.1111	
993	144	229	0.145	0.2306	
234	40	91	0.1709	0.3889	
326	69	120	0.2117	0.3681	
1217	197	404	0.1619	0.332	
147	21	33	0.1429	0.2245	
729	112	231	0.1536	0.3169	
391	65	152	0.1662	0.3887	
243	37	91	0.1523	0.3745	
268	54	112	0.2015	0.4179	
300	60	117	0.2	0.39	
284	60	133	0.2113	0.4683	
73	17	28	0.2329	0.3836	
345	51	114	0.1478	0.3304	
304	60	118	0.1974	0.3882	
127	32	57	0.252	0.4488	
452	89	195	0.1969	0.4314	
557	126	220	0.2262	0.395	
174	32	76	0.1839	0.4368	
33	8	8	0.2424	0.2424	
121	17	39	0.1405	0.3223	
170	28	64	0.1647	0.3765	
710	127	240	0.1789	0.338	
289	26	65	0.09	0.2249	
188	40	72	0.2128	0.383	
84	18	35	0.2143	0.4167	
372	77	144	0.207	0.3871	
121	24	55	0.1983	0.4545	
224	71	121	0.317	0.5402	
266	46	93	0.1729	0.3496	
150	17	31	0.1133	0.2067	
562	106	248	0.1886	0.4413	
220	35	66	0.1591	0.3	
493	81	170	0.1643	0.3448	
186	36	75	0.1935	0.4032	
163	39	65	0.2393	0.3988	
211	30	51	0.1422	0.2417	
388	67	134	0.1727	0.3454	
422	80	154	0.1896	0.3649	
312	49	90	0.1571	0.2885	
257	33	86	0.1284	0.3346	
379	74	152	0.1953	0.4011	
208	36	84	0.1731	0.4038	
445	66	125	0.1483	0.2809	
132	14	29	0.1061	0.2197	
231	56	106	0.2424	0.4589	
109	7	16	0.0642	0.1468	
294	44	92	0.1497	0.3129	
67	4	8	0.0597	0.1194	
140	35	70	0.25	0.5	
321	34	67	0.1059	0.2087	
254	31	59	0.122	0.2323	
109	17	31	0.156	0.2844	
256	44	93	0.1719	0.3633	
399	84	153	0.2105	0.3835	
64	10	25	0.1562	0.3906	
583	68	131	0.1166	0.2247	
285	39	103	0.1368	0.3614	
158	15	42	0.0949	0.2658	
876	148	300	0.1689	0.3425	
466	81	183	0.1738	0.3927	
59	34	39	0.5763	0.661	
281	39	70	0.1388	0.2491	
47	7	24	0.1489	0.5106	
261	51	96	0.1954	0.3678	
237	48	97	0.2025	0.4093	
138	17	28	0.1232	0.2029	
189	25	45	0.1323	0.2381	
517	58	130	0.1122	0.2515	
276	59	101	0.2138	0.3659	
568	125	236	0.2201	0.4155	
114	21	42	0.1842	0.3684	
322	59	121	0.1832	0.3758	
290	90	138	0.3103	0.4759	
56	2	2	0.0357	0.0357	
83	15	36	0.1807	0.4337	
132	27	45	0.2045	0.3409	
948	168	402	0.1772	0.4241	
267	46	96	0.1723	0.3596	
139	20	34	0.1439	0.2446	
584	171	230	0.2928	0.3938	
38	28	38	0.7368	1.0	
222	46	86	0.2072	0.3874	
389	29	56	0.0746	0.144	
632	162	297	0.2563	0.4699	
159	15	43	0.0943	0.2704	
65	19	29	0.2923	0.4462	
400	84	173	0.21	0.4325	
246	52	97	0.2114	0.3943	
231	64	110	0.2771	0.4762	
932	217	405	0.2328	0.4345	
330	75	138	0.2273	0.4182	
405	79	123	0.1951	0.3037	
466	49	84	0.1052	0.1803	
20	3	3	0.15	0.15	
430	148	236	0.3442	0.5488	
388	82	162	0.2113	0.4175	
100	20	29	0.2	0.29	
465	95	179	0.2043	0.3849	
53	2	2	0.0377	0.0377	
93	16	30	0.172	0.3226	
68	16	31	0.2353	0.4559	
480	46	82	0.0958	0.1708	
414	74	146	0.1787	0.3527	
228	85	120	0.3728	0.5263	
288	57	128	0.1979	0.4444	
227	64	95	0.2819	0.4185	
58	2	4	0.0345	0.069	
186	49	79	0.2634	0.4247	
268	42	74	0.1567	0.2761	
435	76	143	0.1747	0.3287	
381	66	141	0.1732	0.3701	
158	26	64	0.1646	0.4051	
57	10	11	0.1754	0.193	
159	32	54	0.2013	0.3396	
56	12	21	0.2143	0.375	
270	61	122	0.2259	0.4519	
32	4	7	0.125	0.2188	
434	78	161	0.1797	0.371	
530	53	126	0.1	0.2377	
244	30	44	0.123	0.1803	
190	30	55	0.1579	0.2895	
151	31	63	0.2053	0.4172	
98	17	34	0.1735	0.3469	
356	75	145	0.2107	0.4073	
62	6	8	0.0968	0.129	
927	663	741	0.7152	0.7994	
105	13	25	0.1238	0.2381	
380	91	164	0.2395	0.4316	
93	20	32	0.2151	0.3441	
60	2	2	0.0333	0.0333	
142	19	44	0.1338	0.3099	
61	19	23	0.3115	0.377	
315	65	123	0.2063	0.3905	
63	2	2	0.0317	0.0317	
150	29	48	0.1933	0.32	
211	15	30	0.0711	0.1422	
508	38	74	0.0748	0.1457	
34	28	34	0.8235	1.0	
367	36	83	0.0981	0.2262	
92	36	56	0.3913	0.6087	
228	49	104	0.2149	0.4561	
1229	293	583	0.2384	0.4744	
178	64	106	0.3596	0.5955	
33	14	15	0.4242	0.4545	
253	44	100	0.1739	0.3953	
294	58	122	0.1973	0.415	
119	35	58	0.2941	0.4874	
439	140	224	0.3189	0.5103	
51	2	2	0.0392	0.0392	
353	32	73	0.0907	0.2068	
144	17	41	0.1181	0.2847	
546	113	240	0.207	0.4396	
280	48	99	0.1714	0.3536	
129	27	50	0.2093	0.3876	
133	30	47	0.2256	0.3534	
578	94	200	0.1626	0.346	
493	89	206	0.1805	0.4178	
476	29	73	0.0609	0.1534	
92	21	38	0.2283	0.413	
680	332	463	0.4882	0.6809	
414	59	116	0.1425	0.2802	
438	44	95	0.1005	0.2169	
212	59	102	0.2783	0.4811	
393	65	156	0.1654	0.3969	
197	31	59	0.1574	0.2995	
59	21	33	0.3559	0.5593	
545	42	118	0.0771	0.2165	
102	28	56	0.2745	0.549	
665	140	267	0.2105	0.4015	
667	87	152	0.1304	0.2279	
160	32	62	0.2	0.3875	
538	87	159	0.1617	0.2955	
243	62	98	0.2551	0.4033	
42	3	4	0.0714	0.0952	
332	62	119	0.1867	0.3584	
328	89	155	0.2713	0.4726	
317	64	136	0.2019	0.429	
154	28	55	0.1818	0.3571	
32	7	7	0.2188	0.2188	
147	20	49	0.1361	0.3333	
1009	149	276	0.1477	0.2735	
373	85	167	0.2279	0.4477	
693	116	254	0.1674	0.3665	
448	79	165	0.1763	0.3683	
885	170	307	0.1921	0.3469	
386	78	170	0.2021	0.4404	
76	17	21	0.2237	0.2763	
346	39	87	0.1127	0.2514	
147	34	65	0.2313	0.4422	
166	82	112	0.494	0.6747	
91	7	14	0.0769	0.1538	
351	113	175	0.3219	0.4986	
36	3	4	0.0833	0.1111	
34	11	11	0.3235	0.3235	
536	86	193	0.1604	0.3601	
188	36	68	0.1915	0.3617	
302	63	120	0.2086	0.3974	
240	38	87	0.1583	0.3625	
45	6	10	0.1333	0.2222	
336	43	98	0.128	0.2917	
84	17	28	0.2024	0.3333	
234	38	83	0.1624	0.3547	
306	27	45	0.0882	0.1471	
79	14	26	0.1772	0.3291	
444	58	116	0.1306	0.2613	
393	82	154	0.2087	0.3919	
287	19	41	0.0662	0.1429	
585	104	235	0.1778	0.4017	
265	116	170	0.4377	0.6415	
74	24	39	0.3243	0.527	
108	39	47	0.3611	0.4352	
252	33	84	0.131	0.3333	
121	27	42	0.2231	0.3471	
404	49	100	0.1213	0.2475	
37	2	2	0.0541	0.0541	
412	91	154	0.2209	0.3738	
86	5	9	0.0581	0.1047	
58	14	19	0.2414	0.3276	
525	109	211	0.2076	0.4019	
266	29	55	0.109	0.2068	
512	49	92	0.0957	0.1797	
68	15	23	0.2206	0.3382	
334	148	216	0.4431	0.6467	
273	72	138	0.2637	0.5055	
192	33	81	0.1719	0.4219	
72	16	33	0.2222	0.4583	
374	89	158	0.238	0.4225	
278	52	110	0.1871	0.3957	
110	15	27	0.1364	0.2455	
284	75	138	0.2641	0.4859	
341	54	141	0.1584	0.4135	
401	66	146	0.1646	0.3641	
452	49	86	0.1084	0.1903	
331	69	101	0.2085	0.3051	
106	15	32	0.1415	0.3019	
58	10	11	0.1724	0.1897	
287	30	50	0.1045	0.1742	
148	35	56	0.2365	0.3784	
274	40	97	0.146	0.354	
358	77	149	0.2151	0.4162	
265	64	120	0.2415	0.4528	
36	2	2	0.0556	0.0556	
175	70	100	0.4	0.5714	
181	34	67	0.1878	0.3702	
416	80	140	0.1923	0.3365	
431	75	167	0.174	0.3875	
109	34	51	0.3119	0.4679	
577	49	119	0.0849	0.2062	
67	14	23	0.209	0.3433	
317	64	114	0.2019	0.3596	
60	3	5	0.05	0.0833	
154	23	53	0.1494	0.3442	
372	32	74	0.086	0.1989	
129	12	21	0.093	0.1628	
520	45	103	0.0865	0.1981	
62	6	7	0.0968	0.1129	
97	14	19	0.1443	0.1959	
397	90	172	0.2267	0.4332	
62	3	7	0.0484	0.1129	
116	11	24	0.0948	0.2069	
351	75	133	0.2137	0.3789	
254	42	90	0.1654	0.3543	
463	84	165	0.1814	0.3564	
306	38	82	0.1242	0.268	
34	2	2	0.0588	0.0588	
147	23	54	0.1565	0.3673	
296	55	117	0.1858	0.3953	
36	2	2	0.0556	0.0556	
109	15	39	0.1376	0.3578	
278	47	95	0.1691	0.3417	
984	226	458	0.2297	0.4654	
214	48	81	0.2243	0.3785	
322	55	125	0.1708	0.3882	
256	45	88	0.1758	0.3438	
72	13	22	0.1806	0.3056	
486	51	113	0.1049	0.2325	
353	61	114	0.1728	0.3229	
312	36	73	0.1154	0.234	
38	2	2	0.0526	0.0526	
194	26	56	0.134	0.2887	
178	29	62	0.1629	0.3483	
409	124	232	0.3032	0.5672	
165	15	28	0.0909	0.1697	
315	57	109	0.181	0.346	
58	26	34	0.4483	0.5862	
56	4	7	0.0714	0.125	
325	62	148	0.1908	0.4554	
330	73	154	0.2212	0.4667	
122	35	43	0.2869	0.3525	
315	25	49	0.0794	0.1556	
397	34	63	0.0856	0.1587	
208	21	33	0.101	0.1587	
145	15	23	0.1034	0.1586	
705	168	285	0.2383	0.4043	
205	34	78	0.1659	0.3805	
368	83	167	0.2255	0.4538	
399	70	153	0.1754	0.3835	
251	39	86	0.1554	0.3426	
290	28	43	0.0966	0.1483	
584	69	151	0.1182	0.2586	
245	26	48	0.1061	0.1959	
98	12	29	0.1224	0.2959	
494	94	202	0.1903	0.4089	
33	2	2	0.0606	0.0606	
40	2	2	0.05	0.05	
347	72	146	0.2075	0.4207	
35	3	6	0.0857	0.1714	
45	18	23	0.4	0.5111	
225	31	71	0.1378	0.3156	
202	33	73	0.1634	0.3614	
432	71	156	0.1644	0.3611	
336	59	125	0.1756	0.372	
129	23	48	0.1783	0.3721	
220	39	80	0.1773	0.3636	
194	30	65	0.1546	0.3351	
171	17	44	0.0994	0.2573	
213	32	52	0.1502	0.2441	
82	16	32	0.1951	0.3902	
247	25	43	0.1012	0.1741	
419	66	127	0.1575	0.3031	
179	64	108	0.3575	0.6034	
212	49	100	0.2311	0.4717	
1050	174	324	0.1657	0.3086	
448	37	75	0.0826	0.1674	
57	7	11	0.1228	0.193	
127	28	50	0.2205	0.3937	
534	100	222	0.1873	0.4157	
33	20	26	0.6061	0.7879	
185	30	64	0.1622	0.3459	
74	9	11	0.1216	0.1486	
1065	202	396	0.1897	0.3718	
130	11	14	0.0846	0.1077	
76	8	19	0.1053	0.25	
716	139	258	0.1941	0.3603	
139	31	64	0.223	0.4604	
432	97	173	0.2245	0.4005	
419	42	94	0.1002	0.2243	
384	70	149	0.1823	0.388	
267	42	93	0.1573	0.3483	
213	38	66	0.1784	0.3099	
579	115	226	0.1986	0.3903	
307	49	96	0.1596	0.3127	
147	20	37	0.1361	0.2517	
438	79	159	0.1804	0.363	
183	34	77	0.1858	0.4208	
33	10	14	0.303	0.4242	
314	70	138	0.2229	0.4395	
36	6	8	0.1667	0.2222	
143	18	41	0.1259	0.2867	
179	28	64	0.1564	0.3575	
478	115	211	0.2406	0.4414	
111	28	42	0.2523	0.3784	
122	28	65	0.2295	0.5328	
195	25	39	0.1282	0.2	
104	24	54	0.2308	0.5192	
226	71	107	0.3142	0.4735	
62	21	27	0.3387	0.4355	
217	30	66	0.1382	0.3041	
208	67	119	0.3221	0.5721	
199	25	63	0.1256	0.3166	
309	39	76	0.1262	0.246	
450	160	195	0.3556	0.4333	
239	72	130	0.3013	0.5439	
327	83	133	0.2538	0.4067	
259	43	105	0.166	0.4054	
146	50	88	0.3425	0.6027	
32	2	2	0.0625	0.0625	
158	30	55	0.1899	0.3481	
208	72	85	0.3462	0.4087	
60	10	18	0.1667	0.3	
74	11	16	0.1486	0.2162	
231	50	85	0.2165	0.368	
37	13	16	0.3514	0.4324	
59	6	9	0.1017	0.1525	
978	93	201	0.0951	0.2055	
375	36	67	0.096	0.1787	
293	30	53	0.1024	0.1809	
113	14	33	0.1239	0.292	
48	2	2	0.0417	0.0417	
225	70	103	0.3111	0.4578	
78	9	10	0.1154	0.1282	
448	50	127	0.1116	0.2835	
689	154	263	0.2235	0.3817	
66	17	20	0.2576	0.303	
113	21	33	0.1858	0.292	
233	45	87	0.1931	0.3734	
191	27	61	0.1414	0.3194	
100	13	22	0.13	0.22	
503	93	195	0.1849	0.3877	
77	18	31	0.2338	0.4026	
317	100	157	0.3155	0.4953	
126	23	51	0.1825	0.4048	
462	74	167	0.1602	0.3615	
133	17	38	0.1278	0.2857	
397	42	97	0.1058	0.2443	
346	82	145	0.237	0.4191	
123	26	39	0.2114	0.3171	
211	23	67	0.109	0.3175	
54	35	46	0.6481	0.8519	
636	164	293	0.2579	0.4607	
187	30	60	0.1604	0.3209	
34	7	10	0.2059	0.2941	
55	8	11	0.1455	0.2	
260	63	110	0.2423	0.4231	
266	42	75	0.1579	0.282	
74	11	20	0.1486	0.2703	
147	29	51	0.1973	0.3469	
255	73	121	0.2863	0.4745	
179	17	38	0.095	0.2123	
32	4	6	0.125	0.1875	
278	51	104	0.1835	0.3741	
338	33	74	0.0976	0.2189	
394	70	136	0.1777	0.3452	
168	22	52	0.131	0.3095	
421	51	115	0.1211	0.2732	
104	14	30	0.1346	0.2885	
507	64	128	0.1262	0.2525	
96	16	31	0.1667	0.3229	
698	117	232	0.1676	0.3324	
412	65	134	0.1578	0.3252	
690	362	471	0.5246	0.6826	
122	4	10	0.0328	0.082	
29	5	6	0.1724	0.2069	
290	48	90	0.1655	0.3103	
553	47	96	0.085	0.1736	
363	53	114	0.146	0.314	
440	85	183	0.1932	0.4159	
468	79	153	0.1688	0.3269	
153	13	20	0.085	0.1307	
294	48	113	0.1633	0.3844	
102	10	15	0.098	0.1471	
36	8	10	0.2222	0.2778	
67	16	26	0.2388	0.3881	
286	45	108	0.1573	0.3776	
416	37	83	0.0889	0.1995	
256	29	55	0.1133	0.2148	
42	4	5	0.0952	0.119	
353	63	129	0.1785	0.3654	
186	43	72	0.2312	0.3871	
114	8	14	0.0702	0.1228	
43	5	6	0.1163	0.1395	
287	48	111	0.1672	0.3868	
277	40	76	0.1444	0.2744	
103	10	14	0.0971	0.1359	
644	119	251	0.1848	0.3898	
53	5	10	0.0943	0.1887	
252	38	83	0.1508	0.3294	
309	59	115	0.1909	0.3722	
230	53	99	0.2304	0.4304	
305	84	129	0.2754	0.423	
70	17	21	0.2429	0.3	
492	57	113	0.1159	0.2297	
131	7	16	0.0534	0.1221	
99	21	37	0.2121	0.3737	
96	25	38	0.2604	0.3958	
175	33	57	0.1886	0.3257	
234	52	86	0.2222	0.3675	
110	19	43	0.1727	0.3909	
446	86	160	0.1928	0.3587	
208	45	72	0.2163	0.3462	
397	43	66	0.1083	0.1662	
311	63	129	0.2026	0.4148	
655	86	195	0.1313	0.2977	
79	3	3	0.038	0.038	
391	79	167	0.202	0.4271	
240	38	100	0.1583	0.4167	
336	62	126	0.1845	0.375	
96	18	28	0.1875	0.2917	
55	5	7	0.0909	0.1273	
134	21	47	0.1567	0.3507	
222	20	47	0.0901	0.2117	
64	18	26	0.2812	0.4062	
1499	315	629	0.2101	0.4196	
67	12	23	0.1791	0.3433	
79	7	9	0.0886	0.1139	
388	128	201	0.3299	0.518	
35	7	13	0.2	0.3714	
241	47	90	0.195	0.3734	
222	41	78	0.1847	0.3514	
149	19	42	0.1275	0.2819	
466	155	213	0.3326	0.4571	
206	70	83	0.3398	0.4029	
199	53	87	0.2663	0.4372	
192	25	60	0.1302	0.3125	
127	22	29	0.1732	0.2283	
171	34	72	0.1988	0.4211	
220	63	114	0.2864	0.5182	
187	28	65	0.1497	0.3476	
351	42	89	0.1197	0.2536	
36	14	16	0.3889	0.4444	
95	29	39	0.3053	0.4105	
45	13	20	0.2889	0.4444	
139	9	20	0.0647	0.1439	
392	89	182	0.227	0.4643	
130	24	40	0.1846	0.3077	
129	9	25	0.0698	0.1938	
636	138	281	0.217	0.4418	
462	48	89	0.1039	0.1926	
106	12	34	0.1132	0.3208	
310	54	102	0.1742	0.329	
341	65	135	0.1906	0.3959	
212	40	72	0.1887	0.3396	
268	55	106	0.2052	0.3955	
43	33	40	0.7674	0.9302	
38	14	14	0.3684	0.3684	
68	3	6	0.0441	0.0882	
35	2	6	0.0571	0.1714	
48	6	8	0.125	0.1667	
41	2	2	0.0488	0.0488	
552	93	208	0.1685	0.3768	
279	29	62	0.1039	0.2222	
179	47	74	0.2626	0.4134	
52	9	14	0.1731	0.2692	
32	2	2	0.0625	0.0625	
162	31	51	0.1914	0.3148	
517	113	218	0.2186	0.4217	
326	60	137	0.184	0.4202	
230	43	87	0.187	0.3783	
341	68	149	0.1994	0.437	
208	70	93	0.3365	0.4471	
1155	148	272	0.1281	0.2355	
157	40	68	0.2548	0.4331	
753	125	273	0.166	0.3625	
86	5	10	0.0581	0.1163	
343	71	126	0.207	0.3673	
268	38	68	0.1418	0.2537	
440	47	92	0.1068	0.2091	
148	37	61	0.25	0.4122	
439	78	171	0.1777	0.3895	
159	38	58	0.239	0.3648	
213	38	61	0.1784	0.2864	
843	142	287	0.1684	0.3405	
257	60	112	0.2335	0.4358	
157	22	58	0.1401	0.3694	
128	8	10	0.0625	0.0781	
66	12	18	0.1818	0.2727	
55	4	6	0.0727	0.1091	
337	50	96	0.1484	0.2849	
341	47	110	0.1378	0.3226	
48	4	14	0.0833	0.2917	
131	17	43	0.1298	0.3282	
572	97	189	0.1696	0.3304	
357	57	114	0.1597	0.3193	
168	48	81	0.2857	0.4821	
53	4	5	0.0755	0.0943	
100	11	21	0.11	0.21	
199	37	85	0.1859	0.4271	
131	31	54	0.2366	0.4122	
45	4	9	0.0889	0.2	
557	104	190	0.1867	0.3411	
349	44	96	0.1261	0.2751	
100	16	26	0.16	0.26	
55	9	18	0.1636	0.3273	
239	82	130	0.3431	0.5439	
248	50	99	0.2016	0.3992	
58	12	28	0.2069	0.4828	
122	18	38	0.1475	0.3115	
502	72	186	0.1434	0.3705	
202	38	95	0.1881	0.4703	
60	5	7	0.0833	0.1167	
304	42	104	0.1382	0.3421	
1018	748	823	0.7348	0.8084	
116	19	29	0.1638	0.25	
188	32	65	0.1702	0.3457	
262	58	102	0.2214	0.3893	
363	60	144	0.1653	0.3967	
333	65	125	0.1952	0.3754	
390	67	142	0.1718	0.3641	
325	59	132	0.1815	0.4062	
782	129	234	0.165	0.2992	
339	111	131	0.3274	0.3864	
218	33	79	0.1514	0.3624	
466	88	168	0.1888	0.3605	
168	28	59	0.1667	0.3512	
178	33	77	0.1854	0.4326	
241	42	76	0.1743	0.3154	
316	30	64	0.0949	0.2025	
872	186	341	0.2133	0.3911	
559	52	131	0.093	0.2343	
341	66	119	0.1935	0.349	
494	58	123	0.1174	0.249	
44	8	12	0.1818	0.2727	
401	61	146	0.1521	0.3641	
276	60	101	0.2174	0.3659	
74	7	15	0.0946	0.2027	
416	80	160	0.1923	0.3846	
494	53	113	0.1073	0.2287	
210	45	82	0.2143	0.3905	
378	54	82	0.1429	0.2169	
378	62	125	0.164	0.3307	
154	27	44	0.1753	0.2857	
65	12	19	0.1846	0.2923	
381	92	169	0.2415	0.4436	
336	66	133	0.1964	0.3958	
86	9	20	0.1047	0.2326	
141	69	84	0.4894	0.5957	
145	19	44	0.131	0.3034	
298	37	97	0.1242	0.3255	
341	65	133	0.1906	0.39	
295	58	121	0.1966	0.4102	
316	128	203	0.4051	0.6424	
428	71	171	0.1659	0.3995	
166	20	41	0.1205	0.247	
165	33	74	0.2	0.4485	
131	37	66	0.2824	0.5038	
140	23	47	0.1643	0.3357	
389	95	183	0.2442	0.4704	
86	9	17	0.1047	0.1977	
70	12	15	0.1714	0.2143	
259	63	100	0.2432	0.3861	
251	52	102	0.2072	0.4064	
79	19	30	0.2405	0.3797	
33	3	3	0.0909	0.0909	
90	15	27	0.1667	0.3	
180	33	71	0.1833	0.3944	
213	43	94	0.2019	0.4413	
313	57	100	0.1821	0.3195	
491	117	239	0.2383	0.4868	
255	59	109	0.2314	0.4275	
283	30	60	0.106	0.212	
105	18	37	0.1714	0.3524	
309	93	159	0.301	0.5146	
626	136	252	0.2173	0.4026	
514	125	215	0.2432	0.4183	
57	2	4	0.0351	0.0702	
248	43	104	0.1734	0.4194	
453	76	166	0.1678	0.3664	
63	9	18	0.1429	0.2857	
423	76	158	0.1797	0.3735	
447	49	88	0.1096	0.1969	
650	102	228	0.1569	0.3508	
50	6	8	0.12	0.16	
70	3	3	0.0429	0.0429	
244	43	100	0.1762	0.4098	
232	22	42	0.0948	0.181	
213	18	28	0.0845	0.1315	
100	12	18	0.12	0.18	
353	65	138	0.1841	0.3909	
319	62	117	0.1944	0.3668	
466	45	78	0.0966	0.1674	
147	17	57	0.1156	0.3878	
393	52	80	0.1323	0.2036	
72	4	9	0.0556	0.125	
33	13	15	0.3939	0.4545	
311	60	122	0.1929	0.3923	
292	65	129	0.2226	0.4418	
164	36	68	0.2195	0.4146	
456	97	199	0.2127	0.4364	
179	44	76	0.2458	0.4246	
243	21	39	0.0864	0.1605	
221	30	78	0.1357	0.3529	
247	33	71	0.1336	0.2874	
326	58	103	0.1779	0.316	
67	16	29	0.2388	0.4328	
453	39	96	0.0861	0.2119	
822	101	193	0.1229	0.2348	
342	54	122	0.1579	0.3567	
133	40	56	0.3008	0.4211	
414	60	154	0.1449	0.372	
77	13	33	0.1688	0.4286	
120	25	49	0.2083	0.4083	
163	30	50	0.184	0.3067	
657	126	241	0.1918	0.3668	
215	32	66	0.1488	0.307	
219	34	76	0.1553	0.347	
150	36	56	0.24	0.3733	
254	43	86	0.1693	0.3386	
415	64	159	0.1542	0.3831	
103	18	32	0.1748	0.3107	
260	64	104	0.2462	0.4	
127	18	39	0.1417	0.3071	
173	38	75	0.2197	0.4335	
30	11	16	0.3667	0.5333	
75	17	27	0.2267	0.36	
231	21	46	0.0909	0.1991	
226	19	43	0.0841	0.1903	
214	34	77	0.1589	0.3598	
171	44	83	0.2573	0.4854	
66	18	23	0.2727	0.3485	
332	56	105	0.1687	0.3163	
32	30	32	0.9375	1.0	
757	143	278	0.1889	0.3672	
654	116	224	0.1774	0.3425	
114	26	43	0.2281	0.3772	
89	11	28	0.1236	0.3146	
61	18	21	0.2951	0.3443	
171	19	50	0.1111	0.2924	
193	22	48	0.114	0.2487	
250	50	93	0.2	0.372	
72	15	27	0.2083	0.375	
290	48	109	0.1655	0.3759	
574	96	226	0.1672	0.3937	
40	3	3	0.075	0.075	
358	89	150	0.2486	0.419	
157	35	59	0.2229	0.3758	
443	64	150	0.1445	0.3386	
121	6	14	0.0496	0.1157	
176	26	45	0.1477	0.2557	
34	2	3	0.0588	0.0882	
584	99	205	0.1695	0.351	
334	59	114	0.1766	0.3413	
504	62	125	0.123	0.248	
901	177	344	0.1964	0.3818	
86	14	26	0.1628	0.3023	
322	62	136	0.1925	0.4224	
468	65	136	0.1389	0.2906	
447	41	83	0.0917	0.1857	
48	4	8	0.0833	0.1667	
435	78	155	0.1793	0.3563	
652	92	179	0.1411	0.2745	
76	28	40	0.3684	0.5263	
37	2	2	0.0541	0.0541	
165	38	77	0.2303	0.4667	
186	39	81	0.2097	0.4355	
451	32	84	0.071	0.1863	
470	127	198	0.2702	0.4213	
121	11	30	0.0909	0.2479	
145	56	89	0.3862	0.6138	
161	42	78	0.2609	0.4845	
279	43	91	0.1541	0.3262	
32	2	4	0.0625	0.125	
460	104	192	0.2261	0.4174	
214	33	76	0.1542	0.3551	
173	14	20	0.0809	0.1156	
290	30	59	0.1034	0.2034	
388	33	60	0.0851	0.1546	
230	36	82	0.1565	0.3565	
72	9	12	0.125	0.1667	
336	72	140	0.2143	0.4167	
72	20	31	0.2778	0.4306	
34	5	10	0.1471	0.2941	
281	58	101	0.2064	0.3594	
391	69	136	0.1765	0.3478	
334	63	127	0.1886	0.3802	
33	2	4	0.0606	0.1212	
466	54	100	0.1159	0.2146	
492	99	200	0.2012	0.4065	
805	158	337	0.1963	0.4186	
496	105	196	0.2117	0.3952	
203	18	30	0.0887	0.1478	
355	82	139	0.231	0.3915	
97	11	16	0.1134	0.1649	
419	157	197	0.3747	0.4702	
604	79	156	0.1308	0.2583	
494	84	201	0.17	0.4069	
451	77	168	0.1707	0.3725	
210	27	68	0.1286	0.3238	
246	44	100	0.1789	0.4065	
375	70	136	0.1867	0.3627	
55	3	3	0.0545	0.0545	
118	19	42	0.161	0.3559	
310	72	132	0.2323	0.4258	
164	17	45	0.1037	0.2744	
365	61	126	0.1671	0.3452	
56	15	27	0.2679	0.4821	
268	49	99	0.1828	0.3694	
358	79	151	0.2207	0.4218	
348	59	124	0.1695	0.3563	
363	32	66	0.0882	0.1818	
61	23	28	0.377	0.459	
316	66	152	0.2089	0.481	
105	28	45	0.2667	0.4286	
109	30	42	0.2752	0.3853	
98	23	49	0.2347	0.5	
182	39	80	0.2143	0.4396	
34	2	4	0.0588	0.1176	
133	10	29	0.0752	0.218	
286	41	94	0.1434	0.3287	
137	48	80	0.3504	0.5839	
119	14	31	0.1176	0.2605	
315	80	142	0.254	0.4508	
176	15	32	0.0852	0.1818	
138	23	37	0.1667	0.2681	
169	26	65	0.1538	0.3846	
253	52	100	0.2055	0.3953	
219	16	37	0.0731	0.1689	
423	93	160	0.2199	0.3783	
74	17	27	0.2297	0.3649	
383	71	133	0.1854	0.3473	
420	81	152	0.1929	0.3619	
252	56	111	0.2222	0.4405	
380	67	154	0.1763	0.4053	
275	29	50	0.1055	0.1818	
501	84	185	0.1677	0.3693	
59	5	6	0.0847	0.1017	
512	67	147	0.1309	0.2871	
96	23	37	0.2396	0.3854	
145	40	68	0.2759	0.469	
400	66	139	0.165	0.3475	
192	24	41	0.125	0.2135	
88	17	45	0.1932	0.5114	
625	128	242	0.2048	0.3872	
215	50	90	0.2326	0.4186	
220	34	75	0.1545	0.3409	
551	90	235	0.1633	0.4265	
1057	202	438	0.1911	0.4144	
163	5	22	0.0307	0.135	
166	33	50	0.1988	0.3012	
230	59	111	0.2565	0.4826	
130	21	48	0.1615	0.3692	
322	64	129	0.1988	0.4006	
486	360	395	0.7407	0.8128	
58	12	22	0.2069	0.3793	
236	62	108	0.2627	0.4576	
347	45	78	0.1297	0.2248	
315	48	119	0.1524	0.3778	
179	39	68	0.2179	0.3799	
238	71	112	0.2983	0.4706	
267	43	109	0.161	0.4082	
211	30	50	0.1422	0.237	
1349	697	911	0.5167	0.6753	
324	42	101	0.1296	0.3117	
190	60	87	0.3158	0.4579	
68	8	24	0.1176	0.3529	
215	50	74	0.2326	0.3442	
328	68	131	0.2073	0.3994	
120	32	49	0.2667	0.4083	
136	13	37	0.0956	0.2721	
327	57	128	0.1743	0.3914	
218	42	100	0.1927	0.4587	
533	89	196	0.167	0.3677	
43	26	32	0.6047	0.7442	
99	3	6	0.0303	0.0606	
403	42	87	0.1042	0.2159	
214	42	85	0.1963	0.3972	
31	3	3	0.0968	0.0968	
46	36	40	0.7826	0.8696	
139	26	35	0.1871	0.2518	
72	4	7	0.0556	0.0972	
593	102	204	0.172	0.344	
274	43	81	0.1569	0.2956	
47	22	30	0.4681	0.6383	
156	24	52	0.1538	0.3333	
52	20	31	0.3846	0.5962	
238	23	44	0.0966	0.1849	
87	29	44	0.3333	0.5057	
155	18	48	0.1161	0.3097	
88	13	34	0.1477	0.3864	
116	32	46	0.2759	0.3966	
200	22	36	0.11	0.18	
61	12	18	0.1967	0.2951	
482	53	126	0.11	0.2614	
238	61	122	0.2563	0.5126	
421	87	161	0.2067	0.3824	
180	24	50	0.1333	0.2778	
95	26	40	0.2737	0.4211	
470	103	186	0.2191	0.3957	
144	27	41	0.1875	0.2847	
420	66	150	0.1571	0.3571	
163	17	46	0.1043	0.2822	
327	51	101	0.156	0.3089	
339	62	113	0.1829	0.3333	
437	44	110	0.1007	0.2517	
895	473	583	0.5285	0.6514	
354	59	134	0.1667	0.3785	
459	40	107	0.0871	0.2331	
243	47	97	0.1934	0.3992	
732	134	250	0.1831	0.3415	
265	37	76	0.1396	0.2868	
232	85	102	0.3664	0.4397	
159	17	32	0.1069	0.2013	
334	84	162	0.2515	0.485	
207	52	96	0.2512	0.4638	
280	40	105	0.1429	0.375	
314	43	82	0.1369	0.2611	
162	32	62	0.1975	0.3827	
407	68	154	0.1671	0.3784	
188	31	58	0.1649	0.3085	
92	14	32	0.1522	0.3478	
44	2	6	0.0455	0.1364	
299	40	89	0.1338	0.2977	
334	45	77	0.1347	0.2305	
122	30	50	0.2459	0.4098	
229	26	53	0.1135	0.2314	
174	47	73	0.2701	0.4195	
118	10	19	0.0847	0.161	
312	55	143	0.1763	0.4583	
30	4	5	0.1333	0.1667	
505	83	195	0.1644	0.3861	
311	59	117	0.1897	0.3762	
54	6	10	0.1111	0.1852	
284	47	115	0.1655	0.4049	
297	139	196	0.468	0.6599	
85	5	10	0.0588	0.1176	
267	37	89	0.1386	0.3333	
307	63	131	0.2052	0.4267	
452	48	95	0.1062	0.2102	
68	17	24	0.25	0.3529	
370	70	142	0.1892	0.3838	
487	118	226	0.2423	0.4641	
106	12	38	0.1132	0.3585	
169	30	51	0.1775	0.3018	
95	5	6	0.0526	0.0632	
73	12	34	0.1644	0.4658	
335	72	134	0.2149	0.4	
380	73	148	0.1921	0.3895	
110	23	41	0.2091	0.3727	
129	24	37	0.186	0.2868	
164	17	32	0.1037	0.1951	
321	60	136	0.1869	0.4237	
496	110	213	0.2218	0.4294	
645	106	223	0.1643	0.3457	
243	32	81	0.1317	0.3333	
324	100	151	0.3086	0.466	
108	23	44	0.213	0.4074	
55	10	14	0.1818	0.2545	
509	60	121	0.1179	0.2377	
279	61	108	0.2186	0.3871	
268	48	91	0.1791	0.3396	
668	165	315	0.247	0.4716	
84	12	34	0.1429	0.4048	
199	39	84	0.196	0.4221	
186	31	77	0.1667	0.414	
89	20	32	0.2247	0.3596	
383	151	244	0.3943	0.6371	
876	137	289	0.1564	0.3299	
224	27	61	0.1205	0.2723	
115	7	15	0.0609	0.1304	
116	27	42	0.2328	0.3621	
256	46	89	0.1797	0.3477	
282	47	119	0.1667	0.422	
57	9	16	0.1579	0.2807	
216	25	60	0.1157	0.2778	
354	62	144	0.1751	0.4068	
184	20	38	0.1087	0.2065	
141	17	31	0.1206	0.2199	
390	111	168	0.2846	0.4308	
109	16	21	0.1468	0.1927	
178	39	77	0.2191	0.4326	
91	23	30	0.2527	0.3297	
610	89	190	0.1459	0.3115	
249	33	83	0.1325	0.3333	
58	3	4	0.0517	0.069	
455	78	168	0.1714	0.3692	
428	74	161	0.1729	0.3762	
104	24	49	0.2308	0.4712	
488	94	214	0.1926	0.4385	
312	28	55	0.0897	0.1763	
286	60	117	0.2098	0.4091	
218	18	41	0.0826	0.1881	
147	19	29	0.1293	0.1973	
52	11	21	0.2115	0.4038	
119	13	27	0.1092	0.2269	
39	3	3	0.0769	0.0769	
105	17	21	0.1619	0.2	
166	19	42	0.1145	0.253	
557	63	139	0.1131	0.2496	
419	90	154	0.2148	0.3675	
194	42	81	0.2165	0.4175	
184	42	81	0.2283	0.4402	
150	27	51	0.18	0.34	
273	43	87	0.1575	0.3187	
99	22	36	0.2222	0.3636	
137	21	39	0.1533	0.2847	
52	4	8	0.0769	0.1538	
397	71	175	0.1788	0.4408	
209	128	149	0.6124	0.7129	
187	34	72	0.1818	0.385	
162	80	90	0.4938	0.5556	
272	45	86	0.1654	0.3162	
400	62	120	0.155	0.3	
48	3	4	0.0625	0.0833	
645	329	402	0.5101	0.6233	
575	62	143	0.1078	0.2487	
403	70	144	0.1737	0.3573	
77	5	10	0.0649	0.1299	
199	40	95	0.201	0.4774	
177	37	69	0.209	0.3898	
341	76	141	0.2229	0.4135	
386	68	156	0.1762	0.4041	
286	44	90	0.1538	0.3147	
209	25	45	0.1196	0.2153	
419	261	305	0.6229	0.7279	
149	33	61	0.2215	0.4094	
420	57	127	0.1357	0.3024	
136	24	44	0.1765	0.3235	
266	65	120	0.2444	0.4511	
154	26	45	0.1688	0.2922	
211	24	49	0.1137	0.2322	
435	105	205	0.2414	0.4713	
127	31	50	0.2441	0.3937	
356	207	238	0.5815	0.6685	
68	14	25	0.2059	0.3676	
180	57	108	0.3167	0.6	
258	30	54	0.1163	0.2093	
44	3	4	0.0682	0.0909	
126	25	49	0.1984	0.3889	
179	33	63	0.1844	0.352	
304	71	138	0.2336	0.4539	
96	34	60	0.3542	0.625	
174	28	72	0.1609	0.4138	
94	19	32	0.2021	0.3404	
291	49	94	0.1684	0.323	
66	11	19	0.1667	0.2879	
266	47	101	0.1767	0.3797	
92	11	21	0.1196	0.2283	
192	34	65	0.1771	0.3385	
320	53	107	0.1656	0.3344	
267	24	54	0.0899	0.2022	
32	3	3	0.0938	0.0938	
225	33	54	0.1467	0.24	
66	16	20	0.2424	0.303	
368	73	129	0.1984	0.3505	
374	82	134	0.2193	0.3583	
420	101	179	0.2405	0.4262	
431	74	175	0.1717	0.406	
564	108	219	0.1915	0.3883	
228	51	79	0.2237	0.3465	
87	25	38	0.2874	0.4368	
318	27	57	0.0849	0.1792	
744	181	341	0.2433	0.4583	
800	89	175	0.1113	0.2188	
33	2	4	0.0606	0.1212	
474	124	213	0.2616	0.4494	
292	71	152	0.2432	0.5205	
156	27	47	0.1731	0.3013	
331	162	199	0.4894	0.6012	
327	76	118	0.2324	0.3609	
307	57	118	0.1857	0.3844	
258	38	85	0.1473	0.3295	
263	34	76	0.1293	0.289	
288	26	56	0.0903	0.1944	
228	52	93	0.2281	0.4079	
343	36	68	0.105	0.1983	
421	88	167	0.209	0.3967	
33	3	3	0.0909	0.0909	
134	23	47	0.1716	0.3507	
178	36	72	0.2022	0.4045	
