0.293677
0.271096
0.222534
0.240668
0.372081
0.260146
0.31197
0.284284
0.284034
0.317532
0.261686
0.348704
0.285804
0.248715
0.27074
0.240502
0.297171
0.285472
0.255122
0.305326
0.253821
0.303167
0.307158
0.416254
0.339378
0.29236
0.319709
0.318186
0.407606
0.254098
0.280246
0.2512
0.304109
0.303069
0.305439
0.321332
0.289426
0.332681
0.342677
0.353593
0.273954
0.243959
0.286428
0.282844
0.351966
0.409259
0.275252
0.351707
0.257886
0.305256
0.279308
0.250687
0.302088
0.264317
0.316637
0.296051
0.880399
0.254913
0.377787
0.288755
0.225989
0.283836
0.280388
0.266708
0.275795
0.352936
0.24715
0.269448
0.227368
0.330578
0.309849
0.300577
0.322303
0.232662
0.323839
0.278082
0.306075
0.318089
0.293475
0.278117
0.251068
0.405179
0.323189
0.34395
0.326061
0.328439
0.249663
0.28065
0.281421
0.273575
0.270329
0.298916
0.320415
0.318693
0.430585
0.32309
0.212427
0.363136
0.294392
0.345784
0.301223
0.243522
0.298769
0.315304
0.305669
0.253177
0.343889
0.277306
0.289563
0.408724
0.304974
0.39397
0.305435
0.28954
0.30856
0.273586
0.274594
0.240655
0.334327
0.285964
0.314185
0.194167
0.314275
0.212737
0.291038
0.359257
0.310626
0.36431
0.282898
0.310257
0.251183
0.274493
0.285466
0.331587
0.286137
0.264794
0.414293
0.303329
0.361954
0.337942
0.233875
0.41954
0.275762
0.309719
0.292634
0.287082
0.284237
0.282396
0.313092
0.254888
0.340011
0.297029
0.266781
0.315733
0.285047
0.360296
0.311608
0.282025
0.327917
0.307724
0.315659
0.33952
0.344075
0.260711
0.285724
0.362188
0.35363
0.307025
0.305695
0.333185
0.337967
0.282478
0.283367
0.317457
0.350216
0.42784
0.26347
0.305077
0.325671
0.382715
0.312455
0.29962
0.287622
0.339503
0.270929
0.245213
0.268966
0.270256
0.310616
0.291439
0.32061
0.407237
0.271923
0.256051
0.265731
0.294978
0.341503
0.249893
0.286106
0.244297
0.408092
0.36012
0.359065
0.290129
0.338522
0.294009
0.285618
0.292493
0.300367
0.263869
0.24712
0.27709
0.271416
0.226809
0.226002
0.263249
0.284515
0.277705
0.312303
0.348214
0.280188
0.355324
0.267552
0.28673
0.311439
0.306563
0.270467
0.305233
0.342392
0.321697
0.350313
0.303926
0.255209
0.305967
0.294548
0.259514
0.315344
0.368036
0.26357
0.281865
0.325605
0.316114
0.281684
0.22364
0.288781
0.308874
0.273383
0.247494
0.269267
0.277467
0.300745
0.274736
0.344083
0.30304
0.339329
0.332094
0.266388
0.293598
0.229345
0.272122
0.259004
0.37381
0.315812
0.329634
0.169487
0.351022
0.310178
0.30142
0.25764
0.324032
0.248766
0.272263
0.431055
0.219101
0.35472
0.262745
0.398813
0.287095
0.363005
0.247794
0.314369
0.298887
0.252752
0.287496
0.293204
0.342357
0.344771
0.288736
0.295349
0.408918
0.327224
0.307153
0.247747
0.284845
0.34344
0.142434
0.307456
0.237179
0.3088
0.298952
0.46069
0.283846
0.295772
0.291866
0.288773
0.306879
0.349812
0.327567
0.313213
0.364471
0.353701
0.322358
0.314376
0.189955
0.403603
0.258393
0.315459
0.370727
0.309077
0.231228
0.333107
0.262052
0.429672
0.289989
0.291732
0.312727
0.404009
0.329421
0.298653
0.296166
0.265918
0.283124
0.288056
0.309596
0.271345
0.274666
0.287841
0.269341
0.24723
0.293521
0.293881
0.276133
0.266012
0.294213
0.31626
0.302364
0.225686
0.363156
0.337461
0.313327
0.288481
0.304465
0.28778
0.255006
0.285206
0.18433
0.294135
0.247561
0.347204
0.330001
0.305305
0.269355
0.279169
0.263048
0.312327
0.281979
0.291877
0.254169
0.285657
0.261534
0.305225
0.271736
0.254758
0.213774
0.261713
0.252901
0.285366
0.238698
0.360123
0.310768
0.27121
0.29843
0.292894
0.264845
0.223047
0.245115
0.297002
0.314123
0.307199
0.229731
0.293163
0.310807
0.305374
0.321436
0.283908
0.357753
0.273398
0.243679
0.337879
0.268333
0.282423
0.244086
0.304958
0.327538
0.295686
0.208312
0.283426
0.373134
0.285999
0.325257
0.323746
0.288807
0.216722
0.365471
0.30128
0.244326
0.327108
0.328943
0.291951
0.362616
0.285869
0.317155
0.344343
0.297207
0.308644
0.257691
0.280722
0.28357
0.258156
0.32099
0.317288
0.317491
0.301579
0.404119
0.260474
0.254122
0.290999
0.286022
0.267488
0.314143
0.324827
0.295677
0.279673
0.26915
0.274119
0.312812
0.295874
0.380409
0.316235
0.346181
0.244962
0.295844
0.276567
0.312838
0.305191
0.246151
0.248398
0.292705
0.326677
0.464167
0.405028
0.301899
0.321469
0.269437
0.29748
0.276864
0.201067
0.287563
0.340469
0.314851
0.312285
0.301194
0.308763
0.259021
0.294851
0.246351
0.304629
0.329317
0.338791
0.219361
0.265355
0.335603
0.382624
0.332705
0.223812
0.235223
0.302484
0.28432
0.290649
0.27331
0.274896
0.287661
0.238238
0.341833
0.304575
0.235836
0.323677
0.348531
0.262193
0.248453
0.27106
0.340907
0.356906
0.310697
0.291492
0.27409
0.311795
0.237856
0.275758
0.293675
0.297167
0.280665
0.325559
0.323228
0.294661
0.292501
0.327282
0.28933
0.401497
0.26401
0.281284
0.337301
0.243684
0.270859
0.307245
0.310272
0.306486
0.254611
0.272664
0.231105
0.228706
0.284572
0.208419
0.372533
0.334768
0.325657
0.291346
0.324505
0.378102
0.268898
0.346364
0.281114
0.25852
0.290156
0.255731
0.258878
0.339512
0.300256
0.248192
0.301714
0.286952
0.359175
0.302092
0.313379
0.262326
0.322355
0.30147
0.455786
0.254592
0.287055
0.280144
0.219205
0.352723
0.2567
0.284906
0.279162
0.305399
0.328632
0.295334
0.306757
0.341788
0.290054
0.282574
0.32649
0.282527
0.279181
0.357384
0.352368
0.307153
0.299629
0.265232
0.335023
0.337226
0.289635
0.359831
0.306673
0.299931
0.380783
0.275872
0.308881
0.290945
0.287968
0.260163
0.27306
0.262763
0.294373
0.287608
0.289959
0.25133
0.339319
0.232969
0.263622
0.320566
0.356991
0.292211
0.277239
0.285824
0.238755
0.278629
0.351133
0.342757
0.316913
0.331334
0.290446
0.294859
0.27365
0.392575
0.234003
0.277653
0.283415
0.327774
0.273228
0.225034
0.30565
0.330846
0.264457
0.278864
0.382558
0.264611
0.273269
0.271888
0.399595
0.263689
0.300315
0.289788
0.365509
0.325413
0.287953
0.344822
0.2581
0.33228
0.295021
0.315785
0.218521
0.22214
0.387885
0.251106
0.358155
0.27971
0.297799
0.234656
0.318757
0.254906
0.318051
0.337531
0.347531
0.264114
0.24849
0.29097
0.306834
0.264652
0.367546
0.291424
0.297235
0.303131
0.27805
0.266171
0.262667
0.271017
0.303608
0.298495
0.325274
0.26703
0.307232
0.198994
0.205761
0.288491
0.261948
0.252735
0.389504
0.330963
0.289955
0.248816
0.326025
0.363905
0.319564
0.262459
0.340515
0.304024
0.360071
0.25931
0.295239
0.299393
0.316887
0.251918
0.28447
0.286559
0.319549
0.304381
0.330017
0.272713
0.273369
0.294857
0.29793
0.313605
0.269577
0.300058
0.2564
0.333552
0.29852
0.264001
0.334204
0.26887
0.288457
0.353225
0.263889
0.272505
0.266372
0.292206
0.28099
0.31403
0.275657
0.306618
0.24938
0.321642
0.318121
0.277273
0.273135
0.252612
0.317617
0.259383
0.306045
0.280148
0.277389
0.269242
0.232667
0.307752
0.315465
0.328119
0.298389
0.290353
0.3011
0.27544
0.31375
0.350493
0.278636
0.267825
0.350937
0.274507
0.265416
0.324261
0.30665
0.280273
0.271588
0.384462
0.322644
0.244086
0.290864
0.35584
0.174395
0.207498
0.27877
0.250752
0.300922
0.380865
0.299623
0.294435
0.317075
0.322288
0.265935
0.285264
0.228746
0.256633
0.343581
0.31401
0.395556
0.304234
0.258065
0.253937
0.27566
0.259888
0.236547
0.30638
0.28606
0.335498
0.303105
0.34792
0.279234
0.379549
0.204876
0.276537
0.283993
0.301165
0.272771
0.328009
0.252192
0.316607
0.230655
0.268236
0.273399
0.397356
0.26133
0.285062
0.235823
0.300812
0.315916
0.288965
0.309991
0.364792
0.342483
0.276938
0.279059
0.284555
0.287563
0.265471
0.174799
0.066892
0.593319
0.296463
0.340544
0.247764
0.290886
0.384185
0.291922
0.304812
0.198252
0.278735
0.294512
0.30322
0.362992
0.404984
0.283614
0.306447
0.3
0.415391
0.291024
0.189392
0.37419
0.321191
0.307752
0.26681
0.344219
0.287347
0.306248
0.381102
0.269136
0.289565
0.27882
0.210903
0.32284
0.291457
0.347357
0.313526
0.286772
0.308569
0.279899
0.160069
0.295041
0.356985
0.321161
0.264362
0.316409
0.233378
0.314903
0.29515
0.29453
0.412774
0.284348
0.363939
0.300189
0.244092
0.24681
0.340216
0.293363
0.33813
0.314529
0.157599
0.296967
0.277547
0.30727
0.28661
0.283951
0.281989
0.342121
0.260363
0.264284
0.305726
0.322792
0.291878
0.281185
0.286354
0.28403
0.276719
0.254345
0.286646
0.314789
0.382069
0.31167
0.292814
0.290634
0.304038
0.331428
0.27152
0.280217
0.324408
0.280284
0.279215
0.30927
0.306685
0.237544
0.312281
0.40289
0.288532
0.230262
0.232664
0.255779
0.32174
0.275932
0.301428
0.257446
0.276025
0.295886
0.285602
0.272764
0.360816
0.351995
0.276579
0.278474
0.31854
0.256249
0.309286
0.220257
0.340258
0.262049
0.290568
0.297156
0.246122
0.336748
0.280483
0.373497
0.325478
0.331625
0.331442
0.255585
0.355231
0.271996
0.276294
0.285409
0.295739
0.288802
0.310589
0.316108
0.284558
0.258329
0.238469
0.328328
0.257557
0.290028
0.333766
0.356642
0.291945
0.305332
0.287589
0.269911
0.324681
0.318536
0.310408
0.304751
0.329361
0.267465
0.289975
0.315413
0.314248
0.254548
0.314382
0.349578
0.140377
0.302905
0.357548
0.330328
0.267461
0.328327
0.282406
0.205362
0.270213
0.253881
0.388679
0.315494
0.266038
0.337264
0.143653
0.257597
0.294852
0.32098
0.249646
0.310629
0.253352
0.378058
0.288739
0.320742
0.252855
0.281186
0.268424
0.274962
0.300348
0.27587
0.285504
0.330497
0.260449
0.385165
0.360856
0.208726
0.329262
0.315509
0.371373
0.296971
0.298069
0.262053
0.2602
0.305475
0.242834
0.259779
0.245164
0.258852
0.2514
0.304306
0.257971
0.294376
0.360967
0.293288
0.260924
0.333936
0.284733
0.345253
0.29527
0.275594
0.269458
0.24766
0.29717
0.321834
0.317527
0.275151
0.352817
0.313916
0.315602
0.339624
0.313625
0.349274
0.348097
0.294346
0.35508
0.215708
0.288282
0.570393
0.320749
0.391795
0.310032
0.247386
0.347329
0.296186
0.378974
0.399603
0.294575
0.317398
0.266579
0.238179
0.307629
0.248504
0.265938
0.313453
0.314503
0.338604
0.370298
0.240579
0.223511
0.323262
0.260782
0.2665
0.29935
0.293045
0.263943
0.287949
0.306939
0.270289
0.279491
0.30034
0.314707
0.263234
0.271825
0.231538
0.256688
0.293144
0.298571
0.361381
0.307804
0.261744
0.245793
0.289229
0.334512
0.242303
0.276026
0.315409
0.293585
0.275109
0.245728
0.280543
0.345009
0.310445
0.289946
0.341536
0.243684
0.306127
0.301546
0.23883
0.259152
0.26277
0.269997
0.291025
0.330247
0.382624
0.280878
0.302614
0.243415
0.308388
0.464289
0.274271
0.369002
0.287005
0.234524
0.32224
0.295935
0.304936
0.218885
0.418684
0.343599
0.282545
0.277348
0.327734
0.270179
0.305265
0.264388
0.312087
0.273615
0.179132
0.333855
0.282237
0.27522
0.181058
0.301272
0.296455
0.287934
0.339267
0.356365
0.265176
0.231296
0.297058
0.300328
0.234212
0.309361
0.265794
0.211845
0.325754
0.268461
0.268956
0.279448
0.28788
0.273556
0.337097
0.308981
0.262649
0.295841
0.299168
0.313062
0.314647
0.254337
0.263649
0.290168
0.426921
0.298883
0.29638
0.280155
0.275454
0.318861
0.281957
0.324036
0.344581
0.244294
0.313394
0.275756
0.329863
0.298788
0.323512
0.328448
0.276629
0.360434
0.311654
0.210418
0.186703
0.29167
0.334712
1.22716
0.258266
0.30107
0.222784
0.315641
0.291472
0.256257
0.305297
0.296341
0.277357
0.334102
0.388894
0.428571
0.272559
0.325657
0.402548
0.382635
0.281403
0.208545
0.305367
0.240393
0.30016
0.34891
0.296113
0.267253
0.356536
0.389478
0.323428
0.3352
0.367812
0.301691
0.255969
0.292941
0.359553
0.34416
0.30522
0.241451
0.234494
0.149907
0.268321
0.293826
0.284971
0.288289
0.287584
0.309518
0.248324
0.317818
0.336054
0.212505
0.359311
0.271127
0.279576
0.344003
0.248636
0.248388
0.314659
0.306029
0.233834
0.280644
0.325328
0.376526
0.2653
0.312098
0.368444
0.293526
0.269411
0.247834
0.296414
0.230184
0.305586
0.316013
0.297031
0.296653
0.264019
0.25892
0.266886
0.418065
0.42908
0.270591
0.223749
0.29818
0.329472
0.289199
0.312384
0.270576
0.297612
0.28731
0.368039
0.273881
0.233725
0.349379
0.287684
0.340165
0.275529
0.24788
0.29938
0.32288
0.355972
0.2699
0.193687
0.319034
0.30418
0.266949
0.252228
0.372518
0.30732
0.290364
0.173745
0.385393
0.336185
0.358098
0.32116
0.28871
0.246983
0.271849
0.33735
0.325496
0.288865
0.321974
0.327977
0.311152
0.268938
0.2847
0.270487
0.283448
0.290338
0.272281
0.344738
0.27546
0.31484
0.172445
0.267408
0.277846
0.327303
0.274773
0.271153
0.321102
0.28103
0.386985
0.348722
0.307563
0.285011
0.264648
0.36966
0.333356
0.268512
0.306252
0.342307
0.295337
0.397791
0.245536
0.345882
0.320631
0.326335
0.156733
0.273077
0.335222
0.370971
0.246182
0.289945
0.281041
0.276499
0.291163
0.351423
0.268777
0.274078
0.287304
0.323019
0.311766
0.215367
0.346548
0.235446
0.253558
0.321046
0.224708
0.297863
0.252433
0.277166
0.25285
0.387715
0.312877
0.288034
0.265299
0.289163
0.268718
0.326695
0.272769
0.278087
0.328778
0.28877
0.276382
0.288865
0.24664
0.284967
0.321137
0.298204
0.311565
0.41262
0.263103
0.260615
0.271763
0.274038
0.377478
0.262408
0.287719
0.318525
0.282407
0.29534
0.239415
0.282881
0.32616
0.334399
0.256525
0.252393
0.262126
0.251524
0.236342
0.232477
0.243542
0.278576
0.277391
0.334697
0.311478
0.393804
0.270143
0.266397
0.323889
0.323018
0.287912
0.262189
0.32424
0.317339
0.298467
0.334646
0.235576
0.27457
0.250952
0.269006
0.316034
0.289171
0.285862
0.131802
0.234984
0.315976
0.338689
0.276857
0.23689
0.289932
0.323507
0.352502
0.255923
0.255176
0.322125
0.302729
0.281355
0.329809
0.295232
0.247642
0.296747
0.398844
0.269864
0.275374
0.254007
0.181801
0.306974
0.306864
0.207695
0.365079
0.368256
0.23287
0.208933
0.3248
0.30029
0.236095
0.303663
0.242527
0.280072
0.4027
0.383336
0.288807
0.293069
0.28441
0.257027
0.305966
0.287009
0.25798
0.26176
0.268442
0.23353
0.310094
0.261984
0.29186
0.289448
0.217711
0.330058
0.264662
0.246706
0.297659
0.27175
0.312769
0.263994
0.260004
0.315212
0.250702
0.181732
0.283206
0.279826
0.307913
0.301978
0.205502
0.272006
0.31965
0.298584
0.331489
0.309171
0.291226
0.302004
0.287174
0.311344
0.257355
0.314825
0.28282
0.286776
0.261521
0.291259
0.285966
0.279039
0.375905
0.263049
0.31626
0.286824
0.340288
0.306616
0.343575
0.260509
0.322669
0.286048
0.250998
0.315235
0.307929
0.255967
0.342874
0.269559
0.341934
0.2622
0.360329
0.51418
0.235901
0.277995
0.314653
0.402609
0.215986
0.253832
0.323794
0.283145
0.364219
0.354799
0.254867
0.244766
0.281885
0.260678
0.402069
0.313256
0.293452
0.273459
0.266848
0.26228
0.362462
0.320668
0.292563
0.34232
0.321132
0.342381
0.370106
0.290934
0.224688
0.234558
0.491669
0.270161
0.285225
0.27809
0.366591
0.304701
0.229501
0.327324
0.262002
0.268571
0.346397
0.259315
0.342099
0.295158
0.24482
0.243555
0.310089
0.319158
0.254792
0.300038
0.264234
0.262225
0.303712
0.38363
0.344175
0.379036
0.269481
0.337654
0.386798
0.32221
0.261787
0.389728
0.259416
0.306484
0.262086
0.413059
0.302562
0.21794
0.337334
0.271184
0.277267
0.206917
0.290072
0.293692
0.299086
0.335721
0.293159
0.246643
0.2795
0.279768
0.286446
0.294732
0.348302
0.361502
0.329985
0.276295
0.300099
0.288156
0.327847
0.272209
0.241123
0.33549
0.27987
0.32859
0.416549
0.300906
0.297642
0.322185
0.240688
0.273863
0.23468
0.300535
0.287668
0.298158
0.312205
0.338053
0.305011
0.33579
0.275667
0.241244
0.327724
0.32213
0.328619
0.396417
0.289642
0.401954
0.260955
0.282617
0.342255
0.276865
0.349778
0.295622
0.262954
0.306756
0.306157
0.296417
0.186729
0.294844
0.290542
0.339858
0.309385
0.273577
0.268228
0.285799
0.314453
0.272199
0.248162
0.279088
0.294803
0.304911
0.292918
0.268064
0.314858
0.326629
0.408108
0.341739
0.305619
0.273533
0.273435
0.282694
0.249734
0.308811
0.340455
0.245915
0.293843
0.279793
0.312314
0.289205
0.316739
0.316859
0.263745
0.273155
0.290237
0.291788
0.282447
0.274683
0.365695
0.285417
0.368643
0.265604
0.251433
0.305632
0.267457
0.286261
0.284683
0.26924
0.244241
0.266588
0.309822
0.280557
0.37032
0.293331
0.346587
0.302401
0.264862
0.297116
0.247337
0.263828
0.307567
0.276082
0.270815
0.267283
0.279603
0.30487
0.318014
0.292699
0.312547
0.302545
0.286559
0.313339
0.299185
0.214505
0.273174
0.280072
0.302537
0.330237
0.296613
0.273149
0.276554
0.222537
0.261892
0.214919
0.326954
0.299155
0.248721
0.338177
0.328447
0.257024
0.284089
0.359782
0.337196
0.264425
0.277909
0.194819
0.259126
0.28125
0.273662
0.220056
0.30121
0.2654
0.332626
0.243313
0.332277
0.264786
0.290642
0.278127
0.260346
0.344837
0.377857
0.282576
0.285311
0.329665
0.295872
0.364386
0.255324
0.327459
0.277444
0.265042
0.335349
0.21668
0.342117
0.303196
0.220429
0.223072
0.25915
0.549052
0.293749
0.251922
0.3042
0.249935
0.2852
0.288201
0.290787
0.29569
0.288871
0.264025
0.288895
0.251275
0.230721
0.314529
0.127351
0.295525
0.290563
0.280464
0.231842
0.3413
0.276137
0.33294
0.282728
0.294825
0.329972
0.155898
0.336616
0.28989
0.269584
0.249645
0.302588
0.264734
0.286056
0.292244
0.278013
0.301095
0.292636
0.234429
0.275355
0.304986
0.308586
0.242742
0.338244
0.264608
0.265605
0.306472
0.306272
0.221247
0.261272
0.294341
0.312393
0.313682
0.243327
0.28044
0.302213
0.307726
0.28746
0.299546
0.309238
0.215139
0.270933
0.290352
0.34511
0.318607
0.32742
0.299618
0.312746
0.302803
0.367275
0.201773
0.289829
0.26818
0.320449
0.262101
0.282882
0.437195
0.29622
0.265675
0.278397
0.282275
0.305597
0.336019
0.267954
0.307989
0.226278
0.223129
0.297968
0.280992
0.295973
0.373714
0.483836
0.331709
0.269088
0.277302
0.283173
0.174465
0.284871
0.325754
0.306839
0.324941
0.336175
0.231416
0.276019
0.308736
0.310787
0.276085
0.317304
0.315572
0.311408
0.357036
0.255123
0.355772
0.325355
0.398744
0.258649
0.247085
0.228677
0.263736
0.226318
0.320324
0.274901
0.311041
0.25851
0.25764
0.416272
0.346009
0.285162
0.291909
0.325681
0.301487
0.27567
0.307124
0.262945
0.290195
0.257517
0.269554
0.366982
0.361912
0.350209
0.222456
0.340297
0.286544
0.318453
0.243432
0.307903
0.267968
0.282078
0.355688
0.291778
0.288463
0.35766
0.307482
0.333666
0.371222
0.290299
0.392911
0.283978
0.269873
0.204332
0.264551
0.27677
0.218364
0.332918
0.263455
0.269519
0.317223
0.374261
0.181365
0.293124
0.324059
0.326214
0.26873
0.28234
0.345397
0.291856
0.261047
0.338116
0.259419
0.263459
0.314443
0.238826
0.272931
0.280616
0.267678
0.267525
0.267038
0.137276
0.279989
0.31115
0.365207
0.254273
0.24222
0.272287
0.284716
0.290758
0.316785
0.291557
0.300726
0.29588
0.358745
0.295999
0.287003
0.272645
0.283711
0.325782
0.214269
0.257232
0.281758
0.263354
0.29407
0.292072
0.292826
0.294815
0.270956
0.369165
0.286637
0.318188
0.304641
0.335285
0.294622
0.304391
0.277451
0.293799
0.302231
0.294909
0.300956
0.301969
0.313385
0.283521
0.288676
0.273525
0.273097
0.292854
0.257282
0.320171
0.240082
0.291984
0.329879
0.338947
0.260571
0.285809
0.340329
0.294188
0.250798
0.319769
0.290489
0.274807
0.348871
0.346794
0.345871
0.293574
0.359796
0.265431
0.190571
0.230908
0.265969
0.311896
0.276758
0.339488
0.2719
0.369867
0.280912
0.315505
0.299764
0.285163
0.363275
0.214654
0.257935
0.289712
0.299748
0.284041
0.246631
0.314033
0.33011
0.278465
0.294251
0.366154
0.284358
0.299563
0.282308
0.288874
0.293457
0.301037
0.317373
0.326899
0.344163
0.268068
0.297898
0.404343
0.352898
0.332862
0.253271
0.289353
0.327097
0.329334
0.297095
0.325531
0.379349
0.341862
0.287571
0.250316
0.280476
0.339747
0.377568
0.27663
0.251713
0.308066
0.313846
0.354374
0.247633
0.28419
0.278748
0.294218
0.326616
0.291269
0.262843
0.261874
0.281623
0.387444
0.329636
0.307598
0.35411
0.426497
0.273098
0.320202
0.366375
0.281931
0.321446
0.286253
0.309782
0.249129
0.284934
0.350777
0.298331
0.324456
0.26036
0.316431
0.342512
0.259918
0.308854
0.286433
0.272933
0.322092
0.392665
0.289548
0.347374
0.306216
0.380793
0.282115
0.283283
0.259979
0.323297
0.285799
0.437453
0.325006
0.34491
0.26052
0.250619
0.317109
0.27528
0.32841
0.298714
0.24556
0.276421
0.31833
0.283196
0.291482
0.242681
0.261922
0.314563
0.276044
0.392572
0.360818
0.295959
0.30852
0.252006
0.277979
0.277701
0.270559
0.265512
0.274918
0.161689
0.333634
0.258651
0.316748
0.352127
0.296959
0.37098
0.273749
0.29362
0.300404
0.342631
0.307523
0.441471
0.298479
0.280648
0.313536
0.402463
0.223837
0.282762
0.284089
0.395837
0.342195
0.281903
0.384256
0.294896
0.335793
0.396009
0.221449
0.276008
0.296458
0.357009
0.316986
0.267536
0.297739
0.33622
0.353914
0.373552
0.339128
0.302345
0.273735
0.439036
0.262659
0.283676
0.287815
0.375264
0.275722
0.27414
0.282598
0.286121
0.323498
0.347977
0.30455
0.313798
0.342808
0.278406
0.415075
0.310981
0.353037
0.287725
0.308838
0.282014
0.341291
0.214552
0.315446
0.246523
0.259288
0.419783
0.284676
0.274657
0.306933
0.279194
0.331265
0.309911
0.316617
0.282977
0.291689
0.334356
0.282171
0.291848
0.301561
0.281392
0.298563
0.284467
0.217382
0.329062
0.235786
0.27577
0.314641
0.326877
0.307059
0.278421
0.282777
0.326204
0.266751
0.31968
0.29015
0.331557
0.3192
0.396111
0.260055
0.41628
0.256147
0.353794
0.282847
0.323046
0.276886
0.291811
0.293773
0.250613
0.364595
0.316208
0.268558
0.326183
0.25521
0.279239
0.388399
0.299178
0.344689
0.272663
0.213828
0.292161
0.25128
0.289105
0.27359
0.284314
0.255871
0.345854
0.240306
0.25336
0.359362
0.275247
0.252157
0.288223
0.362754
0.254036
0.271787
0.263215
0.253557
0.259635
0.266543
0.315329
0.313079
0.339839
0.295072
0.30835
0.236482
0.260041
0.19404
0.343392
0.321962
0.326555
0.306751
0.285032
0.282168
0.360189
0.257891
0.291194
0.29472
0.255973
0.346188
0.289224
0.291486
0.305168
0.274527
0.280058
0.298047
0.409782
0.318137
0.354721
0.269372
0.298094
0.168473
0.286185
0.304671
0.289967
0.273621
0.269256
0.287436
0.308578
0.378468
0.264997
0.310186
0.32815
0.255077
0.31954
0.358018
0.258828
0.268033
0.36947
0.288641
0.309861
0.287958
0.302351
0.301714
0.304711
0.2735
0.284421
0.310263
0.30056
0.326184
0.320234
0.265722
0.355989
0.292786
0.298464
0.266778
0.366185
0.271039
0.39417
0.295779
0.288667
0.298213
0.285678
0.347217
0.257583
0.335498
0.347871
0.242705
0.309944
0.296141
0.272189
0.272277
0.284908
0.376205
0.369239
0.249493
0.154119
0.30397
0.276288
0.290147
0.327831
0.334209
0.279567
0.282442
0.242122
0.261161
0.339624
0.290191
0.349472
0.259743
0.331048
0.302912
0.335518
0.348888
0.294495
0.348298
0.301819
0.325057
0.29384
0.328208
0.290225
0.256517
0.269354
0.237498
0.353039
0.272157
0.265781
0.212759
0.239245
0.310427
0.324692
0.275475
0.389265
0.300432
0.376799
0.32626
0.289616
0.259715
0.241609
0.283385
0.311691
0.253087
0.274205
0.316642
0.332214
0.324745
0.278306
0.365761
0.249846
0.310386
0.334527
0.312253
0.303548
0.278867
0.294845
0.331425
0.332174
0.222591
0.268233
0.269049
0.257928
0.391619
0.309993
0.351484
0.311256
0.260812
0.30803
0.333742
0.278174
0.210567
0.298642
0.275455
0.273342
0.345568
0.292463
0.256273
0.273496
0.238752
0.533788
0.327857
0.367285
0.325179
0.304496
0.204216
0.333027
0.345948
0.326771
0.353636
0.260464
0.363584
0.271215
0.283125
0.422449
0.505747
0.284804
0.337725
0.282448
0.271896
0.300851
0.22138
0.294083
0.31408
0.335558
0.27702
0.31704
0.227867
0.279477
0.355021
0.294265
0.396959
0.358473
0.291836
0.27396
0.219516
0.308649
0.305064
0.262682
0.244165
0.318063
0.236463
0.292891
0.289766
0.29651
0.296623
0.300936
0.301888
0.268854
0.262179
0.275412
0.249416
0.256408
0.267776
0.349122
0.304215
0.395116
0.270117
0.329957
0.244139
0.280788
0.230428
0.295473
0.261447
0.247682
0.277564
0.287093
0.319019
0.270427
0.235986
0.272261
0.320568
0.358304
0.261187
0.306678
0.219566
0.241343
0.302756
0.317606
0.262986
0.296371
0.310168
0.291358
0.355883
0.298875
0.262579
0.242521
0.268819
0.282335
0.335786
0.315729
0.22528
0.276931
0.235899
0.311794
0.314835
0.265127
0.292033
0.303215
0.277535
0.314382
0.289668
0.354702
0.315449
0.283464
0.341977
0.30301
0.430506
0.303603
0.310326
0.28792
0.437145
0.290458
0.424009
0.236462
0.234744
0.281168
0.260441
0.323031
0.335308
0.353414
0.293366
0.269107
0.3021
0.376503
0.304501
0.226585
0.300805
0.383706
0.306498
0.334124
0.302477
0.313953
0.271549
0.299547
0.267228
0.349244
0.243829
0.296291
0.323574
0.268215
0.281753
0.357023
0.245964
0.296513
0.36686
0.297073
0.27447
0.311414
0.224042
0.342287
0.27746
0.330559
0.223358
0.31681
0.359359
0.336993
0.446165
0.248846
0.293192
0.339626
0.279037
0.319505
0.332247
0.279388
0.379771
0.287303
0.252572
0.329446
0.288907
0.306058
0.307173
0.288965
0.33519
0.251393
0.31393
0.293869
0.280903
0.32185
0.278893
0.287596
0.277445
0.603262
0.313048
0.280608
0.279928
0.317271
0.271004
0.255021
0.298033
0.298988
0.354436
0.312157
0.296971
0.246287
0.174021
0.28315
0.295576
0.208643
0.299469
0.257951
0.291897
0.30325
0.329564
0.236019
0.278134
0.295299
0.251363
0.313484
0.284957
0.299899
0.311111
0.257892
0.349053
0.17149
0.357516
0.266932
0.296857
0.228366
0.332914
0.279054
0.356553
0.302797
0.257966
0.321241
0.273751
0.29227
0.26084
0.172949
0.309102
0.356023
0.280972
0.225209
0.365753
0.25804
0.287822
0.267574
0.348323
0.266498
0.409462
0.255363
0.273681
0.237322
0.408685
0.283659
0.401074
0.267514
0.311329
0.266833
0.269957
0.26249
0.302053
0.344734
0.317439
0.260491
0.33289
0.479076
0.377499
0.275373
0.261284
0.435056
0.431045
0.351077
0.289967
0.295246
0.335743
0.318231
0.30831
0.266869
0.314622
0.230923
0.289382
0.309464
0.312135
0.292137
0.367847
0.270268
0.276064
0.257528
0.201988
0.394002
0.255589
0.307041
0.298282
0.304455
0.307292
0.288677
0.353962
0.335265
0.201272
0.292824
0.285501
0.284754
0.29415
0.344177
0.346397
0.291008
0.366956
0.381708
0.263681
0.245958
0.283422
0.311598
0.409957
0.294181
0.284792
0.33408
0.274541
0.270329
0.31588
0.278035
0.264469
0.274885
0.316823
0.316943
0.369383
0.266396
0.396855
0.272144
0.32608
0.272502
0.351939
0.260729
0.367733
0.317586
0.287188
0.276475
0.278493
0.34846
0.321414
0.227519
0.312305
0.300258
0.285022
0.353258
0.291496
0.295243
0.363229
0.25044
0.272443
0.299296
0.230548
0.284306
0.261884
0.380446
0.314526
0.251601
0.323663
0.236078
0.303719
0.275548
0.27061
0.307252
0.265335
0.264866
0.295386
0.321796
0.36674
0.271525
0.310056
0.30502
0.338375
0.276465
0.257079
0.269332
0.295653
0.284736
0.361846
0.298458
0.301807
0.347402
0.311456
0.427059
0.29469
0.282177
0.314688
0.289904
0.334192
0.29426
0.241196
0.297866
0.270795
0.257398
0.144635
0.27065
0.307544
0.370357
0.315093
0.273622
0.257764
0.361531
0.271429
0.323272
0.212377
0.264986
0.364664
0.304034
0.292904
0.366981
0.323546
0.264159
0.344079
0.309834
0.283821
0.258226
0.329425
0.361106
0.374219
0.373684
0.277071
0.300659
0.261378
0.277774
0.216449
0.359343
0.253432
0.346949
0.280089
0.320345
0.342643
0.286951
0.309237
0.250369
0.15056
0.413974
0.321684
0.293982
0.231139
0.328515
0.330453
0.243487
0.37905
0.273121
0.303659
0.237215
0.318354
0.262569
0.28055
0.269899
0.384533
0.28402
0.281561
0.295378
0.236396
0.316208
0.310533
0.257426
0.30245
0.287156
0.28715
0.316596
0.377162
0.24883
0.348892
0.320551
0.295824
0.184302
0.25083
0.33046
0.257553
0.307711
0.268346
0.343217
0.33963
0.283779
0.281471
0.324826
0.318182
0.272449
0.338302
0.316858
0.245331
0.278239
0.303307
0.253644
0.32489
0.413062
0.324309
0.24921
0.329773
0.294854
0.290219
0.265988
0.297232
0.273274
0.347773
0.298754
0.343051
0.273264
0.281338
0.253921
0.247554
0.249586
0.327123
0.337294
0.264019
0.248409
0.257182
0.236685
0.255832
0.345865
0.317221
0.243373
0.277294
0.275801
0.34361
0.228801
0.285755
0.286664
0.27833
0.250243
0.239593
0.34514
0.275749
0.362099
0.323324
0.273795
0.329168
0.299323
0.256269
0.245113
0.349019
0.284212
0.29331
0.326316
0.254956
0.274426
0.366593
0.305034
0.295882
0.295871
0.320887
0.257411
0.253096
0.336082
0.254949
0.267702
0.303553
0.338974
0.310368
0.280904
0.237751
0.32855
0.256233
0.276908
0.216928
0.236706
0.351303
0.310567
0.305551
0.291248
0.27588
0.324606
0.274643
0.285914
0.341333
0.297797
0.526333
0.320614
0.332915
0.304012
0.448118
0.302301
0.269289
0.362992
0.320785
0.293394
0.257278
0.267782
0.345291
0.268789
0.350391
0.312049
0.316176
0.27706
0.248546
0.307078
0.28479
0.290969
0.313004
0.291177
0.344754
0.285326
0.251862
0.327598
0.269518
0.351884
0.21453
0.245853
0.347634
0.215281
0.329176
0.246001
0.255481
0.323553
0.33724
0.329951
0.290571
0.293249
0.308218
0.273728
0.328727
0.298159
0.324556
0.327969
0.24207
0.326367
0.324349
0.26202
0.4068
0.356102
0.16826
0.256763
0.346112
0.383775
0.257836
0.2653
0.265926
0.278559
0.274937
0.261477
0.239016
0.173468
0.295179
0.233676
0.389402
0.466605
0.301337
0.220981
0.334369
0.270253
0.644759
0.275817
0.239869
0.28488
0.280946
0.248545
0.283406
0.296494
0.329885
0.27678
0.320896
0.323177
0.263169
0.331881
0.284458
0.35942
0.307676
0.258642
0.335966
0.304095
0.296377
0.284226
0.231883
0.329429
0.234184
0.29312
0.292401
0.300723
0.339041
0.341769
0.278679
0.283004
0.335029
0.303055
0.333153
0.330309
0.348293
0.281199
0.302954
0.330621
0.27853
0.325266
0.276424
0.291679
0.325191
0.278604
0.344107
0.260314
0.265334
0.304457
0.378036
0.285968
0.301682
0.315672
0.318232
0.294172
0.301139
0.275288
0.29192
0.257346
0.325505
0.219311
0.173283
0.194987
0.310542
0.310039
0.287884
0.279904
0.282544
0.270285
0.345223
0.326542
0.35592
0.36522
0.359685
0.314877
0.294309
0.278209
0.371721
0.287392
0.313865
0.285954
0.303645
0.250428
0.309062
0.324986
0.304562
0.307296
0.256614
0.341081
0.317587
0.232923
0.239542
0.326187
0.312889
0.288882
0.290934
0.288238
0.210628
0.258886
0.32209
0.35485
0.367732
0.274684
0.308625
0.346393
0.294984
0.309111
0.302778
0.333842
0.331626
0.299788
0.280139
0.339437
0.292357
0.315866
0.272374
0.328803
0.266086
0.348825
0.326457
0.450425
0.327642
0.30011
0.269894
0.34326
0.233236
0.30842
0.317073
0.261342
0.186515
0.805804
0.278235
0.274348
0.281853
0.326558
0.304516
0.314956
0.250089
0.314612
0.317584
0.275116
0.144826
0.301151
0.223484
0.305997
0.374943
0.325956
0.304908
0.253021
0.166141
0.296455
0.278715
0.268645
0.282184
0.23647
0.216414
0.420968
0.368312
0.25484
0.234684
0.277071
0.387763
0.237182
0.270479
0.284451
0.264042
0.27324
0.396877
0.293777
0.293225
0.259075
0.349163
0.323749
0.267238
0.269869
0.340155
0.302395
0.336363
0.30292
0.327033
0.283585
0.356849
0.312408
0.404874
0.311932
0.269425
0.265703
0.32042
0.285258
0.258221
0.336609
0.243013
0.323037
0.274416
0.330173
0.250205
0.326716
0.306226
0.268224
0.236598
0.251948
0.263117
0.276324
0.239709
0.236972
0.293844
0.305473
0.255407
0.30854
0.347819
0.310092
0.304993
0.294549
0.573645
0.273486
0.321783
0.28608
0.24903
0.171266
0.258614
0.338778
0.276071
0.26814
0.32412
0.43337
0.270865
0.310948
0.266271
0.235874
0.353008
0.256084
0.253742
0.249269
0.297267
0.369389
0.296224
0.443466
0.298256
0.362967
0.288167
0.331294
0.277622
0.355309
0.29354
0.280241
0.217937
0.31856
0.331357
0.266362
0.299227
0.351036
0.267545
0.332215
0.168697
0.312857
0.333084
0.213469
0.308263
0.294231
0.266462
0.395256
0.282154
0.315835
0.298799
0.2858
0.276951
0.302806
0.302403
0.296219
0.300429
0.403045
0.272226
0.29058
0.315618
0.26566
0.306532
0.29369
0.300193
0.23539
0.292337
0.232133
0.321466
0.284183
0.272665
0.282131
0.270455
0.342388
0.348458
0.354982
0.342252
0.290496
0.363079
0.298361
0.266544
0.333688
0.360527
0.33476
0.304575
0.289474
0.310657
0.298356
0.257565
0.299616
0.249929
0.263029
0.269206
0.275202
0.280284
0.301611
0.28522
0.294382
0.238789
0.314768
0.312087
0.311147
0.291004
0.331782
0.300668
0.265542
0.279666
0.391053
0.246938
0.257822
0.262336
0.166313
0.226971
0.308813
0.26195
0.261045
0.25846
0.264126
0.235825
0.255887
0.284689
0.265293
0.36117
0.261112
0.288885
0.315452
0.309603
0.290733
0.339336
0.216379
0.34801
0.220448
0.377717
0.28996
0.294636
0.37512
0.372878
0.331182
0.203778
0.332257
0.24961
0.276104
0.283888
0.306842
0.300915
0.299927
0.278442
0.253019
0.255626
0.254826
0.324266
0.283096
0.213325
0.383101
0.299357
0.27022
0.30721
0.287532
0.273602
0.285459
0.336524
0.385917
0.283015
0.252818
0.266975
0.188679
0.336512
0.270532
0.25758
0.320649
0.290474
0.21143
0.238316
0.294935
0.347366
0.251375
0.267079
0.347792
0.241849
0.318344
0.302257
0.273893
0.274708
0.270898
0.408165
0.266201
0.343328
0.248189
0.301154
0.377952
0.323726
0.290719
0.241362
0.231039
0.287964
0.260165
0.277187
0.236105
0.326375
0.255243
0.291485
0.285135
0.272435
0.282871
0.35055
0.326266
0.290344
0.289226
0.381154
0.342278
0.328965
0.288577
0.300431
0.305564
0.309634
0.265837
0.365952
0.26142
0.319046
0.230683
0.265363
0.270005
0.298594
0.271185
0.274771
0.300693
0.264002
0.28813
0.347671
0.290953
0.246326
0.261531
0.261237
0.258877
0.297207
0.316183
0.350144
0.286361
0.254357
0.246875
0.33663
0.245752
0.273506
0.310919
0.34385
0.438218
0.313896
0.293353
0.330842
0.361854
0.273769
0.270187
0.26053
0.261777
0.302263
0.311787
0.284924
0.266869
0.180672
0.246546
0.296992
0.305675
0.346259
0.215041
0.268516
0.334018
0.270649
0.32788
0.285187
0.221054
0.283768
0.292633
0.292921
0.296051
0.337865
0.28224
0.321168
0.295223
0.281491
0.314322
0.272934
0.286806
0.300159
0.326647
0.362846
0.366931
0.30655
0.270145
0.16353
0.281181
0.323343
0.227619
0.271626
0.295811
0.257337
0.313289
0.268892
0.306107
0.266164
0.217756
0.330828
0.330695
0.319228
0.236908
0.274919
0.362724
0.36949
0.279786
0.311995
0.29185
0.278288
0.27574
0.208586
0.297833
0.261991
0.272325
0.391393
0.260765
0.320223
0.273663
0.297065
0.227687
0.248339
0.275741
0.278329
0.319315
0.298816
0.375599
0.36041
0.338998
0.304271
0.304678
0.356996
0.267067
0.275273
0.306549
0.389408
0.377079
0.305881
0.320697
0.315298
0.298697
0.23136
0.285705
0.32448
0.30765
0.360292
0.238779
0.310588
0.352057
0.327436
0.263692
0.281978
0.294486
0.299467
0.265726
0.334817
0.315111
0.304749
0.286167
0.308817
0.34456
0.299308
0.29478
0.298439
0.317937
0.34825
0.31951
0.386881
0.311512
0.351784
0.327403
0.276243
0.28714
0.281883
0.331632
0.296473
0.276545
0.307134
0.306492
0.384116
0.278428
0.258261
0.277593
0.363987
0.217572
0.25888
0.313095
0.270582
0.331608
0.295599
0.383625
0.284499
0.309603
0.239171
0.29765
0.275347
0.288646
0.293822
0.251603
0.397073
0.286819
0.286217
0.30207
0.287384
0.312382
0.26016
0.2907
0.311718
0.324406
0.312518
0.474466
0.320081
0.371949
0.340588
0.259576
0.270608
0.269421
0.340612
0.287377
0.416123
0.254247
0.2759
0.331
0.295451
0.283463
0.305675
0.335712
0.271701
0.230112
0.25851
0.259853
0.334697
0.269953
0.289748
0.254001
0.320571
0.228491
0.337474
0.177369
0.270936
0.277471
0.223446
0.25844
0.266781
0.297695
0.204022
0.318845
0.286584
0.289627
0.23529
0.26588
0.286568
0.330155
0.264198
0.288523
0.317937
0.379211
0.265985
0.394079
0.333812
0.281657
0.218098
0.271697
0.27728
0.2455
0.302753
0.251308
0.332794
0.355036
0.327011
0.266014
0.258495
0.281408
0.303183
0.3176
0.293081
0.279168
0.343039
0.290652
0.270131
0.258095
0.280531
0.266632
0.302533
0.297464
0.30134
0.312084
0.3193
0.342982
0.251383
0.264045
0.374276
0.295189
0.251374
0.209844
0.265838
0.229771
0.318031
0.251154
0.363751
0.254537
0.257501
0.286573
0.295629
0.282652
0.306687
0.455998
0.291258
0.305479
0.293737
0.290457
0.307501
0.31389
0.298861
0.242444
0.28648
0.26576
0.266859
0.299482
0.291775
0.261132
0.292462
0.273701
0.342756
0.27828
0.32862
0.269473
0.283375
0.339482
0.323995
0.295139
0.308967
0.320897
0.303531
0.31701
0.280376
0.311197
0.264154
0.330577
0.36183
0.266836
0.318302
0.327467
0.26584
0.252069
0.263075
0.295791
0.289637
0.300828
0.335378
0.279036
0.381563
0.289917
0.256523
0.306643
0.299357
0.318167
0.282051
0.17566
0.252514
0.317278
0.289352
0.352312
0.295252
0.29462
0.264237
0.26938
0.342557
0.318487
0.396219
0.397804
0.289033
0.310652
0.256284
0.234737
0.252785
0.399049
0.276942
0.250456
0.322515
0.368047
0.296708
0.37173
0.236779
0.310671
0.292836
0.297092
0.308807
0.293083
0.282892
0.407779
0.33736
0.258426
0.499056
0.314229
0.271301
0.311176
0.346561
0.457547
0.265422
0.286722
0.233281
0.298205
0.269157
0.300036
0.297149
0.282757
0.277348
0.251545
0.291958
0.377503
0.414029
0.262742
0.291746
0.28037
0.355611
0.28767
0.295819
0.295862
0.336862
0.275755
0.280321
0.227448
0.297072
0.289505
0.310361
0.313704
0.292921
0.312796
0.292683
0.304236
0.32197
0.317695
0.308861
0.355739
0.328936
0.328162
0.346147
0.336494
0.337547
0.337356
0.27657
0.339461
0.311153
0.275529
0.254339
0.273043
0.26801
0.274955
0.272195
0.323886
0.238874
0.357774
0.32274
0.367183
0.325268
0.315086
0.276476
0.276474
0.301192
0.312701
0.43322
0.336227
0.276176
0.314335
0.268672
0.256656
0.297953
0.29135
0.245364
0.28441
0.256937
0.288891
0.236602
0.193263
0.330305
0.303873
0.179503
0.390401
0.316492
0.270627
0.344335
0.276136
0.397886
0.293537
0.351143
0.258562
0.303357
0.267231
0.24673
0.264304
0.357745
0.28583
0.293319
0.381343
0.244967
0.381649
0.319516
0.287932
0.30076
0.310503
0.300438
0.241967
0.294207
0.275434
0.283342
0.30134
0.342546
0.347745
0.341853
0.277998
0.312028
0.255979
0.333486
0.213528
0.303385
0.252669
0.27344
0.266578
0.284556
0.332957
0.328514
0.311152
0.348777
0.338689
0.28613
0.326132
0.301804
0.290093
0.316918
0.275622
0.292333
0.325349
0.299766
0.303329
0.407317
0.275265
0.389043
0.401189
0.275927
0.241927
0.301818
0.308081
0.305877
0.319328
0.266046
0.268915
0.287332
0.263902
0.283608
0.301138
0.285883
0.260789
0.306329
0.314131
0.306253
0.294011
0.277679
0.296902
0.287287
0.377428
0.389818
0.324608
0.255978
0.390016
0.275855
0.310446
0.328932
0.321229
0.258479
0.306476
0.285815
0.325268
0.303447
0.357395
0.309874
0.31632
0.281704
0.357613
0.257406
0.307102
0.211414
0.338817
0.279181
0.261157
0.399571
0.275521
0.266249
0.288609
0.225451
0.244518
0.259942
0.276159
0.247525
0.340113
0.283284
0.295255
0.355342
0.25048
0.298259
0.276276
0.334281
0.251439
0.290111
0.249662
0.250291
0.312278
0.279269
0.244892
0.304718
0.253672
0.354119
0.336614
0.267791
0.291167
0.350475
0.267284
0.356302
0.241576
0.33005
0.299344
0.272443
0.255787
0.306415
0.259576
0.300336
0.20455
0.271717
0.303941
0.425926
0.25816
0.288053
0.442103
0.353051
0.351183
0.287003
0.305507
0.235421
0.268993
0.277461
0.356676
0.204112
0.234626
0.304496
0.318294
0.296676
0.268105
0.467209
0.309564
0.342822
0.293724
0.298066
0.33775
0.290797
0.286721
0.264651
0.301519
0.258603
0.251073
0.284183
0.395637
0.276324
0.296143
0.329979
0.337938
0.249273
0.26684
0.315011
0.279159
0.426711
0.236985
0.25516
0.293549
0.309582
0.351664
0.322083
0.256928
0.256995
0.28478
0.292192
0.298752
0.279797
0.258986
0.282714
0.281613
0.256925
0.308882
0.280695
0.303003
0.301433
0.264036
0.351675
0.300613
0.291422
0.218251
0.322388
0.244271
0.369626
0.332126
0.270403
0.232738
0.303818
0.302905
0.275288
0.326695
0.305908
0.332383
0.268435
0.211859
0.258506
0.298891
0.340205
0.331337
0.341336
0.279384
0.376077
0.341362
0.32922
0.340456
0.221009
0.277782
0.304778
0.340936
0.286033
0.300396
0.348565
0.23636
0.306481
0.274849
0.273023
0.324962
0.262243
0.635681
0.275862
0.303454
0.29106
0.305174
0.323085
0.333628
0.285746
0.30831
0.32978
0.393897
0.247899
0.260724
0.297517
0.268391
0.191544
0.373209
0.333625
0.320905
0.294104
0.51474
0.359316
0.287762
0.392293
0.319051
0.315868
0.310831
0.276199
0.309259
0.290905
0.284645
0.326847
0.305634
0.473928
0.204228
0.378868
0.265723
0.290308
0.332645
0.253209
0.284415
0.272244
0.305011
0.33056
0.356845
0.299236
0.307815
0.226744
0.289749
0.40259
0.350286
0.343118
0.319266
0.395275
0.252226
0.283444
0.3314
0.347931
0.347021
0.35868
0.310002
0.307311
0.336493
0.341694
0.396322
0.331647
0.277473
0.315591
0.266934
0.282221
0.305875
0.286585
0.260478
0.311562
0.358571
0.370137
0.314307
0.247093
0.350642
0.266997
0.289214
0.309335
0.300606
0.293001
0.282237
0.317194
0.274955
0.236178
0.451055
0.311258
0.300949
0.331124
0.330521
0.24158
0.316074
0.284382
0.293833
0.291931
0.252651
0.316454
0.320559
0.30312
0.295982
0.226512
0.266217
0.299447
0.329616
0.265705
0.317367
0.259648
0.333019
0.3054
0.294061
0.281391
0.235154
0.27125
0.292788
0.393346
0.200513
0.262946
0.295451
0.259544
0.292146
0.307414
0.241475
0.315812
0.414608
0.294987
0.270276
0.244006
0.286569
0.274605
0.268194
0.304017
0.315817
0.28871
0.309346
0.334496
0.243444
0.290838
0.2802
0.190473
0.330098
0.303547
0.29315
0.369651
0.301124
0.347598
0.291695
0.290384
0.293378
0.24256
0.298367
0.305275
0.286426
0.337005
0.314603
0.246523
0.283209
0.283159
0.271348
0.275906
0.256404
0.260106
0.336589
0.412592
0.474109
0.286027
0.226212
0.286668
0.234698
0.318535
0.346006
0.328316
0.32288
0.243899
0.517167
0.319622
0.30886
0.311479
0.278019
0.279406
0.280008
0.321416
0.303316
0.310264
0.292418
0.29679
0.39267
0.307598
0.390104
0.315012
0.281923
0.494098
0.378789
0.276199
0.299655
0.305836
0.306006
0.298418
0.369436
0.271799
0.285294
0.302382
0.288649
0.306066
0.305089
0.290083
0.297188
0.275606
0.229205
0.220922
0.373007
0.299419
0.326919
0.464421
0.303652
0.301467
0.270266
0.348826
0.268985
0.387576
0.308634
0.293955
0.29927
0.278724
0.271393
0.220472
0.278745
0.241903
0.235576
0.28208
0.223596
0.345377
0.260626
0.228094
0.248795
0.384293
0.326795
0.342499
0.285204
0.257906
0.311992
0.288787
0.301863
0.327611
0.30719
0.263721
0.265553
0.13873
0.249871
0.340354
0.276214
0.270579
0.300532
0.302739
0.309097
0.291248
0.244313
0.298723
0.407631
0.248197
0.262642
0.302119
0.317996
0.289743
0.344177
0.258494
0.319882
0.284995
0.349894
0.284212
0.23907
0.290773
0.305654
0.27235
0.246334
0.329648
0.283163
0.318866
0.313478
0.443503
0.359737
0.288782
0.28
0.251772
0.34161
0.280803
0.352333
0.305801
0.393613
0.257536
0.330753
0.226108
0.319831
0.285252
0.265207
0.236404
0.361657
0.297824
0.280158
0.272681
0.29389
0.258584
0.290659
0.220254
0.40303
0.290898
0.432386
0.268778
0.359042
0.314737
0.472735
0.302084
0.24389
0.307645
0.287941
0.283976
0.28902
0.300107
0.276951
0.289077
0.232669
0.275521
0.287663
0.315316
0.288939
0.411953
0.280305
0.328156
0.322513
0.252409
0.291002
0.288586
0.309714
0.221987
0.32291
0.309171
0.283203
0.36323
0.375821
0.318833
0.285146
0.347156
0.325849
0.286445
0.267591
0.35555
0.306769
0.26393
0.300502
0.390771
0.291617
0.252571
0.291802
0.276338
0.349656
0.233302
0.282471
0.297715
0.300361
0.285158
0.352828
0.331824
0.336811
0.29453
0.283272
0.327941
0.27325
0.358401
0.269471
0.270902
0.321815
0.296541
0.263205
0.280666
0.309879
0.285174
0.238968
0.428951
0.275841
0.30876
0.272504
0.29323
0.264428
0.239197
0.271387
0.307214
0.273989
0.257701
0.327526
0.270412
0.261911
0.243037
0.241173
0.262578
0.284676
0.290222
0.281349
0.29888
0.26002
0.334528
0.350868
0.328868
0.351954
0.28624
0.224139
0.254249
0.271951
0.294022
0.340613
0.294832
0.270723
0.308659
0.338105
0.335908
0.340095
0.294423
0.307743
0.335417
0.25026
0.272449
0.302871
0.283386
0.297043
0.264715
0.250071
0.290791
0.232446
0.508029
0.356298
0.321571
0.343072
0.34287
0.238007
0.294739
0.305856
0.297628
0.258824
0.280459
0.241141
0.271898
0.346499
0.150359
0.253713
0.288724
0.319802
0.274686
0.252592
0.252003
0.272212
0.323848
0.305082
0.303967
0.318508
0.254339
0.312458
0.303041
0.264919
0.272856
0.275548
0.237327
0.284944
0.321434
0.378881
0.326252
0.274323
0.317582
0.366158
0.333005
0.260664
0.341635
0.313657
0.303617
0.268814
0.297767
0.299391
0.28694
0.312553
0.27223
0.299116
0.29405
0.322938
0.316973
0.313622
0.258956
0.358883
0.313292
0.29418
0.326075
0.296018
0.246775
0.312361
0.339952
0.331068
0.275114
0.308914
0.368785
0.345691
0.314437
0.300323
0.276096
0.269071
0.307946
0.386716
0.287036
0.272768
0.353755
0.274896
0.255842
0.287268
0.330364
0.341138
0.284985
0.272366
0.260092
0.308836
0.332413
0.268453
0.321064
0.340802
0.309427
0.285507
0.360631
0.247347
0.346788
0.30498
0.310882
0.283054
0.368426
0.219714
0.324379
0.317323
0.311089
0.343379
0.303652
0.379534
0.354197
0.327473
0.460393
0.261093
0.256657
0.22709
0.302008
0.3446
0.471176
0.287211
0.255491
0.311779
0.324512
0.343398
0.31252
0.412719
0.317109
0.380349
0.320594
0.265693
0.273666
0.324942
0.250412
0.238523
0.335748
0.302453
0.331915
0.377329
0.302957
0.171558
0.302372
0.279575
0.262259
0.25116
0.234643
0.250186
0.325212
0.335361
0.289399
0.25809
0.252412
0.273217
0.358396
0.30842
0.28152
0.281998
0.255873
0.300443
0.488041
0.305732
0.282375
0.271999
0.346157
0.301158
0.276017
0.291452
0.306265
0.269605
0.291165
0.286887
0.303056
0.354732
0.337714
0.295646
0.281885
0.273219
0.260224
0.286811
0.389424
0.198078
0.310512
0.216428
0.295863
0.315724
0.272833
0.304087
0.296205
0.294724
0.262681
0.244767
0.305033
0.306303
0.29126
0.254906
0.312307
0.660042
0.239105
0.261405
0.257533
0.255893
0.288297
0.214793
0.223483
0.275175
0.290426
0.286202
0.279635
0.334817
0.276812
0.279382
0.299492
0.27462
0.268588
0.305322
0.283164
0.153073
0.35658
0.297924
0.2927
0.3151
0.298532
0.279374
0.280936
0.308694
0.342785
0.315356
0.23533
0.278342
0.357788
0.254355
0.29292
0.237973
0.301923
0.288618
0.286853
0.340669
0.306435
0.268171
0.324013
0.334133
0.268258
0.367389
0.339049
0.278077
0.316924
0.258142
0.280433
0.291295
0.345604
0.382075
0.294998
0.298344
0.418972
0.340072
0.288798
0.287096
0.41459
0.303745
0.283368
0.334179
0.317365
0.270979
0.342715
0.373485
0.274316
0.297625
0.32318
0.249946
0.284464
0.345473
0.287321
0.291928
0.315819
0.230936
0.35585
0.369339
0.331138
0.289744
0.242914
0.30005
0.334729
0.358287
0.327683
0.356648
0.271574
0.313018
0.263082
0.276239
0.302166
0.34023
0.305456
0.279136
0.286381
0.288176
0.313557
0.283575
0.376573
0.296378
0.441989
0.330306
0.314514
0.341785
0.259487
0.278735
0.288933
0.286874
0.255929
0.288938
0.259326
0.269397
0.344862
0.423325
0.298279
0.29582
0.235917
0.310633
0.267696
0.221556
0.284517
0.428009
0.329964
0.272579
0.324118
0.305991
0.354377
0.291645
0.244256
0.160851
0.300805
0.265825
0.28608
0.349039
0.278506
0.395817
0.243946
0.341004
0.312215
0.280553
0.385937
0.245936
0.280908
0.291558
0.336176
0.316423
0.296688
0.305521
0.416583
0.303173
0.301885
0.292798
0.28275
0.300467
0.24915
0.266339
0.277814
0.296838
0.287118
0.261556
0.27175
0.310586
0.345911
0.308914
0.27859
0.324433
0.321608
0.275112
0.391189
0.3157
0.284354
0.290967
0.299659
0.448237
0.31973
0.280741
0.289831
0.436714
0.315774
0.327696
0.402255
0.352978
0.284268
0.283775
0.400099
0.313825
0.297075
0.331863
0.250448
0.263487
0.379442
0.785097
0.254034
0.27733
0.289779
0.218525
0.264506
0.296478
0.286232
0.231355
0.281229
0.256059
0.294542
0.349298
0.348614
0.335014
0.254089
0.311049
0.251034
0.261603
0.315368
0.246222
0.402905
0.277811
0.332742
0.259889
0.283984
0.282931
0.283617
0.340967
0.324448
0.316289
0.269568
0.240235
0.26859
0.303054
0.147621
0.284698
0.301935
0.259433
0.29288
0.293289
0.340502
0.293916
0.338617
0.298939
0.199067
0.299507
0.336786
0.439465
0.29387
0.37404
0.218517
0.39718
0.3368
0.246308
0.308972
0.21912
0.276196
0.236614
0.270634
0.306412
0.24007
0.310372
0.298333
0.399983
0.30214
0.296982
0.291008
0.314683
0.265099
0.29365
0.252963
0.259716
0.324559
0.344237
0.318023
0.276416
0.28751
0.229763
0.278573
0.311565
0.3433
0.309449
0.289635
0.255299
0.350025
0.277778
0.265047
0.23456
0.302937
0.323302
0.23738
0.28829
0.315462
0.284268
0.263753
0.407336
0.28857
0.305178
0.276637
0.29719
0.273174
0.310147
0.295922
0.293787
0.335393
0.317553
0.305549
0.319576
0.331556
0.290354
0.33497
0.291698
0.279919
0.32827
0.282173
0.235414
0.365868
0.310339
0.3204
0.365413
0.340831
0.334993
0.300615
0.289267
0.297318
0.279765
0.243032
0.322514
0.342827
0.283693
0.280144
0.327554
0.260846
0.247032
0.322038
0.294588
0.336594
0.247568
0.243458
0.354404
0.276515
0.194315
0.312861
0.371833
0.351464
0.314085
0.332366
0.334496
0.298567
0.254091
0.291962
0.239889
0.359572
0.305498
0.389747
0.317325
0.304295
0.316467
0.358504
0.261745
0.273348
0.37525
0.268297
0.277101
0.436667
0.306848
0.266696
0.254001
0.306735
0.26
0.278753
0.443269
0.303939
0.319978
0.268994
0.295195
0.160219
0.344678
0.26278
0.372897
0.231518
0.373181
0.33861
0.271027
0.257452
0.318178
0.319199
0.283664
0.29107
0.244374
0.301615
0.262759
0.291995
0.254423
0.354054
0.227715
0.278413
0.222064
0.254491
0.250237
0.269424
0.270794
0.292539
0.362308
0.309946
0.298964
0.261603
0.220358
0.34709
0.244239
0.30737
0.247458
0.322328
0.282609
0.282518
0.224511
0.297981
0.308883
0.328818
0.285778
0.272043
0.296147
0.266485
0.217217
0.29466
0.34382
0.2979
0.279681
0.292384
0.286827
0.259071
0.231143
0.365262
0.321392
0.393871
0.327908
0.292892
0.315624
0.276962
0.314948
0.302663
0.325537
0.261039
0.262168
0.322882
0.335148
0.304528
0.437672
0.248809
0.322336
0.294935
0.320805
0.257655
0.26522
0.283605
0.273575
0.316968
0.285908
0.316399
0.347497
0.217208
0.26729
0.246249
0.272974
0.299821
0.253582
0.312422
0.291974
0.244438
0.335234
0.306834
0.425968
0.421565
0.290752
0.280687
0.302796
0.27375
0.327401
0.256974
0.333801
0.326715
0.327603
0.329539
0.293943
0.343811
0.288687
0.328994
0.268295
0.310985
0.289992
0.262462
0.247501
0.315557
0.362785
0.284576
0.285124
0.30224
0.278081
0.265373
0.258419
0.328239
0.2923
0.285421
0.295011
0.288129
0.387421
0.254068
0.276075
0.27867
0.308792
0.194263
0.203285
0.28793
0.255303
0.241098
0.306399
0.306463
0.350533
0.318615
0.277605
0.281975
0.275104
0.287779
0.338023
0.243181
0.24882
0.358064
0.334753
0.241132
0.310911
0.27795
0.393586
0.309306
0.384378
0.343794
0.364373
0.289175
0.263133
0.319837
0.324352
0.291864
0.327836
0.29627
0.305558
0.273018
0.221775
0.304878
0.277239
0.308882
0.281814
0.24396
0.266241
0.224527
0.272613
0.299107
0.282719
0.269328
0.205651
0.281869
0.203141
0.27082
0.247351
0.352113
0.228658
0.328929
0.250614
0.248466
0.299039
0.262627
0.261974
0.290053
0.334684
0.317445
0.269575
0.260625
0.266899
0.326147
0.306737
0.287798
0.297641
0.265016
0.284737
0.316699
0.257762
0.274281
0.327963
0.303046
0.197594
0.30727
0.282713
0.345175
0.315517
0.359331
0.221225
0.376193
0.370537
0.298879
0.266217
0.368695
0.339295
0.31274
0.269496
0.3323
0.276615
0.276114
0.247311
0.340512
0.25388
0.290982
0.275596
0.24562
0.334924
0.279149
0.258962
0.308995
0.414264
0.311771
0.320047
0.281236
0.210647
0.335688
0.273736
0.247999
0.26087
0.279294
0.331595
0.294967
0.273064
0.245224
0.303146
0.368595
0.274555
0.416713
0.32449
0.353478
0.312658
0.222377
0.270072
0.297984
0.298137
0.208819
0.280655
0.282282
0.315866
0.291828
0.273039
0.382471
0.306077
0.306918
0.317217
0.362481
0.305786
0.255965
0.333309
0.363971
0.355605
0.321526
0.308091
0.253595
0.242102
0.270272
0.331509
0.324172
0.304358
0.353666
0.290788
0.340524
0.310108
0.311912
0.286904
0.27675
0.257097
0.346805
0.251298
0.287448
0.323733
0.249884
0.248238
0.238739
0.272435
0.282277
0.258635
0.229945
0.324787
0.299225
0.258832
0.303505
0.315789
0.315986
0.261972
0.271631
0.308552
0.26716
0.297859
0.33533
0.288812
0.390475
0.293285
0.314154
0.258325
0.323216
0.379898
0.305437
0.299503
0.205779
0.310938
0.380712
0.273956
0.305577
0.327017
0.208905
0.30173
0.276061
0.255212
0.28193
0.333869
0.322233
0.318494
0.284662
0.30061
0.298205
0.279094
0.258698
0.335671
0.324142
0.326113
0.294174
0.342581
0.235299
0.319065
0.325417
0.259083
0.264022
0.285892
0.231028
0.274063
0.356183
0.290434
0.334754
0.305391
0.27777
0.267417
0.273658
0.357868
0.275262
0.313799
0.307632
0.249076
0.252977
0.27567
0.272434
0.328786
0.357211
0.323001
0.30575
0.304209
0.297804
0.372948
0.311773
0.313613
0.306293
0.291077
0.265072
0.335374
0.276053
0.358018
0.336769
0.259908
0.263028
0.274936
0.276518
0.315553
0.28967
0.282408
0.246743
0.31383
0.371338
0.305767
0.300806
0.269803
0.283537
0.354449
0.297352
0.242757
0.415857
0.296644
0.258881
0.271013
0.252693
0.281475
0.283621
0.287294
0.315651
0.314954
0.286933
0.304467
0.295593
0.355953
0.325564
0.308822
0.361283
0.323958
0.326387
0.290788
0.380916
0.265734
0.320925
0.322493
0.322836
0.252593
0.287319
0.283469
0.242355
0.367728
0.2561
0.333418
0.286489
0.389312
0.223545
0.272326
0.312859
0.199049
0.276329
0.189864
0.304306
0.274527
0.277443
0.281789
0.321034
0.254227
0.297058
0.281627
0.345901
0.287117
0.394406
0.33445
0.355636
0.286734
0.2743
0.332289
0.310397
0.316988
0.241377
0.255395
0.335402
0.290065
0.252624
0.3311
0.303778
0.253279
0.313922
0.354986
0.518271
0.240051
0.259711
0.343837
0.267709
0.313418
0.298611
0.293902
0.241724
0.299074
0.315835
0.334973
0.307056
0.295228
0.304822
0.30585
0.297183
0.330498
0.302083
0.300788
0.232256
0.280868
0.355584
0.316242
0.310854
0.296951
0.254293
0.298416
0.293138
0.462523
0.280918
0.260415
0.29039
0.291444
0.302959
0.322118
0.296281
0.262828
0.295825
0.376023
0.374767
0.298978
0.265366
0.300975
0.304661
0.20309
0.279198
0.586483
0.280792
0.329973
0.344232
0.28129
0.319866
0.312339
0.255442
0.32074
0.320097
0.271974
0.251519
0.243369
0.309061
0.30054
0.253565
0.273677
0.266492
0.415894
0.131739
0.272102
0.283545
0.354205
0.295765
0.363213
0.306714
0.23062
0.275014
0.337666
0.28026
0.27894
0.250158
0.27428
0.312505
0.288137
0.373546
0.298338
0.283487
0.25888
0.286426
0.278029
0.342738
0.303379
0.293774
0.408046
0.293157
0.28601
0.374512
0.269048
0.351318
0.285793
0.318833
0.278812
0.396709
0.347388
0.264052
0.260146
0.320199
0.292249
0.228021
0.217362
0.264481
0.281578
0.278459
0.296881
0.313018
0.282555
0.250844
0.28246
0.481181
0.297964
0.286
0.267049
0.311255
0.300522
0.285937
0.312798
0.333028
0.335688
0.233476
0.273891
0.219575
0.352262
0.282349
0.346064
0.28956
0.318207
0.381474
0.295515
0.292325
0.297969
0.297456
0.452428
0.277859
0.277572
0.314971
0.346671
0.30768
0.314398
0.295145
0.284476
0.331582
0.311289
0.230294
0.222122
0.314871
0.263395
0.311389
0.316212
0.209818
0.414476
0.251925
0.250688
0.29356
0.32763
0.284175
0.273576
0.290395
0.339776
0.28507
0.30673
0.324576
0.271009
0.283952
0.301396
0.432003
0.309863
0.275602
0.394853
0.312432
0.317944
0.336693
0.35738
0.576843
0.273073
0.327642
0.291836
0.254726
0.277093
0.305958
0.295912
0.211811
0.230769
0.309648
0.268506
0.275724
0.297832
0.253769
0.321216
0.269606
0.288051
0.383276
0.284857
0.274405
0.301238
0.36636
0.322347
0.317577
0.282712
0.394957
0.246864
0.335543
0.300583
0.323805
0.262304
0.245171
0.25336
0.241305
0.299935
0.306302
0.290945
0.248225
0.28242
0.33206
0.27918
0.265109
0.260748
0.256268
0.271304
0.317265
0.297413
0.32022
0.334627
0.266544
0.414463
0.325445
0.256511
0.297906
0.35928
0.230615
0.281874
0.286397
0.298903
0.276766
0.293209
0.282314
0.329621
0.346433
0.273456
0.295737
0.292018
0.310439
0.305123
0.27939
0.339375
0.336851
0.297689
0.27867
0.283383
0.298961
0.343218
0.219906
0.338427
0.298183
0.25695
0.26174
0.289843
0.338288
0.302433
0.318081
0.283655
0.284395
0.321913
0.279504
0.32445
0.259954
0.281755
0.335843
0.311826
0.286599
0.28892
0.329512
0.284418
0.267853
0.291572
0.26359
0.299793
0.29639
0.548204
0.377778
0.292905
0.359174
0.246191
0.335792
0.29795
0.245025
0.39604
0.275724
0.338677
0.305396
0.262599
0.313112
0.351209
0.317955
0.2782
0.270212
0.303425
0.325505
0.351853
0.320784
0.37057
0.254717
0.371004
0.302001
0.304783
0.26225
0.285674
0.283546
0.306121
0.301027
0.309458
0.354434
0.341052
0.28006
0.3433
0.318841
0.450734
0.289971
0.345402
0.252812
0.285046
0.304934
0.265088
0.280971
0.381923
0.276892
0.305001
0.32403
0.334441
0.300366
0.344208
0.292476
0.260809
0.278183
0.288441
0.347247
0.175974
0.286982
0.323841
0.336718
0.237657
0.380157
0.294156
0.293836
0.32723
0.395275
0.249856
0.293594
0.281063
0.272379
0.337972
0.302644
0.305319
0.305248
0.274995
0.432664
0.305994
0.269468
0.216117
0.286562
0.360681
0.335956
0.25187
0.341002
0.310991
0.273955
0.326353
0.293477
0.252516
0.278249
0.268645
0.235811
0.26842
0.293823
0.304013
0.234288
0.290617
0.266937
0.26939
0.260843
0.348903
0.266516
0.274984
0.243842
0.287497
0.48002
0.294294
0.300901
0.257149
0.291812
0.264145
0.318481
0.349439
0.324505
0.32829
0.233578
0.326629
0.26241
0.286259
0.307056
0.27524
0.450434
0.273089
0.400124
0.283945
0.389423
0.273171
0.336899
0.24709
0.336087
0.269236
0.271832
0.344708
0.263585
0.336394
0.280619
0.31622
0.300749
0.335284
0.367887
0.290016
0.320094
0.252329
0.354301
0.368868
0.287527
0.254767
0.330208
0.331681
0.230695
0.316502
0.26871
0.294246
0.296796
0.296364
0.276154
0.327863
0.250411
0.371485
0.269797
0.354648
0.328275
0.329562
0.301139
0.295201
0.287708
0.273951
0.262914
0.357633
0.274416
0.25081
0.312526
0.284146
0.294325
0.368008
0.271385
0.28532
0.275224
0.28797
0.31074
0.272348
0.265803
0.244762
0.3533
0.26113
0.280691
0.241671
0.300183
0.454692
0.267006
0.350915
0.249829
0.287051
0.315861
0.274625
0.260416
0.269109
0.318472
0.259747
0.259956
0.247733
0.288905
0.281024
0.276276
0.286657
0.370048
0.351404
0.257573
0.281707
0.285627
0.257603
0.323508
0.278372
0.278835
0.310305
0.316176
0.321959
0.361612
0.281679
0.292752
0.315961
0.270792
0.139185
0.342757
0.320617
0.267427
0.320657
0.351143
0.318022
0.216438
0.269784
0.301373
0.26281
0.279449
0.269262
0.341939
0.29017
0.280673
0.287125
0.244877
0.294517
0.278746
0.317494
0.294
0.298008
0.310415
0.283389
0.25968
0.313016
0.351798
0.286322
0.27008
0.263342
0.297894
0.257127
0.313041
0.306055
0.287741
0.31035
0.354238
0.26087
0.27277
0.305334
0.302891
0.302932
0.262095
1.068564
0.270816
0.363436
0.28468
0.359357
0.344696
0.290702
0.386743
0.25991
0.285311
0.249635
0.252728
0.283931
0.2985
0.257045
0.336995
0.393903
0.25339
0.244905
0.29251
0.278667
0.280562
0.283581
0.276937
0.240847
0.264741
0.373116
0.306806
0.320606
0.287396
0.239199
0.260055
0.399017
0.270295
0.321135
0.2663
0.320032
0.320997
0.288527
0.204372
0.241104
0.268891
0.311625
0.289601
0.22249
0.291633
0.285473
0.356835
0.36303
0.2884
0.275078
0.296499
0.443463
0.321135
0.303956
0.303479
0.31484
0.27297
0.23996
0.311775
0.28931
0.311747
0.27114
0.221457
0.32105
0.297208
0.254266
0.281607
0.315138
0.327646
0.336929
0.371127
0.373387
0.23615
0.278041
0.271748
0.277692
0.241212
0.32187
0.30715
0.299832
0.221369
0.291138
0.338663
0.277782
0.278381
0.241023
0.306086
0.32809
0.308901
0.290098
0.294206
0.25247
0.225209
0.40806
0.32195
0.385733
0.283942
0.280099
0.290708
0.335039
0.252915
0.277254
0.252331
0.291901
0.296388
0.32081
0.281785
0.214302
0.33766
0.300152
0.275717
0.282659
0.255835
0.37379
0.27125
0.276405
0.258334
0.285507
0.283027
0.309597
0.29591
0.31606
0.301314
0.334278
0.360509
0.255413
0.282473
0.317927
0.28876
0.276363
0.282596
0.28286
0.270649
0.26895
0.236242
0.39224
0.299291
0.264055
0.295812
0.413845
0.277064
0.368406
0.273491
0.29846
0.259125
0.277444
0.297834
0.27684
0.258913
0.370262
0.295221
0.261858
0.257262
0.264366
0.293138
0.236907
0.405615
0.29269
0.298678
0.337364
0.318773
0.252797
0.290323
0.404163
0.319289
0.211319
0.306291
0.311959
0.324026
0.270023
0.296537
0.292972
0.22103
0.247391
0.26307
0.305975
0.35407
0.285539
0.330675
0.273876
0.351039
0.291798
0.283128
0.287775
0.269009
0.262221
0.311642
0.293113
0.355327
0.361041
0.329144
0.284391
0.275609
0.270689
0.298567
0.296004
0.282952
0.287575
0.295218
0.268313
0.281354
0.323035
0.276668
0.402512
0.358451
0.278102
0.263005
0.299226
0.297576
0.228716
0.258012
0.248533
0.269222
0.385647
0.245629
0.277095
0.260233
0.266246
0.273145
0.249326
0.291165
0.325658
0.324021
0.240331
0.318174
0.300989
0.341631
0.260895
0.336594
0.323216
0.277701
0.35868
0.347013
0.291602
0.292972
0.291784
0.315887
0.348117
0.261506
0.291462
0.183788
0.338541
0.28457
0.315871
0.331233
0.283928
0.325945
0.318848
0.290897
0.398978
0.260784
0.277712
0.28478
0.324664
0.40567
0.261022
0.336582
0.319576
0.356315
0.297433
0.262134
0.336779
0.291996
0.279247
0.365891
0.25513
0.283447
0.320695
0.323217
0.356471
0.273128
0.296957
0.323035
0.323183
0.294914
0.272441
0.283606
0.307495
0.329687
0.305652
0.275561
0.30041
0.27541
0.30273
0.330578
0.261854
0.399394
0.325039
0.376059
0.290981
0.294223
0.331437
0.285789
0.252078
0.330119
0.309175
0.223796
0.328044
0.330806
0.337189
0.305469
0.245072
0.34874
0.298821
0.295725
0.274094
0.349899
0.272156
0.42082
0.265258
0.325603
0.303503
0.265602
0.279451
0.386849
0.2814
0.290139
0.332702
0.285849
0.336085
0.246738
0.27799
0.379288
0.30898
0.327528
0.271331
0.276885
0.235221
0.300526
0.293766
0.272638
0.226879
0.369149
0.284325
0.302675
0.313399
0.262774
0.377267
0.212351
0.318417
0.36309
0.291787
0.399758
0.305627
0.298356
0.274771
0.261222
0.273998
0.338185
0.278146
0.259781
0.35898
0.353636
0.294425
0.278163
0.303924
0.253152
0.322292
0.231273
0.30964
0.273997
0.293303
0.252922
0.329346
0.276885
0.291219
0.408758
0.288128
0.253225
0.276448
0.249532
0.331013
0.303409
0.366594
0.298663
0.308132
0.312549
0.335774
0.298225
0.250864
0.296589
0.263504
0.307762
0.304545
0.259617
0.285528
0.339859
0.314963
0.311867
0.314378
0.224588
0.320337
0.301396
0.308877
0.214402
0.30322
0.281201
0.294452
0.355414
0.327203
0.34665
0.250544
0.442124
0.317935
0.276113
0.285922
0.335871
0.241179
0.31845
0.298761
0.275618
0.308752
0.272122
0.380451
0.305444
0.273324
0.297204
0.280595
0.257513
0.319591
0.316036
0.292387
0.279805
0.288381
0.226567
0.240469
0.330552
0.27477
0.265377
0.250196
0.286588
0.347039
0.308216
0.314243
0.265944
0.349573
0.23954
0.297297
0.348804
0.320076
0.240252
0.332258
0.334602
0.316823
0.272199
0.314667
0.23519
0.372564
0.291368
0.324969
0.279856
0.287707
0.359564
0.29595
0.265691
0.277103
0.355862
0.266804
0.265338
0.296039
0.331568
0.2403
0.279802
0.337152
0.340173
0.322719
0.317607
0.246845
0.286627
0.32224
0.340431
0.289556
0.28801
0.337884
0.285273
0.318703
0.242953
0.326976
0.285679
0.372914
0.602436
0.298281
0.311999
0.270903
0.267519
0.343627
0.305613
0.30822
0.377698
0.269745
0.323728
0.576233
0.244771
0.330538
0.296029
0.275706
0.51112
0.332877
0.190578
0.320823
0.283074
0.266157
0.29475
0.26134
0.382973
0.323972
0.247713
0.272863
0.30602
0.366901
0.334441
0.270812
0.277926
0.277436
0.267801
0.263936
0.270371
0.274787
0.260339
0.278988
0.232627
0.2763
0.432355
0.36756
0.349339
0.236779
0.425669
0.290831
0.301551
0.33281
0.290049
0.325516
0.283971
0.282432
0.337249
0.295423
0.256122
0.379766
0.260823
0.33246
0.271986
0.288051
0.275474
0.306268
0.334389
0.324932
0.280179
0.281611
0.380536
0.267655
0.318122
0.289598
0.297727
0.360728
0.3166
0.298158
0.263356
0.293805
0.33771
0.339337
0.355967
0.2957
0.251309
0.377799
0.230222
0.38626
0.307301
0.308472
0.318147
0.281049
0.301417
0.174709
0.389457
0.305365
0.274669
0.381872
0.218861
0.245361
0.300308
0.32956
0.290629
0.343859
0.370755
0.315416
0.340405
0.329266
0.253502
0.281684
0.314687
0.315963
0.310332
0.372681
0.247886
0.260729
0.273764
0.307518
0.28343
0.300889
0.330728
0.326408
0.283947
0.24873
0.275137
0.257651
0.331662
0.334721
0.24808
0.36296
0.28625
0.325266
0.276819
0.287075
0.288429
0.27939
0.307495
0.294478
0.39711
0.296338
0.343114
0.265816
0.284619
0.289763
0.38476
0.241716
0.288573
0.338448
0.313303
0.279459
0.324036
0.16463
0.285266
0.228362
0.29248
0.266311
0.476468
0.320688
0.255765
0.295258
0.371702
0.264353
0.284763
0.397596
0.292247
0.278246
0.229057
0.251358
0.247949
0.349985
0.320481
0.465353
0.311482
0.31265
0.342198
0.267109
0.429544
0.265906
0.302339
0.356643
0.318949
0.288846
0.26673
0.5669
0.222177
0.302925
0.295986
0.279127
0.298083
0.372193
0.289307
0.27857
0.251332
0.291179
0.297312
0.285263
0.278979
0.271048
0.382633
0.326933
0.31106
0.334489
0.26713
0.368385
0.309623
0.311229
0.279079
0.400553
0.286375
0.399526
0.446527
0.320495
0.384101
0.270459
0.313444
0.339293
0.303745
0.286915
0.313473
0.29954
0.326799
0.247799
0.299243
0.254194
0.277255
0.39617
0.275242
0.297797
0.295971
0.314682
0.262017
0.33307
0.258624
0.274027
0.267451
0.334712
0.304873
0.30727
0.29295
0.304271
0.320188
0.299516
0.307971
0.387099
0.291412
0.239761
0.272829
0.243138
0.255723
0.341853
0.279959
0.32664
0.329882
0.194258
0.299357
0.252124
0.250725
0.290389
0.343546
0.271348
0.303911
0.253143
0.299742
0.268651
0.25426
0.383376
0.37867
0.29805
0.25631
0.3986
0.311928
0.28262
0.265985
0.265221
0.30728
0.344208
0.327233
0.276828
0.295987
0.264842
0.341124
0.345443
0.28614
0.264175
0.262805
0.277233
0.265213
0.327108
0.401905
0.235957
0.264258
0.300797
0.415306
0.245889
0.280386
0.301381
0.280035
0.301897
0.352349
0.41677
0.327901
0.282092
0.285725
0.321623
0.234779
0.368421
0.427597
0.298789
0.337424
0.318189
0.281829
0.26922
0.439211
0.335808
0.344002
0.288714
0.286655
0.349844
0.268489
0.313604
0.294342
0.260799
0.274485
0.337485
0.272788
0.228683
0.317021
0.259345
0.350414
0.31593
0.301858
0.26452
0.324156
0.306616
0.311886
0.271017
0.273704
0.271995
0.260796
0.29877
0.319249
0.364136
0.242909
0.339274
0.25143
0.262689
0.308343
0.272427
0.311499
0.245668
0.274074
0.266506
0.280442
0.275041
0.257395
0.268733
0.421515
0.2432
0.25673
0.299387
0.278709
0.251168
0.253016
0.287023
0.331045
0.295425
0.291347
0.30053
0.266
0.359331
0.233164
0.286626
0.350596
0.260685
0.310827
0.325609
0.28439
0.307478
0.249291
0.264831
0.229913
0.31402
0.241895
0.299551
0.32823
0.32758
0.284052
0.266648
0.239435
0.291285
0.261439
0.230165
0.363876
0.391284
0.257791
0.284834
0.290057
0.252874
0.262995
0.357112
0.270645
0.330666
0.280079
0.274428
0.244108
0.302444
0.228076
0.37444
0.274981
0.323361
0.372745
0.363738
0.298563
0.354074
0.374797
0.276969
0.381789
0.2763
0.271484
0.29655
0.317212
0.313317
0.269686
0.31388
0.261593
0.36933
0.274056
0.302119
0.285002
0.356881
0.284304
0.359541
0.338893
0.330787
0.266151
0.25301
0.299337
0.31575
0.302915
0.291415
0.315877
0.316855
0.268192
0.328589
0.228508
0.310898
0.288596
0.287318
0.315876
0.305426
0.245313
0.260222
0.342712
0.329915
0.249176
0.239371
0.291256
0.240621
0.305377
0.322671
0.282364
0.304275
0.374179
0.373096
0.259345
0.271413
0.334097
0.334283
0.300875
0.293202
0.290394
0.285396
0.28033
0.298152
0.286427
0.280049
0.265767
0.326881
0.355759
0.271047
0.279399
0.298459
0.28535
0.307852
0.241339
0.3315
0.269687
0.294253
0.27919
0.29161
0.260928
0.305624
0.302812
0.296906
0.269832
0.329609
0.266994
0.315685
0.380331
0.287077
0.482809
0.25978
0.316663
0.299435
0.313711
0.334812
0.261318
0.284522
0.387094
0.296792
0.304469
0.217887
0.316021
0.285112
0.237908
0.352375
0.367682
0.332763
0.247571
0.287892
0.171415
0.339507
0.313552
0.300192
0.299483
0.341442
0.326749
0.342457
0.307397
0.491108
0.333532
0.287764
0.277232
0.261586
0.263329
0.332704
0.288849
0.341446
0.251185
0.293431
0.283162
0.29458
0.301422
0.225462
0.299825
0.282467
0.287262
0.302819
0.260413
0.272195
0.237402
0.305077
0.305832
0.283221
0.303407
0.269099
0.370477
0.345951
0.205272
0.291264
0.309726
0.324532
0.275839
0.35191
0.265894
0.245394
0.271038
0.336474
0.318045
0.259852
0.258859
0.242381
0.286673
0.285588
0.25603
0.309589
0.320718
0.268232
0.283363
0.288224
0.270959
0.34664
0.256361
0.301911
0.277135
0.188741
0.326972
0.267515
0.311539
0.327327
0.262477
0.284926
0.255001
0.353499
0.287158
0.359434
0.307432
0.275607
0.283721
0.29345
0.189084
0.254077
0.281005
0.215519
0.324175
0.280378
0.36365
0.296607
0.260628
0.288426
0.299466
0.255111
0.33786
0.29767
0.259029
0.299167
0.309128
0.375666
0.296955
0.257592
0.299942
0.253021
0.255688
0.276501
0.325082
0.301639
0.31459
0.205613
0.330659
0.295112
0.277383
0.398957
0.338368
0.261577
0.230292
0.131915
0.307653
0.304489
0.240692
0.338329
0.359279
0.275597
0.174732
0.289457
0.345695
0.308006
0.323688
0.246805
0.317001
0.296763
0.311492
0.280921
0.340388
0.261893
0.320881
0.293164
0.282556
0.199454
0.278682
0.363848
0.31705
0.297991
0.33214
0.266364
0.226189
0.281791
0.28169
0.278263
0.41013
0.301688
0.269165
0.474799
0.350289
0.35984
0.248799
0.349794
0.293603
0.44025
0.322513
0.267677
0.284139
0.223364
0.230686
0.289042
0.337952
0.474078
0.36667
0.333197
0.290347
0.304538
0.310662
0.346865
0.261802
0.318429
0.358059
0.280027
0.326189
0.285714
0.280128
0.268395
0.307984
0.220604
0.295491
0.305813
0.268189
0.31812
0.296013
0.324073
0.298581
0.229354
0.319268
0.288843
0.356767
0.315126
0.243745
0.276676
0.263077
0.271768
0.295868
0.309761
0.311109
0.273035
0.322686
0.270428
0.313126
0.260661
0.292427
0.298985
0.296569
0.266231
0.296984
0.288975
0.293808
0.299936
0.275522
0.265958
0.257273
0.169376
0.325545
0.316299
0.36398
0.359602
0.376623
0.323924
0.302076
0.254173
0.308721
0.202655
0.357493
0.373968
0.275169
0.308978
0.266643
0.288538
0.178517
0.281419
0.262219
0.300425
0.330067
0.279166
0.23285
0.247305
0.285069
0.348617
0.350261
0.324508
0.188326
0.29425
0.272943
0.375943
0.293017
0.32837
0.501283
0.338498
0.286633
0.555762
0.266003
0.306437
0.268606
0.267625
0.284547
0.314574
0.359589
0.341884
0.202272
0.358516
0.300837
0.368528
0.455521
0.253375
0.355257
0.299772
0.295458
0.221733
0.348499
0.352013
0.26319
0.227809
0.316348
0.284623
0.279164
0.27954
0.301917
0.289089
0.29479
0.260623
0.297577
0.374773
0.342639
0.316655
0.265138
0.345449
0.302618
0.28418
0.2988
0.285235
0.324315
0.311705
0.258766
0.263613
0.30634
0.294753
0.301722
0.281793
0.267593
0.28615
0.333786
0.288157
0.262648
0.295924
0.277932
0.281525
0.275704
0.175837
0.328255
0.247964
0.324931
0.243774
0.310471
0.286534
0.296374
0.30576
0.308513
0.289482
0.258867
0.270461
0.267639
0.291341
0.278363
0.295893
0.289125
0.257055
0.277442
0.259281
0.311544
0.297997
0.250273
0.276227
0.299204
0.280232
0.31501
0.294603
0.276397
0.234379
0.263623
0.34498
0.281657
0.332593
0.26711
0.299245
0.28276
0.245613
0.243345
0.281209
0.372545
0.246458
0.364524
0.346491
0.395545
0.334854
0.33953
0.282622
0.371131
0.323066
0.304201
0.228706
0.324152
0.319163
0.309784
0.352663
0.287522
0.236263
0.362061
0.31534
0.335334
0.220249
0.325273
0.343719
0.244691
0.238549
0.305705
0.143058
0.333069
0.316296
0.302153
0.281169
0.261733
0.372872
0.316051
0.251968
0.305812
0.240908
0.324447
0.3046
0.342616
0.207613
0.278853
0.268372
0.241989
0.284648
0.305007
0.314973
0.23396
0.357836
0.265836
0.337211
0.257238
0.244567
0.328794
0.277646
0.315678
0.267241
0.30474
0.280527
0.280157
0.328175
0.212799
0.326176
0.327928
0.282354
0.302485
0.345349
0.329722
0.307764
0.245783
0.313781
0.295231
0.317886
0.263571
0.301967
0.295153
0.337537
0.29225
0.264911
0.26945
0.326779
0.289786
0.322663
0.600515
0.353588
0.323092
0.20762
0.307589
0.306842
0.322467
0.317932
0.304441
0.314353
0.367027
0.252997
0.333479
0.249585
0.302966
0.310698
0.496101
0.304771
0.250285
0.321423
0.30313
0.250279
0.320238
0.343599
0.239096
0.295205
0.28471
0.277051
0.336937
0.29523
0.28849
0.299992
0.282247
0.284259
0.368288
0.274461
0.311546
0.212364
0.300053
0.300137
0.296411
0.303793
0.284123
0.279942
0.298796
0.278075
0.41467
0.333012
0.290205
0.285808
0.253901
0.251363
0.247322
0.261014
0.450843
0.287059
0.232485
0.344973
0.328436
0.282183
0.2406
0.314755
0.273834
0.433343
0.284694
0.228292
0.319485
0.315398
0.364931
0.287482
0.35425
0.255663
0.257417
0.317278
0.304297
0.282855
0.265244
0.328369
0.299032
0.216021
0.276199
0.337906
0.332325
0.325453
0.258945
0.27036
0.279565
0.299873
0.305042
0.256508
0.323065
0.282951
0.307029
0.361844
0.260438
0.296675
0.242115
0.281771
0.335124
0.390056
0.31688
0.434745
0.271104
0.280117
0.283301
0.306271
0.277331
0.258328
0.264063
0.33365
0.277499
0.243311
0.361303
0.276556
0.293524
0.299425
0.216245
0.285483
0.347104
0.329253
0.212767
0.307484
0.310637
0.334615
0.254963
0.24286
0.292839
0.265827
0.254678
0.396971
0.311975
0.359908
0.293228
0.29196
0.304506
0.322438
0.216927
0.357811
0.237342
0.281836
0.261496
0.198336
0.330625
0.282845
0.265635
0.297985
0.24536
0.285671
0.349114
0.280087
0.297348
0.182056
0.238464
0.169765
0.279829
0.3097
0.366309
0.289576
0.285407
0.317464
0.453124
0.362585
0.34756
0.312683
0.340007
0.275195
0.266146
1.381873
0.254148
0.289683
0.297397
0.270989
0.290243
0.276279
0.485347
0.323393
0.258007
0.290933
0.292669
0.298603
0.25229
0.286102
0.261978
0.29063
0.266376
0.313801
0.278978
0.329349
0.462443
0.318026
0.30374
0.285572
0.307232
0.304754
0.267227
0.295053
0.26538
0.286042
0.294264
0.271055
0.295786
0.27691
0.269462
0.28064
0.225159
0.340407
0.303171
0.53028
0.325113
0.286092
0.286286
0.31263
0.287763
0.29059
0.301199
0.29489
0.419419
0.391937
0.315837
0.272877
0.324335
0.316117
0.225492
0.28825
0.287497
0.27148
0.276494
0.260619
0.32242
0.300244
0.387598
0.332453
0.263364
0.38242
0.277234
0.246959
0.246761
0.293442
0.260086
0.333708
0.352241
0.326992
0.257758
0.279819
0.317919
0.303574
0.284043
0.328863
0.318759
0.177242
0.260937
0.268514
0.280342
0.312599
0.365238
0.316941
0.349988
0.331902
0.269635
0.258977
0.182691
0.229518
0.294907
0.367173
0.300259
0.296975
0.329027
0.296092
0.332168
0.342299
0.234181
0.312384
0.302079
0.2307
0.336437
0.317447
0.292352
0.292825
0.306716
0.307528
0.195219
0.317679
0.330051
0.286465
0.330359
0.332718
0.255925
0.276127
0.27668
0.343797
0.307906
0.287375
0.305967
0.247275
0.346291
0.286962
0.247647
0.267533
0.347325
0.355845
0.273399
0.283639
0.422821
0.269075
0.265966
0.255034
0.244771
0.271679
0.251319
0.289411
0.186985
0.237478
0.292067
0.349287
0.284967
0.304872
0.23467
0.289274
0.314173
0.284726
0.29677
0.225666
0.285642
0.326116
0.36062
0.276359
0.316604
0.325709
0.342303
0.321615
0.303639
0.348803
0.285178
0.272834
0.326165
0.310966
0.296282
0.273375
0.250252
0.334357
0.31027
0.341408
0.242293
0.297057
0.245506
0.347372
0.252286
0.311088
0.319423
0.337289
0.351862
0.268391
0.259858
0.243176
0.264725
0.307185
0.33039
0.25735
0.297654
0.357919
0.29221
0.314341
0.288332
0.287819
0.349057
0.284115
0.323158
0.317333
0.346698
0.274581
0.280083
0.289212
0.301456
0.347409
0.23948
0.305963
0.244321
0.25038
0.334885
0.309243
0.348595
0.293115
0.267653
0.273588
0.287445
0.283441
0.416762
0.297266
0.374481
0.279671
0.292804
0.286347
0.260695
0.275412
0.295462
0.268872
0.314224
0.278626
0.228281
0.281041
0.312768
0.273198
0.321407
0.288453
0.301479
0.293816
0.343318
0.303918
0.310169
0.29918
0.238817
0.301068
0.266174
0.21972
0.296198
0.217418
0.24626
0.26709
0.361859
0.308374
0.320494
0.335984
0.265151
0.338904
0.287041
0.284952
0.283026
0.236214
0.250305
0.223641
0.283889
0.302559
0.276535
0.274656
0.325769
0.337576
0.229116
0.32007
0.348318
0.303412
0.340017
0.316836
0.321632
0.331271
0.308882
0.305173
0.275455
0.265534
0.233895
0.369443
0.271578
0.269592
0.33114
0.297078
0.3319
0.28041
0.290851
0.253841
0.313813
0.302373
0.307588
0.47193
0.315935
0.274032
0.483494
0.383629
0.316075
0.290974
0.297906
0.27814
0.260244
0.290792
0.452944
0.344536
0.269404
0.316825
0.257116
0.350647
0.260999
0.301078
0.341864
0.29052
0.231365
0.272989
0.325319
0.329883
0.268214
0.475011
0.272629
0.145804
0.34932
0.344947
0.345491
0.278324
0.263979
0.360042
0.321291
0.342293
0.327961
0.305458
0.292026
0.297592
0.252885
0.278977
0.433426
0.369867
0.260334
0.262337
0.356318
0.163843
0.261443
0.357946
0.491229
0.308613
0.254643
0.256132
0.281423
0.359505
0.333222
0.367794
0.257663
0.331551
0.286902
0.300224
0.271298
0.330819
0.316027
0.389221
0.286716
0.276498
0.284683
0.293563
0.279158
0.267652
0.287832
0.253819
0.310363
0.33273
0.37098
0.449087
0.304888
0.285522
0.342717
0.280601
0.275202
0.226494
0.297112
0.287985
0.301625
0.332187
0.277871
0.225823
0.299612
0.270789
0.285902
0.327423
0.275057
0.331514
0.230928
0.326099
0.308525
0.337599
0.295685
0.398149
0.318622
0.383736
0.275561
0.326646
0.277547
0.299312
0.28805
0.29057
0.305284
0.291827
0.264256
0.320865
0.316966
0.295528
0.289513
0.279123
0.323695
0.243123
0.27646
0.427915
0.256206
0.311751
0.305528
0.276161
0.25875
0.324846
0.224833
0.300389
0.2551
0.312723
0.235548
0.35646
0.267224
0.319768
0.294914
0.304655
0.339417
0.418782
0.328242
0.361704
0.427072
0.328992
0.314869
0.269208
0.364952
0.36498
0.376516
0.33713
0.274463
0.40112
0.31343
0.284703
0.262713
0.273764
0.381947
0.285106
0.306907
0.380977
0.258983
0.310697
0.358479
0.20556
0.26487
0.257664
0.325624
0.32863
0.253147
0.373562
0.307038
0.298872
0.258483
0.252303
0.273201
0.300152
0.291446
0.286047
0.323332
0.310985
0.290169
0.283578
0.427612
0.235324
0.278458
0.305381
0.217962
0.33835
0.29244
0.242088
0.320186
0.2734
0.29167
0.253859
0.254681
0.266115
0.233284
0.225852
0.220068
0.32141
0.24497
0.281106
0.273801
0.299188
0.287334
0.298583
0.300709
0.328874
0.337876
0.372896
0.283551
0.319214
0.315937
0.273662
0.343878
0.242738
0.356973
0.261209
0.321778
0.244528
0.386895
0.268678
0.266445
0.353631
0.280312
0.308026
0.233799
0.279838
0.345156
0.273528
0.268311
0.337192
0.26032
0.264428
0.341161
0.201615
0.285704
0.349872
0.27018
0.279843
0.210672
0.287822
0.323407
0.390902
0.315883
0.327381
0.29784
0.302313
0.316018
0.308676
0.329941
0.314598
0.314521
0.281896
0.277536
0.367516
0.339314
0.214308
0.256823
0.31619
0.291199
0.257553
0.296198
0.320171
0.272884
0.285471
0.303747
0.246289
0.29739
0.367007
0.229211
0.317361
0.276993
0.312933
0.283609
0.328446
0.309192
0.224687
0.261709
0.329412
0.287733
0.214784
0.307554
0.261821
0.266921
0.261416
0.213538
0.36372
0.276485
0.343101
0.231625
0.374681
0.306643
0.38596
0.270884
0.317091
0.301562
0.269762
0.295996
0.306481
0.270236
0.244922
0.34011
0.279332
0.207803
0.251352
0.25683
0.281169
0.284018
0.330381
0.359419
0.261926
0.289768
0.295116
0.273539
0.304204
0.354065
0.301699
0.366559
0.369153
0.372064
0.28871
0.272007
0.267308
0.289632
0.257275
0.204624
0.284798
0.309211
0.283575
0.27307
0.345232
0.282043
0.349166
0.272568
0.287673
0.246806
0.284106
0.282581
0.155986
0.284446
0.324307
0.335749
0.209093
0.282933
0.342396
0.329564
0.274957
0.294877
0.401435
0.340512
0.267911
0.285028
0.304964
0.386318
0.314911
0.288488
0.354389
0.243509
0.34022
0.260205
0.317122
0.307923
0.384609
0.397957
0.301215
0.304285
0.349671
0.288467
0.309967
0.294333
0.427584
0.277801
0.260534
0.280357
0.303854
0.341158
0.300383
0.221089
0.284539
0.282741
0.293011
0.325286
0.348549
0.26127
0.250349
0.309704
0.360576
0.234292
0.287218
0.190894
0.313777
0.327492
0.26097
0.359197
0.248566
0.46637
0.350591
0.275095
0.266845
0.273033
0.323114
0.312861
0.274243
0.258034
0.404775
0.360096
0.299403
0.541778
0.273308
0.295926
0.258366
0.283233
0.325678
0.20859
0.326476
0.314845
0.265487
0.295209
0.304531
0.276896
0.270924
0.284868
0.247504
0.330481
0.289579
0.330151
0.275163
0.185558
0.297389
0.332262
0.349435
0.19065
0.262058
0.293326
0.327892
0.352657
0.272485
0.290715
0.296945
0.288644
0.387027
0.276739
0.329432
0.305914
0.297783
0.23832
0.302251
0.267924
0.277564
0.269526
0.399284
0.284385
0.266418
0.29343
0.316407
0.293955
0.29577
0.277512
0.29859
0.296818
0.312845
0.21499
0.324298
0.308873
0.283066
0.277154
0.317186
0.352866
0.362697
0.282828
0.279432
0.265419
0.345345
0.355424
0.310503
0.279235
0.279766
0.289283
0.264044
0.305415
0.297916
0.248135
0.296101
0.285337
0.283786
0.317189
0.336274
0.281013
0.283176
0.275529
0.330118
0.303461
0.238314
0.311247
0.283764
0.251748
0.244801
0.270651
0.274934
0.363398
0.298473
0.259288
0.270467
0.362203
0.308361
0.236063
0.291196
0.247592
0.313287
0.28319
0.298178
0.264084
0.308782
0.323173
0.275894
0.234741
0.279124
0.333389
0.297315
0.333645
0.30832
0.284326
0.300086
0.541936
0.291453
0.320744
0.227818
0.302799
0.352194
0.341498
0.284012
0.345269
0.297456
0.274592
0.244458
0.25404
0.280035
0.271827
0.280098
0.279321
0.282276
0.401021
0.253823
0.306089
0.419984
0.275665
0.358107
0.299927
0.250209
0.261016
0.358013
