0.283081
0.297443
0.232283
0.302468
0.203527
0.282516
0.277388
0.313668
0.258921
0.354998
0.266886
0.282308
0.217693
0.254896
0.332887
0.342663
0.177874
0.216373
0.259035
0.495675
0.312096
0.198918
0.31762
0.268326
0.29862
0.280478
0.274109
0.262052
0.23717
0.217802
0.296766
0.337345
0.245356
0.284282
0.265281
0.246013
0.248662
0.29339
0.267388
0.238437
0.301922
0.298761
0.205589
0.264752
0.297264
0.264606
0.353511
0.289359
0.331837
0.402325
0.284782
0.284504
0.303498
0.24824
0.315147
0.268913
0.254388
0.259524
0.30843
0.279442
0.270774
0.227156
0.30925
0.300314
0.284486
0.281338
0.226167
0.300899
0.297359
0.271018
0.389806
0.287326
0.29416
0.266842
0.285252
0.306153
0.28692
0.300416
0.279628
0.317299
0.26008
0.288718
0.253745
0.263482
0.264522
0.280764
0.238452
0.25222
0.252702
0.323963
0.279893
0.271654
0.27709
0.309688
0.288726
0.266968
0.303347
0.286049
0.237795
0.296248
0.229513
0.301292
0.281589
0.255775
0.214641
0.24101
0.26717
0.316024
0.303652
0.242572
0.22903
0.30694
0.307015
0.249755
0.236719
0.253502
0.327004
0.277825
0.375815
0.369062
0.253552
0.284217
0.266575
0.257221
0.284041
0.310755
0.264261
0.232123
0.31082
0.27121
0.316882
0.238233
0.281597
0.280294
0.283996
0.269364
0.265809
0.258791
0.235621
0.270536
0.232035
0.306222
0.304295
0.258489
0.268433
0.256296
0.270461
0.276851
0.273712
0.260306
0.299237
0.34948
0.285459
0.29387
0.254356
0.381428
0.27438
0.262972
0.279408
0.355297
0.275255
0.269946
0.28536
0.294158
0.250627
0.277431
0.303767
0.253425
0.37499
0.271858
0.237133
0.230505
0.268603
0.24838
0.332068
0.304419
0.28211
0.256356
0.279665
0.252484
0.265767
0.241974
0.309885
0.293352
0.259774
0.27166
0.289329
0.251436
0.295892
0.309204
0.262992
0.220672
0.20912
0.260324
0.234636
0.287448
0.232921
0.265024
0.296766
0.285861
0.256848
0.260341
0.216165
0.33094
0.370602
0.234333
0.239171
0.285957
0.261326
0.28462
0.296982
0.327796
0.381337
0.272866
0.301938
0.343987
0.210201
0.239173
0.246964
0.262783
0.352987
0.264369
0.31131
0.33454
0.191079
0.297385
0.262834
0.298601
0.253557
0.285171
0.251807
0.275607
0.290892
0.295201
0.316686
0.299236
0.261473
0.246036
0.25238
0.281748
0.44256
0.264102
0.315163
0.295683
0.301025
0.314868
0.308643
0.245344
0.200837
0.313601
0.221351
0.259644
0.156602
0.32235
0.247548
0.263334
0.262919
0.23882
0.292858
0.271537
0.255553
0.282198
0.296529
0.277811
0.301137
0.272474
0.286754
0.241305
0.261413
0.248088
0.323515
0.29093
0.284244
0.280352
0.286951
0.290194
0.268991
0.230367
0.267661
0.278447
0.1852
0.248887
0.27355
0.296369
0.24504
0.273051
0.287384
0.292976
0.246014
0.268672
0.295067
0.284008
0.286207
0.371412
0.194891
0.273272
0.286687
0.281584
0.281283
0.303615
0.269957
0.260409
0.235526
0.27338
0.328419
0.275481
0.24065
0.273617
0.274426
0.274272
0.219743
0.274411
0.247607
0.278324
0.189322
0.281967
0.309932
0.290347
0.264604
0.272258
0.287477
0.244598
0.314012
0.290878
0.274457
0.224046
0.24954
0.272101
0.261646
0.25604
0.352566
0.284225
0.329107
0.258228
0.372793
0.278308
0.271217
0.270343
0.317426
0.253228
0.26632
0.230681
0.270712
0.292079
0.283532
0.284258
0.325205
0.288333
0.239208
0.247999
0.36762
0.267825
0.300179
0.262322
0.180117
0.297272
0.241421
0.319506
0.261498
0.222482
0.299888
0.263097
0.244744
0.280865
0.240361
0.266258
0.260949
0.305054
0.29431
0.282123
0.214493
0.317793
0.312123
0.253524
0.308568
0.272497
0.236848
0.264599
0.349975
0.235693
0.291371
0.293205
0.282455
0.297067
0.278365
0.256028
0.313407
0.289534
0.272959
0.263027
0.168667
0.298343
0.25414
0.323532
0.279467
0.244239
0.275333
0.310155
0.251704
0.259905
0.289272
0.298307
0.272458
0.261033
0.223973
0.241164
0.293196
0.274252
0.203698
0.251078
0.307161
0.215957
0.284379
0.366061
0.29183
0.261393
0.341279
0.29223
0.264841
0.291501
0.323545
0.286136
0.266109
0.320192
0.307149
0.289115
0.338098
0.290999
0.264575
0.269009
0.31294
0.175272
0.301623
0.277399
0.277772
0.277042
0.295705
0.257697
0.312753
0.283098
0.234106
0.293535
0.219156
0.290626
0.274003
0.274456
0.262863
0.360303
0.292056
0.298273
0.277433
0.27064
0.329003
0.231437
0.259931
0.276292
0.283649
0.299671
0.260006
0.239832
0.258179
0.312486
0.282486
0.248263
0.299601
0.344413
0.277345
0.281032
0.235815
0.250343
0.286506
0.311375
0.300348
0.243094
0.268047
0.315538
0.242792
0.317718
0.301549
0.255224
0.228945
0.269362
0.280203
0.285391
0.261634
0.393783
0.360994
0.341337
0.267877
0.292807
0.227604
0.329762
0.257434
0.224916
0.31813
0.276401
0.2691
0.23845
0.237184
0.244144
0.299076
0.259324
0.282093
0.272296
0.266377
0.249436
0.286625
0.231763
0.222439
0.239363
0.266703
0.335717
0.279235
0.285072
0.273503
0.251643
0.283438
0.224215
0.255504
0.231662
0.317286
0.287304
0.252444
0.283677
0.264227
0.296039
0.314671
0.257813
0.294651
0.250216
0.263867
0.250768
0.262128
0.312758
0.282588
0.315547
0.316689
0.281199
0.307537
0.267968
0.275865
0.26655
0.245306
0.257901
0.274271
0.287956
0.279756
0.305399
0.283011
0.215598
0.360786
0.262549
0.305917
0.260338
0.274986
0.263348
0.256052
0.256588
0.224878
0.242624
0.220415
0.245246
0.288208
0.273241
0.312928
0.285355
0.317575
0.283953
0.314645
0.264661
0.264184
0.277136
0.271787
0.289702
0.254154
0.27317
0.278018
0.282984
0.267988
0.315983
0.305291
0.276424
0.263792
0.333039
0.251512
0.276476
0.298841
0.276286
0.274698
0.318962
0.261963
0.261815
0.223683
0.261945
0.290507
0.290005
0.258312
0.231088
0.23827
0.243559
0.277352
0.38772
0.303136
0.291269
0.262947
0.261781
0.321216
0.301073
0.281836
0.259303
0.260116
0.267968
0.284578
0.278891
0.299417
0.313608
0.310752
0.228
0.24527
0.269894
0.313724
0.272123
0.271576
0.234144
0.24906
0.276547
0.2788
0.280465
0.325355
0.32
0.254578
0.274828
0.238784
0.255337
0.216825
0.300031
0.269106
0.210129
0.243596
0.289179
0.26228
0.235696
0.292827
0.250543
0.290973
0.245079
0.242959
0.239727
0.271277
0.260022
0.292926
0.276657
0.287947
0.239619
0.267656
0.251532
0.275134
0.308391
0.217058
0.289213
0.231755
0.27751
0.220518
0.253539
0.259513
0.318363
0.297419
0.281401
0.340857
0.279858
0.269176
0.237402
0.278619
0.246258
0.267053
0.209107
0.264312
0.273639
0.256417
0.258206
0.291781
0.271821
0.280097
0.30877
0.284152
0.289368
0.277095
0.238343
0.258371
0.306667
0.320509
0.235222
0.27791
0.264311
0.286477
0.28724
0.293192
0.275165
0.289028
0.257958
0.294163
0.2747
0.280292
0.255922
0.268396
0.271788
0.286227
0.295528
0.191156
0.29022
0.305169
0.265739
0.276536
0.256556
0.260569
0.237713
0.398559
0.304667
0.259417
0.242901
0.299273
0.290635
0.320685
0.227048
0.26328
0.264455
0.27019
0.243513
0.273597
0.28123
0.320481
0.275851
0.261235
0.300281
0.283403
0.27009
0.263616
0.298941
0.304348
0.260699
0.358096
0.281731
0.231237
0.327019
0.292617
0.222578
0.239878
0.270308
0.256172
0.244483
0.280422
0.276325
0.261342
0.26755
0.302909
0.284344
0.222246
0.276713
0.252292
0.291917
0.241722
0.238902
0.295602
0.270984
0.293219
0.280712
0.270781
0.257336
0.197825
0.251589
0.339363
0.239165
0.380019
0.262296
0.257939
0.276863
0.239026
0.310948
0.268848
0.249443
0.320166
0.299398
0.252012
0.317818
0.270481
0.241359
0.249228
0.280394
0.293234
0.243932
0.193462
0.23528
0.282229
0.262729
0.225605
0.387715
0.267969
0.323037
0.366334
0.278832
0.258381
0.28065
0.29266
0.252972
0.235738
0.417894
0.316379
0.288285
0.299104
0.275765
0.185271
0.333041
0.284325
0.285383
0.301752
0.241453
0.221198
0.266063
0.245673
0.284025
0.226952
0.286753
0.282325
0.285453
0.258266
0.2724
0.340654
0.306221
0.346255
0.254758
0.281141
0.260224
0.286688
0.301472
0.267291
0.253074
0.233411
0.253787
0.273547
0.273054
0.275513
0.249192
0.309977
0.273826
0.284868
0.296727
0.293811
0.2905
0.317577
0.3093
0.240151
0.3454
0.289374
0.268561
0.28194
0.263387
0.222487
0.28273
0.303955
0.186848
0.287207
0.280583
0.298549
0.265647
0.25507
0.270559
0.237343
0.388281
0.257736
0.398774
0.246935
0.289268
0.268221
0.292308
0.28004
0.30231
0.356524
0.263833
0.276334
0.265249
0.274987
0.336348
0.361186
0.269373
0.271196
0.262373
0.239299
0.336176
0.276314
0.255602
0.272998
0.22842
0.546399
0.307431
0.26024
0.289062
0.309414
0.262143
0.290222
0.258437
0.258619
0.318423
0.255234
0.305341
0.250194
0.297259
0.224906
0.278299
0.27431
0.270151
0.236486
0.261012
0.278354
0.278532
0.326447
0.235198
0.255063
0.330965
0.249089
0.244869
0.244642
0.279609
0.307955
0.288995
0.233102
0.302847
0.247851
0.286051
0.276808
0.242627
0.29647
0.228654
0.292577
0.16466
0.269423
0.271574
0.281806
0.255265
0.269719
0.233876
0.297847
0.287206
0.271665
0.277581
0.234345
0.305116
0.254939
0.243149
0.268605
0.247507
0.250394
0.218159
0.279029
0.26474
0.269955
0.219896
0.29373
0.307837
0.224997
0.27493
0.228839
0.25851
0.262958
0.330619
0.285393
0.273652
0.319629
0.299825
0.216655
0.250495
0.230966
0.329839
0.295122
0.260536
0.271635
0.282109
0.279461
0.30625
0.278468
0.197803
0.276711
0.318733
0.278123
0.265814
0.315041
0.263263
0.242766
0.255032
0.377804
0.297042
0.282872
0.308753
0.245087
0.266645
0.286019
0.218948
0.335233
0.270946
0.296804
0.26439
0.282709
0.272483
0.265516
0.268144
0.332443
0.268294
0.255648
0.300984
0.282551
0.272068
0.252717
0.27714
0.278313
0.293064
0.252124
0.330353
0.27959
0.25731
0.290402
0.288395
0.258627
0.2958
0.223774
0.277982
0.267097
0.252049
0.264177
0.280928
0.275808
0.298316
0.219593
0.363534
0.277485
0.262632
0.278255
0.257775
0.342916
0.24656
0.269144
0.385931
0.227449
0.28018
0.338915
0.176369
0.306291
0.256376
0.238623
0.291197
0.325804
0.260313
0.250099
0.218574
0.330392
0.267563
0.312995
0.242569
0.289566
0.281793
0.268722
0.215013
0.286995
0.299007
0.336594
0.247873
0.258142
0.245031
0.315599
0.264285
0.267634
0.226909
0.433698
0.275158
0.2697
0.318548
0.259912
0.292779
0.27051
0.234834
0.285591
0.304315
0.261712
0.279807
0.311292
0.263436
0.273926
0.264619
0.295482
0.254011
0.212901
0.299805
0.298324
0.326657
0.240876
0.284717
0.162694
0.278609
0.338453
0.311322
0.462746
0.25647
0.270838
0.275022
0.248682
0.282371
0.286657
0.256031
0.171918
0.288173
0.246509
0.309112
0.264712
0.33439
0.291815
0.281517
0.250833
0.248639
0.282908
0.303315
0.230902
0.266941
0.239733
0.260823
0.303548
0.294585
0.251061
0.26611
0.28921
0.252897
0.281733
0.237046
0.277101
0.239013
0.275561
0.27395
0.281262
0.28948
0.280035
0.233537
0.296587
0.246396
0.273281
0.269728
0.28485
0.253699
0.227867
0.299425
0.291767
0.285757
0.271606
0.351386
0.249871
0.301402
0.317043
0.29399
0.141246
0.247388
0.28357
0.228251
0.331353
0.287413
0.268582
0.307286
0.253088
0.283072
0.268926
0.302567
0.300302
0.268112
0.34016
0.237073
0.270495
0.282504
0.313226
0.255445
0.271946
0.214092
0.261678
0.205268
0.276876
0.277765
0.268049
0.236043
0.378133
0.206063
0.290657
0.278273
0.267681
0.250986
0.382672
0.245054
0.280385
0.237331
0.2744
0.310805
0.293456
0.29443
0.283087
0.252112
0.233352
0.313735
0.316138
0.285263
0.290163
0.304719
0.302871
0.267747
0.237588
0.2643
0.288062
0.252788
0.325206
0.254013
0.183515
0.238949
0.269631
0.22651
0.222361
0.242791
0.2571
0.292394
0.245895
0.214093
0.272785
0.294486
0.253256
0.249466
0.295202
0.262898
0.339545
0.293158
0.289151
0.304879
0.29573
0.238113
0.29784
0.29534
0.27978
0.288967
0.258728
0.257671
0.214685
0.300269
0.258798
0.353572
0.24779
0.279165
0.284199
0.313864
0.357989
0.256494
0.23358
0.293994
0.240652
0.22992
0.20607
0.229093
0.290275
0.309553
0.298251
0.284766
0.27429
0.263225
0.260907
0.263658
0.299227
0.277411
0.266751
0.205425
0.331822
0.219335
0.312363
0.242666
0.309499
0.28455
0.314997
0.267089
0.391087
0.30375
0.195883
0.255878
0.257862
0.280624
0.296719
0.281996
0.304643
0.262737
0.254843
0.267548
0.277902
0.198729
0.261005
0.239627
0.270628
0.326944
0.245292
0.269592
0.267196
0.225796
0.366741
0.287095
0.281105
0.306023
0.242199
0.269691
0.24913
0.254745
0.278896
0.259827
0.275111
0.223267
0.249292
0.266347
0.298578
0.273613
0.289554
0.257917
0.225434
0.300576
0.259822
0.267602
0.314124
0.27741
0.287127
0.248577
0.208307
0.271864
0.275594
0.274557
0.283298
0.254656
0.281081
0.29446
0.295135
0.295108
0.278636
0.242067
0.251715
0.267928
0.293264
0.301
0.275176
0.340033
0.2794
0.512899
0.220827
0.290932
0.256844
0.323952
0.241347
0.274674
0.278923
0.298141
0.302459
0.352107
0.285218
0.271533
0.263607
0.244338
0.262415
0.255146
0.311351
0.25
0.260535
0.154878
0.365742
0.32263
0.25042
0.221339
0.245273
0.276463
0.206396
0.242643
0.296335
0.283564
0.31283
0.269898
0.312641
0.273638
0.308939
0.212208
0.284794
0.287021
0.263789
0.29766
0.25533
0.246146
0.252627
0.248301
0.248573
0.255303
0.261415
0.27479
0.250491
0.306003
0.244825
0.273796
0.286498
0.247829
0.289188
0.349855
0.23334
0.304768
0.247468
0.193437
0.292507
0.246749
0.259296
0.308816
0.212298
0.279492
0.244957
0.269368
0.303154
0.270833
0.389397
0.347518
0.299888
0.208211
0.271546
0.308864
0.283726
0.24697
0.296474
0.338621
0.25238
0.391524
0.216455
0.282392
0.302369
0.231751
0.311448
0.388915
0.29373
0.24074
0.24685
0.447642
0.260707
0.275849
0.299189
0.267601
0.307095
0.269762
0.274247
0.194851
0.283985
0.256259
0.420573
0.235337
0.256213
0.222868
0.27596
0.314099
0.305198
0.293544
0.27488
0.25737
0.263078
0.319557
0.22114
0.309072
0.342559
0.235476
0.218247
0.317701
0.256014
0.243724
0.23475
0.27968
0.289254
0.305351
0.275566
0.280529
0.308582
0.296474
0.33789
0.282744
0.273143
0.295254
0.29427
0.272378
0.299817
0.262967
0.26025
0.217156
0.290531
0.245608
0.237085
0.236087
0.302998
0.28985
0.2772
0.250649
0.26724
0.218203
0.289444
0.273257
0.204708
0.254537
0.320633
0.30227
0.252677
0.269231
0.258039
0.210379
0.262666
0.294135
0.278785
0.28587
0.274314
0.228691
0.238925
0.249966
0.32338
0.248821
0.320124
0.254231
0.262546
0.230088
0.233133
0.286011
0.309787
0.296234
0.334454
0.290811
0.241242
0.282488
0.27854
0.267649
0.287285
0.32733
0.230601
0.344353
0.280103
0.281825
0.246581
0.256299
0.268849
0.1994
0.303487
0.301856
0.29119
0.244956
0.247415
0.229781
0.287094
0.247815
0.28577
0.285011
0.251743
0.252283
0.291667
0.240522
0.25542
0.269949
0.273352
0.340738
0.312859
0.28474
0.262113
0.278849
0.25645
0.260731
0.289709
0.234998
0.250252
0.305726
0.279942
0.339077
0.314113
0.273524
0.290567
0.23011
0.268511
0.309265
0.214678
0.286397
0.259031
0.273297
0.198515
0.288792
0.240518
0.256311
0.247712
0.255746
0.25327
0.298377
0.288591
0.491796
0.29734
0.337523
0.175124
0.294118
0.290657
0.263129
0.338423
0.277505
0.360061
0.307151
0.292068
0.290424
0.183871
0.257972
0.278591
0.252057
0.273087
0.282995
0.281087
0.2739
0.286204
0.206712
0.243245
0.316352
0.271462
0.29283
0.28426
0.266788
0.253746
0.303583
0.274628
0.235837
0.281739
0.25785
0.454135
0.299201
0.258435
0.30138
0.269386
0.242587
0.27069
0.25347
0.305165
0.276014
0.321393
0.352531
0.257147
0.302319
0.303266
0.220697
0.275713
0.373549
0.201655
0.28989
0.291289
0.348617
0.313645
0.310512
0.222978
0.264026
0.313747
0.231878
0.33066
0.291715
0.330182
0.306809
0.260718
0.293926
0.305984
0.269524
0.25157
0.295378
0.293296
0.298357
0.301087
0.262035
0.374106
0.285198
0.221238
0.328405
0.31153
0.222766
0.254019
0.294008
0.261424
0.26841
0.29844
0.261972
0.240087
0.254424
0.288554
0.236962
0.286249
0.298421
0.27449
0.285907
0.272757
0.283477
0.279341
0.281474
0.288271
0.226319
0.298185
0.244347
0.212473
0.204552
0.289346
0.235746
0.258104
0.374689
0.234288
0.246482
0.279225
0.275942
0.316588
0.288218
0.276256
0.29322
0.29275
0.294512
0.277604
0.324736
0.279118
0.294646
0.3018
0.272049
0.265107
0.286366
0.254159
0.29951
0.28372
0.335171
0.242411
0.27524
0.276173
0.238362
0.322376
0.440021
0.339048
0.25462
0.257581
0.228902
0.254727
0.291613
0.289478
0.254423
0.267266
0.201626
0.309184
0.314168
0.236687
0.287925
0.318441
0.317057
0.281749
0.252083
0.290722
0.298291
0.270049
0.305304
0.253193
0.256899
0.308089
0.297802
0.284754
0.294003
0.306958
0.273527
0.261536
0.301656
0.290582
0.290992
0.28005
0.23522
0.379254
0.314973
0.275392
0.310691
0.26062
0.275165
0.370542
0.251472
0.25099
0.289705
0.291766
0.2539
0.271528
0.271839
0.279806
0.253036
0.330694
0.297058
0.318546
0.308855
0.285525
0.283931
0.281963
0.267177
0.276788
0.300235
0.269806
0.281686
0.250579
0.300228
0.242566
0.32273
0.266195
0.320444
0.281697
0.26054
0.237677
0.272609
0.240115
0.282019
0.240618
0.271532
0.314489
0.342828
0.297284
0.289217
0.249688
0.305151
0.305408
0.287214
0.263194
0.213925
0.327361
0.245967
0.29917
0.320062
0.256197
0.276306
0.259846
0.243616
0.269175
0.295309
0.25312
0.299749
0.249506
0.285598
0.273606
0.275559
0.280978
0.244706
0.233495
0.444789
0.269622
0.295227
0.254887
0.234741
0.27758
0.258964
0.330928
0.270258
0.270397
0.267755
0.274189
0.205105
0.251041
0.282182
0.30516
0.323561
0.267305
0.324806
0.276609
0.242032
0.268569
0.208014
0.310484
0.312371
0.241209
0.204943
0.220075
0.249231
0.274054
0.31092
0.305456
0.189148
0.28
0.296536
0.227537
0.282924
0.343381
0.186564
0.235715
0.292308
0.262295
0.263039
0.278508
0.345752
0.259647
0.272634
0.305432
0.215251
0.251885
0.308663
0.289861
0.278284
0.286518
0.272023
0.265935
0.296789
0.287641
0.279474
0.322058
0.278951
0.325479
0.287977
0.346864
0.249541
0.318862
0.32678
0.297929
0.249138
0.262469
0.251749
0.257795
0.267968
0.21096
0.277567
0.269228
0.29165
0.307368
0.279296
0.269425
0.317319
0.218901
0.218732
0.249887
0.305686
0.30784
0.267319
0.253494
0.282929
0.266565
0.261926
0.275457
0.276508
0.296561
0.237444
0.24544
0.32733
0.264531
0.325803
0.256255
0.243842
0.290129
0.285149
0.288184
0.290696
0.289078
0.285541
0.235127
0.286098
0.245481
0.343323
0.280113
0.240432
0.333904
0.282338
0.274462
0.194766
0.27071
0.24632
0.299436
0.297927
0.289773
0.253858
0.268229
0.316555
0.260163
0.245106
0.19483
0.253386
0.275843
0.270709
0.264866
0.30635
0.305881
0.229883
0.263195
0.281116
0.308729
0.316255
0.235028
0.296714
0.359306
0.300993
0.308959
0.342354
0.432896
0.301144
0.295137
0.2595
0.275536
0.357834
0.27861
0.255163
0.220747
0.26051
0.283542
0.27211
0.272776
0.261519
0.293645
0.287204
0.308636
0.28643
0.270697
0.293573
0.234672
0.275043
0.268281
0.322191
0.317147
0.291721
0.263334
0.242799
0.27869
0.347248
0.388981
0.259612
0.270216
0.283013
0.246019
0.267069
0.254327
0.280541
0.311266
0.261735
0.227458
0.283379
0.202961
0.244901
0.24374
0.299076
0.287663
0.250674
0.284672
0.21618
0.269562
0.234698
0.235562
0.362835
0.288717
0.302052
0.318995
0.271543
0.318862
0.246348
0.294091
0.275614
0.288275
0.279296
0.256391
0.267081
0.282499
0.263884
0.213042
0.252775
0.189488
0.367656
0.24924
0.28967
0.325044
0.328318
0.311616
0.404418
0.314025
0.308199
0.218356
0.247442
0.217702
0.265064
0.280668
0.277874
0.245232
0.261366
0.273188
0.211712
0.295055
0.230892
0.331876
0.291551
0.287053
0.282731
0.265769
0.284601
0.243522
0.31972
0.280009
0.262911
0.274575
0.280078
0.249721
0.371232
0.261272
0.251198
0.385067
0.273749
0.360911
0.277202
0.272734
0.247987
0.259199
0.284699
0.256056
0.312833
0.222439
0.281436
0.284191
0.286341
0.287111
0.249746
0.347038
0.310445
0.368354
0.245787
0.222118
0.222924
0.255521
0.242089
0.269857
0.305345
0.26711
0.282047
0.293853
0.380324
0.273927
0.293914
0.337243
0.33259
0.258641
0.259507
0.250597
0.280809
0.241588
0.27456
0.255621
0.316877
0.26854
0.265528
0.274328
0.252644
0.277408
0.23627
0.305514
0.229989
0.284129
0.247323
0.296236
0.294364
0.316322
0.262583
0.283327
0.268549
0.270176
0.318658
0.269065
0.267366
0.213395
0.270371
0.248377
0.308527
0.293486
0.239579
0.253835
0.234823
0.301865
0.361433
0.347637
0.278061
0.221464
0.294277
0.259828
0.306191
0.280615
0.292968
0.468814
0.330987
0.266381
0.264723
0.260492
0.248331
0.300884
0.166872
0.271026
0.276645
0.250327
0.352615
0.307965
0.298913
0.272987
0.235614
0.293772
0.218163
0.256391
0.236683
0.262915
0.256084
0.381612
0.312452
0.329646
0.331133
0.280052
0.258253
0.272657
0.265896
0.271363
0.247604
0.217522
0.302968
0.282517
0.267052
0.304292
0.270754
0.240508
0.29208
0.266785
0.25351
0.253144
0.258506
0.258409
0.372458
0.224871
0.206609
0.321632
0.263866
0.253446
0.287527
0.327167
0.289411
0.275201
0.236793
0.311167
0.278155
0.281909
0.244865
0.303641
0.290818
0.289674
0.290663
0.268727
0.274083
0.300675
0.30444
0.295899
0.295035
0.285642
0.28101
0.284701
0.235436
0.287444
0.281856
0.344366
0.262138
0.285658
0.281807
0.335022
0.324029
0.306257
0.285318
0.25363
0.277468
0.285817
0.395489
0.197634
0.29013
0.30211
0.310369
0.271581
0.228933
0.296205
0.269043
0.260493
0.241058
0.285763
0.302334
0.26372
0.358524
0.249087
0.239367
0.262602
0.286679
0.24291
0.273609
0.313237
0.261892
0.271343
0.296444
0.269732
0.346464
0.288391
0.280303
0.27135
0.291495
0.227213
0.290204
0.348069
0.281332
0.25552
0.289071
0.28287
0.255419
0.310736
0.325387
0.299914
0.278337
0.289725
0.286955
0.173671
0.282478
0.256792
0.349939
0.262012
0.284376
0.290564
0.288962
0.278776
0.185629
0.312651
0.2797
0.246936
0.324236
0.275211
0.317954
0.323589
0.248987
0.265394
0.267653
0.33509
0.311415
0.24171
0.223064
0.279693
0.272252
0.278634
0.316153
0.255026
0.27282
0.324963
0.315115
0.266295
0.306389
0.32138
0.260345
0.299615
0.300346
0.290415
0.336855
0.234846
0.254196
0.247274
0.282435
0.252834
0.228812
0.284181
0.319346
0.260367
0.300134
0.279083
0.2872
0.295135
0.255915
0.311845
0.278131
0.268792
0.26557
0.267967
0.263544
0.240819
0.228692
0.289226
0.28752
0.241574
0.315785
0.293627
0.259118
0.243494
0.277008
0.324982
0.26663
0.253487
0.252559
0.318904
0.242409
0.26971
0.296097
0.312924
0.28179
0.321357
0.353525
0.278134
0.385323
0.211748
0.257465
0.275845
0.266168
0.23131
0.303401
0.244102
0.296264
0.265201
0.295684
0.305206
0.240624
0.26246
0.229589
0.27344
0.277875
0.352862
0.269397
0.228238
0.281337
0.312342
0.241509
0.259529
0.267159
0.160223
0.265886
0.320615
0.265272
0.308429
0.226814
0.253164
0.26653
0.290242
0.320099
0.245789
0.216337
0.260379
0.263313
0.289045
0.291339
0.242678
0.293078
0.258155
0.28457
0.369972
0.278001
0.345561
0.25345
0.252528
0.31105
0.319493
0.244792
0.263531
0.240695
0.293355
0.265202
0.277581
0.456529
0.272757
0.24525
0.275411
0.242601
0.267787
0.265625
0.29713
0.258113
0.284134
0.318099
0.32095
0.212356
0.208798
0.27236
0.25
0.238471
0.227992
0.255451
0.260484
0.290867
0.240531
0.277625
0.297026
0.256343
0.238694
0.254399
0.303998
0.268693
0.268552
0.306649
0.236626
0.292725
0.208424
0.305803
0.334049
0.243453
0.288813
0.277453
0.279136
0.304736
0.282993
0.30206
0.307686
0.262982
0.272374
0.285151
0.242702
0.33592
0.292392
0.312784
0.266645
0.201864
0.289489
0.243339
0.269621
0.261772
0.34298
0.30495
0.271945
0.283253
0.28748
0.291686
0.246386
0.338146
0.343763
0.268329
0.322338
0.244488
0.283714
0.254602
0.267006
0.245597
0.290401
0.320034
0.294472
0.272114
0.347586
0.28476
0.290169
0.29918
0.303124
0.314761
0.221068
0.287805
0.286619
0.374659
0.285886
0.299539
0.290591
0.396322
0.285862
0.284029
0.309132
0.238103
0.269803
0.306965
0.28183
0.294524
0.267513
0.262187
0.295134
0.297352
0.345936
0.234281
0.237251
0.23981
0.240241
0.246078
0.298951
0.248051
0.349921
0.309933
0.289625
0.267338
0.2209
0.284637
0.251714
0.308772
0.277844
0.294401
0.2785
0.240954
0.320784
0.260137
0.331527
0.303753
0.308228
0.325312
0.280736
0.310275
0.283389
0.296086
0.247069
0.282574
0.305818
0.293624
0.211859
0.297193
0.265611
0.226983
0.291465
0.254793
0.286381
0.25807
0.254072
0.283788
0.303788
0.310874
0.307148
0.311296
0.297444
0.263933
0.283327
0.28014
0.268836
0.245998
0.173298
0.206397
0.215691
0.263442
0.312892
0.163551
0.294668
0.231336
0.278297
0.241105
0.242141
0.278537
0.260684
0.255705
0.273815
0.326064
0.280557
0.305868
0.331634
0.26613
0.289276
0.318731
0.283867
0.203564
0.432692
0.249866
0.267092
0.244148
0.330896
0.283291
0.269734
0.276105
0.2902
0.270536
0.343332
0.273302
0.26588
0.275941
0.293093
0.285759
0.256941
0.255487
0.280724
0.280257
0.261303
0.293352
0.267327
0.286712
0.238601
0.274952
0.497878
0.313097
0.290905
0.338059
0.281104
0.211338
0.302746
0.208238
0.255709
0.319842
0.234692
0.288482
0.223156
0.321031
0.219518
0.216076
0.195083
0.308171
0.241867
0.232847
0.295925
0.208118
0.29887
0.269086
0.249618
0.252164
0.250925
0.310232
0.281885
0.242439
0.312286
0.233928
0.282287
0.239406
0.18168
0.245072
0.254706
0.298596
0.250196
0.258315
0.281711
0.290395
0.293405
0.262016
0.339032
0.224751
0.22301
0.294713
0.213038
0.247807
0.338962
0.258788
0.337801
0.299449
0.287343
0.251776
0.264908
0.292825
0.39489
0.277399
0.289789
0.310309
0.234562
0.224376
0.308382
0.293055
0.20313
0.226151
0.263413
0.322335
0.194119
0.301083
0.271396
0.389174
0.280311
0.219948
0.198658
0.244188
0.272658
0.302941
0.255048
0.277782
0.315308
0.290278
0.281111
0.275729
0.296725
0.28427
0.255465
0.335864
0.245161
0.351904
0.297461
0.265471
0.269337
0.307782
0.295751
0.245939
0.236733
0.250456
0.251743
0.298775
0.27045
0.267772
0.236347
0.356543
0.275921
0.307226
0.342393
0.280852
0.257659
0.257681
0.281549
0.284851
0.259124
0.288039
0.240226
0.235128
0.24594
0.261756
0.257814
0.271084
0.33771
0.348909
0.25283
0.226528
0.271095
0.270195
0.297975
0.259033
0.281126
0.265096
0.268624
0.27316
0.340917
0.278617
0.27944
0.301235
0.262673
0.28245
0.25247
0.257171
0.249096
0.285107
0.218754
0.299603
0.369962
0.262574
0.277953
0.272964
0.275569
0.272275
0.331742
0.288362
0.264924
0.248266
0.31711
0.262356
0.279363
0.254826
0.423898
0.285782
0.183558
0.289768
0.296317
0.228965
0.262426
0.285468
0.316234
0.245988
0.260636
0.271215
0.295302
0.321403
0.269953
0.262269
0.268925
0.260451
0.274878
0.206713
0.276452
0.207947
0.267979
0.278613
0.303874
0.261231
0.310003
0.288732
0.274219
0.312851
0.343341
0.201574
0.29022
0.297413
0.40041
0.224721
0.298792
0.299213
0.299686
0.280087
0.268747
0.332892
0.312296
0.273656
0.271748
0.299162
0.300678
0.280482
0.257932
0.205476
0.314383
0.268455
0.31443
0.25832
0.252924
0.233702
0.264915
0.286142
0.267312
0.350323
0.307617
0.255481
0.281883
0.298379
0.289065
0.252802
0.294105
0.233498
0.132493
0.292137
0.306536
0.25368
0.266498
0.258783
0.229822
0.300844
0.251174
0.279389
0.27222
0.23248
0.299851
0.272081
0.272526
0.287044
0.282378
0.262069
0.363195
0.31131
0.260999
0.245147
0.289225
0.318927
0.287251
0.234677
0.364563
0.240738
0.223086
0.26242
0.294816
0.276444
0.283521
0.256042
0.269948
0.26037
0.239493
0.283088
0.295035
0.223614
0.256202
0.223676
0.250211
0.228791
0.209269
0.259679
0.30902
0.28511
0.305424
0.259976
0.279662
0.275678
0.219702
0.266447
0.269994
0.241374
0.299305
0.259574
0.245031
0.308911
0.285947
0.23422
0.267423
0.282474
0.282196
0.264451
0.296637
0.253821
0.316133
0.325194
0.300879
0.219592
0.292246
0.253751
0.282167
0.392536
0.283458
0.251812
0.256348
0.277546
0.409312
0.307988
0.247288
0.269228
0.238422
0.245349
0.187151
0.234858
0.327053
0.285168
0.292756
0.267344
0.268501
0.298265
0.277041
0.267019
0.362228
0.256233
0.255416
0.3067
0.294652
0.300782
0.231378
0.285449
0.266223
0.315777
0.332357
0.234791
0.303701
0.256886
0.350538
0.256242
0.348751
0.291213
0.280075
0.28439
0.248768
0.235013
0.28441
0.323589
0.293224
0.264297
0.270149
0.299147
0.252055
0.327075
0.291667
0.290293
0.293643
0.27932
0.360899
0.307545
0.272319
0.257911
0.266957
0.270957
0.303208
0.287546
0.286698
0.287356
0.33308
0.303353
0.325423
0.238581
0.2564
0.304298
0.261632
0.270915
0.233722
0.253391
0.271288
0.311901
0.296205
0.264687
0.299086
0.237479
0.250884
0.3129
0.318639
0.232151
0.284983
0.278185
0.251915
0.255494
0.345746
0.2663
0.260671
0.273937
0.264561
0.31035
0.262395
0.263437
0.248196
0.272942
0.338288
0.301836
0.288848
0.320931
0.245054
0.232905
0.308248
0.219339
0.292756
0.237305
0.25494
0.296999
0.268373
0.229213
0.28751
0.254051
0.228512
0.259413
0.111205
0.226662
0.263204
0.241154
0.259875
0.298794
0.264259
0.295436
0.27551
0.252727
0.247137
0.263563
0.284863
0.296547
0.213763
0.341217
0.278429
0.334596
0.284204
0.282848
0.257173
0.333764
0.299624
0.207307
0.275082
0.226431
0.247237
0.25228
0.26342
0.248547
0.217199
0.234283
0.319583
0.27446
0.247157
0.182784
0.270386
0.291506
0.290997
0.291802
0.217617
0.279337
0.200167
0.279376
0.334087
0.289156
0.26875
0.288493
0.259107
0.247768
0.368604
0.247313
0.242383
0.264568
0.364276
0.290387
0.299362
0.28727
0.255669
0.298636
0.371438
0.253032
0.275199
0.295843
0.249482
0.267545
0.199306
0.287752
0.328628
0.276133
0.326619
0.334398
0.317173
0.298473
0.316273
0.31477
0.264206
0.254872
0.242033
0.308032
0.310353
0.28239
0.245468
0.365487
0.296851
0.252701
0.268585
0.284892
0.233674
0.268699
0.283566
0.367692
0.278723
0.292272
0.258793
0.273299
0.334649
0.297026
0.293424
0.252904
0.398588
0.277227
0.256408
0.227523
0.260911
0.324061
0.277026
0.206839
0.325993
0.2979
0.277666
0.302077
0.243571
0.259212
0.328979
0.257528
0.297082
0.263816
0.249536
0.208803
0.190112
0.269104
0.226241
0.235386
0.253222
0.292338
0.231129
0.243948
0.288663
0.244489
0.263462
0.282385
0.301248
0.338966
0.313231
0.297724
0.305816
0.273107
0.221754
0.265569
0.306158
0.293101
0.34068
0.328353
0.221768
0.268283
0.336277
0.242989
0.284053
0.248391
0.259647
0.251899
0.285191
0.334761
0.280716
0.251791
0.224203
0.315378
0.276004
0.256602
0.262285
0.244151
0.290736
0.306032
0.187453
0.25768
0.281847
0.306108
0.229186
0.273851
0.276696
0.279894
0.30012
0.224353
0.31369
0.271072
0.298244
0.259532
0.2073
0.257187
0.268132
0.263334
0.233132
0.326169
0.272276
0.219634
0.214199
0.345836
0.267907
0.387221
0.324212
0.249875
0.303925
0.244055
0.352324
0.254236
0.301415
0.346452
0.287925
0.235238
0.21957
0.284303
0.278506
0.273268
0.254517
0.327958
0.278664
0.295992
0.382012
0.326459
0.289033
0.268296
0.304467
0.272541
0.248838
0.309284
0.30893
0.272807
0.296271
0.282882
0.240563
0.294383
0.22252
0.304074
0.30667
0.329786
0.238582
0.243576
0.235381
0.252524
0.331503
0.266851
0.25998
0.255542
0.265317
0.179143
0.26022
0.272784
0.315949
0.245318
0.306486
0.257936
0.257181
0.24416
0.243592
0.263617
0.289251
0.308088
0.293807
0.181873
0.34301
0.252627
0.258639
0.296127
0.27198
0.255719
0.350749
0.240624
0.274546
0.311496
0.302546
0.284176
0.427359
0.227084
0.177588
0.285966
0.290982
0.367886
0.301567
0.302511
0.307582
0.344651
0.258183
0.319514
0.240272
0.352284
0.236023
0.206615
0.250211
0.262092
0.27442
0.253533
0.301067
0.27093
0.291638
0.265245
0.272755
0.266262
0.247047
0.222638
0.293084
0.262756
0.276449
0.274535
0.21499
0.29534
0.228847
0.274159
0.274641
0.268952
0.357427
0.210067
0.293732
0.2634
0.268283
0.304544
0.263881
0.278015
0.251178
0.325915
0.28767
0.24611
0.245045
0.289562
0.275575
0.317307
0.288068
0.354551
0.267376
0.302639
0.22984
0.278943
0.292926
0.274445
0.27334
0.299549
0.254984
0.289929
0.27182
0.288672
0.311039
0.27551
0.277049
0.246881
0.182062
0.241787
0.294384
0.201031
0.288828
0.291546
0.28011
0.283565
0.184946
0.321786
0.23828
0.30102
0.233858
0.272317
0.284733
0.296744
0.258286
0.247537
0.320561
0.301212
0.260159
0.281631
0.277829
0.294205
0.30974
0.259652
0.293258
0.292025
0.273497
0.243086
0.271902
0.286435
0.28434
0.280047
0.195901
0.292179
0.258391
0.26746
0.285915
0.292249
0.280918
0.274974
0.271688
0.24874
0.277072
0.271004
0.308512
0.376442
0.296906
0.256001
0.334909
0.361063
0.279473
0.356345
0.290171
0.254654
0.295766
0.304017
0.261146
0.295398
0.269812
0.179141
0.209057
0.304786
0.372253
0.237353
0.278105
0.257703
0.269353
0.274032
0.282183
0.197281
0.4091
0.248646
0.28218
0.248772
0.258037
0.292825
0.254428
0.274794
0.265235
0.291474
0.25129
0.308532
0.306184
0.259627
0.275311
0.286665
0.257528
0.309302
0.256864
0.272748
0.288511
0.31914
0.170563
0.329163
0.258716
0.239509
0.366499
0.263045
0.26312
0.2522
0.288817
0.261274
0.261151
0.280164
0.270377
0.231599
0.350687
0.278303
0.300007
0.278904
0.316785
0.266907
0.253125
0.221655
0.26781
0.352477
0.3029
0.259992
0.287411
0.293209
0.331
0.255994
0.402579
0.250707
0.29478
0.290258
0.201765
0.204018
0.266891
0.151897
0.271667
0.260179
0.25211
0.263346
0.282117
0.287023
0.314632
0.264561
0.247475
0.289501
0.263037
0.294969
0.26786
0.291623
0.316212
0.269965
0.254187
0.26909
0.263278
0.286918
0.282521
0.201174
0.299262
0.251528
0.298891
0.321262
0.281606
0.301877
0.300175
0.235495
0.349904
0.304089
0.287279
0.315546
0.236232
0.289755
0.278853
0.280464
0.293306
0.256776
0.253297
0.327203
0.296021
0.318252
0.288925
0.283314
0.27967
0.303595
0.315431
0.303876
0.23203
0.220219
0.269392
0.327213
0.341986
0.317191
0.278777
0.294188
0.245314
0.331641
0.289104
0.292889
0.259187
0.199417
0.18815
0.261675
0.266338
0.279588
0.287048
0.256881
0.285346
0.257445
0.268603
0.296701
0.257466
0.375641
0.336894
0.275429
0.198939
0.329203
0.33364
0.264325
0.274346
0.265075
0.27869
0.253807
0.23234
0.232236
0.256052
0.29637
0.298105
0.300946
0.259808
0.268527
0.286953
0.25924
0.2691
0.255481
0.306505
0.320546
0.177305
0.307307
0.559501
0.282672
0.264776
0.267739
0.321552
0.294862
0.288503
0.250451
0.397428
0.265375
0.294554
0.316345
0.198599
0.317677
0.244607
0.276794
0.238623
0.220647
0.242646
0.236251
0.272341
0.301773
0.310189
0.270366
0.273376
0.285458
0.245332
0.263892
0.282126
0.337514
0.331569
0.316091
0.291978
0.234584
0.265847
0.224167
0.227387
0.252318
0.271636
0.267079
0.305789
0.281181
0.304871
0.243634
0.268022
0.232963
0.25496
0.229326
0.281769
0.283107
0.32504
0.268624
0.395845
0.304073
0.312479
0.285052
0.270867
0.286669
0.290597
0.303444
0.262389
0.257202
0.256185
0.26304
0.295273
0.279574
0.303173
0.30696
0.307748
0.288083
0.240372
0.355793
0.335565
0.304928
0.284058
0.236398
0.234606
0.221091
0.314334
0.258153
0.250099
0.2377
0.259877
0.275981
0.273659
0.282073
0.286175
0.320535
0.266
0.282687
0.235133
0.286359
0.255949
0.350556
0.291223
0.280456
0.254928
0.283518
0.28502
0.257476
0.325853
0.271652
0.289474
0.28937
0.282349
0.257336
0.242053
0.285184
0.283121
0.413594
0.396744
0.266263
0.26711
0.288286
0.267758
0.275577
0.292016
0.263698
0.282678
0.272826
0.300482
0.307713
0.276616
0.346123
0.257205
0.265091
0.322741
0.27829
0.25186
0.284088
0.285262
0.278709
0.312028
0.310736
0.219012
0.323183
0.29541
0.294586
0.292203
0.335693
0.314261
0.336436
0.3047
0.199299
0.336563
0.304286
0.311358
0.36583
0.292614
0.278351
0.25068
0.286037
0.299284
0.315842
0.142038
0.299835
0.268491
0.30514
0.276227
0.273215
0.227877
0.266682
0.299534
0.313557
0.291428
0.296614
0.258481
0.258195
0.375804
0.248974
0.328743
0.252483
0.355033
0.204547
0.248321
0.239001
0.28698
0.301926
0.348666
0.270575
0.246813
0.284082
0.251464
0.247989
0.185764
0.259884
0.316938
0.299685
0.258729
0.282253
0.26985
0.285108
0.30149
0.246864
0.292209
0.200811
0.258371
0.208139
0.397943
0.370872
0.264229
0.275846
0.308541
0.286472
0.274566
0.305392
0.274462
0.262391
0.307866
0.26268
0.25597
0.229441
0.250249
0.27946
0.286141
0.318693
0.329066
0.32062
0.259838
0.313488
0.252202
0.282868
0.323914
0.238662
0.300453
0.325943
0.318746
0.274093
0.272213
0.250682
0.269262
0.268846
0.25354
0.296544
0.24532
0.238035
0.255625
0.274663
0.270698
0.292487
0.268192
0.269575
0.27226
0.24541
0.254615
0.33868
0.203323
0.269073
0.309263
0.269873
0.290448
0.274893
0.303043
0.290556
0.26333
0.285976
0.291873
0.271373
0.278138
0.335174
0.285364
0.241104
0.266706
0.183974
0.295852
0.264055
0.263583
0.272177
0.228428
0.306114
0.336466
0.317267
0.205653
0.312184
0.277377
0.291057
0.271381
0.362105
0.226101
0.299304
0.282119
0.290099
0.2801
0.299016
0.263073
0.28424
0.282638
0.301029
0.294336
0.228784
0.247186
0.303051
0.234081
0.262496
0.245473
0.298934
0.282951
0.294688
0.280601
0.304071
0.248508
0.262658
0.290533
0.213195
0.318742
0.277086
0.273418
0.288367
0.308927
0.253921
0.269278
0.271017
0.246924
0.301757
0.269792
0.339756
0.312382
0.242333
0.289971
0.220762
0.28629
0.240091
0.272587
0.29319
0.293758
0.364038
0.266004
0.283837
0.308901
0.252064
0.256617
0.284279
0.234242
0.248246
0.249052
0.33841
0.34467
0.327766
0.346866
0.299423
0.244638
0.370381
0.336028
0.283785
0.259006
0.267214
0.266065
0.288104
0.295121
0.310293
0.297921
0.239109
0.217734
0.278304
0.219184
0.289893
0.297877
0.434268
0.294907
0.270779
0.295882
0.192082
0.268022
0.242768
0.269399
0.264715
0.286224
0.274888
0.290971
0.294251
0.260834
0.283537
0.273131
0.322038
0.272261
0.251634
0.296336
0.308552
0.28727
0.289059
0.330095
0.251613
0.258578
0.242882
0.26083
0.326234
0.262349
0.246347
0.274451
0.28662
0.257592
0.265913
0.319893
0.280263
0.276319
0.305409
0.288906
0.294305
0.238765
0.271178
0.329988
0.275546
0.301544
0.281015
0.282508
0.267171
0.260336
0.261002
0.288751
0.200823
0.231054
0.260776
0.294147
0.240329
0.21323
0.289976
0.309994
0.306905
0.298789
0.34452
0.280284
0.282937
0.260152
0.270172
0.294908
0.276989
0.202195
0.320201
0.288384
0.269444
0.235067
0.256422
0.296495
0.273237
0.266104
0.317996
0.232878
0.247246
0.347155
0.293292
0.247513
0.253132
0.298127
0.30581
0.256266
0.27639
0.266656
0.323051
0.266377
0.315909
0.261952
0.321398
0.385156
0.327707
0.285391
0.300522
0.276638
0.259718
0.248316
0.33947
0.279886
0.270252
0.24898
0.300293
0.34856
0.316969
0.265098
0.196905
0.278498
0.311168
0.313094
0.30066
0.257438
0.24914
0.254956
0.305211
0.250847
0.282459
0.264759
0.280677
0.31582
0.304816
0.21069
0.24462
0.300733
0.297952
0.292006
0.156228
0.326601
0.270929
0.245866
0.273276
0.253471
0.26585
0.273604
0.285047
0.265708
0.343654
0.242892
0.290305
0.267947
0.215797
0.287438
0.349699
0.275636
0.279347
0.291524
0.40412
0.25173
0.214332
0.289793
0.24181
0.296838
0.283659
0.282926
0.277791
0.245459
0.374821
0.308375
0.27272
0.375635
0.239358
0.305213
0.254962
0.300818
0.286653
0.266513
0.222339
0.273016
0.284358
0.295988
0.302644
0.28241
0.341857
0.293075
0.256243
0.289496
0.302921
0.311978
0.335609
0.27514
0.325109
0.307796
0.311154
0.298205
0.268751
0.270736
0.244144
0.20522
0.258397
0.206074
0.278562
0.358396
0.269757
0.300939
0.266091
0.261226
0.257224
0.289974
0.215897
0.283544
0.235994
0.282358
0.156205
0.247886
0.241994
0.277582
0.280617
0.279923
0.31174
0.282504
0.256192
0.212024
0.309637
0.190832
0.283433
0.312089
0.332838
0.275973
0.249198
0.2329
0.281729
0.359745
0.301755
0.234247
0.15507
0.253953
0.281278
0.271506
0.298022
0.27776
0.255627
0.273662
0.285598
0.246608
0.257125
0.268511
0.274548
0.260949
0.310832
0.288708
0.243431
0.319895
0.303822
0.311028
0.224326
0.296871
0.258133
0.261415
0.311129
0.281778
0.241768
0.267265
0.238853
0.282536
0.21266
0.271166
0.223582
0.229356
0.263097
0.307563
0.297116
0.268932
0.26504
0.309538
0.342839
0.337579
0.256047
0.285024
0.295988
0.272564
0.3275
0.331473
0.296363
0.221676
0.254895
0.326251
0.249175
0.279423
0.330425
0.282264
0.275825
0.282015
0.261561
0.309343
0.264319
0.26493
0.254324
0.266219
0.26269
0.257132
0.294794
0.207556
0.233833
0.254011
0.265787
0.281023
0.287422
0.248162
0.305715
0.310117
0.282531
0.252214
0.272211
0.263367
0.337202
0.258967
0.349286
0.275125
0.256938
0.28506
0.29641
0.254409
0.267093
0.324411
0.308265
0.281255
0.30911
0.309882
0.247498
0.303658
0.250465
0.352607
0.282835
0.308998
0.286264
0.250301
0.226618
0.324072
0.479452
0.284663
0.292823
0.280681
0.323887
0.334712
0.271705
0.265528
0.282748
0.277668
0.269258
0.288645
0.30088
0.249648
0.296116
0.286067
0.256628
0.275236
0.325985
0.321752
0.259909
0.285838
0.265868
0.277682
0.282969
0.244249
0.288398
0.283925
0.324256
0.279555
0.28954
0.237807
0.278397
0.346175
0.272734
0.244255
0.224707
0.276529
0.26802
0.239286
0.274672
0.280527
0.315226
0.239118
0.233297
0.28862
0.272577
0.286036
0.226889
0.321653
0.26534
0.280621
0.29435
0.248655
0.309673
0.325152
0.258163
0.292365
0.304748
0.260761
0.315215
0.275995
0.24423
0.293276
0.335246
0.210669
0.312199
0.248343
0.357995
0.324359
0.273017
0.295813
0.319167
0.270129
0.290144
0.391965
0.287975
0.287794
0.320167
0.298177
0.279282
0.294928
0.248395
0.228355
0.260273
0.265754
0.239316
0.281673
0.259374
0.271852
0.276897
0.264601
0.30052
0.369948
0.309105
0.243716
0.263286
0.269298
0.291063
0.29385
0.296654
0.277156
0.259443
0.276054
0.269222
0.319426
0.26652
0.279712
0.261178
0.315559
0.288621
0.276034
0.27446
0.298451
0.295674
0.239881
0.321115
0.279499
0.268255
0.277649
0.265217
0.28777
0.261912
0.275006
0.271744
0.304462
0.278553
0.269528
0.263981
0.264726
0.263854
0.277465
0.362845
0.271841
0.270142
0.307528
0.293051
0.313212
0.257012
0.26241
0.273563
0.293532
0.260531
0.244865
0.347954
0.376014
0.320449
0.372223
0.185703
0.279216
0.218768
0.31734
0.261619
0.239209
0.290918
0.298176
0.266237
0.273248
0.258791
0.25303
0.259392
0.229022
0.274935
0.278612
0.268325
0.300788
0.263951
0.250243
0.278994
0.256303
0.237485
0.23944
0.318716
0.271634
0.211659
0.297729
0.242265
0.246161
0.302444
0.286136
0.258057
0.332634
0.249167
0.282312
0.268234
0.278582
0.173995
0.297108
0.29156
0.280975
0.254188
0.241745
0.340894
0.280448
0.269693
0.261096
0.269062
0.254455
0.304717
0.309594
0.285459
0.294621
0.283682
0.255395
0.331992
0.280621
0.324081
0.299672
0.291894
0.333387
0.283907
0.276742
0.266072
0.283399
0.251534
0.275021
0.230856
0.294803
0.296403
0.345638
0.289006
0.28475
0.326188
0.307285
0.315513
0.266629
0.236827
0.25791
0.274316
0.317543
0.228293
0.301182
0.297362
0.263456
0.19816
0.285062
0.23668
0.296738
0.395508
0.194768
0.187726
0.25454
0.29572
0.321626
0.283671
0.206362
0.268702
0.291396
0.305024
0.259328
0.252536
0.40981
0.285584
0.309985
0.281237
0.290597
0.257068
0.27198
0.207567
0.305097
0.240087
0.293712
0.26763
0.249961
0.288279
0.308169
0.241003
0.270646
0.274152
0.276895
0.272172
0.325188
0.304831
0.377593
0.260229
0.213234
0.267265
0.268731
0.241579
0.250892
0.277152
0.282191
0.268334
0.335469
0.245303
0.260538
0.299039
0.274536
0.261246
0.239804
0.301238
0.243299
0.263413
0.315522
0.371505
0.264449
0.291004
0.185592
0.238799
0.349956
0.290408
0.25622
0.268888
0.215611
0.307337
0.304451
0.293132
0.289596
0.309763
0.314672
0.264055
0.287866
0.305987
0.238566
0.319076
0.276212
0.277046
0.264183
0.29595
0.302664
0.239552
0.314271
0.253777
0.301795
0.255645
0.288949
0.27791
0.273644
0.287487
0.300789
0.25655
0.419436
0.266335
0.274142
0.265102
0.269402
0.271566
0.282801
0.289273
0.249942
0.211105
0.200572
0.277712
0.339051
0.28218
0.237856
0.274751
0.245328
0.301216
0.313892
0.233871
0.271997
0.266216
0.304192
0.333097
0.238004
0.261315
0.281629
0.271755
0.301003
0.298215
0.282194
0.304661
0.293969
0.391024
0.273208
0.272707
0.289678
0.304289
0.250736
0.320297
0.238565
0.345734
0.271078
0.244631
0.337392
0.261964
0.27678
0.249418
0.255137
0.239392
0.28655
0.298107
0.283363
0.274693
0.298442
0.283718
0.259399
0.206546
0.25915
0.261652
0.321175
0.287394
0.2878
0.268806
0.288184
0.239657
0.339686
0.203362
0.268089
0.258472
0.258107
0.257806
0.242517
0.274194
0.213436
0.266477
0.277798
0.285304
0.215899
0.293212
0.272291
0.173732
0.284604
0.316231
0.30147
0.276981
0.300285
0.33244
0.255035
0.190412
0.269593
0.263636
0.287636
0.297208
0.255671
0.236911
0.326928
0.314489
0.255632
0.178704
0.281375
0.283339
0.257371
0.223199
0.27673
0.255514
0.387935
0.289639
0.253477
0.276518
0.25606
0.226065
0.258093
0.276113
0.243476
0.24546
0.259586
0.284622
0.306991
0.29414
0.294202
0.2442
0.335835
0.240863
0.269956
0.246916
0.310493
0.198789
0.258729
0.299774
0.315386
0.281649
0.465112
0.289817
0.293178
0.314993
0.28868
0.297258
0.275194
0.197878
0.274979
0.300185
0.256762
0.343725
0.285771
0.277086
0.256954
0.272701
0.255445
0.246513
0.296744
0.300862
0.284622
0.29716
0.247595
0.25036
0.278138
0.298908
0.306627
0.235306
0.273604
0.289012
0.284653
0.285244
0.303862
0.266016
0.325164
0.359304
0.30376
0.298966
0.3202
0.345206
0.309793
0.227277
0.292042
0.315364
0.28013
0.258594
0.284988
0.262465
0.340481
0.316833
0.302789
0.279665
0.278633
0.289255
0.281301
0.282649
0.262509
0.379374
0.290153
0.33479
0.334745
0.280832
0.265567
0.243157
0.27648
0.227958
0.25931
0.250411
0.254139
0.224683
0.261358
0.255675
0.272034
0.235687
0.268606
0.243152
0.310233
0.273653
0.293787
0.224823
0.247707
0.266529
0.238163
0.271224
0.253713
0.297291
0.23766
0.255445
0.29943
0.250967
0.250249
0.284221
0.274662
0.279959
0.279647
0.316687
0.275601
0.2917
0.256064
0.259259
0.235803
0.288626
0.286814
0.276687
0.286352
0.31913
0.246833
0.270004
0.258647
0.267021
0.286177
0.314079
0.281535
0.299822
0.223786
0.337723
0.404081
0.280912
0.284682
0.251423
0.307033
0.371168
0.22997
0.226001
0.26413
0.32643
0.188648
0.234044
0.324106
0.213433
0.25779
0.231443
0.305871
0.230931
0.279691
0.26373
0.266492
0.246121
0.236597
0.2806
0.288048
0.23699
0.210049
0.316218
0.257295
0.259022
0.217922
0.271213
0.244351
0.388196
0.249552
0.267493
0.266964
0.293616
0.290566
0.240417
0.255704
0.276147
0.306588
0.27358
0.273107
0.246985
0.292811
0.297467
0.274289
0.319866
0.305496
0.278321
0.252012
0.241115
0.245294
0.311797
0.269569
0.270396
0.392633
0.277358
0.269484
0.337168
0.270334
0.263269
0.276592
0.228244
0.232206
0.269586
0.233393
0.387488
0.292466
0.279052
0.214566
0.227577
0.248098
0.31003
0.243142
0.271688
0.322484
0.437625
0.283321
0.264596
0.331452
0.179594
0.245759
0.268051
0.268046
0.303584
0.354384
0.292357
0.32461
0.276258
0.264632
0.298498
0.253572
0.261063
0.280966
0.224516
0.258881
0.336304
0.307885
0.301258
0.249008
0.335759
0.21901
0.332883
0.266572
0.271142
0.28037
0.246719
0.287369
0.328432
0.28691
0.306011
0.296327
0.328691
0.30513
0.262667
0.292511
0.280796
0.260246
0.256204
0.276248
0.26171
0.297213
0.288441
0.336594
0.2773
0.305502
0.24836
0.249291
0.286729
0.240473
0.253726
0.315295
0.285823
0.271848
0.255624
0.242656
0.266016
0.279839
0.233922
0.298542
0.207384
0.272153
0.268846
0.317784
0.269872
0.293984
0.257773
0.292171
0.27627
0.263507
0.285006
0.301892
0.2592
0.253796
0.276671
0.285536
0.238728
0.263317
0.26055
0.251773
0.293785
0.306538
0.279819
0.287717
0.210187
0.280539
0.262191
0.269077
0.35132
0.245728
0.260737
0.253874
0.273555
0.382073
0.255565
0.252268
0.264217
0.290176
0.241825
0.244298
0.353261
0.281709
0.269663
0.283148
0.30761
0.256421
0.338633
0.314038
0.272639
0.276723
0.232676
0.256172
0.308387
0.231933
0.299839
0.258105
0.297357
0.244155
0.30821
0.269555
0.253527
0.308329
0.247272
0.298626
0.287963
0.330148
0.246929
0.266135
0.435352
0.28117
0.280651
0.301857
0.31561
0.223779
0.278568
0.249197
0.276615
0.266707
0.206052
0.357882
0.208676
0.284434
0.317031
0.275172
0.269298
0.308674
0.24306
0.286805
0.264916
0.277761
0.239257
0.252078
0.231105
0.284714
0.257058
0.286589
0.294472
0.284077
0.333364
0.288833
0.282349
0.281339
0.286578
0.264307
0.271539
0.278362
0.268793
0.305194
0.29368
0.254809
0.267419
0.227532
0.285495
0.281257
0.298221
0.278956
0.247905
0.270001
0.310319
0.263006
0.372885
0.260568
0.287129
0.290126
0.279538
0.239343
0.21095
0.290553
0.262032
0.262684
0.220291
0.306654
0.260417
0.265175
0.332912
0.311764
0.237833
0.24052
0.219799
0.28328
0.300212
0.297207
0.338737
0.250363
0.280052
0.260181
0.308809
0.301387
0.306216
0.292574
0.218237
0.307184
0.286454
0.268465
0.251353
0.218174
0.282114
0.29091
0.260931
0.175072
0.23908
0.26329
0.299073
0.345581
0.244909
0.271635
0.270156
0.302623
0.330597
0.407776
0.270938
0.222847
0.273675
0.271328
0.269105
0.269093
0.257974
0.273955
0.223516
0.307961
0.255771
0.392909
0.194933
0.299431
0.29641
0.235118
0.271958
0.404218
0.247055
0.267403
0.251786
0.277374
0.265685
0.345902
0.283353
0.228394
0.265972
0.259031
0.316372
0.335911
0.246914
0.258795
0.309057
0.299422
0.272384
0.286812
0.296656
0.259536
0.29548
0.25307
0.24597
0.23344
0.31961
0.278163
0.207067
0.366207
0.273532
0.25929
0.269965
0.243402
0.212473
0.239259
0.272327
0.235341
0.285835
0.294143
0.241891
0.269767
0.288363
0.355458
0.269691
0.251842
0.358648
0.285086
0.270628
0.278968
0.328686
0.239002
0.284805
0.283235
0.288304
0.302854
0.26884
0.291486
0.290728
0.290816
0.191672
0.230723
0.284751
0.262801
0.254398
0.211112
0.322967
0.257443
0.276449
0.355704
0.272164
0.257494
0.281488
0.187083
0.271724
0.28134
0.299142
0.273521
0.306454
0.293724
0.324592
0.281685
0.27586
0.239918
0.420145
0.247853
0.221373
0.236705
0.282207
0.294624
0.288086
0.342868
0.256523
0.329763
0.265923
0.277806
0.294682
0.260316
0.26072
0.350066
0.331402
0.249616
0.257531
0.267158
0.287309
0.248458
0.263736
0.252814
0.275109
0.245066
0.236423
0.271647
0.278479
0.264607
0.249603
0.304079
0.283212
0.265701
0.28655
0.278063
0.2597
0.222046
0.264567
0.264356
0.255242
0.288805
0.243018
0.237927
0.252451
0.217214
0.265151
0.262281
0.271755
0.296015
0.259179
0.331733
0.24946
0.290618
0.272187
0.265903
0.25002
0.270772
0.287887
0.281063
0.267923
0.295413
0.295491
0.254913
0.256581
0.257636
0.347081
0.282291
0.324897
0.255894
0.255742
0.25491
0.238287
0.245826
0.309909
0.235798
0.34153
0.246753
0.252504
0.258059
0.252854
0.298242
0.254795
0.33634
0.300774
0.263997
0.259627
0.268216
0.338121
0.264115
0.265497
0.262687
0.307301
0.281983
0.244688
0.235597
0.204147
0.231879
0.302137
0.279773
0.296777
0.284258
0.271692
0.260332
0.262757
0.234826
0.162768
0.344169
0.291086
0.303301
0.290999
0.287458
0.269449
0.228202
0.241785
0.311253
0.304166
0.294883
0.385528
0.262511
0.246777
0.267808
0.245716
0.30445
0.279832
0.270594
0.256385
0.275986
0.280785
0.264661
0.283554
0.166667
0.267559
0.358726
0.238863
0.274009
0.262021
0.289189
0.25314
0.271239
0.216074
0.300646
0.298367
0.310491
0.267229
0.258978
0.249624
0.234388
0.334936
0.273024
0.317095
0.258283
0.282034
0.303983
0.258491
0.33148
0.286006
0.278152
0.267669
0.310161
0.294068
0.311835
0.24568
0.311906
0.230688
0.272819
0.209895
0.263703
0.278946
0.301534
0.274585
0.290938
0.286024
0.259832
0.334852
0.294504
0.281622
0.267336
0.258633
0.267063
0.2422
0.285914
0.319245
0.232873
0.259556
0.199479
0.274734
0.304175
0.313051
0.276722
0.237583
0.308956
0.328669
0.297019
0.219272
0.232712
0.238476
0.300562
0.309963
0.257898
0.310649
0.322636
0.263237
0.3519
0.281191
0.266932
0.279166
0.252959
0.277739
0.248709
0.254561
0.291246
0.281384
0.309857
0.247978
0.33526
0.265287
0.286814
0.306218
0.268909
0.242798
0.277571
0.25272
0.278803
0.28779
0.351612
0.278739
0.293598
0.29504
0.254854
0.297819
0.28033
0.317523
0.298222
0.278209
0.288687
0.237986
0.334614
0.236481
0.296936
0.300232
0.274727
0.287831
0.305652
0.241457
0.240612
0.288433
0.28654
0.285897
0.276432
0.233804
0.259003
0.295045
0.295639
0.272969
0.225442
0.317181
0.251315
0.247613
0.281002
0.1848
0.23638
0.278799
0.288086
0.236237
0.255578
0.291736
0.303831
0.244724
0.337652
0.295649
0.25138
0.245057
0.270463
0.294455
0.278495
0.2826
0.234786
0.285215
0.290588
0.282552
0.15356
0.253908
0.259331
0.290472
0.263811
0.277322
0.380805
0.226855
0.286916
0.249792
0.232942
0.293402
0.268588
0.31126
0.226466
0.216963
0.326874
0.300714
0.280886
0.199466
0.261777
0.267454
0.251656
0.285337
0.284875
0.226207
0.270826
0.264319
0.254135
0.273709
0.320292
0.295243
0.304644
0.340525
0.26984
0.27607
0.292195
0.301225
0.436065
0.287856
0.265356
0.248398
0.25479
0.272341
0.305057
0.288939
0.292898
0.226238
0.211335
0.273742
0.21422
0.241377
0.21147
0.29629
0.210241
0.299225
0.339648
0.354358
0.301061
0.263666
0.291207
0.284299
0.276252
0.290765
0.206128
0.277148
0.278239
0.278277
0.286417
0.25414
0.247564
0.293409
0.240334
0.273889
0.288644
0.283131
0.268224
0.278622
0.290187
0.300701
0.333102
0.292789
0.272398
0.314412
0.251471
0.279157
0.236017
0.266519
0.257824
0.255551
0.239147
0.265382
0.249884
0.287895
0.25967
0.307261
0.280478
0.303269
0.285543
0.274318
0.276833
0.209103
0.216906
0.293098
0.246937
0.256973
0.277162
0.314258
0.29116
0.265634
0.282886
0.211825
0.283398
0.257309
0.303045
0.192154
0.319149
0.301217
0.254759
0.24701
0.275967
0.310466
0.27693
0.262128
0.252704
0.297299
0.248919
0.268311
0.248736
0.165343
0.212868
