0.267205
0.293918
0.238322
0.29258
0.309329
0.24402
0.243097
0.253884
0.275447
0.317163
0.285025
0.266456
0.35
0.231951
0.267164
0.244564
0.271714
0.273266
0.263803
0.28682
0.318331
0.274148
0.257288
0.28917
0.273749
0.26311
0.328513
0.327585
0.256176
0.286615
0.299825
0.272315
0.275804
0.262533
0.245564
0.26254
0.296844
0.277546
0.268637
0.307201
0.246727
0.292488
0.267156
0.268774
0.257415
0.265879
0.207461
0.225973
0.222075
0.283501
0.22081
0.283294
0.276848
0.244762
0.293279
0.238798
0.226987
0.265312
0.290255
0.275874
0.293591
0.223403
0.25531
0.255039
0.249981
0.258991
0.22748
0.158552
0.231176
0.264843
0.254014
0.254746
0.284856
0.221997
0.233528
0.274156
0.246951
0.284836
0.257262
0.324889
0.320003
0.244557
0.288026
0.212533
0.254144
0.249408
0.240859
0.292827
0.256284
0.255697
0.263291
0.243134
0.248838
0.262662
0.266306
0.287267
0.293496
0.319027
0.247827
0.332638
0.269477
0.243945
0.249669
0.236057
0.258184
0.248507
0.309178
0.245626
0.24069
0.255945
0.306287
0.292402
0.261196
0.299725
0.242095
0.332619
0.288791
0.251244
0.311931
0.243836
0.275029
0.268977
0.251723
0.242878
0.219901
0.319257
0.252166
0.22244
0.232775
0.313807
0.298427
0.29902
0.280927
0.290892
0.280148
0.217394
0.378984
0.296247
0.238667
0.237833
0.267558
0.339412
0.23917
0.280068
0.279759
0.285027
0.30857
0.243029
0.295025
0.28175
0.2485
0.286601
0.26682
0.296157
0.242149
0.268324
0.20944
0.252867
0.241814
0.221416
0.318047
0.295625
0.279805
0.294816
0.252711
0.314959
0.231111
0.199781
0.224875
0.265526
0.286696
0.312284
0.249442
0.282186
0.380297
0.262955
0.263906
0.267909
0.287868
0.273772
0.300485
0.232622
0.313623
0.234442
0.208104
0.28861
0.295912
0.241763
0.21317
0.324572
0.240543
0.266937
0.323248
0.258997
0.329658
0.241872
0.258924
0.29553
0.244539
0.236336
0.291008
0.250079
0.276726
0.248237
0.285148
0.254944
0.260679
0.247581
0.244645
0.262044
0.253596
0.294085
0.270838
0.236186
0.254209
0.241313
0.285372
0.260343
0.267933
0.207527
0.289448
0.238855
0.266974
0.271688
0.292318
0.18499
0.249425
0.25621
0.181356
0.273315
0.272165
0.292041
0.250257
0.261313
0.282174
0.253212
0.282403
0.190505
0.208719
0.267175
0.237846
0.26303
0.319394
0.284798
0.259351
0.257973
0.252608
0.22384
0.230317
0.243122
0.303483
0.232783
0.312038
0.251541
0.21785
0.300048
0.256512
0.229395
0.260158
0.239849
0.286291
0.307418
0.28197
0.363164
0.263274
0.296145
0.318224
0.23398
0.317048
0.273903
0.292337
0.380275
0.320451
0.26134
0.231481
0.310137
0.218046
0.235265
0.212404
0.291361
0.28528
0.332548
0.293993
0.270794
0.232799
0.28348
0.288438
0.386891
0.251435
0.31916
0.336252
0.28643
0.26334
0.225335
0.29187
0.264827
0.244905
0.229029
0.264084
0.251371
0.299612
0.266271
0.246942
0.307046
0.263743
0.170581
0.289531
0.355407
0.235638
0.283587
0.269924
0.332166
0.23059
0.271102
0.271904
0.286579
0.278532
0.262132
0.258203
0.255642
0.280123
0.273718
0.257206
0.26946
0.282658
0.1926
0.233236
0.269905
0.276326
0.259595
0.278735
0.247003
0.206327
0.275125
0.288597
0.352598
0.27873
0.300717
0.254857
0.200495
0.288889
0.257684
0.267245
0.286705
0.239624
0.257988
0.21653
0.312642
0.257005
0.296588
0.23509
0.28297
0.245035
0.308726
0.274064
0.269785
0.301544
0.284151
0.31035
0.255671
0.272361
0.279984
0.299268
0.232911
0.333232
0.343836
0.297051
0.268815
0.332637
0.213809
0.235702
0.261837
0.269506
0.33621
0.260051
0.243245
0.239937
0.313265
0.282949
0.329321
0.239422
0.264411
0.270046
0.266036
0.260953
0.289049
0.296948
0.241827
0.306849
0.303794
0.273019
0.288639
0.267573
0.25718
0.282701
0.192501
0.239843
0.28981
0.328803
0.293011
0.235974
0.28771
0.286173
0.221253
0.260501
0.244895
0.264309
0.195569
0.261548
0.258092
0.276353
0.275329
0.204105
0.24719
0.19376
0.277152
0.29063
0.313233
0.266109
0.237013
0.292972
0.281838
0.3368
0.304348
0.284445
0.248301
0.264528
0.281724
0.303673
0.257239
0.293025
0.329435
0.326661
0.275522
0.310609
0.252037
0.17904
0.302858
0.300484
0.270318
0.315652
0.305848
0.251595
0.260523
0.269111
0.243651
0.220664
0.272556
0.286071
0.256164
0.227642
0.284581
0.271156
0.261863
0.277497
0.255252
0.292136
0.342881
0.276849
0.306432
0.251398
0.437794
0.260892
0.272349
0.262412
0.224005
0.300669
0.254586
0.316674
0.258871
0.18088
0.238089
0.213942
0.283068
0.283391
0.204796
0.250693
0.279421
0.238133
0.302039
0.279371
0.298951
0.299403
0.257954
0.307843
0.248724
0.284819
0.204302
0.250602
0.241019
0.349424
0.272995
0.292922
0.273747
0.30108
0.330968
0.300737
0.336269
0.353597
0.247193
0.295051
0.203776
0.271198
0.240224
0.254066
0.237522
0.300382
0.279267
0.268795
0.251116
0.279272
0.241499
0.291497
0.31389
0.254069
0.197955
0.28536
0.224894
0.233479
0.276298
0.303603
0.274423
0.301943
0.261146
0.287009
0.295721
0.268118
0.392688
0.203002
0.348372
0.279176
0.325091
0.317358
0.245264
0.285531
0.535217
0.239035
0.288167
0.314803
0.286611
0.286363
0.264944
0.296623
0.244581
0.29257
0.21654
0.278494
0.237997
0.268396
0.353128
0.264318
0.255969
0.288231
0.278767
0.30199
0.23833
0.272912
0.294127
0.281338
0.40117
0.249872
0.2579
0.219582
0.222276
0.292136
0.243654
0.294705
0.282613
0.251521
0.235516
0.256369
0.250975
0.300375
0.274437
0.258751
0.296841
0.278904
0.250563
0.240625
0.166022
0.315958
0.3018
0.286712
0.270762
0.244129
0.274884
0.269434
0.308838
0.329761
0.286187
0.272841
0.258633
0.188516
0.259631
0.250775
0.270608
0.291111
0.234475
0.271776
0.24305
0.282991
0.316331
0.2519
0.298643
0.297346
0.260407
0.27534
0.233984
0.161008
0.283303
0.279869
0.232454
0.266893
0.282887
0.256201
0.270989
0.33046
0.230798
0.269544
0.2996
0.244317
0.24643
0.255629
0.260475
0.240623
0.302624
0.232997
0.314555
0.25414
0.302383
0.290225
0.26175
0.287942
0.270788
0.288974
0.266227
0.30909
0.263587
0.206963
0.29155
0.343285
0.251065
0.31897
0.233636
0.243215
0.286365
0.294745
0.288467
0.283059
0.259213
0.283368
0.299686
0.243783
0.205646
0.224094
0.267827
0.24931
0.262679
0.28458
0.26271
0.282847
0.286451
0.291214
0.274677
0.315892
0.302627
0.275821
0.246369
0.270855
0.295545
0.271368
0.285065
0.254733
0.25077
0.286627
0.256457
0.269425
0.248318
0.216393
0.277836
0.294725
0.202144
0.259569
0.26413
0.263231
0.261285
0.273588
0.275126
0.258046
0.200448
0.254303
0.335431
0.239988
0.218833
0.26232
0.249549
0.263254
0.255453
0.22384
0.280891
0.275856
0.218192
0.250291
0.239183
0.266176
0.254425
0.321388
0.313976
0.300045
0.3341
0.319342
0.261954
0.299195
0.291243
0.277041
0.276092
0.314767
0.231404
0.244319
0.249707
0.275411
0.216694
0.33374
0.297147
0.269072
0.269639
0.222985
0.26335
0.335408
0.277464
0.297611
0.251553
0.24852
0.217983
0.237505
0.340236
0.323781
0.300365
0.230172
0.283581
0.286885
0.253075
0.258463
0.240215
0.339831
0.308064
0.225748
0.302355
0.335299
0.237312
0.244768
0.256058
0.241294
0.235923
0.284053
0.281167
0.263212
0.272757
0.286714
0.265562
0.301205
0.250586
0.227029
0.267083
0.250713
0.157976
0.379597
0.29741
0.23667
0.272335
0.253443
0.317872
0.26507
0.27062
0.270835
0.236307
0.310944
0.247361
0.196298
0.316008
0.247366
0.282202
0.214947
0.28887
0.269185
0.215479
0.248989
0.271284
0.284547
0.209837
0.492435
0.274939
0.293864
0.247588
0.292518
0.277477
0.300338
0.307248
0.282228
0.221032
0.273058
0.305558
0.287691
0.292934
0.244728
0.260151
0.313605
0.254084
0.24618
0.277587
0.33739
0.310916
0.273866
0.264579
0.279184
0.230892
0.293169
0.257434
0.245322
0.230786
0.332027
0.275332
0.352285
0.215114
0.323073
0.339775
0.294409
0.304665
0.273512
0.294807
0.295668
0.270969
0.271952
0.23607
0.406601
0.277412
0.419327
0.271483
0.39432
0.294363
0.245202
0.243358
0.269652
0.273809
0.239803
0.256776
0.266164
0.342357
0.207375
0.301456
0.292722
0.249792
0.255685
0.246941
0.333065
0.264803
0.262687
0.233279
0.300691
0.236531
0.221622
0.299618
0.303635
0.175945
0.289834
0.30594
0.35074
0.308885
0.255857
0.321799
0.264861
0.247326
0.334934
0.239081
0.25576
0.302617
0.318108
0.244581
0.253171
0.231908
0.287657
0.232474
0.284689
0.246947
0.257951
0.232799
0.283377
0.252571
0.225503
0.285512
0.308191
0.252566
0.290534
0.183447
0.288344
0.267065
0.273662
0.272514
0.247726
0.278378
0.313766
0.315882
0.28893
0.25192
0.261877
0.230929
0.259656
0.263531
0.28193
0.287926
0.263375
0.315434
0.257291
0.264424
0.248829
0.279791
0.264033
0.260817
0.290519
0.307864
0.248512
0.307156
0.266677
0.249912
0.246495
0.268198
0.203424
0.289515
0.285868
0.254183
0.351202
0.258669
0.537325
0.245798
0.247024
0.237293
0.298013
0.288569
0.249532
0.222546
0.265245
0.261169
0.327832
0.299322
0.259805
0.262418
0.309584
0.33032
0.277424
0.294814
0.212662
0.27205
0.302093
0.314365
0.297369
0.296256
0.255848
0.254639
0.351374
0.284049
0.277893
0.323143
0.28904
0.278786
0.364548
0.276498
0.22455
0.294108
0.265156
0.305129
0.23371
0.250698
0.334951
0.26018
0.269594
0.251622
0.295666
0.300777
0.270805
0.263071
0.267051
0.280423
0.290384
0.26728
0.254755
0.272035
0.229229
0.25487
0.247655
0.271248
0.288906
0.275815
0.328567
0.305117
0.276171
0.23502
0.254266
0.189818
0.261894
0.291866
0.238111
0.262323
0.272499
0.261433
0.238109
0.27571
0.347608
0.338248
0.245571
0.26756
0.314298
0.272498
0.309112
0.325391
0.302713
0.28515
0.294834
0.315114
0.28394
0.286548
0.282966
0.288075
0.251556
0.304863
0.243998
0.212156
0.253185
0.314262
0.238667
0.193419
0.286355
0.281788
0.297898
0.298156
0.25799
0.161005
0.217794
0.295596
0.284762
0.265885
0.272979
0.273295
0.280526
0.229037
0.259813
0.259676
0.268008
0.251773
0.245991
0.300294
0.16856
0.246906
0.366299
0.276352
0.304383
0.317215
0.260344
0.273257
0.235822
0.251543
0.255302
0.256579
0.267287
0.276118
0.280701
0.238686
0.194469
0.251923
0.245328
0.25036
0.264848
0.240592
0.258713
0.247554
0.200868
0.294228
0.253926
0.179762
0.262937
0.259214
0.282164
0.270131
0.244593
0.2852
0.346134
0.323274
0.315076
0.284194
0.283296
0.282078
0.299605
0.268496
0.311174
0.220307
0.233469
0.257187
0.253779
0.286744
0.222214
0.255058
0.309901
0.306239
0.284568
0.260003
0.247424
0.3109
0.308293
0.27645
0.267633
0.242416
0.325181
0.221788
0.290042
0.216862
0.328313
0.257129
0.293016
0.292363
0.264415
0.28788
0.28877
0.314097
0.31581
0.256891
0.18778
0.311552
0.25473
0.270153
0.261188
0.192453
0.219812
0.228295
0.277587
0.282433
0.267236
0.29163
0.295607
0.244355
0.240624
0.266584
0.269728
0.280267
0.276608
0.257825
0.246659
0.254315
0.250712
0.265243
0.272799
0.276412
0.253436
0.261461
0.236278
0.343904
0.211053
0.24927
0.273236
0.281606
0.262221
0.271616
0.383322
0.266216
0.225976
0.25855
0.278273
0.503036
0.265209
0.281289
0.319189
0.244268
0.254143
0.258934
0.255164
0.239529
0.268355
0.243192
0.30513
0.267657
0.281315
0.257903
0.279687
0.251561
0.203194
0.259905
0.226373
0.266417
0.258117
0.238989
0.204517
0.334591
0.254627
0.293341
0.295584
0.284357
0.24512
0.231521
0.21815
0.270923
0.307505
0.267057
0.295389
0.26965
0.265151
0.274565
0.256707
0.241335
0.304788
0.275961
0.201229
0.263619
0.294132
0.295981
0.31445
0.285548
0.273367
0.325857
0.291329
0.272982
0.331536
0.209039
0.255382
0.204215
0.268993
0.267574
0.260494
0.192707
0.234689
0.234169
0.236997
0.233862
0.278836
0.29923
0.253023
0.297397
0.30998
0.237237
0.280493
0.260272
0.234168
0.259675
0.27526
0.238941
0.267119
0.331125
0.188126
0.30715
0.244112
0.306285
0.271765
0.303789
0.265269
0.25439
0.231756
0.298091
0.293325
0.297993
0.253573
0.218202
0.254759
0.240994
0.244957
0.27089
0.268754
0.292504
0.332704
0.287233
0.242885
0.317328
0.295692
0.283006
0.27042
0.309121
0.358481
0.307466
0.236807
0.274561
0.27612
0.277103
0.241506
0.287468
0.226043
0.241439
0.277988
0.257224
0.284834
0.267879
0.255907
0.272477
0.4134
0.272035
0.248225
0.337852
0.292945
0.301485
0.263265
0.297961
0.256181
0.275612
0.274941
0.253198
0.278494
0.237444
0.294878
0.237954
0.28998
0.304659
0.209605
0.343434
0.272807
0.183742
0.253181
0.27589
0.297807
0.248823
0.23317
0.400903
0.221788
0.247781
0.27636
0.245317
0.274006
0.232836
0.244422
0.333065
0.296099
0.228934
0.294161
0.234571
0.322622
0.191386
0.267469
0.284666
0.246083
0.299214
0.282997
0.329284
0.20338
0.259782
0.256623
0.274628
0.271909
0.278027
0.264858
0.223713
0.268551
0.260807
0.298421
0.248817
0.289688
0.295829
0.228371
0.287588
0.248583
0.318817
0.295548
0.207491
0.289842
0.276535
0.260294
0.294548
0.231209
0.458271
0.280911
0.246441
0.282415
0.257612
0.243115
0.267718
0.262451
0.281016
0.252638
0.280182
0.285304
0.298046
0.297988
0.273186
0.308102
0.17916
0.251603
0.261071
0.261399
0.219397
0.338764
0.331948
0.295071
0.212195
0.259141
0.243222
0.31369
0.21334
0.22892
0.262445
0.281779
0.274188
0.338169
0.254447
0.278073
0.322647
0.28929
0.26739
0.238894
0.275661
0.292699
0.274403
0.257508
0.236639
0.214499
0.255898
0.263054
0.296153
0.238254
0.217598
0.278915
0.209112
0.240326
0.25186
0.2075
0.230088
0.265434
0.276615
0.262547
0.209411
0.279599
0.183055
0.313243
0.28796
0.246772
0.173045
0.265489
0.315752
0.20229
0.23026
0.24141
0.377453
0.206187
0.270085
0.233417
0.272022
0.277365
0.288209
0.274605
0.312313
0.314749
0.368695
0.271373
0.267534
0.266462
0.276217
0.312874
0.308234
0.534354
0.298034
0.305554
0.271961
0.25944
0.359993
0.249868
0.274966
0.21874
0.280705
0.288573
0.291451
0.254805
0.257932
0.2501
0.307312
0.27163
0.274412
0.220759
0.261951
0.286675
0.236882
0.252329
0.208559
0.239558
0.26565
0.371702
0.269236
0.244866
0.255826
0.248305
0.248637
0.237205
0.301377
0.235534
0.291945
0.264395
0.228935
0.254237
0.234166
0.242484
0.248174
0.329257
0.508388
0.206337
0.263474
0.256369
0.285985
0.246208
0.277833
0.211911
0.262765
0.261393
0.225002
0.273116
0.342598
0.304987
0.327015
0.290508
0.261001
0.25676
0.318096
0.277126
0.26901
0.209632
0.219792
0.302642
0.247569
0.299112
0.299673
0.346685
0.2354
0.267751
0.327828
0.301194
0.318981
0.251295
0.259967
0.162883
0.185005
0.330159
0.264921
0.308117
0.270146
0.273088
0.300887
0.288944
0.300775
0.244758
0.241768
0.292443
0.279475
0.346615
0.241262
0.267361
0.321906
0.280374
0.354734
0.23442
0.221255
0.272206
0.331221
0.211076
0.293208
0.260415
0.317047
0.172592
0.304783
0.247994
0.347012
0.177123
0.259197
0.262492
0.251446
0.297335
0.293632
0.289073
0.323646
0.270979
0.297224
0.267719
0.287332
0.263232
0.330511
0.205511
0.292543
0.297578
0.362644
0.251682
0.266753
0.262944
0.278049
0.285967
0.270986
0.252467
0.303248
0.335051
0.291789
0.223286
0.249557
0.268456
0.260789
0.244957
0.409121
0.251996
0.274924
0.277005
0.249361
0.288362
0.286287
0.27403
0.291402
0.268406
0.284306
0.29017
0.279379
0.274631
0.269237
0.200209
0.250579
0.253099
0.24914
0.25109
0.261758
0.268582
0.254011
0.227942
0.293426
0.306801
0.240859
0.300824
0.178964
0.304802
0.31585
0.326453
0.242361
0.28414
0.299937
0.307704
0.32783
0.35449
0.267387
0.328602
0.246044
0.246569
0.259994
0.255477
0.379559
0.261497
0.455722
0.241836
0.256785
0.158351
0.258841
0.234553
0.18171
0.265636
0.39498
0.262764
0.365182
0.312153
0.270389
0.270564
0.272394
0.296713
0.26447
0.250294
0.252021
0.281184
0.246787
0.258466
0.273826
0.29059
0.303695
0.327485
0.255816
0.37353
0.284183
0.299469
0.284471
0.23733
0.241823
0.190545
0.226105
0.260357
0.237568
0.256958
0.243417
0.235003
0.229573
0.310066
0.232078
0.303822
0.257288
0.232653
0.284165
0.306422
0.284003
0.180748
0.251238
0.26408
0.304749
0.238357
0.279419
0.296392
0.276413
0.321828
0.30331
0.249105
0.238732
0.239429
0.269552
0.261676
0.265439
0.23668
0.274228
0.263489
0.283451
0.260707
0.257918
0.246222
0.29494
0.255641
0.271677
0.28339
0.246282
0.266176
0.287192
0.318121
0.221489
0.2715
0.300171
0.265988
0.218061
0.30354
0.255082
0.269541
0.293908
0.262858
0.267773
0.253136
0.272414
0.297601
0.233432
0.298891
0.31054
0.235341
0.273336
0.256643
0.217951
0.246143
0.266285
0.287001
0.263844
0.289645
0.247663
0.285853
0.264666
0.289049
0.248608
0.377105
0.229465
0.267419
0.267831
0.239451
0.278892
0.288787
0.260932
0.27087
0.293495
0.242529
0.271135
0.276358
0.27217
0.228175
0.385264
0.26574
0.32825
0.263165
0.265174
0.294973
0.288445
0.308263
0.283091
0.2924
0.24862
0.291467
0.280167
0.259189
0.247137
0.276531
0.154778
0.343535
0.287401
0.254739
0.284313
0.231916
0.300504
0.253646
0.2688
0.309213
0.281042
0.262226
0.273198
0.277504
0.340728
0.37665
0.326359
0.249646
0.254896
0.255911
0.310527
0.285476
0.302481
0.252312
0.2372
0.249962
0.282723
0.269848
0.198074
0.324653
0.222394
0.322911
0.255709
0.306886
0.293648
0.266246
0.277907
0.279812
0.220989
0.352361
0.22042
0.261546
0.245198
0.318084
0.272522
0.321187
0.31132
0.230199
0.288206
0.341172
0.249876
0.28402
0.305951
0.265744
0.308593
0.319804
0.219241
0.324322
0.243722
0.2699
0.211497
0.255541
0.25782
0.260264
0.337307
0.265917
0.286012
0.281482
0.31702
0.335203
0.351778
0.248865
0.260628
0.278779
0.24488
0.264753
0.262548
0.268698
0.271758
0.30698
0.309991
0.301539
0.367443
0.295686
0.266141
0.282087
0.229622
0.246589
0.235174
0.263803
0.280618
0.257175
0.284017
0.245938
0.284334
0.308938
0.304722
0.297837
0.194036
0.270746
0.232818
0.269657
0.25606
0.292046
0.242263
0.283357
0.269727
0.284842
0.25148
0.299664
0.256602
0.297436
0.293314
0.256691
0.26213
0.299186
0.289492
0.315773
0.293765
0.207669
0.227298
0.266157
0.310884
0.255049
0.17323
0.303251
0.253056
0.27706
0.263547
0.288333
0.209916
0.278007
0.388144
0.325511
0.291559
0.26457
0.345169
0.294613
0.321173
0.280668
0.241036
0.293229
0.25914
0.275952
0.250472
0.260169
0.274493
0.264458
0.270905
0.350108
0.261699
0.259685
0.239279
0.27759
0.27268
0.299354
0.297118
0.25429
0.259194
0.264938
0.312757
0.273511
0.336153
0.283924
0.321247
0.278503
0.236671
0.299641
0.346994
0.280152
0.206641
0.422348
0.245936
0.223599
0.274912
0.228514
0.312287
0.285649
0.224812
0.218051
0.280744
0.290707
0.29107
0.292197
0.210506
0.19177
0.261801
0.237484
0.320425
0.255159
0.161225
0.249601
0.265586
0.272171
0.270965
0.215022
0.352083
0.265683
0.293203
0.258349
0.257232
0.268753
0.280811
0.246297
0.308302
0.321591
0.264627
0.310379
0.2161
0.245768
0.283632
0.308629
0.251634
0.350842
0.213601
0.298931
0.267947
0.296328
0.259561
0.301074
0.304421
0.409769
0.201587
0.282878
0.259884
0.248839
0.27799
0.270097
0.274429
0.257766
0.279803
0.309787
0.246713
0.23584
0.287685
0.263341
0.27332
0.297749
0.279931
0.325445
0.297803
0.265663
0.260143
0.274885
0.253437
0.380022
0.305548
0.276255
0.293785
0.25327
0.286356
0.372009
0.236123
0.245804
0.269597
0.297248
0.279029
0.283309
0.239187
0.269598
0.284494
0.279411
0.294499
0.269904
0.319659
0.280253
0.28015
0.141886
0.266424
0.303202
0.26677
0.234862
0.236738
0.289985
0.238707
0.311143
0.301645
0.274495
0.337209
0.255962
0.261931
0.262455
0.315298
0.266008
0.239287
0.229987
0.241179
0.268913
0.272877
0.24889
0.282941
0.251037
0.270563
0.296352
0.244892
0.287857
0.284683
0.28565
0.289061
0.263305
0.278503
0.248047
0.269986
0.263644
0.26308
0.266999
0.277261
0.319493
0.254097
0.199387
0.287997
0.255114
0.214658
0.222207
0.257106
0.339755
0.240429
0.248788
0.382658
0.288756
0.299451
0.26605
0.292926
0.264213
0.254614
0.213542
0.276631
0.27744
0.271171
0.290379
0.306163
0.299246
0.264264
0.351871
0.288046
0.248553
0.189988
0.251967
0.26334
0.23609
0.200014
0.230853
0.281808
0.28356
0.401937
0.232761
0.317447
0.302879
0.278185
0.230567
0.220757
0.265876
0.252916
0.252893
0.283329
0.189124
0.245044
0.211436
0.325178
0.250352
0.236282
0.327863
0.272815
0.242563
0.323469
0.233116
0.283544
0.267879
0.284307
0.232795
0.307031
0.27614
0.256825
0.303949
0.260738
0.270158
0.186115
0.340015
0.241818
0.244314
0.252659
0.297269
0.300417
0.320554
0.249539
0.227349
0.277913
0.290169
0.282754
0.312654
0.289055
0.276249
0.231293
0.272413
0.285828
0.28177
0.26933
0.255043
0.22243
0.221133
0.253404
0.249968
0.250554
0.245276
0.248649
0.268839
0.166906
0.271742
0.296805
0.285247
0.314693
0.267615
0.295641
0.268723
0.280012
0.245609
0.257466
0.238859
0.306658
0.234207
0.255257
0.265792
0.298329
0.28034
0.221315
0.244682
0.237199
0.328229
0.268729
0.272707
0.314416
0.279916
0.252651
0.260203
0.315601
0.260363
0.259972
0.250661
0.204882
0.251044
0.26817
0.258127
0.276244
0.284366
0.283547
0.233737
0.295249
0.316345
0.265418
0.264334
0.233168
0.268638
0.288027
0.339826
0.307228
0.26325
0.272959
0.250444
0.216956
0.275789
0.240134
0.251005
0.280411
0.332845
0.262411
0.224561
0.254443
0.244737
0.211637
0.282779
0.303823
0.198846
0.251501
0.304794
0.287665
0.267383
0.254966
0.254506
0.253044
0.285407
0.297683
0.26143
0.283936
0.325542
0.22247
0.261958
0.252723
0.283709
0.257138
0.245221
0.314837
0.294587
0.297763
0.223228
0.260553
0.244504
0.24022
0.298627
0.289121
0.207825
0.253101
0.29298
0.282487
0.265308
0.239943
0.27178
0.279845
0.292287
0.261163
0.27328
0.303085
0.265636
0.233991
0.212375
0.285714
0.259558
0.326374
0.240899
0.264092
0.278961
0.283219
0.289266
0.275118
0.288193
0.290879
0.309153
0.234362
0.25856
0.24127
0.373342
0.263321
0.273439
0.379246
0.233819
0.26628
0.251907
0.28938
0.223993
0.246952
0.274015
0.305418
0.262217
0.251827
0.333362
0.255578
0.243481
0.250931
0.282848
0.298821
0.275732
0.340892
0.298268
0.254234
0.256032
0.272281
0.327981
0.291871
0.324622
0.322315
0.233849
0.25261
0.293475
0.230152
0.252106
0.243592
0.291477
0.262547
0.316872
0.283951
0.280076
0.295891
0.308122
0.300934
0.229048
0.264084
0.267469
0.217596
0.247366
0.328111
0.238359
0.238771
0.332017
0.321903
0.234307
0.318969
0.237263
0.301522
0.215061
0.29986
0.243492
0.247084
0.276971
0.249248
0.252201
0.279665
0.278707
0.25214
0.252553
0.312126
0.254749
0.280587
0.260876
0.272582
0.280713
0.239894
0.159948
0.292932
0.26572
0.332062
0.272748
0.334468
0.28197
0.284567
0.268943
0.192728
0.275608
0.255065
0.250821
0.282999
0.265197
0.212681
0.269131
0.25238
0.284597
0.282879
0.299257
0.238089
0.313573
0.285554
0.276916
0.271887
0.235061
0.258798
0.287417
0.213809
0.315212
0.343326
0.403145
0.189113
0.281174
0.232427
0.252179
0.236222
0.289651
0.260484
0.213285
0.299209
0.395849
0.291474
0.220173
0.22812
0.292048
0.275072
0.239671
0.277874
0.307508
0.26514
0.246686
0.232726
0.21807
0.303878
0.220637
0.259005
0.267661
0.280209
0.260066
0.272754
0.271699
0.347097
0.327466
0.183139
0.276956
0.329041
0.219688
0.226245
0.296664
0.256085
0.284999
0.203226
0.31362
0.295752
0.283144
0.296699
0.323111
0.228214
0.257973
0.26308
0.240543
0.226011
0.236216
0.223095
0.285945
0.269615
0.263217
0.233785
0.257887
0.317768
0.209032
0.265415
0.300024
0.166337
0.232942
0.288843
0.283246
0.259403
0.230746
0.287811
0.226134
0.236331
0.282152
0.354469
0.257833
0.255743
0.203658
0.308705
0.277939
0.298208
0.195366
0.277728
0.273672
0.249821
0.333679
0.220979
0.254206
0.197419
0.236173
0.280266
0.292885
0.239363
0.267781
0.25547
0.28208
0.241307
0.141041
0.239138
0.241987
0.286688
0.260637
0.299796
0.279789
0.257343
0.260049
0.224339
0.255611
0.233398
0.246232
0.242364
0.299
0.261613
0.265012
0.291737
0.249557
0.273948
0.253735
0.376238
0.332555
0.27649
0.279719
0.266305
0.361398
0.274027
0.279894
0.295588
0.227019
0.269673
0.317431
0.282165
0.298903
0.298909
0.255161
0.303532
0.283958
0.203143
0.244626
0.296622
0.269269
0.280857
0.23027
0.261936
0.239048
0.2851
0.306214
0.39293
0.236881
0.292243
0.274153
0.204041
0.29593
0.307907
0.341873
0.283041
0.397535
0.31078
0.262865
0.278622
0.338396
0.314236
0.300112
0.341969
0.240095
0.274619
0.268459
0.29199
0.27839
0.323667
0.288693
0.556958
0.273839
0.279835
0.25148
0.249441
0.24964
0.315026
0.198819
0.207257
0.259994
0.225725
0.21744
0.300745
0.298356
0.285922
0.260211
0.318871
0.265303
0.262318
0.22425
0.245145
0.245587
0.284179
0.268547
0.313654
0.312616
0.277758
0.32281
0.2449
0.317813
0.232138
0.250643
0.271677
0.288311
0.270213
0.274661
0.256192
0.326532
0.255437
0.262473
0.254901
0.292899
0.330756
0.284442
0.23824
0.299711
0.292147
0.27974
0.239254
0.270218
0.275278
0.24458
0.277802
0.273835
0.298584
0.300337
0.269405
0.319013
0.198236
0.308866
0.287619
0.305152
0.27735
0.237666
0.239997
0.343201
0.323566
0.324288
0.284042
0.249531
0.184938
0.254799
0.201897
0.24945
0.251939
0.269891
0.267595
0.22374
0.281544
0.301957
0.289566
0.269279
0.458735
0.279644
0.22405
0.230489
0.20791
0.212918
0.270593
0.30447
0.256893
0.279042
0.213524
0.32134
0.256391
0.273069
0.267756
0.358995
0.259676
0.276304
0.256211
0.292458
0.230068
0.273459
0.230887
0.274603
0.295162
0.236825
0.24705
0.222581
0.224978
0.40355
0.297809
0.289324
0.167658
0.323265
0.22082
0.243702
0.299153
0.286646
0.284049
0.268214
0.28518
0.27102
0.239536
0.281166
0.248084
0.245982
0.312838
0.239012
0.246557
0.259085
0.281018
0.325996
0.25456
0.254296
0.269067
0.242181
0.340223
0.243109
0.263471
0.260818
0.258329
0.280417
0.26828
0.298397
0.266767
0.242149
0.248912
0.254218
0.413445
0.234784
0.239458
0.239658
0.290157
0.271246
0.326123
0.219509
0.295584
0.269282
0.298801
0.307965
0.256598
0.232401
0.330615
0.248237
0.358922
0.207145
0.303273
0.241774
0.241297
0.260665
0.265134
0.279092
0.292652
0.151137
0.250496
0.384029
0.312098
0.235149
0.279916
0.195452
0.237458
0.236851
0.283692
0.293094
0.281239
0.29987
0.32984
0.245129
0.271008
0.314368
0.259939
0.251395
0.256274
0.312384
0.231265
0.30801
0.254455
0.245877
0.363358
0.29445
0.259059
0.265627
0.28717
0.277269
0.268295
0.32434
0.267285
0.152667
0.295781
0.253478
0.281981
0.304459
0.237534
0.260672
0.312703
0.280246
0.426912
0.252545
0.362401
0.335062
0.240553
0.244457
0.193671
0.280471
0.327133
0.264245
0.262843
0.236869
0.289268
0.227639
0.291845
0.291182
0.259044
0.26633
