0.271846
0.311838
0.317302
0.306896
0.300664
0.313645
0.24297
0.27588
0.313601
0.345456
0.28793
0.279991
0.27953
0.319683
0.255058
0.277799
0.351549
0.259566
0.339679
0.35781
0.250176
0.319265
0.315253
0.256292
0.256305
0.308571
0.252021
0.2663
0.262795
0.243602
0.364692
0.311675
0.310306
0.292411
0.381624
0.252435
0.310122
0.279465
0.360551
0.23366
0.299381
0.358214
0.279142
0.33487
0.342727
0.341943
0.284084
0.265979
0.260894
0.350341
0.303019
0.268339
0.239157
0.30295
0.279723
0.273019
0.291092
0.264714
0.291645
0.360205
0.419777
0.358476
0.260408
0.278325
0.281881
0.306171
0.295056
0.274682
0.351302
0.268876
0.452188
0.352734
0.280132
0.281011
0.271612
0.30397
0.289076
0.248325
0.378621
0.359026
0.263983
0.280374
0.38508
0.320109
0.345012
0.247964
0.258389
0.177905
0.310763
0.301425
0.293418
0.299137
0.251202
0.242508
0.276258
0.336619
0.295804
0.334572
0.275219
0.306851
0.327298
0.319773
0.317012
0.294935
0.302588
0.276009
0.38104
0.23924
0.364971
0.299302
0.334788
0.289058
0.288915
0.25763
0.291478
0.333109
0.270698
0.287591
0.309286
0.274028
0.276527
0.308075
0.249468
0.271954
0.308337
0.254341
0.3079
0.313
0.30147
0.319207
0.273349
0.283161
0.230444
0.315388
0.267164
0.303172
0.290044
0.302172
0.3761
0.309401
0.329034
0.332283
0.352131
0.393424
0.295197
0.314848
0.311267
0.30973
0.296992
0.276604
0.21724
0.330148
0.371249
0.309433
0.297145
0.242556
0.22703
0.308299
0.281584
0.296695
0.258831
0.298488
0.260856
0.22365
0.241916
0.261849
0.307401
0.322924
0.262179
0.345673
0.293279
0.283913
0.367108
0.256351
0.290088
0.343662
0.318842
0.295855
0.30085
0.289991
0.317861
0.295091
0.26671
0.269314
0.288185
0.266524
0.276343
0.333783
0.265387
0.28629
0.324454
0.341727
0.292745
0.256359
0.291016
0.26229
0.306619
0.272536
0.289466
0.270555
0.221595
0.305167
0.327123
0.307853
0.341549
0.298032
0.315719
0.27204
0.217842
0.318014
0.295243
0.345968
0.249246
0.319809
0.178186
0.261435
0.266852
0.264457
0.306928
0.238468
0.420196
0.251553
0.24394
0.298039
0.327847
0.248084
0.28706
0.278175
0.331134
0.302428
0.308808
0.279953
0.322414
0.301165
0.287717
0.296564
0.301975
0.283272
0.272587
0.340528
0.300691
0.288884
0.261605
0.331937
0.271568
0.328251
0.275935
0.304803
0.269908
0.288956
0.227612
0.255278
0.358911
0.262564
0.312769
0.263121
0.283333
0.231941
0.281023
0.272702
0.281829
0.289894
0.262244
0.285906
0.311258
0.280766
0.299869
0.286635
0.26034
0.264275
0.317241
0.260818
0.327352
0.199499
0.291066
0.29561
0.347988
0.300364
0.284582
0.355946
0.278075
0.339939
0.187663
0.305718
0.252938
0.272212
0.290781
0.280927
0.313299
0.286498
0.269793
0.285736
0.294246
0.283194
0.352744
0.314103
0.312904
0.271175
0.298938
0.291875
0.307916
0.275958
0.35184
0.300182
0.251853
0.260261
0.274397
0.295811
0.293496
0.284694
0.281598
0.322808
0.30111
0.342664
0.299605
0.332076
0.259446
0.33749
0.350446
0.248611
0.280561
0.268162
0.258401
0.321951
0.279
0.221864
0.373388
0.289852
0.23945
0.301697
0.279561
0.339913
0.319109
0.310469
0.311166
0.301154
0.278059
0.288724
0.258332
0.24532
0.307088
0.315817
0.239988
0.232987
0.297986
0.325644
0.25947
0.228216
0.311907
0.34634
0.377986
0.305273
0.34684
0.346465
0.267337
0.33958
0.308405
0.274933
0.29882
0.309501
0.279851
0.316522
0.305808
0.341267
0.290877
0.232713
0.269293
0.359294
0.272261
0.301796
0.323011
0.211794
0.270023
0.240866
0.283951
0.312036
0.272276
0.310449
0.271958
0.201412
0.238282
0.289071
0.287721
0.315383
0.270908
0.241546
0.238527
0.280969
0.27736
0.275405
0.269815
0.268162
0.337687
0.351853
0.353698
0.365986
0.277629
0.255313
0.285914
0.304054
0.247138
0.27259
0.266926
0.26997
0.269684
0.327715
0.243665
0.147268
0.33217
0.375704
0.240635
0.270198
0.219723
0.320261
0.332167
0.302804
0.248557
0.349244
0.334416
0.237205
0.268204
0.420726
0.28153
0.30861
0.324024
0.386788
0.365083
0.282976
0.294101
0.281603
0.256806
0.210043
0.222553
0.341593
0.302804
0.280819
0.273524
0.343507
0.286486
0.319109
0.24559
0.370439
0.23158
0.313144
0.324235
0.273929
0.266238
0.261057
0.208099
0.264352
0.351683
0.276131
0.298028
0.250754
0.331891
0.252646
0.374846
0.284626
0.271004
0.322486
0.298289
0.321929
0.287411
0.291584
0.232854
0.280576
0.310176
0.269928
0.371811
0.261313
0.210293
0.236053
0.272254
0.375714
0.272541
0.282646
0.298757
0.246904
0.29936
0.288783
0.260149
0.277909
0.246903
0.26632
0.270647
0.325788
0.285206
0.301384
0.302488
0.329022
0.2535
0.297096
0.37297
0.303763
0.327663
0.345272
0.321066
0.263632
0.290635
0.272859
0.278356
0.330678
0.326584
0.342033
0.253612
0.270241
0.321953
0.369318
0.330215
0.290413
0.279103
0.248317
0.301033
0.29662
0.16159
0.261394
0.333918
0.215753
0.25194
0.271903
0.281993
0.284823
0.184866
0.384254
0.317684
0.475579
0.252526
0.273598
0.311164
0.264651
0.306619
0.249793
0.271212
0.329924
0.28687
0.280922
0.296973
0.314454
0.235386
0.382685
0.282093
0.310369
0.353505
0.297985
0.320853
0.301218
0.247354
0.291523
0.252291
0.27241
0.274204
0.267889
0.362019
0.272583
0.276706
0.252629
0.306163
0.32955
0.291899
0.274761
0.290505
0.320675
0.262485
0.253323
0.223994
0.255262
0.323974
0.285182
0.23351
0.238921
0.351612
0.312181
0.287221
0.318712
0.290501
0.274929
0.277513
0.419787
0.298873
0.323065
0.281485
0.270595
0.263824
0.282485
0.325971
0.249406
0.286404
0.303842
0.283813
0.251357
0.364607
0.339903
0.335807
0.294149
0.285918
0.266459
0.26583
0.271325
0.32527
0.294225
0.243103
0.235316
0.313052
0.288349
0.313731
0.285448
0.273219
0.300923
0.281864
0.267995
0.374886
0.34222
0.337616
0.276399
0.274184
0.315203
0.308821
0.331902
0.295605
0.27329
0.286155
0.289323
0.236634
0.252822
0.27066
0.370686
0.306467
0.255303
0.250674
0.258085
0.267771
0.272853
0.316675
0.328093
0.264095
0.259141
0.317222
0.28772
0.307802
0.289007
0.275374
0.327632
0.404636
0.278444
0.325006
0.35514
0.276583
0.321898
0.36209
0.328332
0.335484
0.287157
0.277538
0.257659
0.249966
0.341186
0.285457
0.512073
0.318256
0.298828
0.317896
0.352262
0.306194
0.310635
0.265158
0.248966
0.309232
0.311244
0.295232
0.267957
0.191759
0.30075
0.259227
0.263942
0.305144
0.333671
0.287399
0.209591
0.219737
0.247978
0.272208
0.267561
0.221368
0.269855
0.257471
0.249106
0.310924
0.311268
0.316782
0.276864
0.285207
0.219004
0.336626
0.328922
0.380072
0.34194
0.329095
0.39508
0.267195
0.292716
0.228743
0.250668
0.307147
0.29171
0.339568
0.224937
0.264892
0.248272
0.350694
0.264472
0.361713
0.273639
0.337426
0.300543
0.334873
0.293472
0.261103
0.232358
0.245149
0.346949
0.311965
0.24638
0.332605
0.285593
0.292578
0.2606
0.24167
0.301751
0.303531
0.236187
0.280249
0.380525
0.317265
0.240939
0.232724
0.359246
0.354235
0.272315
0.276933
0.327142
0.283498
0.32544
0.305171
0.269812
0.285436
0.251532
0.306157
0.262326
0.246209
0.316286
0.223378
0.289154
0.295237
0.280741
0.274341
0.296702
0.309396
0.289002
0.404842
0.251081
0.196431
0.309293
0.286263
0.247932
0.275864
0.317393
0.236003
0.252361
0.345061
0.331968
0.28806
0.276279
0.300358
0.25932
0.274741
0.272806
0.298157
0.29607
0.240311
0.379849
0.241432
0.280546
0.249277
0.242254
0.264061
0.302824
0.230059
0.230769
0.350871
0.278312
0.280471
0.268438
0.269562
0.288811
0.328025
0.289635
0.318707
0.31845
0.241332
0.278802
0.268779
0.312939
0.285269
0.330385
0.284129
0.257222
0.324504
0.307156
0.327233
0.299183
0.276808
0.348939
0.289124
0.256315
0.230322
0.297975
0.300954
0.349939
0.306942
0.274923
0.274181
0.251741
0.305899
0.194371
0.283602
0.284428
0.282972
0.249662
0.274931
0.317756
0.276088
0.203016
0.263992
0.286349
0.362642
0.296267
0.288462
0.286765
0.386569
0.310358
0.33161
0.360469
0.260693
0.269325
0.304437
0.349437
0.299566
0.272527
0.283941
0.291319
0.313971
0.32775
0.365783
0.266868
0.279783
0.256335
0.267773
0.28067
0.337347
0.348116
0.242651
0.287899
0.386623
0.280186
0.299897
0.351462
0.305652
0.277664
0.390363
0.275089
0.267219
0.365692
0.298078
0.257235
0.261275
0.294818
0.295763
0.267951
0.287316
0.369359
0.337561
0.270191
0.239741
0.34271
0.2969
0.296616
0.33879
0.278494
0.251135
0.299885
0.281936
0.239605
0.257015
0.300494
0.267628
0.316034
0.278245
0.295254
0.418384
0.292118
0.196056
0.264078
0.234871
0.323245
0.300098
0.232748
0.255758
0.246246
0.33505
0.309198
0.306918
0.421602
0.246955
0.296219
0.304868
0.257839
0.317774
0.366042
0.308704
0.323124
0.27372
0.265933
0.229434
0.328278
0.278425
0.313686
0.28787
0.357858
0.396067
0.282413
0.25903
0.317198
0.32826
0.318585
0.356708
0.251549
0.3377
0.215812
0.256473
0.360342
0.31226
0.274605
0.296193
0.344816
0.260278
0.425092
0.258563
0.35
0.259824
0.25217
0.256069
0.294556
0.342733
0.291299
0.241882
0.253063
0.283957
0.268718
0.262201
0.307482
0.255392
0.233548
0.310788
0.27481
0.395853
0.258771
0.298816
0.338115
0.309056
0.268821
0.316008
0.286401
0.26916
0.298246
0.283785
0.328631
0.26954
0.287997
0.248542
0.263649
0.264627
0.239745
0.328246
0.254634
0.280006
0.392339
0.271529
0.272984
0.335432
0.261249
0.253499
0.285382
0.351808
0.272037
0.328298
0.325935
0.295968
0.278562
0.265805
0.283017
0.3182
0.285046
0.276902
0.366088
0.224319
0.295872
0.273017
0.322732
0.296379
0.302295
0.28358
0.289962
0.279403
0.278281
0.330635
0.287632
0.367182
0.324272
0.241891
0.233122
0.287654
0.350807
0.244216
0.278107
0.263749
0.27418
0.244594
0.456742
0.286794
0.262397
0.2907
0.326541
0.297771
0.310725
0.36306
0.288515
0.270045
0.249271
0.272913
0.303618
0.298324
0.324471
0.314133
0.266523
0.233899
0.312226
0.302811
0.285405
0.266438
0.263422
0.258766
0.264101
0.364646
0.293555
0.274297
0.286198
0.491138
0.248232
0.282559
0.284938
0.282092
0.267142
0.273966
0.323675
0.34941
0.236267
0.228237
0.274973
0.313388
0.322028
0.327458
0.282568
0.29923
0.334097
0.304433
0.2255
0.312142
0.304725
0.211391
0.284426
0.359531
0.274359
0.265284
0.226653
0.2646
0.293872
0.273421
0.324277
0.35993
0.365267
0.269618
0.276318
0.33858
0.263071
0.166716
0.27463
0.285878
0.278889
0.274419
0.31975
0.262538
0.318859
0.26024
0.268667
0.308237
0.407308
0.277893
0.323445
0.28643
0.311912
0.267285
0.284011
0.321511
0.309913
0.28839
0.282474
0.34909
0.250983
0.284983
0.277356
0.320678
0.244925
0.303535
0.297037
0.229042
0.280148
0.281658
0.252877
0.312795
0.287396
0.287904
0.256564
0.259038
0.268846
0.275396
0.291035
0.386733
0.352325
0.316022
0.290759
0.27419
0.304844
0.29523
0.298892
0.288933
0.400597
0.304571
0.297903
0.305585
0.306448
0.257607
0.316505
0.259617
0.300574
0.260104
0.265032
0.344924
0.282651
0.316628
0.273811
0.303587
0.289455
0.274616
0.318476
0.311927
0.339333
0.28918
0.311191
0.342828
0.318888
0.347373
0.282127
0.262116
0.303528
0.286394
0.268339
0.250778
0.32049
0.279275
0.308226
0.253186
0.313813
0.394957
0.229986
0.318928
0.244079
0.23526
0.25296
0.261348
0.408719
0.23064
0.231119
0.277047
0.29779
0.262167
0.253049
0.285725
0.273071
0.30854
0.266281
0.274778
0.309732
0.296938
0.264759
0.246827
0.319731
0.254074
0.269212
0.272666
0.30127
0.281974
0.233656
0.301982
0.291452
0.328024
0.302451
0.265221
0.262487
0.200688
0.322477
0.260102
0.286532
0.322002
0.299321
0.269006
0.255934
0.222011
0.314585
0.333805
0.296963
0.329343
0.261032
0.361886
0.262679
0.273579
0.233397
0.234757
0.265333
0.267829
0.30153
0.252148
0.246405
0.395246
0.306137
0.290242
0.339347
0.244496
0.297078
0.304985
0.365096
0.242754
0.207413
0.246773
0.301586
0.338316
0.276537
0.253725
0.250456
0.313197
0.315851
0.304483
0.265901
0.280008
0.283823
0.313363
0.304233
0.304334
0.290946
0.331089
0.343404
0.273413
0.344355
0.283373
0.364087
0.277001
0.25285
0.267352
0.284641
0.258467
0.248411
0.242031
0.262732
0.315453
0.292489
0.248812
0.233047
0.266015
0.255405
0.272385
0.240832
0.296105
0.341414
0.278226
0.340386
0.338091
0.299237
0.279542
0.286287
0.27495
0.275007
0.30639
0.323707
0.242523
0.339174
0.278417
0.322844
0.286039
0.302145
0.379534
0.306366
0.286875
0.375334
0.254979
0.331832
0.308854
0.277589
0.339631
0.310088
0.331953
0.276563
0.225744
0.299865
0.248533
0.322532
0.353134
0.298068
0.265415
0.274165
0.252228
0.302864
0.309011
0.273313
0.27715
0.383078
0.243275
0.385869
0.264754
0.271182
0.304804
0.318033
0.318128
0.270843
0.217744
0.371055
0.300361
0.298238
0.377636
0.246779
0.277325
0.367748
0.30554
0.270817
0.379222
0.283529
0.29144
0.293348
0.321543
0.306385
0.266074
0.303501
0.246588
0.263661
0.250666
0.310969
0.303143
0.270661
0.305556
0.326737
0.285467
0.360855
0.280077
0.480438
0.290271
0.268665
0.274673
0.26265
0.231021
0.319479
0.30227
0.385336
0.331831
0.349563
0.28731
0.311355
0.21622
0.284559
0.269384
0.339445
0.33861
0.335099
0.339331
0.322922
0.240817
0.310314
0.311404
0.281442
0.265567
0.190211
0.250066
0.326718
0.260562
0.250446
0.267282
0.328312
0.308494
0.324409
0.247356
0.299127
0.292234
0.307312
0.215452
0.376923
0.252711
0.294551
0.23723
0.270956
0.25837
0.325574
0.257562
0.177778
0.347665
0.280932
0.218291
0.315999
0.229326
0.27456
0.266556
0.339209
0.317271
0.286676
0.307973
0.313768
0.299658
0.270816
0.306309
0.265262
0.284013
0.321062
0.282235
0.331282
0.316883
0.335652
0.260221
0.249009
0.301783
0.271353
0.267238
0.33508
0.264856
0.293953
0.325662
0.280754
0.325398
0.370905
0.339328
0.338088
0.298591
0.264641
0.292402
0.235412
0.335195
0.259448
0.296948
0.289668
0.381033
0.309426
0.299551
0.29641
0.299384
0.357305
0.343006
0.262768
0.211308
0.342219
0.307756
0.275513
0.250329
0.288472
0.264258
0.294065
0.289049
0.257677
0.316862
0.394179
0.291611
0.244855
0.313101
0.332812
0.338162
0.317652
0.289215
0.334992
0.356571
0.281881
0.26501
0.239744
0.263573
0.311839
0.22818
0.260866
0.283152
0.290937
0.284711
0.294691
0.284282
0.283024
0.257241
0.254757
0.276596
0.221226
0.302158
0.339054
0.274703
0.318632
0.289819
0.253238
0.284924
0.263337
0.346294
0.30364
0.311977
0.296803
0.276611
0.265269
0.33493
0.297186
0.294954
0.339459
0.315844
0.291701
0.249498
0.372793
0.288999
0.250539
0.301232
0.296017
0.260341
0.322121
0.262466
0.308267
0.270691
0.286104
0.290715
0.322313
0.268624
0.281607
0.275321
0.263383
0.388033
0.281368
0.318367
0.306425
0.301163
0.337602
0.291242
0.287832
0.232561
0.354654
0.251452
0.285919
0.339269
0.312783
0.267814
0.310067
0.257714
0.326858
0.375099
0.213686
0.30974
0.309162
0.285609
0.253185
0.348257
0.239521
0.277017
0.34943
0.37454
0.314492
0.253545
0.176203
0.29213
0.325965
0.272168
0.312046
0.340235
0.298106
0.357333
0.291993
0.29789
0.354564
0.299297
0.28664
0.291052
0.338939
0.273255
0.294981
0.341302
0.312404
0.248811
0.284218
0.313917
0.305568
0.272855
0.253924
0.368362
0.251799
0.252013
0.306062
0.243942
0.256672
0.244864
0.307486
0.238924
0.355436
0.276767
0.278894
0.297789
0.369611
0.253389
0.293446
0.283857
0.288816
0.316406
0.240155
0.259847
0.328038
0.290376
0.262077
0.321993
0.255134
0.249245
0.231844
0.33582
0.359388
0.315903
0.263523
0.283237
0.26444
0.26945
0.261871
0.242994
0.27508
0.292154
0.265728
0.248411
0.234966
0.285149
0.340456
0.319259
0.256001
0.28669
0.38597
0.340514
0.266899
0.268677
0.212179
0.242813
0.317676
0.286151
0.336262
0.302375
0.283547
0.26569
0.220643
0.289547
0.427063
0.310988
0.251609
0.242618
0.283548
0.312541
0.275581
0.291617
0.284475
0.288493
0.294662
0.306759
0.26224
0.269514
0.293914
0.292849
0.342923
0.310834
0.327924
0.320085
0.273887
0.265441
0.233253
0.275037
0.301745
0.284417
0.309278
0.243895
0.304261
0.345504
0.298589
0.386439
0.275793
0.244021
0.283893
0.300828
0.295958
0.306615
0.276939
0.274646
0.333641
0.36408
0.29861
0.320909
0.34211
0.327073
0.28092
0.354032
0.245207
0.301573
0.274729
0.337472
0.292831
0.291691
0.318892
0.294384
0.200585
0.27722
0.27248
0.304083
0.228113
0.285206
0.264186
0.338366
0.279255
0.448086
0.282886
0.233681
0.282437
0.293837
0.278766
0.319686
0.34667
0.330425
0.267032
0.241998
0.34413
0.252049
0.303434
0.248892
0.271091
0.28486
0.341219
0.275003
0.273347
0.315265
0.255535
0.322127
0.277197
0.23993
0.353565
0.293581
0.170481
0.289259
0.259705
0.295459
0.367257
0.270976
0.27079
0.312743
0.296905
0.258647
0.325004
0.267114
0.319034
0.296227
0.322126
0.306858
0.325349
0.323091
0.338291
0.359295
0.277302
0.303434
0.304988
0.299169
0.306982
0.286547
0.259814
0.130176
0.29692
0.278858
0.274123
0.281074
0.298103
0.248806
0.317701
0.270556
0.275771
0.273557
0.28547
0.271495
0.294602
0.290141
0.273541
0.316127
0.288983
0.252988
0.28864
0.308205
0.281252
0.258846
0.399712
0.27251
0.275628
0.266629
0.282075
0.300475
0.34169
0.274161
0.271063
0.240511
0.29239
0.296431
0.379246
0.298744
0.269582
0.198116
0.27005
0.246891
0.298217
0.313029
0.255932
0.285149
0.355982
0.325542
0.286676
0.321698
0.239265
0.266003
0.399122
0.329415
0.283914
0.297561
0.293925
0.282286
0.243899
0.290857
0.234996
0.264487
0.319763
0.30539
0.311609
0.25835
0.406038
0.271059
0.307493
0.306342
0.253772
0.26767
0.265846
0.329878
0.196739
0.305873
0.292515
0.309579
0.313725
0.284097
0.340219
0.287316
0.278794
0.337271
0.158118
0.299828
0.292468
0.27033
0.29648
0.290017
0.34017
0.252435
0.280193
0.261025
0.258601
0.261478
0.273527
0.286816
0.334296
0.278695
0.272502
0.352658
0.238406
0.289448
0.31638
0.275849
0.303905
0.355176
0.346645
0.26541
0.333114
0.30048
0.172118
0.264939
0.291436
0.27044
0.256533
0.308034
0.340738
0.281982
0.248266
0.265246
0.273082
0.232505
0.303885
0.318343
0.212965
0.255205
0.307291
0.360844
0.287031
0.346877
0.274298
0.253303
0.363586
0.34532
0.284189
0.265062
0.330008
0.223913
0.398921
0.304748
0.330195
0.347226
0.268857
0.295104
0.317921
0.317042
0.289336
0.285211
0.260531
0.330206
0.253559
0.330565
0.321025
0.279918
0.275365
0.287279
0.286577
0.261701
0.282046
0.27293
0.275888
0.279324
0.272343
0.279405
0.322949
0.346911
0.306047
0.258273
0.269365
0.293483
0.309897
0.260355
0.362812
0.264736
0.272294
0.298208
0.262748
0.333279
0.271229
0.304358
0.254642
0.261334
0.30845
0.231844
0.265153
0.271722
0.326269
0.415129
0.34964
0.279452
0.297347
0.294204
0.345742
0.311008
0.346107
0.213055
0.263746
0.314519
0.382196
0.298749
0.344399
0.310051
0.271107
0.246345
0.252962
0.269759
0.248013
0.284974
0.323079
0.283507
0.261982
0.317521
0.294621
0.289228
0.268005
0.280277
0.345462
0.317409
0.293773
0.269539
0.265014
0.308999
0.253857
0.263359
0.289986
0.276061
0.300046
0.308739
0.314109
0.271489
0.272311
0.336886
0.335864
0.281366
0.328597
0.273253
0.269559
0.284932
0.281026
0.305895
0.304338
0.281382
0.254772
0.313138
0.318008
0.321171
0.306686
0.226929
0.264554
0.307804
0.354171
0.349248
0.265829
0.214782
0.302156
0.296477
0.266576
0.29826
0.393233
0.364601
0.305438
0.360644
0.385158
0.308515
0.283533
0.407702
0.3339
0.282367
0.369282
0.403861
0.249844
0.284182
0.312986
0.263037
0.245134
0.320619
0.271406
0.173369
0.237791
0.278279
0.350455
0.276527
0.275136
0.288989
0.307252
0.288351
0.252558
0.317391
0.277132
0.270184
0.375682
0.284307
0.312447
0.328822
0.298843
0.317745
0.373186
0.269249
0.345493
0.225909
0.173674
0.313031
0.384895
0.348923
0.237397
0.287684
0.29943
0.261497
0.276209
0.284756
0.280474
0.242955
0.320099
0.296943
0.245002
0.27064
0.359178
0.321648
0.268724
0.247484
0.324916
0.244063
0.307822
0.292125
0.303806
0.276684
0.331704
0.309102
0.442183
0.294368
0.25482
0.313064
0.224321
0.307533
0.28633
0.210489
0.226317
0.255937
0.25998
0.267182
0.280191
0.252519
0.260492
0.29403
0.253423
0.270621
0.343105
0.281417
0.263595
0.274688
0.26701
0.253582
0.353385
0.275658
0.257382
0.26809
0.247505
0.329831
0.333333
0.332159
0.275748
0.342131
0.308814
0.260628
0.228971
0.330775
0.291423
0.277073
0.30401
0.280333
0.282547
0.37158
0.323749
0.291647
0.278845
0.262848
0.32848
0.270596
0.20589
0.288073
0.282018
0.229013
0.29372
0.240277
0.300051
0.248898
0.257757
0.318013
0.233077
0.311834
0.281409
0.306932
0.272148
0.242376
0.294621
0.269329
0.273205
0.301071
0.273226
0.258626
0.325469
0.273287
0.273508
0.2754
0.317271
0.264645
0.216209
0.25579
0.269803
0.544004
0.315754
0.302796
0.371137
0.208806
0.288758
0.303857
0.238421
0.253367
0.30193
0.256153
0.296016
0.295445
0.305594
0.280499
0.25045
0.301865
0.285497
0.321749
0.388215
0.205134
0.351302
0.241433
0.279793
0.297952
0.250196
0.338646
0.287845
0.21723
0.302926
0.311868
0.304184
0.290749
0.430171
0.282372
0.296881
0.271505
0.314464
0.222091
0.341771
0.319165
0.352719
0.239981
0.320792
0.277889
0.318321
0.281109
0.280185
0.269803
0.294145
0.280174
0.263154
0.339439
0.270515
0.248708
0.271449
0.363884
0.254023
0.371949
0.279306
0.296251
0.387011
0.27773
0.255725
0.251483
0.302304
0.247113
0.319585
0.299786
0.326249
0.33055
0.281336
0.256578
0.349942
0.342369
0.190024
0.303272
0.300678
0.260684
0.252442
0.274905
0.255137
0.267575
0.286109
0.327321
0.291491
0.244468
0.262675
0.293517
0.297063
0.288119
0.290501
0.326657
0.324047
0.324263
0.260534
0.28175
0.29724
0.279737
0.227976
0.224603
0.262331
0.251539
0.297707
0.347532
0.304482
0.289192
0.301165
0.177338
0.354124
0.19885
0.269606
0.287678
0.291779
0.285293
0.319862
0.262533
0.34783
0.316029
0.367574
0.29895
0.288499
0.24987
0.304101
0.321742
0.299478
0.279583
0.331457
0.26693
0.249508
0.250084
0.318341
0.236198
0.198967
0.278766
0.306054
0.355857
0.223007
0.334887
0.282256
0.274644
0.292219
0.256776
0.256584
0.327294
0.302014
0.248674
0.284439
0.321545
0.31601
0.279614
0.289998
0.288259
0.290594
0.283066
0.277413
0.308161
0.326103
0.282095
0.250864
0.287097
0.374651
0.260875
0.255651
0.299977
0.32835
0.252337
0.286376
0.247419
0.349604
0.242764
0.302767
0.318501
0.292347
0.269122
0.275734
0.33473
0.349264
0.300752
0.273564
0.282004
0.243767
0.22012
0.274195
0.34237
0.237913
0.447035
0.34733
0.294208
0.251954
0.2764
0.260851
0.279454
0.31478
0.345891
0.36067
0.413239
0.313491
0.256403
0.288256
0.298302
0.28799
0.271046
0.440859
0.291689
0.249884
0.309995
0.302689
0.330367
0.298111
0.272983
0.281698
0.318432
0.258392
0.306905
0.271178
0.323809
0.271531
0.318544
0.332719
0.270511
0.258487
0.304582
0.258678
0.284265
0.288898
0.33859
0.271013
0.313124
0.261129
0.302735
0.321292
0.306267
0.282774
0.311658
0.283346
0.281415
0.286804
0.372032
0.301525
0.295938
0.243634
0.220956
0.322134
0.269253
0.292811
0.434378
0.257057
0.2556
0.262493
0.2864
0.291054
0.282499
0.262685
0.334711
0.287686
0.268776
0.276756
0.305359
0.284799
0.286337
0.229548
0.301947
0.325729
0.224032
0.283796
0.31047
0.30292
0.30862
0.267236
0.250359
0.236554
0.286999
0.273099
0.29297
0.27789
0.251795
0.315376
0.312784
0.287138
0.300827
0.26274
0.261254
0.270446
0.267585
0.16359
0.268613
0.287978
0.349056
0.321067
0.2648
0.26033
0.164319
0.243742
0.302836
0.266726
0.301041
0.269179
0.229152
0.264233
0.324823
0.306014
0.293358
0.291523
0.304592
0.382563
0.339488
0.268427
0.282881
0.243808
0.345346
0.279809
0.30007
0.257056
0.274222
0.267252
0.333167
0.413997
0.297809
0.312154
0.222983
0.305213
0.288064
0.28183
0.188767
0.358492
0.259505
0.288314
0.359032
0.248242
0.316935
0.258907
0.306203
0.291738
0.287536
0.340211
0.296957
0.346439
0.308598
0.323047
0.229273
0.285933
0.318414
0.291353
0.327057
0.300776
0.364145
0.312629
0.352516
0.309803
0.292288
0.269185
0.2883
0.304011
0.272105
0.397299
0.261691
0.282647
0.263616
0.286101
0.334628
0.308723
0.305175
0.280315
0.265435
0.300773
0.262435
0.287506
0.276032
0.259647
0.233257
0.303108
0.379578
0.22747
0.275645
0.29768
0.28787
0.307135
0.266706
0.311055
0.286086
0.276495
0.309465
0.251106
0.354419
0.289213
0.272173
0.3161
0.311509
0.298758
0.361203
0.278723
0.265263
0.298405
0.262
0.267181
0.281342
0.279596
0.229196
0.296673
0.243269
0.24847
0.24624
0.280178
0.249852
0.315179
0.29232
0.25935
0.280229
0.279285
0.327537
0.254166
0.241584
0.337314
0.264163
0.281108
0.277663
0.267229
0.342207
0.279997
0.335473
0.32541
0.372825
0.277718
0.28639
0.373146
0.294929
0.248476
0.306999
0.300881
0.306458
0.275797
0.27458
0.267431
0.281232
0.319508
0.302624
0.272846
0.307814
0.261563
0.293671
0.355776
0.263237
0.28613
0.29131
0.371149
0.301246
0.243631
0.290684
0.290019
0.192933
0.263081
0.276423
0.287051
0.271705
0.238706
0.208077
0.25313
0.271496
0.247825
0.355581
0.285683
0.311097
0.310197
0.269981
0.322102
0.287012
0.306077
0.27741
0.317232
0.289937
0.286801
0.286783
0.277221
0.286701
0.325633
0.25027
0.283247
0.302093
0.245921
0.316448
0.291445
0.290301
0.33098
0.294429
0.221299
0.246666
0.301608
0.272747
0.3283
0.215493
0.334288
0.283725
0.345104
0.274902
0.399416
0.284444
0.307122
0.283794
0.308206
0.258761
0.342893
0.318915
0.248012
0.302988
0.351868
0.29968
0.287699
0.310623
0.298574
0.277848
0.313853
0.267783
0.274696
0.241835
0.282703
0.270873
0.279326
0.264162
0.333309
0.266421
0.28481
0.322725
0.285974
0.267137
0.338319
0.246322
0.276558
0.299205
0.261087
0.392151
0.28509
0.317189
0.274739
0.321446
0.237805
0.28586
0.264461
0.247554
0.251831
0.24891
0.28447
0.256271
0.345719
0.282817
0.297748
0.266368
0.281731
0.247591
0.31643
0.266953
0.315421
0.268281
0.291125
0.303309
0.30572
0.284384
0.251322
0.293974
0.327233
0.266325
0.278356
0.280329
0.339831
0.217333
0.246985
0.295187
0.324377
0.273059
0.328307
0.284357
0.248245
0.254037
0.276483
0.257778
0.301866
0.291075
0.275316
0.28128
0.292619
0.289344
0.299081
0.445402
0.263913
0.261895
0.306274
0.367396
0.319129
0.30831
0.340499
0.225119
0.313715
0.359317
0.246587
0.208077
0.278885
0.263375
0.360104
0.327841
0.279377
0.29017
0.261357
0.263996
0.285831
0.27566
0.272845
0.276358
0.28083
0.214804
0.299818
0.337618
0.255962
0.215826
0.242974
0.200938
0.271924
0.294992
0.337805
0.307928
0.336998
0.288811
0.314588
0.261447
0.284098
0.306478
0.286577
0.289762
0.239229
0.247393
0.248727
0.287418
0.311366
0.299258
0.263447
0.280699
0.284525
0.280329
0.288112
0.297535
0.245139
0.227515
0.319601
0.239383
0.308821
0.250929
0.306874
0.269004
0.283661
0.309222
0.31838
0.300809
0.257762
0.260133
0.290909
0.213011
0.267574
0.292035
0.311581
0.319218
0.297275
0.271116
0.270631
0.290661
0.314931
0.313417
0.261708
0.262794
0.292862
0.233224
0.33866
0.256069
0.24149
0.260723
0.257641
0.303956
0.246176
0.284023
0.335366
0.294872
0.269808
0.291838
0.316227
0.25684
0.351275
0.298794
0.385253
0.320921
0.313168
0.267273
0.263536
0.301756
0.299512
0.302337
0.29158
0.246524
0.269954
0.262063
0.261379
0.260345
0.322108
0.211188
0.229383
0.267374
0.25537
0.260661
0.27107
0.240293
0.212164
0.304584
0.239872
0.385392
0.378328
0.262086
0.241995
0.313039
0.274986
0.277176
0.273371
0.335729
0.264366
0.27638
0.348871
0.250855
0.253411
0.297811
0.382792
0.295953
0.269642
0.26495
0.280835
0.316162
0.322021
0.264791
0.342055
0.270502
0.279253
0.275366
0.283018
0.32193
0.226555
0.262765
0.286262
0.305059
0.269866
0.318671
0.321879
0.265273
0.265971
0.297328
0.252009
0.258945
0.34269
0.300413
0.278559
0.295371
0.294898
0.285928
0.29359
0.288478
0.298038
0.437223
0.238216
0.241363
0.229564
0.256442
0.292929
0.244867
0.309855
0.26392
0.263727
0.302473
0.269717
0.327037
0.255679
0.247885
0.305016
0.272727
0.28316
0.285029
0.301668
0.293087
0.324466
0.329483
0.275386
0.306982
0.272525
0.247542
0.235373
0.318738
0.311075
0.364796
0.285364
0.327319
0.212543
0.189963
0.30914
0.320468
0.255893
0.34494
0.301274
0.273538
0.316584
0.256246
0.323098
0.287543
0.297522
0.253093
0.316121
0.226839
0.473774
0.267262
0.363001
0.254827
0.291469
0.320446
0.346168
0.25576
0.57719
0.313929
0.273173
0.301141
0.286309
0.249727
0.274817
0.275397
0.263843
0.276056
0.272127
0.352761
0.274078
0.251409
0.288523
0.279768
0.299006
0.34329
0.295694
0.244017
0.28932
0.250397
0.338807
0.282902
0.297903
0.249946
0.258429
0.28414
0.280136
0.272058
0.374934
0.315042
0.427249
0.292855
0.369151
0.272278
0.234888
0.312201
0.331238
0.276969
0.335437
0.307978
0.298516
0.394465
0.293058
0.345879
0.321847
0.280623
0.350927
0.290633
0.304589
0.325703
0.293816
0.443761
0.328064
0.29669
0.316442
0.277322
0.264383
0.289636
0.31947
0.304214
0.372459
0.233076
0.283992
0.280935
0.328952
0.334459
0.301083
0.338146
0.346447
0.32191
0.306556
0.301102
0.300072
0.298015
0.278529
0.26396
0.282034
0.258656
0.366553
0.261223
0.308177
0.292659
0.535883
0.28736
0.262027
0.288843
0.254491
0.448943
0.244615
0.320898
0.291812
0.261912
0.29231
0.287881
0.276351
0.236533
0.314759
0.34901
0.302653
0.298665
0.235068
0.213481
0.295045
0.333425
0.269088
0.284085
0.395172
0.393121
0.296207
0.255797
0.267987
0.287514
0.26085
0.276952
0.330573
0.282818
0.33412
0.248077
0.302569
0.282462
0.234174
0.232395
0.26425
0.333504
0.247191
0.283311
0.245381
0.285578
0.265549
0.268523
0.274023
0.289794
0.30195
0.296551
0.283022
0.254433
0.31167
0.237249
0.277141
0.215528
0.390223
0.379416
0.284469
0.274232
0.371803
0.290756
0.272037
0.294932
0.346594
0.330249
0.263509
0.286562
0.326087
0.315657
0.252033
0.346645
0.269314
0.345074
0.290445
0.296166
0.303632
0.283934
0.31953
0.273818
0.189691
0.251203
0.267869
0.285784
0.247042
0.303632
0.284198
0.301529
0.275375
0.373418
0.275039
0.237384
0.303053
0.341567
0.290711
0.296261
0.32544
0.272119
0.289314
0.270303
0.314856
0.32659
0.343653
0.268167
0.291844
0.292161
0.29186
0.334159
0.336986
0.300629
0.28285
0.303743
0.292632
0.307742
0.28525
0.327164
0.291192
0.39942
0.235937
0.349178
0.280926
0.298445
0.306268
0.294099
0.29994
0.241805
0.321657
0.311903
0.315923
0.230727
0.249192
0.284603
0.271764
0.246815
0.539998
0.280153
0.320673
0.285823
0.268421
0.391004
0.305161
0.230379
0.1835
0.275702
0.26229
0.273493
0.278137
0.361063
0.279889
0.204668
0.272935
0.280818
0.339272
0.257601
0.368033
0.316769
0.355074
0.281966
0.314385
0.300044
0.316892
0.308362
0.298563
0.265349
0.317774
0.274335
0.264811
0.304055
0.365644
0.207652
0.306116
0.259303
0.312948
0.327582
0.246346
0.27966
0.269258
0.30644
0.357282
0.31092
0.323685
0.27216
0.307195
0.272077
0.282981
0.349657
0.284789
0.300044
0.307407
0.276725
0.274622
0.302174
0.282205
0.351642
0.251104
0.310437
0.296421
0.414286
0.247358
0.305378
0.28021
0.300368
0.292724
0.264232
0.260263
0.2933
0.288784
0.384464
0.288758
0.402142
0.364126
0.295705
0.401842
0.362034
0.331689
0.26364
0.462925
0.313206
0.303218
0.289868
0.293644
0.344737
0.298566
0.255743
0.228148
0.298015
0.21241
0.2928
0.298513
0.313393
0.29856
0.268892
0.229474
0.286644
0.219918
0.268067
0.301012
0.2873
0.378365
0.237194
0.300799
0.311228
0.240439
0.27124
0.297208
0.244889
0.264441
0.351622
0.321872
0.288208
0.221468
0.306211
0.281298
0.339806
0.2615
0.328454
0.271733
0.269916
0.265655
0.298865
0.32317
0.27644
0.27254
0.325215
0.272431
0.251047
0.337652
0.338205
0.292427
0.250875
0.234384
0.301825
0.286883
0.281581
0.252999
0.258364
0.246268
0.258857
0.245361
0.314074
0.292579
0.312724
0.257577
0.290982
0.295062
0.278182
0.288156
0.294153
0.25049
0.264182
0.310991
0.29418
0.291207
0.277192
0.261553
0.292104
0.321638
0.326712
0.258556
0.186736
0.248483
0.325258
0.286767
0.290534
0.350912
0.264188
0.297181
0.241715
0.258721
0.279642
0.267543
0.288662
0.257715
0.292187
0.2836
0.288233
0.305439
0.262693
0.296808
0.25452
0.328125
0.308361
0.262323
0.285502
0.15246
0.296668
0.303315
0.272127
0.332199
0.280554
0.296514
0.231334
0.319746
0.308873
0.29763
0.271545
0.271408
0.226852
0.263925
0.281879
0.30262
0.361669
0.238088
0.290032
0.270724
0.215625
0.294279
0.291814
0.289404
0.305655
0.258754
0.302082
0.288849
0.261067
0.271625
0.308681
0.313759
0.296869
0.305853
0.308919
0.265101
0.336208
0.389211
0.320142
0.30176
0.292651
0.293109
0.261142
0.265914
0.350247
0.263545
0.303329
0.367023
0.172336
0.302837
0.270538
0.257175
0.25348
0.283188
0.252555
0.390169
0.223715
0.290107
0.274474
0.279077
0.217921
0.29684
0.274063
0.271964
0.256805
0.30029
0.298999
0.298801
0.306405
0.273833
0.332615
0.280319
0.309878
0.271641
0.283842
0.289707
0.223667
0.21988
0.304879
0.301079
0.306558
0.342611
0.294656
0.280961
0.349147
0.341329
0.268509
0.213535
0.27278
0.331639
0.321589
0.285932
0.343225
0.295569
0.300204
0.309203
0.356499
0.284888
0.400016
0.264425
0.303437
0.327244
0.313352
0.279471
0.389157
0.266459
0.275347
0.262796
0.243886
0.293307
0.294804
0.278786
0.354922
0.278493
0.399078
0.249297
0.334294
0.290486
0.293539
0.261338
0.318803
0.31868
0.288796
0.28297
0.26164
0.282072
0.270427
0.333048
0.242575
0.308434
0.280511
0.325334
0.287822
0.249585
0.280785
0.291502
0.309979
0.237899
0.267183
0.30581
0.278486
0.336535
0.329593
0.296974
0.261843
0.20881
0.327907
0.289841
0.256608
0.300217
0.284164
0.298869
0.278445
0.362145
0.277463
0.249724
0.297851
0.299992
0.357206
0.29814
0.234906
0.344889
0.349901
0.271969
0.253081
0.256825
0.268408
0.263394
0.321384
0.260229
0.345962
0.259486
0.281321
0.327936
0.276076
0.389554
0.307241
0.300456
0.309168
0.259312
0.260839
0.26495
0.308508
0.299332
0.281508
0.294534
0.304796
0.227755
0.30871
0.277692
0.242893
0.361992
0.27481
0.385551
0.301823
0.312719
0.293667
0.338154
0.326647
0.213165
0.298061
0.290208
0.262155
0.29024
0.209682
0.327219
0.296002
0.266174
0.255801
0.260176
0.322702
0.294431
0.257695
0.34536
0.250516
0.323475
0.278217
0.257764
0.332631
0.253514
0.296906
0.308556
0.299549
0.329236
0.277474
0.284965
0.279852
0.272632
0.207021
0.268101
0.319053
0.315078
0.282473
0.306358
0.306127
0.303053
0.351373
0.219052
0.279423
0.292399
0.238525
0.275079
0.342047
0.313598
0.287971
0.218257
0.265929
0.279555
0.283009
0.24416
0.292508
0.339691
0.411275
0.268433
0.331488
0.288371
0.316512
0.310801
0.271266
0.267789
0.269606
0.276559
0.298072
0.290536
0.245129
0.399274
0.297698
0.229554
0.409426
0.290695
0.294043
0.328199
0.310772
0.40039
0.295937
0.242454
0.368807
0.320953
0.226675
0.282401
0.286835
0.285021
0.324134
0.309026
0.359328
0.253443
0.207436
0.256361
0.347153
0.253589
0.298278
0.30602
0.271851
0.275318
0.294967
0.265599
0.353528
0.276749
0.321104
0.267206
0.232711
0.339126
0.330964
0.339035
0.263187
0.2744
0.234899
0.298945
0.287815
0.331705
0.333411
0.256144
0.30842
0.261454
0.329363
0.299311
0.311793
0.299764
0.180956
0.284912
0.269563
0.301243
0.340336
0.260973
0.209075
0.283715
0.319451
0.273839
0.339904
0.251912
0.246216
0.230556
0.346802
0.251906
0.320061
0.26017
0.357098
0.285973
0.340215
0.266617
0.35143
0.257768
0.29089
0.237693
0.306009
0.31484
0.269374
0.365471
0.290867
0.323352
0.306712
0.206725
0.314361
0.298921
0.27541
0.275006
0.289414
0.266813
0.277439
0.332664
0.396435
0.274109
0.286202
0.154191
0.318229
0.309157
0.306899
0.246417
0.316083
0.39881
0.293127
0.277419
0.364345
0.261301
0.242413
0.358231
0.24513
0.277716
0.308546
0.259172
0.322659
0.259731
0.252318
0.309408
0.301152
0.23324
0.276782
0.266135
0.341374
0.402212
0.289544
0.301554
0.308701
0.244107
0.265676
0.30682
0.267587
0.334502
0.281815
0.489164
0.339323
0.279794
0.341623
0.26056
0.281519
0.229889
0.271526
0.302004
0.280946
0.316858
0.233896
0.291508
0.306895
0.260295
0.333781
0.290512
0.285865
0.333827
0.256651
0.353876
0.299161
0.327459
0.322745
0.284492
0.336568
0.237635
0.241847
0.246776
0.266035
0.339707
0.313301
0.298654
0.2853
0.337195
0.338308
0.30409
0.643495
0.298639
0.276883
0.299131
0.265172
0.290657
0.276241
0.29173
0.326413
0.289458
0.274271
0.28566
0.23934
0.291632
0.283983
0.313041
0.284619
0.262132
0.270328
0.229975
0.304558
0.345105
0.28488
0.273702
0.323472
0.265836
0.337357
0.297835
0.318607
0.338126
0.295094
0.280408
0.27858
0.25189
0.362688
0.292905
0.305093
0.365796
0.347232
0.216969
0.276131
0.276806
0.29471
0.258833
0.294907
0.366503
0.26805
0.284361
0.221697
0.280269
0.323629
0.283969
0.273116
0.314881
0.273936
0.241253
0.270172
0.316034
0.256824
0.245697
0.296075
0.319016
0.270784
0.261462
0.273894
0.294665
0.473715
0.251578
0.289784
0.30068
0.282464
0.286292
0.284093
0.236362
0.279279
0.353119
0.313163
0.283768
0.292613
0.331206
0.306728
0.20739
0.239221
0.213804
0.285962
0.286538
0.309629
0.27803
0.258568
0.252359
0.313736
0.27821
0.287829
0.232622
0.258545
0.261922
0.281976
0.371506
0.283546
0.328721
0.299554
0.324318
0.287439
0.279156
0.309691
0.319307
0.274191
0.289191
0.321375
0.31644
0.255307
0.269863
0.274051
0.256152
0.365901
0.303063
0.321516
0.290573
0.245536
0.285022
0.226588
0.27479
0.261084
0.301384
0.263802
0.295444
0.310142
0.304901
0.263006
0.270392
0.252362
0.27623
0.335426
0.25504
0.265735
0.275322
0.293058
0.278891
0.343325
0.31396
0.266108
0.248623
0.300721
0.318574
0.242515
0.280726
0.290548
0.344877
0.307395
0.233697
0.222616
0.331323
0.27484
0.274637
0.296179
0.261866
0.331497
0.26386
0.31855
0.230592
0.277452
0.256934
0.274372
0.229356
0.27269
0.362735
0.300059
0.274383
0.304022
0.27635
0.320635
0.280996
0.289719
0.305494
0.253812
0.279721
0.332018
0.546202
0.289738
0.348887
0.263851
0.342562
0.294176
0.29266
0.330628
0.295766
0.25735
0.257712
0.299645
0.262537
0.289555
0.283248
0.356844
0.255294
0.28797
0.240061
0.392451
0.241382
0.29981
0.251673
0.303528
0.282794
0.340281
0.282675
0.333097
0.280305
0.258016
0.308711
0.255814
0.365317
0.242599
0.252252
0.214586
0.264259
0.270266
0.253568
0.296701
0.275156
0.354888
0.241549
0.280594
0.261261
0.291905
0.406082
0.279115
0.273554
0.255801
0.249182
0.302221
0.253547
0.292117
0.348938
0.306789
0.293434
0.279169
0.297222
0.281792
0.323793
0.269225
0.343326
0.297456
0.333308
0.283511
0.383804
0.286528
0.294479
0.212414
0.349778
0.311902
0.274125
0.317252
0.320046
0.242034
0.301299
0.20565
0.28044
0.308406
0.252859
0.287776
0.332233
0.286834
0.285672
0.331059
0.280334
0.277167
0.258428
0.222404
0.244627
0.274025
0.28302
0.264077
0.247849
0.300693
0.296036
0.322665
0.212725
0.420236
0.299573
0.29575
0.25005
0.506948
0.295308
0.279918
0.329106
0.302114
0.246086
0.300468
0.201738
0.251492
0.29425
0.340607
0.321442
0.334992
0.261675
0.194836
0.302465
0.246505
0.316578
0.298479
0.274675
0.344431
0.336268
0.280747
0.232812
0.26228
0.245847
0.291755
0.260994
0.257587
0.280317
0.26073
0.288318
0.273886
0.345548
0.292619
0.358655
0.283258
0.264452
0.36214
0.262775
0.309172
0.302805
0.226334
0.249731
0.245861
0.23382
0.292751
0.289045
0.254974
0.339861
0.24343
0.257845
0.272522
0.291099
0.225612
0.26593
0.459155
0.271789
0.27914
0.381613
0.257816
0.207232
0.237553
0.26958
0.301586
0.36554
0.286014
0.216919
0.302645
0.330516
0.340118
0.264842
0.283788
0.327568
0.294427
0.240832
0.256082
0.305228
0.312295
0.214853
0.291945
0.277023
0.308951
0.175538
0.256503
0.311143
0.336765
0.240166
0.373333
0.265162
0.271074
0.262225
0.259276
0.253388
0.271868
0.219773
0.305687
0.324114
0.25689
0.28956
0.326218
0.303696
0.3229
0.255618
0.302306
0.243815
0.227678
0.338416
0.291453
0.299461
0.267726
0.353202
0.281854
0.305112
0.289641
0.265687
0.337204
0.340939
0.240757
0.270055
0.311398
0.277221
0.305278
0.322368
0.277452
0.277068
0.269738
0.241876
0.29157
0.299233
0.320635
0.335661
0.292539
0.266671
0.317772
0.356302
0.319415
0.259423
0.266473
0.240341
0.290716
0.285495
0.27843
0.22777
0.304433
0.28754
0.315409
0.260293
0.266206
0.247051
0.295101
0.312409
0.297668
0.409083
0.240121
0.319215
0.226095
0.280818
0.358321
0.293074
0.310776
0.420648
0.279818
0.255395
0.300038
0.423562
0.289209
0.376569
0.249564
0.307401
0.333363
0.353811
0.415195
0.285044
0.279401
0.342961
0.285076
0.294092
0.313674
0.286076
0.351061
0.210924
0.305101
0.324218
0.253795
0.2627
0.277891
0.289398
0.273902
0.296992
0.304753
0.315122
0.312918
0.281425
0.241434
0.290927
0.254047
0.265245
0.244792
0.333009
0.256436
0.298253
0.299339
0.265676
0.27807
0.27598
0.341409
0.279925
0.285042
0.285943
0.294532
0.306961
0.319645
0.290846
0.213146
0.303445
0.294623
0.24605
0.276793
0.246821
0.361053
0.281022
0.28541
0.223995
0.344221
0.31107
0.296255
0.245095
0.332259
0.350336
0.319073
0.288927
0.268198
0.270068
0.282282
0.294903
0.27832
0.30422
0.349544
0.239861
0.302164
0.274611
0.27296
0.277694
0.248794
0.284023
0.307422
0.278234
0.316516
0.285254
0.284677
0.300782
0.290748
0.323904
0.35423
0.309628
0.289934
0.284735
0.269528
0.248175
0.28986
0.312096
0.260668
0.267454
0.383166
0.323646
0.312314
0.325306
0.328396
0.229804
0.267712
0.316677
0.254073
0.287215
0.242943
0.255464
0.328202
0.280655
0.327706
0.316243
0.276851
0.27808
0.271565
0.249725
0.280003
0.360395
0.271255
0.327488
0.251339
0.286608
0.441337
0.569449
0.265979
0.199541
0.247063
0.28428
0.276882
0.300384
0.329928
0.301697
0.25888
0.238206
0.286675
0.330229
0.352377
0.332013
0.297461
0.24257
0.210895
0.322228
0.205859
0.24746
0.316976
0.366176
0.292701
0.293294
0.231452
0.311373
0.281481
0.300114
0.313639
0.359493
0.278957
0.336144
0.302726
0.265786
0.237953
0.351317
0.215357
0.368575
0.28224
0.270599
0.219518
0.354869
0.310621
0.26617
0.305817
0.28218
0.367517
0.255614
0.25523
0.437491
0.229196
0.314585
0.304736
0.387347
0.258695
0.285749
0.265556
0.301996
0.310804
0.279432
0.306822
0.28047
0.300835
0.294525
0.355155
0.305457
0.280304
0.287367
0.254486
0.292155
0.298213
0.306064
0.28546
0.284749
0.285522
0.250965
0.319397
0.27255
0.319531
0.310374
0.250311
0.199175
0.267756
0.246455
0.298525
0.317386
0.273605
0.317297
0.31173
0.29706
0.263574
0.276105
0.270903
0.27807
0.280047
0.296358
0.277321
0.30294
0.255795
0.259343
0.272097
0.328332
0.278938
0.327263
0.262437
0.26728
0.308782
0.242976
0.245696
0.298982
0.367686
0.284598
0.277706
0.276207
0.30312
0.266747
0.349157
0.295482
0.300748
0.254928
0.308257
0.304805
0.340922
0.336647
0.260641
0.274506
0.280354
0.302816
0.283157
0.290043
0.275002
0.306202
0.242533
0.351685
0.274308
0.2762
0.291751
0.251759
0.292568
0.297508
0.210788
0.268047
0.311055
0.256932
0.416498
0.241379
0.278186
0.224728
0.359418
0.299673
0.310605
0.302718
0.267216
0.339852
0.259998
0.309015
0.284958
0.310961
0.337557
0.270467
0.277947
0.369453
0.401865
0.260886
0.262735
0.287404
0.302725
0.256209
0.329802
0.258446
0.364738
0.262842
0.282149
0.232128
0.273184
0.277308
0.26393
0.450038
0.259407
0.285207
0.264857
0.242207
0.274241
0.312789
0.317341
0.306412
0.308145
0.270106
0.298664
0.31041
0.248034
0.308357
0.326718
0.286037
0.264475
0.367479
0.283853
0.331997
0.244792
0.285597
0.3172
0.243713
0.28829
0.207992
0.319413
0.292824
0.248351
0.330693
0.322305
0.337749
0.28703
0.294669
0.270596
0.278894
0.262834
0.315804
0.321374
0.265756
0.296089
0.25922
0.329834
0.262315
0.237907
0.290999
0.332976
0.347787
0.283797
0.29662
0.285173
0.284172
0.317517
0.295023
0.284791
0.253973
0.417385
0.265761
0.274701
0.274116
0.257435
0.366354
0.297425
0.321434
0.337334
0.271258
0.277556
0.275345
0.268909
0.316207
0.462427
0.250587
0.259605
0.265065
0.408388
0.253997
0.232358
0.356477
0.300085
0.304505
0.283391
0.319855
0.320554
0.254234
0.255557
0.263901
0.281026
0.270229
0.329724
0.35357
0.277917
0.267818
0.265798
0.288895
0.250129
0.294397
0.295548
0.340719
0.273136
0.241486
0.286041
0.291345
0.302221
0.335243
0.239063
0.228605
0.278672
0.264451
0.292934
0.317337
0.254975
0.301697
0.247425
0.287831
0.379527
0.264201
0.236079
0.272765
0.282888
0.318522
0.272616
0.260475
0.252791
0.29149
0.276968
0.278467
0.288393
0.316277
0.268644
0.290579
0.282667
0.194446
0.317597
0.256271
0.288788
0.280675
0.300888
0.243795
0.309653
0.387304
0.261633
0.323856
0.257161
0.289809
0.344132
0.248502
0.295535
0.350915
0.235508
0.267674
0.280755
0.325449
0.272165
0.292962
0.317449
0.280629
0.384812
0.242783
0.249744
0.275408
0.243463
0.278165
0.273417
0.313894
0.144828
0.31309
0.267703
0.238848
0.309138
0.310645
0.326531
0.24892
0.302553
0.36474
0.235734
0.256733
0.376698
0.313118
0.368408
0.267267
0.284942
0.330475
0.324273
0.306091
0.262627
0.274776
0.271174
0.279974
0.253831
0.248234
0.301429
0.290542
0.262028
0.325129
0.254076
0.349753
0.309993
0.302934
0.297269
0.321575
0.276932
0.309689
0.322567
0.357675
0.269936
0.290401
0.291167
0.279187
0.229475
0.33474
0.293769
0.290083
0.248616
0.259039
0.297475
0.251909
0.281978
0.303329
0.360322
0.294913
0.362366
0.341206
0.302412
0.320994
0.368281
0.25554
0.267386
0.308365
0.361537
0.214032
0.279884
0.280256
0.336906
0.339055
0.384716
0.320252
0.301764
0.30197
0.309943
0.322173
0.340042
0.371769
0.279839
0.247153
0.319959
0.30973
0.325976
0.329048
0.286826
0.358396
0.349818
0.270706
0.373794
0.274983
0.282599
0.248958
0.297373
0.274547
0.259198
0.330219
0.354887
0.273817
0.256931
0.327104
0.313253
0.271958
0.266073
0.318307
0.260652
0.287045
0.2737
0.382248
0.4206
0.239842
0.354439
0.271529
0.281429
0.310327
0.313491
0.277081
0.294588
0.244561
0.232076
0.255374
0.261114
0.283268
0.262976
0.296271
0.30498
0.313026
0.444395
0.283165
0.25863
0.219405
0.321893
0.307824
0.285769
0.314771
0.301998
0.312203
0.279044
0.346297
0.424006
0.312008
0.296659
0.369405
0.324029
0.228438
0.282534
0.411749
0.378148
0.256095
0.267558
0.255324
0.335213
0.309139
0.323361
0.296413
0.258495
0.28372
0.293867
0.232289
0.331511
0.318686
0.305632
0.233737
0.28516
0.283383
0.274176
0.249462
0.285475
0.287955
0.259284
0.258383
0.259655
0.265349
0.346581
0.327143
0.239447
0.279532
0.312718
0.273436
0.243893
0.305004
0.319494
0.295812
0.26613
0.29796
0.280089
0.294959
0.332435
0.270472
0.338244
0.342327
0.236192
0.285536
0.271579
0.321582
0.263333
0.29147
0.286862
0.291522
0.295613
0.298141
0.284584
0.265489
0.249656
0.263596
0.277071
0.343155
0.279547
0.295769
0.318851
0.259139
0.266345
0.268653
0.281302
0.292345
0.284002
0.305876
0.407779
0.383267
0.271175
0.291291
0.275752
0.301811
0.3205
0.303469
0.293859
0.266607
0.306504
0.301316
0.302247
0.351261
0.294276
0.324878
0.270451
0.297606
0.342714
0.28554
0.286004
0.302438
0.264866
0.245756
0.291744
0.290807
0.321943
0.281503
0.281275
0.294836
0.389244
0.294435
0.224722
0.260949
0.33553
0.335072
0.32545
0.278646
0.333177
0.29575
0.308348
0.31608
0.338321
0.363767
0.344143
0.25806
0.28486
0.329423
0.333984
0.278395
0.3152
0.306271
0.312612
0.274963
0.293146
0.309895
0.290602
0.322762
0.258088
0.262299
0.287336
0.273797
0.283672
0.281097
0.300731
0.301549
0.278193
0.284935
0.286768
0.284622
0.338703
0.250713
0.322438
0.26873
0.272661
0.297777
0.353165
0.225076
0.265567
0.278098
0.300274
0.326681
0.293814
0.304348
0.267066
0.335922
0.293364
0.319965
0.287441
0.309049
0.313183
0.263321
0.28733
0.278425
0.261056
0.258678
0.242873
0.319754
0.273507
0.287415
0.320397
0.279143
0.257011
0.27508
0.353961
0.319274
0.291401
0.252002
0.448342
0.292999
0.264475
0.290101
0.307781
0.303228
0.275235
0.292346
0.299294
0.269787
0.279727
0.275582
0.330546
0.351426
0.322955
0.397023
0.300895
0.324262
0.285587
0.383264
0.278856
0.279117
0.263088
0.268646
0.256247
0.278407
0.437998
0.325247
0.330225
0.214561
0.28252
0.293483
0.265163
0.187606
0.331619
0.315714
0.273636
0.310867
0.283665
0.289816
0.393777
0.25656
0.272759
0.296771
0.299739
0.25761
0.286026
0.291118
0.27785
0.286694
0.328058
0.363675
0.276141
0.310122
0.314609
0.343818
0.258778
0.216966
0.252532
0.273619
0.265953
0.285069
0.298993
0.344277
0.260896
0.266569
0.265901
0.349316
0.282744
0.386027
0.293399
0.246575
0.298285
0.283366
0.250376
0.327394
0.298175
0.289517
0.334968
0.31807
0.24739
0.315507
0.382229
0.30611
0.314698
0.266439
0.262829
0.296565
0.23798
0.324786
0.264331
0.301201
0.334708
0.269888
0.321196
0.242178
0.172128
0.297091
0.287728
0.275923
0.25157
0.297354
0.270948
0.284833
0.338987
0.206527
0.317843
0.298979
0.235058
0.330779
0.21712
0.320696
0.234777
0.332399
0.290948
0.29975
0.311909
0.23941
0.2697
0.29462
0.265201
0.283999
0.301475
0.303051
0.322038
0.317059
0.323913
0.298581
0.28054
0.31554
0.307309
0.263369
0.28329
0.332051
0.287907
0.371149
0.254462
0.291434
0.273596
0.242448
0.260107
0.336155
0.29333
0.300098
0.299108
0.226337
0.311849
0.326025
0.260129
0.280341
0.263889
0.228282
0.28899
0.239662
0.403421
0.294495
0.260184
0.276947
0.23089
0.279496
0.25231
0.376305
0.285197
0.245332
0.276388
0.216186
0.243658
0.300595
0.180471
0.366207
0.320034
0.274908
0.288699
0.319243
0.30574
0.312101
0.283632
0.281467
0.27599
0.281783
0.317817
0.287076
0.243826
0.30447
0.322412
0.341167
0.386336
0.35037
0.364017
0.281908
0.413679
0.243371
0.271019
0.249949
0.253394
0.342264
0.228657
0.288931
0.337337
0.274583
0.274586
0.256187
0.241489
0.29231
0.294681
0.316876
0.361074
0.295151
0.290212
0.31341
0.300381
0.357263
0.226543
0.309401
0.28872
0.342692
0.255224
0.263584
0.31097
0.257903
0.324865
0.271617
0.241309
0.254159
0.288263
0.331059
0.264094
0.27917
0.291158
0.344313
0.343409
0.257541
0.289037
0.323362
0.278687
0.289213
0.265924
0.316786
0.291955
0.313185
0.293392
0.288853
0.270764
0.303081
0.304386
0.249386
0.272195
0.30103
0.287668
0.342194
0.286703
0.275822
0.341783
0.268286
0.296266
0.282643
0.285561
0.305083
0.266333
0.31868
0.288216
0.258719
0.285444
0.297911
0.282547
0.187558
0.250964
0.249491
0.258938
0.290514
0.333333
0.266401
0.291501
0.290299
0.27385
0.337929
0.36912
0.253659
0.295989
0.320341
0.283731
0.291751
0.361622
0.277147
0.261812
0.303243
0.298317
0.301924
0.287941
0.295642
0.255998
0.273136
0.267363
0.298038
0.268744
0.301077
0.270588
0.380848
0.312638
0.270073
0.321696
0.294012
0.258545
0.264157
0.29379
0.282677
0.264486
0.229635
0.453371
0.248923
0.274115
0.295706
0.324948
0.323805
0.238919
0.287041
0.278646
0.378597
0.301008
0.248099
0.251216
0.372084
0.295316
0.249059
0.262639
0.255627
0.333614
0.20603
0.32193
0.294322
0.366524
0.25183
0.282017
0.231996
0.31635
0.260599
0.322105
0.286677
0.289254
0.290152
0.250749
0.284071
0.276407
0.22696
0.325151
0.294091
0.330582
0.22548
0.336398
0.283161
0.237351
0.381485
0.299185
0.340959
0.261224
0.209654
0.377134
0.309113
0.310047
0.277926
0.237802
0.291415
0.302482
0.311326
0.285681
0.247644
0.304635
0.355815
0.306712
0.307518
0.2743
0.296433
0.316126
0.315491
0.28758
0.326294
0.268399
0.245074
0.297168
0.306684
0.261311
0.214296
0.285028
0.199313
0.310418
0.389454
0.309659
0.342627
0.211099
0.238988
0.266825
0.20946
0.279761
0.277032
0.292392
0.328801
0.313691
0.311957
0.217028
0.256007
0.247097
0.364838
0.252245
0.217719
0.319087
0.284017
0.267909
0.290498
0.31564
0.263845
0.354681
0.224469
0.325464
0.230543
0.288706
0.379114
0.291378
0.247636
0.325196
0.315492
0.427603
0.274077
0.257747
0.198934
0.280397
0.357808
0.275676
0.268532
0.28518
0.29719
0.251734
0.288845
0.261422
0.247558
0.298239
0.246466
0.30471
0.322771
0.252512
0.29684
0.234897
0.333141
0.276596
0.348913
0.248181
0.284488
0.328636
0.303307
0.344822
0.342657
0.267081
0.242076
0.326287
0.337619
0.214571
0.295841
0.332569
0.320849
0.324973
0.269755
0.263178
0.283898
0.269416
0.289318
0.30931
0.267685
0.281468
0.285065
0.316907
0.304032
0.281005
0.316269
0.195529
0.264674
0.310328
0.246466
0.338138
0.257417
0.273205
0.37757
0.314056
0.28523
0.289342
0.305906
0.275282
0.307674
0.358435
0.279317
0.304074
0.268286
0.258707
0.354856
0.340671
0.312714
0.236317
0.321332
0.362988
0.326314
0.307606
0.232617
0.284016
0.289089
0.274208
0.283369
0.306932
0.255225
0.286281
0.271822
0.213753
0.299963
0.348635
0.287527
0.272534
0.309817
0.372881
0.308528
0.312698
0.299016
0.223124
0.276351
0.327925
0.24031
0.298899
0.256592
0.225322
0.308123
0.261442
0.297076
0.297515
0.257361
0.33649
0.258198
0.278169
0.261146
0.24978
0.322332
0.318921
0.289515
0.290256
0.317173
0.274321
0.320871
0.286565
0.342662
0.282641
0.284261
0.267172
0.278018
0.294726
0.254026
0.350668
0.279853
0.267852
0.384951
0.275513
0.316174
0.33625
0.265933
0.283044
0.33205
0.284417
0.314097
0.312123
0.291529
0.303515
0.276152
0.293896
0.266537
0.248662
0.357647
0.314393
0.271286
0.289945
0.322717
0.246823
0.224604
0.300172
0.278909
0.377372
0.206764
0.299263
0.291797
0.288596
0.343147
0.29649
0.302224
0.291459
0.326629
0.292308
0.322814
0.259408
0.293757
0.329638
0.287924
0.337406
0.313398
0.300726
0.31121
0.300746
0.260269
0.216014
0.410813
0.27533
0.284093
0.316329
0.295598
0.316856
0.300477
0.280542
0.295737
0.324108
0.251865
0.248778
0.374704
0.304992
0.321908
0.291186
0.324076
0.275739
0.310994
0.255123
0.327239
0.299475
0.323645
0.188869
0.208562
0.266732
0.287972
0.318576
0.286595
0.263319
0.263756
0.304458
0.25315
0.343972
0.272955
0.237399
0.316392
0.320687
0.351147
0.390953
0.310954
0.41896
0.243959
0.318143
0.318345
0.233728
0.270284
0.296951
0.394949
0.361364
0.255848
0.412216
0.339464
0.267208
0.27081
0.325658
0.32286
0.28029
0.31911
0.279668
0.276274
0.230662
0.30391
0.334493
0.300247
0.301615
0.282673
0.255765
0.274674
0.25171
0.315802
0.347481
0.320571
0.239061
0.247838
0.285272
0.315761
0.335268
0.275178
0.299918
0.274661
0.247773
0.288548
0.283048
0.339018
0.270175
0.216693
0.271975
0.254707
0.289667
0.306038
0.331192
0.270784
0.299102
0.323086
0.290925
0.28409
0.30421
0.324592
0.293026
0.333917
0.299738
0.305451
0.348387
0.223764
0.213704
0.236126
0.317929
0.294267
0.291967
0.2984
0.334778
0.258571
0.295887
0.293542
0.279751
0.319404
0.285311
0.283599
0.287786
0.260405
0.199208
0.270577
0.313333
0.268476
0.296479
0.302036
0.280369
0.284255
0.254095
0.297719
0.263036
0.314942
0.350105
0.236454
0.292084
0.28554
0.291169
0.275219
0.293816
0.322086
0.275369
0.323428
0.268143
0.29979
0.266343
0.294514
0.29177
0.286859
0.302561
0.34241
0.302601
0.316236
0.259562
0.31342
0.274373
0.299811
0.287706
0.255245
0.173677
0.319367
0.444692
0.290608
0.294703
0.298738
0.356581
0.25852
0.381495
0.298982
0.32416
0.321625
0.298172
0.28628
0.295927
0.301309
0.307125
0.295101
0.254667
0.263169
0.337574
0.36291
0.26758
0.275056
0.340453
0.286164
0.299387
0.269008
0.268981
0.358547
0.290764
0.270154
0.339471
0.267453
0.25579
0.249805
0.269696
0.299723
0.309451
0.285343
0.26267
0.294321
0.268862
0.269081
0.296362
0.330685
0.281698
0.312789
0.236225
0.263696
0.218189
0.321353
0.285636
0.319108
0.307228
0.271521
0.316393
0.390492
0.244809
0.321867
0.332261
0.360844
0.317323
0.290185
0.235125
0.241158
0.385216
0.27499
0.299738
0.270822
0.22318
0.280383
0.271412
0.316811
0.240271
0.348121
0.406375
0.240066
0.372272
0.300648
0.27072
0.325869
0.268387
0.305354
0.301417
0.26054
0.281262
0.283625
0.259335
0.156223
0.326598
0.267682
0.277586
0.267883
0.269424
0.293108
0.273153
0.24
0.32585
0.308525
0.317641
0.422433
0.212474
0.270245
0.311385
0.242395
0.311715
0.257119
0.249049
0.244078
0.343292
0.356995
0.335073
0.258005
0.26155
0.310452
0.232839
0.312283
0.279914
0.30817
0.271366
0.371208
0.334536
0.256761
0.296905
0.266865
0.29872
0.308318
0.262021
0.317356
0.317011
0.32082
0.274957
0.269677
0.312453
0.303686
0.304126
0.26681
0.273082
0.235489
0.214927
0.34639
0.237119
0.23814
0.294816
0.225469
0.312968
0.285319
0.291021
0.304068
0.299203
0.236675
0.271345
0.280836
0.271443
0.312312
0.416994
0.288668
0.301982
0.391006
0.515304
0.335261
0.338742
0.253167
0.257892
0.256054
0.413663
0.323694
0.34244
0.278165
0.330213
0.383278
0.298334
0.32264
0.288937
0.295195
0.252326
0.324899
0.239409
0.363629
0.32942
0.288264
0.341229
0.282302
0.294208
0.251708
0.275411
0.330037
0.290639
0.339752
0.248419
0.340917
0.180388
0.271457
0.35566
0.333389
0.249078
0.291999
0.317601
0.278188
0.292064
0.276996
0.280508
0.280096
0.405646
0.345952
0.342677
0.276747
0.288866
0.365832
0.281499
0.323676
0.262332
0.312614
0.235435
0.277653
0.299903
0.266944
0.299251
0.262123
0.286458
0.276294
0.307822
0.262958
0.288554
0.334685
0.342283
0.275735
0.306063
0.275928
0.308062
0.278321
0.306533
0.301764
0.252385
0.298035
0.287193
0.257895
0.27656
0.32719
0.255458
0.327647
0.276179
0.350348
0.272432
0.364265
0.301985
0.318444
0.324364
0.300827
0.303101
0.330526
0.302918
0.286817
0.32449
0.240616
0.336248
0.327967
0.272433
0.254798
0.238597
0.290341
0.286538
0.297273
0.301274
0.284308
0.274433
0.347578
0.292423
0.292918
0.28775
0.277782
0.335105
0.160981
0.30082
0.232196
0.275154
0.291902
0.342843
0.249388
0.286932
0.275057
0.290207
0.252924
0.287911
0.342111
0.31899
0.310531
0.314245
0.268862
0.286454
0.257394
0.232431
0.264716
0.295897
0.363161
0.251338
0.246848
0.34446
0.344291
0.272125
0.315477
0.286487
0.327372
0.187888
0.304638
0.309719
0.316768
0.265409
0.27428
0.271383
0.272032
0.28548
0.378299
0.262294
0.302153
0.364247
0.232125
0.279906
0.311261
0.28455
0.324224
0.301961
0.27915
0.313613
0.321721
0.284836
0.365672
0.308001
0.295526
0.311657
0.259554
0.301164
0.311128
0.203896
0.269086
0.253474
0.309461
0.238338
0.295051
0.289121
0.331507
0.361329
0.261421
0.31826
0.337076
0.288097
0.300069
0.316968
0.281374
0.27682
0.282914
0.278841
0.254096
0.285379
0.303442
0.269845
0.348761
0.291452
0.309298
0.236463
0.254855
0.298241
0.228982
0.257216
0.29635
0.276309
0.290597
0.308951
0.301357
0.285357
0.267567
0.285897
0.305636
0.319608
0.266823
0.277485
0.269107
0.311125
0.26906
0.258952
0.336882
0.282119
0.269783
0.321737
0.332874
0.28733
0.288051
0.27217
0.25497
0.277589
0.242933
0.288572
0.295155
0.217686
0.301609
0.29974
0.300556
0.267567
0.292906
0.277061
0.315175
0.241647
0.268206
0.283923
0.336321
0.294557
0.314703
0.282652
0.256027
0.300239
0.243646
0.321235
0.308263
0.300729
0.276657
0.230076
0.354205
0.314288
0.284854
0.301069
0.246558
0.26195
0.23756
0.327792
0.289627
0.276063
0.308822
0.278067
0.398419
0.260559
0.309367
0.258572
0.273924
0.268353
0.221098
0.287546
0.302315
0.283311
0.241011
0.293561
0.28421
0.303149
0.255418
0.241892
0.294272
0.302608
0.296984
0.306903
0.39331
0.285184
0.241145
0.358401
0.246195
0.305333
0.278755
0.231473
0.307214
0.352666
0.149694
0.234062
0.233804
0.258267
0.31454
0.307347
0.288822
0.317136
0.306709
0.267535
0.353215
0.250495
0.232172
0.253371
0.223662
0.285081
0.323393
0.298569
0.295512
0.305712
0.261696
0.296431
0.314469
0.301467
0.291741
0.257315
0.308836
0.309968
0.324289
0.262537
0.310493
0.268722
0.261223
0.264619
0.290281
0.263292
0.304622
0.281425
0.29284
0.267134
0.299464
0.226027
0.219382
0.269537
0.32299
0.265899
0.390148
0.350701
0.311952
0.263531
0.293621
0.346262
0.287865
0.351713
0.249323
0.268745
0.303198
0.225359
0.289844
0.248328
0.334942
0.254236
0.302144
0.392476
0.234328
0.280192
0.288028
0.33564
0.332186
0.281131
0.24693
0.391239
0.354947
0.299642
0.366245
0.290603
0.234197
0.309319
0.257621
0.30629
0.29386
0.285402
0.29032
0.312266
0.304324
0.239813
0.328855
0.226108
0.282384
0.216729
0.32411
0.302609
0.323762
0.260863
0.238686
0.29167
0.293712
0.291574
0.292965
0.259168
0.276137
0.251076
0.216467
0.397352
0.254036
0.291007
0.286907
0.268671
0.299953
0.237469
0.282887
0.2826
0.313222
0.293925
0.327572
0.296639
0.304572
0.280325
0.280237
0.264094
0.276702
0.300583
0.298129
0.304787
0.30079
0.310995
0.210853
0.275287
0.320524
0.275013
0.288598
0.299979
0.341046
0.268468
0.31496
0.242739
0.281411
0.355243
0.273773
0.295556
0.32411
0.271289
0.290774
0.291648
0.285758
0.307286
0.292029
0.237444
0.273528
0.293448
0.280721
0.329463
0.362891
0.364004
0.256617
0.328099
0.344227
0.279045
0.361494
0.275483
0.216254
0.240773
0.313847
0.265208
0.256029
0.276288
0.31097
0.265951
0.288977
0.334397
0.28264
0.266492
0.294531
0.27636
0.272526
0.295015
0.368863
0.323304
0.268291
0.27722
0.260158
0.248551
0.322493
0.362728
0.313939
0.313961
0.277769
0.262327
0.507158
0.321366
0.226112
0.300221
0.326051
0.27272
0.300441
0.323606
0.289135
0.300007
0.298786
0.280602
0.296986
0.228477
0.326749
0.354743
0.273517
0.336325
0.289422
0.255911
0.292581
0.27363
0.372388
0.275359
0.234022
0.323461
0.23874
0.291208
0.274991
0.320943
0.266872
0.278511
0.271072
0.275214
0.290764
0.33001
0.288837
0.303624
0.233806
0.264383
0.216085
0.291676
0.240897
0.306442
0.253039
0.264693
0.241427
0.275683
0.301759
0.298772
0.29096
0.263555
0.343755
0.273019
0.325887
0.312918
0.367837
0.320295
0.292059
0.316046
0.300073
0.321779
0.270552
0.278175
0.289372
0.331394
0.298869
0.355781
0.292936
0.309802
0.24674
0.255003
0.296268
0.212786
0.284526
0.36265
0.232486
0.433408
0.318007
0.31096
0.268061
0.278409
0.297117
0.296353
0.326605
0.312259
0.29562
0.269041
0.313575
0.265234
0.465378
0.409773
0.305318
0.27513
0.245107
0.293936
0.314663
0.224953
0.34591
0.339857
0.349295
0.299454
0.245275
0.284132
0.30516
0.279114
0.254349
0.282591
0.303474
0.350095
0.237245
0.208685
0.273907
0.29001
0.307901
0.269649
0.26742
0.315997
0.297768
0.284486
0.354477
0.32529
0.26353
0.261277
0.305085
0.304851
0.277945
0.297251
0.27049
0.324617
0.328085
0.270387
0.271674
0.275327
0.200353
0.246203
0.293682
0.296674
0.269027
0.296115
0.278945
0.278016
0.270742
0.322486
0.34383
0.261749
0.314907
0.301995
0.260445
0.24964
0.223169
0.292184
0.291394
0.315004
0.272079
0.29827
0.249123
0.298215
0.221268
0.316715
0.260278
0.288147
0.26431
0.273419
0.293017
0.343708
0.2526
0.305812
0.222505
0.243882
0.286497
0.264554
0.27002
0.287947
0.242852
0.219705
0.245602
0.40987
0.280582
0.259882
0.363163
0.274946
0.285607
0.246271
0.331881
0.342191
0.293013
0.308194
0.270676
0.278202
0.180319
0.293126
0.265847
0.287428
0.294685
0.288977
0.365296
0.345899
0.28462
0.404501
0.24561
0.255095
0.246376
0.391905
0.346056
0.347294
0.236861
0.335884
0.229137
0.295245
0.280171
0.249574
0.262413
0.248399
0.26904
0.274343
0.289819
0.291633
0.311667
0.292614
0.320785
0.315363
0.284169
0.289438
0.320216
0.333569
0.272604
0.22288
0.432548
0.316376
0.242297
0.297328
0.253494
0.313267
0.31997
0.267737
0.289998
0.227067
0.245634
0.256646
0.271752
0.287271
0.264198
0.303806
0.284172
0.303651
0.319569
0.239269
0.263086
0.339136
0.325819
0.302945
0.315336
0.29866
0.287182
0.280035
0.267833
0.331953
0.363418
0.293945
0.389126
0.271668
0.284226
0.286526
0.310799
0.298344
0.279241
0.265615
0.333605
0.267356
0.263743
0.241919
0.285435
0.301078
0.261902
0.296856
0.201174
0.300347
0.303987
0.25422
0.260676
0.287002
0.288274
0.281579
0.320428
0.351477
0.332882
0.278216
0.295114
0.260914
0.332831
0.366798
0.241702
0.315718
0.291582
0.253121
0.342137
0.302558
0.277618
0.285874
0.372563
0.345311
0.287212
0.329556
0.280958
0.37583
0.265507
0.322617
0.479598
0.261088
0.327245
0.187964
0.234387
0.317467
0.2859
0.273793
0.385199
0.321518
0.279753
0.271792
0.226445
0.249484
0.320555
0.248102
0.305263
0.272679
0.257002
0.340174
0.253432
0.278007
0.283256
0.322471
0.225773
0.295791
0.3024
0.307354
0.26557
0.232945
0.280584
0.267117
0.343325
0.288132
0.321685
0.342282
0.257203
0.294707
0.285751
0.260186
0.256978
0.252456
0.369899
0.270871
0.275453
0.409656
0.264438
0.257676
0.315541
0.274791
0.2657
0.312678
0.27613
0.29936
0.24855
0.28474
0.287045
0.331894
0.223855
0.316699
0.345753
0.275934
0.317171
0.334317
0.226543
0.242363
0.264523
0.251443
0.3173
0.292422
0.304045
0.29623
0.28782
0.287774
0.310271
0.300942
0.397069
0.412983
0.269332
0.33158
0.27368
0.304013
0.281311
0.309567
0.285973
0.263773
0.276839
0.232456
0.265154
0.376269
0.306189
0.279066
0.25228
0.266855
0.285605
0.324724
0.340096
0.298202
0.29778
0.30105
0.381839
0.261395
0.314664
0.288775
0.255144
0.277003
0.292724
0.285446
0.290174
0.256267
0.253374
0.255464
0.297844
0.407895
0.332641
0.304299
0.475133
0.261617
0.273327
0.267494
0.243076
0.274399
0.263166
0.299747
0.228962
0.308891
0.313785
0.193458
0.332805
0.300767
0.292605
0.28445
0.466556
0.279042
0.268361
0.299529
0.256426
0.304836
0.269461
0.322617
0.350321
0.279986
0.282557
0.337321
0.329147
0.287197
0.258856
0.269788
0.262137
0.298921
0.299339
0.30478
0.269929
0.273208
0.261549
0.267793
0.217867
0.279641
0.289352
0.29865
0.362543
0.268318
0.313121
0.252992
0.35692
0.35516
0.314133
0.300925
0.211972
0.333119
0.327122
0.284282
0.331437
0.276619
0.232448
0.247689
0.27913
0.275568
0.148021
0.310515
0.299778
0.225653
0.269283
0.290348
0.25412
0.302174
0.336976
0.286746
0.289683
0.218376
0.296139
0.243475
0.315429
0.276311
0.298235
0.277774
0.255768
0.268685
0.294089
0.275492
0.325758
0.320098
0.250113
0.268738
0.269381
0.223422
0.303263
0.227628
0.2842
0.309673
0.307317
0.254095
0.34439
0.233694
0.304926
0.26849
0.268557
0.343742
0.355002
0.314826
0.260894
0.287409
0.275296
0.280032
0.272032
0.295701
0.226909
0.425705
0.250833
0.28213
0.297107
0.26289
0.283825
0.242697
0.293649
0.249906
0.322061
0.340289
0.286293
0.264954
0.283268
0.248809
0.243096
0.243386
0.295464
0.27512
0.27142
0.281046
0.31
0.264706
0.243638
0.262421
0.347805
0.364587
0.253898
0.364241
0.269985
0.35918
0.303846
0.270919
0.28473
0.262282
0.32588
0.277985
0.272416
0.265187
0.282864
0.255814
0.3444
0.308928
0.294345
0.271167
0.283828
0.245555
0.274951
0.326802
0.357837
0.359983
0.268961
0.250927
0.234718
0.311639
0.346154
0.321734
0.244279
0.266086
0.285742
0.31933
0.300955
0.40407
0.283195
0.271328
0.289542
0.2417
0.280271
0.239164
0.265938
0.247209
0.336005
0.272447
0.328818
0.294487
0.330501
0.314286
0.296791
0.351336
0.306826
0.325338
0.299913
0.344326
0.359446
0.306695
0.289705
0.240566
0.270233
0.289956
0.277052
0.315279
0.246756
0.323687
0.319339
0.321825
0.276755
0.264077
0.315657
0.269136
0.203633
0.246858
0.286978
0.260644
0.22755
0.310241
0.286089
0.292483
0.323124
0.253567
0.264524
0.245637
0.328569
0.273251
0.254764
0.265565
0.304846
0.226639
0.38547
0.332741
0.273414
0.273095
0.380659
0.244201
0.27891
0.26196
0.266961
0.318
0.299196
0.269816
0.294697
0.293331
0.354053
0.290518
0.265187
0.256247
0.266904
0.301353
0.254948
0.335832
0.241401
0.281387
0.26028
0.270985
0.310126
0.276123
0.287176
0.268998
0.292896
0.259997
0.363812
0.288557
0.269399
0.260836
0.332929
0.263067
0.366223
0.241707
0.266456
0.317308
0.266836
0.290543
0.29127
0.257214
0.321024
0.340396
0.221469
0.298699
0.342907
0.276276
0.300221
0.240485
0.309867
0.24809
0.299627
0.29928
0.270936
0.313956
0.344984
0.286231
0.260957
0.296378
0.283146
0.263869
0.306113
0.248278
0.358443
0.276428
0.315182
0.233264
0.334844
0.28393
0.315672
0.397487
0.248062
0.317718
0.268834
0.23296
0.283089
0.285551
0.300067
0.34901
0.312554
0.419684
0.143921
0.259455
0.342777
0.243624
0.306748
0.305931
0.311769
0.265149
0.318297
0.291008
0.260404
0.261997
0.282046
0.279563
0.327416
0.335958
0.300451
0.295347
0.254277
0.28959
0.304083
0.286408
0.276925
0.284879
0.261294
0.333305
0.330562
0.291621
0.397454
0.268004
0.263926
0.299504
0.321672
0.298481
0.267893
0.356874
0.287945
0.304765
0.311847
0.19869
0.28293
0.332752
0.302258
0.311431
0.390868
0.238641
0.271553
0.304515
0.24894
0.32146
0.247475
0.322942
0.293627
0.257295
0.318705
0.261715
0.284452
0.35647
0.261281
0.325686
0.266644
0.292125
0.343506
0.336634
0.307041
0.28534
0.287815
0.317712
0.260537
0.300999
0.267969
0.252779
0.317566
0.316114
0.263257
0.30658
0.267751
0.328778
0.282188
0.308761
0.253742
0.276776
0.256744
0.302143
0.364075
0.262364
0.382328
0.311885
0.258168
0.286169
0.25621
0.258853
0.2719
0.275629
0.300993
0.268365
0.250883
0.292057
0.255875
0.297436
0.282812
0.274723
0.372906
0.283366
0.344561
0.384079
0.284157
0.283946
0.339244
0.288758
0.285439
0.300874
0.227063
0.266808
0.266653
0.321796
0.27037
0.325206
0.337903
0.43886
0.284699
0.301934
0.291387
0.257805
0.291483
0.307745
0.294552
0.296366
0.312441
0.379424
0.315217
0.263819
0.30042
0.201074
0.274176
0.246838
0.372358
0.334522
0.299207
0.303186
0.282674
0.298752
0.343462
0.264656
0.256562
0.253802
0.305231
0.306353
0.281488
0.34818
0.2498
0.278178
0.351511
0.31637
0.317553
0.513535
0.301516
0.302704
0.285344
0.271487
0.236493
0.273447
0.2583
0.326676
0.312673
0.245428
0.290505
0.298286
0.250783
0.351517
0.279138
0.280826
0.281841
0.202198
0.316997
0.206576
0.303243
0.258948
0.237317
0.141336
0.276959
0.253848
0.264617
0.349422
0.237809
0.229388
0.2714
0.348127
0.262958
0.250775
0.320979
0.25034
0.335314
0.282473
0.28266
0.265779
0.258994
0.293149
0.322842
0.338873
0.267068
0.259775
0.310733
0.291632
0.265276
0.302288
0.295847
0.295392
0.347137
0.384745
0.282239
0.327798
0.263758
0.243273
0.209733
0.316233
0.287825
0.35753
0.23835
0.228503
0.288081
0.356841
0.338874
0.278576
0.260233
0.399223
0.240602
0.297122
0.332007
0.240458
0.292872
0.319694
0.26056
0.293264
0.378416
0.33705
0.283012
0.291334
0.231426
0.29218
0.227693
0.30727
0.228372
0.347336
0.43918
0.325851
0.302167
0.339297
0.245192
0.358854
0.276186
0.256101
0.368612
0.33431
0.247564
0.279678
0.257682
0.299815
0.327574
0.245525
0.251869
0.332453
0.295729
0.36584
0.246286
0.301702
0.245081
0.251063
0.27621
0.320444
0.241413
0.27878
0.334503
0.301409
0.209957
0.312983
0.242215
0.27916
0.242039
0.306224
0.321426
0.331221
0.283005
0.270706
0.319384
0.338631
0.33454
0.317795
0.272873
0.273932
0.299822
0.291187
0.238655
0.281823
0.252723
0.29781
0.271154
0.289875
0.32299
0.317264
0.290534
0.228406
0.262663
0.312241
0.305709
0.284102
0.302778
0.266058
0.394975
0.256317
0.280253
0.263395
0.280157
0.270946
0.279301
0.197438
0.393607
0.404137
0.31569
0.417509
0.304062
0.261492
0.267798
0.320788
0.312513
0.300163
0.344644
0.252576
0.260039
0.270487
0.256727
0.335947
0.281811
0.273768
0.318721
0.292601
0.312142
0.269799
0.357609
0.226499
0.331905
0.356844
0.271038
0.405533
0.295745
0.304098
0.303974
0.275077
0.251481
0.262023
0.294671
0.303333
0.284639
0.341288
0.236709
0.301216
0.29162
0.268474
0.234738
0.291718
0.286602
0.24631
0.310447
0.310944
0.338826
0.264325
0.320704
0.267766
0.258514
0.299376
0.313831
0.262379
0.275367
0.325639
0.251108
0.341082
0.297506
0.186947
0.273916
0.294385
0.354896
0.317247
0.326783
0.341119
0.303006
0.213862
0.318297
0.311868
0.265296
0.270654
0.304159
0.242358
0.414041
0.287334
0.292034
0.324277
0.272618
0.269629
0.245596
0.276913
0.235468
0.490748
0.248283
0.227727
0.401913
0.293688
0.21591
0.327126
0.283133
0.291139
0.238651
0.322523
0.25595
0.260418
0.25631
0.291466
0.300986
0.298677
0.267468
0.305743
0.265628
0.219559
0.261362
0.218658
0.222143
0.291183
0.219305
0.307797
0.34665
0.394128
0.333139
0.283829
0.329711
0.305965
0.302411
0.170357
0.303267
0.300402
0.256842
0.395221
0.332442
0.249981
0.26657
0.271652
0.287025
0.328977
0.288431
0.31279
0.290139
0.284901
0.317251
0.208365
0.224744
0.309758
0.316594
0.262751
0.44826
0.287515
0.286116
0.290945
0.319227
0.306567
0.252207
0.285452
0.276323
0.291314
0.235033
0.291385
0.350884
0.298352
0.257595
0.187926
0.389094
0.25372
0.326629
0.266957
0.288561
0.32327
0.292343
0.240062
0.274814
0.290903
0.290117
0.269646
0.311509
0.232762
0.265067
0.336109
0.294466
0.277223
0.219601
0.281176
0.344767
0.25773
0.280303
0.309875
0.276414
0.33634
0.312901
0.26843
0.255264
0.288215
0.313493
0.316098
0.287014
0.337805
0.257915
0.296471
0.344774
0.291561
0.260859
0.274974
0.260084
0.275215
0.303716
0.305776
0.301445
0.285574
0.348221
0.26871
0.247936
0.330194
0.274538
0.354317
0.245206
0.273069
0.344424
0.280037
0.264611
0.275357
0.240068
0.314128
0.306512
0.280821
0.261457
0.305673
0.233246
0.291016
0.364805
0.269531
0.317057
0.319987
0.299833
0.285976
0.333615
0.334575
0.246913
0.31063
0.278587
0.318426
0.244977
0.223364
0.303482
0.362204
0.347036
0.345316
0.2289
0.364021
0.350141
0.299467
0.298456
0.248309
0.267915
0.278084
0.251394
0.256694
0.259211
0.235499
0.308043
0.255284
0.334861
0.247436
0.335181
0.299979
0.315198
0.280608
0.246857
0.309333
0.310624
0.251669
0.284674
0.388609
0.203303
0.300783
0.292585
0.268906
0.225241
0.2548
0.246565
0.271764
0.553525
0.303098
0.264981
0.281883
0.272181
0.309534
0.316569
0.252828
0.173484
0.350288
0.330774
0.250864
0.222505
0.263232
0.300955
0.314626
0.276689
0.243534
0.260308
0.25554
0.263809
0.336564
0.277611
0.265057
0.316781
0.244291
0.29315
0.294726
0.277805
0.330312
0.273483
0.266506
0.257955
0.286683
0.298043
0.305023
0.283029
0.29493
0.300529
0.264496
0.338459
0.300569
0.270722
0.352057
0.324172
0.313547
0.28214
0.329804
0.310125
0.305945
0.252964
0.267308
0.297462
0.288949
0.310876
0.230134
0.277617
0.235473
0.426584
0.313198
0.301573
0.340561
0.258831
0.279936
0.292505
0.260532
0.339876
0.206443
0.205428
0.297981
0.31092
0.161639
0.2841
0.351717
0.327748
0.308841
0.224813
0.292295
0.254819
0.387446
0.313365
0.291049
0.2201
0.285395
0.333992
0.309393
0.240982
0.28497
0.109003
0.338232
0.301602
0.285359
0.280519
0.185463
0.442616
0.275242
0.274599
0.279115
0.29255
0.2964
0.338644
0.253787
0.264196
0.272073
0.327452
0.283023
0.291383
0.248802
0.265134
0.319358
0.286741
0.296443
0.358885
0.301922
0.245845
0.235463
0.401419
0.230879
0.293481
0.285838
0.253173
0.263382
0.237515
0.281984
0.310755
0.336806
0.276446
0.26322
0.274636
0.244797
0.250191
0.294394
0.326248
0.267646
0.366947
0.25957
0.26588
0.341197
0.275908
0.319061
0.276294
0.23336
0.259645
0.297313
0.276338
0.340302
0.242352
0.251487
0.231426
0.320892
0.308615
0.268982
0.371607
0.299687
0.342866
0.282782
0.31074
0.295179
0.27626
0.312622
0.337455
0.31652
0.281783
0.299412
0.268632
0.287632
0.36941
0.347936
0.328618
0.299434
0.294891
0.378042
0.274815
0.2886
0.241722
0.333861
0.28322
0.275166
0.339584
0.271051
0.291529
0.268343
0.257075
0.268144
0.320349
0.298965
0.276948
0.243756
0.291468
0.278036
0.268781
0.321532
0.228127
0.302295
0.296766
0.297101
0.32371
0.236756
0.278964
0.339613
0.290983
0.260823
0.246978
0.226674
0.377476
0.225
0.275537
0.317288
0.289607
0.277952
0.282306
0.284525
0.292149
0.291177
0.297718
0.355921
0.319733
0.262405
0.253578
0.271159
0.302534
0.362765
0.274611
0.254329
0.303746
0.321041
0.282751
0.240221
0.34893
0.319934
0.308888
0.307554
0.312233
0.275721
0.268913
0.271493
0.289865
0.278219
0.270835
0.307432
0.271285
0.211835
0.313475
0.263057
0.250055
0.300095
0.267531
0.292271
0.308905
0.28285
0.279997
0.287038
0.303856
0.300557
0.270875
0.279111
0.244524
0.285115
0.286247
0.265361
0.335168
0.295928
0.35844
0.32796
0.304191
0.316816
0.30126
0.269563
0.352043
0.292318
0.332739
0.291181
0.26189
0.275538
0.289525
0.31844
0.288723
0.276904
0.267623
0.284599
0.295169
0.279026
0.316207
0.257721
0.278683
0.294261
0.200512
0.328885
0.257685
0.318075
0.300975
0.33941
0.293439
0.206617
0.288285
0.27788
0.297872
0.206107
0.277495
0.359175
0.308642
0.355554
0.293994
0.242024
0.344404
0.257202
0.280629
0.247159
0.22455
0.311611
0.410594
0.266309
0.236586
0.24393
0.297497
0.209153
0.349834
0.278642
0.276143
0.242818
0.279268
0.245423
0.313374
0.258923
0.287959
0.290557
0.280797
0.319143
0.2652
0.220491
0.262638
0.264803
0.266729
0.257714
0.289496
0.320893
0.315919
0.225574
0.278891
0.378896
0.264834
0.257733
0.288551
0.275134
0.375469
0.362425
0.307362
0.252143
0.276218
0.240761
0.490125
0.301065
0.319905
0.268613
0.209612
0.286805
0.299242
0.243245
0.362923
0.267758
0.279349
0.298717
0.290291
0.268228
0.292243
0.219106
0.307973
0.332548
0.246894
0.24105
0.396496
0.303756
0.339324
0.266642
0.288857
0.265464
0.306497
0.257596
0.24764
0.275904
0.292556
0.28486
0.304547
0.260735
0.334124
0.332481
0.394773
0.291309
0.301626
0.254969
0.232966
0.207617
0.256485
0.254635
0.346205
0.294033
0.308499
0.273643
0.314162
0.347896
0.28297
0.302109
0.300348
0.288714
0.328446
0.253893
0.324022
0.291195
0.306555
0.277871
0.29564
0.320298
0.251264
0.351327
0.307067
0.287222
0.244116
0.273802
0.247647
0.328119
0.333654
0.290711
0.215801
0.290207
0.32935
0.326985
0.30277
0.347325
0.252431
0.296008
0.268415
0.222144
0.289843
0.245638
0.380029
0.295626
0.306639
0.264967
0.25322
0.280258
0.304177
0.265578
0.270649
0.270827
0.307617
0.2354
0.304516
0.273366
0.338346
0.352642
0.254555
0.339159
0.259004
0.293903
0.258209
0.327684
0.308838
0.296273
0.222021
0.277139
0.299644
0.292417
0.264668
0.245313
0.342545
0.264582
0.230105
0.327269
0.245949
0.239029
0.337815
0.256804
0.244535
0.291906
0.342617
0.279701
0.262618
0.240372
0.266399
0.32229
0.285772
0.229928
0.254494
0.33776
0.259226
0.223999
0.316783
0.26218
0.337978
0.270695
0.280583
0.228464
0.246686
0.293786
0.331472
0.301034
0.295862
0.300258
0.315097
0.224523
0.271724
0.190971
0.275438
0.286569
0.317145
0.304515
0.205316
0.302082
0.282055
0.322149
0.296922
0.257487
0.26561
0.259754
0.238752
0.300335
0.281979
0.274374
0.315288
0.399147
0.247542
0.315665
0.31146
0.274597
0.358906
0.276639
0.334992
0.284947
0.256164
0.311222
0.251164
0.301664
0.322866
0.462755
0.311151
0.288339
0.296254
0.303104
0.269071
0.300998
0.257346
0.286965
0.284914
0.314419
0.412385
0.284379
0.259737
0.292072
0.364191
0.306633
0.243618
0.271886
0.48508
0.302102
0.243365
0.362184
0.324912
0.290958
0.258737
0.332212
0.231502
0.287295
0.293993
0.267277
0.292706
0.26613
0.287869
0.282918
0.271568
0.28438
0.300847
0.256845
0.261621
0.327595
0.251846
0.322021
0.274112
0.306219
0.258343
0.330031
0.310591
0.267936
0.295885
0.307382
0.224488
0.397493
0.273914
0.240003
0.267354
0.269505
0.285891
0.327899
0.320838
0.25032
0.330239
0.283871
0.311963
0.275929
0.300499
0.296497
0.402425
0.288131
0.306308
0.269245
0.287262
0.288954
0.239777
0.285748
0.321582
0.243525
0.228487
0.282983
0.303456
0.304146
0.260094
0.423711
0.2889
0.274567
0.298992
0.278561
0.303097
0.259514
0.303422
0.275221
0.277249
0.426317
0.281379
0.282536
0.3173
0.339264
0.286301
0.244715
0.298994
0.31025
0.290348
0.274436
0.372239
0.299671
0.339878
0.210452
0.216896
0.306995
0.270026
0.330776
0.277233
0.325954
0.249731
0.26023
0.284632
0.258065
0.293068
0.2657
0.325443
0.307615
0.196745
0.28298
0.238236
0.317366
0.477847
0.306153
0.328491
0.243407
0.346874
0.285354
0.290315
0.273748
0.328134
0.276936
0.319005
0.347185
0.278578
0.319009
0.317938
0.283588
0.292122
0.290079
0.274121
0.264083
0.278673
0.276898
0.238357
0.250406
0.336158
0.31949
0.29839
0.266823
0.288745
0.294201
0.342522
0.305014
0.328838
0.349908
0.267171
0.285703
0.254513
0.275607
0.234197
0.309468
0.341729
0.240266
0.333333
0.306322
0.322393
0.291924
0.33274
0.3064
0.3074
0.2717
0.285945
0.279135
0.317778
0.274923
0.305182
0.294249
0.245256
0.268017
0.266536
0.259301
0.301618
0.304461
0.274523
0.379943
0.306604
0.319188
0.350184
0.331168
0.446591
0.329347
0.296631
0.311303
0.318624
0.228938
0.260702
0.269454
0.260942
0.355593
0.31629
0.265746
0.302988
0.304723
0.302867
0.283047
0.33232
0.303592
0.284911
0.26432
0.227531
0.342816
0.310619
0.277051
0.316022
0.256909
0.329349
0.266461
0.318437
0.245429
0.277551
0.227782
0.244003
0.295397
0.389031
0.240187
0.318299
0.215519
0.256419
0.323158
0.258947
0.297659
0.3192
0.310164
0.307551
0.240312
0.319255
0.214181
0.329223
0.255409
0.300748
0.243852
0.2819
0.332925
0.276246
0.247131
0.299
0.261293
0.315802
0.264028
0.250872
0.280777
0.282049
0.306736
0.303998
0.284856
0.303848
0.315666
0.322443
0.250093
0.351301
0.31314
0.252552
0.28857
0.361188
0.271826
0.253523
0.267869
0.315501
0.274977
0.286814
0.258018
0.276016
0.293163
0.251791
0.307494
0.253017
0.374266
0.289836
0.290384
0.258049
0.271111
0.312277
0.350554
0.273159
0.262505
0.264939
0.345571
0.245556
0.328349
0.237346
0.335639
0.317614
0.290092
0.322352
0.305791
0.310222
0.307598
0.305425
0.313922
0.31041
0.318529
0.266606
0.278452
0.377852
0.320474
0.314068
0.309646
0.280522
0.258866
0.385253
0.349619
0.213915
0.270764
0.285561
0.268109
0.267205
0.24738
0.365932
0.295994
0.309713
0.241508
0.264626
0.3914
0.264095
0.327088
0.264943
0.270607
0.302144
0.352141
0.362474
0.284416
0.306533
0.293051
0.319233
0.315776
0.380031
0.279445
0.2687
0.279723
0.262447
0.294176
0.284586
0.271244
0.380764
0.275133
0.28993
0.334674
0.310898
0.462342
0.282443
0.313991
0.248326
0.327352
0.287981
0.228862
0.284114
0.299512
0.29194
0.362208
0.257954
0.303751
0.302376
0.244625
0.265258
0.319649
0.261318
0.267304
0.249258
0.296792
0.300691
0.294683
0.315109
0.317111
0.296035
0.290483
0.336931
0.270836
0.259826
0.296856
0.229958
0.295976
0.258356
0.421067
0.276866
0.377558
0.275962
0.270178
0.289818
0.240716
0.263664
0.313892
0.28068
0.301179
0.261334
0.284861
0.337309
0.293155
0.305386
0.240033
0.301087
0.271232
0.311921
0.310101
0.297269
0.280256
0.259933
0.281199
0.311705
0.299311
0.236465
0.30821
0.283211
0.316168
0.238555
0.300597
0.310658
0.328879
0.297387
0.313944
0.249215
0.315782
0.22995
0.309804
0.268606
0.337862
0.306639
0.302643
0.277849
0.370335
0.293164
0.312303
0.26465
0.275473
0.282578
0.272567
0.317907
0.255689
0.269861
0.275595
0.243889
0.276398
0.252897
0.28138
0.271254
0.318199
0.24401
0.334163
0.360068
0.289476
0.312828
0.401701
0.341873
0.325785
0.302976
0.285062
0.278053
0.242282
0.288444
0.2354
0.276294
0.300813
0.273919
0.291999
0.274931
0.35034
0.315909
0.296516
0.275756
0.27304
0.283595
0.264581
0.336876
0.300561
0.270574
0.303425
0.296331
0.234148
0.475649
0.265058
0.254781
0.287706
0.245014
0.202611
0.24906
0.267906
0.268329
0.326046
0.298018
0.264129
0.252326
0.431337
0.269552
0.248486
0.298154
0.313223
0.32682
0.336865
0.250378
0.325763
0.253973
0.273694
0.302139
0.246676
0.291897
0.213491
0.264251
0.44894
0.400788
0.272208
0.313163
0.281758
0.214107
0.307313
0.271814
0.253447
0.305776
0.298958
0.202444
0.311873
0.272251
0.293699
0.241608
0.256602
0.297213
0.347368
0.296323
0.315469
0.309213
0.293094
0.284167
0.284588
0.304603
0.269913
0.277175
0.282451
0.27384
0.289443
0.282179
0.235072
0.269126
0.318766
0.310946
0.260219
0.261649
0.211447
0.25609
0.366932
0.282563
0.36125
0.288054
0.342399
0.299849
0.247102
0.262572
0.31139
0.255596
0.398796
0.279434
0.343713
0.282182
0.252804
0.270717
0.247341
0.276366
0.304931
0.336123
0.382233
0.246203
0.350831
0.359749
0.377086
0.267717
0.368961
0.311389
0.294622
0.304213
0.355229
0.294418
0.286685
0.298132
0.270209
0.260318
0.267204
0.246361
0.299218
0.262707
0.278879
0.314564
0.291082
0.348203
0.241035
0.294701
0.258192
0.28615
0.26826
0.277196
0.305764
0.285142
0.314172
0.2327
0.290124
0.28228
0.375955
0.308961
0.284293
0.250852
0.256953
0.307477
0.332736
0.271799
0.293269
0.282482
0.279626
0.254872
0.221399
0.300792
0.331499
0.342522
0.25386
0.320955
0.297854
0.264883
0.283307
0.314636
0.2948
0.45288
0.297172
0.320307
0.298862
0.237677
0.271786
0.289421
0.283375
0.292115
0.236301
0.282285
0.348611
0.280656
0.276551
0.267883
0.264706
0.233275
0.316862
0.225315
0.271167
0.256639
0.232729
0.290173
0.296688
0.268156
0.187711
0.421253
0.360372
0.305093
0.316836
0.334862
0.254973
0.29394
0.300948
0.288658
0.317327
0.274206
0.308515
0.25544
0.275293
0.25668
0.246496
0.265834
0.309978
0.311859
0.285063
0.30688
0.279778
0.287111
0.294216
0.262414
0.389924
0.275778
0.258558
0.245906
0.285245
0.296328
0.298716
0.309984
0.33126
0.259859
0.32066
0.323292
0.262916
0.244325
0.255496
0.31583
0.282348
0.282995
0.292188
0.319073
0.302995
0.210223
0.196771
0.246374
0.282295
0.237388
0.369999
0.259846
0.293998
0.273557
0.321434
0.267079
0.245696
0.312292
0.307078
0.286799
0.325051
0.267711
0.25888
0.301219
0.367119
0.278537
0.190935
0.313427
0.278126
0.325711
0.275594
0.240281
0.313498
0.252261
0.269616
0.29935
0.324974
0.341658
0.313459
0.338646
0.301354
0.214558
0.28326
0.352641
0.247938
0.270738
0.374504
0.320124
0.278404
0.324796
0.275338
0.251408
0.298722
0.258333
0.261254
0.292089
0.26108
0.323303
0.28108
0.29863
0.349297
0.27066
0.290971
0.360933
0.305016
0.311611
0.324862
0.328089
0.248537
0.323982
0.221309
0.341864
0.260491
0.281538
0.294983
0.265736
0.317549
0.290712
0.302042
0.344867
0.276974
0.28998
0.277669
0.295658
0.249233
0.319446
0.313357
0.321122
0.302969
0.222673
0.28029
0.30428
0.290124
0.272611
0.273099
0.286411
0.260559
0.310868
0.285904
0.310873
0.321882
0.298751
0.32385
0.246244
0.266574
0.301571
0.317551
0.312125
0.299278
0.298014
0.279388
0.265486
0.299316
0.249775
0.301345
0.269074
0.275331
0.228121
0.300263
0.340041
0.321406
0.256414
0.348304
0.244277
0.31295
0.309326
0.328008
0.314009
0.230882
0.295983
0.31871
0.379156
0.354467
0.273064
0.255863
0.309845
0.27442
0.304588
0.291413
0.278919
0.278317
0.25875
0.288941
0.277009
0.285233
0.268316
0.294728
0.257898
0.309121
0.297125
0.328893
0.310478
0.300948
0.310449
0.313364
0.350478
0.285284
0.313283
0.211014
0.29852
0.33156
0.266557
0.368717
0.312771
0.286089
0.320646
0.274806
0.279702
0.268107
0.195106
0.309864
0.292181
0.272348
0.30712
0.269456
0.218268
0.268025
0.260515
0.323219
0.383464
0.32281
0.210274
0.268369
0.430719
0.233704
0.260383
0.255103
0.341531
0.262454
0.289113
0.280043
0.282662
0.214957
0.375111
0.261651
0.3188
0.320718
0.264973
0.273493
0.279772
0.296001
0.343883
0.223189
0.247435
0.31883
0.241489
0.277386
0.260332
0.265571
0.262967
0.2605
0.284904
0.317267
0.286494
0.287092
0.273106
0.292781
0.283029
0.324314
0.313169
0.326346
0.373449
0.369942
0.310024
0.333359
0.297613
0.295731
0.308605
0.265707
0.276282
0.223306
0.268945
0.333451
0.367384
0.35807
0.309733
0.289113
0.306652
0.253581
0.290776
0.252531
0.307061
0.230852
0.349991
0.26943
0.313339
0.330517
0.268501
0.272496
0.376504
0.281881
0.274223
0.345727
0.275509
0.25809
0.284115
0.242861
0.25571
0.282017
0.359118
0.314116
0.384421
0.237891
0.257586
0.279865
0.272752
0.320099
0.268316
0.260726
0.303498
0.280811
0.273195
0.303706
0.340953
0.250431
0.289817
0.318764
0.25385
0.275051
0.274575
0.30071
0.24522
0.242949
0.288329
0.301203
0.347282
0.266016
0.274631
0.26655
0.265728
0.323921
0.312112
0.213252
0.283311
0.249708
0.32408
0.272565
0.229001
0.319915
0.250865
0.301409
0.372295
0.289763
0.360365
0.345182
0.273266
0.32617
0.307724
0.29092
0.257522
0.256795
0.265444
0.268426
0.268601
0.292337
0.259824
0.308519
0.273058
0.32394
0.332953
0.328531
0.291152
0.276775
0.317427
0.285654
0.312181
0.267958
0.316019
0.353427
0.281219
0.301558
0.304414
0.314683
0.305405
0.246271
0.305113
0.279592
0.32635
0.287371
0.30832
0.298783
0.262677
0.290169
0.293856
0.291626
0.364221
0.295776
0.286159
0.271452
0.354042
0.216585
0.264169
0.321273
0.256695
0.317263
0.365147
0.268172
0.331399
0.305998
0.29879
0.236963
0.305231
0.291164
0.251133
0.300539
0.336797
0.289487
0.256974
0.272349
0.268989
0.257979
0.360382
0.255703
0.307534
0.266177
0.262789
0.41763
0.246
0.275679
0.302645
0.279954
0.30494
0.351923
0.266225
0.215255
0.241301
0.27536
0.325726
0.21504
0.520559
0.289054
0.345805
0.314136
0.314506
0.279479
0.281914
0.305031
0.283592
0.268145
0.258076
0.406137
0.299473
0.295765
0.381875
0.305658
0.218481
0.290977
0.285014
0.207537
0.30118
0.29889
0.30848
0.320532
0.245589
0.29546
0.25603
0.329205
0.246285
0.256202
0.290787
0.246695
0.241226
0.274598
0.295285
0.277621
0.348142
0.320642
0.253779
0.336582
0.211273
0.293672
0.333237
0.304218
0.259109
0.317162
0.244119
0.261158
0.244683
0.305437
0.334448
0.248963
0.311194
0.329912
0.294477
0.24958
0.241799
0.249762
0.287558
0.2955
0.236848
0.294322
0.309652
0.309452
0.295526
0.367954
0.261792
0.297608
0.315959
0.275409
0.300116
0.362388
0.231137
0.289826
0.358023
0.237336
0.260847
0.302634
0.345886
0.295814
0.284105
0.269456
0.279735
0.301448
0.313835
0.260946
0.32432
0.369303
0.280143
0.281335
0.276621
0.259117
0.247968
0.235294
0.328455
0.273191
0.345722
0.315159
0.271473
0.319581
0.244494
0.251956
0.382887
0.283539
0.274069
0.275157
0.300309
0.299075
0.369038
0.270799
0.273158
0.233797
0.247495
0.359827
0.259354
0.310277
0.311809
0.294816
0.265009
0.254166
0.280894
0.28261
0.309316
0.269322
0.352571
0.260147
0.281665
0.258512
0.303593
0.352132
0.237933
0.262599
0.315572
0.21788
0.27536
0.248025
0.252799
0.257544
0.295682
0.290899
0.312724
0.343806
0.271744
0.264619
0.282328
0.328285
0.242649
0.311726
0.27686
0.288376
0.323167
0.357882
0.248611
0.280716
0.355743
0.259948
0.297431
0.242819
0.228874
0.29042
0.302914
0.28369
0.313121
0.330714
0.350992
0.278052
0.331875
0.265189
0.296687
0.309891
0.314119
0.298483
0.346108
0.358208
0.231474
0.241192
0.238894
0.278484
0.336388
0.332274
0.295204
0.34811
0.290193
0.257307
0.295289
0.258167
0.26591
0.314148
0.253837
0.300715
0.275707
0.329079
0.305749
0.283942
0.296807
0.282574
0.265972
0.2619
0.285494
0.311951
0.305016
0.284053
0.316002
0.477899
0.238641
0.31421
0.236936
0.269959
0.249241
0.25939
0.33665
0.406915
0.292661
0.236691
0.29622
0.293538
0.283787
0.307783
0.273804
0.268062
0.309015
0.294649
0.276088
0.269537
0.321763
0.259108
0.265882
0.255491
0.268107
0.281174
0.2188
0.360684
0.28729
0.31682
0.311583
0.26784
0.262469
0.292282
0.247411
0.272548
0.24554
0.242857
0.341773
0.295058
0.402774
0.297032
0.336847
0.301555
0.223342
0.304936
0.358994
0.323844
0.290689
0.281584
0.264988
0.288752
0.243592
0.273477
0.288087
0.297301
0.306783
0.292446
0.293508
0.353111
0.343975
0.282135
0.282782
0.36732
0.393879
0.31485
0.277574
0.238377
0.27907
0.279162
0.148679
0.271487
0.214254
0.239926
0.314296
0.313925
0.185927
0.258238
0.315789
0.313215
0.299081
0.306026
0.24475
0.288587
0.29313
0.281021
0.268107
0.293701
0.300876
0.318216
0.28858
0.313239
0.266227
0.279405
0.277305
0.193291
0.308101
0.261656
0.306856
0.305809
0.261524
0.324571
0.280941
0.254598
0.281043
0.325077
0.312626
0.324187
0.301814
0.326547
0.283652
0.267336
0.256195
0.262448
0.275128
0.304712
0.284219
0.337844
0.271675
0.267496
0.272134
0.269878
0.310191
0.218514
0.3016
0.2281
0.233481
0.309479
0.25664
0.300939
0.275708
0.337689
0.304286
0.262858
0.451278
0.176931
0.366256
0.287459
0.337021
0.26032
0.246369
0.275047
0.166744
0.30169
0.259082
0.306285
0.27946
0.313928
0.28325
0.289084
0.309002
0.283113
0.263553
0.258879
0.23782
0.266379
0.245304
0.377404
0.343177
0.305112
0.245909
0.249777
0.253296
0.301168
0.298042
0.346505
0.313538
0.250979
0.31969
0.317487
0.256474
0.300292
0.340797
0.318859
0.305047
0.288226
0.221179
0.25492
0.321037
0.315496
0.30459
0.249475
0.345225
0.276764
0.285816
0.293378
0.297817
0.285172
0.293486
0.275791
0.251868
0.220084
0.23266
0.323985
0.277259
0.258272
0.28535
0.255347
0.259571
0.257738
0.295446
0.232294
0.287891
0.27388
0.282673
0.251565
0.314528
0.371011
0.227776
0.254113
0.283219
0.25607
0.282802
0.358561
0.282163
0.262806
0.335898
0.248276
0.314845
0.326671
0.357485
0.28018
0.30113
0.272168
0.228561
0.29898
0.246558
0.344895
0.249112
0.310463
0.26055
0.311333
0.280844
0.28133
0.246307
0.296296
0.342383
0.244519
0.277283
0.284581
0.264013
0.312597
0.324427
0.269627
0.295282
0.250259
0.255678
0.284843
0.292483
0.281631
0.274632
0.265988
0.259362
0.330908
0.305595
0.28356
0.257857
0.36019
0.304984
0.243479
0.363476
0.327045
0.255152
0.26938
0.239132
0.287603
0.289563
0.286851
0.295765
0.27659
0.291013
0.222214
0.239139
0.275771
0.241277
0.285527
0.252521
0.343408
0.277278
0.314108
0.313225
0.287149
0.277785
0.375028
0.233121
0.227883
0.304391
0.292928
0.33687
0.277617
0.383757
0.324648
0.272133
0.315121
0.277965
0.265648
0.34535
0.280719
0.25677
0.276579
0.261956
0.273286
0.265901
0.289513
0.252917
0.253584
0.312421
0.214435
0.309409
0.281013
0.272764
0.29541
0.382289
0.274325
0.312976
0.357842
0.313179
0.237577
0.208282
0.223801
0.277366
0.289405
0.271736
0.330736
0.254266
0.217075
0.276242
0.296716
0.197489
0.255964
0.248509
0.260039
0.363016
0.264081
0.260578
0.279083
0.345046
0.324276
0.282235
0.254756
0.293571
0.221318
0.307455
0.298678
0.29751
0.226764
0.276307
0.402416
0.285108
0.274293
0.336433
0.300594
0.241623
0.393919
0.292945
0.245379
0.238749
0.277909
0.28211
0.326353
0.343214
0.269883
0.284089
0.241855
0.351862
0.292892
0.278791
0.296302
0.273137
0.236448
0.321739
0.281568
0.303672
0.283852
0.223552
0.229857
0.265942
0.276445
0.285955
0.292206
0.405981
0.317038
0.258409
0.278515
0.297999
0.240852
0.27867
0.254704
0.305472
0.429963
0.240645
0.32902
0.309269
0.362252
0.232041
0.309535
0.265833
0.270925
0.310164
0.282763
0.283272
0.345786
0.275852
0.219658
0.258885
0.245856
0.345555
0.239433
0.287472
0.291705
0.315218
0.256508
0.301065
0.253203
0.272299
0.309919
0.31391
0.269392
0.253913
0.270916
0.304438
0.31629
0.284807
0.292035
0.25464
0.326094
0.284941
0.319492
0.293254
0.289798
0.386421
0.295396
0.338275
0.256303
0.272627
0.27259
0.296719
0.299796
0.278276
0.309631
0.256853
0.293294
0.363784
0.384068
0.357728
0.23896
0.293345
0.283368
0.262244
0.305455
0.280477
0.29576
0.286067
0.327856
0.25867
0.283446
0.248744
0.252462
0.346447
0.309336
0.385039
0.331124
0.25
0.266267
0.30117
0.284279
0.30224
0.260278
0.28344
0.312381
0.261339
0.321558
0.266751
0.302975
0.280759
0.26469
0.294184
0.321571
0.2429
0.308912
0.212058
0.28989
0.260631
0.245135
0.326718
0.285292
0.241529
0.258317
0.25534
0.252432
0.278576
0.343184
0.268571
0.304827
0.406555
0.276123
0.315012
0.270429
0.328638
0.274767
0.292008
0.22799
0.289597
0.268662
0.289196
0.232314
0.26928
0.288429
0.271465
0.262554
0.25759
0.283375
0.299468
0.292983
0.322429
0.261084
0.286196
0.307997
0.188075
0.293581
0.295223
0.285787
0.252777
0.278589
0.270439
0.281758
0.302337
0.224606
0.240673
0.335193
0.329977
0.264316
0.297488
0.309638
0.32472
0.32198
0.28868
0.284675
0.388745
0.31666
0.347591
0.358636
0.259292
0.295111
0.303134
0.260434
0.226835
0.293358
0.325728
0.348949
0.313117
0.278096
0.275933
0.287172
0.359905
0.282037
0.28095
0.36485
0.275764
0.30558
0.308414
0.254867
0.301619
0.223211
0.241439
0.272895
0.313005
0.370669
0.233622
0.267655
0.306269
0.253616
0.334403
0.281519
0.314589
0.433635
0.310968
0.323692
0.318564
0.302462
0.281537
0.259485
0.313506
0.261964
0.261083
0.254423
0.313237
0.260238
0.270887
0.221493
0.312094
0.285611
0.271343
0.309794
0.28482
0.244824
0.301237
0.265733
0.370683
0.274723
0.257557
0.253753
0.279106
0.256109
0.283011
0.296832
0.342745
0.419177
0.271092
0.310164
0.352985
0.257107
0.252325
0.303312
0.269758
0.265029
0.258776
0.306701
0.249094
0.289804
0.288138
0.31852
0.281614
0.283415
0.24335
0.321979
0.259303
0.304057
0.270782
0.304569
0.276424
0.236398
0.387579
0.24397
0.336876
0.384996
0.334641
0.272768
0.293939
0.26546
0.332196
0.31538
0.316218
0.300213
0.311086
0.183647
0.282249
0.236913
0.259308
0.310348
0.265003
0.271749
0.248191
0.24047
0.388484
0.250346
0.275322
0.290141
0.320878
0.374103
0.286226
0.381872
0.355288
0.282007
0.230295
0.257046
0.270852
0.305434
0.307064
0.368259
0.272244
0.235165
0.288821
0.28323
0.314776
0.328256
0.296789
0.64492
0.306447
0.28812
0.324903
0.276749
0.366338
0.215218
0.281054
0.322558
0.182982
0.225858
0.265807
0.307374
0.251433
0.309598
0.300425
0.292852
0.318153
0.342159
0.338708
0.172264
0.320287
0.330263
0.2558
0.256119
0.216271
0.220219
0.284283
0.27508
0.25058
0.250168
0.263439
0.283736
0.257325
0.303095
0.29592
0.282763
0.293872
0.333503
0.294173
0.195986
0.272734
0.178395
0.285828
0.281953
0.265694
0.217086
0.293193
0.309447
0.247347
0.240903
0.277521
0.440139
0.278662
0.300654
0.278762
0.242848
0.338207
0.250797
0.321328
0.266996
0.193618
0.262235
0.251306
0.276571
0.323311
0.342786
0.282287
0.280814
0.467103
0.227098
0.299743
0.289233
0.326647
0.234923
0.253024
0.276886
0.24004
0.265289
0.249671
0.299449
0.360069
0.17846
0.246032
0.280107
0.336331
0.269841
0.384609
0.302548
0.280819
0.301377
0.29455
0.297237
0.321736
0.267709
0.302242
0.259167
0.393333
0.263975
0.335633
0.156531
0.368633
0.293802
0.28985
0.216004
0.339962
0.242304
0.262991
0.399251
0.311243
0.322767
0.284839
0.345934
0.246296
0.258021
0.253738
0.289827
0.275586
0.303799
0.292584
0.257473
0.207095
0.376332
0.189912
0.300514
0.286134
0.402911
0.297839
0.300365
0.255693
0.279874
0.260876
0.371365
0.267467
0.27309
0.261956
0.290652
0.321666
0.285922
0.240518
0.218045
0.301417
0.30654
0.315873
0.281573
0.342072
0.288903
0.272663
0.315623
0.277647
0.301314
0.29383
0.283004
0.23056
0.319958
0.301459
0.256971
0.287578
0.318762
0.273016
0.269871
0.265275
0.306843
0.288314
0.302497
0.228458
0.321156
0.322997
0.263
0.324045
0.338421
0.29695
0.302867
0.313734
0.247339
0.265265
0.326977
0.422858
0.26257
0.309714
0.321317
0.316864
0.294409
0.297536
0.249855
0.339734
0.306332
0.262171
0.315464
0.240732
0.252411
0.291018
0.294993
0.291164
0.253759
0.281963
0.368015
0.287286
0.31592
0.299057
0.281118
0.325373
0.298085
0.259816
0.290625
0.327583
0.194113
0.272553
0.30971
0.275665
0.284968
0.337305
0.25689
0.415502
0.293357
0.33796
0.303792
0.25447
0.276634
0.332366
0.234784
0.238956
0.322007
0.297387
0.275499
0.326424
0.309467
0.358723
0.290217
0.320192
0.181868
0.255417
0.277571
0.366839
0.306628
0.349
0.305916
0.213514
0.251476
0.269174
0.280372
0.25814
0.268226
0.268531
0.331954
0.270169
0.281521
0.273296
0.30736
0.29891
0.332304
0.290139
0.313989
0.282586
0.295149
0.281483
0.33712
0.310005
0.307525
0.289488
0.328488
0.237246
0.29204
0.267773
0.25428
0.280532
0.2895
0.287291
0.377871
0.348291
0.246542
0.312029
0.315336
0.326207
0.327344
0.269722
0.302293
0.277267
0.327986
0.28899
0.192637
0.26874
0.28871
0.354642
0.286573
0.312401
0.244984
0.282388
0.309053
0.287685
0.256955
0.25081
0.280553
0.284222
0.291476
0.29469
0.284357
0.277048
0.250367
0.278221
0.225295
0.375589
0.27963
0.242795
0.332197
0.224474
0.269864
0.301865
0.307301
0.260523
0.280471
0.2884
0.312564
0.270928
0.27355
0.290061
0.318889
0.240162
0.277468
0.278769
0.263324
0.331433
0.258587
0.356101
0.339716
0.316985
0.28906
0.221797
0.239273
0.28416
0.2787
0.27334
0.241641
0.281698
0.305288
0.321437
0.25156
0.253993
0.272378
0.252921
0.355535
0.414684
0.282697
0.605307
0.286585
0.345146
0.25186
0.269593
0.299667
0.312455
0.327966
0.212887
0.24993
0.274525
0.307205
0.265999
0.233473
0.262901
0.214931
0.256569
0.251981
0.277278
0.166644
0.251608
0.382721
0.253169
0.343808
0.296167
0.287279
0.282343
0.262453
0.244015
0.318873
0.224082
0.31523
0.299951
0.371999
0.307729
0.368697
0.3107
0.360192
0.355679
0.362526
0.278709
0.273075
0.291836
0.230937
0.258188
0.286417
0.181818
0.305123
0.246978
0.342416
0.275539
0.234906
0.216817
0.278229
0.277091
0.325588
0.285207
0.252098
0.284206
0.306764
0.316812
0.35721
0.252133
0.291749
0.306814
0.273115
0.365531
0.275932
0.248306
0.259208
0.306576
0.301712
0.356302
0.282044
0.256076
0.195507
0.249697
0.29152
0.343242
0.325777
0.297958
0.293973
0.252623
0.293371
0.285108
0.18544
0.286839
0.208368
0.274442
0.296183
0.288077
0.296735
0.241365
0.353136
0.324289
0.256965
0.216518
0.28671
0.336378
0.274632
0.298731
0.218804
0.318253
0.274612
0.279394
0.302989
0.267914
0.331792
0.274916
0.255421
0.316222
0.231152
0.337304
0.38501
0.273865
0.252835
0.257284
0.284948
0.266316
0.242038
0.287599
0.194008
0.299346
0.251645
0.316373
0.339946
0.284663
0.277218
0.26856
0.214552
0.339485
0.296015
0.276255
0.292042
0.237701
0.251247
0.286811
0.294039
0.294678
0.297501
0.293194
0.289701
0.285372
0.302924
0.290974
0.229735
0.25643
0.301999
0.255562
0.283389
0.301229
0.328709
0.202
0.287162
0.262156
0.26411
0.246809
0.28927
0.305026
0.301201
0.266981
