0.325913
0.241399
0.279207
0.236427
0.252257
0.212049
0.289865
0.247563
0.26224
0.324405
0.304344
0.254214
0.266567
0.290364
0.279522
0.288067
0.30138
0.250653
0.259127
0.266258
0.286595
0.246854
0.248481
0.2819
0.281354
0.259945
0.260811
0.264389
0.244314
0.290198
0.274362
0.277052
0.277516
0.261219
0.257532
0.272682
0.245829
0.282026
0.263334
0.253709
0.268577
0.324796
0.255143
0.251432
0.265296
0.225712
0.244908
0.254589
0.299982
0.262519
0.292611
0.246762
0.279426
0.29464
0.269446
0.308884
0.297167
0.291059
0.273432
0.298108
0.256484
0.278946
0.254346
0.278224
0.218111
0.239343
0.267139
0.208433
0.299194
0.281387
0.253946
0.264452
0.237688
0.268268
0.275165
0.244136
0.259849
0.253753
0.278641
0.301359
0.255525
0.251063
0.264904
0.324876
0.272765
0.27195
0.3145
0.35243
0.286726
0.273826
0.248734
0.231142
0.280636
0.221635
0.293222
0.276257
0.23945
0.273728
0.267094
0.245852
0.254111
0.245824
0.260222
0.296249
0.236292
0.256185
0.333075
0.250839
0.212956
0.24284
0.265999
0.302139
0.298194
0.310314
0.290073
0.291916
0.234624
0.274718
0.246911
0.284245
0.269047
0.277991
0.281762
0.247977
0.242346
0.231483
0.263116
0.24943
0.283341
0.279736
0.266873
0.239035
0.269816
0.300843
0.310859
0.273995
0.284636
0.274865
0.314724
0.295887
0.252985
0.298907
0.261511
0.252621
0.251853
0.276152
0.225701
0.287766
0.277569
0.291089
0.266901
0.232798
0.221379
0.259195
0.311685
0.255094
0.270322
0.264161
0.244736
0.254515
0.224971
0.272548
0.250749
0.240684
0.297932
0.286763
0.26974
0.278851
0.22996
0.244543
0.260278
0.246814
0.268333
0.205302
0.253219
0.265703
0.311478
0.312144
0.389436
0.275374
0.29441
0.300549
0.364708
0.276681
0.274712
0.244462
0.254241
0.311326
0.296021
0.293533
0.24326
0.297637
0.301078
0.272886
0.253072
0.252775
0.275831
0.317277
0.252726
0.2605
0.235023
0.248539
0.221742
0.296866
0.230186
0.271313
0.25046
0.207772
0.273044
0.287249
0.286493
0.265181
0.316671
0.275122
0.296384
0.266751
0.265081
0.291829
0.258745
0.239187
0.278087
0.298778
0.272619
0.272084
0.260554
0.274271
0.269047
0.300863
0.307791
0.209518
0.222807
0.224897
0.279466
0.207032
0.283973
0.198084
0.282518
0.216186
0.230432
0.280461
0.229646
0.288543
0.218867
0.263111
0.234339
0.306474
0.255279
0.310776
0.300716
0.229736
0.271008
0.26732
0.228766
0.200161
0.273969
0.254899
0.310699
0.369274
0.26233
0.24132
0.327877
0.296857
0.279987
0.340644
0.241906
0.278217
0.265692
0.2811
0.280495
0.271013
0.30598
0.230384
0.302714
0.290149
0.294809
0.23348
0.239268
0.284338
0.257578
0.260317
0.32709
0.273114
0.393428
0.335216
0.254415
0.257923
0.270293
0.237063
0.277443
0.28225
0.278551
0.302528
0.258503
0.281755
0.285841
0.303811
0.275197
0.262633
0.260339
0.295458
0.290143
0.269685
0.273785
0.261893
0.484011
0.225625
0.204767
0.288734
0.302824
0.248428
0.246825
0.289318
0.250281
0.272822
0.236484
0.273642
0.264672
0.299012
0.275126
0.253232
0.263179
0.261897
0.332072
0.279045
0.342177
0.274675
0.341856
0.219946
0.269707
0.262856
0.262435
0.265684
0.371803
0.266278
0.281946
0.23788
0.245537
0.360285
0.231974
0.278668
0.285298
0.251058
0.247078
0.353276
0.31374
0.279649
0.278989
0.266408
0.258735
0.291805
0.2581
0.265762
0.268704
0.330135
0.253687
0.268516
0.289469
0.220422
0.373668
0.294954
0.258462
0.286566
0.299689
0.249584
0.227112
0.24197
0.233491
0.259093
0.294731
0.273391
0.268108
0.316142
0.28368
0.272428
0.243604
0.257639
0.30557
0.295193
0.252955
0.289062
0.268814
0.346291
0.277609
0.265836
0.233177
0.274355
0.277832
0.252576
0.277007
0.274953
0.252126
0.253293
0.286733
0.23945
0.238134
0.286035
0.22898
0.299941
0.229784
0.302399
0.221499
0.273097
0.222183
0.277943
0.2763
0.256549
0.330188
0.277542
0.225415
0.290437
0.304204
0.240088
0.266375
0.248178
0.284967
0.238755
0.273043
0.242665
0.249671
0.219387
0.305466
0.306979
0.210279
0.24863
0.251299
0.271174
0.283947
0.239432
0.332219
0.297631
0.212432
0.31214
0.222188
0.273077
0.291291
0.243959
0.262941
0.219967
0.254098
0.240335
0.263221
0.229696
0.29985
0.214656
0.2764
0.299407
0.281464
0.331391
0.190958
0.299731
0.29685
0.253427
0.257289
0.254331
0.213795
0.263332
0.222063
0.32472
0.244373
0.212031
0.289179
0.325591
0.255081
0.281051
0.287523
0.312525
0.292471
0.276409
0.233911
0.324773
0.339457
0.256118
0.24741
0.239695
0.209877
0.261757
0.274723
0.313441
0.225963
0.263794
0.298106
0.364563
0.276983
0.374019
0.276701
0.288821
0.229264
0.270676
0.231959
0.287643
0.291254
0.277581
0.257179
0.245061
0.263901
0.324048
0.251156
0.157577
0.292795
0.239092
0.261407
0.380033
0.286378
0.293966
0.293733
0.365511
0.222506
0.298535
0.259156
0.295771
0.318606
0.232491
0.31272
0.261248
0.268862
0.264145
0.299185
0.269632
0.244275
0.386434
0.280054
0.261338
0.294354
0.195193
0.272021
0.289023
0.278665
0.292936
0.25564
0.261996
0.372544
0.260905
0.212278
0.26324
0.269698
0.268354
0.279442
0.277791
0.234173
0.270999
0.263218
0.273951
0.256913
0.25828
0.282864
0.256536
0.431234
0.314939
0.187996
0.249475
0.270275
0.294278
0.31989
0.309885
0.298025
0.235269
0.24152
0.153335
0.209334
0.246653
0.279142
0.314534
0.279212
0.271303
0.252092
0.348735
0.23745
0.280194
0.274418
0.264163
0.249293
0.265562
0.23582
0.273187
0.266942
0.238454
0.29167
0.237576
0.233739
0.216476
0.289979
0.256142
0.281413
0.300254
0.22871
0.364058
0.290737
0.275226
0.331809
0.247877
0.300383
0.367462
0.278068
0.26041
0.298062
0.277572
0.264891
0.262237
0.26021
0.277556
0.269596
0.288419
0.271093
0.304001
0.267558
0.276894
0.29805
0.269487
0.249791
0.394701
0.284998
0.241631
0.300111
0.267031
0.270017
0.293993
0.264115
0.278574
0.272291
0.219873
0.214623
0.2757
0.284005
0.207997
0.266822
0.193337
0.242158
0.266855
0.354009
0.249599
0.330309
0.254291
0.343323
0.272721
0.287275
0.245258
0.228691
0.329584
0.250938
0.269461
0.278859
0.269419
0.317438
0.25636
0.249015
0.304571
0.268496
0.259771
0.263394
0.215545
0.295476
0.234961
0.289539
0.227737
0.306017
0.281863
0.279598
0.296269
0.27324
0.291919
0.29626
0.280554
0.344057
0.289687
0.3044
0.265104
0.247597
0.280132
0.305257
0.270301
0.291251
0.292646
0.266131
0.281715
0.25859
0.2629
0.274409
0.271763
0.250177
0.299478
0.276082
0.259719
0.283298
0.294337
0.23008
0.300018
0.294853
0.377945
0.221896
0.259179
0.287591
0.263918
0.275921
0.311422
0.275187
0.279579
0.287079
0.262429
0.239782
0.239166
0.263732
0.291692
0.305813
0.295367
0.282951
0.277708
0.27398
0.433787
0.268244
0.334522
0.253615
0.300416
0.285505
0.285724
0.273499
0.24168
0.328564
0.295189
0.291047
0.321259
0.337122
0.369032
0.259322
0.26846
0.267737
0.239944
0.261053
0.252417
0.264052
0.301863
0.276887
0.325941
0.322797
0.258129
0.240043
0.2664
0.218607
0.32567
0.272187
0.337335
0.255424
0.259341
0.299097
0.265836
0.265848
0.278395
0.297393
0.250524
0.292432
0.249937
0.240033
0.27533
0.269425
0.291566
0.254403
0.303716
0.221095
0.27216
0.281357
0.255564
0.300328
0.281485
0.339512
0.317394
0.278268
0.233362
0.308978
0.257383
0.298142
0.213899
0.237668
0.318435
0.232444
0.26042
0.271947
0.295298
0.219601
0.216905
0.26585
0.293743
0.259262
0.203844
0.313263
0.271323
0.259594
0.324159
0.294014
0.301503
0.255735
0.267208
0.288933
0.265632
0.267893
0.261713
0.283992
0.328414
0.322978
0.237914
0.298915
0.294529
0.253336
0.191261
0.268389
0.307486
0.297383
0.244147
0.293015
0.272282
0.244637
0.256634
0.195049
0.444031
0.269717
0.269
0.264765
0.283103
0.294067
0.235094
0.233186
0.25986
0.298448
0.235479
0.271222
0.214579
0.246627
0.255695
0.294602
0.287041
0.265995
0.269929
0.260186
0.258005
0.270792
0.262282
0.305645
0.236247
0.253156
0.264745
0.232343
0.197304
0.281582
0.237073
0.300413
0.246356
0.27234
0.270084
0.320198
0.339609
0.260591
0.283387
0.315167
0.265755
0.293317
0.265373
0.293667
0.313333
0.293252
0.247144
0.229738
0.289641
0.282287
0.300905
0.298365
0.294574
0.276297
0.320777
0.271423
0.239055
0.265837
0.26543
0.261503
0.263443
0.334159
0.277072
0.324446
0.30517
0.252827
0.309023
0.282863
0.262995
0.275138
0.26534
0.279778
0.206614
0.229686
0.289061
0.296568
0.244065
0.311854
0.35926
0.229218
0.229812
0.251655
0.281348
0.271389
0.26149
0.296549
0.257111
0.298828
0.270864
0.271592
0.295872
0.249444
0.30259
0.326841
0.243962
0.206652
0.244498
0.261235
0.291519
0.268603
0.285692
0.31218
0.346611
0.278149
0.251782
0.278041
0.261235
0.281561
0.262117
0.237885
0.241974
0.229526
0.298542
0.201632
0.246806
0.238566
0.28719
0.341171
0.368123
0.303796
0.280527
0.194402
0.276792
0.26089
0.284255
0.270097
0.236148
0.302063
0.212673
0.273323
0.264244
0.202237
0.288777
0.238412
0.373661
0.236967
0.411581
0.313714
0.25593
0.275271
0.284251
0.254655
0.281986
0.299092
0.280513
0.266695
0.260487
0.246767
0.22133
0.245186
0.253736
0.284132
0.303279
0.287245
0.277553
0.351089
0.231659
0.269419
0.262875
0.258192
0.29325
0.306949
0.260735
0.271115
0.26661
0.258062
0.27064
0.277275
0.256717
0.295729
0.270105
0.2709
0.26541
0.245267
0.262066
0.265794
0.358169
0.277929
0.283017
0.247315
0.265448
0.293425
0.25561
0.252338
0.346214
0.278189
0.24301
0.268815
0.325874
0.272953
0.255212
0.299425
0.272842
0.299304
0.242372
0.251541
0.260657
0.247327
0.227203
0.236437
0.23953
0.318032
0.298421
0.290377
0.253432
0.249833
0.27953
0.236222
0.311129
0.298962
0.251904
0.276177
0.283343
0.260294
0.276309
0.265073
0.231874
0.365245
0.29255
0.247232
0.307772
0.27249
0.317368
0.293275
0.283005
0.284695
0.264748
0.289166
0.276288
0.210193
0.271722
0.236766
0.248096
0.294152
0.281144
0.250273
0.304005
0.283428
0.3237
0.20362
0.223093
0.277979
0.296683
0.317481
0.260519
0.247125
0.299719
0.253293
0.262691
0.257633
0.242621
0.326598
0.321602
0.299094
0.263419
0.294501
0.312734
0.283757
0.301639
0.28562
0.346739
0.288227
0.34951
0.262389
0.316598
0.283109
0.264415
0.279341
0.292205
0.235675
0.225352
0.261091
0.253678
0.259911
0.242474
0.26873
0.282321
0.271247
0.282288
0.260991
0.261715
0.29002
0.264079
0.302687
0.282627
0.256974
0.258451
0.301244
0.323475
0.269205
0.444342
0.247578
0.293402
0.318743
0.264023
0.252424
0.279575
0.277215
0.271329
0.284487
0.281835
0.319727
0.250411
0.260754
0.298619
0.232478
0.327217
0.286798
0.269136
0.227954
0.236104
0.254154
0.25796
0.274825
0.299492
0.23046
0.278475
0.281472
0.255615
0.320264
0.274978
0.291383
0.24073
0.31512
0.308554
0.259195
0.295025
0.27094
0.305417
0.281323
0.199568
0.250465
0.240339
0.22512
0.244832
0.24901
0.285864
0.303174
0.277285
0.26032
0.257738
0.270019
0.283591
0.275513
0.315595
0.290192
0.157031
0.303686
0.292931
0.30447
0.406992
0.269597
0.253927
0.26315
0.307763
0.28838
0.23868
0.254693
0.318932
0.314884
0.269186
0.323835
0.264581
0.277597
0.279019
0.267256
0.263513
0.290818
0.284226
0.266121
0.279433
0.303695
0.21673
0.250684
0.314923
0.309662
0.308099
0.277893
0.24947
0.302711
0.262442
0.220711
0.300366
0.284266
0.313718
0.272289
0.269474
0.273757
0.246694
0.299481
0.224223
0.321689
0.25899
0.318824
0.267616
0.326445
0.240452
0.246512
0.254823
0.272677
0.26349
0.257525
0.257971
0.205887
0.279696
0.239965
0.257912
0.254271
0.219994
0.261488
0.272168
0.263884
0.284804
0.305551
0.279654
0.270164
0.338257
0.289423
0.216837
0.294366
0.287546
0.279543
0.301846
0.235536
0.269815
0.265656
0.253454
0.342936
0.229944
0.262994
0.25937
0.282609
0.219314
0.257065
0.406484
0.248328
0.26949
0.280722
0.254555
0.249753
0.363885
0.255726
0.291877
0.271073
0.266433
0.258854
0.324401
0.240173
0.277667
0.271903
0.20087
0.331801
0.310362
0.285474
0.26976
0.236929
0.249404
0.27705
0.27389
0.275286
0.289698
0.308977
0.290547
0.247386
0.292247
0.256907
0.279988
0.272488
0.260118
0.271652
0.263478
0.377751
0.301157
0.371335
0.250221
0.232992
0.212089
0.265115
0.283098
0.278955
0.27024
0.309414
0.250682
0.24234
0.196263
0.255321
0.305475
0.249379
0.263162
0.272475
0.265807
0.326425
0.213231
0.259669
0.298772
0.288481
0.3126
0.301869
0.309342
0.257694
0.242426
0.260437
0.242705
0.279457
0.23666
0.245642
0.26074
0.277697
0.286185
0.346811
0.232103
0.295414
0.249439
0.291316
0.216248
0.229229
0.270869
0.236073
0.255046
0.254345
0.304918
0.274144
0.253129
0.321456
0.298503
0.264726
0.259397
0.257036
0.281724
0.308205
0.283479
0.282711
0.247275
0.246122
0.305882
0.288555
0.25699
0.241435
0.305076
0.255359
0.221815
0.285294
0.303638
0.322691
0.299492
0.299458
0.24862
0.259382
0.290482
0.277126
0.265243
0.313741
0.272851
0.277338
0.15519
0.306559
0.300171
0.239113
0.270652
0.301004
0.301158
0.217204
0.293531
0.272462
0.234016
0.293327
0.23845
0.214428
0.23767
0.255319
0.233781
0.276531
0.2165
0.256268
0.227762
0.307816
0.284617
0.291606
0.261504
0.276463
0.258475
0.289317
0.287521
0.26133
0.27219
0.31669
0.293944
0.243776
0.345378
0.326948
0.30788
0.187988
0.298712
0.30728
0.274798
0.221208
0.283311
0.290755
0.268978
0.253693
0.261676
0.270601
0.261654
0.275851
0.279194
0.304054
0.236258
0.260276
0.324908
0.292533
0.315962
0.314948
0.371853
0.285176
0.295235
0.302895
0.307848
0.293693
0.194912
0.295478
0.267356
0.292253
0.248891
0.267461
0.292999
0.2799
0.310215
0.287897
0.273811
0.259549
0.287329
0.264627
0.257439
0.32024
0.27911
0.25422
0.284847
0.275045
0.293831
0.285962
0.308877
0.273858
0.250863
0.234756
0.256093
0.295764
0.276387
0.251583
0.252148
0.255016
0.263783
0.270215
0.311882
0.251554
0.250823
0.292342
0.248883
0.300844
0.307966
0.262773
0.268438
0.287868
0.365226
0.287398
0.261393
0.28656
0.324989
0.275768
0.258116
0.337889
0.292023
0.254659
0.284741
0.283604
0.251376
0.296484
0.253325
0.25576
0.282265
0.266166
0.292807
0.240185
0.271633
0.357611
0.231575
0.25416
0.222839
0.291216
0.254406
0.322876
0.229519
0.303481
0.278465
0.347124
0.294118
0.260299
0.270873
0.271228
0.313775
0.228062
0.265354
0.193145
0.306816
0.278419
0.256494
0.304032
0.283471
0.268449
0.287611
0.329345
0.246208
0.289148
0.229297
0.295086
0.264041
0.212816
0.282079
0.27424
0.232548
0.305189
0.260863
0.284565
0.254912
0.285476
0.282965
0.278443
0.223015
0.250191
0.282786
0.237439
0.372158
0.246652
0.295939
0.203851
0.377009
0.279545
0.282705
0.247707
0.354582
0.294259
0.295424
0.256559
0.2631
0.284004
0.27488
0.223175
0.294821
0.220896
0.273286
0.243695
0.23831
0.251409
0.238087
0.221654
0.246666
0.307018
0.274862
0.254218
0.295748
0.259325
0.232083
0.343666
0.279743
0.270341
0.287984
0.284776
0.299024
0.232613
0.267658
0.250373
0.280291
0.22327
0.272375
0.274007
0.255995
0.232616
0.301181
0.296312
0.27356
0.278183
0.278103
0.280775
0.265937
0.289484
0.299307
0.277287
0.230968
0.27456
0.298291
0.254537
0.256897
0.279012
0.269246
0.281746
0.280255
0.236519
0.33865
0.214741
0.26064
0.279218
0.26366
0.287179
0.276067
0.25722
0.312621
0.272357
0.334742
0.312558
0.263126
0.241341
0.292659
0.307289
0.257566
0.283263
0.253111
0.292817
0.328266
0.312377
0.213183
0.314286
0.328643
0.231036
0.236322
0.247768
0.252718
0.221493
0.272053
0.36
0.261517
0.28366
0.263231
0.241558
0.294265
0.222814
0.315543
0.212461
0.250569
0.295867
0.29454
0.262613
0.268121
0.294681
0.308056
0.270833
0.230846
0.243718
0.271807
0.250545
0.261139
0.23496
0.272204
0.312584
0.281649
0.267942
0.258726
0.23322
0.266332
0.2777
0.279558
0.294587
0.275101
0.227836
0.275839
0.244974
0.230171
0.271518
0.230048
0.237339
0.246691
0.290568
0.322197
0.255343
0.271288
0.25898
0.283862
0.271069
0.27858
0.289919
0.26909
0.254799
0.306603
0.296543
0.265021
0.287898
0.30945
0.292819
0.242454
0.296804
0.340763
0.267086
0.285646
0.294641
0.485477
0.263476
0.24895
0.249059
0.267574
0.300028
0.24009
0.255296
0.262195
0.288361
0.308497
0.252409
0.276786
0.317696
0.322137
0.354181
0.275957
0.233867
0.289484
0.196678
0.241007
0.241198
0.251055
0.235037
0.227074
0.233336
0.25728
0.341921
0.364159
0.248914
0.261754
0.276639
0.330828
0.205109
0.213975
0.277634
0.270153
0.281894
0.283048
0.278999
0.201574
0.31219
0.327923
0.3072
0.282378
0.29475
0.27275
0.307853
0.239022
0.259021
0.298975
0.321872
0.28363
0.254763
0.290701
0.287522
0.272115
0.288166
0.24878
0.296103
0.25483
0.29035
0.267135
0.305394
0.224737
0.31612
0.319386
0.262426
0.282905
0.267265
0.217512
0.253893
0.25595
0.275983
0.290668
0.306715
0.309292
0.274853
0.319944
0.290509
0.213676
0.276313
0.280064
0.313386
0.270487
0.253044
0.273459
0.241035
0.279528
0.273832
0.280041
0.277488
0.269001
0.282956
0.257923
0.240713
0.275608
0.223445
0.226474
0.235089
0.312562
0.250244
0.248707
0.299419
0.282551
0.278619
0.175801
0.255218
0.277605
0.240976
0.335385
0.269317
0.264344
0.28231
0.26451
0.303721
0.27928
0.28108
0.247018
0.254161
0.333133
0.281275
0.28652
0.340023
0.271489
0.306201
0.257662
0.274422
0.286079
0.273963
0.239091
0.295378
0.279108
0.279578
0.246274
0.3674
0.292807
0.328552
0.279846
0.245476
0.22541
0.240179
0.257325
0.279126
0.287431
0.274375
0.294403
0.25441
0.341187
0.26753
0.231284
0.259285
0.241051
0.284041
0.278198
0.224309
0.21693
0.254403
0.238315
0.262517
0.248585
0.26464
0.286249
0.275602
0.219841
0.293893
0.306309
0.291656
0.263288
0.329991
0.259463
0.270444
0.278847
0.308582
0.280699
0.346538
0.299285
0.287164
0.339954
0.22971
0.284773
0.286918
0.346256
0.263587
0.238783
0.232253
0.214059
0.294883
0.262507
0.307938
0.246048
0.304853
0.241645
0.254218
0.278995
0.38959
0.357289
0.23621
0.264433
0.308462
0.280656
0.247296
0.262451
0.26685
0.258234
0.255168
0.293485
0.288426
0.234697
0.242447
0.300325
0.231262
0.249905
0.288679
0.275348
0.232371
0.313894
0.29634
0.231213
0.241133
0.240054
0.246992
0.258213
0.254028
0.247986
0.328149
0.282662
0.278897
0.261497
0.292626
0.267071
0.284664
0.296394
0.320531
0.339627
0.271541
0.256731
0.288467
0.282148
0.26089
0.227785
0.254612
0.255975
0.282628
0.26744
0.232647
0.284165
0.245001
0.27869
0.220904
0.282143
0.258698
0.279624
0.282849
0.210243
0.245797
0.304957
0.288382
0.213193
0.295643
0.275598
0.226005
0.307487
0.28354
0.212584
0.289833
0.288404
0.283752
0.275056
0.266487
0.270449
0.234288
0.265382
0.233511
0.243422
0.22664
0.317369
0.210624
0.286846
0.24266
0.225113
0.271351
0.291502
0.274806
0.21658
0.203599
0.212347
0.241523
0.291088
0.280548
0.276298
0.271569
0.312843
0.293083
0.241192
0.281442
0.3007
0.228623
0.251769
0.269139
0.27793
0.265142
0.2236
0.268388
0.266163
0.223972
0.290323
0.315381
0.254485
0.329342
0.300267
0.263037
0.245914
0.225928
0.260577
0.290154
0.485258
0.265705
0.30316
0.27824
0.287639
0.277354
0.309413
0.429637
0.311507
0.279154
0.280238
0.24693
0.268716
0.284241
0.233944
0.269826
0.28555
0.268075
0.315927
0.213503
0.247331
0.291924
0.35532
0.262981
0.237753
0.25765
0.252716
0.26854
0.248104
0.245349
0.291919
0.273129
0.307602
0.285384
0.319278
0.233608
0.293236
0.277733
0.262473
0.260493
0.256495
0.307016
0.259172
0.282976
0.295218
0.282072
0.304798
0.296767
0.247197
0.292226
0.216223
0.298704
0.226902
0.301159
0.189495
0.24537
0.279931
0.240311
0.242355
0.24817
0.270348
0.281133
0.276891
0.318711
0.303519
0.255791
0.278758
0.290625
0.271975
0.29896
0.271855
0.28077
0.250857
0.276102
0.275419
0.307134
0.275226
0.313396
0.281447
0.276384
0.28938
0.269429
0.256743
0.264235
0.316856
0.275789
0.308638
0.274335
0.250784
0.285184
0.219767
0.273403
0.312995
0.310025
0.278031
0.235016
0.270064
0.245331
0.267554
0.292608
0.245684
0.265338
0.298988
0.292203
0.251701
0.253153
0.290633
0.327626
0.263864
0.296134
0.316544
0.243643
0.256694
0.288107
0.264163
0.251558
0.29452
0.273247
0.279263
0.274967
0.30344
0.238196
0.29742
0.267567
0.288593
0.346972
0.221498
0.346922
0.300332
0.264917
0.285375
0.227923
0.285413
0.333158
0.237219
0.257095
0.286743
0.274735
0.276329
0.309857
0.299309
0.338745
0.294442
0.280036
0.26903
0.257516
0.263739
0.225038
0.238635
0.261249
0.279533
0.283321
0.245069
0.322866
0.378165
0.300503
0.19901
0.264505
0.274684
0.21182
0.315206
0.300704
0.287543
0.314028
0.251145
0.253022
0.271591
0.25924
0.23308
0.239457
0.299415
0.246352
0.264013
0.343195
0.287878
0.276835
0.254842
0.234195
0.276373
0.252242
0.275292
0.286658
0.289113
0.221106
0.277966
0.24512
0.262272
0.273993
0.247629
0.288455
0.242823
0.300133
0.262603
0.299006
0.277969
0.275718
0.23815
0.242539
0.272881
0.252039
0.278405
0.288737
0.236365
0.315053
0.247105
0.283896
0.285324
0.269227
0.281428
0.272328
0.247112
0.256499
0.269567
0.28121
0.316566
0.281968
0.266187
0.276052
0.252997
0.251779
0.236619
0.25548
0.250783
0.236405
0.345402
0.308037
0.328976
0.26926
0.260064
0.275675
0.241402
0.278864
0.246122
0.289072
0.357246
0.293402
0.234856
0.227067
0.258321
0.272546
0.257259
0.287032
0.324225
0.29043
0.278227
0.266942
0.251995
0.281027
0.264727
0.273725
0.28263
0.276338
0.260744
0.262448
0.308076
0.272274
0.319038
0.323331
0.271268
0.272542
0.259131
0.230079
0.29142
0.309056
0.286939
0.311904
0.253669
0.262334
0.229456
0.238482
0.249548
0.241758
0.26788
0.277977
0.315115
0.276342
0.262045
0.283961
0.281597
0.286145
0.253361
0.286444
0.292993
0.238144
0.305234
0.282223
0.230324
0.255487
0.260275
0.243656
0.250985
0.272674
0.303439
0.329845
0.255586
0.263554
0.285394
0.294412
0.290998
0.29384
0.244984
0.278122
0.235046
0.299521
0.299942
0.336921
0.271784
0.286338
0.314523
0.303191
0.261688
0.27365
0.293121
0.334282
0.267068
0.256469
0.314582
0.279567
0.251518
0.279952
0.220347
0.266673
0.258728
0.308352
0.285496
0.211134
0.289995
0.315564
0.304808
0.316234
0.285112
0.303958
0.218633
0.254122
0.318208
0.282447
0.284952
0.265181
0.245801
0.262468
0.268782
0.25103
0.24412
0.217633
0.29205
0.327066
0.324017
0.273536
0.245547
0.264124
0.29911
0.276203
0.283141
0.263176
0.262014
0.279036
0.27556
0.281043
0.253585
0.264769
0.269405
0.275939
0.331499
0.309374
0.234046
0.276676
0.325413
0.273965
0.297556
0.265549
0.261061
0.323017
0.246048
0.289823
0.272854
0.268281
0.265742
0.334332
0.245567
0.316051
0.282982
0.27258
0.278072
0.355895
0.266312
0.28619
0.241281
0.298471
0.278523
0.236296
0.277657
0.247254
0.329235
0.23687
0.297793
0.286195
0.321994
0.294695
0.297932
0.184568
0.3113
0.332582
0.272799
0.241779
0.249737
0.247988
0.254456
0.243982
0.272351
0.301008
0.250267
0.270465
0.262799
0.278123
0.121222
0.238874
0.237144
0.279174
0.247817
0.2485
0.229344
0.319153
0.284476
0.290583
0.274234
0.22809
0.242378
0.28257
0.283097
0.306203
0.286233
0.2154
0.300416
0.285794
0.246593
0.273042
0.265672
0.266946
0.284008
0.271384
0.261894
0.26317
0.253293
0.293878
0.304944
0.341297
0.306394
0.305911
0.320861
0.280793
0.320844
0.269892
0.254972
0.31596
0.283909
0.244906
0.276768
0.320508
0.27455
0.263867
0.256143
0.256257
0.231032
0.307839
0.245928
0.280414
0.230219
0.264387
0.289113
0.281949
0.304763
0.332457
0.25212
0.249895
0.312885
0.261864
0.277661
0.262239
0.275101
0.234144
0.500545
0.280586
0.270657
0.270181
0.268289
0.268944
0.281139
0.288614
0.31305
0.30073
0.264413
0.263096
0.276408
0.27598
0.333401
0.295125
0.258278
0.280766
0.279602
0.284896
0.281738
0.294548
0.296351
0.287026
0.288197
0.297925
0.23175
0.240973
0.289106
0.334267
0.259358
0.264507
0.386822
0.324942
0.256875
0.289637
0.347164
0.396046
0.208986
0.305207
0.270683
0.268925
0.286988
0.28926
0.272944
0.302532
0.276432
0.242438
0.259499
0.262959
0.275973
0.259592
0.256375
0.307257
0.228887
0.276051
0.33444
0.232764
0.288308
0.228477
0.30095
0.264301
0.351584
0.28098
0.278228
0.252791
0.236047
0.265765
0.243546
0.336161
0.279256
0.277076
0.280012
0.254482
0.290114
0.286288
0.289128
0.248317
0.265287
0.274917
0.239746
0.298439
0.281347
0.271559
0.267093
0.231395
0.218822
0.226617
0.301045
0.282737
0.301539
0.251487
0.249577
0.274129
0.290605
0.247677
0.348937
0.294871
0.274952
0.265728
0.204859
0.238261
0.275837
0.24747
0.276135
0.261728
0.262173
0.273619
0.281984
0.314526
0.278807
0.300065
0.27217
0.24998
0.278398
0.274495
0.270708
0.259681
0.234772
0.361409
0.414195
0.271924
0.189665
0.299552
0.253439
0.300578
0.269375
0.315862
0.280878
0.270734
0.270758
0.277614
0.208954
0.260926
0.266233
0.240672
0.23512
0.287665
0.296063
0.286498
0.252479
0.260828
0.296815
0.348092
0.261444
0.270729
0.264632
0.271963
0.275624
0.264497
0.270312
0.321324
0.284493
0.273404
0.263061
0.269828
0.321662
0.307498
0.289841
0.281298
0.23466
0.259355
0.27472
0.273132
0.239911
0.277137
0.309505
0.239264
0.305155
0.268103
0.251875
0.196452
0.272003
0.266456
0.289464
0.28294
0.378213
0.279409
0.294032
0.254317
0.254082
0.29674
0.262335
0.23948
0.237981
0.290376
0.252734
0.302881
0.252184
0.227483
0.258576
0.286599
0.316633
0.290258
0.219891
0.275319
0.291225
0.270218
0.274934
0.269355
0.284562
0.242439
0.270704
0.322646
0.268439
0.282253
0.31015
0.219182
0.303874
0.330151
0.278664
0.265996
0.295281
0.284695
0.33539
0.311421
0.310652
0.274336
0.261075
0.270402
0.26352
0.295234
0.307565
0.287761
0.257208
0.281531
0.271755
0.226574
0.383154
0.280601
0.259997
0.354506
0.2391
0.307433
0.278438
0.298275
0.285655
0.252822
0.262396
0.261635
0.254115
0.406106
0.297799
0.315056
0.329362
0.293215
0.270769
0.267796
0.233942
0.236939
0.226389
0.256124
0.277424
0.264297
0.28263
0.270188
0.277896
0.242441
0.313326
0.262488
0.272589
0.300609
0.285044
0.243474
0.248229
0.290695
0.308427
0.254275
0.229529
0.280492
0.267113
0.284365
0.279027
0.278168
0.278112
0.287684
0.313393
0.259484
0.276054
0.295499
0.219648
0.305503
0.3775
0.248979
0.27801
0.3
0.271764
0.24679
0.260733
0.248533
0.240316
0.268071
0.269271
0.249514
0.223476
0.304376
0.296357
0.287789
0.301046
0.285658
0.224145
0.247204
0.274435
0.324223
0.316123
0.292225
0.274685
0.236926
0.276523
0.244581
0.29346
0.339509
0.251168
0.274491
0.298497
0.26904
0.27361
0.289254
0.296985
0.274314
0.244422
0.262281
0.297134
0.290665
0.218695
0.300803
0.258448
0.277193
0.28097
0.266776
0.25119
0.274038
0.247316
0.274857
0.264385
0.360317
0.264197
0.259521
0.369296
0.334342
0.279448
0.247142
0.312359
0.264023
0.287356
0.308777
0.240827
0.246892
0.276955
0.288811
0.297843
0.231663
0.30174
0.271832
0.29201
0.269105
0.365681
0.347498
0.282561
0.272444
0.324686
0.270104
0.285727
0.279294
0.25653
0.253748
0.264015
0.250692
0.287473
0.277118
0.27475
0.308648
0.246261
0.320802
0.245927
0.321869
0.275797
0.304275
0.266904
0.309918
0.286334
0.242792
0.23266
0.265427
0.25506
0.297694
0.253444
0.240629
0.251614
0.301423
0.299241
0.284259
0.278912
0.268656
0.253512
0.275707
0.282753
0.261133
0.292204
0.253981
0.180366
0.275269
0.261875
0.2599
0.217505
0.22286
0.268528
0.275544
0.276559
0.318814
0.314408
0.273027
0.278514
0.279906
0.27903
0.289269
0.270532
0.402858
0.247841
0.315431
0.220829
0.316579
0.249328
0.228743
0.315358
0.230951
0.311541
0.257496
0.224582
0.254955
0.292902
0.494381
0.281437
0.317247
0.2709
0.250891
0.277559
0.284161
0.269062
0.278487
0.279529
0.288791
0.220127
0.291597
0.25542
0.263124
0.243493
0.229026
0.271306
0.274934
0.295447
0.367708
0.273444
0.260288
0.273036
0.252341
0.283462
0.247957
0.246801
0.272038
0.244368
0.264591
0.280259
0.268625
0.268443
0.27705
0.277348
0.268468
0.31701
0.267061
0.274047
0.298808
0.270356
0.255929
0.319066
0.26419
0.270197
0.231638
0.263856
0.286312
0.290911
0.286378
0.269108
0.268854
0.303844
0.223378
0.259994
0.315478
0.272427
0.256203
0.24563
0.27519
0.302817
0.278485
0.27942
0.263268
0.219936
0.263494
0.301109
0.290819
0.250395
0.244571
0.293332
0.232245
0.279483
0.205426
0.317334
0.29365
0.264443
0.211725
0.282828
0.253928
0.263373
0.297375
0.350989
0.222023
0.284992
0.313704
0.284113
0.229239
0.282662
0.254442
0.2735
0.235344
0.260019
0.278216
0.288346
0.254601
0.285412
0.269829
0.242038
0.255575
0.310555
0.271668
0.295596
0.293245
0.296506
0.179866
0.301951
0.238889
0.39544
0.256718
0.260717
0.285234
0.240944
0.302391
0.299485
0.271763
0.199797
0.262929
0.279201
0.285054
0.30266
0.264148
0.357747
0.186038
0.299347
0.256463
0.185503
0.253766
0.253388
0.198246
0.293488
0.270802
0.312483
0.212254
0.347741
0.26012
0.220118
0.313603
0.228021
0.272212
0.209809
0.315033
0.210637
0.350907
0.27397
0.310601
0.275854
0.279459
0.246042
0.249423
0.262889
0.318894
0.309481
0.301377
0.277402
0.241028
0.277738
0.288637
0.308343
0.287304
0.370491
0.253182
0.27417
0.245937
0.241074
0.462191
0.299446
0.271376
0.256156
0.265948
0.302835
0.326913
0.273056
0.262229
0.262633
0.240306
0.318771
0.262712
0.233053
0.274033
0.25902
0.298008
0.305282
0.321998
0.241903
0.218873
0.258658
0.285964
0.312574
0.260035
0.290724
0.28761
0.264619
0.254261
0.225844
0.268736
0.286988
0.294221
0.255413
0.294248
0.241935
0.266656
0.25077
0.258926
0.258796
0.299227
0.245915
0.275547
0.246638
0.228383
0.255577
0.272502
0.260888
0.260365
0.271886
0.299387
0.286493
0.259298
0.293248
0.277875
0.26772
0.313864
0.247814
0.271975
0.228096
0.319768
0.255923
0.279465
0.29687
0.273269
0.188899
0.236893
0.309257
0.277764
0.314715
0.303452
0.276903
0.29363
0.287561
0.292355
0.283397
0.267482
0.279167
0.240618
0.262898
0.318907
0.279806
0.290522
0.323233
0.257827
0.30721
0.2957
0.31293
0.306053
0.300776
0.313308
0.259673
0.305008
0.272899
0.289676
0.248851
0.262273
0.249597
0.270897
0.244949
0.271546
0.271569
0.292832
0.254693
0.26523
0.302744
0.236836
0.275778
0.226471
0.245588
0.262295
0.320069
0.299303
0.311993
0.258365
0.241732
0.242037
0.267946
0.298026
0.253455
0.345201
0.280934
0.264262
0.278076
0.277706
0.245798
0.243523
0.31663
0.341175
0.268678
0.293694
0.287799
0.274649
0.291329
0.374661
0.26505
0.259583
0.239492
0.273128
0.28958
0.294656
0.286439
0.269404
0.293755
0.233194
0.301789
0.399537
0.295798
0.299539
0.276455
0.21122
0.319598
0.293011
0.269817
0.265284
0.346348
0.275115
0.310017
0.252172
0.249545
0.300954
0.295692
0.316442
0.241308
0.281668
0.21374
0.26524
0.289792
0.295889
0.265932
0.310235
0.287492
0.280601
0.260447
0.259916
0.274364
0.320109
0.278685
0.286487
0.260923
0.259529
0.241564
0.226604
0.263746
0.28153
0.27931
0.270832
0.26638
0.287847
0.293438
0.289093
0.278396
0.466976
0.292014
0.26548
0.255119
0.304651
0.232118
0.285569
0.255675
0.256675
0.259765
0.320291
0.260093
0.215544
0.313722
0.258645
0.319436
0.297753
0.307146
0.266593
0.382071
0.267243
0.245907
0.30237
0.275349
0.325899
0.267867
0.238835
0.273722
0.302059
0.310353
0.287553
0.255274
0.254602
0.338404
0.280234
0.336596
0.23771
0.291022
0.323323
0.273156
0.259304
0.255485
0.248209
0.24821
0.313675
0.261548
0.297678
0.284871
0.274684
0.292773
0.220989
0.250751
0.287793
0.292657
0.293254
0.268757
0.265001
0.271927
0.258867
0.250956
0.382804
0.281579
0.292008
0.256025
0.292016
0.311188
0.315785
0.272189
0.261618
0.246457
0.294094
0.244746
0.253722
0.247062
0.299053
0.261939
0.303353
0.303004
0.262117
0.303593
0.289749
0.278223
0.296548
0.261221
0.307237
0.251635
0.267007
0.223827
0.252472
0.260021
0.295351
0.265999
0.261433
0.306773
0.283295
0.285322
0.289308
0.234624
0.271484
0.243213
0.262328
0.258538
0.274417
0.277679
0.237922
0.258508
0.251454
0.234476
0.284424
0.260007
0.281553
0.277973
0.226364
0.254035
0.255314
0.272661
0.253285
0.250763
0.296661
0.2615
0.279803
0.323802
0.22475
0.262407
0.309402
0.234601
0.278648
0.339301
0.223719
0.278446
0.355506
0.257385
0.245304
0.24472
0.281873
0.272287
0.288184
0.281615
0.252378
0.360151
0.241009
0.224897
0.26288
0.29082
0.243854
0.278558
0.257076
0.250887
0.267824
0.292985
0.27649
0.270189
0.304004
0.276923
0.265414
0.273355
0.282478
0.237667
0.211653
0.298442
0.2505
0.293833
0.312236
0.250383
0.309994
0.304615
0.276799
0.27363
0.393268
0.290775
0.225767
0.293781
0.26998
0.262994
0.240407
0.259676
0.273944
0.320052
0.315909
0.261139
0.257942
0.276906
0.266736
0.265942
0.277008
0.321855
0.224435
0.315692
0.243502
0.269343
0.225139
0.334181
0.273693
0.310528
0.281454
0.235749
0.307273
0.225717
0.259308
0.266731
0.251576
0.269567
0.229906
0.270182
0.253285
0.262377
0.289548
0.312123
0.319682
0.227776
0.294365
0.278941
0.277422
0.302382
0.203293
0.235663
0.282837
0.251274
0.307406
0.277057
0.255216
0.238961
0.291793
0.216156
0.290108
0.294404
0.239206
0.274623
0.308748
0.246191
0.263619
0.238021
0.257611
0.24986
0.436282
0.270668
0.322853
0.320082
0.236105
0.289558
0.289105
0.253968
0.248277
0.300244
0.263192
0.254698
0.226385
0.353448
0.287394
0.286482
0.271963
0.266265
0.263032
0.304023
0.306194
0.266942
0.298062
0.253161
0.288929
0.2112
0.252192
0.267218
0.276727
0.238347
0.239898
0.266119
0.231369
0.327536
0.308948
0.283238
0.284907
0.271385
0.274167
0.288441
0.281975
0.284816
0.259038
0.234396
0.259538
0.206457
0.288983
0.29886
0.288524
0.321709
0.322441
0.24405
0.280651
0.230681
0.268581
0.294452
0.273885
0.294214
0.249076
0.277704
0.317383
0.311686
0.256475
0.313404
0.268816
0.355841
0.324285
0.302151
0.190032
0.295318
0.312483
0.265041
0.218483
0.250851
0.274103
0.30164
0.295404
0.310082
0.27879
0.267917
0.325102
0.308135
0.272824
0.300369
0.271473
0.229163
0.31732
0.26832
0.256881
0.28766
0.27362
0.274534
0.236024
0.269573
0.26803
0.270243
0.224834
0.268609
0.254783
0.246414
0.270292
0.250839
0.207798
0.240507
0.420621
0.269294
0.282064
0.276879
0.309207
0.296956
0.371698
0.223198
0.221384
0.255011
0.316041
0.259218
0.26543
0.275426
0.313255
0.261512
0.297197
0.25827
0.249274
0.26866
0.311791
0.329654
0.322155
0.235797
0.269967
0.307403
0.248644
0.266933
0.257465
0.347567
0.317303
0.260383
0.290841
0.249632
0.258235
0.290235
0.255949
0.255725
0.269388
0.227448
0.280764
0.234242
0.302145
0.280017
0.249431
0.29218
0.250622
0.239391
0.270328
0.245772
0.268291
0.271502
0.26641
0.366626
0.263108
0.301217
0.238925
0.275099
0.234087
0.256075
0.242306
0.311624
0.305589
0.291042
0.272969
0.313991
0.237284
0.263549
0.262962
0.261721
0.282216
0.26478
0.311432
0.266027
0.284916
0.28978
0.280339
0.296181
0.281688
0.245471
0.288697
0.263052
0.27438
0.231154
0.297511
0.271672
0.324153
0.280645
0.259761
0.287213
0.501029
0.270033
0.258072
0.336175
0.275933
0.293291
0.278758
0.423716
0.253702
0.319612
0.270871
0.283307
0.267179
0.269447
0.273771
0.332816
0.260842
0.283664
0.277253
0.271821
0.398001
0.232073
0.322681
0.297828
0.184826
0.257418
0.231269
0.268548
0.257388
0.260064
0.277839
0.315121
0.248424
0.263855
0.207468
0.313886
0.237028
0.257571
0.230601
0.338007
0.268086
0.326738
0.284914
0.260558
0.286283
0.229893
0.281296
0.269042
0.309282
0.308771
0.295087
0.255453
0.235827
0.339097
0.228717
0.297911
0.257285
0.245796
0.268571
0.278316
0.274459
0.283331
0.243324
0.288382
0.258161
0.307325
0.279086
0.27133
0.32084
0.318321
0.273596
0.268147
0.305571
0.395506
0.283525
0.239361
0.313658
0.25981
0.278801
0.239985
0.26827
0.274534
0.257516
0.291465
0.180164
0.258951
0.274194
0.270495
0.264002
0.263748
0.3038
0.233741
0.299054
0.265633
0.284303
0.282521
0.258218
0.362498
0.330414
0.313343
0.253901
0.352432
0.406984
0.282015
0.30591
0.337012
0.284559
0.243914
0.224937
0.239528
0.271601
0.279427
0.231251
0.234275
0.282761
0.293365
0.259529
0.30051
0.288651
0.247344
0.264609
0.339161
0.27802
0.277393
0.278796
0.288962
0.283643
0.269081
0.236951
0.294212
0.278112
0.25286
0.247665
0.297991
0.225168
0.264942
0.248378
0.338027
0.266177
0.290394
0.252503
0.31008
0.272952
0.243485
0.233917
0.274987
0.220735
0.321084
0.252389
0.344075
0.24139
0.213544
0.28293
0.292232
0.285466
0.295545
0.244791
0.302804
0.214732
0.323768
0.280031
0.224787
0.265025
0.276583
0.261783
0.289225
0.296642
0.277251
0.238332
0.28372
0.291413
0.241414
0.330188
0.236515
0.306496
0.24767
0.247604
0.252016
0.280686
0.207602
0.320548
0.260778
0.300366
0.309057
0.278067
0.311325
0.232583
0.274758
0.278141
0.288961
0.248209
0.282204
0.236113
0.269778
0.275062
0.380338
0.273088
0.286194
0.263393
0.295197
0.299262
0.228243
0.303963
0.329648
0.303485
0.229155
0.300499
0.308074
0.321238
0.300932
0.268664
0.256129
0.269609
0.216434
0.247818
0.248397
0.285222
0.286048
0.284688
0.250854
0.258479
0.237245
0.297913
0.246144
0.314352
0.226571
0.305756
0.237119
0.364152
0.240972
0.252647
0.278976
0.257695
0.242272
0.251215
0.270854
0.25338
0.262118
0.30426
0.252554
0.290803
0.271401
0.262864
0.285938
0.289758
0.273245
0.242384
0.289543
0.303364
0.288511
0.324012
0.268701
0.281496
0.244184
0.262014
0.256507
0.277019
0.246398
0.255317
0.281191
0.299992
0.258881
0.272834
0.254544
0.264436
0.345566
0.250432
0.265024
0.294792
0.294786
0.220272
0.25318
0.27453
0.255353
0.231606
0.262452
0.233124
0.299887
0.269448
0.284518
0.267089
0.304879
0.299924
0.276017
0.467884
0.282623
0.291091
0.265079
0.243076
0.250163
0.278962
0.276751
0.277406
0.226582
0.258173
0.291821
0.338503
0.256862
0.258665
0.300008
0.270281
0.260614
0.245055
0.282534
0.284256
0.351918
0.317967
0.289578
0.277956
0.279376
0.281991
0.258385
0.291342
0.268375
0.26287
0.276871
0.263284
0.285643
0.269237
0.265281
0.277241
0.23541
0.233067
0.32302
0.239571
0.2635
0.281887
0.286856
0.269926
0.241718
0.209996
0.271485
0.251743
0.301977
0.292454
0.281847
0.234606
0.299177
0.276819
0.269712
0.281134
0.309724
0.27261
0.339965
0.261777
0.276928
0.26922
0.387026
0.252249
0.312258
0.251897
0.28912
0.270528
0.296259
0.284184
0.285703
0.26345
0.263232
0.252782
0.26089
0.267658
0.197639
0.241692
0.198903
0.295211
0.26984
0.259876
0.305939
0.293732
0.271648
0.218935
0.28002
0.282674
0.27033
0.246482
0.253475
0.237919
0.280292
0.315789
0.230325
0.267439
0.309988
0.254073
0.247221
0.231509
0.347878
0.285995
0.254516
0.313512
0.272735
0.262724
0.230225
0.289424
0.285726
0.292777
0.269949
0.250351
0.223484
0.253786
0.305413
0.263078
0.328006
0.265042
0.271414
0.291663
0.272971
0.27009
0.259018
0.289943
0.268797
0.279169
0.217726
0.294005
0.288353
0.259685
0.215906
0.284252
0.357742
0.265011
0.299324
0.257401
0.219186
0.252339
0.287859
0.319812
0.294694
0.344326
0.262795
0.274003
0.275787
0.281702
0.20947
0.238943
0.284672
0.251288
0.309775
0.255339
0.292625
0.263457
0.305076
0.226353
0.242041
0.290616
0.267048
0.228559
0.318614
0.28156
0.321389
0.234887
0.272986
0.276608
0.264922
0.247181
0.272075
0.286641
0.312412
0.293509
0.301404
0.345865
0.282324
0.244083
0.21101
0.292625
0.24377
0.272109
0.276936
0.335963
0.264988
0.253823
0.288953
0.249045
0.327977
0.230411
0.235095
0.245681
0.251514
0.268761
0.30138
0.26226
0.265618
0.27112
0.267172
0.304784
0.297848
0.268732
0.29262
0.318779
0.264314
0.339768
0.254622
0.31044
0.222106
0.241592
0.260053
0.261081
0.186992
0.262802
0.219237
0.275737
0.282475
0.314472
0.273678
0.334528
0.310362
0.292915
0.229868
0.25106
0.286377
0.260385
0.250067
0.239243
0.252958
0.247763
0.289034
0.312082
0.251495
0.243187
0.209112
0.285842
0.286313
0.252283
0.257224
0.266662
0.349647
0.33271
0.311449
0.287343
0.221626
0.289351
0.266443
0.257336
0.232769
0.324417
0.263256
0.264608
0.303864
0.233572
0.257426
0.298441
0.209122
0.268192
0.270627
0.285959
0.273083
0.283851
0.358055
0.2202
0.306344
0.290876
0.304025
0.296953
0.280549
0.241538
0.276274
0.254325
0.18564
0.271987
0.280271
0.268822
0.274369
0.257915
0.25523
0.298971
0.265205
0.2809
0.300631
0.250373
0.247189
0.313252
0.385431
0.253016
0.296571
0.27378
0.254573
0.332141
0.253585
0.320853
0.249821
0.211523
0.259627
0.286109
0.28341
0.268375
0.315203
0.247077
0.2801
0.290692
0.270633
0.269231
0.287397
0.262344
0.23756
0.274917
0.346602
0.285703
0.266312
0.315683
0.26804
0.237491
0.265064
0.254802
0.238445
0.212296
0.296688
0.283827
0.230893
0.296805
0.311478
0.258718
0.252247
0.216768
0.194941
0.263352
0.244138
0.28053
0.216036
0.327501
0.253255
0.233208
0.259428
0.284867
0.254318
0.258677
0.317179
0.210031
0.252942
0.257505
0.281981
0.278913
0.276583
0.226271
0.254457
0.297577
0.279568
0.293625
0.264489
0.258225
0.277132
0.240192
0.277553
0.284928
0.275638
0.247144
0.269655
0.283836
0.305344
0.325229
0.334102
0.271275
0.270976
0.28283
0.313296
0.278779
0.279801
0.285927
0.320412
0.294914
0.254726
0.25059
0.293759
0.266159
0.300344
0.289358
0.28826
0.262705
0.282456
0.303927
0.280277
0.239919
0.327598
0.232212
0.281808
0.293773
0.330693
0.296845
0.207546
0.286975
0.306685
0.216347
0.312594
0.262551
0.285348
0.241364
0.292392
0.237309
0.267401
0.297538
0.301744
0.255963
0.375216
0.319266
0.286752
0.287158
0.26425
0.259187
0.256258
0.275311
0.254435
0.273933
0.247285
0.281608
0.288721
0.266973
0.251593
0.278931
0.259349
0.261391
0.283662
0.25187
0.282831
0.259395
0.313966
0.259659
0.274045
0.251069
0.231798
0.290271
0.329848
0.268239
0.28707
0.321188
0.240749
0.249336
0.279146
0.279402
0.306902
0.267069
0.286594
0.310619
0.287048
0.289678
0.247109
0.269107
0.243307
0.269171
0.26258
0.245897
0.245694
0.292325
0.258673
0.26093
0.32521
0.265846
0.31329
0.257748
0.225683
0.257209
0.295122
0.281343
0.248845
0.277227
0.275644
0.238442
0.31172
0.240552
0.304807
0.240105
0.2917
0.278035
0.287146
0.236028
0.275052
0.278957
0.318194
0.285831
0.274526
0.262324
0.293125
0.285393
0.264644
0.237411
0.296596
0.282946
0.202255
0.275596
0.322199
0.270429
0.255448
0.269806
0.266202
0.270359
0.29858
0.272801
0.2602
0.249635
0.286456
0.244455
0.258567
0.279601
0.278458
0.277116
0.290307
0.302627
0.270427
0.274444
0.233964
0.279652
0.206275
0.266541
0.257539
0.289225
0.271415
0.29303
0.242787
0.258579
0.278044
0.478293
0.292454
0.245645
0.275803
0.282796
0.243515
0.265872
0.240046
0.273482
0.314495
0.262178
0.262974
0.272701
0.261817
0.238484
0.258137
0.249637
0.255255
0.312035
0.293796
0.28763
0.252753
0.219593
0.364833
0.280133
0.250517
0.256547
0.262399
0.233603
0.28277
0.309679
0.303347
0.239777
0.282616
0.270436
0.305594
0.270319
0.302954
0.270651
0.287152
0.250204
0.197796
0.269005
0.249643
0.252476
0.249291
0.239916
0.271716
0.302398
0.241565
0.248058
0.24204
0.298692
0.243543
0.290008
0.298399
0.254907
0.229999
0.28462
0.218362
0.265006
0.241215
0.277955
0.23197
0.310877
0.260614
0.261479
0.252389
0.273458
0.224567
0.25576
0.290697
0.257757
0.233875
0.274297
0.262671
0.290615
0.310332
0.250119
0.273493
0.281283
0.258028
0.268271
0.246134
0.262382
0.284311
0.27296
0.291445
0.320794
0.332989
0.286969
0.297594
0.267955
0.268201
0.249377
0.285589
0.240331
0.263714
0.237939
0.27116
0.260038
0.269132
0.26022
0.23739
0.283143
0.22864
0.264561
0.274496
0.29368
0.264583
0.40432
0.316339
0.272355
0.272186
0.264223
0.288962
0.267235
0.326654
0.271939
0.265421
0.279171
0.28022
0.273259
0.24284
0.266875
0.299888
0.289373
0.28541
0.286375
0.417956
0.173288
0.294894
0.253216
0.335036
0.238566
0.31079
0.189854
0.268095
0.256375
0.250846
0.260394
0.26912
0.297897
0.352872
0.263019
0.260807
0.28158
0.310009
0.276139
0.287384
0.381676
0.273466
0.402656
0.273502
0.288524
0.25864
0.28016
0.279928
0.316306
0.316243
0.288013
0.2703
0.277726
0.277499
0.300897
0.243888
0.284379
0.255601
0.261299
0.303101
0.297114
0.301261
0.25889
0.251187
0.405326
0.273184
0.36204
0.322363
0.229782
0.271661
0.28311
0.31032
0.289357
0.269279
0.255648
0.278565
0.262266
0.304198
0.295151
0.279602
0.341328
0.316311
0.254489
0.276742
0.298398
0.523743
0.277506
0.294554
0.260078
0.255635
0.240316
0.288845
0.295017
0.249725
0.25043
0.301705
0.25
0.216392
0.27519
0.289377
0.227337
0.290397
0.268699
0.253659
0.261609
0.253847
0.258229
0.310561
0.277214
0.269325
0.288469
0.235294
0.263137
0.299168
0.270305
0.303711
0.351455
0.271136
0.27674
0.280506
0.219478
0.240749
0.293651
0.284639
0.273836
0.262504
0.266923
0.252785
0.273689
0.26955
0.30062
0.283115
0.23536
0.222873
0.307503
0.239586
0.2603
0.243756
0.245117
0.278172
0.269334
0.260164
0.299135
0.273271
0.294897
0.287033
0.355113
0.300935
0.270628
0.258226
0.265428
0.306856
0.252533
0.277721
0.295407
0.275701
0.288123
0.264896
0.266277
0.243088
0.272015
0.296554
0.271267
0.289965
0.225565
0.256903
0.255325
0.294762
0.252477
0.275453
0.29975
0.256739
0.270341
0.24219
0.293677
0.251659
0.233142
0.298201
0.234538
0.324524
0.269345
0.242129
0.241756
0.290546
0.283842
0.364454
0.235951
0.268585
0.318098
0.255197
0.303062
0.257641
0.253696
0.281005
0.230111
0.374716
0.262862
0.2747
0.304768
0.2527
0.262353
0.269829
0.269203
0.32101
0.292139
0.246765
0.238637
0.286054
0.301071
0.295996
0.277338
0.255419
0.226941
0.246006
0.254372
0.266956
0.23421
0.313169
0.261639
0.300596
0.270872
0.344413
0.33649
0.242961
0.219627
0.281239
0.260115
0.264471
0.263928
0.318031
0.198382
0.257462
0.289646
0.247368
0.288776
0.318905
0.285801
0.287829
0.274508
0.247483
0.273154
0.268388
0.263604
0.275466
0.260619
0.350782
0.231128
0.30085
0.244728
0.370973
0.204208
0.265373
0.229846
0.232802
0.253118
0.299931
0.259337
0.259535
0.246923
0.23956
0.252885
0.295074
0.29315
0.270207
0.314575
0.250552
0.295807
0.355453
0.280363
0.285691
0.249823
0.377144
0.248456
0.307824
0.276351
0.296118
0.256157
0.318504
0.252811
0.205432
0.29769
0.253971
0.239591
0.284467
0.311124
0.257066
0.284066
0.244078
0.253366
0.276254
0.24571
0.232679
0.252536
0.248793
0.272124
0.323697
0.305996
0.268942
0.276488
0.307018
0.264513
0.287718
0.288891
0.242989
0.232846
0.266729
0.241699
0.283006
0.317041
0.319743
0.295466
0.303247
0.286133
0.263214
0.259268
0.31046
0.228968
0.259683
0.276085
0.347197
0.263059
0.259284
0.275801
0.243066
0.22155
0.300819
0.336045
0.333656
0.295144
0.296054
0.293521
0.282552
0.238563
0.22829
0.270424
0.270096
0.25175
0.314475
0.208827
0.299343
0.266177
0.274074
0.267009
0.252019
0.289557
0.257442
0.327355
0.273177
0.286197
0.277019
0.306928
0.272639
0.303325
0.26794
0.291292
0.252622
0.30252
0.306326
0.252375
0.331508
0.236735
0.277154
0.250967
0.342783
0.277671
0.265108
0.346616
0.282947
0.2677
0.305224
0.200852
0.2379
0.261442
0.266763
0.283625
0.34082
0.265601
0.268085
0.313469
0.227457
0.287313
0.252195
0.28263
0.265332
0.197135
0.230291
0.266566
0.275756
0.284762
0.223753
0.414184
0.285588
0.268103
0.41356
0.225051
0.27819
0.294934
0.254671
0.284787
0.266531
0.250843
0.323912
0.218239
0.246979
0.242795
0.267211
0.256087
0.256108
0.268904
0.298521
0.307374
0.283151
0.265142
0.381127
0.293302
0.306473
0.245859
0.23696
0.30848
0.327434
0.305716
0.260665
0.264996
0.279614
0.243939
0.307404
0.255808
0.239215
0.245784
0.305029
0.248036
0.340738
0.318543
0.227269
0.22888
0.312644
0.253498
0.280431
0.27916
0.282274
0.259368
0.289925
0.210181
0.288328
0.266098
0.272858
0.277664
0.265258
0.239845
0.291637
0.30248
0.256438
0.256026
0.255738
0.209886
0.268545
0.246809
0.227499
0.282017
0.322611
0.284158
0.283858
0.278422
0.301478
0.276314
0.287694
0.257539
0.281256
0.307003
0.317401
0.265573
0.314444
0.296018
0.257911
0.328883
0.26718
0.31462
0.279163
0.312563
0.288195
0.279961
0.25012
0.243131
0.288155
0.282072
0.248974
0.236715
0.269656
0.305837
0.252568
0.246116
0.263996
0.281469
0.290086
0.361505
0.276422
0.264333
0.265724
0.239286
0.318953
0.277473
0.27619
0.25519
0.27101
0.265333
0.238048
0.281461
0.285656
0.274329
0.278639
0.246659
0.243794
0.277673
0.307987
0.263836
0.298753
0.277836
0.253697
0.254301
0.247212
0.265351
0.282766
0.306732
0.292829
0.261189
0.220131
0.248221
0.260959
0.259288
0.334274
0.21066
0.239086
0.271517
0.304179
0.228943
0.246548
0.259743
0.27039
0.249858
0.295421
0.294536
0.288426
0.241021
0.254661
0.261139
0.393186
0.293718
0.26871
0.286971
0.233339
0.25696
0.268813
0.281989
0.266286
0.258992
0.269511
0.304027
0.24506
0.308328
0.2285
0.25772
0.305567
0.244811
0.288754
0.273328
0.293445
0.276904
0.264609
0.257861
0.247183
0.266533
0.252997
0.302286
0.291493
0.249398
0.344524
0.264888
0.277756
0.25529
0.262034
0.281798
0.25614
0.304772
0.216642
0.223692
0.304838
0.354224
0.306012
0.311779
0.228209
0.270401
0.305082
0.278975
0.292182
0.251524
0.276942
0.257562
0.230716
0.262697
0.228753
0.268398
0.230849
0.266578
0.276562
0.261776
0.280572
0.308044
0.260823
0.302153
0.339733
0.272854
0.306714
0.203487
0.281835
0.241331
0.264243
0.25934
0.268996
0.268193
0.417482
0.297484
0.222249
0.253844
0.229464
0.338771
0.305221
0.27457
0.244655
0.26638
0.267876
0.309214
0.285196
0.305929
0.263458
0.277676
0.197876
0.239192
0.244888
0.32904
0.334664
0.320274
0.267483
0.298516
0.264865
0.267121
0.300895
0.277716
0.318599
0.174955
0.253244
0.264227
0.248144
0.298526
0.307129
0.220483
0.314447
0.299377
0.256961
0.253928
0.251542
0.265356
0.335402
0.31566
0.247886
0.334181
0.27177
0.252596
0.330716
0.242379
0.27255
0.264519
0.327436
0.257925
0.257592
0.269133
0.37126
0.266947
0.273325
0.363924
0.320529
0.299003
0.295031
0.305807
0.289898
0.286473
0.275447
0.234114
0.266841
0.259572
0.242552
0.279489
0.318618
0.281044
0.296555
0.314243
0.260808
0.255873
0.296451
0.250563
0.230732
0.231056
0.236457
0.251595
0.285141
0.290514
0.238266
0.285333
0.282111
0.297148
0.302954
0.252962
0.279619
0.305954
0.304147
0.259681
0.25359
0.268027
0.284404
0.227265
0.297688
0.258814
0.273103
0.239989
0.293117
0.184001
0.235115
0.251252
0.254846
0.308351
0.30642
0.22728
0.270315
0.266893
0.312871
0.262627
0.280067
0.272705
0.216065
0.213488
0.262593
0.258106
0.288525
0.302975
0.251682
0.288851
0.271059
0.260643
0.306971
0.285452
0.270313
0.238644
0.272227
0.309422
0.227751
0.298141
0.26941
0.264021
0.267978
0.195355
0.205277
0.260245
0.330974
0.265045
0.293998
0.278412
0.285365
0.272155
0.285797
0.271906
0.252007
0.252066
0.28789
0.259803
0.294157
0.282401
0.289805
0.209135
0.24534
0.261416
0.276488
0.351876
0.273439
0.265196
0.436213
0.265603
0.235309
0.275956
0.21775
0.310987
0.267565
0.224652
0.244311
0.256415
0.271326
0.303896
0.232139
0.280473
0.238372
0.278029
0.281933
0.289176
0.288276
0.24176
0.299903
0.252689
0.238595
0.316403
0.229845
0.24044
0.257833
0.26468
0.209929
0.248984
0.303448
0.228742
0.316682
0.2799
0.280988
0.25543
0.263358
0.308333
0.284672
0.295504
0.275506
0.248898
0.296861
0.329831
0.294045
0.261813
0.300156
0.2461
0.271847
0.281503
0.238457
0.278334
0.299268
0.284883
0.270646
0.233933
0.244297
0.312052
0.257247
0.285175
0.241759
0.327404
0.277152
0.295953
0.225901
0.271462
0.253291
0.270666
0.268562
0.244439
0.246443
0.267648
0.302529
0.266062
0.228293
0.30095
0.254792
0.372233
0.280794
0.281365
0.243372
0.265264
0.234134
0.28434
0.159396
0.303544
0.294814
0.30845
0.27199
0.294522
0.277833
0.269201
0.336137
0.265394
0.280103
0.236689
0.295359
0.280099
0.282622
0.278106
0.274334
0.258025
0.282211
0.257386
0.248273
0.240795
0.262827
0.275923
0.262407
0.260445
0.274439
0.271731
0.259871
0.289149
0.299951
0.281605
0.291373
0.292456
0.239977
0.251489
0.297384
0.281162
0.274124
0.253507
0.268352
0.298536
0.219802
0.197523
0.236463
0.277783
0.277278
0.283575
0.283611
0.247772
0.303314
0.273273
0.25823
0.262597
0.231143
0.205224
0.274408
0.270747
0.251446
0.233342
0.262934
0.263094
0.302756
0.291979
0.255553
0.295581
0.264276
0.331968
0.314203
0.316358
0.239469
0.263897
0.238501
0.295423
0.282225
0.307201
0.261672
0.295633
0.292321
0.280203
0.33861
0.186139
0.296486
0.28358
0.22229
0.299359
0.245424
0.251905
0.297389
0.242521
0.25906
0.29865
0.267215
0.238449
0.257231
0.275859
0.290276
0.309243
0.27738
0.199855
0.306637
0.176295
0.248444
0.260163
0.237575
0.298968
0.23825
0.250457
0.298823
0.226384
0.226452
0.24665
0.27562
0.239918
0.282492
0.247754
0.253401
0.284634
0.302009
0.289675
0.272364
0.250966
0.256396
0.262657
0.242857
0.29698
0.254584
0.270745
0.273976
0.301016
0.242871
0.277894
0.25677
0.256573
0.343178
0.267185
0.285702
0.327187
0.253538
0.276741
0.262399
0.293305
0.25527
0.334657
0.281533
0.225998
0.316819
0.293395
0.269114
0.258689
0.337654
0.278796
0.313494
0.270941
0.293494
0.28352
0.222365
0.272677
0.245747
0.259244
0.271395
0.348645
0.283777
0.318415
0.280857
0.262093
0.233399
0.267626
0.331225
0.270762
0.271219
0.275307
0.220164
0.265086
0.283903
0.309407
0.228385
0.297135
0.290315
0.277215
0.278422
0.2187
0.264328
0.240839
0.269681
0.26122
0.249488
0.300794
0.277676
0.338232
0.288331
0.300385
0.30412
0.336865
0.239874
0.240064
0.300933
0.299759
0.242123
0.262948
0.247936
0.249799
0.220937
0.270856
0.276856
0.235072
0.235943
0.257295
0.219756
0.245386
0.246592
0.334322
0.279713
0.272061
0.24814
0.27681
0.201149
0.303942
0.257974
0.212136
0.299639
0.24867
0.268251
0.282058
0.289162
0.265099
0.248786
0.295558
0.238148
0.287827
0.264059
0.246981
0.222882
0.269206
0.25864
0.3046
0.261552
0.311181
0.26139
0.239787
0.30642
0.312185
0.281267
0.229614
0.257297
0.28599
0.271365
0.27112
0.260047
0.268653
0.273613
0.262247
0.207867
0.267782
0.336104
0.279737
0.254313
0.301552
0.23237
0.255683
0.258502
0.292107
0.163402
0.216728
0.248561
0.265762
0.217346
0.303803
0.221242
0.234208
0.254004
0.290171
0.221896
0.29447
0.318238
0.275587
0.22801
0.345508
0.270429
0.284151
0.302837
0.256375
0.286557
0.259765
0.232727
0.26827
0.267007
0.247375
0.241937
0.303182
0.259695
0.246848
0.231986
0.253688
0.254505
0.243154
0.269259
0.284713
0.247102
0.29417
0.255368
0.320483
0.246326
0.271055
0.214174
0.283766
0.258772
0.298883
0.223646
0.2682
0.267398
0.261637
0.264527
0.308852
0.259412
0.238976
0.24754
0.254223
0.273914
0.288377
0.258912
0.271476
0.295338
0.280303
0.250802
0.278703
0.288685
0.26752
0.320852
0.273543
0.266822
0.273067
0.264908
0.28102
0.264274
0.244383
0.264903
0.560281
0.304586
0.247178
0.285175
0.254444
0.290493
0.280524
0.285261
0.250443
0.300946
0.276796
0.27049
0.202064
0.267183
0.233492
0.224806
0.244268
0.24111
0.298746
0.439938
0.300247
0.24863
0.299992
0.286794
0.274601
0.26399
0.282535
0.326938
0.339025
0.239338
0.257101
0.273364
0.282219
0.293913
0.26867
0.211973
0.298512
0.237861
0.270193
0.245699
0.214549
0.257519
0.286751
0.254486
0.284255
0.250994
0.2991
0.275082
0.31016
0.285789
0.286976
0.23426
0.26973
0.243017
0.263636
0.260014
0.284749
0.312878
0.278014
0.263454
0.265946
0.238833
0.291235
0.279309
0.273367
0.271016
0.3502
0.284538
0.281318
0.28509
0.233501
0.329714
0.235245
0.318393
0.295514
0.197263
0.255533
0.265754
0.281879
0.255791
0.285877
0.251027
0.245698
0.284516
0.281919
0.285128
0.311889
0.261163
0.345891
0.286927
0.313436
0.296871
0.315351
0.250213
0.297189
0.297546
0.260234
0.323739
0.296278
0.256881
0.264767
0.241042
0.202571
0.314105
0.348252
0.381971
0.363105
0.269134
0.276772
0.284482
0.232154
0.255176
0.297319
0.249636
0.29374
0.253008
0.246585
0.296435
0.265118
0.26456
0.315776
0.295628
0.227027
0.254479
0.246809
0.297271
0.288335
0.265654
0.330915
0.314107
0.291837
0.274209
0.250548
0.260355
0.283424
0.237551
0.271134
0.241307
0.252601
0.27902
0.270105
0.278616
0.248701
0.173449
0.316971
0.395896
0.269355
0.3495
0.279569
0.264838
0.26895
0.227564
0.320342
0.265576
0.285836
0.279609
0.2803
0.304664
0.255591
0.288052
0.281123
0.305424
0.280669
0.256453
0.274463
0.252091
0.307242
0.295728
0.278429
0.25828
0.21735
0.276166
0.248644
0.299754
0.308309
0.270885
0.287775
0.250668
0.26113
0.231665
0.277455
0.245393
0.236893
0.276188
0.242472
0.265187
0.263504
0.234424
0.27291
0.247536
0.272713
0.217402
0.284144
0.240712
0.291432
0.286696
0.309111
0.207538
0.285858
0.236077
0.254626
0.430226
0.271299
0.26141
0.283032
0.289257
0.268996
0.241997
0.228582
0.280633
0.270585
0.260193
0.337626
0.3482
0.272529
0.272441
0.257915
0.275854
0.226579
0.283128
0.285693
0.257676
0.375058
0.281682
0.215641
0.268153
0.269629
0.297342
0.284048
0.288724
0.250107
0.259568
0.226673
0.282082
0.292353
0.276477
0.262691
0.290736
0.272171
0.335775
0.249571
0.225717
0.256317
0.241436
0.263358
0.249864
0.270275
0.269438
0.318135
0.244719
0.190625
0.270405
0.332825
0.295606
0.273095
0.28315
0.257291
0.257478
0.266358
0.241995
0.276778
0.284494
0.296143
0.227311
0.26138
0.246034
0.243928
0.269647
0.163084
0.277177
0.274545
0.270535
0.251462
0.304727
0.269955
0.280837
0.290079
0.319599
0.254836
0.236297
0.322262
0.22316
0.261757
0.272526
0.288845
0.262278
0.218136
0.246863
0.220826
0.326903
0.282584
0.282963
0.266047
0.280313
0.236769
0.251787
0.292459
0.307596
0.297005
0.302253
0.291759
0.336647
0.330666
0.291794
0.239055
0.273595
0.275258
0.276725
0.268427
0.261148
0.332164
0.367476
0.331242
0.297966
0.301366
0.247728
0.261406
0.261286
0.334004
0.289764
0.310747
0.220277
0.255565
0.225633
0.277406
0.273274
0.272484
0.260502
0.28278
0.252276
0.256709
0.282094
0.271715
0.263765
0.243405
0.316968
0.287033
0.290731
0.272875
0.271982
0.304125
0.263883
0.281518
0.276224
0.314965
0.30135
0.237264
0.248181
0.262337
0.259913
0.28125
0.305779
0.226204
0.293516
0.129384
0.319117
0.228383
0.212709
0.267074
0.267305
0.298065
0.225396
0.294582
0.261408
0.249054
0.306554
0.28118
0.307656
0.292231
0.243353
0.259598
0.260613
0.314195
0.243293
0.290931
0.310558
0.278766
0.287597
0.304433
0.270665
0.253982
0.292476
0.276823
0.239079
0.257163
0.31407
0.249113
0.256126
0.25421
0.247821
0.26433
0.236617
0.269624
0.251365
0.266903
0.274969
0.256852
0.28591
0.270434
0.307283
0.287962
0.287641
0.309158
0.227618
0.289169
0.276421
0.299406
0.283325
0.357861
0.268465
0.22293
0.350443
0.211999
0.34678
0.260224
0.29951
0.251962
0.244993
0.218732
0.268385
0.282694
0.302109
0.307084
0.264288
0.216047
0.276841
0.253768
0.267738
0.302026
0.254511
0.265327
0.242948
0.269933
0.281277
0.290314
0.268604
0.274443
0.308566
0.263329
0.246782
0.33284
0.233119
0.29099
0.317793
0.295235
0.297288
0.290196
0.3495
0.280978
0.326134
0.307342
0.250794
0.22215
0.364597
0.302435
0.274918
0.223988
0.337055
0.233132
0.29604
0.265298
0.306303
0.2655
0.265339
0.322609
0.270591
0.277927
0.249918
0.252211
0.292697
0.305265
0.2489
0.29023
0.266607
0.224919
0.319545
0.25993
0.343804
0.426691
0.332611
0.245008
0.285613
0.28077
0.248359
0.263302
0.236497
0.227839
0.248329
0.263517
0.237347
0.25543
0.282457
0.270266
0.258622
0.273829
0.294352
0.292815
0.270177
0.263858
0.284114
0.280296
0.243982
0.272447
0.253177
0.29548
0.260572
0.335387
0.280025
0.302534
0.251314
0.31793
0.300834
0.245183
0.258869
0.32613
0.278545
0.304659
0.355954
0.298561
0.29044
0.249543
0.273319
0.208023
0.208402
0.202675
0.256769
0.269096
0.25916
0.257314
0.287286
0.260343
0.233628
0.334926
0.286023
0.22933
0.304109
0.248498
0.227749
0.313575
0.271469
0.242613
0.282622
0.277297
0.297174
0.244874
0.310845
0.266788
0.325452
0.278781
0.264741
0.265611
0.165286
0.21741
0.250256
0.300132
0.319734
0.284995
0.295955
0.270652
0.220298
0.244837
0.357809
0.242993
0.254297
0.271823
0.263639
0.29153
0.266479
0.260848
0.269596
0.227948
0.219764
0.279827
0.289988
0.275091
0.313946
0.248839
0.322672
0.255396
0.232563
0.305669
0.286183
0.308387
0.310716
0.240306
0.248327
0.28352
0.251743
0.253289
0.303638
0.27981
0.314626
0.226611
0.333135
0.32088
0.2964
0.29102
0.309112
0.292011
0.307073
0.258397
0.264178
0.264492
0.310406
0.27705
0.252188
0.216154
0.332263
0.237629
0.273573
0.26196
0.297455
0.30034
0.230339
0.291031
0.229117
0.250947
0.275618
0.30951
0.310888
0.245428
0.264361
0.264981
0.276681
0.259016
0.294757
0.305144
0.2661
0.216142
0.286289
0.273602
0.241766
0.311245
0.271704
0.256022
0.248788
0.268437
0.268971
0.31584
0.34139
0.295677
0.259363
0.29114
0.316987
0.2593
0.296252
0.288399
0.245346
0.283626
0.255682
0.255916
0.211974
0.271701
0.367586
0.265737
0.243552
0.291172
0.27638
0.27291
0.261525
0.242226
0.30507
0.26256
0.268248
0.26259
0.273864
0.251194
0.280994
0.297413
0.240042
0.257633
0.307759
0.286356
0.300239
0.263584
0.260876
0.265901
0.259935
0.246331
0.245443
0.317059
0.264779
0.275982
0.254586
0.28523
0.266492
0.257803
0.296726
0.248495
0.29725
0.273087
0.269227
0.275915
0.257576
0.268154
0.284279
0.300824
0.248175
0.273873
0.222285
0.351633
0.29077
0.266092
0.299155
0.250895
0.288165
0.280758
0.304982
0.301401
0.285167
0.328178
0.250876
0.301702
0.334875
0.263707
0.279601
0.305452
0.286107
0.277817
0.267132
0.284389
0.288255
0.28589
0.331228
0.327792
0.271543
0.351275
0.249679
0.291982
0.269056
0.250728
0.265018
0.298953
0.265582
0.218745
0.260674
0.300156
0.248334
0.356977
0.297557
0.296367
0.268411
0.267584
0.337222
0.27243
0.313051
0.303283
0.273799
0.301128
0.251072
0.330107
0.236972
0.300192
0.280974
0.237864
0.277833
0.220586
0.289636
0.275461
0.240396
0.278129
0.399889
0.278157
0.298201
0.252134
0.255069
0.261201
0.327627
0.260104
0.276559
0.295017
0.280767
0.288171
0.219945
0.2831
0.27879
0.309216
0.271782
0.240742
0.415606
0.246289
0.292541
0.258211
0.242704
0.263863
0.288419
0.247937
0.226757
0.293989
0.30174
0.302504
0.289942
0.292178
0.310591
0.385322
0.313163
0.287422
0.264447
0.334368
0.27199
0.286801
0.261769
0.263046
0.250854
0.246074
0.250158
0.264711
0.282129
0.25426
0.253329
0.214967
0.237105
0.291487
0.275783
0.321613
0.348126
0.265021
0.246648
0.274098
0.277017
0.255722
0.311816
0.284565
0.284986
0.328205
0.248988
0.248435
0.307562
0.26559
0.243205
0.247364
0.250063
0.301285
0.218229
0.305806
0.284552
0.234966
0.308071
0.25955
0.286907
0.219441
0.283581
0.304702
0.279897
0.255978
0.27693
0.253388
0.245133
0.302102
0.305853
0.176788
0.309571
0.244869
0.270644
0.263966
0.149409
0.296767
0.25351
0.277988
0.292303
0.274402
0.23944
0.261119
0.278283
0.254196
0.29427
0.261785
0.254116
0.253206
0.299666
0.293175
0.272057
0.266137
0.266022
0.289848
0.229632
0.2814
0.262782
0.308415
0.316646
0.282778
0.342879
0.303201
0.285591
0.250921
0.238352
0.271458
0.258204
0.308472
0.31286
0.30097
0.307403
0.268468
0.253646
0.224622
0.298008
0.282949
0.223561
0.309688
0.362997
0.315166
0.269827
0.264984
0.227726
0.275455
0.253645
0.272337
0.313214
0.279902
0.276411
0.271968
0.260432
0.266248
0.280165
0.281047
0.341424
0.250111
0.239603
0.308491
0.306538
0.253369
0.260197
0.256282
0.307292
0.282074
0.254232
0.396779
0.293166
0.288523
0.292616
0.26795
0.278133
0.248994
0.270448
0.264864
0.286982
0.350193
0.321631
0.269186
0.261909
0.273612
0.254514
0.25525
0.294581
0.319303
0.226603
0.302213
0.284251
0.28138
0.258775
0.30319
0.290982
0.250455
0.258139
0.197479
0.28282
0.252345
0.251248
0.315555
0.194715
0.306512
0.275548
0.248243
0.284303
0.303676
0.262497
0.269524
0.267261
0.247146
0.27477
0.26433
0.247643
0.33745
0.297687
0.305306
0.259612
0.2733
0.277105
0.258801
0.29259
0.280185
0.240934
0.278608
0.230312
0.310627
0.302319
0.262472
0.301694
0.226134
0.325704
0.240237
0.291531
0.277639
0.242416
0.275424
0.238493
0.307364
0.265681
0.286424
0.263104
0.30377
0.276365
0.255625
0.258731
0.296302
0.364651
0.240701
0.278046
0.311981
0.34234
0.287285
0.278636
0.278775
0.261119
0.25499
0.294294
0.254616
0.234783
0.261245
0.263674
0.264591
0.280031
0.260819
0.285783
0.292272
0.2672
0.215957
0.311531
0.281199
0.240932
0.270225
0.272698
0.294374
0.346651
0.243743
0.283979
0.243504
0.290208
0.251784
0.26733
0.291519
0.273495
0.308831
0.297981
0.24523
0.243179
0.275348
0.24906
0.215757
0.308452
0.214451
0.295415
0.343469
0.283952
0.304272
0.277912
0.26013
0.28463
0.322835
0.318224
0.236806
0.255676
0.263032
0.300219
0.269768
0.23148
0.321852
0.299889
0.272673
0.272571
0.285187
0.301141
0.298176
0.262887
0.297535
0.235409
0.347328
0.303978
0.263916
0.257565
0.268799
0.240037
0.299643
0.286873
0.293921
0.261612
0.244305
0.260958
0.309218
0.305034
0.292695
0.265271
0.252728
0.295808
0.240739
0.275916
0.300711
0.286555
0.256576
0.273028
0.273881
0.29096
0.310208
0.31267
0.239583
0.257186
0.230877
0.303754
0.23629
0.242927
0.301247
0.255961
0.229181
0.283839
0.26849
0.289108
0.247127
0.309598
0.291597
0.309242
0.268949
0.256845
0.234215
0.262218
0.329764
0.232124
0.282333
0.253835
0.320549
0.273616
0.300125
0.257811
0.247106
0.29923
0.275776
0.27326
0.379186
0.237762
0.310879
0.275552
0.284488
0.241404
0.251888
0.319129
0.305514
0.258402
0.242448
0.265598
0.225787
0.263229
0.263349
0.266354
0.259946
0.263141
0.234183
0.294376
0.251637
0.294973
0.27977
0.273486
0.277925
0.316531
0.262909
0.246246
0.279508
0.287262
0.278565
0.231768
0.322684
0.267758
0.21748
0.27373
0.311506
0.287436
0.265575
0.276802
0.475534
0.327976
0.232084
0.280115
0.319136
0.28795
0.289344
0.239282
0.269118
0.293032
0.2504
0.275417
0.283641
0.558621
0.258138
0.26979
0.236794
0.347846
0.275642
0.260694
0.253177
0.311807
0.341045
0.253166
0.268265
0.283019
0.271036
0.260396
0.266839
0.314651
0.302134
0.295066
0.245089
0.265727
0.320379
0.294909
0.368114
0.292097
0.248466
0.277597
0.288305
0.277678
0.249958
0.248993
0.251055
0.284728
0.252757
0.279031
0.259703
0.259204
0.27207
0.303691
0.314097
0.28943
0.274386
0.169119
0.299508
0.206977
0.220719
0.228506
0.306436
0.264977
0.286534
0.252017
0.278469
0.251891
0.299021
0.251953
0.281914
0.260719
0.290737
0.292085
0.301247
0.264857
0.270626
0.31751
0.296551
0.242947
0.332095
0.388411
0.253023
0.258365
0.261866
0.298417
0.236987
0.269599
0.261105
0.224884
0.239235
0.295078
0.347483
0.20984
0.273942
0.308226
0.257493
0.237127
0.267267
0.289904
0.266635
0.250622
0.27057
0.30185
0.257063
0.224975
0.276119
0.228221
0.260931
0.266966
0.277481
0.362467
0.241996
0.307156
0.27257
0.258306
0.264389
0.251966
0.281768
0.287192
0.324987
0.311189
0.289712
0.284128
0.313069
0.261492
0.235664
0.261684
0.299193
0.353122
0.272389
0.278109
0.292425
0.282941
0.235017
0.304532
0.257456
0.306714
0.262727
0.261858
0.256062
0.284983
0.298106
0.298689
0.239659
0.273355
0.284579
0.287398
0.290819
0.253344
0.461586
0.297426
0.310873
0.274604
0.269567
0.316604
0.268578
0.262713
0.280052
0.283029
0.267311
0.249235
0.280999
0.252925
0.272849
0.289349
0.227736
0.242892
0.273819
0.271589
0.256422
0.28748
0.251373
0.302156
0.25127
0.208353
0.247952
0.316266
0.370894
0.242266
0.284794
0.248775
0.269512
0.341931
0.287737
0.27265
0.254278
0.292504
0.298162
0.271204
0.334386
0.274245
0.260793
0.268441
0.294266
0.242958
0.263638
0.345891
0.250357
0.262686
0.244386
0.25454
0.273091
0.288288
0.262383
0.269252
0.32299
0.269471
0.242621
0.28069
0.307533
0.324373
0.261734
0.276165
0.297021
0.261128
0.248259
0.276081
0.273547
0.277468
0.259676
0.294932
0.217337
0.310246
0.263192
0.243679
0.271586
0.254943
0.260904
0.279034
0.265518
0.311706
0.285545
0.264221
0.269246
0.356066
0.286004
0.274108
0.265441
0.276024
0.312124
0.251992
0.245926
0.242264
0.264418
0.259337
0.28307
0.307874
0.255057
0.286528
0.207354
0.286047
0.323888
0.317127
0.247006
0.256545
0.264256
0.310011
0.207457
0.232815
0.266615
0.292087
0.282551
0.269125
0.297583
0.285531
0.289307
0.245533
0.30508
0.196616
0.260559
0.305593
0.263878
0.223294
0.25687
0.306642
0.330455
0.258629
0.240488
0.235054
0.304139
0.268227
0.267322
0.257547
0.268688
0.246035
0.236796
0.276306
0.272434
0.265036
0.267827
0.262281
0.298358
0.309084
0.25407
0.296877
0.259906
0.223374
0.27197
0.339711
0.263403
0.23697
0.271328
0.299739
0.288494
0.219293
0.254751
0.321967
0.312968
0.263387
0.307855
0.294676
0.257717
0.286712
0.261649
0.324748
0.268819
0.280527
0.315229
0.294587
0.311234
0.279274
0.262141
0.287957
0.250161
0.296632
0.268268
0.279745
0.260946
0.264868
0.263726
0.304012
0.241729
0.257368
0.2085
0.274155
0.269427
0.326626
0.257054
0.280553
0.274471
0.259286
0.321456
0.293871
0.292377
0.250226
0.292622
0.258079
0.282327
0.296615
0.168378
0.243168
0.257817
0.290085
0.245742
0.287994
0.267735
0.288062
0.371139
0.26984
0.333585
0.271444
0.271943
0.245895
0.307994
0.241397
0.231862
0.234792
0.281658
0.253115
0.268967
0.258935
0.32302
0.251274
0.252828
0.259747
0.280999
0.28557
0.345276
0.316841
0.262534
0.292564
0.269888
0.241809
0.278565
0.283593
0.218478
0.334288
0.241596
0.297236
0.244124
0.294724
0.234792
0.262261
0.22312
0.267438
0.244789
0.261307
0.258543
0.315652
0.261799
0.258917
0.269692
0.241586
0.242601
0.277565
0.292934
0.240823
0.222926
0.283194
0.255739
0.254749
0.287572
0.279861
0.276587
0.304139
0.281041
0.212279
0.280571
0.302089
0.260896
0.263833
0.355391
0.340014
0.266342
0.245465
0.256706
0.220178
0.266678
0.299874
0.272958
0.259529
0.282027
0.275702
0.334828
0.295467
0.270382
0.280128
0.275542
0.238404
0.258593
0.269063
0.245169
0.269526
0.27709
0.290119
0.298052
0.255223
0.234282
0.25407
0.272727
0.340611
0.284007
0.35085
0.276853
0.253918
0.236577
0.225984
0.287927
0.318387
0.268242
0.238647
0.304016
0.235667
0.249023
0.294386
0.292342
0.221069
0.28475
0.270824
0.263209
0.268932
0.274211
0.22699
0.21604
0.292895
0.267695
0.259361
0.241428
0.267418
0.314686
0.312474
0.491676
0.266256
0.294051
0.316128
0.270147
0.276949
0.279477
0.2724
0.302814
0.309301
0.263171
0.245589
0.248166
0.350895
0.268088
0.331411
0.242682
0.26862
0.281245
0.247333
0.308452
0.237621
0.191468
0.286749
0.268129
0.292827
0.217477
0.291839
0.275745
0.238228
0.250402
0.248422
0.240291
0.331557
0.249046
0.296668
0.278604
0.244645
0.267805
0.223777
0.291513
0.226562
0.265534
0.261623
0.24271
0.250921
0.32
0.269932
0.269557
0.275896
0.275779
0.273094
0.254859
0.273124
0.296327
0.221106
0.247
0.222489
0.299894
0.302593
0.267287
0.295669
0.320152
0.278454
0.265008
0.332981
0.316804
0.307299
0.226902
0.27772
0.283778
0.295344
0.300121
0.279721
0.281795
0.200495
0.247191
0.22962
0.267186
0.267146
0.306487
0.290377
0.281368
0.297694
0.252863
0.282938
0.297257
0.245044
0.250147
0.250532
0.22814
0.323595
0.24715
0.26219
0.25
0.264981
0.291631
0.252012
0.291325
0.250249
0.319175
0.274377
0.272426
0.274434
0.245337
0.27127
0.267312
0.359641
0.192753
0.262446
0.280906
0.283471
0.290853
0.305728
0.314459
0.26921
0.267523
0.324991
0.289151
0.310124
0.278277
0.349868
0.238264
0.252354
0.236706
0.253334
0.2599
0.25851
0.268283
0.272565
0.265552
0.259716
0.267678
0.302479
0.286075
0.291749
0.277516
0.210803
0.265201
0.24327
0.265686
0.259362
0.280961
0.400334
0.296431
0.294465
0.268708
0.27362
0.271582
0.304803
0.327878
0.281233
0.263688
0.321235
0.251395
0.280547
0.282323
0.292789
0.287405
0.317533
0.1905
0.291832
0.2548
0.272788
0.260913
0.233206
0.293885
0.254664
0.204
0.307282
0.252142
0.253057
0.289427
0.241454
0.240849
0.224617
0.27512
0.296765
0.27038
0.275036
0.28039
0.243811
0.29331
0.272133
0.260728
0.316081
0.247589
0.286194
0.303383
0.280965
0.27069
0.28071
0.280462
0.296928
0.255231
0.307573
0.207237
0.299227
0.271865
0.246751
0.285291
0.263065
0.239089
0.266715
0.262376
0.273769
0.270821
0.310182
0.253246
0.229059
0.29709
0.263664
0.285194
0.265112
0.322998
0.247554
0.260564
0.257867
0.245182
0.29789
0.305486
0.267049
0.259592
0.272014
0.252452
0.271143
0.315527
0.343425
0.286499
0.299945
0.265824
0.257624
0.293694
0.301101
0.269225
0.199692
0.234533
0.291225
0.242878
0.273857
0.279947
0.334131
0.239051
0.282279
0.244837
0.245777
0.311466
0.268197
0.259902
0.310995
0.268961
0.235767
0.237134
0.314148
0.240029
0.244624
0.270716
0.283183
0.263659
0.253447
0.267342
0.24998
0.247184
0.229566
0.304332
0.257075
0.275505
0.29466
0.271562
0.270529
0.274186
0.2532
0.264269
0.280974
0.29105
0.26586
0.258514
0.280876
0.284223
0.300446
0.269473
0.255382
0.217042
0.277126
0.252663
0.284353
0.257517
0.354436
0.287717
0.273648
0.320918
0.316549
0.25582
0.287366
0.259417
0.276495
0.248632
0.274752
0.272314
0.213446
0.226552
0.262019
0.265296
0.280225
0.221322
0.253561
0.241821
0.299138
0.265472
0.262174
0.241232
0.313645
0.258475
0.263721
0.262583
0.244871
0.236829
0.238735
0.277093
0.263186
0.293157
0.277243
0.320012
0.310634
0.317414
0.297874
0.243941
0.193529
0.265714
0.316581
0.272841
0.277246
0.283517
0.276761
0.254359
0.275471
0.258732
0.272037
0.288617
0.262305
0.30193
0.229628
0.238551
0.243012
0.236417
0.319997
0.280128
0.255507
0.313193
0.264929
0.303473
0.275167
0.30088
0.272383
0.256549
0.308185
0.305481
0.244249
0.282922
0.295729
0.233144
0.247444
0.265028
0.273126
0.245362
0.267963
0.275527
0.299692
0.238694
0.261593
0.292652
0.262225
0.224152
0.242876
0.256991
0.243039
0.238766
0.285481
0.257101
0.301224
0.337809
0.30342
0.272547
0.24586
0.296392
0.250468
0.279922
0.298135
0.230924
0.207161
0.284827
0.288256
0.28857
0.288982
0.289758
0.264998
0.281193
0.258687
0.455168
0.296898
0.313722
0.360792
0.271885
0.273147
0.215023
0.29681
0.235202
0.262436
0.280541
0.282394
0.378776
0.290376
0.293564
0.255103
0.240659
0.360188
0.247616
0.239209
0.292467
0.301896
0.275055
0.300721
0.250057
0.243777
0.301746
0.24639
0.275006
0.284899
0.290844
0.254431
0.311182
0.291225
0.303536
0.258279
0.307223
0.282732
0.266428
0.283503
0.310974
0.216615
0.284614
0.23913
0.272438
0.227338
0.255609
0.262461
0.307754
0.25823
0.28588
0.271585
0.285365
0.282819
0.264901
0.27181
0.274524
0.237582
0.269782
0.21505
0.350942
0.295556
0.267796
0.271661
0.294057
0.255282
0.270282
0.287616
0.288838
0.327083
0.264196
0.259113
0.243934
0.258905
0.254316
0.366896
0.24901
0.264017
0.280644
0.274269
0.250979
0.278065
0.312685
0.276265
0.237564
0.225134
0.252394
0.344038
0.324256
0.297033
0.358091
0.261001
0.243286
0.241451
0.31015
0.271109
0.228587
0.219622
0.284505
0.29609
0.265587
0.245976
0.298699
0.273693
0.271071
0.271235
0.349722
0.295078
0.291401
0.286959
0.258649
0.252972
0.26835
0.340196
0.285726
0.266646
0.27245
0.23926
0.258277
0.282915
0.334208
0.296385
0.263941
0.366086
0.317314
0.288447
0.227688
0.285554
0.265433
0.246994
0.339036
0.325214
0.262692
0.275342
0.258024
0.280741
0.266367
0.308352
0.303897
0.245105
0.274982
0.347453
0.25149
0.258507
0.259457
0.267506
0.254339
0.260479
0.262616
0.325446
0.249836
0.291495
0.221309
0.223519
0.284091
0.272798
0.347328
0.279843
0.233208
0.264291
0.277051
0.333889
0.253821
0.323625
0.301748
0.279126
0.279868
0.259645
0.286535
0.274698
0.268519
0.278334
0.276474
0.275413
0.281827
0.313349
0.290154
0.302339
0.275952
0.309281
0.297496
0.2712
0.28846
0.261626
0.244902
0.291709
0.330082
0.305449
0.242533
0.242988
0.292804
0.205588
0.254765
0.261044
0.264134
0.254721
0.277726
0.276408
0.245533
0.266106
0.293434
0.300682
0.221268
0.295872
0.272793
0.264951
0.310901
0.32991
0.254878
0.268847
0.271317
0.240921
0.277243
0.294889
0.27892
0.26718
0.277465
0.240246
0.234867
0.267953
0.292391
0.262464
0.284462
0.241943
0.247457
0.265568
0.285357
0.274284
0.356044
0.276851
0.295132
0.271372
0.248826
0.287874
0.261096
0.281561
0.262753
0.254181
0.310999
0.228794
0.250695
0.28758
0.362748
0.256666
0.275422
0.279234
0.252709
0.265781
0.236296
0.294572
0.260349
0.251817
0.247299
0.277445
0.292605
0.245139
0.222222
0.223444
0.303028
0.255239
0.260399
0.265876
0.297623
0.27756
0.297127
0.244125
0.26694
0.324145
0.273058
0.314722
0.280159
0.3979
0.2055
0.280518
0.254395
0.272365
0.271154
0.324028
0.281028
0.262327
0.295987
0.268369
0.268133
0.271999
0.192644
0.315063
0.199607
0.309165
0.298849
0.278986
0.411479
0.282844
0.286894
0.279053
0.314221
0.278632
0.230184
0.289843
0.360653
0.308363
0.243789
0.310357
0.328344
0.296823
0.257942
0.267469
0.282008
0.269211
0.306773
0.305743
0.261962
0.250731
0.220057
0.191323
0.25654
0.283599
0.307176
0.235083
0.245409
0.27424
0.328838
0.258618
0.238723
0.279332
0.270272
0.266466
0.277139
0.293755
0.288863
0.246397
0.234949
0.219717
0.262581
0.294371
0.230139
0.25553
0.23431
0.331354
0.267934
0.256718
0.260615
0.278769
0.279477
0.205886
0.256335
0.224734
0.281909
0.295261
0.301525
0.217518
0.236973
0.288419
0.269192
0.283838
0.278653
0.27943
0.316366
0.250853
0.258336
0.299459
0.323759
0.263849
0.258798
0.251169
0.272334
0.286561
0.266486
0.270889
0.26641
0.296664
0.260786
0.299004
0.282009
0.306461
0.250952
0.270508
0.208421
0.265426
0.262884
0.27506
0.306402
0.199585
0.33877
0.248333
0.337246
0.409896
0.267205
0.301795
0.261688
0.287021
0.278605
0.256821
0.263648
0.275793
0.277889
0.255446
0.297044
0.271249
0.25353
0.315886
0.383065
0.232102
0.302417
0.326403
0.313709
0.266603
0.230347
0.275697
0.255246
0.263207
0.282887
0.257131
0.260895
0.286524
0.262229
0.255098
0.221114
0.297631
0.242419
0.285748
0.252833
0.279342
0.255503
0.288165
0.238262
0.242424
0.257069
0.289349
0.268482
0.30632
0.230304
0.307686
0.328854
0.254812
0.236044
0.273463
0.273325
0.266568
0.248764
0.265323
0.326938
0.235674
0.420751
0.324551
0.293425
0.246289
0.287943
0.300563
0.238711
0.250402
0.374295
0.269171
0.255333
0.245087
0.231396
0.231361
0.301735
0.295449
0.265064
0.2493
0.212706
0.315798
0.293584
0.292405
0.290873
0.301401
0.250983
0.246807
0.268696
0.304804
0.285325
0.287526
0.287163
0.263245
0.285632
0.222796
0.265965
0.290297
0.271778
0.281101
0.364009
0.326274
