0.298128
0.347699
0.282757
0.285764
0.33356
0.298799
0.277594
0.292532
0.290089
0.231956
0.365081
0.227795
0.249446
0.253799
0.277909
0.241148
0.215829
0.239912
0.210231
0.308677
0.310158
0.265849
0.23626
0.278099
0.312813
0.246507
0.252808
0.277514
0.321771
0.256616
0.341056
0.267192
0.230142
0.289123
0.289386
0.232848
0.290724
0.273926
0.283584
0.283461
0.2352
0.304852
0.269115
0.336746
0.269913
0.327062
0.252293
0.227607
0.300705
0.333499
0.31531
0.286409
0.269017
0.310402
0.268934
0.291055
0.240155
0.282775
0.305597
0.228196
0.298719
0.272742
0.23256
0.322092
0.224465
0.303807
0.261978
0.271826
0.296699
0.290148
0.264196
0.481053
0.336942
0.274201
0.239132
0.293073
0.245066
0.300732
0.263844
0.336303
0.281055
0.277057
0.300617
0.303125
0.26831
0.292269
0.236263
0.258364
0.286367
0.293302
0.296488
0.241054
0.235751
0.278086
0.244315
0.283461
0.253916
0.33761
0.271548
0.252207
0.272769
0.265036
0.284962
0.22759
0.264896
0.247001
0.371299
0.254415
0.241623
0.273185
0.304231
0.307893
0.325769
0.248773
0.283189
0.272225
0.201893
0.284917
0.266789
0.301063
0.268426
0.298243
0.292839
0.292722
0.301039
0.270266
0.247655
0.267906
0.269234
0.275835
0.307107
0.212143
0.258284
0.311897
0.267664
0.290351
0.307882
0.256494
0.283665
0.287108
0.261486
0.24374
0.270058
0.342854
0.281687
0.262502
0.304979
0.274979
0.246249
0.284414
0.248034
0.260118
0.3497
0.296428
0.294406
0.303926
0.304638
0.288944
0.254366
0.207306
0.257971
0.260282
0.248786
0.272529
0.281592
0.337967
0.340699
0.226499
0.247641
0.284682
0.265543
0.271038
0.280891
0.251603
0.308623
0.247256
0.262641
0.258502
0.298284
0.271711
0.276807
0.320814
0.275322
0.269041
0.268129
0.299583
0.286256
0.255712
0.24555
0.235125
0.247349
0.214316
0.296024
0.284328
0.272068
0.281887
0.275303
0.249376
0.302892
0.296618
0.234708
0.261091
0.247091
0.271
0.237252
0.245971
0.256224
0.245427
0.252956
0.301025
0.29627
0.233646
0.352352
0.298468
0.285163
0.292397
0.279359
0.277948
0.24938
0.205425
0.266986
0.267838
0.335175
0.292984
0.261164
0.246682
0.263529
0.306487
0.220202
0.235641
0.274317
0.305929
0.29836
0.448903
0.313444
0.28052
0.295585
0.243355
0.344908
0.270284
0.297433
0.297571
0.34097
0.253416
0.287061
0.256242
0.219787
0.275487
0.270634
0.280932
0.265692
0.247265
0.314733
0.271453
0.301545
0.286525
0.282741
0.31239
0.284643
0.301374
0.263199
0.240999
0.316506
0.30214
0.284207
0.401789
0.275106
0.291616
0.306186
0.326739
0.30399
0.26402
0.202366
0.246743
0.259745
0.352776
0.263129
0.287379
0.268317
0.268446
0.285691
0.280174
0.273002
0.244037
0.259543
0.277214
0.215071
0.23314
0.259271
0.379978
0.316934
0.235914
0.26106
0.288808
0.265603
0.27459
0.267756
0.225288
0.267673
0.260936
0.311767
0.246534
0.283138
0.238681
0.232033
0.263046
0.287229
0.245628
0.278365
0.220964
0.278887
0.275088
0.295398
0.281102
0.268054
0.270915
0.239252
0.312051
0.235412
0.373801
0.344707
0.278069
0.260627
0.278861
0.274492
0.327016
0.327386
0.281945
0.281504
0.29601
0.288142
0.291304
0.364699
0.294498
0.245358
0.312814
0.266742
0.282911
0.311525
0.290876
0.288889
0.307056
0.293909
0.258584
0.217986
0.248036
0.251436
0.296964
0.313259
0.281888
0.296851
0.266223
0.301373
0.256212
0.378904
0.281471
0.345975
0.293386
0.308765
0.250421
0.268215
0.268534
0.258499
0.239515
0.301513
0.256536
0.248213
0.279972
0.29405
0.291462
0.280228
0.279243
0.265689
0.197204
0.291237
0.304422
0.296122
0.298654
0.25
0.234998
0.342695
0.274272
0.267361
0.238867
0.286298
0.286658
0.307969
0.287631
0.276747
0.282862
0.260223
0.263472
0.261733
0.273348
0.331957
0.184578
0.287586
0.273446
0.228137
0.244267
0.299483
0.285322
0.23175
0.261679
0.319664
0.307817
0.312932
0.255095
0.237053
0.241524
0.270651
0.243579
0.332378
0.309144
0.25906
0.289161
0.266986
0.324628
0.260327
0.291966
0.301976
0.230439
0.264254
0.259209
0.301564
0.307092
0.387493
0.25659
0.32109
0.278775
0.308626
0.319647
0.25336
0.321574
0.271556
0.258735
0.251598
0.323752
0.318966
0.226966
0.244617
0.300299
0.323616
0.294426
0.282433
0.372039
0.304132
0.241209
0.273717
0.286818
0.30992
0.262045
0.30135
0.285762
0.303415
0.284396
0.210239
0.280896
0.282407
0.274057
0.262335
0.339966
0.262926
0.272667
0.310899
0.295868
0.271982
0.283992
0.331648
0.340035
0.331898
0.211607
0.308187
0.313026
0.239083
0.24321
0.269217
0.266971
0.27409
0.348549
0.297625
0.329291
0.281636
0.313828
0.293698
0.244044
0.256787
0.292485
0.263943
0.311911
0.277409
0.253115
0.251152
0.288511
0.281583
0.222895
0.28052
0.290847
0.271488
0.26035
0.299241
0.294129
0.28723
0.376523
0.280218
0.287029
0.277765
0.275068
0.268393
0.266963
0.285692
0.280147
0.254845
0.239852
0.250105
0.270355
0.275988
0.248216
0.233375
0.270037
0.267143
0.266827
0.25017
0.298063
0.336067
0.2419
0.230775
0.276072
0.250645
0.269391
0.279994
0.249705
0.299554
0.276921
0.301499
0.251329
0.267989
0.260024
0.216297
0.288009
0.262591
0.268764
0.225639
0.255733
0.287375
0.285366
0.257242
0.306346
0.235699
0.322127
0.276314
0.236945
0.286382
0.309715
0.285951
0.295353
0.290279
0.299809
0.252805
0.263094
0.248468
0.249394
0.265683
0.295351
0.289503
0.212446
0.280451
0.249197
0.304013
0.249395
0.221834
0.268643
0.244633
0.28083
0.315415
0.23478
0.282122
0.304766
0.321104
0.274899
0.216262
0.217516
0.257679
0.265155
0.25245
0.27839
0.217455
0.28382
0.267984
0.273329
0.260893
0.251241
0.276079
0.281664
0.412534
0.258916
0.229749
0.21548
0.255055
0.200945
0.270318
0.292746
0.279546
0.257127
0.224196
0.187129
0.318992
0.299374
0.297142
0.253184
0.220139
0.33266
0.279403
0.296428
0.345496
0.28407
0.288602
0.294156
0.245607
0.267206
0.286484
0.295289
0.219334
0.24729
0.26663
0.288325
0.280767
0.356209
0.331028
0.252366
0.298717
0.289672
0.279721
0.226667
0.24926
0.252666
0.261263
0.283479
0.266818
0.300024
0.291103
0.235544
0.285439
0.280682
0.282115
0.190685
0.346722
0.243921
0.290424
0.282858
0.284818
0.270068
0.266646
0.25628
0.250873
0.313547
0.275572
0.293897
0.295534
0.231837
0.291053
0.270076
0.226391
0.272071
0.268399
0.262618
0.275
0.278377
0.284011
0.268348
0.255699
0.289226
0.27661
0.314267
0.320449
0.245092
0.269576
0.29076
0.287882
0.273899
0.336709
0.239235
0.252301
0.253332
0.27748
0.303316
0.275418
0.24023
0.300424
0.256971
0.265494
0.294326
0.302546
0.289308
0.302678
0.296479
0.291109
0.267794
0.279137
0.346507
0.285749
0.268577
0.303073
0.260679
0.284946
0.243154
0.256159
0.285149
0.26743
0.288352
0.250837
0.288474
0.256461
0.271893
0.291856
0.288163
0.285976
0.24904
0.237511
0.256336
0.257951
0.310186
0.264708
0.279038
0.260741
0.204732
0.27551
0.303223
0.280778
0.314684
0.231617
0.275978
0.295796
0.262617
0.308514
0.304273
0.242784
0.247607
0.29066
0.267873
0.268035
0.2222
0.278951
0.233937
0.249839
0.273716
0.313342
0.24004
0.302364
0.363097
0.25512
0.323078
0.260589
0.273075
0.30046
0.287782
0.267976
0.239941
0.305846
0.262869
0.225112
0.255637
0.310647
0.236727
0.3188
0.281106
0.273607
0.260638
0.243376
0.23203
0.325255
0.27593
0.308232
0.308667
0.232621
0.276536
0.28338
0.263095
0.273963
0.281158
0.290191
0.319688
0.33811
0.229499
0.283192
0.299551
0.254483
0.268852
0.258045
0.306809
0.258843
0.295254
0.277927
0.237905
0.267378
0.256316
0.367065
0.268214
0.218925
0.204399
0.282568
0.277855
0.268045
0.234242
0.28332
0.340077
0.251452
0.245658
0.269783
0.267348
0.239498
0.26125
0.28994
0.321907
0.287298
0.373867
0.319511
0.293182
0.342959
0.307034
0.238045
0.292993
0.320408
0.323803
0.252554
0.260737
0.281154
0.255441
0.278545
0.265004
0.322117
0.311929
0.299598
0.246041
0.256279
0.273769
0.259376
0.398204
0.304706
0.230669
0.263069
0.23551
0.288058
0.299771
0.317426
0.30713
0.255444
0.285334
0.292054
0.329306
0.27143
0.233402
0.291973
0.290897
0.276006
0.323647
0.226069
0.273628
0.273368
0.312879
0.312304
0.269533
0.248282
0.280891
0.45325
0.319185
0.262733
0.23587
0.284
0.255608
0.294705
0.288447
0.275058
0.256772
0.301711
0.241964
0.280728
0.272936
0.279077
0.281376
0.308662
0.27792
0.269693
0.19963
0.317311
0.268242
0.266564
0.289643
0.278546
0.262636
0.28017
0.294298
0.294715
0.226316
0.282917
0.258123
0.245409
0.282816
0.218612
0.278178
0.303706
0.313619
0.250063
0.26949
0.297699
0.289372
0.261222
0.281733
0.264151
0.272118
0.277814
0.263004
0.257356
0.295017
0.263876
0.359969
0.269314
0.174635
0.377411
0.248481
0.271814
0.283969
0.277897
0.273014
0.297443
0.259978
0.313676
0.306431
0.266288
0.260685
0.261262
0.252263
0.317563
0.25586
0.295726
0.312255
0.265218
0.228079
0.27733
0.269091
0.336781
0.297212
0.235806
0.237996
0.348254
0.271823
0.254552
0.314134
0.257374
0.277693
0.238082
0.299605
0.276487
0.290168
0.29414
0.282208
0.225483
0.271384
0.248831
0.329084
0.278013
0.239901
0.264129
0.283292
0.258292
0.289821
0.27689
0.337777
0.273935
0.25352
0.272385
0.224054
0.287618
0.273305
0.256086
0.288861
0.260705
0.28704
0.249077
0.204217
0.254997
0.289017
0.235167
0.232476
0.241228
0.271916
0.237004
0.25134
0.300941
0.221437
0.262559
0.267665
0.300035
0.380303
0.29537
0.320608
0.306226
0.298525
0.29556
0.260237
0.234174
0.302566
0.287033
0.250805
0.261683
0.223516
0.304647
0.311786
0.257466
0.253757
0.26112
0.286501
0.376651
0.269864
0.279704
0.221349
0.284876
0.25525
0.256312
0.309981
0.280218
0.276611
0.351169
0.302831
0.248766
0.257923
0.253099
0.244943
0.275718
0.256006
0.334101
0.265235
0.299657
0.288255
0.292175
0.287818
0.29055
0.245969
0.279149
0.301278
0.311456
0.270112
0.268058
0.289238
0.259721
0.274418
0.297789
0.328644
0.268161
0.24525
0.402586
0.247461
0.289007
0.294051
0.309474
0.323441
0.305103
0.246337
0.310609
0.271429
0.326269
0.315224
0.236447
0.315598
0.265581
0.280236
0.276326
0.238535
0.229439
0.293812
0.289501
0.249141
0.279001
0.257167
0.287733
0.296996
0.282261
0.279364
0.271323
0.274746
0.286082
0.240764
0.296331
0.270632
0.282906
0.281814
0.260256
0.324483
0.256151
0.21988
0.284603
0.256255
0.224032
0.252748
0.283805
0.242741
0.258422
0.331298
0.316036
0.275314
0.323602
0.309728
0.443794
0.287824
0.24304
0.328795
0.264318
0.287621
0.26203
0.292546
0.256473
0.214798
0.324896
0.28996
0.286216
0.267374
0.277483
0.265935
0.334923
0.259297
0.284817
0.28609
0.250783
0.256772
0.308628
0.252402
0.239879
0.31227
0.254619
0.260783
0.247904
0.302121
0.280342
0.241607
0.252877
0.248681
0.264379
0.327999
0.241616
0.314094
0.235235
0.314582
0.294478
0.311926
0.315354
0.294172
0.360658
0.268579
0.235902
0.278534
0.300248
0.323123
0.265021
0.245968
0.240605
0.27931
0.290115
0.301999
0.2588
0.313271
0.28142
0.320788
0.294777
0.286101
0.264338
0.270676
0.264836
0.285105
0.284094
0.331934
0.285388
0.384178
0.262971
0.292582
0.289431
0.328271
0.262047
0.288608
0.295753
0.30662
0.247761
0.315333
0.236213
0.264463
0.317773
0.303226
0.213323
0.230361
0.275222
0.269471
0.255534
0.30083
0.277741
0.273027
0.289399
0.359773
0.245301
0.195016
0.271853
0.283543
0.264778
0.324373
0.34573
0.340207
0.270507
0.351689
0.254875
0.27807
0.299505
0.301184
0.289145
0.248516
0.238636
0.290792
0.25319
0.24476
0.287656
0.275736
0.304201
0.242033
0.265954
0.248934
0.247389
0.257901
0.286372
0.244037
0.238575
0.322825
0.281619
0.291657
0.266053
0.306347
0.293452
0.302417
0.302269
0.279259
0.249788
0.311995
0.267626
0.258046
0.285877
0.294771
0.289134
0.296815
0.224031
0.277028
0.301787
0.274345
0.29918
0.227637
0.284359
0.303935
0.27298
0.274716
0.302182
0.232417
0.253634
0.331337
0.273662
0.276073
0.334347
0.281379
0.269466
0.27397
0.278151
0.326299
0.348968
0.21853
0.277718
0.273708
0.287408
0.33228
0.264499
0.25305
0.281061
0.333568
0.311387
0.275294
0.250959
0.270476
0.241272
0.329592
0.28474
0.288547
0.241025
0.281596
0.254673
0.324854
0.301348
0.223098
0.24636
0.279085
0.259357
0.258653
0.276425
0.291234
0.283893
0.257277
0.297742
0.238884
0.223267
0.286992
0.236638
0.21604
0.361712
0.191029
0.285624
0.312912
0.334315
0.283539
0.21009
0.273167
0.283342
0.276747
0.2707
0.283536
0.280665
0.286432
0.291399
0.256219
0.279798
0.418713
0.269486
0.316918
0.269234
0.256249
0.295897
0.253038
0.267521
0.287573
0.293296
0.277799
0.298826
0.294041
0.265539
0.272886
0.261691
0.280743
0.291527
0.263363
0.255232
0.334068
0.331291
0.295894
0.196628
0.234035
0.297399
0.287425
0.215643
0.249567
0.269383
0.243866
0.285232
0.270847
0.174594
0.309293
0.310455
0.284357
0.293508
0.276035
0.273704
0.297669
0.265565
0.299405
0.303244
0.298821
0.25081
0.337788
0.289265
0.261905
0.323722
0.306156
0.276551
0.302072
0.244968
0.239112
0.296359
0.278362
0.264996
0.254907
0.300449
0.294841
0.268926
0.276839
0.307302
0.238444
0.276513
0.263053
0.286503
0.255263
0.421322
0.25065
0.271852
0.365376
0.294877
0.225435
0.270233
0.282888
0.318994
0.238055
0.232241
0.250224
0.292429
0.322636
0.245227
0.257869
0.238908
0.221611
0.252282
0.274376
0.353492
0.237857
0.309094
0.259814
0.262337
0.337438
0.24653
0.193676
0.251985
0.278004
0.288706
0.264583
0.272055
0.239613
0.253018
0.220097
0.277768
0.253727
0.289376
0.248416
0.279205
0.284748
0.275423
0.280685
0.249357
0.223813
0.272829
0.233129
0.263549
0.28275
0.268326
0.241492
0.29142
0.279314
0.294352
0.289523
0.334755
0.257795
0.312581
0.280078
0.260743
0.281623
0.228571
0.284212
0.279455
0.286749
0.299853
0.254683
0.26473
0.27388
0.301234
0.29439
0.319118
0.309138
0.298547
0.296571
0.274909
0.262441
0.293055
0.270206
0.297672
0.235429
0.257081
0.302434
0.273752
0.260893
0.283845
0.258257
0.256321
0.312447
0.256498
0.280708
0.249924
0.273015
0.248731
0.213137
0.328891
0.287904
0.287857
0.262661
0.262295
0.271265
0.250681
0.235063
0.263587
0.330382
0.247642
0.288902
0.269618
0.248594
0.285781
0.252952
0.39347
0.24365
0.284698
0.325959
0.26595
0.259331
0.240295
0.292217
0.275198
0.269043
0.329295
0.327873
0.25642
0.277453
0.311
0.304399
0.255259
0.295214
0.267958
0.293233
0.333205
0.280134
0.242186
0.299047
0.29505
0.308325
0.321076
0.3146
0.302324
0.251288
0.289445
0.253144
0.299847
0.172929
0.250447
0.290081
0.257812
0.281454
0.282945
0.262289
0.244098
0.372901
0.313336
0.269289
0.324018
0.225723
0.272699
0.358325
0.255568
0.23227
0.343464
0.29606
0.264576
0.244315
0.26336
0.240752
0.275553
0.259115
0.269982
0.245806
0.297621
0.225502
0.251226
0.222294
0.257482
0.250231
0.209386
0.293135
0.288516
0.253434
0.2543
0.303327
0.277309
0.233238
0.249828
0.279902
0.276432
0.292748
0.313976
0.262815
0.324697
0.264529
0.286313
0.28238
0.263672
0.410762
0.314542
0.270761
0.361309
0.309786
0.263194
0.289482
0.286363
0.262704
0.322394
0.243334
0.32222
0.228526
0.266602
0.238727
0.298801
0.260252
0.243781
0.301442
0.291586
0.277233
0.298797
0.286043
0.206984
0.303026
0.291075
0.177014
0.31087
0.29572
0.282386
0.260805
0.262703
0.299279
0.241802
0.267878
0.246957
0.270138
0.314951
0.257296
0.43747
0.223999
0.279855
0.264096
0.252723
0.349294
0.294921
0.27542
0.317251
0.306857
0.263088
0.276044
0.366422
0.270956
0.270703
0.290678
0.278014
0.230301
0.228448
0.292404
0.260818
0.311524
0.280754
0.30007
0.254431
0.316958
0.27528
0.262381
0.356635
0.277746
0.270933
0.264904
0.269852
0.300287
0.296211
0.318499
0.308322
0.259073
0.473698
0.23934
0.273023
0.243328
0.301436
0.28099
0.294976
0.344106
0.331415
0.253425
0.26918
0.266454
0.298079
0.319125
0.290717
0.303372
0.254927
0.276604
0.289234
0.274648
0.295555
0.272672
0.23869
0.260285
0.26871
0.243659
0.279808
0.295024
0.299347
0.248562
0.294871
0.265439
0.260797
0.297654
0.308031
0.339621
0.242858
0.247808
0.28851
0.245868
0.267073
0.203753
0.301691
0.210315
0.35253
0.242057
0.265091
0.250553
0.247123
0.247895
0.28969
0.25686
0.222698
0.277548
0.289818
0.226883
0.267507
0.279464
0.269357
0.211463
0.276612
0.247162
0.311866
0.288743
0.254068
0.297836
0.20766
0.274329
0.257071
0.2693
0.280473
0.229224
0.274757
0.287151
0.286938
0.309165
0.274244
0.310422
0.20699
0.275184
0.285879
0.27251
0.250847
0.204767
0.262478
0.255812
0.220408
0.360033
0.297543
0.311987
0.323522
0.26828
0.296458
0.258028
0.282811
0.287246
0.269634
0.282062
0.25352
0.285472
0.283434
0.233028
0.297405
0.25401
0.286825
0.24579
0.269076
0.286368
0.309901
0.270247
0.32787
0.337101
0.238709
0.317753
0.277768
0.310873
0.201708
0.25305
0.281998
0.243042
0.287485
0.263103
0.252637
0.206025
0.245386
0.250437
0.23965
0.267032
0.275321
0.29927
0.285179
0.257556
0.336068
0.271634
0.363388
0.259324
0.231365
0.258663
0.271354
0.270921
0.278634
0.33391
0.277596
0.270131
0.265176
0.334563
0.355563
0.280818
0.355383
0.305928
0.281193
0.276967
0.269128
0.261088
0.295069
0.242816
0.324404
0.257969
0.349198
0.264293
0.29167
0.296306
0.266378
0.227441
0.299633
0.262983
0.285704
0.288158
0.286358
0.261758
0.253372
0.286234
0.25804
0.225755
0.342846
0.242785
0.344839
0.309506
0.289325
0.212771
0.27664
0.348169
0.300108
0.254875
0.288157
0.238614
0.298296
0.34581
0.255021
0.280999
0.296425
0.271958
0.253657
0.300752
0.302042
0.220406
0.250141
0.289598
0.320231
0.255336
0.332136
0.285632
0.246367
0.29139
0.25159
0.255984
0.324258
0.27357
0.260536
0.25386
0.358505
0.279497
0.313105
0.263532
0.258675
0.269014
0.295128
0.290571
0.300418
0.258502
0.280097
0.283359
0.267459
0.322322
0.289392
0.286917
0.259787
0.247373
0.273682
0.231502
0.267091
0.295861
0.2909
0.327103
0.285419
0.279612
0.27107
0.246199
0.279179
0.24532
0.279862
0.393083
0.286183
0.246983
0.305782
0.254372
0.262285
0.235577
0.278589
0.307584
0.241608
0.219102
0.267801
0.287553
0.268891
0.251686
0.292805
0.256254
0.287853
0.280774
0.291997
0.347608
0.286541
0.286391
0.254984
0.25824
0.199905
0.26722
0.269967
0.283529
0.334504
0.292431
0.268083
0.343197
0.120895
0.299182
0.26277
0.251252
0.272183
0.272244
0.285124
0.28184
0.265813
0.271447
0.271754
0.280946
0.243346
0.308998
0.28463
0.267491
0.252572
0.247767
0.286079
0.276036
0.291896
0.318565
0.242387
0.263602
0.237456
0.282014
0.280798
0.31992
0.237002
0.290749
0.261515
0.284776
0.253281
0.281836
0.252936
0.269186
0.304391
0.269015
0.286959
0.264453
0.247876
0.260325
0.271911
0.32323
0.26204
0.285538
0.246426
0.322175
0.258005
0.305998
0.321947
0.241125
0.288828
0.309741
0.297757
0.268258
0.272318
0.277675
0.272247
0.300264
0.314406
0.300596
0.265791
0.266899
0.296064
0.257731
0.273436
0.266448
0.294686
0.278643
0.272419
0.25461
0.281584
0.293789
0.296781
0.249337
0.285133
0.28166
0.212487
0.145997
0.269472
0.225569
0.221028
0.307238
0.246629
0.274631
0.295077
0.209269
0.30615
0.364474
0.25395
0.251349
0.262148
0.280797
0.296534
0.185322
0.259091
0.240286
0.266838
0.270942
0.246187
0.269321
0.289955
0.195833
0.25218
0.241592
0.263165
0.279642
0.321002
0.262669
0.280922
0.271868
0.240207
0.248386
0.287606
0.285136
0.222491
0.308879
0.252649
0.253953
0.276532
0.303975
0.233481
0.311777
0.278483
0.328985
0.255258
0.239903
0.249897
0.27468
0.302218
0.268663
0.284731
0.30082
0.263854
0.233214
0.273845
0.300184
0.286438
0.292304
0.262952
0.251271
0.281796
0.227178
0.301938
0.301957
0.248223
0.267091
0.274812
0.250895
0.22248
0.246667
0.299632
0.264177
0.247961
0.274174
0.249502
0.303687
0.285659
0.360046
0.283699
0.324744
0.338596
0.263394
0.320054
0.309471
0.275491
0.225256
0.27045
0.273257
0.199622
0.32593
0.252296
0.263334
0.237679
0.267816
0.271624
0.271834
0.245784
0.300607
0.286498
0.341527
0.298054
0.289831
0.286708
0.254287
0.288473
0.274626
0.26251
0.276921
0.280943
0.316267
0.301641
0.329844
0.272146
0.276663
0.274194
0.293586
0.296021
0.311672
0.24756
0.279171
0.279945
0.312597
0.258383
0.326815
0.275575
0.321998
0.285163
0.318476
0.224686
0.252191
0.292737
0.309448
0.289125
0.245996
0.295162
0.291462
0.223532
0.246238
0.260661
0.284173
0.255591
0.217237
0.251148
0.264473
0.272913
0.283205
0.291347
0.327717
0.291507
0.273839
0.284956
0.292365
0.261102
0.270115
0.266477
0.341357
0.31919
0.24556
0.24488
0.271799
0.261828
0.262033
0.282067
0.242042
0.273163
0.253122
0.307073
0.278387
0.267242
0.216167
0.265478
0.433373
0.282878
0.256123
0.284077
0.225199
0.325917
0.261145
0.27622
0.261266
0.246703
0.281175
0.275251
0.272693
0.29478
0.25395
0.27304
0.239461
0.290192
0.25943
0.252792
0.306679
0.274875
0.286019
0.263344
0.274887
0.285061
0.25449
0.28548
0.269584
0.243213
0.390562
0.29136
0.292493
0.340212
0.270083
0.285167
0.370847
0.27266
0.257889
0.31766
0.260131
0.30267
0.322104
0.266808
0.278214
0.258313
0.291962
0.282337
0.277911
0.323365
0.281973
0.267142
0.267192
0.259119
0.331058
0.248135
0.29815
0.283622
0.266687
0.231548
0.257177
0.339943
0.250489
0.308613
0.251312
0.244313
0.281605
0.279582
0.307121
0.243009
0.27758
0.235311
0.286332
0.483297
0.294171
0.237563
0.305957
0.270245
0.281013
0.292452
0.244415
0.275693
0.324182
0.28043
0.269527
0.340742
0.270728
0.25627
0.233426
0.263039
0.261903
0.295285
0.274657
0.396246
0.317981
0.284811
0.295562
0.279443
0.297465
0.267298
0.277124
0.255795
0.351933
0.220947
0.265188
0.27085
0.251953
0.259269
0.298705
0.272844
0.301329
0.28066
0.281757
0.197584
0.34187
0.286754
0.269679
0.292858
0.224355
0.294724
0.234501
0.289229
0.254865
0.257922
0.255459
0.260109
0.234299
0.224128
0.319673
0.259479
0.309705
0.204329
0.245676
0.278258
0.278978
0.315245
0.195024
0.274106
0.260255
0.27105
0.304998
0.264581
0.27752
0.251497
0.263596
0.208821
0.263802
0.255498
0.254844
0.28038
0.247025
0.29451
0.281165
0.314165
0.244391
0.300595
0.29192
0.287692
0.325762
0.290031
0.24115
0.276895
0.253487
0.303975
0.347807
0.27616
0.279513
0.284609
0.306101
0.281752
0.292538
0.283941
0.219721
0.277782
0.277113
0.346811
0.340184
0.244857
0.283392
0.258027
0.321964
0.257384
0.259856
0.262106
0.234121
0.283595
0.24489
0.278615
0.281073
0.27393
0.295994
0.260544
0.203822
0.297718
0.261606
0.26158
0.253856
0.206991
0.285691
0.246848
0.265129
0.326774
0.291411
0.266768
0.311583
0.284427
0.224779
0.262487
0.223699
0.283739
0.261869
0.235178
0.264062
0.273395
0.253348
0.237502
0.359973
0.271456
0.253565
0.244926
0.289677
0.271527
0.290851
0.334544
0.229133
0.306239
0.266721
0.270414
0.249961
0.296611
0.260395
0.29841
0.280686
0.282811
0.281994
0.296732
0.22599
0.277649
0.247576
0.313576
0.318851
0.331673
0.330507
0.251697
0.312009
0.305151
0.273564
0.297002
0.296841
0.289301
0.30176
0.273494
0.278713
0.230715
0.256579
0.292967
0.27722
0.207058
0.308891
0.307016
0.286909
0.260173
0.254076
0.267636
0.230971
0.261914
0.237149
0.257554
0.258162
0.259712
0.258666
0.281856
0.265748
0.294889
0.28431
0.269698
0.355226
0.274832
0.24072
0.287321
0.26481
0.250019
0.256296
0.272778
0.252785
0.255121
0.300756
0.247883
0.255761
0.246678
0.315781
0.236986
0.233091
0.318144
0.292039
0.307887
0.220079
0.32962
0.276811
0.290267
0.2918
0.277755
0.266419
0.256277
0.298595
0.289874
0.282071
0.32087
0.262015
0.329272
0.236021
0.247397
0.249134
0.214106
0.254677
0.297015
0.267216
0.271213
0.263955
0.290767
0.269747
0.275094
0.236164
0.309083
0.357681
0.264853
0.301241
0.236494
0.283651
0.294503
0.288159
0.295834
0.258631
0.294383
0.329353
0.274786
0.21967
0.253893
0.233141
0.317498
0.254431
0.331875
0.245536
0.290008
0.271157
0.397241
0.272042
0.296662
0.28855
0.278818
0.26404
0.290673
0.265735
0.26733
0.27497
0.263166
0.333131
0.312107
0.268183
0.282142
0.278326
0.253968
0.258674
0.279581
0.28756
0.266471
0.260164
0.312536
0.252131
0.260788
0.279914
0.259939
0.289943
0.263567
0.263592
0.255095
0.267318
0.27947
0.277351
0.297059
0.238661
0.233706
0.25409
0.310241
0.244259
0.26819
0.257584
0.288376
0.289299
0.257218
0.215327
0.296574
0.270806
0.229649
0.275854
0.237052
0.259575
0.238078
0.243567
0.25753
0.271535
0.292538
0.285092
0.365076
0.30724
0.241985
0.263417
0.267677
0.237264
0.255375
0.271535
0.238707
0.268222
0.237712
0.286318
0.26863
0.221978
0.291413
0.247546
0.278293
0.242587
0.339223
0.286399
0.247218
0.286627
0.278245
0.272169
0.338696
0.265123
0.394952
0.289611
0.285185
0.285924
0.315653
0.319607
0.278562
0.275649
0.318603
0.236291
0.335898
0.312847
0.237202
0.239007
0.297899
0.16283
0.289534
0.266393
0.266026
0.289626
0.310278
0.255726
0.328175
0.280027
0.237162
0.263775
0.284279
0.271649
0.300692
0.214783
0.287775
0.250752
0.263618
0.289459
0.256951
0.272057
0.371169
0.374136
0.326385
0.28456
0.268685
0.213654
0.268982
0.281073
0.305782
0.274201
0.298356
0.278318
0.253153
0.260686
0.232115
0.264484
0.283915
0.304264
0.254166
0.333167
0.214869
0.260381
0.268728
0.340586
0.269215
0.247471
0.284008
0.240427
0.264802
0.27583
0.253625
0.344957
0.268643
0.27075
0.282098
0.308809
0.285671
0.301538
0.364008
0.303174
0.237546
0.257206
0.319904
0.25441
0.273414
0.266661
0.292955
0.239494
0.285994
0.275905
0.257429
0.265989
0.251955
0.302002
0.290983
0.266286
0.29467
0.300043
0.284989
0.261694
0.311617
0.266607
0.263296
0.263425
0.247318
0.272083
0.270944
0.240074
0.286822
0.244491
0.218628
0.252402
0.268899
0.287779
0.227298
0.332361
0.28018
0.252533
0.28904
0.260508
0.232958
0.285862
0.266667
0.295048
0.229221
0.342245
0.284126
0.273918
0.307134
0.244872
0.260298
0.220575
0.340319
0.26161
0.297694
0.239222
0.275579
0.295107
0.349044
0.306204
0.306933
0.300569
0.244088
0.295154
0.376334
0.265649
0.281439
0.292057
0.298899
0.210798
0.256846
0.238636
0.273848
0.286583
0.242306
0.266275
0.304463
0.302096
0.256894
0.247344
0.290979
0.263677
0.219463
0.252119
0.281848
0.257088
0.28329
0.240743
0.280088
0.30805
0.241957
0.267474
0.273555
0.330583
0.275052
0.354033
0.313442
0.317999
0.280726
0.242794
0.319664
0.367958
0.254923
0.329073
0.272747
0.345697
0.297633
0.307441
0.268792
0.248244
0.279777
0.288736
0.284093
0.279263
0.273255
0.317606
0.228892
0.266734
0.279978
0.265026
0.318539
0.291579
0.29948
0.255283
0.28988
0.258312
0.253461
0.283887
0.222562
0.222662
0.264169
0.271585
0.232617
0.303917
0.264344
0.347876
0.298214
0.288425
0.28184
0.201811
0.231396
0.264459
0.282361
0.294707
0.27905
0.281434
0.208237
0.247809
0.271725
0.323993
0.264831
0.229958
0.294309
0.275008
0.290566
0.218464
0.32373
0.25498
0.179114
0.343534
0.318022
0.241713
0.296377
0.312015
0.259362
0.263638
0.318154
0.237932
0.274622
0.329357
0.234262
0.286348
0.343086
0.257637
0.343322
0.258368
0.266752
0.269306
0.302481
0.306707
0.306385
0.308526
0.255188
0.265882
0.265435
0.307891
0.215523
0.2026
0.280038
0.335399
0.280242
0.267169
0.311109
0.293838
0.277577
0.282215
0.253311
0.293578
0.26395
0.267401
0.258326
0.266796
0.337474
0.320619
0.29361
0.306683
0.267203
0.143971
0.388092
0.307846
0.286679
0.325625
0.289324
0.267002
0.236273
0.265533
0.297349
0.292304
0.299707
0.312179
0.281478
0.321492
0.304053
0.248652
0.305289
0.296248
0.301011
0.259055
0.26797
0.303801
0.290941
0.293088
0.272144
0.278342
0.271115
0.335859
0.257259
0.312321
0.302102
0.267408
0.265973
0.260087
0.305288
0.269858
0.223574
0.305208
0.270677
0.223765
0.267291
0.295488
0.264729
0.288866
0.24474
0.277149
0.280159
0.261293
0.24283
0.302314
0.27823
0.277145
0.306778
0.272963
0.348427
0.242613
0.267297
0.311074
0.25519
0.283775
0.29035
0.2661
0.278219
0.245709
0.239066
0.30005
0.287467
0.217041
0.25671
0.266401
0.270154
0.253935
0.254285
0.322125
0.271877
0.344469
0.221262
0.315883
0.310376
0.234967
0.248269
0.273764
0.275575
0.326074
0.251039
0.235232
0.276465
0.220917
0.29215
0.264363
0.300609
0.271283
0.263271
0.274683
0.210214
0.271849
0.295386
0.260141
0.233824
0.354076
0.320778
0.284181
0.280605
0.276072
0.24002
0.305158
0.328578
0.28371
0.274992
0.3015
0.308203
0.261095
0.266534
0.282814
0.32662
0.319257
0.229823
0.281504
0.31147
0.329441
0.258192
0.281248
0.32723
0.237291
0.287501
0.264065
0.208
0.307721
0.254204
0.302972
0.309579
0.313853
0.300175
0.284337
0.498445
0.279141
0.305259
0.275733
0.227303
0.277492
0.298744
0.331291
0.322852
0.2632
0.368129
0.254201
0.254518
0.283662
0.242249
0.275482
0.247101
0.251677
0.210303
0.272403
0.327407
0.264599
0.277331
0.335838
0.257396
0.200788
0.292269
0.257809
0.30523
0.298587
0.272319
0.279803
0.324162
0.309895
0.279439
0.336621
0.271787
0.252851
0.278257
0.231747
0.275345
0.245001
0.288775
0.281792
0.267009
0.320813
0.249164
0.259019
0.261607
0.269092
0.243874
0.319171
0.277545
0.293625
0.266539
0.261423
0.231682
0.23262
0.271537
0.281947
0.277901
0.219664
0.288651
0.312961
0.255761
0.310028
0.242204
0.274328
0.334998
0.272642
0.258734
0.259616
0.304651
0.274065
0.273584
0.268036
0.237007
0.281375
0.230039
0.261246
0.253908
0.23147
0.322137
0.284981
0.257168
0.277276
0.278749
0.228849
0.326474
0.316601
0.248632
0.25506
0.288579
0.240268
0.312759
0.23811
0.26617
0.285922
0.276002
0.278632
0.294605
0.261386
0.33821
0.287252
0.275435
0.285514
0.26904
0.309781
0.273083
0.358121
0.303296
0.268716
0.325074
0.258694
0.338599
0.243617
0.259764
0.203011
0.219864
0.341589
0.402527
0.263641
0.261437
0.248236
0.303911
0.326375
0.240558
0.278731
0.290024
0.310098
0.26505
0.276454
0.289509
0.216218
0.298789
0.274634
0.291261
0.289614
0.224492
0.229529
0.313534
0.234306
0.263529
0.274888
0.28341
0.323762
0.285155
0.267209
0.219302
0.273617
0.350235
0.289237
0.237122
0.284383
0.261633
0.273649
0.271352
0.261502
0.270533
0.267005
0.319087
0.220678
0.262188
0.282193
0.27532
0.2408
0.261736
0.300937
0.277756
0.273699
0.278995
0.236051
0.301148
0.316172
0.257595
0.367116
0.288919
0.267422
0.350778
0.290763
0.31216
0.285408
0.309735
0.286743
0.248591
0.319693
0.205291
0.277856
0.265537
0.325063
0.23187
0.307373
0.270874
0.308513
0.259768
0.269318
0.259737
0.335336
0.324099
0.240381
0.294979
0.241037
0.343758
0.299956
0.335695
0.327955
0.202398
0.257632
0.276697
0.26041
0.250299
0.353031
0.262731
0.275867
0.262996
0.281417
0.262348
0.304971
0.246025
0.259863
0.309504
0.269635
0.26441
0.294632
0.283813
0.208568
0.240257
0.256771
0.280604
0.303481
0.289753
0.326681
0.274518
0.290181
0.295871
0.309982
0.263901
0.262353
0.263926
0.253303
0.296031
0.27519
0.26723
0.244683
0.276359
0.276319
0.24944
0.294616
0.278468
0.246617
0.30017
0.284716
0.261586
0.260364
0.278019
0.296816
0.286642
0.248648
0.2939
0.279103
0.257059
0.325573
0.259398
0.29395
0.290738
0.306699
0.272031
0.266791
0.272436
0.280937
0.300884
0.240687
0.381497
0.261296
0.284797
0.308156
0.2936
0.271849
0.289061
0.277824
0.252876
0.238534
0.290707
0.256113
0.219447
0.257618
0.262281
0.291016
0.28231
0.225829
0.227878
0.305491
0.219683
0.247708
0.28125
0.277056
0.277646
0.24534
0.321727
0.300441
0.269553
0.269715
0.459548
0.285519
0.295061
0.297467
0.224363
0.286776
0.288504
0.28308
0.287834
0.318553
0.248407
0.251452
0.257655
0.371901
0.335876
0.274562
0.295552
0.299465
0.332221
0.275185
0.291103
0.284357
0.278291
0.261542
0.30839
0.246342
0.264439
0.318377
0.276522
0.290714
0.305329
0.218178
0.266564
0.239109
0.309427
0.274494
0.269023
0.272799
0.294918
0.304118
0.25738
0.270466
0.307471
0.247154
0.267932
0.275725
0.286916
0.290867
0.303261
0.242789
0.353449
0.217849
0.274059
0.280679
0.287707
0.299692
0.27088
0.317668
0.301518
0.272576
0.239602
0.29039
0.270101
0.276751
0.252545
0.284124
0.297341
0.236265
0.278349
0.332952
0.377895
0.239775
0.299791
0.263999
0.258098
0.266595
0.259626
0.281289
0.340557
0.268739
0.254577
0.239722
0.230908
0.325115
0.303676
0.270095
0.288489
0.30393
0.277764
0.295088
0.246332
0.328807
0.221674
0.252727
0.270771
0.275506
0.252561
0.272501
0.254194
0.254535
0.239494
0.343364
0.306122
0.267612
0.274376
0.310783
0.309063
0.282554
0.301117
0.273916
0.190272
0.267585
0.282148
0.288847
0.249616
0.258857
0.259724
0.291736
0.270462
0.282153
0.261257
0.266
0.326196
0.288942
0.275212
0.333533
0.245729
0.272554
0.340328
0.310932
0.278102
0.274454
0.288529
0.314971
0.28428
0.262181
0.246083
0.246073
0.255026
0.274062
0.22349
0.254498
0.312356
0.275845
0.253978
0.29112
0.240078
0.257522
0.216964
0.267679
0.262792
0.268368
0.273074
0.298834
0.259124
0.270293
0.255093
0.281886
0.283322
0.259054
0.258542
0.256997
0.277782
0.278282
0.276828
0.287416
0.299193
0.259702
0.304371
0.282535
0.27747
0.314059
0.267077
0.243458
0.246702
0.225495
0.30237
0.298707
0.292335
0.300968
0.253703
0.289135
0.262871
0.28151
0.289951
0.259641
0.276094
0.244146
0.247481
0.261085
0.244745
0.237271
0.296467
0.24068
0.331874
0.287008
0.272727
0.265204
0.282958
0.307884
0.27245
0.226882
0.232347
0.231391
0.297092
0.298412
0.279513
0.275543
0.26683
0.273265
0.293781
0.258835
0.276593
0.27547
0.26697
0.241379
0.260836
0.225643
0.258515
0.300583
0.215055
0.234328
0.291332
0.268865
0.266288
0.255805
0.263601
0.302346
0.259396
0.266187
0.250055
0.28432
0.242778
0.258844
0.211375
0.298984
0.268546
0.245811
0.327597
0.256105
0.272901
0.283726
0.277522
0.274663
0.267803
0.229533
0.260763
0.252995
0.28443
0.266657
0.255065
0.271169
0.245251
0.292165
0.274215
0.274153
0.26569
0.266054
0.260347
0.273834
0.291461
0.259514
0.254046
0.300616
0.32347
0.290264
0.264845
0.31945
0.258943
0.301418
0.242061
0.35239
0.340701
0.256416
0.25004
0.25564
0.266033
0.284085
0.282459
0.292139
0.250825
0.282978
0.24501
0.251702
0.268328
0.233057
0.317831
0.247514
0.224392
0.275494
0.265655
0.263695
0.24408
0.260316
0.283701
0.282503
0.278051
0.291048
0.257413
0.264064
0.264505
0.256056
0.212197
0.298003
0.285564
0.238528
0.296185
0.239997
0.224535
0.279997
0.284807
0.26749
0.259696
0.228436
0.247063
0.237859
0.278934
0.291371
0.306306
0.305517
0.262482
0.325708
0.28247
0.311866
0.316516
0.334951
0.260866
0.24941
0.291168
0.259778
0.388693
0.249095
0.288119
0.285376
0.256719
0.265707
0.260866
0.274797
0.259748
0.257621
0.273486
0.244691
0.268611
0.429791
0.284228
0.266624
0.248234
0.274548
0.269731
0.310108
0.247861
0.317551
0.27876
0.275787
0.298611
0.217946
0.256059
0.234416
0.266001
0.279662
0.350595
0.269583
0.257894
0.267853
0.255204
0.236769
0.328531
0.322637
0.268664
0.25836
0.282933
0.338751
0.247107
0.269447
0.301456
0.275774
0.326329
0.260286
0.294361
0.201604
0.281262
0.230628
0.28828
0.271286
0.302655
0.24004
0.274218
0.272159
0.314288
0.264722
0.256109
0.230861
0.283526
0.263924
0.320239
0.253512
0.26396
0.281632
0.246495
0.298259
0.239407
0.232728
0.274387
0.262248
0.288971
0.277375
0.344724
0.247477
0.284044
0.313725
0.246177
0.289953
0.313556
0.332698
0.299225
0.27108
0.232666
0.275789
0.286552
0.28708
0.287657
0.266012
0.259831
0.324079
0.293852
0.271552
0.252452
0.291793
0.29434
0.265817
0.261665
0.270556
0.263659
0.314077
0.272132
0.259313
0.32312
0.248933
0.256762
0.298175
0.261288
0.252763
0.278549
0.281681
0.279145
0.29362
0.262417
0.257403
0.301489
0.289661
0.270188
0.288769
0.310896
0.26006
0.287651
0.27346
0.282904
0.300461
0.237306
0.258007
0.314382
0.289025
0.266051
0.312793
0.283306
0.267418
0.297673
0.244717
0.283231
0.27364
0.220465
0.23783
0.270022
0.289835
0.273046
0.275288
0.305385
0.314574
0.3035
0.250075
0.299254
0.303231
0.325328
0.241998
0.267416
0.257621
0.29339
0.329988
0.385607
0.224763
0.347971
0.267931
0.347822
0.278819
0.282035
0.211427
0.249759
0.281577
0.317695
0.304614
0.264906
0.282884
0.246619
0.285756
0.313367
0.227599
0.252618
0.299442
0.304031
0.241427
0.263084
0.333053
0.310248
0.217103
0.277491
0.316882
0.269436
0.31694
0.289005
0.277787
0.296455
0.286159
0.269684
0.315429
0.360823
0.303264
0.235836
0.308801
0.309948
0.213284
0.296692
0.267019
0.282536
0.236943
0.262629
0.303285
0.302915
0.277889
0.224694
0.23152
0.304188
0.22609
0.31795
0.215163
0.267607
0.299638
0.223829
0.295146
0.295619
0.271335
0.245049
0.322887
0.257471
0.28808
0.318931
0.25402
0.294459
0.329893
0.354165
0.259766
0.205374
0.263544
0.235318
0.274661
0.297258
0.238588
0.292903
0.311134
0.243776
0.275665
0.240125
0.244323
0.290025
0.264319
0.278033
0.275723
0.284041
0.267504
0.231458
0.246135
0.220217
0.287086
0.288712
0.241323
0.273973
0.276146
0.322297
0.278416
0.301876
0.308915
0.247123
0.29697
0.298621
0.236428
0.252147
0.317306
0.331964
0.411527
0.27618
0.28
0.313686
0.323534
0.295572
0.286779
0.246557
0.30863
0.288115
0.281734
0.312169
0.270658
0.274336
0.284454
0.254672
0.255082
0.27634
0.261534
0.257374
0.377029
0.285833
0.306432
0.29557
0.228136
0.260778
0.32699
0.253738
0.212974
0.3
0.301464
0.288629
0.303111
0.250602
0.300186
0.220979
0.27758
0.306473
0.302682
0.277348
0.241715
0.286218
0.270399
0.260427
0.245135
0.275746
0.33669
0.276782
0.320109
0.246033
0.253228
0.300458
0.287306
0.286441
0.266517
0.32536
0.332213
0.318311
0.265619
0.268346
0.366761
0.284348
0.258896
0.278472
0.278921
0.307745
0.278847
0.316766
0.275711
0.313026
0.241584
0.287103
0.251318
0.27703
0.234004
0.277662
0.19808
0.24835
0.297147
0.213192
0.277101
0.272296
0.318253
0.298983
0.272292
0.281088
0.251014
0.275961
0.242011
0.296772
0.249819
0.294141
0.272512
0.264776
0.27292
0.293852
0.266877
0.259052
0.278843
0.280925
0.291492
0.340366
0.278537
0.269948
0.244944
0.286027
0.26937
0.233532
0.304014
0.294548
0.286854
0.199489
0.279262
0.273022
0.334531
0.305312
0.280759
0.365589
0.303409
0.290781
0.254054
0.297748
0.244489
0.266463
0.322221
0.277958
0.269071
0.314925
0.302532
0.304959
0.27877
0.316926
0.243492
0.293125
0.285757
0.270671
0.227197
0.273569
0.302574
0.211537
0.296622
0.319536
0.244017
0.228034
0.294769
0.24
0.27696
0.280791
0.288328
0.262984
0.264563
0.262983
0.272146
0.268854
0.301708
0.297673
0.264035
0.3678
0.265471
0.290474
0.310629
0.276218
0.311219
0.259232
0.291391
0.272964
0.287564
0.265152
0.306802
0.286475
0.261629
0.254329
0.305438
0.256113
0.227056
0.317592
0.286925
0.289282
0.271569
0.252257
0.267315
0.235793
0.291616
0.313668
0.276003
0.265122
0.342632
0.277228
0.297945
0.295573
0.234744
0.29983
0.221711
0.356139
0.278254
0.276626
0.240389
0.322464
0.255827
0.266207
0.306087
0.270331
0.268096
0.233052
0.317301
0.246681
0.431491
0.298511
0.286019
0.298358
0.262323
0.286383
0.331184
0.257803
0.210492
0.330364
0.364757
0.443538
0.364866
0.298646
0.406461
0.28956
0.279128
0.256205
0.271908
0.282811
0.274537
0.234807
0.304847
0.317253
0.285611
0.247945
0.245199
0.278701
0.311871
0.306656
0.26714
0.267089
0.256135
0.298908
0.261142
0.3165
0.261219
0.278246
0.286875
0.303406
0.312797
0.223537
0.332238
0.250594
0.325487
0.279706
0.256351
0.323123
0.277743
0.29005
0.288804
0.308966
0.443209
0.25901
0.29757
0.283173
0.288331
0.340324
0.282192
0.270223
0.250179
0.250243
0.268217
0.264207
0.27307
0.27286
0.294849
0.254509
0.297506
0.253297
0.247005
0.253668
0.256913
0.261697
0.282334
0.291304
0.278058
0.255601
0.252715
0.277567
0.239328
0.268641
0.258103
0.283074
0.274098
0.26837
0.273109
0.25881
0.301715
0.253944
0.257091
0.268397
0.260139
0.231304
0.211992
0.240491
0.282722
0.364633
0.283827
0.247686
0.237137
0.24719
0.228328
0.289189
0.280848
0.249414
0.319178
0.22863
0.274798
0.252981
0.261618
0.272855
0.254257
0.248784
0.241068
0.329813
0.269489
0.24154
0.236362
0.316982
0.307936
0.288763
0.289448
0.276457
0.27544
0.280469
0.239468
0.274792
0.267107
0.233299
0.299382
0.227031
0.295173
0.250651
0.298356
0.291871
0.267452
0.262661
0.253022
0.294859
0.25731
0.271075
0.258584
0.274267
0.226045
0.267988
0.255875
0.303295
0.28774
0.34611
0.295903
0.265609
0.259908
0.258734
0.272636
0.224131
0.264448
0.303609
0.301596
0.28363
0.272983
0.343896
0.269927
0.343546
0.337312
0.230236
0.297038
0.315039
0.242014
0.340257
0.330223
0.343792
0.265116
0.286333
0.215886
0.209893
0.297092
0.275077
0.316745
0.315396
0.262279
0.287884
0.243643
0.235971
0.242187
0.325106
0.30799
0.288799
0.278849
0.264882
0.270407
0.322493
0.269585
0.225166
0.311473
0.289547
0.235844
0.288844
0.265647
0.262182
0.211352
0.239644
0.281891
0.316649
0.248068
0.216519
0.284693
0.241476
0.273491
0.276954
0.227552
0.310696
0.310876
0.267262
0.229702
0.275679
0.259407
0.272025
0.273499
0.272157
0.292555
0.272485
0.242114
0.248657
0.277769
0.337823
0.308111
0.343669
0.196455
0.26154
0.264812
0.22978
0.252303
0.291726
0.292888
0.273217
0.319156
0.295365
0.301318
0.281279
0.287238
0.270916
0.290782
0.272062
0.283422
0.280063
0.248106
0.301219
0.281049
0.295706
0.267499
0.279111
0.269678
0.253942
0.334941
0.245805
0.223117
0.297891
0.25277
0.268949
0.282626
0.274778
0.270297
0.230667
0.284818
0.318465
0.268003
0.305873
0.221282
0.282208
0.279593
0.297028
0.291224
0.256933
0.255208
0.281329
0.301909
0.274888
0.253759
0.294066
0.294197
0.269522
0.280183
0.27458
0.269836
0.233567
0.270909
0.215874
0.290514
0.317997
0.297527
0.18608
0.275086
0.293609
0.26528
0.299785
0.264768
0.263882
0.268434
0.274449
0.336434
0.293936
0.271081
0.252497
0.268993
0.29889
0.278881
0.268091
0.192234
0.302023
0.333005
0.314682
0.287908
0.258925
0.259649
0.289236
0.347934
0.304576
0.267499
0.266172
0.254942
0.323179
0.242373
0.248898
0.265994
0.321188
0.261331
0.249879
0.293102
0.279512
0.372607
0.25748
0.288333
0.266381
0.260551
0.269168
0.255469
0.257691
0.288859
0.277706
0.248043
0.291319
0.319728
0.273916
0.277392
0.296199
0.231384
0.251255
0.252448
0.270052
0.255691
0.229216
0.301318
0.280784
0.269645
0.282997
0.228057
0.266531
0.190515
0.331854
0.270048
0.261012
0.268428
0.290017
0.22094
0.304204
0.269346
0.284959
0.281012
0.219574
0.278533
0.27666
0.293883
0.295828
0.300294
0.233209
0.227526
0.25767
0.259648
0.395095
0.270608
0.314106
0.27803
0.297888
0.300171
0.254774
0.254649
0.280895
0.263931
0.293315
0.243076
0.253961
0.249095
0.259102
0.272678
0.248809
0.3109
0.246062
0.297656
0.280378
0.289834
0.30493
0.230186
0.286107
0.256967
0.335196
0.277146
0.284493
0.304844
0.179964
0.296854
0.27462
0.305086
0.270378
0.270264
0.23904
0.309662
0.212105
0.253003
0.275854
0.262879
0.223467
0.299222
0.279842
0.196682
0.272883
0.289406
0.285046
0.260419
0.27767
0.29563
0.274404
0.297494
0.264021
0.263459
0.270551
0.281885
0.271546
0.259795
0.304376
0.263734
0.289764
0.29906
0.235035
0.238403
0.29919
0.27575
0.277724
0.269837
0.224101
0.291572
0.27406
0.256136
0.269435
0.286495
0.326973
0.275479
0.245746
0.287538
0.257582
0.283314
0.242129
0.254383
0.271501
0.26877
0.252759
0.263741
0.26942
0.27303
0.248753
0.290792
0.269717
0.270167
0.301081
0.421831
0.257833
0.275114
0.290485
0.271268
0.330643
0.256042
0.343649
0.281541
0.257614
0.265326
0.264711
0.263921
0.27775
0.32463
0.251276
0.276756
0.264957
0.327405
0.309686
0.31562
0.268135
0.278265
0.213488
0.283122
0.296139
0.326295
0.293686
0.261636
0.255002
0.29002
0.274883
0.300114
0.271275
0.263554
0.276254
0.314518
0.303589
0.300008
0.305434
0.247373
0.265792
0.29166
0.269265
0.310722
0.28746
0.291556
0.239453
0.272677
0.306268
0.286539
0.279434
0.303599
0.329817
0.193241
0.267762
0.29308
0.329554
0.270862
0.282936
0.290806
0.436051
0.237443
0.276015
0.234185
0.213621
0.336735
0.263526
0.256274
0.261033
0.309034
0.224927
0.310753
0.272678
0.289328
0.267829
0.281284
0.252956
0.276721
0.313624
0.348785
0.238866
0.315769
0.256955
0.25579
0.283583
0.276232
0.276024
0.250336
0.292628
0.225539
0.27348
0.288741
0.292833
0.269439
0.3219
0.337474
0.259555
0.228973
0.218157
0.267377
0.282374
0.284848
0.291279
0.281095
0.275247
0.285782
0.327294
0.273746
0.266255
0.302375
0.284373
0.313573
0.338145
0.253827
0.282987
0.312764
0.251019
0.281236
0.277162
0.246875
0.268384
0.207611
0.277279
0.261345
0.234759
0.301098
0.308363
0.286002
0.306669
0.238465
0.252129
0.285971
0.297469
0.278097
0.306144
0.258441
0.266589
0.354913
0.290225
0.2731
0.327839
0.254279
0.271275
0.294954
0.299478
0.316918
0.256571
0.234432
0.255178
0.269612
0.326261
0.295517
0.28491
0.292013
0.257171
0.239979
0.250235
0.291159
0.315675
0.260329
0.282725
0.269018
0.239164
0.251629
0.275561
0.331309
0.285297
0.281081
0.258598
0.243287
0.33125
0.302036
0.286577
0.242915
0.250879
0.287453
0.271879
0.318441
0.277352
0.243668
0.38882
0.287649
0.253336
0.316362
0.253247
0.283388
0.329095
0.227519
0.257427
0.296452
0.25615
0.264386
0.286622
0.30401
0.24402
0.298387
0.258556
0.285415
0.294868
0.237599
0.25698
0.275739
0.301952
0.254786
0.277178
0.311494
0.276349
0.211537
0.269841
0.255517
0.286433
0.251203
0.296096
0.255073
0.309428
0.269843
0.289457
0.292048
0.265753
0.256526
0.295397
0.267668
0.281174
0.27933
0.383394
0.224214
0.284746
0.239279
0.320437
0.283773
0.251822
0.272199
0.262459
0.275902
0.256649
0.274511
0.281629
0.23055
0.277998
0.205546
0.264863
0.248688
0.378564
0.216739
0.242789
0.264443
0.291086
0.295693
0.308679
0.248484
0.298646
0.244293
0.313549
0.275552
0.279787
0.266123
0.251808
0.255925
0.258541
0.274823
0.272937
0.246964
0.261494
0.277826
0.275192
0.288217
0.212395
0.32897
0.289214
0.36866
0.284083
0.252967
0.279784
0.280422
0.259402
0.290759
0.31362
0.255542
0.292524
0.29375
0.265431
0.263501
0.309394
0.290515
0.23154
0.285968
0.288733
0.288605
0.257733
0.262441
0.268356
0.293877
0.280922
0.207974
0.256851
0.248481
0.251168
0.285032
0.323757
0.27676
0.231361
0.258431
0.247659
0.20316
0.267446
0.323102
0.270708
0.293193
0.271196
0.322797
0.302326
0.268477
0.283195
0.328571
0.273688
0.23538
0.257543
0.268031
0.290235
0.290982
0.267588
0.246944
0.329821
0.292417
0.253934
0.27334
0.346011
0.241358
0.24028
0.22383
0.277507
0.254793
0.309959
0.285966
0.28797
0.249382
0.23998
0.261311
0.258771
0.258296
0.261849
0.29273
0.298286
0.265265
0.309389
0.287219
0.267634
0.292464
0.279102
0.285148
0.245912
0.273311
0.307799
0.262373
0.238784
0.319304
0.329275
0.226673
0.25146
0.263171
0.255945
0.260813
0.277629
0.31446
0.328908
0.288685
0.268637
0.270424
0.268814
0.251145
0.289416
0.254165
0.25043
0.306629
0.265637
0.279658
0.223739
0.280997
0.272399
0.339107
0.264215
0.243773
0.265347
0.312794
0.284169
0.238125
0.270162
0.309805
0.339241
0.283988
0.269202
0.245234
0.301477
0.254187
0.305468
0.289521
0.293324
0.255671
0.240779
0.273136
0.297513
0.277821
0.295125
0.306191
0.333304
0.26826
0.217963
0.280758
0.240153
0.24556
0.255599
0.296898
0.251197
0.314967
0.251416
0.269245
0.263511
0.226206
0.275346
0.289453
0.296552
0.24346
0.258242
0.273548
0.310774
0.296595
0.246037
0.259169
0.290408
0.2611
0.274127
0.288796
0.243795
0.317279
0.265435
0.260736
0.257562
0.26793
0.24857
0.240041
0.280302
0.240245
0.291778
0.325282
0.297096
0.263369
0.259212
0.249004
0.226464
0.288037
0.276748
0.232167
0.309094
0.30561
0.251345
0.271138
0.251334
0.243861
0.252041
0.327455
0.360264
0.25586
0.281183
0.283244
0.251357
0.270274
0.262757
0.295145
0.289156
0.267774
0.225275
0.278002
0.288371
0.236838
0.317443
0.253505
0.228951
0.357069
0.328236
0.242975
0.283249
0.357613
0.228252
0.307645
0.193094
0.280223
0.261104
0.24045
0.252075
0.26857
0.274545
0.269293
0.269086
0.216471
0.265025
0.295053
0.320592
0.265867
0.275652
0.251443
0.338977
0.262978
0.35146
0.271347
0.259628
0.277599
0.342083
0.241688
0.282039
0.270152
0.293819
0.314238
0.337017
0.323654
0.292938
0.265104
0.359821
0.265976
0.271393
0.305688
0.28026
0.266638
0.279426
0.276615
0.318174
0.270947
0.232654
0.292998
0.274066
0.302607
0.267296
0.261012
0.317143
0.264932
0.204525
0.307396
0.256927
0.201863
0.255867
0.247844
0.264738
0.273529
0.273592
0.267236
0.273456
0.241012
0.264156
0.26324
0.241519
0.272858
0.254035
0.258488
0.319526
0.281217
0.284227
0.261398
0.274736
0.275778
0.266294
0.257448
0.25213
0.310079
0.304045
0.295318
0.311048
0.272986
0.377208
0.278172
0.288548
0.279073
0.317089
0.253779
0.270665
0.351078
0.294569
0.301179
0.257992
0.307077
0.298734
0.220258
0.289607
0.269735
0.271951
0.265329
0.357522
0.264679
0.263276
0.390962
0.246301
0.366626
0.254681
0.304333
0.289566
0.267369
0.228143
0.229374
0.351756
0.282974
0.302985
0.289874
0.258011
0.230613
0.29731
0.249026
0.279138
0.265845
0.28764
0.337972
0.238318
0.260513
0.224778
0.272457
0.26487
0.277404
0.291963
0.192151
0.287708
0.270278
0.318442
0.218839
0.295159
0.278107
0.289937
0.265255
0.276823
0.269452
0.287529
0.298936
0.264437
0.293222
0.267811
0.284199
0.298938
0.276106
0.2909
0.299562
0.21844
0.242925
0.324045
0.268391
0.262556
0.243483
0.251274
0.277001
0.268487
0.267983
0.23279
0.255742
0.281617
0.224092
0.317594
0.32078
0.24584
0.296523
0.323666
0.270592
0.264613
0.21121
0.311467
0.264697
0.236508
0.282531
0.342755
0.28324
0.25821
0.303905
0.302333
0.270577
0.309306
0.246857
0.24366
0.278259
0.303153
0.23977
0.30906
0.31136
0.217846
0.299358
0.301158
0.264305
0.272171
0.276286
0.297116
0.27611
0.305549
0.27337
0.263756
0.249679
0.315038
0.254715
0.269883
0.242086
0.279609
0.248738
0.378422
0.284693
0.201429
0.312005
0.281776
0.250643
0.272189
0.364276
0.314966
0.196829
0.366661
0.233027
0.270835
0.257761
0.258138
0.262077
0.271363
0.229579
0.242569
0.247506
0.266197
0.260001
0.330543
0.238602
0.281164
0.319669
0.244797
0.281219
0.244937
0.330455
0.195984
0.271599
0.287225
0.255417
0.278032
0.291025
0.25292
0.24174
0.278022
0.26858
0.276017
0.217937
0.418124
0.297016
0.225377
0.274945
0.267333
0.26351
0.267949
0.311548
0.250247
0.232318
0.313324
0.315632
0.269545
0.308068
0.283002
0.281078
0.266157
0.289725
0.430699
0.296644
0.286339
0.221915
0.216055
0.281177
0.283629
0.318651
0.256782
0.295417
0.262454
0.278466
0.241546
0.279804
0.241366
0.297868
0.316267
0.255286
0.290673
0.293606
0.285864
0.232761
0.284148
0.306332
0.283307
0.305003
0.340109
0.266774
0.272374
0.247554
0.283069
0.264648
0.267674
0.278316
0.312134
0.27769
0.318198
0.282772
0.303211
0.270213
0.253362
0.282
0.28779
0.245177
0.258995
0.257236
0.278783
0.348735
0.28683
0.265789
0.214577
0.250375
0.247165
0.272806
0.25037
0.292271
0.250864
0.275
0.277803
0.278187
0.271571
0.269643
0.259426
0.300611
0.265744
0.264352
0.265291
0.353771
0.290241
0.262024
0.30295
0.259212
0.253411
0.264042
0.221532
0.258263
0.252151
0.268297
0.286019
0.226014
0.2721
0.264964
0.22981
0.244593
0.244099
0.254146
0.302716
0.311273
0.275992
0.249242
0.276587
0.273378
0.238188
0.327141
0.280541
0.33086
0.268832
0.280323
0.277157
0.303492
0.249026
0.245964
0.263428
0.270095
0.314465
0.246741
0.319079
0.245645
0.254466
0.370377
0.250637
0.225269
0.236856
0.332589
0.259832
0.283907
0.266866
0.261126
0.252249
0.310897
0.286887
0.305113
0.298708
0.230791
0.281548
0.274635
0.276032
0.287859
0.248893
0.284304
0.296776
0.213851
0.251731
0.238312
0.288209
0.251232
0.287578
0.245184
0.276179
0.303923
0.301621
0.254684
0.254255
0.310669
0.261421
0.254636
0.25899
0.263296
0.271476
0.294291
0.227945
0.300103
0.28253
0.287476
0.235256
0.267486
0.256697
0.240921
0.273534
0.307948
0.275651
0.282984
0.285286
0.285948
0.359631
0.252743
0.297747
0.256792
0.280416
0.280324
0.29691
0.270339
0.291756
0.282081
0.284648
0.251014
0.261572
0.259989
0.289731
0.269169
0.345656
0.281206
0.241112
0.320362
