0.226609
0.274339
0.29063
0.272081
0.269277
0.264636
0.331316
0.207431
0.377619
0.297946
0.290453
0.236816
0.302308
0.252788
0.238653
0.272889
0.264785
0.257039
0.268546
0.264497
0.277051
0.422114
0.280986
0.293026
0.230301
0.351507
0.256514
0.274748
0.266662
0.280301
0.287473
0.258067
0.243535
0.303755
0.239533
0.274639
0.32337
0.25782
0.254357
0.233582
0.259421
0.223752
0.227197
0.27077
0.31221
0.319469
0.282721
0.244054
0.325393
0.263213
0.346808
0.293281
0.263498
0.257103
0.283325
0.264586
0.281553
0.262025
0.239125
0.298457
0.29897
0.191245
0.292188
0.207911
0.307616
0.289944
0.28394
0.269273
0.266834
0.303166
0.276478
0.338558
0.271779
0.313423
0.301322
0.309101
0.268572
0.293627
0.281542
0.256451
0.249455
0.240445
0.279816
0.288239
0.35625
0.287052
0.232777
0.26618
0.189195
0.24351
0.270822
0.293268
0.225673
0.24785
0.261949
0.272217
0.174245
0.30225
0.290646
0.292484
0.25615
0.28865
0.250507
0.241219
0.300495
0.300354
0.278198
0.239644
0.29872
0.284961
0.200416
0.227562
0.30187
0.270182
0.299545
0.306116
0.287051
0.350385
0.307056
0.289692
0.355483
0.283057
0.322896
0.15579
0.256325
0.318896
0.251165
0.302646
0.284775
0.281181
0.371633
0.188096
0.235942
0.263166
0.246641
0.252677
0.264224
0.277329
0.220228
0.289394
0.251492
0.272432
0.290909
0.310337
0.30359
0.163373
0.215159
0.279296
0.26578
0.327013
0.287946
0.287916
0.32919
0.265565
0.280592
0.273508
0.292863
0.226068
0.278295
0.215966
0.284347
0.232809
0.251987
0.327926
0.2282
0.321294
0.300553
0.256685
0.255443
0.250063
0.306006
0.210798
0.310339
0.258941
0.299765
0.275669
0.235535
0.277095
0.222845
0.251531
0.311429
0.284299
0.267905
0.305029
0.266836
0.280627
0.297119
0.303973
0.248689
0.277528
0.270233
0.258157
0.38235
0.276136
0.242568
0.268497
0.258762
0.323486
0.291059
0.233326
0.243034
0.230982
0.243101
0.241032
0.30363
0.24092
0.348331
0.284335
0.294012
0.264941
0.318506
0.274141
0.246304
0.274182
0.294976
0.300908
0.301147
0.33405
0.312294
0.230835
0.260635
0.375985
0.282546
0.292847
0.339665
0.263643
0.259358
0.269762
0.297981
0.246708
0.279068
0.375938
0.37171
0.224971
0.350195
0.213525
0.258712
0.261343
0.271458
0.32596
0.277451
0.335152
0.304329
0.233007
0.279732
0.268158
0.263911
0.293113
0.312253
0.251886
0.27472
0.264734
0.321184
0.312088
0.305062
0.289307
0.294044
0.229884
0.15153
0.255824
0.302225
0.359722
0.302108
0.334956
0.323394
0.275972
0.305161
0.286541
0.292203
0.282362
0.285495
0.254865
0.287924
0.349489
0.245274
0.250371
0.286315
0.258177
0.258315
0.279267
0.311844
0.325259
0.27579
0.263132
0.321973
0.25124
0.299992
0.227709
0.276929
0.263743
0.277606
0.178791
0.280592
0.257892
0.299887
0.313366
0.263742
0.243665
0.247469
0.23475
0.287298
0.274672
0.252629
0.235745
0.311087
0.259688
0.258349
0.28465
0.365326
0.297031
0.270329
0.315095
0.285671
0.296675
0.261855
0.196465
0.244884
0.28776
0.396112
0.251188
0.293975
0.245929
0.287956
0.276525
0.302618
0.310052
0.294159
0.158709
0.28552
0.293423
0.249625
0.24258
0.293448
0.32849
0.351631
0.296217
0.297526
0.29052
0.303737
0.264611
0.260146
0.349767
0.289076
0.252485
0.247305
0.259377
0.271882
0.303957
0.331959
0.234569
0.256661
0.301946
0.267169
0.291769
0.219056
0.24506
0.257385
0.266198
0.246189
0.239188
0.245203
0.268668
0.268529
0.304933
0.243063
0.320675
0.308705
0.234532
0.252527
0.298689
0.203945
0.242886
0.339607
0.287028
0.290743
0.194046
0.294968
0.326876
0.350422
0.174823
0.394905
0.285149
0.290549
0.28179
0.254509
0.33929
0.240529
0.225854
0.225627
0.393514
0.302949
0.311827
0.21741
0.263178
0.266541
0.254852
0.251764
0.27165
0.264866
0.270366
0.297649
0.267536
0.249721
0.216737
0.217655
0.224153
0.280763
0.322238
0.292769
0.290751
0.314628
0.266047
0.282349
0.305868
0.215803
0.305675
0.265777
0.272452
0.283804
0.401237
0.281957
0.318063
0.32412
0.217326
0.18301
0.339624
0.293882
0.290353
0.305843
0.294632
0.315046
0.363923
0.226381
0.272736
0.306324
0.26806
0.316142
0.295814
0.253736
0.285546
0.234825
0.29891
0.275516
0.264087
0.338628
0.272129
0.223063
0.169523
0.267593
0.250829
0.243529
0.307294
0.304332
0.254831
0.254844
0.262841
0.28605
0.277701
0.239368
0.272606
0.230126
0.32075
0.305978
0.234579
0.268466
0.264264
0.284091
0.266876
0.297297
0.246037
0.245308
0.273869
0.268728
0.30141
0.305691
0.263377
0.283132
0.278332
0.320999
0.261834
0.278591
0.365763
0.276167
0.338515
0.287269
0.303903
0.291005
0.321012
0.289299
0.319245
0.270505
0.252013
0.241422
0.267272
0.293903
0.226853
0.277687
0.243943
0.295333
0.289443
0.279281
0.255974
0.27523
0.247433
0.269658
0.302966
0.30198
0.274604
0.345015
0.267829
0.286063
0.261236
0.30278
0.257235
0.234489
0.196598
0.220702
0.325061
0.241527
0.305965
0.360339
0.376849
0.247453
0.277429
0.312236
0.306931
0.247853
0.249981
0.228958
0.315914
0.297739
0.277676
0.321117
0.298009
0.268688
0.322078
0.235351
0.275347
0.231481
0.275837
0.250099
0.296838
0.225686
0.250931
0.313275
0.322434
0.253414
0.271169
0.249933
0.433743
0.281575
0.244707
0.266457
0.20489
0.250946
0.275952
0.297219
0.238834
0.274941
0.292459
0.282915
0.263154
0.24017
0.279184
0.298026
0.280049
0.289646
0.284767
0.293535
0.272912
0.279017
0.329981
0.272293
0.272125
0.334565
0.312347
0.279978
0.281925
0.341129
0.232806
0.285519
0.182327
0.299114
0.265679
0.306812
0.268667
0.284968
0.268318
0.296302
0.273038
0.241617
0.28489
0.280246
0.211707
0.312049
0.312175
0.275296
0.240809
0.29573
0.305206
0.335259
0.339189
0.284028
0.205547
0.234814
0.250159
0.297333
0.296311
0.306854
0.260443
0.321253
0.215633
0.2965
0.242929
0.375305
0.336268
0.315603
0.2692
0.399492
0.375521
0.26525
0.253565
0.289659
0.283089
0.302839
0.254381
0.300331
0.426621
0.298462
0.282624
0.315099
0.319903
0.208227
0.2245
0.384996
0.213191
0.32046
0.255183
0.369459
0.311459
0.295589
0.280494
0.256018
0.277365
0.285877
0.277208
0.351226
0.259668
0.268752
0.26074
0.278727
0.299572
0.237324
0.249681
0.30214
0.302772
0.267687
0.255139
0.331817
0.256777
0.313124
0.320344
0.303099
0.306417
0.301322
0.337894
0.330756
0.246197
0.273896
0.275094
0.274953
0.300234
0.263094
0.300853
0.252832
0.292568
0.263099
0.2654
0.243178
0.258103
0.267165
0.241131
0.275508
0.264141
0.300166
0.29984
0.245494
0.308953
0.233966
0.241316
0.269607
0.29261
0.281698
0.22772
0.278069
0.303047
0.198031
0.246685
0.304956
0.27201
0.299891
0.281906
0.26215
0.311359
0.258919
0.340467
0.299617
0.293337
0.281963
0.295085
0.280388
0.297015
0.29423
0.256233
0.244324
0.368425
0.263433
0.282688
0.255056
0.287384
0.301656
0.31073
0.360385
0.678709
0.339759
0.27544
0.256216
0.290407
0.248282
0.276777
0.250235
0.298794
0.252532
0.252114
0.270978
0.287084
0.299598
0.272918
0.312094
0.236876
0.279778
0.207513
0.310064
0.238115
0.300915
0.269219
0.277481
0.297604
0.230371
0.250307
0.267455
0.226687
0.274724
0.323817
0.4726
0.221528
0.256566
0.238404
0.325818
0.345867
0.244032
0.15693
0.29607
0.266033
0.281048
0.326883
0.241866
0.317722
0.301139
0.295132
0.321509
0.287302
0.245141
0.283153
0.265833
0.258473
0.259628
0.298312
0.273485
0.254239
0.258791
0.282122
0.271521
0.2731
0.163247
0.21745
0.282681
0.249898
0.269597
0.326384
0.277249
0.273368
0.180633
0.388319
0.268698
0.296108
0.359367
0.255759
0.309769
0.305645
0.352632
0.253812
0.289068
0.256331
0.318353
0.299562
0.273142
0.236883
0.262354
0.300397
0.298376
0.301054
0.355619
0.245014
0.303091
0.265487
0.30206
0.318243
0.315679
0.272157
0.216214
0.326677
0.25387
0.254086
0.25875
0.364457
0.250363
0.256787
0.238081
0.328782
0.268197
0.244833
0.281313
0.243342
0.297615
0.28509
0.266971
0.286069
0.294747
0.251387
0.309082
0.243575
0.300794
0.244656
0.262314
0.272378
0.235025
0.283029
0.355621
0.301857
0.310691
0.265406
0.246954
0.278501
0.28968
0.310802
0.329377
0.276306
0.263634
0.301034
0.37273
0.28824
0.251133
0.233427
0.30262
0.309997
0.283312
0.267906
0.364122
0.271252
0.244724
0.314261
0.238933
0.281752
0.333048
0.263753
0.317778
0.291411
0.326847
0.311027
0.336616
0.301393
0.312946
0.25669
0.272313
0.310439
0.246356
0.257954
0.289702
0.267143
0.218209
0.261115
0.298457
0.284058
0.267903
0.263091
0.256564
0.29217
0.260002
0.292385
0.261165
0.311473
0.265242
0.298651
0.303914
0.279862
0.254956
0.228017
0.310052
0.229356
0.33988
0.276774
0.300211
0.229477
0.273569
0.245988
0.257606
0.265213
0.311772
0.342861
0.295975
0.259618
0.248564
0.319791
0.278552
0.197148
0.277236
0.24068
0.308525
0.21366
0.254515
0.274713
0.262865
0.28135
0.273851
0.27188
0.250391
0.265227
0.251938
0.295081
0.235043
0.277653
0.351242
0.386573
0.235629
0.260338
0.306974
0.248983
0.3308
0.267582
0.278242
0.290521
0.402608
0.226594
0.270807
0.23049
0.293616
0.262672
0.248697
0.263718
0.238199
0.350622
0.358315
0.271796
0.207999
0.291329
0.305195
0.275616
0.243629
0.251433
0.282944
0.277751
0.301079
0.32823
0.286355
0.22949
0.36868
0.279935
0.332766
0.286217
0.314078
0.237717
0.268269
0.301124
0.292816
0.282583
0.267676
0.189077
0.246563
0.283147
0.2562
0.274775
0.278756
0.266435
0.286806
0.30705
0.280267
0.246596
0.25954
0.312657
0.313797
0.267664
0.26963
0.297054
0.253797
0.287183
0.335551
0.294295
0.253302
0.228953
0.274647
0.255408
0.232048
0.273285
0.409377
0.272283
0.26172
0.323146
0.338518
0.285597
0.292174
0.283375
0.305737
0.280478
0.269302
0.274223
0.192217
0.247839
0.301953
0.303796
0.28627
0.24947
0.319702
0.238889
0.26967
0.266547
0.297365
0.281626
0.265155
0.26321
0.206316
0.284946
0.260078
0.256771
0.208023
0.266714
0.231603
0.256277
0.30676
0.28708
0.227839
0.189921
0.295322
0.283948
0.248134
0.25936
0.339964
0.222892
0.312521
0.268648
0.270421
0.283427
0.209659
0.25312
0.234889
0.278491
0.279334
0.245954
0.302049
0.251891
0.304242
0.161147
0.269542
0.273208
0.315666
0.271426
0.268845
0.239373
0.197686
0.260302
0.25656
0.258047
0.274124
0.238355
0.250798
0.282622
0.32132
0.221027
0.298306
0.285873
0.254188
0.234127
0.290811
0.244677
0.285041
0.20438
0.274346
0.312614
0.229469
0.219034
0.258069
0.293916
0.285292
0.22756
0.341921
0.248552
0.264468
0.26436
0.301524
0.299102
0.270694
0.251097
0.309143
0.316732
0.205078
0.305804
0.229145
0.293205
0.255362
0.281007
0.265671
0.325524
0.252217
0.280471
0.263282
0.313308
0.281129
0.255384
0.26542
0.250669
0.266284
0.28
0.261901
0.250733
0.29658
0.287964
0.251106
0.299916
0.248782
0.258325
0.242933
0.300066
0.283746
0.216209
0.282069
0.265816
0.225117
0.224752
0.241168
0.247647
0.270256
0.353373
0.21607
0.259596
0.283081
0.282456
0.294796
0.258296
0.249527
0.284156
0.239023
0.346528
0.293303
0.272636
0.242203
0.198053
0.266795
0.283135
0.245106
0.254803
0.269836
0.286142
0.257158
0.282066
0.273728
0.306844
0.288826
0.238695
0.25833
0.300131
0.31484
0.279352
0.272191
0.27188
0.262548
0.317054
0.2775
0.223332
0.293841
0.247994
0.320917
0.262765
0.302507
0.271226
0.344268
0.277756
0.246735
0.263553
0.292138
0.25621
0.230998
0.281448
0.307651
0.254254
0.264293
0.22342
0.311239
0.269952
0.296892
0.239572
0.213561
0.311477
0.29659
0.302464
0.296989
0.250345
0.300402
0.297571
0.303641
0.27738
0.297335
0.286152
0.307437
0.253977
0.243266
0.247701
0.227283
0.366901
0.314431
0.235844
0.283905
0.305294
0.255632
0.285009
0.288182
0.278996
0.277584
0.255275
0.293832
0.263662
0.337544
0.316752
0.285167
0.187237
0.274126
0.319461
0.285485
0.301171
0.257923
0.296398
0.241596
0.270524
0.281308
0.24816
0.290851
0.328731
0.276245
0.263793
0.32985
0.316504
0.267914
0.243662
0.336803
0.274132
0.293911
0.210391
0.292332
0.30703
0.237384
0.264075
0.274241
0.30118
0.262357
0.290295
0.252273
0.313068
0.294877
0.309456
0.277587
0.242577
0.317881
0.210938
0.274625
0.300707
0.244115
0.256307
0.209836
0.284318
0.254167
0.148752
0.235246
0.281992
0.280165
0.290928
0.224604
0.247849
0.319354
0.261933
0.290478
0.260082
0.246259
0.252828
0.300161
0.300444
0.266415
0.231941
0.306071
0.32077
0.30951
0.233102
0.271398
0.315702
0.228087
0.220481
0.277315
0.264091
0.255007
0.235995
0.243678
0.305597
0.265825
0.333191
0.282475
0.239802
0.235277
0.357996
0.294202
0.236826
0.246932
0.411127
0.272661
0.27697
0.288671
0.294909
0.246015
0.316496
0.311633
0.246763
0.288037
0.259795
0.276171
0.253265
0.29372
0.258358
0.249116
0.23643
0.26406
0.28185
0.286573
0.292468
0.290111
0.350133
0.302693
0.279572
0.304204
0.363144
0.27311
0.247977
0.301442
0.345071
0.316285
0.336892
0.261276
0.241565
0.309433
0.268721
0.317601
0.288099
0.286568
0.296896
0.270971
0.284245
0.282443
0.221579
0.324583
0.292313
0.277218
0.302772
0.243224
0.272177
0.247568
0.246134
0.364972
0.281539
0.265657
0.268297
0.289919
0.286045
0.238388
0.285231
0.249916
0.253392
0.280788
0.311587
0.259044
0.291333
0.266661
0.313166
0.276584
0.248548
0.269548
0.282421
0.299433
0.400459
0.267748
0.259741
0.290894
0.245663
0.284968
0.313782
0.243847
0.301061
0.281918
0.309908
0.256925
0.255037
0.235786
0.300527
0.337512
0.255498
0.292454
0.242643
0.285506
0.29333
0.262774
0.232483
0.259291
0.282324
0.29167
0.294967
0.334868
0.259672
0.263154
0.368925
0.277519
0.295664
0.249207
0.234121
0.29631
0.271214
0.277564
0.281149
0.266065
0.291543
0.309584
0.263096
0.28225
0.257434
0.286944
0.254803
0.254168
0.297865
0.2261
0.279182
0.289446
0.288252
0.299324
0.280675
0.294783
0.205799
0.328017
0.285981
0.285446
0.431966
0.230159
0.251448
0.302982
0.274893
0.263357
0.265435
0.267342
0.339675
0.243098
0.231319
0.315102
0.285249
0.301342
0.240551
0.277802
0.284927
0.239278
0.266726
0.259848
0.321201
0.266147
0.267543
0.262736
0.243094
0.263914
0.278336
0.270154
0.287872
0.367958
0.312008
0.258324
0.283531
0.285645
0.279677
0.276528
0.307795
0.29721
0.377967
0.292764
0.283089
0.276552
0.266881
0.291284
0.260145
0.551056
0.244035
0.329159
0.270079
0.308642
0.295038
0.301155
0.323002
0.280738
0.292023
0.239467
0.279155
0.313848
0.370851
0.284895
0.241114
0.219024
0.221754
0.254819
0.279588
0.308139
0.248819
0.254005
0.27818
0.293345
0.220691
0.252355
0.282004
0.293386
0.301065
0.266617
0.272433
0.288867
0.258929
0.263836
0.265273
0.257637
0.262085
0.277045
0.18628
0.329737
0.294401
0.31645
0.279567
0.267421
0.229366
0.240656
0.26051
0.398304
0.332966
0.274199
0.237887
0.261373
0.28766
0.279848
0.331292
0.265261
0.260071
0.292582
0.328502
0.259457
0.281434
0.23439
0.319282
0.267323
0.281542
0.305087
0.314484
0.26344
0.256235
0.230903
0.285644
0.280038
0.207148
0.259662
0.248027
0.250418
0.271717
0.318143
0.231313
0.323109
0.289297
0.29185
0.3166
0.350686
0.235035
0.282562
0.302721
0.302053
0.29471
0.281636
0.307333
0.253748
0.244283
0.24646
0.276748
0.284008
0.311535
0.257349
0.220729
0.23445
0.431668
0.284056
0.242244
0.283299
0.276866
0.256653
0.28548
0.273279
0.252586
0.295411
0.257384
0.250783
0.241507
0.275534
0.265381
0.302796
0.294177
0.238466
0.243135
0.278602
0.210057
0.282795
0.185781
0.312411
0.247426
0.266032
0.258618
0.274363
0.276149
0.247882
0.232794
0.295804
0.301433
0.25869
0.303362
0.321697
0.235765
0.282207
0.259732
0.208296
0.248855
0.309104
0.27103
0.244225
0.317911
0.277554
0.263735
0.294179
0.279377
0.329589
0.295219
0.27158
0.303486
0.270155
0.255922
0.257222
0.274568
0.297772
0.36298
0.285359
0.293731
0.291125
0.253472
0.257633
0.241015
0.275226
0.28547
0.260675
0.283042
0.27262
0.313237
0.296561
0.239152
0.287698
0.223095
0.392552
0.270829
0.261398
0.289886
0.282879
0.29283
0.268152
0.312357
0.306895
0.239391
0.285078
0.267815
0.305983
0.289877
0.184846
0.26199
0.284274
0.189566
0.308669
0.304849
0.351862
0.257145
0.302845
0.316192
0.294522
0.302832
0.268413
0.301184
0.279396
0.220443
0.275304
0.252956
0.24578
0.258199
0.213061
0.33647
0.243799
0.302994
0.286023
0.276634
0.196304
0.308248
0.294068
0.290305
0.302493
0.247723
0.29185
0.268593
0.313347
0.28121
0.261124
0.288636
0.24498
0.254623
0.314773
0.297035
0.3221
0.27326
0.286871
0.282379
0.212601
0.21886
0.215323
0.269882
0.353114
0.283016
0.251656
0.306097
0.289033
0.276073
0.262923
0.240782
0.293345
0.252734
0.274654
0.309811
0.286693
0.309702
0.258003
0.253729
0.242228
0.294431
0.26496
0.271042
0.281002
0.221022
0.271696
0.291408
0.289669
0.262319
0.279865
0.314656
0.212221
0.315708
0.334756
0.290832
0.289273
0.301411
0.264748
0.251911
0.277604
0.320859
0.318618
0.272128
0.257482
0.316237
0.243425
0.258471
0.352156
0.275665
0.29478
0.254212
0.265466
0.262831
0.358729
0.295999
0.274859
0.255679
0.232516
0.304375
0.214044
0.292469
0.274964
0.189862
0.274084
0.27256
0.349644
0.329339
0.288849
0.276727
0.25845
0.291168
0.461618
0.324761
0.26359
0.226421
0.275308
0.273534
0.278691
0.239377
0.269983
0.304617
0.314957
0.28099
0.269939
0.291022
0.314347
0.272083
0.319344
0.191135
0.257014
0.313068
0.299293
0.315887
0.212539
0.298324
0.22729
0.261364
0.216949
0.314266
0.246714
0.215661
0.263
0.294236
0.343427
0.271543
0.281727
0.224296
0.21867
0.272247
0.291255
0.253862
0.274981
0.30633
0.278822
0.4025
0.252255
0.267158
0.279458
0.257375
0.279083
0.260195
0.290245
0.288674
0.274823
0.314281
0.306678
0.267047
0.280902
0.291187
0.307091
0.264353
0.262428
0.29643
0.306992
0.347172
0.302244
0.285714
0.272048
0.298761
0.297564
0.225306
0.287116
0.283327
0.243278
0.285669
0.313407
0.279761
0.268349
0.283968
0.274532
0.241659
0.283602
0.296345
0.317731
0.289734
0.266334
0.291962
0.28188
0.269499
0.285135
0.314246
0.257317
0.293085
0.27484
0.211771
0.270514
0.278729
0.269025
0.274001
0.290978
0.32088
0.283204
0.309917
0.282255
0.293221
0.23745
0.232377
0.270314
0.294325
0.2031
0.275778
0.346628
0.237075
0.266667
0.297356
0.217935
0.309152
0.378208
0.282931
0.281545
0.23844
0.320212
0.273522
0.275441
0.268356
0.289451
0.287507
0.279545
0.324091
0.250977
0.320723
0.233641
0.257003
0.233465
0.284371
0.263735
0.222549
0.265171
0.327912
0.263534
0.290768
0.196757
0.273878
0.260505
0.270308
0.19613
0.262384
0.272428
0.316629
0.252134
0.348931
0.298504
0.280923
0.306119
0.299586
0.323492
0.288282
0.278825
0.322952
0.239815
0.299537
0.28282
0.278849
0.293279
0.254737
0.307465
0.272369
0.230385
0.262414
0.203463
0.382653
0.288622
0.223526
0.185273
0.297937
0.271775
0.291897
0.237997
0.280609
0.284146
0.293962
0.246395
0.388079
0.306101
0.313486
0.328902
0.307121
0.274068
0.214087
0.293177
0.266921
0.326351
0.317777
0.228553
0.259597
0.294728
0.244657
0.308083
0.292463
0.243361
0.242033
0.222732
0.249397
0.307585
0.276511
0.2922
0.209329
0.234001
0.229927
0.270233
0.285503
0.261623
0.265879
0.253482
0.291871
0.248835
0.242292
0.259693
0.32293
0.239425
0.26726
0.347027
0.258191
0.313162
0.358229
0.346972
0.232986
0.219191
0.277577
0.283416
0.332332
0.241801
0.420865
0.242343
0.243135
0.263364
0.274478
0.252227
0.304844
0.275678
0.289486
0.295699
0.29132
0.303782
0.269118
0.297148
0.237326
0.284861
0.259791
0.317676
0.238148
0.270146
0.289745
0.274858
0.226597
0.261099
0.261947
0.267559
0.297089
0.263669
0.278043
0.337994
0.288946
0.359732
0.303223
0.286342
0.313404
0.323016
0.255003
0.224338
0.249923
0.258138
0.224634
0.252193
0.233921
0.264286
0.255968
0.249758
0.286181
0.293354
0.240451
0.326724
0.321326
0.327398
0.315172
0.274337
0.347292
0.283844
0.31908
0.330359
0.276421
