0.257586
0.328845
0.276741
0.248121
0.28691
0.333849
0.283843
0.237626
0.284429
0.252643
0.25349
0.259906
0.250489
0.233237
0.22757
0.322714
0.258301
0.270508
0.28366
0.263949
0.272945
0.30407
0.265849
0.314381
0.289372
0.202787
0.273524
0.295306
0.307686
0.271951
0.270938
0.272283
0.252063
0.254595
0.262567
0.251317
0.271056
0.374988
0.237897
0.28246
0.235996
0.321477
0.312517
0.298854
0.241181
0.327609
0.276391
0.276662
0.267271
0.30138
0.258555
0.282223
0.301408
0.238113
0.291431
0.274356
0.318356
0.282848
0.26617
0.268262
0.27854
0.229932
0.270419
0.255919
0.275053
0.319705
0.255512
0.261349
0.248923
0.298389
0.291375
0.303795
0.264834
0.275946
0.273079
0.279447
0.2743
0.296665
0.27342
0.205537
0.247846
0.287905
0.304589
0.273091
0.283568
0.315242
0.260228
0.291005
0.316117
0.263102
0.207564
0.287
0.278554
0.272735
0.25894
0.270324
0.240105
0.296933
0.288585
0.242158
0.247745
0.247266
0.275139
0.264937
0.304961
0.317529
0.31528
0.300917
0.283848
0.249201
0.294348
0.341542
0.301971
0.266834
0.26535
0.31018
0.335786
0.264499
0.274191
0.207947
0.283074
0.389406
0.288025
0.250689
0.312206
0.389648
0.386487
0.232622
0.235391
0.281002
0.319492
0.296022
0.30068
0.295008
0.279551
0.245716
0.290599
0.242386
0.271432
0.28505
0.27999
0.26958
0.306068
0.29206
0.231091
0.286469
0.282685
0.246946
0.243621
0.329522
0.257161
0.259957
0.237032
0.277607
0.130696
0.269332
0.270427
0.275503
0.246049
0.275987
0.297082
0.274525
0.268895
0.261716
0.277372
0.283461
0.258815
0.185752
0.294219
0.302959
0.252627
0.263805
0.278534
0.298718
0.25668
0.269764
0.296074
0.283562
0.285803
0.379124
0.281002
0.271873
0.275446
0.243127
0.285737
0.22621
0.3223
0.306816
0.299538
0.320259
0.272165
0.25948
0.285295
0.26213
0.251292
0.259426
0.335247
0.26858
0.286233
0.257161
0.261605
0.239533
0.278715
0.295572
0.239945
0.22034
0.313318
0.287682
0.243642
0.251139
0.311959
0.252952
0.276731
0.296426
0.289632
0.392214
0.257099
0.282788
0.307873
0.275881
0.21403
0.240177
0.270899
0.257037
0.298513
0.273871
0.284574
0.230925
0.289032
0.269069
0.266428
0.288479
0.264341
0.305306
0.305257
0.286263
0.315972
0.302519
0.233848
0.285665
0.272631
0.243998
0.298505
0.271473
0.195881
0.292333
0.405585
0.304351
0.318681
0.237171
0.289593
0.242823
0.295836
0.247096
0.210692
0.294108
0.283007
0.287567
0.350225
0.277778
0.286303
0.275782
0.283315
0.304297
0.274145
0.243665
0.25947
0.249798
0.261591
0.294783
0.275357
0.271798
0.311391
0.284923
0.263875
0.300969
0.306278
0.28838
0.289135
0.250963
0.287624
0.293423
0.284616
0.280016
0.280718
0.289126
0.277989
0.31891
0.313035
0.323333
0.254621
0.26585
0.295296
0.25609
0.312053
0.260091
0.326165
0.315315
0.302827
0.247329
0.248718
0.238864
0.276831
0.276812
0.288399
0.278351
0.329735
0.292914
0.304344
0.294537
0.25834
0.268586
0.2929
0.258927
0.275334
0.265232
0.326236
0.223578
0.295597
0.312001
0.287305
0.263343
0.265887
0.584732
0.283326
0.319089
0.289834
0.335141
0.27757
0.244177
0.307247
0.259181
0.260673
0.308461
0.258755
0.284659
0.308813
0.282538
0.244604
0.282983
0.281867
0.277351
0.261897
0.298012
0.265921
0.298677
0.313048
0.273984
0.286699
0.29176
0.296799
0.263247
0.269358
0.311103
0.249874
0.212512
0.293989
0.284847
0.358269
0.230013
0.247698
0.288668
0.283069
0.326061
0.342213
0.290421
0.263745
0.276496
0.282645
0.299022
0.258575
0.292374
0.286971
0.229771
0.258694
0.234453
0.214113
0.276534
0.268747
0.240453
0.278146
0.251133
0.203642
0.274956
0.272561
0.311149
0.275773
0.415325
0.286026
0.277218
0.318807
0.268539
0.280537
0.222222
0.285278
0.258361
0.450487
0.290418
0.25409
0.260409
0.328986
0.261123
0.335966
0.28252
0.265999
0.266838
0.298343
0.283342
0.327881
0.289815
0.22252
0.222367
0.308306
0.30787
0.225909
0.244788
0.288412
0.249188
0.2802
0.311346
0.242703
0.239532
0.246754
0.336097
0.31746
0.295739
0.257305
0.262554
0.376471
0.234062
0.271713
0.265943
0.254051
0.310663
0.254179
0.297161
0.237079
0.266546
0.294629
0.278799
0.280592
0.312123
0.259714
0.283326
0.294528
0.26781
0.258325
0.286669
0.26658
0.225039
0.240392
0.285265
0.247285
0.27875
0.295832
0.341001
0.264143
0.38014
0.208424
0.229163
0.245944
0.29884
0.259724
0.2741
0.280578
0.316084
0.231736
0.286884
0.276853
0.294178
0.264667
0.259189
0.281265
0.387919
0.389022
0.23217
0.290683
0.250621
0.278635
0.265941
0.231364
0.263218
0.262281
0.257068
0.225804
0.32374
0.262882
0.225765
0.288176
0.233179
0.278934
0.239185
0.240827
0.300612
0.216843
0.301656
0.243044
0.233422
0.333285
0.266947
0.300244
0.369927
0.270836
0.277932
0.277474
0.253771
0.349405
0.26908
0.284158
0.297728
0.268234
0.269501
0.266879
0.293861
0.265268
0.32525
0.248862
0.258771
0.268365
0.296222
0.313956
0.269446
0.249255
0.357752
0.289697
0.291854
0.227883
0.294703
0.302853
0.296381
0.244997
0.268218
0.261633
0.270483
0.300703
0.248255
0.278943
0.318672
0.297667
0.241013
0.266132
0.25686
0.268918
0.260204
0.352578
0.275305
0.242212
0.259604
0.245932
0.362908
0.23502
0.219892
0.302604
0.254009
0.265777
0.327252
0.287112
0.271688
0.295404
0.279995
0.285039
0.286841
0.326027
0.272498
0.302887
0.352984
0.24189
0.267326
0.260203
0.221217
0.249211
0.224167
0.286615
0.233265
0.295224
0.240321
0.274708
0.324128
0.340567
0.299676
0.28228
0.31071
0.277908
0.281272
0.263655
0.237953
0.261932
0.295693
0.249057
0.278698
0.258518
0.225851
0.249489
0.247538
0.336508
0.225738
0.287317
0.222015
0.32774
0.22043
0.25449
0.288559
0.257174
0.294618
0.229555
0.264686
0.30003
0.324112
0.331003
0.2537
0.381077
0.277662
0.240977
0.280454
0.318385
0.197681
0.336692
0.317505
0.293685
0.330459
0.245384
0.273353
0.355328
0.29493
0.297089
0.267473
0.409818
0.265475
0.260579
0.231225
0.246534
0.282693
0.288426
0.292287
0.271508
0.277732
0.318939
0.254219
0.302781
0.288162
0.255811
0.31626
0.29396
0.313454
0.293589
0.262892
0.253394
0.253306
0.252283
0.318957
0.300188
0.213627
0.294022
0.304069
0.335911
0.284564
0.284718
0.256475
0.266399
0.302487
0.264117
0.241649
0.281618
0.237014
0.284547
0.261734
0.297919
0.291156
0.244426
0.265125
0.245763
0.323125
0.218583
0.261969
0.262806
0.265064
0.211861
0.266716
0.28393
0.342621
0.302602
0.270331
0.270118
0.2352
0.233057
0.265401
0.340216
0.245156
0.265382
0.315888
0.34892
0.279054
0.253795
0.188949
0.2219
0.225114
0.261002
0.406869
0.259839
0.302076
0.302654
0.287856
0.249099
0.315956
0.267803
0.272208
0.285458
0.296765
0.264171
0.255821
0.290545
0.327531
0.310238
0.28119
0.299244
0.343753
0.279705
0.306048
0.251558
0.243112
0.24383
0.27968
0.280299
0.303469
0.261551
0.402453
0.271086
0.306743
0.2621
0.205575
0.267219
0.244771
0.270774
0.296421
0.286804
0.269664
0.211097
0.247068
0.37299
0.276798
0.313604
0.276742
0.246605
0.276999
0.223502
0.298562
0.286695
0.287278
0.273855
0.317574
0.255015
0.327003
0.272958
0.299278
0.316047
0.227678
0.258186
0.2935
0.272518
0.309819
0.241865
0.302578
0.353041
0.274561
0.250094
0.33527
0.25881
0.221857
0.276589
0.288335
0.262142
0.265928
0.231319
0.240562
0.252438
0.348331
0.318966
0.261713
0.278111
0.251078
0.249019
0.309347
0.299408
0.240139
0.273918
0.235661
0.307955
0.302805
0.26756
0.317465
0.289298
0.335241
0.241332
0.314973
0.31854
0.258038
0.27451
0.329618
0.224644
0.219125
0.265836
0.246514
0.26094
0.296499
0.271071
0.248934
0.307178
0.317507
0.259843
0.241869
0.278552
0.252089
0.259548
0.29026
0.240095
0.27234
0.256944
0.364003
0.28287
0.286497
0.324155
0.220647
0.331958
0.301806
0.250359
0.376705
0.290737
0.283017
0.273474
0.243661
0.256523
0.26988
0.307219
0.250399
0.256927
0.276958
0.24447
0.264811
0.350437
0.305234
0.202431
0.285818
0.261601
0.240736
0.348845
0.283397
0.283236
0.251008
0.275385
0.361132
0.26895
0.259652
0.250859
0.301877
0.304021
0.278858
0.26515
0.273656
0.387636
0.318483
0.248957
0.231135
0.285056
0.287543
0.321078
0.273997
0.286109
0.309347
0.268275
0.23184
0.238647
0.283314
0.298418
0.330137
0.31428
0.266196
0.287474
0.265293
0.279662
0.340744
0.332501
0.280716
0.220372
0.223403
0.284051
0.227721
0.315615
0.226454
0.267658
0.226352
0.288343
0.261772
0.302674
0.303817
0.228091
0.24541
0.332705
0.295015
0.257594
0.250998
0.280464
0.304314
0.198668
0.235193
0.27651
0.244872
0.266158
0.317716
0.309159
0.224807
0.289435
0.253602
0.285479
0.218698
0.270233
0.257663
0.287273
0.261468
0.396294
0.294118
0.267614
0.400235
0.296139
0.264649
0.260049
0.228132
0.290084
0.324818
0.264481
0.222755
0.281147
0.281758
0.298383
0.269977
0.288784
0.225834
0.324614
0.255227
0.306902
0.271927
0.280829
0.301912
0.275873
0.240125
0.309409
0.277539
0.262421
0.256638
0.26432
0.227765
0.281733
0.300498
0.2397
0.258457
0.226959
0.282328
0.291765
0.199592
0.295906
0.287575
0.292974
0.28232
0.331804
0.296625
0.268327
0.279252
0.270242
0.233277
0.269188
0.262475
0.262743
0.269707
0.267924
0.272221
0.278694
0.269623
0.273658
0.263636
0.355039
0.317486
0.234529
0.250753
0.240295
0.254443
0.296481
0.275222
0.269632
0.236373
0.29041
0.194814
0.234699
0.236461
0.248762
0.255016
0.302247
0.296535
0.297161
0.254092
0.24274
0.270068
0.267985
0.278284
0.298369
0.268258
0.255753
0.321174
0.326894
0.264933
0.2865
0.293438
0.296058
0.287523
0.250082
0.199246
0.27365
0.258096
0.30319
0.263202
0.252565
0.300359
0.273017
0.275537
0.272048
0.260642
0.277009
0.210807
0.332959
0.253397
0.272646
0.266999
0.286433
0.307285
0.294992
0.296086
0.295895
0.279458
0.346672
0.2911
0.283739
0.253419
0.197844
0.247254
0.242348
0.265277
0.244137
0.246961
0.294633
0.296575
0.246784
0.301401
0.214592
0.29312
0.202409
0.258082
0.273636
0.30216
0.243185
0.33817
0.347826
0.271898
0.296016
0.242227
0.251894
0.228062
0.291311
0.288495
0.270283
0.295446
0.294832
0.342509
0.287141
0.285127
0.266041
0.212694
0.229501
0.288061
0.320312
0.285911
0.283883
0.320011
0.229103
0.216021
0.265864
0.308903
0.300773
0.238095
0.319617
0.261763
0.269111
0.279992
0.298458
0.30239
0.262632
0.238662
0.29532
0.334428
0.316377
0.325931
0.275927
0.292059
0.310192
0.297847
0.269367
0.287463
0.318148
0.285867
0.267069
0.259584
0.254984
0.304902
0.255267
0.232748
0.29491
0.270614
0.308996
0.266651
0.283603
0.269392
0.266677
0.274137
0.25495
0.28518
0.273024
0.242576
0.301866
0.320366
0.25
0.287464
0.26248
0.266385
0.327321
0.292099
0.27043
0.315415
0.286195
0.388291
0.27946
0.249386
0.265573
0.29143
0.234423
0.226689
0.284049
0.234024
0.279499
0.352099
0.306395
0.215879
0.28973
0.287765
0.299627
0.263114
0.237242
0.271725
0.264516
0.249328
0.332795
0.280874
0.282958
0.30438
0.341263
0.301651
0.27137
0.287481
0.309421
0.268733
0.271759
0.335269
0.06632
0.236015
0.289015
0.19475
0.302146
0.246794
0.258684
0.210731
0.259647
0.301301
0.269122
0.322609
0.258543
0.279403
0.265867
0.316229
0.27643
0.260753
0.252815
0.298842
0.298244
0.272914
0.308176
0.271564
0.258529
0.25083
0.226207
0.282327
0.27826
0.313312
0.305072
0.319736
0.236047
0.281351
0.348658
0.237683
0.289738
0.276519
0.300664
0.289012
0.244584
0.302638
0.266542
0.276195
0.332323
0.271394
0.226922
0.282352
0.268897
0.256904
0.292742
0.242743
0.31196
0.226326
0.261144
0.286753
0.305366
0.270636
0.279104
0.316972
0.265549
0.225308
0.260383
0.271287
0.247121
0.277029
0.27718
0.253907
0.308679
0.230787
0.262417
0.330537
0.266728
0.267816
0.385282
0.256486
0.288666
0.254928
0.313676
0.301526
0.338095
0.305744
0.247571
0.365085
0.232143
0.287053
0.236203
0.250262
0.241973
0.284714
0.279681
0.300763
0.278805
0.338425
0.456965
0.327121
0.230677
0.301918
0.294025
0.313533
0.234291
0.206876
0.323426
0.295857
0.310101
0.292646
0.31251
0.205351
0.228453
0.381206
0.334568
0.221884
0.251765
0.287207
0.303075
0.189267
0.22893
0.285559
0.282493
0.257846
0.248723
0.326148
0.27084
0.263684
0.234355
0.266375
0.305198
0.289194
0.274872
0.257503
0.266803
0.275819
0.242964
0.268631
0.225616
0.299095
0.28462
0.242615
0.308008
0.281588
0.285793
0.279464
0.294879
0.271076
0.286006
0.299164
0.326677
0.276304
0.282242
0.282783
0.278201
0.270195
0.289344
0.281626
0.227782
0.272994
0.306272
0.245707
0.268372
0.224343
0.314893
0.334151
0.315311
0.252209
0.288074
0.322031
0.281121
0.285102
0.265624
0.2483
0.287599
0.283481
0.302165
0.277434
0.29421
0.252591
0.295034
0.267971
0.222403
0.273287
0.309096
0.252392
0.357073
0.237519
0.305364
0.339926
0.2466
0.264615
0.264697
0.252748
0.307794
0.28695
0.260246
0.250342
0.310737
0.268212
0.25266
0.315516
0.248181
0.261916
0.243838
0.289871
0.272683
0.240276
0.318352
0.248856
0.22686
0.254451
0.257168
0.24651
0.334339
0.287144
0.315203
0.231782
0.280959
0.343783
0.27627
0.311644
0.300215
0.322286
0.220116
0.33554
0.251668
0.356197
0.284665
0.382703
0.264792
0.287473
0.249364
0.333657
0.255021
0.304134
0.31134
0.286471
0.239136
0.266343
0.249017
0.326587
0.298188
0.308288
0.288764
0.286797
0.274986
0.358104
0.274775
0.300143
0.243238
0.230036
0.301794
0.237891
0.281881
0.262923
0.274356
0.278577
0.308867
0.26212
0.306379
0.304116
0.34861
0.261187
0.222809
0.290169
0.229204
0.256
0.288734
0.314092
0.254476
0.302117
0.32194
0.348575
0.295087
0.274064
0.220943
0.233099
0.271512
0.299524
0.223472
0.245045
0.232681
0.373804
0.207394
0.224001
0.263248
0.362915
0.301071
0.421768
0.275789
0.277867
0.255973
0.294986
0.307601
0.258325
0.345331
0.273036
0.234166
0.283941
0.305988
0.265064
0.366249
0.305328
0.373892
0.27055
0.311359
0.285925
0.278322
0.267358
0.31631
0.320407
0.293886
0.320253
0.265355
0.288359
0.280395
0.320593
0.246789
0.261609
0.293119
0.284828
0.258897
0.276808
0.292304
0.269781
0.275558
0.27444
0.329797
0.283791
0.243287
0.293063
0.26821
0.279888
0.255328
0.320782
0.250432
0.241026
0.248856
0.267573
0.366423
0.364323
0.255042
0.266015
0.309098
0.294803
0.27781
0.264051
0.182899
0.285697
0.288214
0.275909
0.25395
0.240887
0.235435
0.238482
0.311571
0.306228
0.277006
0.259062
0.287854
0.379913
0.341996
0.261178
0.290027
0.286495
0.288387
0.309345
0.282571
0.253415
0.269591
0.272071
0.289438
0.292521
0.257507
0.257447
0.298675
0.140968
0.308586
0.227609
0.266288
0.222964
0.354353
0.343553
0.267362
0.330897
0.274199
0.27681
0.278131
0.274528
0.178641
0.270314
0.295964
0.275014
0.279717
0.261594
0.285087
0.273545
0.314108
0.310351
0.251509
0.303738
0.253401
0.236388
0.27604
0.343252
0.259948
0.26494
0.283692
0.299524
0.306452
0.207479
0.247798
0.269584
0.255428
0.290869
0.234621
0.31158
0.228695
0.287581
0.20164
0.291446
0.258919
0.320874
0.265246
0.262482
0.276895
0.268899
0.289128
0.39209
0.252047
0.324253
0.21643
0.30802
0.281868
0.303258
0.300957
0.321755
0.25215
0.222344
0.254811
0.324385
0.265314
0.268574
0.233346
0.304671
0.360448
0.314314
0.310539
0.212085
0.304434
0.274756
0.249001
0.27519
0.287653
0.268553
0.251524
0.249579
0.318025
0.29882
0.326651
0.305329
0.279815
0.272735
0.271024
0.27863
0.246204
0.248768
0.294815
0.310188
0.294863
0.282189
0.229426
0.281608
0.218768
0.256615
0.262084
0.239708
0.281782
0.285165
0.31013
0.314214
0.246388
0.304037
0.276292
0.356199
0.337735
0.294314
0.288123
0.278905
0.270859
0.298769
0.312089
0.271747
0.25325
0.276684
0.269871
0.303067
0.304351
0.287228
0.285089
0.25584
0.272213
0.323961
0.276918
0.277625
0.341173
0.285064
0.290253
0.293311
0.274722
0.246625
0.245074
0.269202
0.322641
0.309326
0.287214
0.323165
0.28497
0.280398
0.223417
0.305565
0.261507
0.291854
0.268814
0.280966
0.276464
0.328828
0.282204
0.327775
0.278441
0.304506
0.264182
0.334068
0.24736
0.280964
0.247939
0.285961
0.259449
0.319561
0.222265
0.231929
0.289442
0.267047
0.282988
0.258592
0.394662
0.289226
0.349947
0.299911
0.252539
0.266398
0.406539
0.26621
0.258087
0.278104
0.310746
0.285816
0.158949
0.24071
0.454416
0.277191
0.221922
0.238712
0.316727
0.32925
0.25286
0.353676
0.289416
0.232881
0.257943
0.289673
0.352273
0.265984
0.253774
0.326274
0.326373
0.287777
0.249394
0.337098
0.283715
0.276848
0.262419
0.261736
0.225286
0.296547
0.277541
0.321258
0.257185
0.341064
0.311796
0.329139
0.346588
0.292299
0.269617
0.293006
0.293973
0.257951
0.312108
0.274722
0.300312
0.272436
0.240312
0.296849
0.330368
0.273464
0.290418
0.258913
0.259879
0.333808
0.293878
0.249113
0.274134
0.262321
0.284041
0.26157
0.249035
0.25841
0.186693
0.348792
0.28842
0.251026
0.26072
0.316392
0.288321
0.263851
0.288978
0.28395
0.314145
0.327862
0.293998
0.280194
0.302339
0.262551
0.246537
0.256233
0.238313
0.216062
0.321434
0.266923
0.299274
0.292724
0.290787
0.264168
0.257972
0.35919
0.299294
0.229965
0.248463
0.258369
0.393297
0.269117
0.269022
0.285034
0.221908
0.259794
0.249655
0.324194
0.2876
0.293035
0.301866
0.310183
0.324763
0.253235
0.245981
0.320316
0.266165
0.259127
0.467626
0.365595
0.297997
0.261226
0.283485
0.24966
0.317554
0.296672
0.299956
0.309495
0.271556
0.319405
0.271486
0.278482
0.287981
0.238671
0.287864
0.250935
0.223386
0.251897
0.303398
0.316826
0.312838
0.293259
0.295882
0.269553
0.251019
0.301355
0.27774
0.299032
0.254966
0.270499
0.174395
0.289589
0.276554
0.267043
0.274792
0.286901
0.288155
0.448005
0.252924
0.283178
0.250449
0.300483
0.263529
0.27528
0.218255
0.251993
0.258065
0.247529
0.219056
0.318287
0.277896
0.262718
0.239108
0.271456
0.304161
0.292934
0.262891
0.24528
0.280279
0.278765
0.268903
0.290922
0.295164
0.299439
0.27217
0.31338
0.253903
0.297299
0.280625
0.211965
0.275984
0.21709
0.233541
0.178193
0.262972
0.320853
0.298444
0.245445
0.249425
0.25155
0.271677
0.281729
0.308674
0.258524
0.263874
0.301994
0.338545
0.25211
0.328917
0.27839
0.343969
0.246228
0.226527
0.300714
0.290869
0.258757
0.254615
0.276351
0.272688
0.289859
0.256151
0.297997
0.249194
0.236392
0.268289
0.264868
0.284702
0.242979
0.328471
0.311697
0.318557
0.277581
0.228616
0.304446
0.277701
0.291677
0.283272
0.326653
0.285238
0.334157
0.251173
0.283877
0.302678
0.216036
0.280873
0.273039
0.214767
0.268653
0.296535
0.233594
0.305373
0.297534
0.237302
0.266301
0.275628
0.324791
0.273844
0.290149
0.263063
0.280834
0.278061
0.279626
0.321299
0.295919
0.289748
0.236913
0.258578
0.272152
0.264386
0.267184
0.264024
0.24523
0.35612
0.240862
0.300171
0.277357
0.299138
0.28266
0.276615
0.319818
0.277544
0.27434
0.31006
0.28454
0.289427
0.270381
0.295001
0.281659
0.209578
0.351465
0.239678
0.271191
0.392671
0.279612
0.241671
0.254337
0.257351
0.336078
0.283846
0.263705
0.249137
0.271878
0.275455
0.276562
0.283882
0.236206
0.253313
0.270681
0.269288
0.276354
0.284453
0.287193
0.312381
0.307224
0.271775
0.286627
0.302514
0.301812
0.233702
0.267576
0.317974
0.286902
0.339933
0.258111
0.280253
0.264869
0.281867
0.306184
0.232402
0.282383
0.285245
0.271565
0.285246
0.28739
0.285972
0.300617
0.275592
0.305449
0.287933
0.279107
0.199325
0.302337
0.263845
0.271007
0.314254
0.294602
0.215936
0.257538
0.264245
0.285996
0.293258
0.293098
0.30405
0.281205
0.23558
0.252144
0.263362
0.261675
0.265585
0.223538
0.255092
0.282897
0.302587
0.273288
0.285491
0.21174
0.263213
0.208803
0.249758
0.339049
0.254636
0.256942
0.278471
0.268419
0.270508
0.238699
0.259787
0.277735
0.342665
0.252358
0.269977
0.395404
0.269997
0.289187
0.270981
0.278616
0.335596
0.28516
0.255252
0.26857
0.256097
0.237026
0.298665
0.264426
0.300199
0.252125
0.285133
0.251227
0.274016
0.394088
0.27334
0.268413
0.295178
0.230029
0.290197
0.289847
0.298118
0.243797
0.279651
0.406092
0.291298
0.295682
0.285638
0.256991
0.289151
0.320867
0.233864
0.238049
0.284797
0.232554
0.268263
0.23965
0.244067
0.260622
0.262045
0.293021
0.255671
0.256659
0.163929
0.243451
0.219156
0.22377
0.286267
0.15818
0.259869
0.303333
0.297211
0.275566
0.326818
0.291685
0.321514
0.246124
0.252076
0.28132
0.279502
0.208384
0.261126
0.287052
0.288478
0.241134
0.248002
0.270393
0.306093
0.259701
0.271829
0.246416
0.264064
0.261693
0.285387
0.210672
0.299745
0.316788
0.268797
0.261597
0.269705
0.227643
0.27983
0.278759
0.268531
0.255652
0.277459
0.246663
0.277839
0.319152
0.231146
0.237155
0.302853
0.277425
0.248033
0.223557
0.311172
0.30292
0.234477
0.239108
0.252814
0.256468
0.295373
0.2843
0.258927
0.341641
0.343695
0.283256
0.294296
0.264322
0.281476
0.243843
0.267513
0.337176
0.281597
0.238479
0.261469
0.304651
0.378272
0.26804
0.288247
0.206985
0.274597
0.232931
0.266205
0.297817
0.245351
0.268495
0.216029
0.27345
0.253679
0.24844
0.3057
0.254359
0.243539
0.250335
0.273014
0.250468
0.270921
0.299992
0.284471
0.333622
0.26308
0.280949
0.30019
0.281066
0.27213
0.257205
0.223904
0.310707
0.271904
0.189468
0.289961
0.261739
0.27843
0.299382
0.280397
0.288715
0.25222
0.274942
0.311424
0.271774
0.284891
0.265519
0.223626
0.277429
0.280984
0.280606
0.253731
0.26037
0.297975
0.27951
0.261697
0.249047
0.266842
0.263094
0.240807
0.282463
0.299421
0.230944
0.269129
0.278713
0.288197
0.199419
0.290657
0.278562
0.255993
0.259859
0.311838
0.256884
0.246511
0.261362
0.219673
0.23498
0.28285
0.254937
0.28316
0.306236
0.280713
0.247923
0.332084
0.2493
0.265478
0.297467
0.314812
0.291459
0.281245
0.264161
0.265201
0.245343
0.309272
0.291916
0.316571
0.267744
0.269068
0.280878
0.239245
0.333741
0.277176
0.280581
0.308516
0.354111
0.251111
0.272229
0.264957
0.295884
0.283084
0.294417
0.238459
0.244365
0.31724
0.301297
0.265983
0.277249
0.28248
0.30889
0.251881
0.237807
0.246983
0.218628
0.248257
0.276182
0.273081
0.382057
0.353347
0.292021
0.327805
0.334044
0.271536
0.242782
0.285044
0.28756
0.272527
0.260403
0.248928
0.343742
0.29394
0.265657
0.247838
0.207907
0.294778
0.277925
0.261588
0.289558
0.259151
0.260176
0.423794
0.289258
0.222395
0.264452
0.285025
0.513612
0.231595
0.295006
0.311417
0.281779
0.251903
0.265705
0.306163
0.27379
0.264639
0.283393
0.332454
0.29317
0.244917
0.252588
0.321099
0.266601
0.240521
0.252152
0.250313
0.245883
0.235565
0.258325
0.259236
0.276374
0.262996
0.254701
0.302652
0.268171
0.315156
0.283298
0.268739
0.242652
0.189769
0.270495
0.300022
0.269102
0.240385
0.2236
0.269461
0.288269
0.285094
0.257586
0.253442
0.311167
0.262084
0.383598
0.267455
0.289755
0.288739
0.262942
0.286721
0.246945
0.279446
0.269688
0.289663
0.250602
0.313122
0.292027
0.293029
0.370912
0.318364
0.275865
0.303321
0.246806
0.33944
0.299636
0.276784
0.24988
0.258365
0.262526
0.263538
0.256743
0.260405
0.311068
0.29327
0.2465
0.265508
0.23452
0.262475
0.265062
0.241521
0.247503
0.342912
0.27802
0.236329
0.247031
0.316836
0.294212
0.275007
0.287722
0.213754
0.272374
0.320529
0.249386
0.294559
0.32295
0.319911
0.291736
0.28127
0.25456
0.296366
0.293639
0.209895
0.32561
0.277215
0.256149
0.350631
0.265752
0.277824
0.279012
0.290756
0.285621
0.268926
0.345677
0.26595
0.330265
0.277558
0.283608
0.276247
0.29736
0.341898
0.236463
0.264318
0.268625
0.281459
0.330694
0.268915
0.25813
0.231257
0.257439
0.316887
0.352309
0.285759
0.352348
0.315029
0.25627
0.289413
0.276246
0.304132
0.286161
0.42935
0.33359
0.264013
0.205587
0.270401
0.328856
0.251918
0.299374
0.308684
0.254261
0.277192
0.299511
0.290606
0.243663
0.291228
0.289025
0.26025
0.298002
0.292145
0.28442
0.286831
0.285044
0.255788
0.236878
0.263284
0.254737
0.269429
0.372602
0.364741
0.258135
0.256749
0.294579
0.291872
0.227314
0.259979
0.322054
0.270063
0.272418
0.257336
0.337743
0.370173
0.278271
0.285216
0.242557
0.405812
0.306091
0.406783
0.293271
0.232295
0.267846
0.276413
0.24541
0.240739
0.260201
0.309482
0.279512
0.266582
0.314293
0.219285
0.20716
0.245651
0.283558
0.290265
0.28
0.255252
0.303936
0.304087
0.346696
0.236053
0.261809
0.290581
0.259093
0.341126
0.22837
0.193296
0.278094
0.261193
0.322971
0.312895
0.293617
0.236804
0.318089
0.260642
0.294307
0.300675
0.244256
0.289056
0.247597
0.25852
0.294971
0.294161
0.324983
0.293888
0.285724
0.230881
0.237494
0.313385
0.303075
0.258114
0.321037
0.235161
0.297893
0.199349
0.288822
0.254256
0.282185
0.253516
0.310678
0.33654
0.267074
0.2648
0.27791
0.266547
0.27702
0.290226
0.304873
0.311182
0.338949
0.321155
0.29559
0.307561
0.236267
0.301206
0.323468
0.311417
0.280103
0.253466
0.254319
0.279703
0.234473
0.262979
0.285387
0.279005
0.291864
0.338503
0.272049
0.386699
0.274455
0.279238
0.262975
0.282538
0.214031
0.201576
0.192102
0.279739
0.212844
0.24783
0.284899
0.281133
0.262649
0.20549
0.306257
0.277816
0.293837
0.26959
0.267878
0.246833
0.308418
0.26728
0.320255
0.267102
0.253893
0.276695
0.211157
0.274066
0.319155
0.250039
0.264007
0.294101
0.26533
0.329796
0.296044
0.190189
0.275387
0.291454
0.302825
0.235658
0.299083
0.346908
0.360344
0.236848
0.280717
0.300536
0.339437
0.263485
0.279727
0.295
0.315727
0.262312
0.272904
0.318562
0.202122
0.231572
0.23863
0.286488
0.294818
0.312162
0.291289
0.315723
0.264636
0.248164
0.273335
0.293655
0.297988
0.252559
0.29486
0.224671
0.259075
0.223807
0.304294
0.316745
0.295493
0.24484
0.231172
0.24754
0.309087
0.320955
0.281689
0.228659
0.2743
0.262396
0.22318
0.314393
0.265523
0.32012
0.255158
0.301835
0.236433
0.333179
0.277216
0.328746
0.266154
0.282708
0.285352
0.287867
0.261682
0.22707
0.213172
0.203125
0.279441
0.277862
0.27909
0.237061
0.285141
0.276007
0.252925
0.317462
0.29806
0.325859
0.312993
0.248448
0.249728
0.333506
0.260944
0.300642
0.285057
0.273452
0.222302
0.274914
0.232389
0.235373
0.288048
0.266106
0.269822
0.3372
0.270085
0.285248
0.259218
0.25728
0.350342
0.216012
0.265796
0.309754
0.265783
0.275078
0.267462
0.242775
0.213494
0.276363
0.246414
0.206141
0.288458
0.250887
0.327758
0.294173
0.294322
0.274709
0.266655
0.291552
0.248151
0.251117
0.299473
0.267226
0.26382
0.268408
0.287581
0.284157
0.315843
0.258694
0.278715
0.275514
0.337882
0.344674
0.260316
0.259203
0.281796
0.270521
0.300339
0.315249
0.267272
0.212836
0.292915
0.275064
0.314768
0.257018
0.27178
0.313139
0.237719
0.288642
0.217135
0.255555
0.252656
0.321465
0.388442
0.285287
0.333651
0.224889
0.276737
0.358208
0.264732
0.262335
0.303668
0.273013
0.266502
0.276976
0.293841
0.260914
0.245151
0.268733
0.262223
0.27098
0.24296
0.255911
0.262238
0.272958
0.288525
0.306772
0.24066
0.281368
0.307819
0.348635
0.261169
0.288171
0.310165
0.284033
0.334725
0.269175
0.285336
0.269511
0.280138
0.259844
0.288904
0.277582
0.261934
0.269358
0.259344
0.275336
0.258159
0.256014
0.297214
0.301998
0.291172
0.27644
0.246381
0.287419
0.220846
0.250647
0.263158
0.256007
0.292646
0.290263
0.260277
0.267091
0.286128
0.318047
0.270273
0.305798
0.283964
0.292343
0.26988
0.257204
0.26506
0.246078
0.329411
0.24207
0.173268
0.304508
0.30221
0.310784
0.264872
0.297524
0.275413
0.25042
0.248344
0.288462
0.331269
0.256024
0.291968
0.274097
0.296583
0.29687
0.148792
0.349738
0.298662
0.264774
0.246539
0.294573
0.247714
0.279187
0.303129
0.261117
0.234668
0.349136
0.286593
0.282896
0.296091
0.231784
0.269363
0.379437
0.298954
0.226268
0.330136
0.215018
0.308741
0.258873
0.272415
0.274378
0.237828
0.252166
0.267293
0.269505
0.322918
0.293293
0.250349
0.260135
0.290942
0.272666
0.2751
0.26058
0.296592
0.331442
0.242493
0.298719
0.25577
0.274983
0.270029
0.304301
0.30055
0.342919
0.30755
0.267366
0.258455
0.271967
0.279053
0.304513
0.271918
0.276471
0.253023
0.277971
0.29939
0.241824
0.237067
0.267811
0.281466
0.202737
0.302568
0.357442
0.306434
0.282789
0.303511
0.310247
0.235323
0.256496
0.26248
0.280331
0.253236
0.288188
0.243972
0.297563
0.281918
0.252595
0.24357
0.236992
0.298841
0.274443
0.297548
0.283162
0.254559
0.256481
0.306725
0.26215
0.286343
0.242613
0.230895
0.281636
0.292955
0.303234
0.290481
0.254764
0.300208
0.323905
0.288443
0.313934
0.21483
0.250513
0.257654
0.34452
0.269849
0.252472
0.276137
0.256896
0.278942
0.337843
0.244962
0.28486
0.287678
0.336153
0.240253
0.311759
0.252593
0.252558
0.249529
0.2376
0.305692
0.163973
0.286647
0.258336
0.283439
0.285988
0.273798
0.196457
0.255655
0.302853
0.248051
0.198507
0.25149
0.265016
0.30047
0.294847
0.363506
0.35321
0.275406
0.259754
0.338942
0.25082
0.303516
0.278784
0.297638
0.244061
0.281067
0.31864
0.305287
0.295932
0.343079
0.264324
0.246856
0.261354
0.295524
0.277566
0.275206
0.329516
0.269062
0.265618
0.333964
0.261603
0.293187
0.288154
0.22258
0.286585
0.386125
0.257812
0.242761
0.278654
0.315356
0.29129
0.260497
0.276061
0.225986
0.259701
0.339733
0.316844
0.240258
0.262707
0.216331
0.321605
0.30963
0.307991
0.265268
0.286693
0.280922
0.286934
0.260929
0.249902
0.265026
0.255416
0.268179
0.287147
0.291523
0.310462
0.216972
0.252088
0.286712
0.317122
0.243644
0.270379
0.30795
0.267204
0.259649
0.298776
0.267911
0.273936
0.355046
0.300985
0.271496
0.298136
0.290586
0.279718
0.24685
0.268444
0.334924
0.303931
0.278213
0.301426
0.284181
0.263881
0.264307
0.25384
0.274733
0.278669
0.308533
0.261744
0.266153
0.28876
0.307741
0.255461
0.312446
0.361408
0.270268
0.338061
0.31194
0.265269
0.325454
0.361329
0.320285
0.337836
0.244342
0.277421
0.267784
0.279201
0.25052
0.223054
0.261833
0.284312
0.240382
0.281012
0.24815
0.287509
0.281546
0.270486
0.280384
0.303166
0.262145
0.265102
0.265878
0.32606
0.205743
0.270532
0.29324
0.263628
0.238972
0.299787
0.275889
0.25554
0.310482
0.195577
0.253214
0.305968
0.230459
0.26992
0.295869
0.278065
0.250657
0.230367
0.294094
0.271371
0.292919
0.270665
0.312956
0.317433
0.259994
0.262167
0.312924
0.273576
0.367808
0.210962
0.269077
0.279676
0.281289
0.328732
0.23908
0.289484
0.253942
0.251716
0.255379
0.218456
0.273765
0.280558
0.266985
0.294167
0.255534
0.323463
0.215806
0.220423
0.258367
0.273157
0.276519
0.282072
0.271623
0.278777
0.281685
0.303471
0.263852
0.286373
0.30677
0.270128
0.249008
0.266418
0.310481
0.267907
0.250272
0.304705
0.262236
0.267634
0.217974
0.258718
0.329639
0.261292
0.32396
0.313409
0.252213
0.246154
0.292303
0.293487
0.265976
0.293958
0.293472
0.241514
0.2386
0.278104
0.211274
0.27574
0.267132
0.318265
0.262966
0.272014
0.300302
0.285111
0.28904
0.300982
0.229458
0.319936
0.263801
0.301903
0.291148
0.283216
0.272669
0.283165
0.298695
0.258455
0.272055
0.298583
0.336921
0.229513
0.391212
0.280534
0.296971
0.334674
0.271428
0.304337
0.250065
0.27613
0.377493
0.276992
0.279248
0.236906
0.260075
0.280577
0.34248
0.321692
0.271818
0.224051
0.242594
0.189895
0.26759
0.291066
0.260959
0.307728
0.267383
0.251091
0.284952
0.356452
0.258937
0.27353
0.309434
0.279138
0.243216
0.32286
0.267177
0.217906
0.294549
0.308293
0.290323
0.254085
0.252609
0.173245
0.32682
0.263465
0.325041
0.277499
0.219864
0.289985
0.25456
0.260544
0.283937
0.264159
0.261849
0.277384
0.399681
0.302076
0.289685
0.207591
0.264934
0.242852
0.267637
0.263024
0.284317
0.239688
0.254291
0.322195
0.315906
0.268089
0.206381
0.277533
0.266021
0.290552
0.311007
0.26975
0.257402
0.247566
0.244136
0.273517
0.333333
0.261327
0.278426
0.285943
0.245229
0.308262
0.290374
0.295087
0.302284
0.258626
0.273164
0.267054
0.276737
0.263743
0.326179
0.277038
0.274545
0.284057
0.22684
0.224236
0.25286
0.262335
0.226814
0.248069
0.33052
0.203903
0.287864
0.269123
0.320549
0.299458
0.284561
0.253953
0.311126
0.304938
0.295167
0.266729
0.295712
0.25121
0.271822
0.248246
0.278601
0.316417
0.273003
0.32672
0.305181
0.254049
0.290181
0.281308
0.264375
0.281228
0.268468
0.246875
0.244888
0.258399
0.218831
0.338215
0.274027
0.312802
0.312265
0.254051
0.277987
0.278841
0.286358
0.305021
0.291511
0.259882
0.261824
0.247134
0.308266
0.290945
0.419991
0.362061
0.257612
0.292186
0.252577
0.290945
0.297035
0.321562
0.293062
0.254006
0.260229
0.287567
0.293443
0.263054
0.285834
0.265496
0.262685
0.277509
0.272217
0.293404
0.226723
0.26995
0.25874
0.265309
0.259041
0.294099
0.256216
0.262634
0.224038
0.282809
0.275787
0.269091
0.264365
0.270975
0.264235
0.269823
0.256157
0.239109
0.256464
0.267937
0.201047
0.293495
0.236463
0.260297
0.276243
0.270314
0.267656
0.288569
0.279258
0.285192
0.27889
0.222027
0.266486
0.300528
0.304127
0.331045
0.286285
0.208113
0.261875
0.263549
0.226715
0.289732
0.274377
0.283499
0.305214
0.306588
0.280155
0.292612
0.282688
0.296657
0.232276
0.303634
0.278463
0.208236
0.27802
0.264722
0.291398
0.264248
0.247614
0.299642
0.273397
0.297841
0.303452
0.260614
0.294421
0.299242
0.209647
0.270382
0.346231
0.245035
0.247145
0.251159
0.267956
0.272691
0.284477
0.079185
0.224487
0.293594
0.22709
0.258249
0.254782
0.291223
0.269507
0.257497
0.260163
0.319462
0.258649
0.250703
0.300964
0.277053
0.224888
0.277871
0.353106
0.274032
0.296132
0.307768
0.23945
0.245732
0.273759
0.290842
0.238822
0.182735
0.271621
0.361713
0.319553
0.292935
0.260789
0.227123
0.252622
0.249481
0.22
0.304253
0.320853
0.298129
0.256714
0.27589
0.246649
0.36139
0.310056
0.288462
0.281882
0.302685
0.367588
0.293068
0.26563
0.300748
0.2864
0.276114
0.285187
0.236645
0.279519
0.255686
0.2791
0.321339
0.29573
0.302262
0.307912
0.270552
0.268263
0.215712
0.276542
0.218156
0.437222
0.240226
0.270029
0.302167
0.307257
0.270972
0.270517
0.269306
0.317332
0.294973
0.256141
0.373332
0.402498
0.293612
0.262433
0.282963
0.25334
0.266204
0.231202
0.282769
0.262141
0.374934
0.23925
0.282256
0.300524
0.304305
0.26078
0.26954
0.308552
0.285055
0.265436
0.287429
0.269009
0.306449
0.259347
0.301798
0.281979
0.271484
0.273833
0.265277
0.283483
0.282342
0.313058
0.236745
0.361566
0.234027
0.283166
0.289983
0.2493
0.325867
0.279177
0.228186
0.263703
0.316508
0.29186
0.289138
0.245368
0.23987
0.280756
0.331689
0.31622
0.271599
0.3128
0.296741
0.268755
0.260859
0.238506
0.29722
0.27313
0.287599
0.281891
0.299251
0.306443
0.30094
0.293931
0.322773
0.268216
0.293912
0.345993
0.259873
0.347213
0.281794
0.250908
0.291814
0.269634
0.207249
0.287464
0.266682
0.251549
0.393721
0.251843
0.319291
0.31415
0.300386
0.315239
0.255736
0.284177
0.316777
0.294996
0.299842
0.278427
0.315637
0.257186
0.195295
0.365647
0.268619
0.274185
0.314594
0.262919
0.300052
0.290966
0.342065
0.21779
0.243936
0.260623
0.260505
0.276159
0.241797
0.319017
0.327425
0.299331
0.24916
0.268006
0.315996
0.241063
0.247753
0.288532
0.273054
0.52233
0.302634
0.241364
0.202762
0.261126
0.252074
0.325616
0.291101
0.280654
0.217735
0.331639
0.219236
0.239429
0.308671
0.245816
0.253587
0.240632
0.271512
0.252463
0.272768
0.252841
0.252795
0.270461
0.274584
0.254283
0.318036
0.282088
0.284345
0.292016
0.262238
0.256985
0.336794
0.311397
0.361445
0.268531
0.263209
0.307158
0.30736
0.291441
0.414391
0.241349
0.265404
0.322283
0.246644
0.285531
0.295048
0.281125
0.255157
0.273015
0.29854
0.267031
0.228639
0.260587
0.348449
0.28902
0.294003
0.25362
0.284202
0.333305
0.282268
0.365841
0.303153
0.282405
0.261344
0.285523
0.276305
0.234881
0.29782
0.293392
0.279957
0.223501
0.275693
0.267089
0.255587
0.259131
0.345746
0.278673
0.294214
0.252836
0.276167
0.257069
0.294306
0.274064
0.275832
0.299147
0.30927
0.251199
0.323669
0.291232
0.274416
0.306722
0.302189
0.274364
0.254705
0.268559
0.28419
0.243407
0.386303
0.239258
0.259669
0.243149
0.281677
0.28113
0.281842
0.322184
0.333569
0.238076
0.295441
0.203617
0.320062
0.273484
0.364507
0.279952
0.287872
0.255516
0.248401
0.325406
0.241943
0.280507
0.268846
0.291866
0.305943
0.267452
0.249871
0.311881
0.283062
0.249211
0.306306
0.280997
0.259436
0.254547
0.279796
0.314373
0.305207
0.354159
0.310947
0.288708
0.303611
0.271692
0.324369
0.294492
0.335865
0.288496
0.28021
0.281386
0.254902
0.306636
0.29613
0.266398
0.268844
0.294637
0.250864
0.28902
0.289674
0.297252
0.293148
0.260176
0.305346
0.334964
0.254886
0.258133
0.285591
0.320598
0.26359
0.213357
0.233642
0.294828
0.324436
0.24329
0.304323
0.279721
0.297888
0.276263
0.273254
0.239907
0.200459
0.301956
0.296417
0.265256
0.267987
0.286068
0.321833
0.217805
0.279001
0.261646
0.241318
0.276646
0.261129
0.260095
0.227799
0.284496
0.260053
0.247027
0.297434
0.261185
0.31458
0.319115
0.380361
0.278712
0.313682
0.246752
0.252594
0.282096
0.255352
0.302599
0.273039
0.259057
0.25795
0.264733
0.277682
0.251176
0.304013
0.320771
0.266718
0.259917
0.316749
0.211483
0.287313
0.219934
0.26102
0.235564
0.306887
0.278997
0.243858
0.221397
0.261781
0.282009
0.269825
0.276373
0.271688
0.234966
0.279618
0.260748
0.280541
0.250194
0.285467
0.215155
0.256358
0.279068
0.265357
0.27434
0.275977
0.274706
0.300429
0.304721
0.251414
0.259874
0.279538
0.301352
0.241011
0.357523
0.245308
0.272638
0.38238
0.233823
0.310082
0.235207
0.262086
0.256046
0.247053
0.274476
0.2375
0.253653
0.304116
0.312127
0.24766
0.309709
0.25676
0.289015
0.27161
0.256731
0.313631
0.286745
0.306518
0.296715
0.27685
0.357072
0.312769
0.214941
0.322367
0.238404
0.276243
0.206789
0.282478
0.270427
0.361074
0.271787
0.309924
0.250512
0.322355
0.238496
0.281325
0.288542
0.270973
0.265788
0.306487
0.262695
0.259039
0.248159
0.269199
0.220648
0.240197
0.260257
0.265494
0.259073
0.297794
0.362645
0.272156
0.311094
0.261416
0.258536
0.235099
0.284634
0.273643
0.275459
0.301011
0.268829
0.300923
0.187461
0.285406
0.30496
0.283107
0.183808
0.300931
0.337093
0.26435
0.263814
0.209781
0.244375
0.284218
0.29946
0.260293
0.299449
0.287227
0.286138
0.29492
0.290791
0.249025
0.302552
0.353339
0.302921
0.279541
0.326627
0.250861
0.262935
0.341788
0.283639
0.286461
0.286825
0.274134
0.26322
0.261064
0.280374
0.299111
0.305277
0.2592
0.281307
0.241362
0.306095
0.267985
0.254461
0.303374
0.314482
0.324912
0.256931
0.290458
0.275451
0.299882
0.308003
0.209346
0.282116
0.278451
0.277503
0.312906
0.386224
0.311975
0.365267
0.264848
0.259265
0.275206
0.304071
0.299865
0.299667
0.278445
0.275508
0.248019
0.290539
0.266928
0.22208
0.264503
0.325856
0.282131
0.238733
0.273716
0.293063
0.24305
0.263709
0.30861
0.259509
0.289181
0.241412
0.265012
0.245425
0.268519
0.290702
0.258361
0.320756
0.32025
0.27078
0.233893
0.29215
0.236104
0.265162
0.288231
0.253681
0.241079
0.262175
0.299616
0.336339
0.227966
0.245262
0.283804
0.246
0.25602
0.27211
0.258415
0.337838
0.231891
0.349292
0.285401
0.2936
0.291088
0.2907
0.206999
0.286088
0.316646
0.278202
0.264508
0.296569
0.19818
0.27359
0.282819
0.276385
0.326532
0.320695
0.286958
0.242457
0.231708
0.294291
0.242651
0.260423
0.30368
0.29313
0.284057
0.24299
0.313489
0.264529
0.316085
0.194185
0.246869
0.289653
0.299322
0.351646
0.309282
0.283101
0.25968
0.286635
0.240989
0.304599
0.307569
0.298034
0.35697
0.297904
0.293013
0.261491
0.276423
0.278439
0.321285
0.224416
0.269065
0.343613
0.267886
0.267589
0.320282
0.298828
0.246684
0.2873
0.288027
0.246743
0.348069
0.291284
0.223359
0.310358
0.256213
0.265706
0.29086
0.305899
0.293033
0.432742
0.221226
0.300824
0.326666
0.286813
0.255766
0.297856
0.319504
0.305844
0.302521
0.236563
0.287463
0.313446
0.241333
0.311511
0.253953
0.387783
0.274943
0.270024
0.288615
0.281657
0.284221
0.299486
0.280209
0.312802
0.286796
0.246748
0.346996
0.275
0.273323
0.271062
0.326179
0.270789
0.288215
0.293644
0.320873
0.198599
0.242924
0.22963
0.25594
0.266904
0.273283
0.277061
0.285489
0.263171
0.253948
0.321667
0.272319
0.253706
0.304462
0.271628
0.257736
0.264846
0.234834
0.323135
0.251743
0.266364
0.27672
0.287165
0.293529
0.29471
0.293572
0.277384
0.281758
0.251561
0.276247
0.296796
0.203453
0.240877
0.289043
0.287007
0.282783
0.280619
0.276442
0.291027
0.278907
0.239199
0.249712
0.224519
0.260405
0.272766
0.23528
0.261374
0.259657
0.283222
0.273294
0.264283
0.250929
0.34136
0.257854
0.239073
0.320625
0.280782
0.283371
0.308871
0.24181
0.277298
0.245067
0.304636
0.269335
0.316882
0.278697
0.249843
0.257252
0.47917
0.346636
0.292625
0.271283
0.338169
0.31603
0.270994
0.228832
0.3147
0.272361
0.330545
0.27791
0.304764
0.238627
0.240778
0.254775
0.282675
0.296164
0.254642
0.299278
0.269054
0.271129
0.299083
0.263491
0.27547
0.306167
0.297985
0.318486
0.261019
0.320573
0.351623
0.322856
0.248624
0.290984
0.278848
0.303217
0.269452
0.397841
0.376286
0.24066
0.27652
0.297975
0.281659
0.28473
0.26614
0.2704
0.266046
0.328194
0.221596
0.246275
0.268791
0.237845
0.270262
0.265684
0.254802
0.318205
0.330987
0.304751
0.301382
0.286086
0.249725
0.246538
0.256083
0.289378
0.28984
0.321227
0.27065
0.265691
0.260991
0.251904
0.30019
0.293656
0.245648
0.185326
0.222031
0.269734
0.251474
0.250492
0.254439
0.317589
0.268952
0.317958
0.300622
0.298438
0.263372
0.295674
0.268191
0.334484
0.242522
0.253271
0.288879
0.245316
0.321956
0.242027
0.269384
0.289115
0.311663
0.26519
0.296017
0.330447
0.210083
0.26403
0.253194
0.259097
0.260719
0.273997
0.248743
0.314502
0.324158
0.273345
0.289734
0.229788
0.303061
0.313747
0.273597
0.305932
0.274958
0.277091
0.287623
0.26285
0.243516
0.252491
0.285596
0.323071
0.249863
0.328315
0.329318
0.260342
0.238042
0.30108
0.276862
0.265149
0.337494
0.22077
0.299647
0.288606
0.245665
0.321932
0.280491
0.300115
0.34744
0.276121
0.32408
0.183906
0.265549
0.217628
0.298945
0.276069
0.253435
0.270339
0.287921
0.331509
0.24275
0.278701
0.263529
0.243972
0.262055
0.247541
0.340922
0.260185
0.23133
0.296775
0.256026
0.294285
0.338643
0.250018
0.294136
0.306341
0.315398
0.280311
0.269703
0.254842
0.25343
0.316845
0.260529
0.285537
0.253333
0.282744
0.27608
0.289069
0.305336
0.29758
0.311253
0.312994
0.252335
0.267694
0.275952
0.264096
0.265512
0.287937
0.259374
0.314175
0.27966
