0.322942
0.288237
0.280138
0.27519
0.314246
0.266513
0.330555
0.320778
0.296198
0.334457
0.282879
0.276226
0.345797
0.411865
0.306922
0.270906
0.281101
0.269941
0.237711
0.396763
0.31207
0.30702
0.367826
0.300239
0.286862
0.24195
0.301365
0.290241
0.284151
0.25987
0.341926
0.293383
0.324685
0.271707
0.196008
0.2971
0.32171
0.294453
0.294167
0.400654
0.298075
0.367635
0.299977
0.382999
0.281609
0.303092
0.301447
0.285229
0.284098
0.291386
0.29391
0.392132
0.249838
0.362777
0.255622
0.278593
0.370152
0.351714
0.302754
0.394691
0.273137
0.322203
0.253343
0.275113
0.28094
0.272534
0.218079
0.251699
0.415375
0.272432
0.29196
0.227844
0.282256
0.328553
0.341543
0.355631
0.270097
0.352871
0.518052
0.298801
0.344702
0.365297
0.304722
0.317289
0.260237
0.267432
0.289993
0.238928
0.309183
0.316245
0.328785
0.308705
0.227455
0.187515
0.256909
0.339858
0.338178
0.395595
0.238349
0.309571
0.324847
0.328157
0.297482
0.271928
0.211977
0.25672
0.386817
0.332241
0.260102
0.279076
0.253117
0.362555
0.29866
0.282048
0.26639
0.244689
0.259603
0.359008
0.257474
0.290072
0.314527
0.317772
0.295982
0.26386
0.282938
0.249865
0.265691
0.317018
0.305454
0.319266
0.433169
0.452848
0.289211
0.296355
0.25828
0.362068
0.302044
0.364944
0.324088
0.287028
0.374754
0.227975
0.331517
0.335226
0.253932
0.287592
0.366158
0.246466
0.448452
0.312694
0.231414
0.26673
0.292391
0.212992
0.361538
0.265729
0.320491
0.326322
0.363469
0.302638
0.309106
0.358168
0.29382
0.231067
0.275426
0.295831
0.24173
0.332747
0.369373
0.303247
0.278856
0.307415
0.24373
0.311547
0.304888
0.300344
0.25778
0.297393
0.324368
0.298844
0.291038
0.301959
0.381913
0.305389
0.325638
0.359039
0.374219
0.292348
0.461693
0.283143
0.334538
0.30301
0.352605
0.164819
0.344692
0.307035
0.3291
0.286855
0.271122
0.237557
0.29524
0.366636
0.274417
0.252118
0.314385
0.314189
0.296461
0.278402
0.321095
0.366015
0.647086
0.334169
0.307513
0.316282
0.280316
0.352038
0.27669
0.338648
0.26722
0.281695
0.244414
0.254738
0.406944
0.295138
0.347273
0.337615
0.233198
0.406058
0.33724
0.456072
0.261854
0.298451
0.350481
0.297463
0.262131
0.307179
0.25904
0.235672
0.282112
0.221004
0.333758
0.335932
0.32002
0.329845
0.299938
0.30827
0.284833
0.290001
0.256515
0.217109
0.29545
0.299128
0.223633
0.302065
0.281153
0.291006
0.289614
0.268374
0.369182
0.346783
0.308693
0.274562
0.29633
0.32018
0.219933
0.260239
0.358767
0.281314
0.272741
0.255839
0.398863
0.372827
0.351485
0.427799
0.231022
0.257513
0.277859
0.34237
0.255898
0.364121
0.25248
0.322008
0.31845
0.282418
0.291087
0.312858
0.260831
0.310497
0.254742
0.277866
0.348966
0.278678
0.29885
0.30417
0.357034
0.289653
0.231353
0.330623
0.23342
0.294701
0.294083
0.301164
0.303989
0.365045
0.286766
0.349277
0.473668
0.308878
0.305747
0.32236
0.336919
0.273409
0.307989
0.508004
0.30427
0.296316
0.292971
0.288238
0.283539
0.259281
0.312208
0.390394
0.431864
0.396645
0.296626
0.391598
0.242072
0.264478
0.295031
0.327119
0.37058
0.439867
0.271404
0.481596
0.256068
0.365505
0.223909
0.362159
0.233621
0.345429
0.374049
0.233253
0.272439
0.262544
0.329805
0.280491
0.264182
0.382694
0.35211
0.281984
0.275881
0.236153
0.299302
0.370736
0.201047
0.304875
0.280906
0.353047
0.250111
0.343792
0.330358
0.284696
0.355089
0.280414
0.238258
0.323941
0.313262
0.338137
0.253926
0.326424
0.284093
0.348618
0.398156
0.283456
0.174193
0.2594
0.240379
0.317183
0.252912
0.237386
0.311983
0.271306
0.268964
0.342674
0.379768
0.310835
0.306288
0.297041
0.292068
0.269226
0.237725
0.316561
0.384838
0.398215
0.299885
0.262945
0.293003
0.310221
0.281892
0.285822
0.250645
0.312574
0.286475
0.348826
0.351066
0.334742
0.297427
0.327948
0.309634
0.184855
0.410453
0.324135
0.302868
0.336987
0.284835
0.303792
0.258178
0.294485
0.316316
0.282935
0.310929
0.194453
0.310307
0.167774
0.252541
0.300783
0.313936
0.35563
0.276807
0.277214
0.2703
0.295878
0.300941
0.274603
0.34915
0.31046
0.311656
0.304828
0.290384
0.312856
0.292594
0.302713
0.279049
0.274485
0.260794
0.242781
0.362284
0.313073
0.279511
0.315589
0.256563
0.305446
0.216716
0.289654
0.333042
0.315253
0.371113
0.332198
0.371341
0.353704
0.238338
0.261255
0.245932
0.528477
0.389821
0.283348
0.333821
0.398302
0.339988
0.310639
0.289005
0.423626
0.248197
0.31851
0.255058
0.300878
0.313505
0.233774
0.317864
0.319069
0.259979
0.408827
0.232142
0.302421
0.235688
0.310406
0.370765
0.411199
0.269206
0.347554
0.279463
0.31943
0.351588
0.327016
0.264131
0.322206
0.298978
0.3522
0.306677
0.461949
0.4059
0.333782
0.353917
0.312883
0.340472
0.300793
0.2812
0.262053
0.26896
0.293229
0.38949
0.260146
0.353123
0.209038
0.326706
0.334015
0.377754
0.326553
0.281672
0.333172
0.292993
0.315341
0.293876
0.336249
0.27891
0.256892
0.272522
0.45461
0.344579
0.335018
0.339309
0.268506
0.360765
0.306519
0.283048
0.439557
0.350201
0.33626
0.293139
0.285311
0.273288
0.277064
0.663195
0.261569
0.254343
0.288114
0.362419
0.389389
0.30518
0.370614
0.370228
0.347883
0.314449
0.265138
0.333412
0.391104
0.274089
0.291545
0.250078
0.385323
0.305979
0.333943
0.265709
0.261409
0.307163
0.252198
0.330071
0.331041
0.296326
0.345427
0.368473
0.246578
0.311811
0.309242
0.526196
0.318206
0.281211
0.302029
0.338494
0.329615
0.382685
0.236515
0.340328
0.342199
0.260983
0.282296
0.29391
0.283465
0.448404
0.323621
0.330286
0.375339
0.264369
0.254435
0.295477
0.217232
0.224417
0.295563
0.374925
0.266616
0.413791
0.332927
0.261945
0.379998
0.334303
0.29592
0.435173
0.363777
0.299517
0.275665
0.269431
0.333498
0.309086
0.313322
0.22671
0.272303
0.229007
0.297806
0.303818
0.48748
0.290327
0.309132
0.315017
0.354698
0.275125
0.289563
0.247191
0.282232
0.305012
0.294255
0.315411
0.345174
0.296724
0.330881
0.299862
0.276401
0.250304
0.298182
0.294895
0.334525
0.314249
0.375264
0.199308
0.260124
0.316594
0.367893
0.219067
0.319608
0.302174
0.307284
0.266213
0.280023
0.312775
0.248545
0.449822
0.39501
0.351305
0.338738
0.309337
0.326594
0.314344
0.245737
0.265713
0.325648
0.404946
0.372393
0.320969
0.2876
0.321085
0.290606
0.29671
0.304632
0.282287
0.324731
0.277293
0.341331
0.334481
0.317723
0.265534
0.426108
0.258589
0.23256
0.27592
0.166911
0.285941
0.286094
0.316772
0.283577
0.34802
0.324054
0.284284
0.330599
0.325581
0.315986
0.258845
0.332177
0.336037
0.223866
0.313087
0.35
0.23679
0.281363
0.251761
0.287239
0.263408
0.3215
0.243614
0.200605
0.231899
0.272021
0.257472
0.32747
0.324094
0.240887
0.219419
0.32065
0.326895
0.319684
0.32966
0.383926
0.430239
0.328992
0.304559
0.283216
0.324892
0.290367
0.293717
0.343593
0.273526
0.317316
0.334202
0.336487
0.225472
0.255738
0.312321
0.310746
0.401384
0.355031
0.405296
0.412763
0.273462
0.292807
0.345545
0.289782
0.298715
0.3179
0.314355
0.248842
0.269039
0.34699
0.272083
0.312746
0.283981
0.335733
0.269721
0.401878
0.331959
0.38344
0.406134
0.378991
0.296565
0.38594
0.289676
0.256326
0.227476
0.377342
0.294387
0.305509
0.340249
0.335128
0.336659
0.392071
0.356134
0.334294
0.31652
0.246561
0.256955
0.372737
0.292956
0.329592
0.290369
0.33131
0.263859
0.301028
0.249798
0.316089
0.445456
0.305882
0.324684
0.332055
0.317711
0.217197
0.279952
0.255262
0.260311
0.422504
0.289247
0.263618
0.366332
0.376624
0.307855
0.317617
0.35861
0.370625
0.309489
0.283706
0.348631
0.299672
0.340288
0.258918
0.261863
0.409255
0.329557
0.30231
0.32116
0.395791
0.194593
0.296412
0.250357
0.209562
0.400206
0.310137
0.236839
0.317537
0.352065
0.33215
0.288064
0.222015
0.335456
0.373505
0.234508
0.329618
0.299167
0.229758
0.347299
0.224129
0.347473
0.353409
0.271441
0.342614
0.294875
0.255729
0.285384
0.284742
0.235407
0.298172
0.323475
0.344561
0.335674
0.350344
0.31032
0.275234
0.321285
0.209484
0.287292
0.283489
0.425207
0.335999
0.36456
0.306769
0.464674
0.225276
0.249876
0.361175
0.409902
0.252952
0.358922
0.312476
0.223822
0.250804
0.291831
0.227496
0.297675
0.314151
0.231251
0.342426
0.293597
0.30654
0.283062
0.246886
0.268507
0.339496
0.355734
0.277648
0.208977
0.275824
0.331448
0.263647
0.311581
0.247447
0.282501
0.306514
0.33504
0.255639
0.339405
0.314678
0.267315
0.290667
0.275383
0.250584
0.295404
0.304238
0.328743
0.276448
0.311056
0.34619
0.322244
0.293288
0.547719
0.260612
0.297659
0.288368
0.276125
0.308703
0.380259
0.33945
0.309986
0.382368
0.250151
0.284305
0.287442
0.385037
0.313042
0.329522
0.307598
0.277127
0.268925
0.199407
0.327252
0.307391
0.250983
0.233826
0.321162
0.276886
0.334166
0.38412
0.219198
0.274251
0.310809
0.330685
0.217028
0.336323
0.324946
0.315779
0.341808
0.286532
0.474468
0.362498
0.356549
0.274007
0.301447
0.314979
0.346489
0.318097
0.310875
0.267891
0.353781
0.280175
0.320927
0.340646
0.265579
0.264031
0.277778
0.274511
0.318903
0.359403
0.221386
0.264807
0.269766
0.316509
0.36879
0.27646
0.365142
0.309495
0.254376
0.29734
0.252274
0.34905
0.273359
0.274655
0.341656
0.276714
0.337132
0.253457
0.313943
0.278303
0.34569
0.259023
0.228114
0.29644
0.226639
0.310816
0.353921
0.317583
0.338021
0.253959
0.319758
0.305336
0.284224
0.357276
0.31178
0.30059
0.339449
0.204175
0.256035
0.298788
0.269612
0.220198
0.236156
0.276423
0.285924
0.33315
0.328887
0.262741
0.378664
0.321572
0.277568
0.240108
0.283728
0.243336
0.34578
0.295081
0.273549
0.255872
0.285745
0.225536
0.31987
0.303688
0.398085
0.305581
0.309303
0.346496
0.409578
0.293118
0.291805
0.301872
0.280097
0.355968
0.282853
0.290463
0.26374
0.369437
0.184166
0.342011
0.294386
0.304722
0.348476
0.310445
0.322853
0.334756
0.326768
0.327002
0.304045
0.359238
0.226625
0.331665
0.275334
0.262708
0.38544
0.291155
0.265336
0.368421
0.263664
0.387594
0.279606
0.278381
0.315512
0.368132
0.324681
0.331404
0.355164
0.331918
0.301196
0.318888
0.282208
0.254401
0.349583
0.383742
0.343843
0.351306
0.328016
0.278537
0.359878
0.314357
0.299846
0.282777
0.322367
0.376591
0.326307
0.292914
0.348713
0.257736
0.344767
0.393289
0.212546
0.278094
0.280801
0.287311
0.323588
0.333064
0.314353
0.329156
0.315813
0.29893
0.29704
0.333333
0.317077
0.360566
0.322041
0.417444
0.323804
0.246548
0.356892
0.326866
0.345338
0.314994
0.250629
0.248183
0.26174
0.299374
0.330792
0.341647
0.241074
0.31896
0.279165
0.249884
0.346004
0.254353
0.392268
0.282156
0.328575
0.380949
0.255975
0.400287
0.232464
0.338649
0.430279
0.401349
0.209698
0.276496
0.285787
0.329915
0.339416
0.301613
0.361855
0.236994
0.425923
0.270505
0.282409
0.284319
0.282391
0.332515
0.364902
0.269526
0.297577
0.240919
0.284691
0.23636
0.303032
0.32575
0.32132
0.339551
0.290423
0.315411
0.271831
0.375468
0.284017
0.247147
0.312445
0.305599
0.25746
0.33376
0.321719
0.336806
0.284394
0.288033
0.325686
0.275242
0.247912
0.263813
0.270568
0.348211
0.288751
0.343168
0.243016
0.287004
0.383895
0.299392
0.397816
0.285057
0.310186
0.310113
0.230971
0.370214
0.286648
0.27476
0.313191
0.275191
0.271184
0.32234
0.306291
0.314979
0.284229
0.250798
0.318222
0.265099
0.370514
0.280249
0.225383
0.374337
0.241925
0.372705
0.265326
0.337108
0.310526
0.398839
0.326006
0.324084
0.295982
0.323781
0.216992
0.29372
0.373887
0.328327
0.34175
0.250924
0.326165
0.42258
0.267888
0.355993
0.22865
0.337821
0.427041
0.288097
0.335233
0.328134
0.263844
0.283506
0.366119
0.32804
0.339131
0.22038
0.340593
0.340499
0.287695
0.247675
0.327405
0.413496
0.323567
0.30185
0.32375
0.331091
0.23907
0.34681
0.301337
0.371622
0.26481
0.343334
0.308851
0.32797
0.303251
0.301096
0.313093
0.265272
0.291036
0.339488
0.291152
0.291888
0.298237
0.277825
0.332175
0.315304
0.413235
0.372033
0.184644
0.354438
0.311086
0.298455
0.286766
0.328086
0.336055
0.36583
0.278819
0.339991
0.381077
0.44052
0.29098
0.355099
0.348618
0.254775
0.269228
0.340157
0.305476
0.290498
0.288305
0.23671
0.245306
0.304259
0.397123
0.307651
0.223527
0.366883
0.291525
0.262313
0.255908
0.283898
0.235341
0.319761
0.340505
0.393767
0.278378
0.405941
0.241975
0.366242
0.331151
0.330151
0.312962
0.246684
0.310208
0.34109
0.357029
0.47142
0.288323
0.249502
0.289935
0.340701
0.243934
0.239535
0.244301
0.310948
0.328438
0.254191
0.219585
0.339969
0.271504
0.369669
0.23821
0.274953
0.300049
0.283188
0.330339
0.308354
0.30681
0.33445
0.253027
0.346874
0.297598
0.326366
0.324659
0.35076
0.323491
0.234291
0.374777
0.346455
0.321564
0.280418
0.290678
0.275179
0.395789
0.31307
0.376762
0.286514
0.258718
0.36939
0.28959
0.370813
0.370838
0.33458
0.283686
0.321934
0.250917
0.310548
0.406586
0.338326
0.339379
0.27555
0.38238
0.340843
0.348006
0.365433
0.226946
0.194662
0.399379
0.301732
0.346118
0.332101
0.311213
0.281566
0.265242
0.295941
0.336683
0.343707
0.277706
0.344294
0.313876
0.321027
0.325685
0.351867
0.344107
0.347702
0.286433
0.292738
0.336157
0.342732
0.331985
0.414657
0.348041
0.254705
0.281231
0.201452
0.283294
0.270695
0.333044
0.363786
0.291563
0.234701
0.365694
0.352007
0.304868
0.328205
0.277586
0.252479
0.284978
0.282686
0.309414
0.297688
0.294461
0.289694
0.361176
0.343373
0.320041
0.312121
0.312949
0.298263
0.235398
0.352682
0.363058
0.256676
0.256253
0.308776
0.281225
0.32128
0.286489
0.327658
0.339527
0.34725
0.259345
0.270543
0.332068
0.311932
0.272066
0.238992
0.253534
0.322319
0.257642
0.332005
0.354545
0.283194
0.298246
0.284187
0.266025
0.372821
0.271659
0.261477
0.36258
0.28016
0.30295
0.313484
0.309137
0.310547
0.348489
0.269916
0.332548
0.289167
0.332005
0.298822
0.318182
0.350063
0.235837
0.370757
0.26472
0.252459
0.370968
0.255921
0.388608
0.289923
0.338113
0.258091
0.265356
0.306732
0.401165
0.248954
0.270652
0.259699
0.328698
0.2854
0.44408
0.254928
0.329481
0.350699
0.268903
0.300347
0.410174
0.273673
0.325345
0.30231
0.297597
0.293644
0.373178
0.33218
0.2839
0.340369
0.238263
0.327821
0.273894
0.384033
0.285201
0.243639
0.46414
0.357864
0.282852
0.332647
0.210736
0.469723
0.337008
0.269334
0.270745
0.358107
0.260471
0.270478
0.246734
0.23932
0.366739
0.334742
0.260473
0.430548
0.318459
0.295688
0.316181
0.400909
0.356901
0.246177
0.230061
0.351075
0.32314
0.283452
0.272869
0.314324
0.32175
0.304128
0.314213
0.346568
0.282285
0.279836
0.247141
0.357824
0.255626
0.260863
0.248663
0.260637
0.29688
0.337346
0.33489
0.268673
0.260793
0.291728
0.236566
0.32529
0.277455
0.299725
0.287225
0.373782
0.28117
0.358538
0.321113
0.273244
0.322408
0.330962
0.259957
0.37867
0.385985
0.366914
0.309502
0.226738
0.329301
0.259442
0.268318
0.310288
0.302487
0.241377
0.273694
0.40093
0.263925
0.34128
0.320975
0.271211
0.271293
0.242386
0.313461
0.44666
0.311373
0.319839
0.264394
0.30632
0.258612
0.308711
0.393141
0.290749
0.330938
0.282793
0.312541
0.301249
0.427069
0.306968
0.404483
0.261063
0.444801
0.258114
0.211635
0.340717
0.315466
0.250343
0.232876
0.32303
0.255051
0.342694
0.245262
0.359952
0.390181
0.373265
0.308977
0.269031
0.320254
0.317345
0.311604
0.232773
0.266744
0.293949
0.311379
0.329308
0.296293
0.302862
0.340534
0.23277
0.298901
0.332897
0.258643
0.269945
0.307589
0.226131
0.31733
0.3209
0.366541
0.262234
0.318875
0.284339
0.268761
0.381868
0.376133
0.278581
0.355268
0.2453
0.27104
0.312782
0.293666
0.343537
0.322106
0.298973
0.286813
0.296597
0.251652
0.254739
0.236416
0.230817
0.292051
0.276928
0.334504
0.324053
0.261735
0.323642
0.311826
0.253786
0.315109
0.244545
0.365701
0.351917
0.313239
0.275126
0.311295
0.319976
0.250152
0.302858
0.330621
0.417983
0.340885
0.335072
0.447282
0.351123
0.337048
0.289787
0.319897
0.275157
0.241874
0.320421
0.256801
0.350602
0.294558
0.267495
0.332568
0.290323
0.304395
0.322752
0.380212
0.305312
0.266944
0.262217
0.273929
0.388823
0.249887
0.297988
0.453978
0.304541
0.290946
0.253063
0.263703
0.360626
0.280293
0.25545
0.232491
0.36149
0.305405
0.278228
0.231828
0.296765
0.351339
0.357932
0.298522
0.295175
0.351199
0.390095
0.211209
0.342832
0.415621
0.339023
0.275523
0.344691
0.324342
0.341988
0.340132
0.303507
0.295079
0.273795
0.296616
0.3772
0.355906
0.267133
0.340571
0.221534
0.255196
0.312834
0.331845
0.254414
0.303681
0.329051
0.310891
0.378603
0.280016
0.292025
0.288266
0.322959
0.269165
0.279825
0.383517
0.357652
0.300104
0.424055
0.308927
0.305842
0.29569
0.335341
0.217913
0.32469
0.342958
0.27671
0.29003
0.267043
0.325637
0.313373
0.310992
0.278125
0.22737
0.322225
0.345233
0.296286
0.37756
0.31117
0.302762
0.34351
0.339342
0.252843
0.281505
0.327042
0.292951
0.280612
0.249517
0.313359
0.291026
0.333514
0.330077
0.351922
0.304008
0.296493
0.242599
0.311947
0.288617
0.281321
0.270254
0.269936
0.295102
0.265121
0.32768
0.321437
0.309103
0.336119
0.329048
0.404206
0.26294
0.369515
0.321533
0.341097
0.34914
0.299189
0.324255
0.267311
0.290862
0.350602
0.251329
0.260211
0.334086
0.243819
0.381008
0.331076
0.297792
0.236364
0.342295
0.243799
0.280958
0.364794
0.27495
0.284846
0.2087
0.222347
0.278309
0.31595
0.249543
0.234013
0.255976
0.347881
0.336101
0.354879
0.295918
0.253407
0.272919
0.250164
0.308734
0.310207
0.276254
0.384045
0.363011
0.35743
0.283991
0.292984
0.261681
0.410762
0.353907
0.265543
0.246223
0.337366
0.313234
0.286178
0.323727
0.326407
0.411774
0.283347
0.309172
0.298978
0.361663
0.318773
0.166823
0.321933
0.35575
0.253828
0.397986
0.311168
0.318727
0.25727
0.259498
0.342157
0.306716
0.344065
0.238176
0.399805
0.347525
0.321268
0.20994
0.337392
0.27284
0.268571
0.289433
0.247852
0.227856
0.415531
0.259327
0.325633
0.258597
0.336373
0.29364
0.372495
0.290964
0.343304
0.328753
0.293304
0.28367
0.404257
0.398816
0.332207
0.264231
0.337203
0.277429
0.315843
0.293162
0.287904
0.287512
0.247997
0.280353
0.335839
0.325676
0.351456
0.257842
0.247163
0.401038
0.342464
0.354035
0.216907
0.291451
0.295672
0.366798
0.350756
0.406154
0.319189
0.321854
0.298799
0.339996
0.298676
0.314034
0.274847
0.257533
0.227205
0.315201
0.380029
0.311905
0.304869
0.305823
0.296938
0.332653
0.34761
0.292229
0.284161
0.247353
0.424779
0.243257
0.339422
0.312979
0.274896
0.252247
0.312461
0.340321
0.360057
0.308538
0.253417
0.425428
0.308356
0.311245
0.360372
0.331616
0.373008
0.296749
0.316904
0.32221
0.313198
0.35164
0.30768
0.244847
0.283464
0.278547
0.233018
0.267318
0.34794
0.335953
0.344078
0.353765
0.306769
0.375407
0.278257
0.30686
0.37192
0.263498
0.22626
0.337418
0.302109
0.227123
0.295007
0.264156
0.275609
0.390679
0.292927
0.333304
0.24827
0.295273
0.277724
0.357977
0.360072
0.259114
0.330269
0.264981
0.305375
0.294934
0.265944
0.273364
0.347581
0.338911
0.2508
0.2247
0.263616
0.35029
0.328527
0.330018
0.319059
0.326909
0.29573
0.337565
0.304648
0.228268
0.29316
0.318574
0.271365
0.318239
0.398442
0.325453
0.297954
0.374058
0.346569
0.238002
0.308346
0.24669
0.313441
0.365905
0.291063
0.182832
0.37436
0.407392
0.359747
0.304522
0.331638
0.257803
0.279245
0.204255
0.294716
0.323157
0.330615
0.36609
0.28759
0.298425
0.237379
0.262788
0.337044
0.231098
0.380616
0.317756
0.306188
0.315068
0.354145
0.297866
0.413075
0.268319
0.246356
0.28613
0.306029
0.282142
0.230409
0.311092
0.277074
0.340039
0.29498
0.25558
0.376124
0.310103
0.325434
0.262896
0.330391
0.34641
0.305
0.252371
0.287165
0.347028
0.349617
0.342245
0.284954
0.299412
0.389945
0.297577
0.305481
0.266399
0.298353
0.338469
0.295785
0.392493
0.309601
0.307467
0.306222
0.330862
0.371662
0.308376
0.287422
0.26826
0.267618
0.300789
0.273725
0.307038
0.455849
0.258945
0.337613
0.266926
0.355276
0.297212
0.446778
0.290177
0.326369
0.323057
0.264477
0.23123
0.290142
0.324003
0.4636
0.392049
0.23071
0.315299
0.276265
0.343927
0.367913
0.280237
0.365354
0.238935
0.305705
0.2853
0.308205
0.296513
0.361145
0.353143
0.293929
0.413985
0.264255
0.216547
0.267199
0.35938
0.33258
0.344675
0.259143
0.271934
0.303332
0.267081
0.302407
0.253251
0.279153
0.293517
0.330161
0.371304
0.290354
0.353586
0.382918
0.215312
0.24442
0.33579
0.281502
0.275451
0.286285
0.409767
0.215202
0.267506
0.287581
0.353965
0.250704
0.286223
0.240866
0.273088
0.335037
0.271575
0.390468
0.328634
0.321061
0.27781
0.330647
0.317102
0.345263
0.264993
0.300998
0.32963
0.375464
0.260681
0.420575
0.390315
0.187686
0.269076
0.353732
0.326007
0.22545
0.348694
0.273823
0.32343
0.235152
0.349089
0.321492
0.3353
0.432642
0.259496
0.292854
0.319524
0.28352
0.291367
0.346015
0.321222
0.295725
0.2941
0.287257
0.280711
0.366894
0.280936
0.256646
0.378973
0.319562
0.266237
0.436622
0.281961
0.241555
0.360733
0.28347
0.300222
0.28989
0.31389
0.342477
0.371755
0.337165
0.319679
0.293461
0.286885
0.400756
0.340499
0.263614
0.270573
0.268336
0.314072
0.332388
0.261375
0.282813
0.284718
0.347715
0.403343
0.316101
0.312803
0.346927
0.30844
0.240337
0.382401
0.40533
0.347444
0.271832
0.346696
0.29064
0.301371
0.382916
0.324287
0.29573
0.285901
0.36289
0.267428
0.394179
0.281393
0.348978
0.273794
0.332119
0.232993
0.326618
0.390304
0.331906
0.208711
0.226953
0.270479
0.315777
0.327104
0.338737
0.28925
0.275848
0.337941
0.292076
0.307597
0.335877
0.338541
0.427815
0.23694
0.31564
0.327649
0.309893
0.258055
0.224408
0.321238
0.277134
0.4086
0.336578
0.248569
0.348097
0.344338
0.308774
0.341532
0.340402
0.284767
0.336067
0.419448
0.32325
0.327742
0.345221
0.273983
0.33119
0.283515
0.301774
0.197898
0.293915
0.253765
0.296718
0.333513
0.244767
0.282399
0.267064
0.31146
0.364989
0.292387
0.362907
0.281842
0.310957
0.323785
0.255437
0.267546
0.282451
0.320496
0.248885
0.305484
0.249312
0.271833
0.248266
0.261741
0.362515
0.323777
0.340927
0.31471
0.309869
0.379179
0.417361
0.352115
0.217884
0.295973
0.296218
0.292321
0.30638
0.42668
0.332768
0.305127
0.252523
0.3165
0.346422
0.328501
0.24351
0.218607
0.244516
0.259521
0.277866
0.345193
0.354852
0.335978
0.231502
0.270795
0.349133
0.248382
0.34553
0.439194
0.37355
0.306528
0.268165
0.325421
0.316954
0.351138
0.221946
0.262854
0.312441
0.365692
0.336546
0.310778
0.38057
0.302205
0.275636
0.283881
0.337183
0.530251
0.274053
0.260549
0.248941
0.26743
0.344073
0.334701
0.355385
0.302611
0.418669
0.518696
0.226738
0.242802
0.313201
0.269857
0.364714
0.356499
0.28526
0.274385
0.221296
0.365217
0.256533
0.33467
0.294372
0.367972
0.27128
0.284827
0.254707
0.254282
0.379495
0.535462
0.310073
0.325109
0.352733
0.406673
0.294198
0.281819
0.263528
0.296234
0.216074
0.250405
0.315268
0.225524
0.341746
0.30682
0.249209
0.268533
0.354184
0.238515
0.31419
0.3907
0.36957
0.229799
0.308241
0.317753
0.283988
0.256933
0.206652
0.352707
0.250577
0.213574
0.394718
0.358914
0.340751
0.221034
0.294287
0.314671
0.302483
0.28113
0.293979
0.303897
0.313485
0.325328
0.269137
0.376761
0.312582
0.358145
0.285523
0.363487
0.333589
0.28296
0.275948
0.308275
0.263887
0.418249
0.333524
0.404291
0.279572
0.344819
0.265829
0.317643
0.238698
0.376389
0.317819
0.33501
0.353235
0.231495
0.370449
0.359426
0.306631
0.407632
0.319485
0.34756
0.355707
0.404462
0.263188
0.361436
0.294504
0.344909
0.381403
0.290155
0.291688
0.294895
0.352731
0.432441
0.341321
0.386663
0.263042
0.239429
0.328276
0.321298
0.251257
0.399217
0.262002
0.464181
0.345896
0.268097
0.353514
0.326364
0.361603
0.344987
0.280033
0.342461
0.33491
0.336067
0.290135
0.315591
0.328164
0.320633
0.368878
0.378302
0.485395
0.256828
0.263019
0.420287
0.392337
0.285136
0.216124
0.293551
0.26
0.297434
0.398922
0.338314
0.342761
0.344719
0.293772
0.247894
0.320128
0.382357
0.340749
0.338255
0.228895
0.319671
0.392941
0.399171
0.336318
0.312644
0.333051
0.321755
0.279419
0.312113
0.305148
0.346587
0.346953
0.290356
0.295388
0.350407
0.360451
0.301072
0.288688
0.294027
0.360104
0.30348
0.311408
0.294795
0.295964
0.270594
0.305789
0.245399
0.360734
0.228843
0.259631
0.332826
0.290582
0.305417
0.285064
0.249631
0.249156
0.303728
0.271406
0.298745
0.201281
0.337835
0.516524
0.289606
0.308705
0.294801
0.293229
0.254015
0.301371
0.262282
0.297372
0.287415
0.349749
0.281519
0.269817
0.242424
0.314514
0.273968
0.300438
0.28239
0.242972
0.346887
0.363358
0.320771
0.296607
0.285549
0.27464
0.335909
0.322123
0.250019
0.27758
0.312466
0.420325
0.219231
0.275983
0.275012
0.248803
0.325028
0.316939
0.33351
0.38118
0.297514
0.343962
0.33122
0.353059
0.278521
0.287097
0.345583
0.22303
0.293162
0.299172
0.269491
0.29015
0.2639
0.334633
0.303079
0.28178
0.381452
0.379307
0.296904
0.21541
0.31186
0.340505
0.354081
0.407626
0.435718
0.271319
0.320811
0.295264
0.270165
0.384643
0.316553
0.360633
0.266715
0.297886
0.314688
0.305196
0.355962
0.258624
0.289268
0.36113
0.18797
0.255137
0.386607
0.338301
0.346585
0.305017
0.293541
0.26044
0.33954
0.313758
0.27126
0.366755
0.252031
0.421104
0.293726
0.323721
0.342974
0.324919
0.335431
0.255269
0.353455
0.403956
0.29609
0.207606
0.342903
0.309524
0.305736
0.323095
0.343996
0.218765
0.278933
0.275074
0.434094
0.238693
0.375205
0.335445
0.282409
0.322842
0.327903
0.239592
0.373155
0.299622
0.3487
0.252985
0.282151
0.256678
0.330905
0.267448
0.222107
0.35786
0.326006
0.351975
0.324071
0.241201
0.335317
0.315276
0.428056
0.362446
0.285109
0.296285
0.475871
0.216507
0.222748
0.326355
0.190308
0.431291
0.30052
0.319735
0.301228
0.41427
0.264348
0.364722
0.312075
0.38601
0.249882
0.368421
0.347087
0.305549
0.328116
0.331519
0.31719
0.340704
0.346874
0.335918
0.332533
0.285658
0.348505
0.29923
0.264131
0.342354
0.246223
0.365958
0.461733
0.303203
0.379304
0.315248
0.251697
0.325865
0.331119
0.322358
0.386244
0.339762
0.313381
0.287304
0.324147
0.390402
0.377796
0.271294
0.265189
0.319707
0.343721
0.25309
0.281982
0.338024
0.379271
0.274006
0.214913
0.309129
0.280185
0.339864
0.314252
0.229125
0.297709
0.364023
0.328558
0.300242
0.265253
0.348342
0.315516
0.342348
0.341137
0.304719
0.274163
0.242621
0.380072
0.395389
0.33997
0.152088
0.181911
0.271237
0.286311
0.317615
0.317682
0.345641
0.232669
0.256034
0.296957
0.297282
0.287223
0.218999
0.283198
0.29057
0.255526
0.309028
0.439264
0.26148
0.407528
0.254789
0.264049
0.298803
0.250768
0.215219
0.2853
0.253359
0.287471
0.21724
0.294849
0.28164
0.316
0.303079
0.275092
0.250651
0.271174
0.291864
0.322863
0.228352
0.310977
0.310428
0.298937
0.310015
0.286786
0.25402
0.270619
0.307858
0.2874
0.248501
0.307256
0.417267
0.365247
0.262264
0.306598
0.334079
0.241529
0.274095
0.318537
0.280057
0.345934
0.282437
0.249192
0.394853
0.324653
0.257124
0.245798
0.383841
0.272864
0.255573
0.4921
0.301608
0.290983
0.251204
0.344396
0.364433
0.352705
0.26595
0.293806
0.370029
0.320424
0.321792
0.269625
0.360563
0.290364
0.311816
0.318096
0.279562
0.386934
0.271012
0.338045
0.260329
0.347895
0.354367
0.363477
0.409175
0.357902
0.35626
0.399891
0.276697
0.213619
0.34498
0.353947
0.343506
0.290497
0.288398
0.264862
0.259907
0.359858
0.296559
0.466029
0.296933
0.229207
0.269717
0.257218
0.310334
0.262696
0.218798
0.379483
0.287557
0.318065
0.208855
0.256657
0.239845
0.350321
0.221297
0.314757
0.32821
0.34346
0.298784
0.250421
0.217987
0.339332
0.266707
0.323674
0.364178
0.28283
0.374131
0.374925
0.253604
0.253781
0.294131
0.321318
0.252902
0.250103
0.351261
0.311031
0.315116
0.281718
0.386208
0.241189
0.264842
0.27082
0.316407
0.265692
0.283614
0.266649
0.275361
0.276386
0.279402
0.27781
0.257937
0.46003
0.315964
0.316114
0.265793
0.407497
0.302276
0.289871
0.218614
0.295094
0.410468
0.415253
0.31484
0.339831
0.364754
0.480502
0.322012
0.282453
0.307855
0.271133
0.385815
0.206957
0.310731
0.246564
0.274983
0.356204
0.33269
0.321913
0.253915
0.363089
0.266341
0.440136
0.32288
0.310478
0.342911
0.27711
0.47447
0.267241
0.327754
0.334929
0.372368
0.349713
0.372415
0.229419
0.237737
0.294336
0.238404
0.400776
0.25908
0.258323
0.293265
0.263274
0.268968
0.333944
0.287684
0.323453
0.386766
0.266534
0.196162
0.263822
0.289785
0.298501
0.268926
0.246386
0.344862
0.217747
0.350885
0.347758
0.344374
0.345845
0.401204
0.321299
0.241059
0.351941
0.371374
0.331631
0.332364
0.328065
0.382775
0.275005
0.299679
0.327866
0.276692
0.38395
0.236943
0.370768
0.246564
0.303186
0.335107
0.346954
0.356873
0.281075
0.294505
0.263044
0.275844
0.350456
0.356735
0.304665
0.30108
0.41591
0.278273
0.241712
0.290539
0.279364
0.273389
0.454554
0.316625
0.356855
0.271034
0.303424
0.400537
0.282795
0.283338
0.232238
0.234832
0.278022
0.330157
0.371627
0.309407
0.334733
0.381198
0.307594
0.256823
0.280659
0.3205
0.316307
0.313387
0.24711
0.286309
0.298165
0.344709
0.297898
0.288896
0.398223
0.34363
0.47311
0.3147
0.242445
0.287216
0.260431
0.417529
0.355902
0.321695
0.285928
0.301371
0.261948
0.278643
0.484607
0.22246
0.329107
0.329316
0.280213
0.300356
0.384682
0.337283
0.237696
0.309988
0.268473
0.339072
0.290435
0.209644
0.303064
0.210398
0.304545
0.360048
0.286767
0.255856
0.276775
0.341797
0.32656
0.318189
0.350923
0.282224
0.312759
0.388812
0.280469
0.335519
0.438543
0.269619
0.332823
0.343197
0.241539
0.216834
0.282191
0.32044
0.390095
0.321916
0.372248
0.269359
0.273528
0.247681
0.30115
0.195111
0.292326
0.272472
0.318407
0.388067
0.217618
0.307004
0.245148
0.300167
0.308225
0.293793
0.28765
0.252867
0.229638
0.298492
0.30403
0.278796
0.257176
0.291658
0.240145
0.339864
0.28049
0.258367
0.286965
0.275918
0.332137
0.305229
0.321531
0.374069
0.309531
0.342235
0.281176
0.293887
0.292145
0.321274
0.312462
0.363394
0.314751
0.272989
0.295195
0.241171
0.335681
0.352627
0.221832
0.267334
0.377628
0.24562
0.272753
0.317747
0.35008
0.385801
0.275749
0.196015
0.340921
0.24785
0.410006
0.380382
0.272685
0.488994
0.299702
0.319935
0.284359
0.342882
0.2835
0.375296
0.332839
0.24464
0.333236
0.200209
0.339346
0.326218
0.277982
0.254723
0.308017
0.338519
0.309597
0.248569
0.287821
0.319513
0.333625
0.275062
0.327632
0.31976
0.279537
0.313354
0.341307
0.440835
0.357222
0.300532
0.371819
0.277446
0.318146
0.266143
0.490279
0.56918
0.288071
0.261152
0.249788
0.306857
0.287322
0.406605
0.144919
0.360728
0.321368
0.345723
0.29112
0.355185
0.256822
0.296876
0.307263
0.335982
0.299878
0.42199
0.273325
0.303427
0.286709
0.301722
0.292771
0.289991
0.333333
0.400205
0.253396
0.202536
0.316372
0.360633
0.226134
0.22856
0.340638
0.291403
0.274779
0.287862
0.421628
0.402672
0.419153
0.252
0.381021
0.322936
0.323506
0.320315
0.27153
0.285672
0.264173
0.333222
0.268512
0.319729
0.292358
0.242661
0.226967
0.292169
0.230306
0.383697
0.372892
0.334552
0.290537
0.339548
0.391878
0.347924
0.346882
0.336838
0.298182
0.287244
0.340322
0.383159
0.2842
0.299509
0.238172
0.279325
0.340202
0.293991
0.328961
0.359183
0.316737
0.269948
0.384393
0.293393
0.335152
0.310347
0.249813
0.278509
0.303222
0.269164
0.355665
0.310857
0.310468
0.304228
0.289641
0.313275
0.350198
0.287368
0.245531
0.30755
0.327659
0.256474
0.290839
0.332303
0.249745
0.301074
0.301055
0.32754
0.427469
0.252268
0.2846
0.330219
0.267429
0.373412
0.303151
0.277706
0.31836
0.334191
0.351389
0.32777
0.290953
0.336381
0.29933
0.282111
0.246181
0.30703
0.272191
0.28888
0.306931
0.320275
0.417244
0.29032
0.273849
0.358992
0.273681
0.223261
0.375569
0.313595
0.203974
0.327857
0.312134
0.321274
0.349607
0.352929
0.230825
0.228101
0.232239
0.408453
0.312386
0.297357
0.326998
0.271385
0.313325
0.292192
0.272662
0.324965
0.28077
0.306648
0.335782
0.27893
0.476374
0.30623
0.279121
0.313076
0.314191
0.273765
0.270363
0.332138
0.276475
0.326191
0.312722
0.264425
0.297438
0.233853
0.247665
0.249159
0.249552
0.352227
0.346846
0.320947
0.361575
0.201392
0.306333
0.177688
0.346173
0.342465
0.313756
0.377758
0.34043
0.17932
0.288952
0.268637
0.225085
0.314553
0.280934
0.323273
0.254984
0.255949
0.390398
0.320567
0.216254
0.253902
0.292731
0.22352
0.348406
0.353542
0.342656
0.338209
0.299374
0.380594
0.244592
0.410955
0.4063
0.335513
0.349562
0.395412
0.333117
0.335016
0.381892
0.323869
0.307323
0.333263
0.262495
0.25163
0.290021
0.370475
0.225605
0.274713
0.317513
0.34479
0.28105
0.268009
0.321647
0.347764
0.264225
0.273695
0.349974
0.260411
0.318264
0.288301
0.272547
0.313661
0.385463
0.29646
0.32401
0.24188
0.279637
0.298636
0.288858
0.245776
0.288947
0.378547
0.374618
0.259196
0.325624
0.411866
0.264562
0.272973
0.296565
0.253121
0.310436
0.325304
0.290815
0.291967
0.320724
0.293079
0.25895
0.319823
0.321589
0.298282
0.218865
0.494861
0.297655
0.346322
0.317374
0.426301
0.312901
0.28914
0.242315
0.201287
0.484995
0.261949
0.279973
0.250651
0.364422
0.384066
0.365816
0.266613
0.264844
0.276791
0.291581
0.368715
0.334232
0.278336
0.353641
0.421182
0.271735
0.415896
0.351521
0.294143
0.322731
0.369839
0.300527
0.299879
0.31275
0.412268
0.265493
0.307842
0.339759
0.258933
0.307166
0.236022
0.240327
0.278996
0.336215
0.356904
0.335216
0.291727
0.287584
0.267062
0.32435
0.290814
0.374778
0.348325
0.32634
0.258664
0.259441
0.274636
0.248575
0.322894
0.264677
0.270272
0.326158
0.247382
0.378192
0.347097
0.355039
0.343115
0.306634
0.309966
0.267449
0.282808
0.266808
0.268805
0.296379
0.316055
0.336761
0.314918
0.283525
0.333358
0.270361
0.267386
0.280983
0.43573
0.263639
0.377727
0.234186
0.276581
0.400834
0.303508
0.346567
0.288418
0.33618
0.314568
0.229886
0.316697
0.362399
0.306167
0.245496
0.325117
0.357642
0.329576
0.451098
0.328254
0.386971
0.298875
0.29422
0.233979
0.347418
0.25927
0.321448
0.295326
0.343073
0.305528
0.290446
0.347848
0.295702
0.301136
0.528972
0.398454
0.317124
0.290124
0.303048
0.241047
0.433819
0.259153
0.335831
0.37306
0.375
0.275488
0.384939
0.361299
0.267851
0.288489
0.270724
0.278521
0.323447
0.283588
0.350912
0.332501
0.265943
0.278692
0.28533
0.289958
0.346679
0.296743
0.363482
0.322673
0.257371
0.286637
0.405882
0.249099
0.348905
0.272233
0.265767
0.329752
0.298188
0.286829
0.26607
0.343885
0.351711
0.330732
0.257637
0.34694
0.253017
0.276516
0.312088
0.287218
0.210519
0.262065
0.340099
0.314445
0.322233
0.388421
0.356807
0.242029
0.244859
0.364321
0.311075
0.377357
0.379728
0.418354
0.335258
0.453918
0.315077
0.234669
0.380207
0.310457
0.337004
0.247369
0.268538
0.352558
0.30174
0.293117
0.391261
0.305321
0.280895
0.289764
0.334445
0.308999
0.258693
0.153061
0.311162
0.308504
0.360713
0.295483
0.220475
0.256583
0.265226
0.262717
0.279458
0.31957
0.471632
0.332451
0.332123
0.393087
0.329931
0.246522
0.320608
0.26082
0.200973
0.327936
0.258369
0.281648
0.359773
0.375
0.226751
0.268298
0.33799
0.304184
0.341188
0.21368
0.304656
0.314652
0.278368
0.199986
0.291859
0.384248
0.358776
0.282637
0.249519
0.234671
0.344003
0.318876
0.310864
0.319141
0.266118
0.326239
0.287609
0.256859
0.268985
0.272631
0.296213
0.317925
0.404061
0.293795
0.427774
0.367274
0.267229
0.25339
0.245264
0.295208
0.318928
0.347132
0.238323
0.399656
0.214629
0.285423
0.302966
0.350756
0.269089
0.338784
0.360589
0.272911
0.236359
0.372549
0.368367
0.322535
0.37524
0.310578
0.284272
0.27866
0.272944
0.326797
0.290768
0.246541
0.334492
0.306681
0.360624
0.344039
0.243444
0.336222
0.350223
0.312282
0.38943
0.264376
0.263767
0.278248
0.272111
0.305144
0.183904
0.268342
0.552641
0.326473
0.268001
0.30867
0.262037
0.346117
0.239772
0.382746
0.340521
0.214676
0.306567
0.218235
0.390331
0.306935
0.288589
0.347314
0.320611
0.232774
0.301104
0.35165
0.252084
0.314176
0.332134
0.340806
0.298547
0.271759
0.340039
0.231769
0.323329
0.294098
0.253006
0.268655
0.331857
0.347094
0.165638
0.304292
0.253414
0.276245
0.367337
0.30096
0.295579
0.378434
0.261408
0.341195
0.265488
0.301552
0.314021
0.282388
0.276204
0.220799
0.257057
0.265914
0.236854
0.256934
0.367123
0.293211
0.316994
0.231083
0.29182
0.310866
0.208525
0.303778
0.303948
0.341864
0.354765
0.280275
0.236128
0.250951
0.283608
0.274079
0.37466
0.278398
0.276372
0.254645
0.256098
0.293638
0.35939
0.295199
0.285221
0.296973
0.272353
0.370104
0.439395
0.299092
0.233397
0.244064
0.363364
0.299133
0.321161
0.249063
0.369943
0.410551
0.340661
0.415808
0.328401
0.245171
0.247773
0.325736
0.234386
0.249793
0.381547
0.294822
0.246332
0.346516
0.388436
0.297428
0.282434
0.415962
0.315121
0.302602
0.270849
0.227736
0.259517
0.315334
0.290926
0.230022
0.218844
0.343321
0.337243
0.314032
0.311176
0.326695
0.37431
0.29157
0.271537
0.240226
0.335191
0.433108
0.318537
0.307751
0.278893
0.265412
0.272049
0.395229
0.220724
0.344617
0.34796
0.316657
0.295929
0.237685
0.292872
0.38833
0.282873
0.280928
0.277317
0.332302
0.294687
0.286216
0.293055
0.348888
0.36248
0.294131
0.35972
0.271987
0.295216
0.351104
0.304102
0.302609
0.341092
0.324871
0.271587
0.455332
0.275328
0.347626
0.267115
0.296166
0.325343
0.256953
0.265434
0.261405
0.382166
0.405074
0.377519
0.298775
0.311756
0.322723
0.346055
0.328137
0.288136
0.279868
0.262572
0.360029
0.313701
0.274613
0.323425
0.13338
0.340276
0.285466
0.27304
0.368062
0.311529
0.278982
0.229013
0.284787
0.334633
0.360963
0.285653
0.40176
0.319869
0.373288
0.259179
0.326639
0.256039
0.2847
0.341175
0.285291
0.361877
0.338017
0.272193
0.296182
0.309986
0.309283
0.279846
0.41796
0.313803
0.227825
0.363241
0.202383
0.370096
0.309861
0.323238
0.304814
0.264326
0.284054
0.380431
0.244948
0.287844
0.39138
0.36545
0.279718
0.284678
0.347795
0.311718
0.227056
0.300619
0.342671
0.381892
0.395977
0.285314
0.177328
0.401787
0.288081
0.322759
0.255421
0.268467
0.368902
0.263646
0.338165
0.263087
0.294639
0.284305
0.331271
0.380288
0.236726
0.285726
0.303818
0.339815
0.298797
0.313146
0.312516
0.273306
0.292076
0.466568
0.401565
0.375028
0.256995
0.319694
0.264196
0.233816
0.342175
0.245857
0.309462
0.380463
0.402294
0.413923
0.32985
0.275413
0.370809
0.361288
0.282873
0.314962
0.306781
0.279703
0.303754
0.299391
0.251519
0.394701
0.303094
0.28491
0.280026
0.312511
0.302727
0.290184
0.537157
0.243449
0.286826
0.337554
0.281635
0.346357
0.274082
0.369523
0.366837
0.170675
0.316182
0.297946
0.352745
0.281299
0.282897
0.318516
0.326198
0.362519
0.289825
0.351339
0.347975
0.341428
0.319758
0.273043
0.326061
0.336303
0.2496
0.344164
0.321569
0.385827
0.34232
0.232107
0.324157
0.29901
0.306483
0.271409
0.331727
0.370634
0.262307
0.241148
0.297078
0.271593
0.293325
0.261166
0.333454
0.235847
0.36258
0.340226
0.337984
0.250421
0.401101
0.315298
0.313907
0.410941
0.291394
0.262863
0.322181
0.239034
0.249666
0.247902
0.415846
0.282519
0.27201
0.268794
0.392238
0.346645
0.296182
0.27447
0.245715
0.284805
0.293719
0.316907
0.336242
0.262062
0.459321
0.287935
0.221884
0.289104
0.301735
0.277173
0.332937
0.314346
0.362874
0.317299
0.27826
0.263764
0.276824
0.21329
0.285575
0.419727
0.275366
0.369977
0.324036
0.335704
0.318747
0.282379
0.303775
0.23476
0.448945
0.24839
0.13643
0.337522
0.256446
0.247677
0.414425
0.288875
0.299412
0.275072
0.28214
0.280537
0.257029
0.32084
0.23683
0.381462
0.297407
0.298631
0.279289
0.231512
0.31024
0.357174
0.273426
0.293319
0.338225
0.279513
0.336804
0.381381
0.286309
0.324554
0.353183
0.251494
0.371146
0.352021
0.291518
0.338669
0.272902
0.255197
0.285057
0.284771
0.296593
0.275846
0.330813
0.374043
0.261958
0.407335
0.303369
0.354878
0.245033
0.22098
0.304059
0.31701
0.355609
0.297345
0.313089
0.258411
0.367964
0.136
0.231531
0.299759
0.382571
0.259639
0.388792
0.32278
0.335905
0.323861
0.326746
0.326854
0.330243
0.360055
0.407144
0.262971
0.381457
0.430905
0.318017
0.270459
0.405586
0.378394
0.337749
0.303838
0.298839
0.29743
0.271803
0.365711
0.263221
0.332446
0.290169
0.245689
0.32128
0.309507
0.264841
0.242044
0.322826
0.273384
0.2727
0.305888
0.410833
0.309579
0.339676
0.330659
0.293828
0.306973
0.31659
0.378706
0.300899
0.294182
0.278056
0.337471
0.289861
0.317586
0.297173
0.263024
0.213426
0.245977
0.304732
0.193606
0.375732
0.332479
0.330103
0.360348
0.328205
0.291993
0.320021
0.281769
0.262134
0.35417
0.359091
0.285514
0.268546
0.346014
0.239356
0.257709
0.335964
0.365842
0.34959
0.301541
0.38244
0.397177
0.284527
0.355076
0.251751
0.358152
0.278903
0.341845
0.32919
0.343462
0.30322
0.286177
0.348074
0.286013
0.266754
0.250815
0.365927
0.388339
0.314781
0.31957
0.308647
0.290533
0.242307
0.301491
0.274537
0.308847
0.258132
0.282449
0.261163
0.16903
0.242658
0.347105
0.26639
0.303739
0.260826
0.318502
0.285053
0.311921
0.351468
0.324522
0.16764
0.347532
0.442975
0.356493
0.371341
0.366223
0.358359
0.297229
0.275565
0.275559
0.338159
0.241684
0.238372
0.237566
0.433554
0.356376
0.372312
0.277941
0.322623
0.249719
0.216553
0.242725
0.230183
0.272011
0.271965
0.242387
0.275096
0.295233
0.129791
0.380847
0.244593
0.283019
0.283637
0.317304
0.298294
0.323054
0.354683
0.372537
0.325316
0.299213
0.263161
0.292563
0.323052
0.372248
0.352807
0.356698
0.32462
0.187837
0.316912
0.259032
0.265026
0.340021
0.3134
0.334812
0.297447
0.330268
0.304001
0.27162
0.216372
0.295031
0.299198
0.259955
0.326097
0.28257
0.388347
0.28946
0.277741
0.25067
0.3
0.212386
0.343557
0.227877
0.273075
0.334046
0.27817
0.29049
0.258395
0.458486
0.280617
0.333011
0.261465
0.336327
0.338503
0.270575
0.358272
0.256512
0.341785
0.478843
0.313877
0.33134
0.282304
0.301572
0.29298
0.276806
0.264562
0.291224
0.362994
0.280108
0.343879
0.311082
0.393892
0.33123
0.323213
0.412185
0.350301
0.356397
0.315529
0.244147
0.348451
0.278498
0.283717
0.365571
0.213848
0.242823
0.40218
0.240525
0.286665
0.294909
0.258828
0.194459
0.38781
0.488646
0.376465
0.360674
0.345992
0.312149
0.282019
0.261517
0.28927
0.25776
0.312064
0.337945
0.479275
0.287366
0.31299
0.300393
0.500424
0.294961
0.295293
0.303976
0.288693
0.388973
0.353605
0.302954
0.270209
0.278426
0.344134
0.382951
0.33129
0.222089
0.520665
0.277152
0.255354
0.344941
0.285426
0.331153
0.277217
0.265395
0.245845
0.28297
0.35043
0.333526
0.269393
0.24233
0.310024
0.210593
0.284853
0.314615
0.277064
0.329003
0.353446
0.334253
0.329261
0.308907
0.269841
0.420229
0.206125
0.286324
0.318462
0.32436
0.231168
0.280166
0.350142
0.309583
0.289809
0.253443
0.304169
0.261833
0.269824
0.311873
0.397054
0.38035
0.329634
0.314082
0.3561
0.243737
0.308465
0.46831
0.272775
0.321976
0.351731
0.190689
0.296439
0.355037
0.389572
0.324795
0.227448
0.378588
0.257874
0.353191
0.237956
0.309958
0.302417
0.349319
0.283839
0.466418
0.361688
0.314997
0.305238
0.347407
0.278843
0.337641
0.343894
0.267194
0.37492
0.413481
0.377758
0.307704
0.273976
0.335506
0.262815
0.287119
0.363958
0.314288
0.307407
0.250377
0.242371
0.336563
0.306521
0.456779
0.263825
0.309678
0.370765
0.458357
0.363802
0.354789
0.258991
0.35581
0.271299
0.336064
0.259306
0.381064
0.29555
0.248911
0.267902
0.258796
0.451688
0.238637
0.358102
0.309061
0.312594
0.359903
0.263635
0.438204
0.269118
0.350452
0.303534
0.343273
0.278198
0.330728
0.288929
0.347641
0.31039
0.276346
0.327563
0.263462
0.354987
0.322727
0.370392
0.330233
0.203885
0.319427
0.301364
0.303347
0.307038
0.356198
0.277264
0.24164
0.253684
0.298815
0.354792
0.306722
0.308072
0.315642
0.235998
0.297844
0.282414
0.287625
0.311279
0.295566
0.185879
0.362271
0.376285
0.331957
0.224412
0.287461
0.291431
0.29536
0.321903
0.28302
0.325203
0.328801
0.302427
0.28027
0.315744
0.304002
0.31126
0.311404
0.403489
0.282362
0.286162
0.262194
0.253567
0.34994
0.331602
0.319042
0.285436
0.322591
0.25311
0.299843
0.348551
0.266541
0.360651
0.338361
0.263711
0.269009
0.223806
0.322562
0.309165
0.305345
0.228682
0.299438
0.321203
0.347562
0.273704
0.348335
0.299672
0.299743
0.240396
0.253509
0.298512
0.227531
0.302509
0.245266
0.362511
0.342763
0.3786
0.272919
0.359913
0.279097
0.257875
0.357566
0.320635
0.288676
0.302846
0.301181
0.228609
0.279305
0.309843
0.303681
0.229506
0.312794
0.28954
0.322372
0.236905
0.312701
0.262123
0.293761
0.256377
0.34348
0.319389
0.244905
0.359359
0.353093
0.275531
0.268288
0.283397
0.392464
0.260388
0.284276
0.314764
0.341434
0.286102
0.271094
0.304337
0.277857
0.324283
0.384331
0.324925
0.359434
0.396443
0.354306
0.246142
0.327164
0.274656
0.23226
0.264531
0.266326
0.246007
0.328208
0.292356
0.332946
0.252417
0.297564
0.344819
0.243609
0.228979
0.322459
0.346846
0.330418
0.268338
0.408501
0.24465
0.353816
0.254036
0.307254
0.335392
0.323999
0.334192
0.288023
0.293174
0.264828
0.291574
0.311642
0.287377
0.279868
0.386201
0.307087
0.188924
0.253996
0.386705
0.342056
0.357383
0.307102
0.323076
0.279533
0.248549
0.320567
0.301126
0.326599
0.277366
0.295778
0.30501
0.384441
0.271095
0.297452
0.264817
0.206777
0.314632
0.297285
0.344541
0.268066
0.330402
0.288881
0.341247
0.264749
0.273247
0.331249
0.444059
0.247726
0.272528
0.134907
0.270872
0.30647
0.33207
0.268195
0.266802
0.303588
0.311172
0.391158
0.260444
0.252668
0.405183
0.288745
0.359969
0.250227
0.360554
0.316944
0.264185
0.352069
0.458344
0.519666
0.244531
0.229248
0.342826
0.334
0.322377
0.272243
0.274088
0.403569
0.319074
0.313232
0.312988
0.317306
0.32169
0.217775
0.343049
0.274973
0.360993
0.248656
0.274608
0.370132
0.25191
0.31337
0.290578
0.231529
0.306455
0.386105
0.391033
0.324395
0.250033
0.258251
0.302094
0.261266
0.3636
0.360816
0.302357
0.295919
0.344429
0.31686
0.241072
0.188022
0.287783
0.352315
0.23218
0.287295
0.29837
0.217889
0.322778
0.424934
0.315745
0.286262
0.38486
0.351279
0.341792
0.327021
0.298919
0.326404
0.245959
0.34471
0.320933
0.373032
0.330595
0.240549
0.271991
0.315768
0.375061
0.271072
0.320189
0.309151
0.269293
0.291983
0.320761
0.331847
0.234525
0.27927
0.328245
0.357582
0.368659
0.271221
0.251619
0.244795
0.347813
0.295184
0.216088
0.259389
0.252623
0.282845
0.334048
0.357137
0.267402
0.302431
0.374215
0.244805
0.298026
0.259956
0.30966
0.296578
0.344472
0.319017
0.429613
0.293866
0.243255
0.314636
0.351573
0.315831
0.307091
0.291023
0.261949
0.276219
0.316936
0.293095
0.269863
0.32242
0.275304
0.31346
0.318653
0.305006
0.327816
0.242267
0.348605
0.336315
0.332882
0.267821
0.26067
0.330617
0.294109
0.2803
0.346134
0.314171
0.302854
0.238978
0.315465
0.275087
0.251688
0.2827
0.378518
0.372138
0.215328
0.261187
0.2473
0.334552
0.280331
0.300014
0.34838
0.340816
0.292911
0.273001
0.27527
0.349385
0.227375
0.32897
0.348225
0.478391
0.292241
0.256848
0.273181
0.304411
0.317837
0.281572
0.410561
0.273364
0.308399
0.199395
0.343741
0.311066
0.335671
0.2607
0.310212
0.372863
0.334435
0.285047
0.257818
0.26056
0.350188
0.274914
0.253313
0.371876
0.324666
0.298454
0.296186
0.361295
0.25049
0.343837
0.24516
0.347859
0.275111
0.422836
0.325153
0.222732
0.421771
0.33766
0.230587
0.270729
0.404719
0.302383
0.259761
0.282796
0.436649
0.26371
0.352586
0.330982
0.356216
0.284589
0.2865
0.348762
0.328115
0.287229
0.241468
0.342213
0.326827
0.252351
0.373786
0.294481
0.254845
0.301946
0.290121
0.27536
0.26537
0.261495
0.286557
0.251972
0.266827
0.380952
0.260433
0.375338
0.441398
0.26928
0.271935
0.334181
0.457615
0.307718
0.29698
0.273033
0.300273
0.317004
0.333816
0.29897
0.150139
0.290809
0.281875
0.263515
0.247611
0.300453
0.262293
0.315033
0.297941
0.236143
0.268979
0.308039
0.342368
0.290475
0.222279
0.223714
0.238382
0.41241
0.285069
0.319403
0.329413
0.236807
0.250418
0.260138
0.323131
0.322699
0.298205
0.293303
0.293571
0.421515
0.313011
0.312833
0.257913
0.296675
0.351287
0.280953
0.360383
0.392441
0.31928
0.292227
0.263672
0.331341
0.471046
0.279842
0.26408
0.252494
0.27395
0.245868
