0.299605
0.226594
0.277334
0.364654
0.282277
0.325104
0.311007
0.30085
0.329506
0.298264
0.3532
0.315074
0.265082
0.317375
0.312011
0.316871
0.304812
0.304763
0.374386
0.313645
0.286298
0.283459
0.425439
0.339889
0.290624
0.391927
0.257228
0.247453
0.403933
0.314196
0.267486
0.336903
0.264193
0.299457
0.286168
0.295925
0.333078
0.228571
0.413023
0.345444
0.353999
0.394717
0.218401
0.333576
0.257693
0.495612
0.289397
0.280291
0.324448
0.333631
0.261675
0.289641
0.250442
0.355016
0.258368
0.383503
0.291799
0.318946
0.28723
0.353
0.370125
0.30962
0.336939
0.270581
0.351078
0.284109
0.382805
0.379914
0.309197
0.304584
0.275271
0.252341
0.324223
0.244512
0.281286
0.297125
0.348171
0.342526
0.306642
0.325813
0.332827
0.285255
0.251914
0.361818
0.277695
0.318602
0.338825
0.31243
0.348544
0.350692
0.327473
0.322322
0.316239
0.289018
0.397299
0.278555
0.230297
0.296042
0.248908
0.295792
0.324446
0.345453
0.300166
0.279175
0.341252
0.340097
0.291801
0.304162
0.339928
0.345627
0.328117
0.259581
0.381751
0.331687
0.30673
0.325665
0.367556
0.292923
0.400594
0.316533
0.355211
0.245255
0.313618
0.297328
0.244199
0.220381
0.263668
0.302392
0.34939
0.356532
0.268648
0.204775
0.303129
0.335508
0.269528
0.38272
0.248035
0.287066
0.402267
0.327607
0.274727
0.349544
0.301881
0.31377
0.291429
0.318258
0.303865
0.34758
0.290402
0.365477
0.294275
0.312913
0.264957
0.302567
0.274578
0.304214
0.286068
0.290343
0.326628
0.32576
0.332435
0.362682
0.365484
0.277512
0.332646
0.302581
0.329043
0.33468
0.324215
0.300096
0.266739
0.275799
0.253129
0.338724
0.299431
0.370332
0.27631
0.32661
0.319727
0.311546
0.312655
0.401342
0.341471
0.270705
0.28008
0.284782
0.308313
0.2697
0.335218
0.323675
0.320821
0.377363
0.32902
0.336487
0.348987
0.326736
0.334091
0.36701
0.368562
0.233371
0.407623
0.361129
0.377045
0.267988
0.302297
0.447054
0.344893
0.340016
0.268347
0.348593
0.356847
0.38126
0.325163
0.346976
0.309369
0.329132
0.309498
0.332418
0.290531
0.370885
0.25415
0.344816
0.306875
0.310138
0.348124
0.249459
0.262513
0.355303
0.245382
0.335396
0.285702
0.281285
0.332068
0.361323
0.312517
0.28181
0.341175
0.31302
0.256784
0.375376
0.349622
0.259571
0.297705
0.298416
0.365743
0.27698
0.32578
0.323198
0.356119
0.295482
0.302107
0.322938
0.397392
0.317647
0.335936
0.327089
0.207209
0.270708
0.330413
0.295678
0.30078
0.278659
0.284213
0.352531
0.269246
0.325036
0.298763
0.378369
0.331889
0.321112
0.270349
0.286529
0.359632
0.311033
0.341724
0.324287
0.266539
0.289219
0.332409
0.303408
0.404199
0.273646
0.287202
0.313579
0.301957
0.339851
0.305903
0.336896
0.307928
0.321405
0.321791
0.338397
0.30213
0.253972
0.393376
0.281066
0.270246
0.31597
0.314988
0.349349
0.240994
0.293371
0.259332
0.328785
0.325497
0.264984
0.333877
0.297692
0.301815
0.281703
0.217215
0.363492
0.338122
0.279878
0.322593
0.304772
0.280522
0.306918
0.274431
0.285126
0.29509
0.29891
0.337766
0.242051
0.254206
0.248499
0.350211
0.313359
0.268892
0.282374
0.266961
0.289839
0.330996
0.299948
0.2689
0.312529
0.2443
0.333955
0.449079
0.353024
0.301946
0.362546
0.310207
0.30353
0.222777
0.300255
0.359467
0.305604
0.292821
0.29757
0.324849
0.368181
0.320704
0.272377
0.300926
0.332333
0.218019
0.209215
0.316685
0.307943
0.382152
0.323086
0.341064
0.308417
0.355862
0.369768
0.382056
0.372269
0.321361
0.343328
0.385939
0.320878
0.31263
0.308855
0.266628
0.432763
0.306084
0.311867
0.298535
0.286326
0.30351
0.342497
0.306992
0.288621
0.32009
0.302751
0.357426
0.38413
0.289513
0.268851
0.297045
0.397471
0.308146
0.314236
0.386505
0.289509
0.264167
0.270698
0.280221
0.300585
0.309928
0.283476
0.340737
0.381236
0.316384
0.335705
0.276876
0.447399
0.315107
0.274758
0.276425
0.28977
0.280907
0.284835
0.309566
0.335362
0.305531
0.265189
0.329279
0.300323
0.280639
0.323491
0.436523
0.29409
0.335273
0.288691
0.382977
0.261162
0.322023
0.273082
0.320944
0.276448
0.27046
0.285725
0.298615
0.3129
0.318688
0.33428
0.252492
0.346986
0.292264
0.280487
0.315365
0.242245
0.266353
0.35625
0.259916
0.364179
0.336898
0.319482
0.33764
0.345901
0.284665
0.272518
0.210361
0.300708
0.364801
0.354833
0.363738
0.271959
0.300024
0.371552
0.331407
0.327332
0.313267
0.282591
0.361998
0.40733
0.371687
0.288123
0.326043
0.34799
0.318154
0.283983
0.335576
0.284617
0.265757
0.39963
0.392741
0.293726
0.327749
0.29311
0.324019
0.251402
0.321547
0.298365
0.31305
0.342407
0.26884
0.303293
0.282758
0.401511
0.357364
0.274954
0.330007
0.419658
0.279967
0.338028
0.292919
0.277267
0.311403
0.317985
0.265734
0.326309
0.33534
0.305112
0.366158
0.291093
0.319343
0.382069
0.315412
0.293064
0.285334
0.326001
0.322647
0.308033
0.284008
0.322405
0.279792
0.299682
0.323141
0.276134
0.358184
0.341925
0.281701
0.323169
0.296369
0.297961
0.401351
0.343906
0.323247
0.329535
0.292544
0.299649
0.275526
0.291647
0.294912
0.329227
0.333017
0.326193
0.26703
0.356073
0.309681
0.245244
0.360751
0.250807
0.269442
0.257882
0.311519
0.400753
0.322042
0.334751
0.387231
0.348119
0.263038
0.320456
0.389583
0.343858
0.250093
0.310787
0.333042
0.361061
0.265155
0.309846
0.371521
0.334129
0.346002
0.369752
0.24632
0.349913
0.34761
0.326145
0.22618
0.310688
0.274899
0.306513
0.315692
0.293828
0.310179
0.272008
0.277705
0.381089
0.404028
0.29752
0.247832
0.326604
0.303018
0.330442
0.319844
0.286347
0.374954
0.279892
0.254497
0.339483
0.306343
0.278685
0.235017
0.313459
0.316024
0.272478
0.337085
0.33371
0.297611
0.343179
0.282886
0.271768
0.351506
0.283385
0.293246
0.259782
0.278426
0.404363
0.262318
0.438662
0.360483
0.410167
0.355854
0.381063
0.331942
0.328775
0.288003
0.309693
0.30226
0.298232
0.306426
0.34025
0.378088
0.419471
0.361393
0.315057
0.334696
0.255668
0.346141
0.287207
0.277487
0.301665
0.283007
0.302785
0.282131
0.308939
0.311101
0.331101
0.330172
0.301835
0.31287
0.43186
0.346701
0.328229
0.246394
0.34376
0.289494
0.296075
0.300142
0.303343
0.304136
0.297377
0.290254
0.316351
0.316197
0.300566
0.301191
0.235197
0.337755
0.272434
0.333274
0.404679
0.29454
0.3276
0.232997
0.295494
0.322694
0.380363
0.291817
0.269184
0.29163
0.350222
0.275013
0.296101
0.276446
0.244713
0.25704
0.412794
0.346435
0.299676
0.271111
0.295889
0.294987
0.301989
0.272254
0.342019
0.326701
0.356131
0.343494
0.349194
0.337022
0.285456
0.349996
0.317834
0.297187
0.314772
0.24477
0.333012
0.346355
0.312761
0.288048
0.337846
0.34686
0.335195
0.426154
0.215055
0.29224
0.329373
0.305196
0.320309
0.302622
0.343704
0.284944
0.369293
0.272937
0.321372
0.329405
0.328524
0.27203
0.271573
0.352332
0.29608
0.304985
0.28384
0.264269
0.330305
0.290815
0.352605
0.315265
0.301935
0.515791
0.377328
0.344525
0.435629
0.352096
0.265166
0.274253
0.2735
0.315692
0.341823
0.270018
0.281183
0.319841
0.330114
0.246021
0.322442
0.282907
0.26639
0.302625
0.395312
0.334282
0.307491
0.225812
0.402833
0.339304
0.494633
0.301447
0.28682
0.368139
0.337546
0.335307
0.305718
0.285958
0.212128
0.327783
0.26856
0.249161
0.288515
0.351798
0.311138
0.307163
0.262074
0.265662
0.286673
0.344874
0.333649
0.249716
0.241287
0.336391
0.282846
0.285472
0.290587
0.370244
0.302051
0.264734
0.357213
0.330284
0.35388
0.258138
0.247575
0.306399
0.280128
0.279822
0.323748
0.320599
0.311514
0.262064
0.313815
0.267864
0.280503
0.295413
0.309955
0.338304
0.311766
0.401358
0.355175
0.261649
0.405975
0.2809
0.349216
0.289853
0.209148
0.30729
0.289753
0.303387
0.281245
0.344064
0.254436
0.279658
0.284153
0.230758
0.354236
0.277065
0.45086
0.496919
0.357526
0.292992
0.333
0.287456
0.28275
0.328513
0.262823
0.262653
0.290727
0.331734
0.281892
0.250433
0.345648
0.365201
0.347086
0.251192
0.346392
0.314181
0.305709
0.325864
0.293159
0.360492
0.284074
0.344538
0.247825
0.311797
0.352257
0.290681
0.267085
0.29468
0.303071
0.240739
0.282148
0.322781
0.313942
0.325986
0.324082
0.329173
0.339684
0.353804
0.351146
0.3093
0.270406
0.330863
0.29229
0.317135
0.302206
0.334572
0.321334
0.291869
0.412337
0.29686
0.316111
0.271955
0.281061
0.352503
0.320931
0.297676
0.343877
0.349343
0.346568
0.592394
0.352195
0.32781
0.312296
0.375496
0.272106
0.310207
0.287382
0.286035
0.301968
0.245633
0.279386
0.221666
0.335426
0.298143
0.277228
0.290492
0.31039
0.291174
0.264777
0.313511
0.322129
0.392056
0.351039
0.33293
0.294321
0.322922
0.352814
0.287922
0.298678
0.440782
0.302726
0.430825
0.302465
0.306042
0.399695
0.277448
0.345144
0.321171
0.349913
0.30432
0.360183
0.380755
0.287516
0.319489
0.276575
0.311259
0.408589
0.271731
0.337575
0.342999
0.321331
0.273263
0.304413
0.306769
0.274755
0.301989
0.378101
0.375239
0.320161
0.374505
0.345178
0.275
0.345486
0.313476
0.306523
0.256559
0.285861
0.336724
0.263453
0.299248
0.342171
0.330979
0.277558
0.320464
0.335753
0.317536
0.276893
0.339068
0.306319
0.355576
0.293483
0.287927
0.251245
0.290044
0.270316
0.240149
0.244251
0.329895
0.278551
0.298941
0.26602
0.36258
0.296755
0.345631
0.28707
0.333864
0.314694
0.30825
0.279333
0.302255
0.268014
0.330087
0.352839
0.286611
0.241495
0.287783
0.30832
0.384461
0.256622
0.307165
0.351853
0.295168
0.310593
0.278309
0.254261
0.206984
0.353657
0.312469
0.281611
0.333303
0.274648
0.323927
0.290595
0.415936
0.367392
0.311155
0.338432
0.343911
0.38288
0.397856
0.29089
0.284024
0.320343
0.306665
0.271668
0.306969
0.359876
0.291405
0.306655
0.277684
0.228895
0.372618
0.31401
0.261619
0.343112
0.300459
0.33289
0.253826
0.314541
0.265679
0.338288
0.287246
0.302811
0.311924
0.279139
0.284932
0.277567
0.263501
0.299377
0.349436
0.326364
0.274809
0.311844
0.399639
0.399272
0.270665
0.276224
0.335852
0.345276
0.385265
0.338488
0.301289
0.279281
0.317573
0.380512
0.270832
0.288681
0.31708
0.26771
0.341306
0.307375
0.268296
0.326471
0.312406
0.342047
0.331989
0.361006
0.302172
0.315562
0.332484
0.361156
0.367102
0.362197
0.370403
0.276757
0.342025
0.248162
0.284332
0.291122
0.345452
0.416939
0.274371
0.277816
0.306341
0.321762
0.359839
0.303125
0.28537
0.271013
0.293187
0.269192
0.290007
0.291515
0.316382
0.253903
0.280766
0.234298
0.300091
0.283202
0.330231
0.38351
0.352386
0.348058
0.254067
0.321788
0.293622
0.317048
0.326196
0.261394
0.268644
0.301014
0.283083
0.350587
0.271737
0.31551
0.289365
0.325725
0.417424
0.306363
0.285848
0.295288
0.299493
0.313922
0.278117
0.279734
0.359838
0.357976
0.316147
0.354291
0.302812
0.272533
0.318301
0.287378
0.245986
0.351309
0.318093
0.299801
0.33233
0.312818
0.285571
0.323594
0.329761
0.29697
0.250679
0.435917
0.330427
0.246384
0.322682
0.30524
0.261365
0.246305
0.390385
0.364473
0.34027
0.293669
0.360209
0.318358
0.303332
0.259626
0.293225
0.395347
0.317294
0.334271
0.272113
0.264992
0.357434
0.281904
0.268994
0.269512
0.400993
0.3459
0.3283
0.253898
0.324162
0.271386
0.375869
0.370171
0.350165
0.390781
0.298384
0.266318
0.276244
0.325029
0.319326
0.306746
0.287834
0.280062
0.29047
0.248704
0.312168
0.387201
0.364157
0.321587
0.326827
0.289194
0.381559
0.312883
0.361127
0.292256
0.302529
0.266252
0.334714
0.257412
0.220092
0.314462
0.359867
0.306368
0.30382
0.292468
0.344889
0.302402
0.331916
0.341279
0.296033
0.319068
0.301194
0.28788
0.217064
0.268722
0.340098
0.301805
0.278356
0.338627
0.300015
0.360624
0.317722
0.354809
0.312767
0.338229
0.310552
0.314212
0.272428
0.251736
0.303028
0.311017
0.310447
0.312353
0.289225
0.352879
0.295036
0.313628
0.322578
0.305226
0.265939
0.297011
0.271966
0.351883
0.324653
0.289352
0.285702
0.313974
0.302314
0.238795
0.335625
0.281349
0.295992
0.349716
0.325211
0.30155
0.301292
0.29167
0.289378
0.289167
0.339161
0.350345
0.322061
0.318241
0.254785
0.285587
0.276951
0.409242
0.349732
0.321377
0.271605
0.338247
0.34031
0.417695
0.355638
0.348254
0.255732
0.289186
0.278141
0.33401
0.309823
0.324258
0.317757
0.280554
0.298986
0.27729
0.471388
0.265222
0.243174
0.354382
0.291243
0.326646
0.258281
0.261331
0.28696
0.338575
0.306811
0.23612
0.306133
0.338279
0.285285
0.293268
0.254496
0.38079
0.301785
0.269133
0.270737
0.348237
0.32232
0.329366
0.263883
0.309733
0.325006
0.351453
0.280066
0.321606
0.387639
0.298576
0.292572
0.262413
0.328307
0.284952
0.349731
0.429803
0.320441
0.292165
0.281778
0.320906
0.299485
0.312258
0.29227
0.307792
0.29232
0.335478
0.345096
0.279994
0.292868
0.369486
0.274755
0.388912
0.270193
0.273696
0.36193
0.298887
0.285008
0.253841
0.258828
0.290835
0.287742
0.302825
0.364418
0.278557
0.334774
0.282507
0.381233
0.34966
0.332798
0.279
0.294999
0.30962
0.316845
0.274557
0.297887
0.300882
0.287384
0.32314
0.302432
0.286352
0.366463
0.324838
0.286929
0.284998
0.214643
0.34894
0.285124
0.261168
0.289366
0.307102
0.303128
0.306346
0.26801
0.253121
0.267877
0.337797
0.334687
0.280764
0.241655
0.333947
0.287142
0.333059
0.296956
0.326699
0.284909
0.26417
0.376733
0.274607
0.286987
0.302233
0.292141
0.346106
0.292406
0.33028
0.335901
0.333559
0.28444
0.325079
0.332014
0.279369
0.28259
0.347285
0.323907
0.355727
0.339092
0.323332
0.356877
0.358081
0.440804
0.332917
0.263608
0.232457
0.323568
0.375011
0.332506
0.281064
0.376141
0.357573
0.328732
0.277098
0.260088
0.236185
0.318092
0.271904
0.285508
0.289105
0.284466
0.32575
0.317467
0.261938
0.299693
0.321938
0.295445
0.29162
0.268194
0.334371
0.326574
0.315958
0.349918
0.352848
0.294668
0.215296
0.350056
0.315247
0.25592
0.308963
0.398357
0.334949
0.35358
0.300882
0.376494
0.240364
0.286458
0.312811
0.270066
0.313571
0.317691
0.360794
0.325245
0.404542
0.309022
0.296049
0.298095
0.336387
0.297105
0.302304
0.411667
0.34312
0.338137
0.262233
0.255968
0.334381
0.305311
0.293044
0.306166
0.394152
0.315148
0.274663
0.291955
0.294067
0.31733
0.37678
0.242192
0.369101
0.287963
0.324446
0.312999
0.293439
0.355542
0.255117
0.329677
0.328562
0.354649
0.271711
0.365437
0.275015
0.281746
0.330291
0.322836
0.303268
0.304954
0.292589
0.265064
0.284193
0.295002
0.292749
0.281707
0.300066
0.422452
0.308137
0.268305
0.310282
0.359274
0.330229
0.304355
0.325759
0.40481
0.431664
0.328867
0.319324
0.293855
0.271992
0.53425
0.234828
0.277215
0.334874
0.208887
0.3065
0.290782
0.364239
0.359086
0.351087
0.308943
0.274914
0.293214
0.308706
0.379772
0.271802
0.340774
0.284466
0.264554
0.296199
0.202158
0.319017
0.421602
0.395345
0.410418
0.299596
0.300644
0.346658
0.377574
0.302685
0.40483
0.291103
0.292011
0.606061
0.291594
0.327579
0.279788
0.329464
0.288117
0.304837
0.297716
0.273095
0.318843
0.228694
0.259692
0.292837
0.292622
0.363963
0.379534
0.325151
0.315868
0.449773
0.325172
0.34484
0.23256
0.44554
0.336766
0.322866
0.189515
0.339214
0.301994
0.280808
0.273052
0.320628
0.293244
0.252323
0.286744
0.295406
0.266099
0.342906
0.263338
0.31326
0.260647
0.269838
0.360533
0.245968
0.317011
0.309896
0.271181
0.301059
0.397254
0.301555
0.317795
0.310877
0.324587
0.327699
0.302817
0.441426
0.327504
0.2632
0.355371
0.319118
0.259327
0.236075
0.312245
0.289344
0.328322
0.275434
0.289782
0.259484
0.277281
0.305612
0.295049
0.307659
0.305974
0.284617
0.305409
0.306257
0.301185
0.344014
0.306196
0.284832
0.255807
0.261423
0.366534
0.35704
0.292049
0.295078
0.251612
0.321788
0.273959
0.425022
0.316307
0.323703
0.354214
0.360078
0.299611
0.33425
0.298922
0.304597
0.2932
0.303958
0.294686
0.260189
0.248302
0.392195
0.298125
0.367235
0.270104
0.361601
0.375411
0.327567
0.284496
0.493799
0.277206
0.401885
0.319677
0.326214
0.324734
0.297529
0.363858
0.283196
0.257204
0.302535
0.278213
0.319444
0.255324
0.259796
0.298263
0.288179
0.292449
0.310097
0.35328
0.281356
0.248952
0.29868
0.320383
0.28905
0.326423
0.331578
0.235001
0.489435
0.264867
0.270688
0.307395
0.318539
0.318672
0.299756
0.339157
0.305468
0.323415
0.329038
0.34956
0.302543
0.329985
0.333229
0.308066
0.29288
0.369585
0.290552
0.271649
0.252936
0.335524
0.308699
0.296575
0.337062
0.357554
0.31452
0.235047
0.356098
0.294188
0.334958
0.305992
0.308703
0.279367
0.313261
0.31455
0.365624
0.269936
0.281637
0.477294
0.281031
0.220768
0.291827
0.298997
0.250423
0.30592
0.274067
0.331642
0.279438
0.430844
0.316098
0.306452
0.280853
0.298477
0.344131
0.300159
0.270138
0.300918
0.361109
0.418995
0.259479
0.300077
0.292452
0.286416
0.286334
0.290727
0.281196
0.255656
0.327363
0.324083
0.257821
0.301255
0.315639
0.280451
0.370974
0.306105
0.411423
0.319123
0.359417
0.374823
0.364727
0.279275
0.28873
0.275083
0.287876
0.217748
0.288162
0.251805
0.318679
0.327267
0.517664
0.29406
0.365604
0.401201
0.283129
0.320678
0.369419
0.333279
0.308319
0.381537
0.349498
0.272564
0.344264
0.322632
0.361695
0.448165
0.319833
0.274373
0.286781
0.330984
0.284367
0.371471
0.338056
0.354349
0.259879
0.267009
0.379987
0.340347
0.241757
0.32815
0.262605
0.315532
0.299891
0.311162
0.253533
0.311851
0.28396
0.360251
0.261296
0.328747
0.369282
0.291861
0.248798
0.319718
0.338723
0.311981
0.350544
0.345314
0.26517
0.300738
0.360491
0.273533
0.236223
0.267158
0.314448
0.353293
0.346538
0.328776
0.339842
0.284868
0.296833
0.251068
0.291726
0.298906
0.294457
0.272405
0.270592
0.27427
0.281611
0.339274
0.309196
0.333882
0.339097
0.316939
0.387422
0.328314
0.306158
0.355378
0.306585
0.339369
0.315219
0.295134
0.404796
0.332697
0.328467
0.295433
0.298869
0.370424
0.296528
0.286156
0.25102
0.279437
0.38244
0.273654
0.237696
0.357162
0.276164
0.26899
0.256585
0.348776
0.313049
0.252304
0.341218
0.314132
0.378271
0.328969
0.287529
0.275683
0.325485
0.255415
0.29775
0.302398
0.24996
0.342555
0.377595
0.268656
0.345126
0.275165
0.265348
0.261013
0.304918
0.293513
0.261021
0.333585
0.321088
0.322775
0.286002
0.309517
0.316428
0.227946
0.291446
0.317964
0.266448
0.353859
0.301566
0.24312
0.276824
0.304521
0.339897
0.299228
0.275736
0.33082
0.336605
0.241112
0.296115
0.298447
0.276518
0.287276
0.321074
0.228723
0.25313
0.290763
0.335629
0.281425
0.265799
0.32511
0.31383
0.340733
0.261936
0.333535
0.290701
0.285815
0.355836
0.352182
0.320374
0.345122
0.30334
0.35102
0.32826
0.340234
0.253564
0.288227
0.306029
0.310656
0.343875
0.299604
0.337354
0.364011
0.315086
0.216687
0.293652
0.283193
0.247578
0.392403
0.349914
0.36884
0.35636
0.297327
0.318043
0.273531
0.284448
0.278473
0.308015
0.289409
0.361128
0.424527
0.302791
0.320715
0.336131
0.261729
0.314022
0.25576
0.313599
0.276739
0.404566
0.32372
0.314414
0.289378
0.362017
0.346712
0.349945
0.307228
0.38934
0.329
0.261925
0.259447
0.31179
0.351039
0.349543
0.346962
0.263854
0.306954
0.299253
0.291222
0.277841
0.262992
0.335411
0.280284
0.308779
0.317533
0.243843
0.282042
0.321344
0.305008
0.330479
0.337283
0.274952
0.276935
0.230679
0.318695
0.240888
0.316851
0.274823
0.289135
0.306787
0.27498
0.275197
0.337088
0.32132
0.303098
0.34255
0.302083
0.312625
0.329439
0.28194
0.304236
0.238823
0.458775
0.311673
0.527013
0.340294
0.29191
0.275418
0.274569
0.351825
0.328608
0.283116
0.264381
0.376568
0.338101
0.245963
0.311289
0.369035
0.343397
0.349376
0.271744
0.379981
0.285073
0.305841
0.311607
0.367019
0.300502
0.316802
0.326806
0.256104
0.290358
0.303149
0.286779
0.301046
0.307549
0.398575
0.372421
0.30931
0.352121
0.345413
0.336452
0.272877
0.356348
0.386209
0.305656
0.324792
0.289047
0.426557
0.280608
0.281637
0.376321
0.332154
0.364976
0.338055
0.345266
0.374113
0.357788
0.293667
0.301711
0.413243
0.256219
0.26734
0.287319
0.376241
0.281739
0.374436
0.328895
0.285522
0.343857
0.331539
0.27229
0.344268
0.31922
0.269273
0.246243
0.310711
0.298755
0.263394
0.345387
0.274115
0.34504
0.304673
0.409381
0.302289
0.273686
0.359476
0.290273
0.357905
0.247933
0.262753
0.335183
0.280792
0.350911
0.272864
0.281981
0.312288
0.37642
0.311603
0.275957
0.299021
0.324293
0.299076
0.33586
0.32777
0.335803
0.279957
0.326648
0.286843
0.258781
0.299363
0.297072
0.312042
0.400333
0.322748
0.401381
0.287559
0.29574
0.281647
0.432775
0.302433
0.333133
0.32174
0.295213
0.316979
0.281935
0.396418
0.313449
0.291582
0.294103
0.301893
0.279834
0.254541
0.315561
0.362278
0.305068
0.276829
0.323529
0.243557
0.268601
0.373881
0.351473
0.282469
0.260769
0.340102
0.28952
0.31305
0.323996
0.352847
0.264096
0.351551
0.300805
0.406723
0.265401
0.304571
0.260751
0.310416
0.323584
0.237874
0.368408
0.269528
0.351222
0.277833
0.274133
0.369605
0.294602
0.294937
0.222879
0.249679
0.20551
0.344601
0.340535
0.378814
0.295381
0.269596
0.30551
0.315577
0.32087
0.319437
0.287812
0.301252
0.342036
0.318102
0.328859
0.301427
0.337972
0.296385
0.32375
0.386851
0.267184
0.300543
0.373261
0.296528
0.319916
0.272994
0.301868
0.397702
0.330198
0.331905
0.267245
0.268455
0.282852
0.348704
0.275632
0.311252
0.325799
0.378978
0.326335
0.294547
0.380152
0.334229
0.307503
0.31037
0.369584
0.227831
0.301691
0.297531
0.29053
0.342266
0.296912
0.349412
0.308646
0.314774
0.33484
0.317054
0.318581
0.32605
0.301315
0.290851
0.411897
0.325973
0.316965
0.301779
0.271408
0.262294
0.322756
0.324735
0.407199
0.295458
0.299243
0.344189
0.291667
0.242778
0.375999
0.332307
0.350806
0.349235
0.249528
0.351743
0.333148
0.313602
0.29114
0.29471
0.203137
0.326669
0.34045
0.324414
0.333944
0.354735
0.320798
0.285386
0.359691
0.310298
0.385676
0.338234
0.26783
0.339576
0.44
0.208327
0.302032
0.320905
0.351507
0.329977
0.317273
0.369418
0.271791
0.317892
0.308723
0.294737
0.30969
0.341309
0.32476
0.249715
0.342096
0.332721
0.324236
0.300876
0.22786
0.320678
0.259966
0.27497
0.310364
0.339192
0.283726
0.339309
0.213748
0.264928
0.271775
0.308923
0.374719
0.325901
0.362808
0.37271
0.239749
0.348542
0.317075
0.343085
0.325752
0.353128
0.271968
0.290083
0.314052
0.310884
0.337789
0.2959
0.368912
0.30487
0.38013
0.282981
0.261322
0.316363
0.27623
0.276352
0.334086
0.301304
0.265782
0.348802
0.268632
0.376007
0.304122
0.315808
0.291477
0.262313
0.345497
0.337201
0.320794
0.274892
0.309051
0.244004
0.296989
0.335075
0.251642
0.268829
0.276287
0.308804
0.256218
0.343984
0.260044
0.386778
0.301621
0.33948
0.281893
0.301784
0.321417
0.284288
0.312793
0.311799
0.287771
0.391113
0.267516
0.26378
0.28735
0.285783
0.353265
0.318178
0.313511
0.264514
0.343588
0.275715
0.386654
0.520567
0.308716
0.378017
0.332875
0.362554
0.300211
0.491733
0.292634
0.368538
0.304126
0.383177
0.357783
0.292964
0.31257
0.39942
0.298248
0.306077
0.277701
0.2696
0.383554
0.343341
0.277469
0.281825
0.316979
0.260308
0.287883
0.284461
0.327924
0.320326
0.352064
0.335248
0.322747
0.306402
0.279479
0.278267
0.318182
0.320816
0.296615
0.252341
0.29173
0.30211
0.278164
0.312022
0.273552
0.275956
0.320079
0.358122
0.326323
0.288792
0.280108
0.266056
0.230275
0.304226
0.340716
0.327979
0.311254
0.306285
0.268771
0.328842
0.321231
0.516341
0.218195
0.336615
0.363693
0.415569
0.241996
0.336203
0.376218
0.33559
0.359005
0.307381
0.304571
0.336637
0.31726
0.304103
0.310685
0.291161
0.289366
0.334621
0.326983
0.249775
0.29868
0.314791
0.375212
0.299245
0.28719
0.321867
0.311133
0.321088
0.305949
0.309458
0.294686
0.313181
0.301868
0.29179
0.357671
0.31351
0.357898
0.318886
0.315616
0.382379
0.275828
0.3227
0.309026
0.294633
0.332001
0.323834
0.317239
0.419467
0.245802
0.348095
0.356711
0.2721
0.304404
0.260606
0.305663
0.38645
0.297924
0.232263
0.325416
0.341004
0.267348
0.308265
0.318362
0.290271
0.352889
0.3404
0.336489
0.349281
0.250983
0.313261
0.289807
0.29147
0.350498
0.266334
0.376253
0.288844
0.308441
0.295557
0.329061
0.374401
0.269864
0.290899
0.323095
0.285772
0.280089
0.261718
0.292854
0.322236
0.393258
0.233132
0.320879
0.316236
0.377517
0.323474
0.321261
0.385004
0.293261
0.329127
0.26245
0.338719
0.248546
0.296451
0.304919
0.295053
0.249596
0.305052
0.313827
0.323004
0.296561
0.270083
0.34819
0.423353
0.295036
0.371364
0.283277
0.279748
0.294402
0.344769
0.262217
0.304606
0.294859
0.255657
0.334491
0.288444
0.302849
0.366886
0.324576
0.315939
0.308912
0.284275
0.280311
0.216969
0.276489
0.299367
0.299831
0.267191
0.322657
0.319406
0.357371
0.295999
0.378594
0.310046
0.228925
0.337081
0.294701
0.362606
0.366105
0.266667
0.269916
0.361111
0.320417
0.316808
0.37457
0.331528
0.332844
0.322703
0.242999
0.298705
0.319705
0.299867
0.256773
0.310641
0.279107
0.357595
0.300479
0.371236
0.303671
0.29956
0.353352
0.333333
0.344089
0.330291
0.292509
0.26864
0.270801
0.322458
0.301255
0.306124
0.290019
0.348881
0.286867
0.348133
0.29875
0.244865
0.307591
0.34555
0.311671
0.336401
0.294303
0.299416
0.323404
0.331984
0.300869
0.281399
0.337914
0.265664
0.317386
0.399298
0.340727
0.286237
0.350174
0.380109
0.338126
0.314491
0.360911
0.299364
0.283462
0.334391
0.343734
0.283323
0.279913
0.282932
0.292855
0.318533
0.297144
0.210657
0.245764
0.317758
0.27459
0.320393
0.382542
0.329537
0.327723
0.322612
0.302907
0.282053
0.262844
0.202945
0.305526
0.281623
0.270086
0.316156
0.304838
0.326686
0.245743
0.407182
0.299238
0.321451
0.365022
0.276596
0.330195
0.328032
0.273481
0.307315
0.345259
0.341638
0.324806
0.33614
0.320781
0.260697
0.332831
0.335321
0.278787
0.315449
0.337724
0.294865
0.364638
0.318694
0.325203
0.318247
0.299314
0.280038
0.307494
0.277282
0.309497
0.242842
0.514387
0.31841
0.356076
0.308984
0.396557
0.292206
0.316223
0.279747
0.253422
0.268759
0.29665
0.342114
0.346975
0.287537
0.263394
0.28584
0.328515
0.282217
0.358389
0.260996
0.343312
0.252694
0.268695
0.393048
0.319605
0.31532
0.273276
0.319649
0.398433
0.29451
0.307801
0.282213
0.313666
0.314999
0.331328
0.260771
0.334193
0.288385
0.377107
0.234339
0.281209
0.369664
0.295743
0.269308
0.252985
0.353711
0.333727
0.265825
0.413057
0.342634
0.307274
0.326844
0.363242
0.313753
0.258668
0.408823
0.412324
0.321394
0.298136
0.317019
0.285656
0.292728
0.337705
0.307602
0.303756
0.215976
0.296042
0.351667
0.30144
0.306055
0.225441
0.30433
0.328276
0.35497
0.239941
0.256155
0.361285
0.315424
0.343073
0.303765
0.336024
0.309056
0.259861
0.37318
0.26744
0.308356
0.281287
0.313755
0.24282
0.22871
0.296338
0.300804
0.275881
0.291038
0.283323
0.321285
0.253671
0.298707
0.295339
0.278613
0.341198
0.405587
0.250785
0.26223
0.267586
0.32881
0.320732
0.341409
0.411879
0.238228
0.276919
0.355155
0.45617
0.287017
0.412834
0.288906
0.344952
0.27717
0.333333
0.342653
0.28754
0.302134
0.314677
0.248067
0.267662
0.252181
0.342333
0.291725
0.294215
0.369125
0.326374
0.362701
0.299343
0.338782
0.382256
0.301976
0.288404
0.31697
0.290151
0.346058
0.247541
0.334795
0.278201
0.308616
0.328719
0.269316
0.350073
0.388786
0.344932
0.30558
0.310251
0.334208
0.278616
0.309888
0.456825
0.317136
0.304263
0.324672
0.330311
0.29173
0.338738
0.340187
0.313056
0.45985
0.359642
0.245627
0.35351
0.257394
0.284348
0.312396
0.238654
0.28462
0.305037
0.370044
0.325552
0.297778
0.250527
0.376677
0.279513
0.284064
0.277603
0.283627
0.505275
0.313833
0.30654
0.337918
0.297947
0.446237
0.333282
0.4125
0.287763
0.301871
0.336618
0.408627
0.295742
0.389505
0.254663
0.279011
0.276594
0.332006
0.312158
0.242049
0.308019
0.274533
0.364795
0.373108
0.304215
0.306927
0.345087
0.295907
0.334783
0.330348
0.302842
0.286444
0.31374
0.373483
0.32372
0.347396
0.324307
0.299681
0.27652
0.309426
0.350975
0.327202
0.29058
0.410784
0.344088
0.307415
0.294314
0.272451
0.298658
0.322698
0.309915
0.333964
0.338814
0.26835
0.26187
0.361375
0.286567
0.270309
0.292581
0.308494
0.29986
0.344419
0.339336
0.297083
0.322059
0.25721
0.249742
0.424626
0.264449
0.287759
0.314368
0.327315
0.289042
0.307773
0.340559
0.349801
0.38451
0.290677
0.350384
0.3229
0.260324
0.313363
0.333094
0.356604
0.283644
0.304727
0.255034
0.30506
0.259165
0.282853
0.249772
0.276809
0.272795
0.27872
0.372222
0.337155
0.304071
0.325199
0.312885
0.337048
0.338433
0.386798
0.261979
0.272288
0.287576
0.362667
0.353984
0.281524
0.281623
0.285429
0.230814
0.358852
0.306816
0.285243
0.274194
0.388756
0.276822
0.30498
0.284372
0.293345
0.344476
0.317823
0.342763
0.317677
0.273709
0.343705
0.283
0.30516
0.376012
0.306781
0.282294
0.309419
0.303442
0.262886
0.31584
0.288614
0.315336
0.273563
0.362674
0.316987
0.288437
0.273337
0.314194
0.305028
0.380839
0.313388
0.264666
0.359715
0.251852
0.321544
0.392764
0.349978
0.334444
0.324914
0.372552
0.326522
0.254069
0.403879
0.337523
0.342439
0.286647
0.339209
0.316228
0.273923
0.301345
0.314014
0.246429
0.295466
0.374002
0.352262
0.345485
0.338687
0.356756
0.297498
0.31717
0.308737
0.295955
0.329453
0.290143
0.273177
0.318717
0.256213
0.295827
0.274732
0.245707
0.261039
0.297896
0.328496
0.29659
0.27485
0.401432
0.264498
0.257112
0.274499
0.280334
0.371701
0.259445
0.317463
0.310128
0.333362
0.266006
0.281761
0.299316
0.338714
0.334749
0.364881
0.36795
0.310816
0.327273
0.283507
0.347047
0.263431
0.284601
0.280829
0.26196
0.298725
0.305054
0.321469
0.217061
0.342961
0.305104
0.31466
0.371377
0.332089
0.347754
0.302558
0.313403
0.309484
0.311097
0.390342
0.260198
0.29664
0.271149
0.29315
0.27805
0.29566
0.301271
0.351379
0.277811
0.3359
0.299695
0.364382
0.250705
0.276672
0.306311
0.398249
0.333653
0.26121
0.349952
0.246657
0.334655
0.335234
0.258987
0.360484
0.277606
0.341359
0.240947
0.286053
0.318267
0.352476
0.278459
0.341158
0.332221
0.329214
0.360154
0.270991
0.251363
0.320802
0.23066
0.347379
0.27923
0.34454
0.290851
0.293173
0.276635
0.305885
0.359824
0.356597
0.345252
0.249434
0.342158
0.315203
0.260796
0.262554
0.324375
0.301213
0.322507
0.302745
0.366726
0.28046
0.307768
0.34228
0.269971
0.347906
0.325529
0.29346
0.309589
0.354834
0.3018
0.260655
0.347183
0.255364
0.283003
0.324049
0.366935
0.283517
0.28115
0.280864
0.323272
0.258489
0.274529
0.325404
0.355891
0.290273
0.341928
0.306328
0.29772
0.387706
0.277463
0.272856
0.29833
0.337112
0.212884
0.290174
0.314891
0.350787
0.351857
0.339959
0.339103
0.426673
0.285213
0.308112
0.372633
0.390717
0.244658
0.234839
0.274581
0.306515
0.405797
0.408702
0.289451
0.334379
0.367328
0.308106
0.29066
0.34699
0.341923
0.334187
0.324281
0.368596
0.330293
0.303076
0.358556
0.314982
0.284364
0.33363
0.287996
0.340786
0.257264
0.34952
0.333223
0.313395
0.309902
0.236515
0.302072
0.280773
0.278816
0.376061
0.297911
0.292846
0.281562
0.292945
0.246895
0.386476
0.348902
0.368914
0.289398
0.276565
0.356496
0.328837
0.31801
0.282339
0.34719
0.3162
0.31076
0.281078
0.35106
0.323874
0.291561
0.307121
0.320854
0.309372
0.267598
0.324892
0.294162
0.322028
0.302911
0.313997
0.302819
0.330527
0.33586
0.351627
0.308213
0.288344
0.28911
0.283604
0.333813
0.276426
0.291766
0.303866
0.303702
0.322417
0.327048
0.219574
0.270775
0.299371
0.296761
0.27204
0.30022
0.322394
0.340333
0.366995
0.354449
0.329181
0.29233
0.233884
0.32889
0.42398
0.327364
0.362138
0.310158
0.379893
0.30448
0.253868
0.293953
0.280626
0.289663
0.362956
0.296515
0.364753
0.296886
0.346253
0.327477
0.296114
0.294427
0.226271
0.362087
0.305496
0.289793
0.354811
0.271192
0.249757
0.312346
0.296479
0.25369
0.327193
0.324235
0.418937
0.285305
0.3217
0.33107
0.244456
0.30564
0.278083
0.286983
0.297207
0.366362
0.356233
0.28448
0.275874
0.315768
0.354773
0.340352
0.305889
0.284574
0.319791
0.319441
0.281904
0.257779
0.28167
0.340999
0.352687
0.372627
0.321014
0.363741
0.297661
0.333386
0.266229
0.211204
0.330001
0.303377
0.325917
0.284918
0.26984
0.266332
0.298127
0.358357
0.377478
0.331401
0.324329
0.335347
0.328944
0.265814
0.355834
0.357119
0.305321
0.280418
0.299927
0.296518
0.286556
0.191694
0.278475
0.317281
0.312435
0.286128
0.311174
0.338084
0.347528
0.345961
0.332781
0.301741
0.267591
0.27392
0.307582
0.246863
0.294787
0.31588
0.282465
0.291994
0.387196
0.234709
0.326124
0.312937
0.288697
0.371399
0.281715
0.234677
0.320278
0.384315
0.363221
0.414157
0.320905
0.327109
0.3824
0.380094
0.269998
0.40041
0.341032
0.379023
0.338586
0.326604
0.355861
0.291099
0.349991
0.324426
0.423132
0.267497
0.304504
0.286594
0.355557
0.329475
0.268403
0.311656
0.349368
0.37616
0.256058
0.293892
0.260475
0.304532
0.279803
0.342081
0.28444
0.345611
0.262714
0.236731
0.312786
0.310547
0.352886
0.291695
0.315666
0.306353
0.358184
0.290957
0.247493
0.318572
0.284806
0.356029
0.319353
0.317978
0.296217
0.324609
0.39423
0.31719
0.336996
0.33159
0.309705
0.332919
0.308889
0.246587
0.324514
0.283531
0.263701
0.264541
0.382308
0.298334
0.25932
0.316298
0.405978
0.282953
0.319042
0.302102
0.340106
0.270466
0.336682
0.288677
0.263497
0.305382
0.239391
0.315434
0.281398
0.24319
0.348396
0.275659
0.367523
0.409297
0.353489
0.266907
0.313174
0.285339
0.323267
0.326549
0.256931
0.342862
0.381689
0.369277
0.33084
0.29126
0.397781
0.324613
0.363867
0.265453
0.322813
0.315574
0.394855
0.295104
0.290838
0.296463
0.247696
0.288697
0.280647
0.290793
0.306592
0.320458
0.268426
0.328844
0.322923
0.222904
0.306354
0.369031
0.324342
0.293202
0.32612
0.334563
0.356392
0.319678
0.363227
0.296835
0.322513
0.301116
0.322429
0.276997
0.342909
0.339142
0.305546
0.391053
0.407636
0.386718
0.303814
0.26838
0.334187
0.388984
0.301206
0.27691
0.318435
0.383935
0.333044
0.328383
0.277424
0.395962
0.365998
0.289303
0.402043
0.253115
0.279398
0.327556
0.289652
0.32687
0.341271
0.257585
0.26956
0.337632
0.249152
0.298693
0.348255
0.483632
0.3156
0.319965
0.216111
0.362801
0.29574
0.298669
0.290309
0.316908
0.274639
0.325687
0.362046
0.299634
0.311539
0.314726
0.280219
0.278525
0.266928
0.336575
0.294827
0.292543
0.356456
0.311282
0.361966
0.308569
0.249755
0.334901
0.314017
0.243762
0.333899
0.291261
0.285944
0.329654
0.298451
0.320529
0.356558
0.299594
0.295909
0.443636
0.321914
0.265477
0.254472
0.278935
0.307327
0.270205
0.290454
0.308296
0.3475
0.323348
0.243128
0.276764
0.307663
0.375508
0.335138
0.34379
0.324996
0.29827
0.374398
0.268555
0.325783
0.365237
0.345553
0.312037
0.286371
0.331935
0.319435
0.310864
0.379755
0.275646
0.324758
0.298577
0.247709
0.265028
0.347116
0.342122
0.282682
0.298431
0.259354
0.272198
0.294219
0.311407
0.313218
0.343534
0.302421
0.2868
0.331594
0.325006
0.243842
0.365392
0.349525
0.358499
0.270393
0.323151
0.358512
0.29614
0.234295
0.320199
0.299458
0.347843
0.312054
0.312723
0.298496
0.341748
0.42273
0.349765
0.285583
0.414164
0.200249
0.24374
0.332619
0.345638
0.223907
0.290941
0.327589
0.321694
0.32065
0.256997
0.273303
0.409268
0.312529
0.32059
0.35354
0.274236
0.298596
0.354338
0.28881
0.3042
0.287055
0.361683
0.260798
0.264455
0.358882
0.312862
0.288744
0.293115
0.397598
0.248546
0.328387
0.314419
0.279738
0.309778
0.282432
0.243178
0.309809
0.328144
0.360283
0.314757
0.350625
0.331941
0.332782
0.345249
0.415362
0.306225
0.356169
0.231788
0.292309
0.336012
0.313343
0.384288
0.355501
0.361313
0.295938
0.323554
0.354808
0.266958
0.288751
0.413554
0.310749
0.316375
0.329219
0.280707
0.32026
0.28014
0.348357
0.299963
0.299056
0.248324
0.305988
0.358122
0.289353
0.315073
0.335334
0.264362
0.322037
0.31056
0.347648
0.294034
0.318337
0.286943
0.343825
0.268503
0.307785
0.358817
0.280053
0.312238
0.361966
0.330307
0.345753
0.330352
0.346541
0.367675
0.277419
0.360357
0.346601
0.278161
0.309614
0.295722
0.26654
0.465051
0.340289
0.36947
0.330929
0.308847
0.228711
0.356799
0.248963
0.348993
0.390434
0.453862
0.330409
0.324828
0.299654
0.346589
0.271893
0.308396
0.235536
0.352983
0.307828
0.278257
0.352557
0.321302
0.354285
0.281223
0.294072
0.291869
0.267472
0.380724
0.31333
0.347679
0.328737
0.26002
0.3207
0.262881
0.336093
0.295774
0.323304
0.382538
0.264915
0.291589
0.324707
0.350604
0.313195
0.316511
0.291799
0.333756
0.307324
0.240804
0.265451
0.332248
0.296213
0.349428
0.324383
0.293031
0.430478
0.27914
0.307723
0.403382
0.496069
0.319574
0.338906
0.369375
0.375855
0.347362
0.266274
0.292379
0.330839
0.316263
0.418377
0.322518
0.301719
0.353561
0.332543
0.345912
0.280028
0.275221
0.318992
0.299407
0.300469
0.279752
0.254903
0.411588
0.419854
0.299775
0.32497
0.334874
0.352701
0.314202
0.345623
0.333633
0.346138
0.276347
0.340651
0.327277
0.349731
0.334906
0.323695
0.352573
0.225733
0.31368
0.364213
0.32169
0.293257
0.28737
0.282151
0.281831
0.309301
0.252468
0.257002
0.298128
0.373347
0.294055
0.179161
0.385522
0.338179
0.332217
0.362975
0.313337
0.34116
0.275592
0.291617
0.425293
0.29197
0.297531
0.362259
0.291039
0.352374
0.299212
0.333958
0.398702
0.34734
0.309579
0.328635
0.286256
0.230388
0.330443
0.258301
0.285822
0.339827
0.294526
0.305476
0.336553
0.327154
0.399021
0.29014
0.331211
0.323152
0.286127
0.279562
0.293663
0.317009
0.272099
0.340399
0.309335
0.26574
0.315237
0.32699
0.292873
0.312772
0.31925
0.307722
0.267969
0.252699
0.218308
0.369912
0.275848
0.307353
0.272686
0.290396
0.296221
0.369809
0.392025
0.292207
0.262143
0.231244
0.340186
0.36809
0.329398
0.285139
0.368452
0.282424
0.29891
0.324639
0.320956
0.404922
0.320832
0.278336
0.268987
0.320388
0.2584
0.263886
0.311682
0.288387
0.306032
0.407733
0.272161
0.336766
0.282186
0.250295
0.325926
0.339655
0.288049
0.298356
0.27714
0.330719
0.447053
0.249511
0.257791
0.348946
0.257465
0.28025
0.280621
0.299826
0.292956
0.303972
0.321945
0.304004
0.328798
0.309487
0.2862
0.309188
0.385384
0.259399
0.366335
0.281311
0.273871
0.364121
0.285647
0.335988
0.372397
0.346187
0.278953
0.314601
0.35617
0.284352
0.285252
0.317905
0.317159
0.253861
0.351713
0.261351
0.319345
0.36467
0.307928
0.307313
0.347268
0.309011
0.29873
0.355714
0.280067
0.30448
0.300546
0.274699
0.351959
0.271619
0.32284
0.352614
0.304039
0.3391
0.301014
0.323432
0.325082
0.262217
0.355438
0.395635
0.282448
0.319107
0.31604
0.334682
0.272031
0.271516
0.356384
0.267168
0.309023
0.334307
0.352995
0.307507
0.366416
0.315184
0.31996
0.309991
0.316764
0.380022
0.321853
0.301508
0.312916
0.276728
0.262368
0.33242
0.261186
0.328754
0.370532
0.287917
0.291502
0.276118
0.286928
0.292498
0.255613
0.3074
0.325644
0.319642
0.392555
0.353411
0.342079
0.288632
0.350718
0.208503
0.247235
0.337993
0.313187
0.389495
0.286064
0.277652
0.257733
0.287282
0.297723
0.373681
0.268575
0.266442
0.291547
0.276155
0.273358
0.328035
0.300728
0.336758
0.291317
0.336589
0.278535
0.287858
0.290993
0.29099
0.255877
0.194327
0.38074
0.340254
0.344186
0.345964
0.254049
0.291051
0.365487
0.307246
0.333565
0.355237
0.283336
0.351309
0.246767
0.312192
0.256989
0.306733
0.299406
0.310037
0.324681
0.29984
0.342243
0.285417
0.265927
0.349029
0.341812
0.377732
0.290883
0.280627
0.329233
0.328142
0.271391
0.386643
0.30767
0.370321
0.363376
0.261027
0.29529
0.351279
0.245824
0.321518
0.307616
0.31997
0.300714
0.333394
0.289237
0.24971
0.26427
0.288951
0.334372
0.358341
0.271147
0.348551
0.327459
0.33604
0.30791
0.331622
0.32674
0.376107
0.315833
0.315934
0.257475
0.308413
0.328863
0.346218
0.263958
0.245066
0.283853
0.284717
0.309709
0.373155
0.388726
0.238555
0.297326
0.265867
0.312264
0.251538
0.325621
0.316376
0.282876
0.326262
0.28546
0.316296
0.280385
0.278115
0.400311
0.345312
0.271192
0.323018
0.357556
0.291595
0.242198
0.25042
0.3341
0.302537
0.347642
0.301152
0.251479
0.27583
0.298431
0.278339
0.337633
0.323726
0.32102
0.2967
0.3354
0.301446
0.414035
0.330677
0.272478
0.193664
0.297886
0.336208
0.308394
0.325204
0.261774
0.323742
0.350635
0.30988
0.355836
0.319969
0.262164
0.292829
0.340057
0.317797
0.25158
0.276129
0.2606
0.294572
0.305013
0.398447
0.398977
0.384975
0.27619
0.323767
0.386622
0.288063
0.315545
0.272826
0.228838
0.274191
0.368931
0.300542
0.332429
0.29551
0.298423
0.288779
0.306736
0.334173
0.293192
0.321668
0.228889
0.345913
0.290713
0.338938
0.345639
0.342643
0.353797
0.325681
0.364396
0.412698
0.236859
0.299403
0.355161
0.261982
0.320441
0.318896
0.363464
0.31472
0.453274
0.267796
0.338627
0.259714
0.279902
0.331312
0.461958
0.27149
0.289142
0.3302
0.237479
0.359976
0.285199
0.361389
0.343062
0.314071
0.35263
0.30105
0.390353
0.289543
0.282476
0.270687
0.368595
0.288582
0.289271
0.343727
0.36535
0.39468
0.231003
0.294837
0.317198
0.259059
0.277192
0.281087
0.376787
0.28676
0.348487
0.332761
0.350307
0.274804
0.292788
0.288847
0.289346
0.311058
0.29939
0.291876
0.309271
0.375749
0.307777
0.268249
0.419076
0.306541
0.254223
0.261591
0.305734
0.302942
0.314798
0.289914
0.368923
0.273142
0.214508
0.300434
0.360736
0.270004
0.264618
0.331099
0.3304
0.295824
0.333073
0.335145
0.361137
0.322861
0.304233
0.259596
0.320333
0.269813
0.265543
0.280731
0.355283
0.242542
0.395707
0.344794
0.293143
0.34707
0.368833
0.231034
0.51912
0.332522
0.433117
0.299564
0.407579
0.305473
0.285091
0.273969
0.263194
0.290706
0.249036
0.322719
0.320829
0.271818
0.325553
0.307252
0.34451
0.308513
0.24355
0.305854
0.334387
0.331553
0.293049
0.34997
0.302946
0.230819
0.355002
0.344908
0.307393
0.31501
0.33628
0.327699
0.413877
0.284326
0.367988
0.279118
0.314616
0.326487
0.276117
0.290076
0.367102
0.27717
0.33606
0.286861
0.296459
0.294964
0.261413
0.358196
0.342734
0.298497
0.276439
0.318631
0.388622
0.27747
0.307442
0.267442
0.343689
0.289499
0.354325
0.385297
0.276142
0.138414
0.323844
0.501843
0.33952
0.334628
0.308932
0.310926
0.32329
0.294443
0.317111
0.402837
0.269509
0.251464
0.329922
0.262683
0.28683
0.336701
0.283311
0.236905
0.235608
0.268404
0.332656
0.276821
0.322886
0.345152
0.331234
0.3013
0.355333
0.24797
0.234963
0.289507
0.312333
0.254131
0.320468
0.297091
0.321504
0.31575
0.314497
0.294513
0.348997
0.166343
0.273973
0.345246
0.29906
0.315175
0.368782
0.271283
0.280925
0.359698
0.360566
0.315123
0.370611
0.285899
0.40581
0.329964
0.293108
0.275657
0.273873
0.274548
0.342026
0.259645
0.229096
0.335225
0.262401
0.291073
0.349304
0.351282
0.301424
0.381443
0.271136
0.316539
0.28542
0.290972
0.325118
0.334938
0.363385
0.293938
0.334598
0.312222
0.315121
0.327815
0.317603
0.327813
0.29784
0.260388
0.3169
0.23914
0.339104
0.323597
0.268214
0.273737
0.306018
0.318833
0.264825
0.283476
0.324307
0.336036
0.310697
0.333736
0.341674
0.412766
0.30188
0.280539
0.294095
0.292248
0.325745
0.320944
0.31963
0.355472
0.30305
0.352913
0.287236
0.335256
0.432868
0.340446
0.332111
0.325958
0.33218
0.319275
0.312887
0.342195
0.371592
0.335806
0.323951
0.309898
0.285062
0.335528
0.325696
0.275941
0.224169
0.283714
0.263817
0.313831
0.243305
0.298058
0.278852
0.32841
0.339113
0.35268
0.303271
0.278893
0.280769
0.30905
0.307524
0.255581
0.279494
0.281966
0.374236
0.34217
0.303945
0.280897
0.398384
0.254216
0.368492
0.313046
0.318141
0.364749
0.289366
0.342969
0.317908
0.366077
0.312794
0.2958
0.245332
0.304454
0.293832
0.328307
0.248155
0.243661
0.412668
0.36745
0.24665
0.207508
0.33996
0.352536
0.364712
0.209801
0.289488
0.288257
0.187798
0.299504
0.292643
0.273228
0.331291
0.283054
0.286678
0.30327
0.290159
0.283147
0.317731
0.408939
0.322016
0.291492
0.292013
0.336478
0.317795
0.410602
0.304964
0.387319
0.295038
0.287069
0.295237
0.336925
0.286951
0.331283
0.243464
0.341727
0.244848
0.323304
0.3345
0.293034
0.328655
0.399379
0.308877
0.28184
0.282055
0.321584
0.365534
0.271025
0.340312
0.306534
0.292968
0.249545
0.242943
0.308919
0.334843
0.359619
0.287343
0.389375
0.270546
0.235777
0.314337
0.276618
0.281554
0.410458
0.260914
0.298731
0.319951
0.338859
0.393419
0.29614
0.319305
0.316748
0.372141
0.335236
0.314643
0.352925
0.292933
0.322542
0.28234
0.285426
0.298611
0.297063
0.298004
0.281872
0.278233
0.327835
0.378325
0.324646
0.26319
0.314476
0.270604
0.326605
0.343614
0.302256
0.294721
0.435109
0.292144
0.266018
0.339279
0.332144
0.327145
0.319634
0.493907
0.313797
0.283217
0.275171
0.246204
0.347766
0.332491
0.260549
0.314407
0.305536
0.339876
0.39987
0.324837
0.314131
0.319922
0.292244
0.23058
0.333222
0.298886
0.250753
0.275062
0.301093
0.308387
0.319453
0.314551
0.304853
0.370109
0.347406
0.275755
0.357206
0.279172
0.300655
0.326074
0.347838
0.303939
0.322104
0.290289
0.205772
0.393213
0.303555
0.326682
0.237721
0.34357
0.352743
0.282386
0.282225
0.317819
0.352072
0.295198
0.296691
0.352083
0.309216
0.296943
0.260366
0.323612
0.271356
0.284903
0.27771
0.289239
0.312866
0.234928
0.296094
0.243135
0.443276
0.324021
0.289048
0.354221
0.287345
0.309213
0.385927
0.299342
0.321108
0.266756
0.275712
0.342814
0.31597
0.341549
0.230421
0.32245
0.297536
0.240554
0.276184
0.244619
0.355693
0.272439
0.284115
0.247664
0.357542
0.227518
0.333056
0.294007
0.364804
0.295746
0.297947
0.321983
0.348007
0.377311
0.299181
0.253674
0.397226
0.304982
0.364029
0.292624
0.281786
0.315648
0.288768
0.34313
0.301755
0.309009
0.33386
0.274497
0.379522
0.323495
0.251368
0.284732
0.304034
0.31784
0.285912
0.320817
0.366881
0.295873
0.3464
0.296357
0.335702
0.366729
0.293271
0.329989
0.307936
0.288062
0.411249
0.372824
0.383996
0.320236
0.36043
0.307214
0.290595
0.284769
0.347911
0.294876
0.287066
0.307166
0.31935
0.293359
0.295122
0.251319
0.27697
0.38435
0.361438
0.336616
0.250071
0.300179
0.342053
0.269317
0.325311
0.352355
0.359993
0.333388
0.286299
0.402816
0.319684
0.302933
0.291538
0.401849
0.4069
0.328359
0.40007
0.273407
0.26887
0.311257
0.278186
0.278371
0.284743
0.304499
0.294632
0.329256
0.309457
0.23187
0.336723
0.312135
0.352118
0.287141
0.273059
0.362502
0.306643
0.302702
0.303037
0.349073
0.374944
0.324713
0.330188
0.324732
0.332232
0.320953
0.35119
0.331152
0.356818
0.321101
0.329788
0.330293
0.392485
0.482521
0.337741
0.29446
0.426685
0.281628
0.390343
0.305804
0.282364
0.245654
0.308239
0.292022
0.274964
0.294937
0.369064
0.234233
0.253701
0.254805
0.296911
0.364916
0.307959
0.417292
0.287016
0.352613
0.28265
0.31158
0.295891
0.561976
0.283126
0.2876
0.321531
0.306225
0.312269
0.381542
0.330811
0.296421
0.312003
0.361269
0.267738
0.319634
0.401562
0.302845
0.377403
0.293491
0.50172
0.379273
0.228772
0.252906
0.320408
0.22888
0.254698
0.260846
0.267933
0.333667
0.33012
0.227286
0.27565
0.324638
0.318611
0.334815
0.345172
0.232845
0.228122
0.342418
0.265247
0.271648
0.262617
0.357641
0.292589
0.366032
0.321984
0.411426
0.305222
0.281866
0.252484
0.332474
0.354082
0.303751
0.323657
0.35227
0.283353
0.354505
0.274436
0.369775
0.283761
0.321221
0.347811
0.307024
0.25873
0.336142
0.374448
0.308499
0.293079
0.266251
0.308925
0.358434
0.330274
0.31347
0.291981
0.347734
0.312669
0.371562
0.29798
0.359578
0.28324
0.251655
0.310327
0.306534
0.313273
0.289675
0.32288
0.319575
0.298351
0.352386
0.320864
0.298216
0.24285
0.273886
0.336579
0.378933
0.430113
0.335811
0.317668
0.264619
0.325956
0.301256
0.282692
0.316708
0.322452
0.319814
0.290293
0.310648
0.366897
0.384472
0.278497
0.250121
0.260025
0.343295
0.304222
0.274944
0.354204
0.332825
0.318536
0.232256
0.319431
0.315645
0.385709
0.36395
0.366838
0.376006
0.285557
0.332377
0.29846
0.285787
0.313327
0.319021
0.314981
0.294581
0.266358
0.301219
0.260913
0.296989
0.317883
0.311226
0.313574
0.233729
0.314097
0.357387
0.310588
0.321661
0.256883
0.28941
0.360875
0.269828
0.314175
0.278963
0.315475
0.286445
0.325756
0.323716
0.269363
0.317192
0.335727
0.293046
0.314944
0.34696
0.331047
0.420232
0.377605
0.314309
0.290053
0.353832
0.267964
0.270828
0.279075
0.352501
0.291652
0.298889
0.243083
0.278533
0.298106
0.318312
0.328077
0.274529
0.346527
0.318853
0.296042
0.291851
0.324403
0.275121
0.369285
0.310119
0.325201
0.346819
0.308107
0.252494
0.355621
0.361043
0.32321
0.350329
0.290455
0.340831
0.247599
0.303816
0.37727
0.269281
0.263189
0.282505
0.320832
0.312475
0.30167
0.308837
0.261369
0.405814
0.406072
0.3045
0.280457
0.32983
0.269445
0.250966
0.29326
0.305639
0.299058
0.300078
0.288468
0.340002
0.303847
0.337992
0.317557
0.311496
0.309753
0.325589
0.298179
0.291706
0.36278
0.315647
0.290535
0.348013
0.318124
0.265953
0.338991
0.285779
0.281002
0.253678
0.284018
0.315098
0.331069
0.288682
0.28823
0.316577
0.306244
0.324334
0.3859
0.323975
0.387791
0.277945
0.325179
0.317455
0.423737
0.317195
0.369577
0.346219
0.25729
0.329467
0.284581
0.342436
0.301531
0.311358
0.262657
0.266147
0.318174
0.303945
0.288529
0.285314
0.359969
0.304654
0.328344
0.297101
0.279968
0.234383
0.298824
0.292931
0.27096
0.319498
0.29975
0.313146
0.261017
0.23758
0.363848
0.298038
0.282299
0.289293
0.317201
0.32512
0.339992
0.366165
0.346756
0.313789
0.288047
0.354805
0.32773
0.318219
0.286314
0.296367
0.333388
0.350112
0.284496
0.408167
0.311797
0.29836
0.318957
0.323127
0.348433
0.269256
0.310384
0.339811
0.385885
0.340933
0.292626
0.283437
0.329032
0.307847
0.394562
0.357124
0.295255
0.332593
0.331607
0.298803
0.335792
0.281099
0.305983
0.364162
0.304969
0.330257
0.274117
0.282872
0.298357
0.308564
0.33428
0.289778
0.448442
0.274614
0.321788
0.368263
0.289684
0.395338
0.370074
0.23578
0.268298
0.281375
0.289001
0.340095
0.268107
0.281354
0.352477
0.389514
0.240643
0.410204
0.26298
0.358067
0.34105
0.34285
0.275835
0.278672
0.359765
0.336098
0.301691
0.28756
0.292715
0.252977
0.330648
0.296973
0.400276
0.301619
0.284475
0.325774
0.346699
0.297217
0.377133
0.236207
0.266474
0.346227
0.244867
0.267991
0.361502
0.296003
0.387104
0.311293
0.334606
0.306531
0.30011
0.270945
0.223713
0.274689
0.312065
0.237912
0.266806
0.28016
0.42063
0.367606
0.261407
0.349709
0.3118
0.277412
0.258759
0.280668
0.320133
0.305171
0.32528
0.327051
0.327809
0.301494
0.319238
0.30182
0.346224
0.352152
0.294681
0.228906
0.314975
0.370546
0.393067
0.305673
0.270795
0.314269
0.329034
0.373235
0.26538
0.324097
0.310816
0.30993
0.294748
0.301323
0.296056
0.263338
0.302436
0.402303
0.335324
0.320911
0.248212
0.296851
0.31382
0.294645
0.319432
0.240269
0.281113
0.358986
0.298925
0.308455
0.277758
0.300383
0.207612
0.269849
0.302971
0.308676
0.25738
0.300728
0.275292
0.281646
0.276486
0.384512
0.245376
0.344368
0.450536
0.283987
0.278372
0.294777
0.274773
0.248408
0.281561
0.371841
0.467522
0.236605
0.261782
0.274964
0.261099
0.335661
0.308574
0.351502
0.275811
0.325388
0.299801
0.327977
0.323532
0.295229
0.292208
0.382752
0.304899
0.271117
0.304704
0.294804
0.33742
0.300321
0.247302
0.287646
0.279143
0.301614
0.280273
0.302994
0.296543
0.300101
0.341433
0.299312
0.315851
0.29269
0.355978
0.332411
0.270771
0.366637
0.311312
0.321149
0.301967
0.320937
0.24113
0.278521
0.264482
0.376263
0.342855
0.292476
0.280032
0.257216
0.326596
0.344544
0.293806
0.251022
0.32236
0.300303
0.3162
0.307094
0.299743
0.358972
0.373056
0.293984
0.280673
0.296247
0.218965
0.305139
0.454035
0.339955
0.309616
0.386698
0.336581
0.302558
0.333163
0.354609
0.317771
0.299722
0.311411
0.231347
0.310559
0.308518
0.318903
0.293953
0.368523
0.271
0.249025
0.286462
0.443403
0.293046
0.378055
0.293624
0.337319
0.343068
0.287828
0.331561
0.3295
0.283846
0.322239
0.301497
0.287
0.286314
0.304914
0.300412
0.254615
0.322109
0.270767
0.345328
0.286433
0.346168
0.363063
0.28532
0.304848
0.315403
0.257013
0.28892
0.32304
0.29807
0.291968
0.329639
0.363404
0.33086
0.253645
0.336872
0.375165
0.285174
0.32698
0.306829
0.374432
0.269865
0.295938
0.326729
0.327857
0.318375
0.241437
0.309713
0.394981
0.316624
0.282336
0.305214
0.322153
0.271565
0.282548
0.394408
0.247114
0.316082
0.426901
0.338675
0.370398
0.256641
0.299753
0.321005
0.334878
0.329588
0.290583
0.31429
0.329894
0.356688
0.2606
0.36052
0.282459
0.244552
0.311206
0.293271
0.346058
0.312942
0.266506
0.287028
0.299812
0.292698
0.279709
0.327167
0.415111
0.324368
0.267959
0.288044
0.378139
0.383388
0.306907
0.331369
0.284909
0.212827
0.29179
0.283654
0.307832
0.265142
0.264609
0.350074
0.284274
0.330817
0.305308
0.293599
0.27379
0.289101
0.326004
0.265326
0.321281
0.347938
0.246989
0.30348
0.331181
0.316383
0.305593
0.288647
0.274447
0.322507
0.359671
0.286574
0.300032
0.350557
0.269607
0.26581
0.300325
0.433022
0.319027
0.318739
0.31888
0.288543
0.35174
0.315565
0.355643
0.319053
0.342362
0.27912
0.308838
0.264541
0.315474
0.309372
0.340338
0.268578
0.251231
0.315597
0.264236
0.35423
0.294113
0.334402
0.303378
0.31112
0.25867
0.303951
0.322035
0.313941
0.38608
0.295762
0.378432
0.347512
0.340514
0.359553
0.269851
0.314189
0.280974
0.340751
0.372635
0.293075
0.252783
0.312133
0.316082
0.3192
0.299069
0.329537
0.30471
0.322544
0.448938
0.278117
0.301318
0.306544
0.28286
0.240688
0.283104
0.272572
0.265055
0.301264
0.406623
0.287263
0.350015
0.291166
0.3609
0.300792
0.313138
0.316854
0.279458
0.348388
0.315773
0.237943
0.333508
0.25234
0.292975
0.332336
0.310615
0.31452
0.441262
0.28774
0.392556
0.293765
0.249332
0.270134
0.240217
0.279331
0.331077
0.277935
0.341162
0.29951
0.28166
0.299234
0.288802
0.251738
0.333079
0.300653
0.24212
0.274366
0.302161
0.295395
0.320455
0.286401
0.331488
0.310834
0.40228
0.336797
0.322144
0.299364
0.211378
0.436476
0.257217
0.322593
0.291539
0.283304
0.353002
0.430375
0.449162
0.364192
0.280904
0.297718
0.27915
0.316177
0.309685
0.328543
0.331304
0.345126
0.315433
0.303688
0.279272
0.241032
0.290652
0.341019
0.358725
0.401445
0.326693
0.361233
0.32496
0.288685
0.297174
0.304205
0.328196
0.252461
0.241867
0.3971
0.347244
0.383244
0.29308
0.329425
0.297915
0.384925
0.323428
0.326648
0.269321
0.349878
0.325421
0.237027
0.263777
0.393219
0.228109
0.326398
0.318454
0.414948
0.329314
0.34353
0.420246
0.308439
0.312096
0.326439
0.294628
0.373141
0.27199
0.294511
0.326954
0.277616
0.268823
0.405778
0.288268
0.304961
0.294167
0.289127
0.354404
0.260424
0.307253
0.263913
0.390348
0.315939
0.345746
0.282918
0.339951
0.291097
0.436175
0.337906
0.369221
0.38412
0.32716
0.366405
0.266743
0.326689
0.300522
0.322122
0.275802
0.326624
0.306533
0.30502
0.302608
0.336255
0.302656
0.310614
0.319837
0.318688
0.369577
0.291925
0.290623
0.338247
0.327993
0.415582
0.259237
0.389959
0.274746
0.311478
0.352288
0.277989
0.319141
0.274035
0.312207
0.257801
0.262048
0.303026
0.386623
0.335281
0.297008
0.2543
0.295196
0.261622
0.262124
0.287321
0.324921
0.277874
0.256518
0.314821
0.239784
0.312876
0.316374
0.222533
0.304071
0.369399
0.311718
0.403213
0.329748
0.366869
0.274665
0.383904
0.339243
0.296011
0.341763
0.279777
0.350687
0.349996
0.293356
0.314366
0.294557
0.39029
0.409251
0.359357
0.282985
0.362042
0.268744
0.2536
0.274829
0.35832
0.336389
0.324564
0.256094
0.297382
0.329717
0.277671
0.395246
0.265274
0.313725
0.29174
0.336508
0.250203
0.242246
0.287734
0.277799
0.333386
0.286377
0.331864
0.298271
0.269633
0.289895
0.317564
0.352296
0.255956
0.357876
0.337377
0.287328
0.273614
0.316272
0.245881
0.30401
0.403385
0.326322
0.282831
0.307779
0.433239
0.334817
0.294975
0.374913
0.252697
0.331721
0.270692
0.322623
0.290978
0.315094
0.255817
0.258371
0.37174
0.293067
0.269754
0.328898
0.324094
0.374299
0.340465
0.30848
0.289806
0.302555
0.279695
0.335235
0.320646
0.315803
0.320183
0.307713
0.263424
0.276967
0.295067
0.36749
0.307273
0.265592
0.304463
0.359534
0.300897
0.464673
0.270827
0.286193
0.396728
0.256219
0.277643
0.302386
0.273264
0.249028
0.321915
0.340228
0.357928
0.341138
0.321725
0.352148
0.251049
0.311453
0.332578
0.223507
0.29713
0.378529
0.274671
0.320473
0.295112
0.329163
0.325564
0.335749
0.344718
0.284882
0.301444
0.325805
0.408113
0.304049
0.321987
0.248266
0.299076
0.256573
0.329908
0.289595
0.284572
0.295075
0.273473
0.326375
0.353457
0.294663
0.290279
0.288702
0.318209
0.253854
0.29445
0.275427
0.328716
0.276355
0.305416
0.313537
0.346517
0.297692
0.322061
0.293363
0.325453
0.290777
0.311647
0.287216
0.318298
0.281108
0.294885
0.3916
0.335019
0.34474
0.248163
0.281894
0.342454
0.282993
0.238564
0.307384
0.310542
0.343904
0.489758
0.280729
0.316164
0.313959
0.268289
0.305602
0.262844
0.275243
0.313707
0.283853
0.309726
0.381347
0.316087
0.335131
0.256632
0.309508
0.323479
0.324563
0.299362
0.32175
0.342774
0.345783
0.275786
0.302717
0.318636
0.334905
0.295726
0.310452
0.393578
0.313056
0.278065
0.360429
0.268366
0.259177
0.313355
0.304551
0.29904
0.298807
0.249069
0.306033
0.285373
0.298716
0.362167
0.270036
0.25029
0.359584
0.280265
0.334849
0.279317
0.309418
0.423747
0.255399
0.354057
0.258786
0.347915
0.231545
0.291039
0.287607
0.383796
0.290443
0.305492
0.308154
0.304344
0.293724
0.475184
0.337549
0.367173
0.294812
0.282801
0.337303
0.317968
0.271891
0.292264
0.292141
0.292788
0.368326
0.374746
0.32691
0.258465
0.271502
0.310296
0.271768
0.270339
0.443678
0.248731
0.328239
0.330877
0.284648
0.269632
0.270486
0.288692
0.265735
0.236216
0.308363
0.269793
0.305768
0.3241
0.288882
0.264864
0.371254
0.26337
0.243124
0.343924
0.321432
0.283537
0.241518
0.299847
0.320638
0.319274
0.300128
0.346779
0.22228
0.273632
0.368224
0.301206
0.263652
0.295892
0.343105
0.302712
0.310611
0.331892
0.303475
0.245398
0.291398
0.283384
0.280569
0.264694
0.304535
0.281936
0.305105
0.295604
0.307753
0.279023
0.347849
0.302048
0.26788
0.342946
0.305255
0.275619
0.279511
0.336389
0.373326
0.272798
0.299206
0.297104
0.281359
0.356589
0.260222
0.30926
0.304454
0.312744
0.345998
0.362815
0.315201
0.331921
0.317737
0.213274
0.385066
0.318891
0.356258
0.429951
0.274526
0.363084
0.313094
0.278737
0.325037
0.333648
0.362212
0.365902
0.306302
0.292179
0.308895
0.282189
0.273357
0.307074
0.289668
0.277639
0.296024
0.317209
0.27842
0.386312
0.323692
0.339906
0.324605
0.341726
0.278753
0.283197
0.316104
0.29386
0.300008
0.313794
0.282035
0.329851
0.287098
0.299289
0.271931
0.362764
0.278767
0.313494
0.289592
0.349487
0.323837
0.276534
0.339341
0.348721
0.280806
0.331389
0.330898
0.265784
0.263306
0.261272
0.299249
0.338299
0.350921
0.290527
0.271306
0.361366
0.294295
0.316949
0.216409
0.345109
0.358708
0.247432
0.332351
0.348763
0.244706
0.376852
0.273578
0.324001
0.372006
0.31179
0.262728
0.329825
0.28676
0.244159
0.258595
0.400555
0.431116
0.342085
0.31376
0.263195
0.33933
0.294152
0.288077
0.408674
0.393346
0.416241
0.284836
0.302986
0.247347
0.278767
0.260424
0.352481
0.291403
0.369013
0.290701
0.315545
0.298702
0.416202
0.340162
0.352875
0.288496
0.295832
0.376416
0.232099
0.357414
0.277353
0.340699
0.262616
0.320528
0.270919
0.29208
0.313951
0.331461
0.323812
0.245885
0.261171
0.265287
0.305049
0.257449
0.305018
0.281989
0.444454
0.274069
0.406227
0.293094
0.280018
0.293101
0.472014
0.341813
0.312062
0.280414
0.37971
0.282755
0.336319
0.342705
0.358601
0.208561
0.399743
0.330225
0.28455
0.325644
0.321329
0.353892
0.315452
0.288801
0.365186
0.278791
0.334486
0.256412
0.394881
0.285631
0.312957
0.313064
0.31725
0.295661
0.346897
0.339185
0.30171
0.251039
0.380337
0.269219
0.31685
0.286503
0.344934
0.319608
0.273243
0.275587
0.343792
0.304249
0.378302
0.260605
0.347597
0.355651
0.26766
0.26027
0.286135
0.264175
0.376308
0.30176
0.291903
0.297385
0.284953
0.342906
0.328412
0.350507
0.283206
0.290651
0.325283
0.365215
0.354201
0.297228
0.301246
0.315401
0.286654
0.233474
0.268626
0.27873
0.427028
0.412191
0.302254
0.339355
0.348954
0.293591
0.305435
0.301708
0.299394
0.297935
0.260958
0.303462
0.276558
0.371064
0.285108
0.307996
0.256747
0.300189
0.346825
0.37908
0.281287
0.323652
0.307076
0.373673
0.307751
0.342095
0.368305
0.270987
0.292182
0.350783
0.270149
0.335438
0.335322
0.318796
0.372293
0.301582
0.322458
0.282147
0.293962
0.322488
0.282509
0.32558
0.328059
0.260196
0.344193
0.268517
0.356756
0.330408
0.298521
0.287012
0.284037
0.284406
0.345061
0.333786
0.313419
0.283771
0.414957
0.272011
0.317468
0.258541
0.354107
0.35082
0.275514
0.337367
0.391173
0.269991
0.297946
0.293364
0.364513
0.304606
0.336188
0.278037
0.274963
0.297152
0.303955
0.415371
0.365049
0.2784
0.274438
0.384907
0.330207
0.322942
0.251016
0.273721
0.311798
0.341411
0.344139
0.309727
0.281557
0.352825
0.297896
0.304967
0.26211
0.319379
0.283064
0.278251
0.329586
0.311458
0.34303
0.323733
0.264723
0.279139
0.329363
0.298763
0.401025
0.31722
0.281751
0.387244
0.380383
0.303507
0.320463
0.354177
0.299276
0.312273
0.300134
0.29734
0.446786
0.317879
0.298754
0.301147
0.315358
0.267841
0.277722
0.476479
0.416567
0.318648
0.300234
0.474985
0.243344
0.333615
0.275524
0.297333
0.283575
0.269946
0.372434
0.368443
0.264827
0.352026
0.339636
0.306861
0.302657
0.263264
0.271348
0.343088
0.38427
0.245749
0.305114
0.283826
0.344242
0.271225
0.287343
0.261784
0.278146
0.330666
0.257645
0.294715
0.266424
0.244397
0.25307
0.269086
0.374155
0.349477
0.260765
0.22622
0.279549
0.325247
0.297834
0.255818
0.239152
0.420149
0.327501
0.310644
0.38368
0.309301
0.376408
0.30536
0.280527
0.343262
0.288006
0.369102
0.362055
0.297541
0.366389
0.419843
0.373306
0.258288
0.382115
0.308166
0.36434
0.326833
0.339531
0.287252
0.304596
0.244038
0.308789
0.300768
0.368453
0.278594
0.304666
0.296433
0.514259
0.32954
0.264054
0.331273
0.310869
0.356064
0.317221
0.301985
0.299733
0.265947
0.275703
0.334844
0.332198
0.303018
0.274873
0.323308
0.262416
0.389311
0.329579
0.344173
0.265848
0.312655
0.316167
0.362363
0.206812
0.260431
0.307452
0.313112
0.262482
0.296381
0.323437
0.283756
0.287225
0.328894
0.347442
0.304653
0.231189
0.311109
0.185837
0.339428
0.257325
0.263603
0.299193
0.294227
0.280374
0.285484
0.238903
0.229021
0.30332
0.285503
0.281992
0.313466
0.327287
0.340806
0.291888
0.395155
0.31114
0.32267
0.376452
0.32145
0.30058
0.290142
0.338583
0.282117
0.349291
0.260539
0.347695
0.373204
0.285135
0.37701
0.298354
0.273751
0.394715
0.330912
0.295911
0.31051
0.231398
0.348519
0.293077
0.406492
0.234884
0.336651
0.311101
0.38036
0.330387
0.314199
0.294332
0.292352
0.294188
0.234923
0.331177
0.362163
0.415398
0.263173
0.351356
0.353424
0.323374
0.335367
0.35302
0.232522
0.278006
0.298239
0.305283
0.240309
0.251286
0.319292
0.44164
0.257994
0.32923
0.297024
0.258042
0.344291
0.285976
0.282543
0.333742
0.270308
0.259337
0.269757
0.247204
0.344969
0.292451
0.308673
0.286049
0.328212
0.288582
0.33161
0.301755
0.319135
0.319247
0.309746
0.273354
0.264149
0.265643
0.249191
0.389253
0.318227
0.320482
0.277076
0.314699
0.304565
0.273006
0.280792
0.31081
0.357687
0.400937
0.312487
0.257764
0.351619
0.312898
0.270559
0.28896
0.27729
0.332546
0.27575
0.328513
0.311981
0.292483
0.353013
0.271922
0.29167
0.286272
0.25885
0.277635
0.330628
0.274424
0.346141
0.331382
0.319942
0.233658
0.284017
0.386275
0.197401
0.312947
0.312142
0.291251
0.373517
0.318092
0.412168
0.301047
0.268101
0.342223
0.329554
0.31815
0.352361
0.265938
0.298972
0.265104
0.284927
0.328813
0.412473
0.36511
0.238607
0.310018
0.245786
0.258822
0.259617
0.314274
0.275507
0.25088
0.293187
0.30837
0.293151
0.301716
0.286054
0.321866
0.259491
0.3034
0.249842
0.29633
0.243695
0.367129
0.310895
0.275293
0.329318
0.327286
0.288986
0.292897
0.338435
0.306766
0.334825
0.303261
0.254187
0.353944
0.25418
0.405212
0.274477
0.322288
0.402529
0.309814
0.318289
0.254248
0.351784
0.352421
0.288739
0.373801
0.346654
0.361688
0.269427
0.349573
0.30059
0.344541
0.221373
0.40654
0.289479
0.279937
0.369351
0.317359
0.300479
0.297571
0.326629
0.284651
0.241796
0.367609
0.356949
0.258182
0.374306
0.39284
0.339662
0.345865
0.376325
0.312556
0.322175
0.355419
0.367771
0.37124
0.346251
0.349499
0.274356
0.227341
0.346187
0.410223
0.316895
0.301675
0.225055
0.314776
0.294634
0.270526
0.286612
0.285396
0.297658
0.309132
0.33544
0.357564
0.333919
0.355987
0.313855
0.369835
0.27868
0.36699
0.306295
0.258442
0.265764
0.288512
0.295213
0.335308
0.305014
0.320908
0.329362
0.390095
0.295461
0.276812
0.267016
0.304225
0.322662
0.340583
0.319277
0.357801
0.259202
0.281981
0.301847
0.341705
0.286746
0.295289
0.398328
0.366914
0.244809
0.329414
0.283165
0.332803
0.307362
0.278525
0.350068
0.293584
0.314614
0.31711
0.333577
0.342162
0.352788
0.291469
0.341981
0.326791
0.299904
0.282921
0.325795
0.305926
0.274464
0.302456
0.437201
0.275852
0.294044
0.295528
0.250021
0.281911
0.339193
0.310098
0.353506
0.295736
0.376128
0.316542
0.273014
0.37879
0.295549
0.279955
0.38642
0.337424
0.318211
0.282302
0.294051
0.383318
0.316177
0.209482
0.268094
0.322258
0.274478
0.280335
0.366269
0.251931
0.248659
0.274091
0.298704
0.314665
0.312006
0.370985
0.270244
0.341479
0.260379
0.518555
0.33103
0.320823
0.219421
0.348187
0.397244
0.298192
0.317994
0.258505
0.368657
0.381725
0.339946
0.362165
0.333763
0.448131
0.312344
0.291398
0.38387
0.2955
0.33309
0.333688
0.286969
0.274377
0.311008
0.360818
0.337367
0.222505
0.319655
0.375356
0.29598
0.32243
0.262648
0.313136
0.271937
0.246399
0.345697
0.280778
0.315847
0.320251
0.353685
0.318998
0.305886
0.301808
0.331086
0.32328
0.263889
0.288677
0.273045
0.318299
0.321065
0.326502
0.32163
0.27838
0.239985
0.353549
0.353716
0.272791
0.307853
0.24703
0.241151
0.302646
0.289444
0.412858
0.347271
0.333223
0.357758
0.378124
0.314713
0.323109
0.364598
0.275099
0.29936
0.240715
0.284171
0.319542
0.298227
0.359983
0.271776
0.311307
0.272473
0.319775
0.348011
0.274181
0.303049
0.322991
0.317727
0.281205
0.4186
0.359948
0.328687
0.335859
0.285567
0.328977
0.248415
0.259137
0.397268
0.299195
0.272772
0.35618
0.331497
0.374783
0.286351
0.330215
0.349267
0.316293
0.280722
0.385109
0.26514
0.335143
0.286622
0.308458
0.309213
0.400096
0.308426
0.3309
0.378195
0.289973
0.351156
0.336888
0.328641
0.347114
0.327037
0.285157
0.289308
0.303915
0.311685
0.323713
0.307432
0.386282
0.339621
0.276113
0.330724
0.262212
0.333465
0.295715
0.300403
0.340991
0.302344
0.262983
0.308669
0.301556
0.43047
0.292408
0.262179
0.243289
0.31802
0.274188
0.423754
0.331243
0.293272
0.278518
0.359572
0.347915
0.258503
0.300328
0.313079
0.346443
0.289119
0.319119
0.28856
0.370312
0.317339
0.236252
0.341661
0.299444
0.26542
0.296972
0.342966
0.255586
0.302679
0.292683
0.329483
0.323482
0.32301
0.204153
0.299497
0.372433
0.277687
0.32026
0.311447
0.284437
0.279566
0.475967
0.346606
0.327613
0.313803
0.331906
0.252853
0.27237
0.306069
0.259189
0.291138
0.27589
0.352613
0.365591
0.297821
0.236167
0.291426
0.305191
0.334775
0.246972
0.242125
0.312939
0.305171
0.310118
0.297815
0.327946
0.345183
0.273395
0.293049
0.352127
0.295313
0.279114
0.323164
0.24293
0.303045
0.31031
0.366488
0.260905
0.289963
0.31999
0.290768
0.289796
0.268123
0.355685
0.262275
0.278052
0.339573
0.370622
0.251467
0.328495
0.31739
0.316645
0.331374
0.304967
0.325298
0.384924
0.278342
0.459885
0.278609
0.235571
0.33317
0.298201
0.278257
0.294814
0.301446
0.312466
0.304718
0.533309
0.335351
0.282102
0.302787
0.300905
0.213576
0.227164
0.308431
0.324836
0.348786
0.299267
0.458259
0.346263
0.41263
0.248421
0.344327
0.325004
0.327891
0.290335
0.290745
0.348748
0.309921
0.264414
0.306017
0.357283
0.294402
0.343716
0.304039
0.349609
0.32874
0.249701
0.298842
0.335236
0.272622
0.333844
0.275466
0.243917
0.237954
0.302479
0.29176
0.304266
0.334053
0.253207
0.299407
0.230798
0.2713
0.315056
0.287839
0.324861
0.290165
0.321449
0.275603
0.307925
0.328768
0.284706
0.383335
0.215833
0.26414
0.293771
0.304133
0.303493
0.331586
0.272268
0.380059
0.261642
0.285872
0.303111
0.304401
0.340205
0.262901
0.261925
0.331236
0.259299
0.320872
0.329955
0.298492
0.305249
0.325464
0.321368
0.44328
0.33469
0.289009
0.303738
0.351942
0.333097
0.295306
0.370342
0.333413
0.325165
0.329178
0.356927
0.35549
0.239357
0.355465
0.26493
0.294394
0.322711
0.352787
0.344476
0.310132
0.239794
0.323858
0.332941
0.302699
0.321459
0.274982
0.353471
0.341815
0.304516
0.261049
0.335496
0.304134
0.279596
0.345989
0.30585
0.291657
0.335
0.287508
0.21214
0.285004
0.322005
0.317988
0.293712
0.346825
0.297503
0.271794
0.265555
0.383694
0.379332
0.401384
0.376243
0.265232
0.376369
0.328238
0.341965
0.291683
0.258421
0.27323
0.30537
0.324082
0.336565
0.280483
0.340227
0.348742
0.326371
0.327271
0.312524
0.301863
0.35748
0.325181
0.254655
0.371045
0.296954
0.296073
0.282928
0.31144
0.296766
0.300939
0.307765
0.372204
0.353152
0.268077
0.317111
0.344818
0.261351
0.298271
0.260908
0.38504
0.286572
0.296291
0.329246
0.273233
0.323669
0.329048
0.277147
0.358944
0.362391
0.296277
0.335224
0.286826
0.300645
0.290337
0.327642
0.365573
0.289991
0.228275
0.296569
0.293563
0.28173
0.282511
0.266702
0.310053
0.366534
0.269581
0.301509
0.290743
0.432667
0.320004
0.334564
0.300299
0.30974
0.373147
0.330428
0.297143
0.285015
0.298813
0.280956
0.312912
0.299221
0.283389
0.348247
0.288927
0.288694
0.311617
0.326378
0.367941
0.269422
0.2729
0.266086
0.327122
0.204718
0.302766
0.406406
0.250451
0.339409
0.290069
0.306981
0.34726
0.370155
0.317447
0.233537
0.278124
0.35057
0.342291
0.36148
0.258874
0.337249
0.321443
0.272276
0.302896
0.371523
0.327367
0.44081
0.348091
0.295423
0.309749
0.316534
0.262043
0.344634
0.275417
0.261454
0.290173
0.279083
0.303244
0.291634
0.34669
0.360708
0.325027
0.265884
0.237351
0.270228
0.261238
0.230208
0.370688
0.300218
0.347622
0.346925
0.301204
0.338533
0.36907
0.30521
0.331376
0.375826
0.312894
0.30526
0.300649
0.249982
0.301015
0.370576
0.266619
0.272166
0.233399
0.301657
0.338186
0.355127
0.363865
0.298369
0.26882
0.308428
0.298961
0.32848
0.426722
0.278771
0.302843
0.441416
0.276
0.292564
0.259414
0.337252
0.349502
0.302088
0.352515
0.330398
0.273362
0.294589
0.332287
0.290194
0.322986
0.285131
0.383816
0.314602
0.253519
0.295798
0.278198
0.282952
0.337985
0.267054
0.239873
0.314793
0.352054
0.292144
0.319725
0.376917
0.375831
0.358558
0.340301
0.293606
0.278139
0.273142
0.333333
0.293522
0.311155
0.287573
0.284464
0.312273
0.346003
0.305002
0.285456
0.324748
0.267043
0.357564
0.352788
0.35189
0.294718
0.391454
0.370033
0.259407
0.351121
0.348455
0.318475
0.309984
0.328669
0.343356
0.313849
0.294564
0.269677
0.389654
0.296096
0.348967
0.312608
0.280563
0.309711
0.341694
0.313911
0.306526
0.387577
0.330741
0.414688
0.364265
0.331784
0.268094
0.272261
0.358072
0.357064
0.265101
0.36813
0.384303
0.31887
0.333077
0.299158
0.313254
0.404408
0.308674
0.306009
0.343551
0.29707
0.332434
0.329312
0.266404
0.274652
0.376108
0.322366
0.279801
0.333173
0.262982
0.318698
0.406559
0.313095
0.279533
0.30345
0.336563
0.263393
0.372767
0.34423
0.378506
0.241106
0.26066
0.28071
0.300711
0.379545
0.271684
0.330405
0.299496
0.264507
0.290295
0.383601
0.366079
0.357174
0.308567
0.341499
0.329909
0.253761
0.277107
0.335195
0.312149
0.31671
0.300995
0.353743
0.286597
0.320596
0.4321
0.273318
0.315243
0.246151
0.26628
0.422472
0.305934
0.277017
0.364251
0.258862
0.34742
0.35614
0.317618
0.279052
0.29314
0.339905
0.279899
0.367088
0.271728
0.263618
0.270852
0.246533
0.307574
0.309516
0.349764
0.273591
0.340854
0.276882
0.295224
0.292101
0.321008
0.268378
0.368044
0.408542
0.367678
0.299187
0.265915
0.347253
0.33651
0.355718
0.304723
0.25665
0.310252
0.315297
0.293631
0.311748
0.292918
0.273074
0.359421
0.281365
0.280069
0.345255
0.321578
0.271394
0.293669
0.30573
0.274101
0.343856
0.25691
0.301602
0.324942
0.302075
0.330937
0.367309
0.300453
0.351353
0.347004
0.319762
0.395622
0.367104
0.311571
0.340431
0.455053
0.362643
0.241207
0.357113
0.300776
0.318008
0.273274
0.285388
0.295111
0.235228
0.295412
0.263694
0.299403
0.322655
0.274764
0.317536
0.386822
0.350085
0.287057
0.31135
0.328532
0.316427
0.311544
0.361166
0.329342
0.301013
0.2997
0.298087
0.312773
0.289628
0.331528
0.303741
0.370103
0.3246
0.345035
0.26637
0.303571
0.373437
0.227955
0.35029
0.299128
0.30189
0.338169
0.303781
0.298836
0.312448
0.292855
0.29111
0.305172
0.311796
0.291488
0.307904
0.312598
0.345853
0.325655
0.37543
0.311971
0.324769
0.451284
0.341802
0.384812
0.298547
0.274928
0.282385
0.294744
0.290865
0.268879
0.270594
0.311803
0.324582
0.321228
0.312107
0.251654
0.457021
0.333982
0.351551
0.415278
0.318185
0.365858
0.308273
0.379289
0.353647
0.287356
0.359072
0.35435
0.267541
0.344052
0.366735
0.298961
0.31932
0.405033
0.25182
0.280109
0.189939
0.436361
0.413444
0.313594
0.278648
0.324038
0.303078
0.24945
0.267672
0.296147
0.365562
0.434536
0.332844
0.305164
0.329767
0.328213
0.320971
0.398241
0.328303
0.347894
0.377597
0.305753
0.325427
0.267789
0.316311
0.4001
0.28469
0.34417
0.344097
0.298008
0.263818
0.399258
0.287233
0.25657
0.293749
0.31262
0.302171
0.352783
0.370822
0.27375
0.301205
0.279895
0.397498
0.311863
0.427932
0.302295
0.334772
0.338106
0.3208
0.308237
0.315327
0.277353
0.278542
0.250828
0.26816
0.313777
0.328606
0.320716
0.281764
0.377014
0.340177
0.259206
0.322534
0.291457
0.316816
0.368784
0.288486
0.29041
0.316479
0.345617
0.314009
0.291854
0.361798
0.308641
0.307466
0.336154
0.369835
0.38444
0.3197
0.256415
0.292086
0.376873
0.323922
0.23705
0.291997
0.387882
0.284086
0.279457
0.339485
0.275566
0.306288
0.322024
0.35814
0.303209
0.285311
0.325204
0.256758
0.378953
0.273182
0.325214
0.280524
0.294104
0.310708
0.29881
0.27648
0.306162
0.287966
0.303069
0.273538
0.315195
0.334096
0.320841
0.330307
0.216976
0.326294
0.387219
0.358433
0.285048
0.347704
0.316297
0.386957
0.259034
0.381968
0.306368
0.366085
0.386748
0.415939
0.32323
0.298002
0.296933
0.257303
0.25927
0.408035
0.281649
0.280546
0.294569
0.326748
0.362518
0.305228
0.358512
0.307788
0.297107
0.292923
0.300089
0.263801
0.345534
0.346716
0.286245
0.315078
0.273231
0.27378
0.292579
0.347587
0.302907
0.304898
0.335386
0.251578
0.293013
0.374621
0.25776
0.362728
0.299099
0.366959
0.277877
0.260909
0.328877
0.296998
0.258327
0.309532
0.294059
0.285151
0.312422
0.254921
0.263093
0.317956
0.331861
0.301703
0.389209
0.300208
0.323004
0.322061
0.36792
0.315256
0.273952
0.300111
0.31749
0.326414
0.368838
0.33384
0.318411
0.262138
0.400712
0.282283
0.279368
0.307535
0.314582
0.26052
0.358059
0.394756
0.304634
0.309364
0.291062
0.339834
0.239514
0.326906
0.309403
0.294113
0.287396
0.348336
0.303611
0.276328
0.290302
0.388328
0.251669
0.300979
0.320434
0.356856
0.339596
0.366933
0.343641
0.351225
0.31671
0.302277
0.341707
0.33795
0.344396
0.414853
0.21197
0.284596
0.337814
0.302189
0.264257
0.2934
0.268881
0.279066
0.39388
0.294057
0.31982
0.272881
0.325687
0.374266
0.293466
0.387607
0.308405
0.345637
0.290545
0.372619
0.288184
0.302324
0.420733
0.345176
0.310307
0.301945
0.272764
0.408813
0.285133
0.354619
0.294688
0.289802
0.337929
0.260568
0.368983
0.286523
0.322089
0.339498
0.307156
0.355559
0.339753
0.361291
0.355113
0.351344
0.354703
0.244755
0.297871
0.323607
0.275194
0.285264
0.370261
0.374637
0.324977
0.219031
0.349737
0.306038
0.268956
0.297913
0.291701
0.304729
0.285009
0.252759
0.310194
0.281837
0.290933
0.323134
0.267658
0.353116
0.263166
0.348174
0.27233
0.295642
0.324446
0.321566
0.306036
0.336335
0.303321
0.253446
0.349556
0.279209
0.294738
0.31615
0.305793
0.261895
0.367343
0.19589
0.291504
0.32045
0.286846
0.328179
0.308836
0.283279
0.338001
0.332761
0.278659
0.330035
0.257776
0.292234
0.305684
0.292965
0.460308
0.315983
0.304727
0.356599
0.304568
0.364926
0.264079
0.257654
0.322833
0.245751
0.304061
0.371131
0.343111
0.297979
0.34475
0.297464
0.302087
0.305687
0.308609
0.293387
0.337781
0.330142
0.32651
0.300192
0.280973
0.354871
0.316312
0.291843
0.300766
0.295858
0.317639
0.274917
0.290456
0.326326
0.345045
0.326256
0.342025
0.342648
0.232198
0.302486
0.250602
0.279991
0.304558
0.326572
0.311625
0.311214
0.390655
0.283057
0.280395
0.285337
0.295312
0.353361
0.343559
0.289367
0.302186
0.337349
0.256668
0.292781
0.301345
0.292259
0.343324
0.325494
0.317756
0.349067
0.355601
0.277415
0.284815
0.278594
0.281388
0.316592
0.325211
0.320383
0.312622
0.327716
0.358081
0.311745
0.306735
0.327504
0.27076
0.39388
0.259355
0.377953
0.312349
0.27996
0.342277
0.292568
0.365991
0.31857
0.215496
0.359482
0.288083
0.297521
0.348934
0.354244
0.304296
0.355177
0.363146
0.325589
0.295078
0.32836
0.282289
0.350139
0.276878
0.277852
0.375934
0.328369
0.317184
0.332541
0.286407
0.302738
0.310899
0.385534
0.282809
0.258951
0.270863
0.340671
0.277823
0.286553
0.280463
0.347234
0.320427
0.330599
0.336336
0.269022
0.366281
0.35944
0.365485
0.279102
0.309943
0.277223
0.264596
0.279005
0.350189
0.281109
0.307834
0.259688
0.356318
0.323501
0.257688
0.254967
0.305128
0.319861
0.3125
0.374988
0.295738
0.306386
0.289964
0.26927
0.305933
0.284395
0.243653
0.315554
0.306762
0.312811
0.249354
0.330044
0.287785
0.336444
0.323343
0.408305
0.347688
0.265369
0.347912
0.319542
0.302586
0.293572
0.385659
0.281136
0.354884
0.336036
0.291745
0.296412
0.311435
0.266592
0.348354
0.316246
0.276753
0.321189
0.342085
0.310331
0.357095
0.364645
0.30114
0.283462
0.298824
0.266039
0.330954
0.223262
0.294862
0.292197
0.34482
0.318347
0.345068
0.319357
0.287209
0.378679
0.400912
0.329837
0.322652
0.318854
0.286512
0.408645
0.387692
0.303277
0.296798
0.315647
0.271973
0.313573
0.291429
0.342221
0.258472
0.304056
0.287187
0.296028
0.338891
0.325921
0.293225
0.234951
0.309618
0.314857
0.33117
0.34049
0.347706
0.34216
0.316901
0.257371
0.265711
0.275774
0.245696
0.476769
0.300629
0.308973
0.351496
0.325722
0.352274
0.28291
0.250522
0.289705
0.312255
0.344471
0.372284
0.273351
0.309441
0.339946
0.293469
0.321917
0.339977
0.351156
0.278766
0.312552
0.384137
0.2798
0.230815
0.317192
0.449001
0.308376
0.33551
0.314252
0.316795
0.313845
0.298828
0.328517
0.308645
0.293798
0.221429
0.297538
0.33755
0.292012
0.264783
0.263871
0.274504
0.513676
0.261421
0.286133
0.373686
0.337823
0.23706
0.318144
0.311539
0.316699
0.225086
0.350282
0.30866
0.364821
0.365461
0.326567
0.399864
0.364109
0.255213
0.327767
0.315823
0.281749
0.286857
0.343693
0.352631
0.298323
0.351202
0.300616
0.360377
0.291409
0.302355
0.271941
0.373326
0.246969
0.317365
0.255844
0.313324
0.365976
0.320028
0.339545
0.42333
0.271618
0.276369
0.281232
0.269777
0.345503
0.332729
0.348651
0.30134
0.311707
0.331414
0.297991
0.294088
0.253023
0.325438
0.294753
0.303835
0.304273
0.340216
0.314392
0.273439
0.359235
0.286553
0.281262
0.300262
0.339877
0.274594
0.314434
0.354053
0.225252
0.299462
0.288005
0.26458
0.341981
0.286883
0.30591
0.374009
0.286157
0.341623
0.293218
0.318777
0.306194
0.322796
0.276628
0.347291
0.403607
0.277314
0.286522
0.310799
0.38351
0.322821
0.341324
0.38961
0.384279
0.25596
0.312403
0.321475
0.29654
0.261716
0.324813
0.316932
0.258811
0.362198
0.280503
0.331526
0.355837
0.306907
0.303069
0.252557
0.318985
0.245791
0.319113
0.313268
0.318882
0.3649
0.360669
0.313032
0.295381
0.398737
0.287481
0.304114
0.289945
0.330177
0.310893
0.341559
0.324641
0.386211
0.369663
0.294385
0.356878
0.320237
0.34084
0.291937
0.357324
0.283425
0.334589
0.296364
0.326869
0.400357
0.31548
0.295007
0.327347
0.356003
0.296908
0.37039
0.295047
0.356403
0.363819
0.417448
0.346411
0.34583
0.326118
0.277191
0.280258
0.351484
0.319117
0.285118
0.520073
0.316242
0.29786
0.281799
0.378412
0.292183
0.355497
0.292698
0.274076
0.32047
0.28925
0.335531
0.385303
0.294948
0.252491
0.254454
0.348706
0.353743
0.284838
0.309333
0.352727
0.27982
0.313628
0.271882
0.308864
0.315276
0.314836
0.283046
0.293041
0.273352
0.380399
0.33973
0.3118
0.301679
0.302828
0.322474
0.322337
0.293336
0.257264
0.226709
0.274126
0.311649
0.197702
0.272628
0.27632
0.514274
0.265545
0.333598
0.323255
0.265928
0.336464
0.345203
0.333571
0.298733
0.364136
0.332003
0.286166
0.374791
0.225227
0.34647
0.311255
0.320785
0.281506
0.383536
0.334722
0.291274
0.392229
0.243687
0.300518
0.2509
0.294633
0.28653
0.432108
0.299064
0.318274
0.281778
0.312969
0.298065
0.257221
0.341986
0.286143
0.360902
0.263158
0.291895
0.304526
0.341844
0.286327
0.295152
0.269985
0.318371
0.31303
0.256845
0.308902
0.340014
0.241916
0.353038
0.293215
0.283129
0.337206
0.398421
0.385843
0.366867
0.319188
0.252836
0.373343
0.269638
0.334888
0.302157
0.289836
0.379307
0.277868
0.320984
0.296722
0.408198
0.431585
0.260913
0.36132
0.315212
0.311593
0.368741
0.309952
0.324451
0.305654
0.368498
0.297115
0.306308
0.301485
0.290739
0.288336
0.268954
0.265966
0.352541
0.203072
0.287274
0.309075
0.302214
0.313072
0.365492
0.291756
0.299412
0.322874
0.338037
0.324869
0.369545
0.289559
0.299585
0.352595
0.326767
0.283593
0.25916
0.31785
0.395345
0.316372
0.352636
0.352488
0.305087
0.341148
0.235272
0.278464
0.249325
0.33172
0.288166
0.27513
0.308888
0.259323
0.254108
0.301675
0.366525
0.414704
0.340933
0.319073
0.326752
0.261087
0.304039
0.340169
0.2834
0.28405
0.266851
0.224385
0.29537
0.334069
0.395722
0.318939
0.351494
0.267829
0.296832
0.321881
0.372377
0.357218
0.302055
0.346076
0.198603
0.330174
0.297261
0.297195
0.307629
0.364335
0.316094
0.26654
0.331494
0.351351
0.275903
0.325476
0.307404
0.366947
0.328131
0.300639
0.332619
0.326261
0.287058
0.33442
0.320919
0.221598
0.339812
0.353249
0.283235
0.310438
0.364072
0.336605
0.31427
0.305457
0.322748
0.309225
0.306919
0.282141
0.278213
0.289618
0.393727
0.285436
0.310382
0.316244
0.337461
0.348049
0.409016
0.348278
0.321135
0.253982
0.315519
0.341491
0.288785
0.298626
0.336207
0.317571
0.396847
0.377598
0.305253
0.297043
0.388975
0.294241
0.317799
0.307223
0.311999
0.231675
0.275883
0.332449
0.324687
0.316456
0.409362
0.330576
0.307112
0.323629
0.240231
0.365546
0.271696
0.419362
0.241436
0.344084
0.316494
0.345225
0.252944
0.310885
0.31211
0.249436
0.321717
0.333187
0.320003
0.278342
0.302875
0.361367
0.280075
0.287816
0.275265
0.317278
0.370977
0.31466
0.285034
0.328636
0.3487
0.340953
0.314727
0.333083
0.291195
0.290807
0.28145
0.272456
0.300116
0.321594
0.274015
0.311146
0.327995
0.28425
0.315352
0.294166
0.295788
0.294048
0.269594
0.390686
0.242436
0.264798
0.363321
0.295046
0.249633
0.359043
0.278178
0.285545
0.283717
0.283709
0.302014
0.312264
0.369131
0.34724
0.392971
0.286961
0.275215
0.259477
0.311988
0.236499
0.306923
0.303996
0.447855
0.355097
0.312209
0.307676
0.398667
0.307451
0.273327
0.264898
0.262768
0.295708
0.297994
0.292807
0.30559
0.317916
0.260831
0.385713
0.306988
0.259544
0.201898
0.282938
0.363269
0.289461
0.317519
0.29207
0.255208
0.365363
0.351505
0.332762
0.284342
0.268884
0.303742
0.299722
0.330132
0.30862
0.270657
0.304782
0.452039
0.307821
0.377822
0.279604
0.268081
0.258736
0.36575
0.269792
0.365871
0.238701
0.336658
0.294392
0.308689
0.298698
0.310992
0.344757
0.322111
0.355371
0.503809
0.367116
0.318058
0.342828
0.354121
0.273854
0.300484
0.279615
0.295854
0.378964
0.264848
0.324859
0.266673
0.338684
0.319731
0.360156
0.337126
0.326609
0.373106
0.26501
0.269219
0.350952
0.354431
0.280677
0.295607
0.331246
0.313087
0.339213
0.32961
0.299417
0.340539
0.2604
0.369297
0.327612
0.323158
0.388048
0.259139
0.258084
0.366772
0.288374
0.308969
0.328369
0.298224
0.281244
0.267581
0.325912
0.292667
0.318766
0.31392
0.376515
0.340207
0.279195
0.287345
0.304974
0.236222
0.276713
0.265652
0.326602
0.279467
0.30413
0.277167
0.257027
0.347566
0.280329
0.240422
0.305731
0.24338
0.348797
0.291707
0.318235
0.370395
0.41077
0.330139
0.381973
0.250804
0.295623
0.334678
0.305677
0.367684
0.340414
0.291803
0.325201
0.28431
0.355108
0.278508
0.303416
0.271862
0.300568
0.323063
0.313155
0.336397
0.32668
0.334522
0.320393
0.244614
0.230604
0.29415
0.30917
0.291523
0.295146
0.297757
0.288095
0.403928
0.303072
0.300819
0.256176
0.278831
0.288737
0.3476
0.375427
0.32911
0.209402
0.321954
0.237545
0.286586
0.224232
0.263995
0.327822
0.276371
0.263172
0.369122
0.266786
0.30789
0.282218
0.310761
0.303724
0.323218
0.29915
0.336581
0.272865
0.27674
0.269597
0.303651
0.273257
0.274374
0.289934
0.316662
0.34494
0.255643
0.26733
0.300645
0.293053
0.332711
0.302289
0.301331
0.298908
0.258475
0.294279
0.330444
0.311148
0.411157
0.31323
0.391113
0.269052
0.305229
0.31343
0.273648
0.313176
0.356418
0.315401
0.312633
0.289608
0.374262
0.295791
0.327274
0.343039
0.296045
0.386827
0.353367
0.318448
0.256908
0.29793
0.390657
0.322842
0.329715
0.25
0.250867
0.390081
0.226285
0.279752
0.271743
0.29015
0.35058
0.275601
0.39715
0.303718
0.39432
0.300191
0.290323
0.277176
0.316514
0.375858
0.272453
0.272192
0.321757
