0.247681
0.276584
0.297443
0.259898
0.289354
0.286658
0.258985
0.332316
0.267802
0.241656
0.288499
0.26563
0.252386
0.282803
0.301366
0.289662
0.224593
0.27437
0.367194
0.301491
0.322482
0.255529
0.277856
0.259591
0.290419
0.266667
0.29536
0.28243
0.253428
0.299882
0.301157
0.249764
0.338346
0.296903
0.253051
0.277472
0.235732
0.229455
0.26132
0.271452
0.255247
0.287394
0.291657
0.333333
0.317063
0.250716
0.269471
0.230501
0.250151
0.289392
0.26169
0.276421
0.294272
0.255226
0.368373
0.289864
0.266132
0.295849
0.350447
0.266191
0.283486
0.259124
0.362729
0.289012
0.343111
0.286618
0.297588
0.225311
0.270907
0.263845
0.248815
0.253048
0.219477
0.28275
0.266515
0.303712
0.259553
0.26686
0.267121
0.300641
0.252826
0.255158
0.244645
0.310029
0.234475
0.279123
0.333767
0.288431
0.304695
0.307817
0.268223
0.296452
0.271782
0.326188
0.290966
0.307225
0.275695
0.264116
0.295388
0.360321
0.231726
0.280376
0.310784
0.264801
0.278345
0.293198
0.267985
0.32475
0.229643
0.326024
0.268003
0.258624
0.205824
0.271763
0.243365
0.2991
0.326588
0.383635
0.265703
0.226779
0.341664
0.278561
0.29511
0.282418
0.227648
0.351014
0.265691
0.282506
0.322824
0.281626
0.308844
0.247277
0.322028
0.251667
0.298252
0.307606
0.192271
0.337896
0.254693
0.297469
0.287974
0.246803
0.254475
0.271162
0.29057
0.319672
0.304334
0.27905
0.289804
0.259337
0.261911
0.308064
0.279672
0.30992
0.292639
0.30054
0.282932
0.262638
0.244521
0.261702
0.300569
0.270122
0.306783
0.215864
0.256732
0.271469
0.287951
0.292776
0.294551
0.293478
0.318609
0.311039
0.268108
0.265626
0.264352
0.297916
0.267978
0.258248
0.266732
0.270841
0.233381
0.283535
0.283812
0.308271
0.235615
0.256677
0.23698
0.242498
0.271684
0.275907
0.257872
0.231445
0.256297
0.231895
0.266833
0.27881
0.259306
0.244402
0.282383
0.283326
0.253271
0.317449
0.2434
0.240904
0.266414
0.273884
0.355491
0.295417
0.299928
0.301709
0.279099
0.281697
0.258547
0.314066
0.232939
0.276705
0.248443
0.268688
0.238941
0.251661
0.286204
0.287377
0.23942
0.292917
0.244887
0.253328
0.267582
0.264117
0.235356
0.279385
0.242258
0.302238
0.297523
0.330726
0.244007
0.289709
0.282311
0.271419
0.290855
0.26496
0.319238
0.33245
0.237832
0.281929
0.369779
0.319774
0.291631
0.267361
0.306762
0.272393
0.304554
0.258986
0.226134
0.295532
0.356601
0.258281
0.262342
0.285737
0.298946
0.320444
0.301554
0.224328
0.305766
0.273006
0.273543
0.273258
0.285011
0.268356
0.293123
0.242833
0.293474
0.374662
0.260613
0.27933
0.26962
0.307483
0.297978
0.293616
0.309464
0.253532
0.255293
0.286472
0.331904
0.277295
0.236154
0.323883
0.284183
0.272416
0.27771
0.282893
0.228906
0.343138
0.263481
0.23612
0.233128
0.243442
0.253966
0.264835
0.25934
0.258208
0.231556
0.290699
0.258668
0.22305
0.277164
0.267008
0.256592
0.219857
0.276268
0.336626
0.319708
0.255612
0.259865
0.2241
0.269525
0.251406
0.263573
0.233192
0.284747
0.353213
0.275418
0.264783
0.304426
0.260344
0.27768
0.289886
0.262495
0.314046
0.281066
0.291887
0.265097
0.28538
0.245728
0.228515
0.326606
0.305778
0.308918
0.217229
0.284376
0.248251
0.275609
0.268599
0.275874
0.31815
0.281022
0.274446
0.230257
0.262835
0.260541
0.328472
0.272748
0.227604
0.345877
0.275503
0.286865
0.308763
0.270386
0.29114
0.287123
0.245565
0.284684
0.278417
0.284817
0.276308
0.242476
0.330719
0.28931
0.276596
0.281553
0.281024
0.245565
0.306671
0.31449
0.254613
0.30246
0.283845
0.282102
0.287195
0.33303
0.272824
0.295002
0.316019
0.278736
0.249374
0.277056
0.241966
0.258186
0.218215
0.227545
0.275175
0.298691
0.20882
0.294212
0.27124
0.201093
0.328638
0.232237
0.266252
0.260266
0.307726
0.308474
0.32555
0.271893
0.290212
0.273419
0.270451
0.246656
0.301367
0.271357
0.240016
0.252781
0.301647
0.346409
0.256896
0.259623
0.260594
0.274244
0.295164
0.24611
0.298476
0.278615
0.264681
0.237602
0.299513
0.259536
0.300899
0.265779
0.228356
0.247306
0.279508
0.239053
0.281978
0.265892
0.317827
0.20318
0.257017
0.363919
0.237834
0.256145
0.308319
0.281061
0.294674
0.26326
0.282756
0.279695
0.287042
0.257784
0.264863
0.256833
0.237589
0.253036
0.277626
0.269172
0.259591
0.28899
0.261125
0.243367
0.236717
0.275993
0.27663
0.255553
0.334291
0.233544
0.270066
0.23573
0.310267
0.251773
0.288588
0.234443
0.295393
0.264983
0.306508
0.308236
0.305551
0.294222
0.229354
0.247341
0.26314
0.278492
0.260999
0.282005
0.239495
0.254024
0.242683
0.32048
0.28775
0.285594
0.341986
0.270407
0.251844
0.298021
0.284931
0.272003
0.251885
0.266609
0.309237
0.263013
0.268051
0.295141
0.316265
0.28551
0.238114
0.278374
0.260903
0.274208
0.254135
0.287659
0.263563
0.285514
0.219905
0.291986
0.301182
0.275595
0.261464
0.289008
0.261068
0.291304
0.292791
0.31643
0.228416
0.271627
0.269022
0.239679
0.319745
0.260505
0.278252
0.291816
0.364092
0.270755
0.236888
0.328956
0.346513
0.278798
0.329496
0.301666
0.283297
0.233213
0.288063
0.35404
0.312332
0.241757
0.229644
0.264256
0.27554
0.305277
0.253979
0.222068
0.252775
0.255147
0.244951
0.27908
0.323207
0.258314
0.248152
0.242404
0.258808
0.28734
0.345495
0.257526
0.26444
0.290787
0.234196
0.210275
0.304532
0.320211
0.313996
0.298829
0.28569
0.291002
0.310834
0.311568
0.26126
0.266333
0.171206
0.285491
0.259505
0.253426
0.268014
0.313466
0.227893
0.318941
0.29622
0.257619
0.264514
0.351278
0.268345
0.28587
0.295598
0.226831
0.235294
0.27026
0.353242
0.341441
0.233746
0.432357
0.219493
0.322209
0.290016
0.247501
0.314072
0.293152
0.274268
0.253789
0.287459
0.219633
0.290676
0.309698
0.216805
0.236301
0.269985
0.343181
0.317153
0.334156
0.248281
0.306637
0.276589
0.293079
0.267617
0.275897
0.280208
0.303794
0.325551
0.250606
0.317559
0.304394
0.276419
0.29827
0.249407
0.248443
0.293452
0.251025
0.240629
0.229543
0.30517
0.249449
0.272044
0.264979
0.252389
0.273039
0.260471
0.28745
0.28136
0.249113
0.454164
0.300047
0.277986
0.29396
0.288983
0.277395
0.172227
0.288925
0.26612
0.246042
0.311064
0.255871
0.272849
0.248572
0.288887
0.275624
0.311759
0.245341
0.297278
0.189954
0.27071
0.280792
0.29049
0.299862
0.310291
0.261034
0.299935
0.377293
0.247677
0.338477
0.250037
0.289304
0.320597
0.261709
0.246304
0.414962
0.276685
0.281562
0.291164
0.271029
0.281337
0.260792
0.32199
0.252051
0.236491
0.2701
0.274495
0.296664
0.277186
0.244334
0.276804
0.273993
0.345865
0.257555
0.271172
0.31451
0.274225
0.324982
0.31419
0.281324
0.230218
0.280917
0.28006
0.281527
0.255785
0.24841
0.234834
0.218649
0.239388
0.309653
0.237642
0.257647
0.295487
0.27521
0.326351
0.269904
0.256271
0.287621
0.211293
0.276748
0.242264
0.225659
0.258141
0.272748
0.290175
0.368582
0.297969
0.297358
0.269338
0.298074
0.265649
0.289274
0.23388
0.30966
0.278555
0.240465
0.262832
0.262905
0.307297
0.258886
0.240357
0.283893
0.243519
0.306018
0.284401
0.266236
0.280214
0.268132
0.334992
0.20946
0.286664
0.24631
0.357402
0.250316
0.284502
0.297288
0.307107
0.258861
0.217333
0.277364
0.329734
0.265448
0.2722
0.369915
0.294982
0.284663
0.236174
0.311243
0.273358
0.265308
0.247416
0.276824
0.263044
0.272226
0.272447
0.247217
0.260218
0.249357
0.218822
0.25823
0.296095
0.25166
0.307613
0.236052
0.245451
0.280477
0.297401
0.269928
0.280548
0.286486
0.36344
0.307762
0.284142
0.253563
0.275021
0.294014
0.25169
0.303064
0.298581
0.306394
0.204192
0.271549
0.270113
0.282638
0.316653
0.261254
0.243394
0.257455
0.280016
0.278711
0.366502
0.249409
0.249498
0.266176
0.272197
0.290256
0.303338
0.367507
0.244412
0.250603
0.285539
0.250602
0.20219
0.296189
0.222746
0.31179
0.27362
0.270845
0.416286
0.300948
0.287252
0.293709
0.269881
0.26951
0.306281
0.24257
0.272212
0.272258
0.275498
0.297268
0.304205
0.281902
0.232345
0.277133
0.319744
0.285549
0.294749
0.233237
0.24802
0.322327
0.267767
0.262944
0.296891
0.256567
0.394573
0.302825
0.397826
0.295944
0.246333
0.234203
0.246133
0.288307
0.187148
0.247933
0.259509
0.265348
0.315222
0.283455
0.350521
0.315858
0.30799
0.305392
0.28445
0.266141
0.249389
0.307556
0.296773
0.284596
0.266378
0.256088
0.272088
0.272881
0.274539
0.257562
0.288832
0.269996
0.269596
0.32055
0.298094
0.31843
0.294837
0.277734
0.28893
0.228515
0.365606
0.2907
0.230194
0.271886
0.333745
0.243873
0.270675
0.24546
0.25475
0.231424
0.247348
0.283399
0.298263
0.272172
0.278537
0.257919
0.262638
0.270414
0.280854
0.261726
0.257585
0.287428
0.35662
0.251259
0.313172
0.26093
0.184001
0.233075
0.289818
0.244784
0.28305
0.294182
0.174499
0.323953
0.254181
0.267843
0.291032
0.21685
0.29415
0.275459
0.280489
0.275827
0.262969
0.284305
0.274692
0.301509
0.296752
0.273886
0.273078
0.249075
0.25594
0.259253
0.296061
0.257549
0.302638
0.258913
0.288565
0.258438
0.23605
0.302769
0.274064
0.282863
0.284752
0.284958
0.257582
0.284483
0.236828
0.254567
0.314018
0.252071
0.315097
0.287898
0.281482
0.2594
0.269189
0.247308
0.277638
0.264518
0.319238
0.300385
0.299959
0.269314
0.279289
0.226762
0.264577
0.24638
0.232864
0.288266
0.284644
0.2546
0.282784
0.209065
0.316206
0.308971
0.23513
0.277211
0.256233
0.272481
0.224677
0.282676
0.266111
0.256465
0.246772
0.27794
0.361766
0.285505
0.276042
0.284603
0.263613
0.259359
0.255326
0.307103
0.273252
0.331671
0.293655
0.276428
0.257743
0.261635
0.253223
0.267579
0.329636
0.303513
0.277606
0.335522
0.270596
0.282923
0.254115
0.27808
0.25574
0.271448
0.304183
0.289811
0.316554
0.274876
0.291275
0.25262
0.248925
0.247833
0.285762
0.292655
0.280017
0.318093
0.267109
0.26656
0.26207
0.294974
0.274632
0.277175
0.295373
0.261968
0.269904
0.222362
0.283286
0.222444
0.27109
0.282732
0.339481
0.257177
0.230572
0.300071
0.225231
0.206105
0.284302
0.259256
0.285319
0.252621
0.269624
0.271687
0.366332
0.289086
0.285657
0.172403
0.28782
0.283254
0.256874
0.263926
0.262639
0.249048
0.281946
0.216795
0.263325
0.278903
0.252212
0.255329
0.257101
0.388512
0.279166
0.299599
0.306387
0.26347
0.294832
0.313859
0.259546
0.271466
0.316057
0.289171
0.195765
0.300085
0.257343
0.262877
0.286404
0.322335
0.249856
0.343173
0.31548
0.243607
0.260635
0.303236
0.284988
0.33526
0.293595
0.249612
0.275395
0.28872
0.307132
0.292299
0.276907
0.242751
0.239424
0.296439
0.268138
0.298744
0.294607
0.270299
0.261863
0.27133
0.281611
0.292294
0.314151
0.296585
0.277778
0.282006
0.24782
0.307692
0.256547
0.24007
0.26187
0.292407
0.32728
0.279993
0.207557
0.249724
0.338186
0.238506
0.32468
0.222137
0.310744
0.285001
0.329477
0.28178
0.243805
0.239877
0.248548
0.301406
0.281234
0.256664
0.27494
0.270076
0.321415
0.252238
0.262036
0.264569
0.292378
0.358719
0.306895
0.290598
0.272864
0.216009
0.305614
0.278761
0.245819
0.257067
0.244571
0.247394
0.262672
0.31014
0.334489
0.273302
0.220624
0.28364
0.269008
0.314848
0.262699
0.263576
0.29913
0.260963
0.293011
0.353928
0.253094
0.348421
0.279668
0.265204
0.253379
0.284258
0.399876
0.28505
0.285198
0.260363
0.31022
0.254018
0.270512
0.262565
0.270277
0.315262
0.232641
0.285406
0.283629
0.262562
0.30998
0.291227
0.335116
0.313433
0.278363
0.316973
0.27346
0.275523
0.283303
0.313793
0.29912
0.275182
0.228561
0.314479
0.276534
0.259091
0.300607
0.484426
0.268529
0.289615
0.272285
0.264325
0.333163
0.299002
0.324226
0.257468
0.312555
0.308838
0.236826
0.303404
0.249204
0.279692
0.289311
0.251247
0.316886
0.255311
0.246706
0.277715
0.32706
0.264566
0.325743
0.21708
0.235654
0.304629
0.260231
0.273827
0.219394
0.309123
0.271063
0.281949
0.275168
0.216645
0.228663
0.298224
0.370137
0.258954
0.254303
0.269642
0.301916
0.285024
0.26645
0.287855
0.250794
0.266853
0.26093
0.226882
0.280524
0.284695
0.283335
0.263589
0.268031
0.275046
0.253817
0.292754
0.301352
0.218973
0.32623
0.334595
0.266248
0.258051
0.308904
0.262182
0.25447
0.284378
0.27306
0.257041
0.310422
0.283215
0.255975
0.31735
0.310335
0.285269
0.257389
0.265221
0.284834
0.26351
0.215484
0.220116
0.263107
0.242827
0.315025
0.257767
0.269906
0.214168
0.230121
0.270861
0.294353
0.273713
0.264174
0.245378
0.297073
0.279241
0.303643
0.239706
0.312623
0.264207
0.285399
0.256712
0.321201
0.27859
0.302657
0.285526
0.284022
0.22685
0.300526
0.318401
0.37504
0.26335
0.292244
0.280612
0.284407
0.28334
0.284034
0.229764
0.297276
0.27762
0.264123
0.283566
0.214397
0.297402
0.265855
0.256804
0.272146
0.287485
0.340815
0.300055
0.233216
0.281185
0.276772
0.317487
0.278571
0.3308
0.261511
0.322899
0.237406
0.300577
0.256066
0.271703
0.305648
0.301127
0.297812
0.276937
0.291585
0.290979
0.290801
0.321641
0.29951
0.262553
0.248625
0.225006
0.271345
0.254023
0.288046
0.304768
0.251838
0.390419
0.24856
0.316848
0.282016
0.188471
0.281047
0.297478
0.30687
0.272919
0.292754
0.339964
0.224806
0.254027
0.316454
0.29635
0.278408
0.291628
0.391005
0.270077
0.343454
0.263842
0.27731
0.269644
0.274201
0.314177
0.256302
0.273876
0.260249
0.268318
0.234678
0.229021
0.276686
0.275029
0.260784
0.265037
0.293129
0.292263
0.302853
0.287211
0.241268
0.257859
0.373988
0.290176
0.294077
0.285978
0.198137
0.272755
0.299476
0.29703
0.259227
0.263749
0.27472
0.296469
0.262875
0.243626
0.357376
0.284536
0.291347
0.275281
0.304463
0.404757
0.252617
0.239875
0.359541
0.31421
0.24374
0.325384
0.283812
0.327361
0.249298
0.268598
0.27338
0.342231
0.273343
0.238337
0.275503
0.282828
0.266789
0.296495
0.216847
0.238365
0.324792
0.285454
0.282024
0.280667
0.332728
0.256702
0.270657
0.22509
0.291888
0.285916
0.29534
0.254841
0.375637
0.259746
0.241633
0.247572
0.321229
0.2827
0.291819
0.325671
0.325708
0.316663
0.277521
0.266656
0.249341
0.229421
0.267256
0.287337
0.250861
0.240308
0.257537
0.253202
0.279902
0.231248
0.295234
0.341187
0.220658
0.298721
0.266541
0.221187
0.290339
0.37084
0.252864
0.317871
0.237301
0.281209
0.221238
0.276449
0.286941
0.311949
0.251586
0.283399
0.266126
0.278635
0.240099
0.292363
0.266854
0.297415
0.246282
0.263169
0.269092
0.23739
0.31017
0.299413
0.276355
0.268778
0.305499
0.178644
0.348875
0.284055
0.256321
0.284228
0.249832
0.342577
0.269931
0.306895
0.30099
0.281833
0.338337
0.23237
0.289025
0.23858
0.284997
0.295312
0.25578
0.258471
0.231091
0.25378
0.305876
0.233396
0.277436
0.297818
0.324288
0.257725
0.348826
0.290118
0.305107
0.278331
0.268817
0.281298
0.278602
0.269447
0.280544
0.279234
0.311005
0.28859
0.305687
0.281516
0.282354
0.330745
0.272464
0.288773
0.237345
0.251888
0.262077
0.266325
0.279131
0.323213
0.25
0.30913
0.306732
0.278142
0.274979
0.260893
0.258
0.29361
0.239842
0.272763
0.252754
0.268554
0.216264
0.281192
0.296892
0.308578
0.294275
0.277205
0.350477
0.282056
0.286375
0.260906
0.24193
