0.334228
0.268181
0.263908
0.296109
0.259804
0.29852
0.30232
0.284198
0.316769
0.363389
0.287302
0.285978
0.284874
0.333502
0.34964
0.256152
0.309894
0.255347
0.315257
0.590501
0.285794
0.308714
0.305251
0.262596
0.298232
0.340081
0.36951
0.310208
0.313878
0.33961
0.316871
0.290045
0.268452
0.266828
0.265612
0.313293
0.369954
0.295226
0.32743
0.34941
0.400793
0.329057
0.33362
0.300762
0.324287
0.319562
0.25941
0.390844
0.226158
0.288976
0.315608
0.274389
0.327123
0.300756
0.255379
0.304053
0.267867
0.32704
0.303981
0.321359
0.329965
0.315478
0.343632
0.314293
0.33364
0.308741
0.226431
0.366088
0.294388
0.311768
0.334275
0.324766
0.300588
0.289744
0.280727
0.340519
0.223345
0.314155
0.328221
0.254761
0.322787
0.266281
0.341452
0.333278
0.31163
0.303859
0.28762
0.311334
0.345494
0.400413
0.311222
0.355363
0.411816
0.326808
0.330158
0.293709
0.291673
0.388284
0.324717
0.276937
0.353795
0.296773
0.274811
0.321316
0.272546
0.295332
0.298402
0.263712
0.335515
0.376305
0.282025
0.314855
0.340707
0.285646
0.30729
0.282892
0.341275
0.31404
0.281311
0.317002
0.281496
0.30124
0.303237
0.289064
0.319048
0.257736
0.307357
0.259269
0.282397
0.304426
0.278329
0.28779
0.332287
0.331039
0.337655
0.289714
0.329999
0.373925
0.303476
0.333803
0.303547
0.278842
0.371444
0.28267
0.322181
0.325667
0.298514
0.285453
0.267846
0.339947
0.36127
0.258156
0.320343
0.281081
0.287918
0.316092
0.350901
0.295792
0.286323
0.246149
0.340458
0.333006
0.282313
0.36897
0.30505
0.294417
0.295189
0.391459
0.299519
0.230677
0.324656
0.339514
0.284222
0.267542
0.379941
0.340433
0.315991
0.297598
0.296376
0.314392
0.296633
0.281382
0.293491
0.297548
0.426836
0.316289
0.277148
0.269026
0.411041
0.253771
0.248045
0.277685
0.350521
0.339092
0.255816
0.310504
0.313867
0.275477
0.424609
0.304084
0.320787
0.325655
0.278368
0.299886
0.358531
0.323733
0.284807
0.246161
0.321837
0.343541
0.301783
0.291908
0.317526
0.292222
0.311952
0.326189
0.32461
0.239031
0.302833
0.32871
0.281651
0.323235
0.338243
0.300917
0.271495
0.352474
0.320167
0.272375
0.298631
0.262362
0.307925
0.375199
0.169726
0.314336
0.351406
0.275296
0.396363
0.317286
0.320465
0.349967
0.307034
0.292886
0.370485
0.330887
0.38269
0.285297
0.348191
0.330011
0.293099
0.276975
0.314328
0.35456
0.28673
0.278283
0.302529
0.307815
0.262389
0.31961
0.350555
0.307653
0.354545
0.304218
0.283726
0.341075
0.270192
0.19001
0.278195
0.315371
0.350633
0.331811
0.269077
0.270562
0.362056
0.318088
0.254106
0.37461
0.414328
0.263606
0.327727
0.284529
0.312329
0.30319
0.335187
0.330628
0.303524
0.314382
0.298308
0.278789
0.272187
0.205844
0.320767
0.264543
0.214743
0.300109
0.282267
0.322348
0.298785
0.35549
0.322623
0.314087
0.325956
0.28519
0.388446
0.364319
0.306612
0.374893
0.295732
0.318182
0.347565
0.282677
0.283824
0.306097
0.242667
0.312821
0.334375
0.302124
0.305114
0.291789
0.382158
0.289817
0.239625
0.29287
0.319979
0.334198
0.326906
0.332664
0.328463
0.291123
0.279607
0.291421
0.35565
0.299084
0.297443
0.302823
0.322773
0.359019
0.358556
0.26795
0.28736
0.289953
0.318128
0.31923
0.272636
0.317821
0.308898
0.367245
0.311389
0.257082
0.314824
0.347305
0.30385
0.278099
0.314072
0.27815
0.323823
0.319741
0.336151
0.283315
0.369322
0.297362
0.29536
0.351087
0.27485
0.323518
0.265519
0.329987
0.281672
0.334367
0.299194
0.309506
0.305066
0.366942
0.30886
0.323077
0.329377
0.29305
0.372277
0.323696
0.301025
0.299476
0.319715
0.30169
0.405435
0.324481
0.266284
0.292993
0.315016
0.293367
0.333623
0.345459
0.361909
0.307936
0.303473
0.422734
0.299929
0.278203
0.256426
0.31791
0.260427
0.303647
0.324839
0.321308
0.276897
0.262227
0.335298
0.334446
0.415076
0.299642
0.276402
0.296354
0.316203
0.283281
0.281458
0.3506
0.28911
0.307669
0.248783
0.296587
0.279971
0.290124
0.258782
0.296599
0.289035
0.296309
0.28163
0.317276
0.287325
0.298106
0.302541
0.254279
0.281074
0.324815
0.322263
0.226319
0.37879
0.224536
0.334979
0.61222
0.288056
0.343648
0.392062
0.318308
0.282625
0.256032
0.318199
0.305847
0.244822
0.297932
0.308202
0.249885
0.295132
0.322645
0.313542
0.230002
0.314442
0.298435
0.35185
0.294353
0.274319
0.306669
0.294103
0.34727
0.368868
0.295074
0.272572
0.332425
0.323929
0.30119
0.309477
0.444143
0.289998
0.271948
0.302847
0.348289
0.336225
0.280024
0.285514
0.330939
0.288128
0.31858
0.298602
0.326694
0.346992
0.417705
0.278993
0.331323
0.313447
0.318182
0.306806
0.336316
0.282038
0.412307
0.303962
0.258694
0.304891
0.320105
0.277284
0.312777
0.377077
0.269355
0.271944
0.387926
0.264835
0.304034
0.264338
0.244443
0.264004
0.3069
0.270722
0.265029
0.323385
0.467981
0.27243
0.297625
0.265246
0.376223
0.311469
0.338451
0.305594
0.303997
0.334962
0.34263
0.23727
0.320381
0.301007
0.337849
0.304178
0.286932
0.317276
0.310453
0.313404
0.284351
0.30248
0.284805
0.303024
0.2691
0.389515
0.357886
0.320699
0.33182
0.257218
0.331257
0.329446
0.292982
0.315143
0.301247
0.276951
0.276583
0.296178
0.326741
0.31617
0.365177
0.331057
0.311752
0.31974
0.297411
0.280527
0.299142
0.346813
0.290746
0.257856
0.377399
0.314432
0.328239
0.268464
0.363714
0.330124
0.353853
0.310236
0.332511
0.387714
0.282667
0.301125
0.322907
0.276629
0.258707
0.401054
0.342303
0.257323
0.362344
0.286953
0.311803
0.268416
0.3165
0.308354
0.289178
0.290597
0.301118
0.352256
0.286274
0.365507
0.302723
0.310735
0.263356
0.288504
0.188136
0.273545
0.234649
0.315186
0.261006
0.338484
0.294796
0.346488
0.298006
0.344092
0.279916
0.305599
0.384586
0.310864
0.346578
0.314279
0.243696
0.311515
0.361098
0.285053
0.347692
0.311211
0.25535
0.303987
0.285714
0.402525
0.277151
0.365916
0.350176
0.402619
0.37222
0.330701
0.290868
0.280674
0.311537
0.295469
0.275254
0.351943
0.302414
0.353197
0.312375
0.294884
0.321926
0.288549
0.275213
0.282295
0.314336
0.362049
0.338463
0.336734
0.271232
0.293976
0.336522
0.294931
0.284854
0.286132
0.39136
0.257932
0.272592
0.27907
0.260258
0.254685
0.286386
0.277511
0.323321
0.29759
0.258175
0.291539
0.312927
0.2671
0.351979
0.364341
0.302617
0.371827
0.36232
0.277501
0.208114
0.279308
0.273181
0.3326
0.253493
0.355648
0.323167
0.334611
0.311763
0.312847
0.293299
0.300387
0.324173
0.267212
0.323595
0.320557
0.327348
0.333087
0.285309
0.305832
0.302257
0.310415
0.292413
0.29518
0.312301
0.332802
0.287356
0.29547
0.319739
0.278918
0.302866
0.283926
0.254336
0.341683
0.282547
0.297306
0.390866
0.322792
0.306182
0.308421
0.2932
0.245873
0.243554
0.35182
0.282394
0.350258
0.2472
0.313206
0.21627
0.278902
0.282407
0.324048
0.277553
0.273757
0.281589
0.356276
0.35656
0.317141
0.284756
0.294246
0.303404
0.33321
0.315853
0.259855
0.326058
0.288504
0.335049
0.295698
0.317945
0.304128
0.373342
0.311568
0.293273
0.280297
0.293669
0.248594
0.317621
0.286906
0.292855
0.370822
0.272186
0.302217
0.275002
0.295942
0.305995
0.321716
0.312991
0.270729
0.284647
0.309014
0.377265
0.349225
0.280928
0.346309
0.277341
0.394538
0.284377
0.34409
0.320304
0.298857
0.283771
0.296364
0.335649
0.276873
0.327353
0.278484
0.28945
0.294157
0.358173
0.378944
0.282745
0.311601
0.302002
0.276058
0.251182
0.315934
0.314933
0.306471
0.296949
0.309839
0.358082
0.290417
0.294507
0.315738
0.299476
0.296987
0.2976
0.285185
0.310597
0.292543
0.359306
0.288703
0.303802
0.366071
0.308365
0.268207
0.347543
0.364507
0.253325
0.304962
0.273528
0.407569
0.345902
0.290621
0.325955
0.288303
0.272699
0.304861
0.241028
0.350983
0.294732
0.302328
0.353876
0.321197
0.269946
0.361169
0.337058
0.328099
0.338355
0.316948
0.289895
0.271504
0.23864
0.252379
0.415489
0.293584
0.361636
0.313833
0.285592
0.317844
0.28714
0.303936
0.260494
0.302921
0.324657
0.286726
0.310798
0.342304
0.404015
0.415839
0.330989
0.326759
0.354915
0.328281
0.311304
0.274939
0.26348
0.3054
0.284506
0.276672
0.321
0.321377
0.297183
0.291691
0.30211
0.364579
0.31267
0.273801
0.278721
0.319102
0.365942
0.309082
0.373531
0.33537
0.228135
0.293458
0.359924
0.300978
0.35121
0.375782
0.297922
0.353966
0.316328
0.287712
0.303546
0.29557
0.244583
0.246254
0.306532
0.307496
0.313456
0.335843
0.323464
0.303199
0.297867
0.251602
0.320487
0.318053
0.305434
0.288134
0.281581
0.310829
0.292473
0.294875
0.298301
0.274279
0.310702
0.318458
0.276228
0.263961
0.34801
0.325311
0.302666
0.386464
0.307206
0.292594
0.288954
0.295009
0.30067
0.26332
0.352517
0.331089
0.280406
0.314652
0.205976
0.292802
0.284303
0.268414
0.29161
0.343689
0.29516
0.344358
0.303316
0.332743
0.281323
0.382053
0.315424
0.275505
0.288381
0.357801
0.25302
0.260039
0.291174
0.278804
0.306588
0.399436
0.282049
0.286045
0.366355
0.335886
0.299068
0.313283
0.372079
0.239266
0.29212
0.348657
0.284291
0.309078
0.361735
0.283662
0.285263
0.307925
0.29731
0.322857
0.31573
0.309242
0.350497
0.351061
0.264621
0.314999
0.279722
0.282739
0.249861
0.310119
0.310673
0.280834
0.294559
0.32227
0.318487
0.306341
0.30235
0.281271
0.298763
0.297899
0.331133
0.324536
0.314681
0.297629
0.289927
0.310504
0.269543
0.264844
0.295937
0.322325
0.311607
0.277997
0.263672
0.451841
0.330564
0.304461
0.289246
0.289587
0.307108
0.421786
0.358645
0.294591
0.246195
0.291324
0.315318
0.295506
0.331431
0.323521
0.298281
0.286466
0.304434
0.227193
0.35203
0.330828
0.312109
0.288033
0.316359
0.347864
0.345041
0.266783
0.312374
0.27548
0.289494
0.306256
0.317432
0.301891
0.338384
0.350041
0.293965
0.368725
0.355949
0.290489
0.235549
0.260979
0.244784
0.336615
0.284364
0.298573
0.304861
0.301314
0.267473
0.357219
0.368026
0.321228
0.293192
0.287937
0.30182
0.277279
0.27939
0.289756
0.301492
0.272817
0.406997
0.341483
0.31522
0.328871
0.255763
0.425154
0.284135
0.355604
0.300048
0.353345
0.312505
0.311914
0.323218
0.276596
0.348045
0.325205
0.330787
0.338548
0.272449
0.374001
0.363218
0.269864
0.292327
0.350747
0.267093
0.275905
0.354592
0.325435
0.350525
0.339889
0.350178
0.30047
0.357624
0.281711
0.344066
0.305505
0.296291
0.327283
0.358412
0.271425
0.248384
0.307295
0.311006
0.302564
0.292381
0.274835
0.260977
0.312146
0.26796
0.493487
0.339373
0.298079
0.350097
0.321373
0.258098
0.31115
0.240658
0.380577
0.323271
0.302156
0.298934
0.371941
0.287095
0.313447
0.334424
0.325032
0.378636
0.309817
0.318011
0.308799
0.325976
0.391631
0.347026
0.318949
0.30542
0.315079
0.322425
0.339053
0.298114
0.313816
0.299315
0.381692
0.298479
0.282656
0.383013
0.287389
0.279467
0.401284
0.274712
0.333599
0.309457
0.313786
0.447341
0.282445
0.306403
0.299037
0.302278
0.373868
0.313645
0.284187
0.301471
0.284447
0.321717
0.245579
0.346873
0.311803
0.275896
0.295488
0.318559
0.289999
0.296306
0.2846
0.291375
0.247385
0.321791
0.315935
0.28683
0.302817
0.308569
0.299611
0.341505
0.28506
0.364953
0.317874
0.394849
0.237506
0.300764
0.357351
0.257622
0.24229
0.278091
0.293747
0.291598
0.328774
0.35012
0.274705
0.303623
0.375694
0.240236
0.365607
0.318105
0.238099
0.325324
0.337007
0.296629
0.295261
0.31919
0.252144
0.394272
0.393515
0.306932
0.319251
0.35883
0.350748
0.269664
0.265588
0.333333
0.319441
0.303274
0.359747
0.329268
0.304957
0.329597
0.315139
0.347511
0.297118
0.329663
0.264183
0.281871
0.297619
0.341529
0.337569
0.321378
0.235134
0.271746
0.317531
0.264021
0.279997
0.324066
0.321968
0.306075
0.361772
0.31447
0.293689
0.341007
0.292433
0.308017
0.275482
0.276858
0.282315
0.276866
0.3341
0.254945
0.350819
0.248969
0.289578
0.259904
0.367744
0.305522
0.23899
0.282218
0.283127
0.24643
0.346332
0.242718
0.286258
0.346852
0.344849
0.327479
0.317812
0.307266
0.252226
0.307956
0.298301
0.293951
0.25
0.286712
0.349084
0.282342
0.327867
0.300947
0.293906
0.329217
0.318931
0.320995
0.290391
0.271334
0.279769
0.332639
0.255548
0.288242
0.331026
0.313873
0.255055
0.272303
0.308255
0.29767
0.2732
0.27206
0.313523
0.319501
0.30799
0.285529
0.31847
0.318468
0.320128
0.291451
0.29649
0.293663
0.299816
0.362653
0.348426
0.314134
0.336636
0.243205
0.281818
0.333274
0.323651
0.274242
0.240891
0.351711
0.279639
0.321197
0.303909
0.267198
0.308969
0.317289
0.295573
0.279438
0.288619
0.275132
0.31717
0.299665
0.384143
0.267781
0.348972
0.307369
0.418645
0.298046
0.279894
0.269147
0.369521
0.298733
0.32417
0.346233
0.310656
0.397936
0.300032
0.278709
0.303865
0.292629
0.324113
0.291742
0.301698
0.340261
0.309791
0.289766
0.314246
0.28124
0.295928
0.321119
0.298402
0.296893
0.253685
0.289887
0.351217
0.328172
0.258837
0.306579
0.326846
0.305104
0.32867
0.262136
0.289354
0.283521
0.363241
0.263692
0.297938
0.312066
0.306357
0.319931
0.317598
0.330379
0.315889
0.31613
0.297067
0.297311
0.328729
0.289095
0.291184
0.326126
0.306952
0.314191
0.347215
0.325709
0.285288
0.342637
0.294951
0.302166
0.313182
0.308117
0.29579
0.315324
0.387515
0.313246
0.387026
0.317824
0.321724
0.296958
0.327938
0.304319
0.31498
0.265344
0.298035
0.232575
0.296719
0.294357
0.263776
0.283396
0.339796
0.347677
0.311616
0.274841
0.280474
0.310363
0.330901
0.25684
0.30037
0.282554
0.329261
0.251401
0.29211
0.317975
0.3762
0.230326
0.319378
0.298282
0.296125
0.336126
0.367743
0.35117
0.329006
0.338324
0.297466
0.352713
0.312933
0.325337
0.364255
0.300542
0.293292
0.326753
0.332457
0.312505
0.272822
0.325222
0.311966
0.257951
0.30817
0.263371
0.341557
0.321369
0.381315
0.216111
0.220266
0.360971
0.318274
0.303349
0.275964
0.217774
0.298314
0.293185
0.2569
0.333558
0.362437
0.278714
0.272579
0.337013
0.382767
0.278174
0.31151
0.35082
0.244871
0.293723
0.279714
0.298477
0.334156
0.31492
0.30106
0.271785
0.326886
0.249966
0.266385
0.351832
0.369895
0.325708
0.256939
0.274067
0.287039
0.343285
0.256602
0.291943
0.39001
0.292118
0.320214
0.331781
0.320632
0.300943
0.269164
0.439654
0.256455
0.262343
0.35476
0.324141
0.314006
0.269867
0.281308
0.305188
0.334032
0.27644
0.25
0.245472
0.356789
0.304092
0.305624
0.301459
0.308733
0.396471
0.325329
0.26627
0.301057
0.328692
0.280917
0.295082
0.241706
0.302434
0.287115
0.391147
0.32009
0.356027
0.263759
0.340429
0.304214
0.278481
0.323341
0.317193
0.291003
0.32223
0.244315
0.311782
0.239198
0.274041
0.4551
0.292245
0.292102
0.316879
0.253705
0.280332
0.290617
0.319055
0.297188
0.275342
0.294952
0.350722
0.347795
0.266809
0.258439
0.358853
0.308093
0.291394
0.352909
0.260206
0.342836
0.325994
0.340951
0.246229
0.284516
0.254179
0.271437
0.363358
0.329841
0.283564
0.210783
0.286455
0.257565
0.343989
0.273999
0.317806
0.304752
0.295692
0.259606
0.289638
0.328081
0.425693
0.352693
0.349382
0.280082
0.336897
0.304508
0.256989
0.311272
0.329801
0.290006
0.335291
0.313947
0.297544
0.297894
0.34535
0.34669
0.225955
0.303249
0.267284
0.268203
0.394921
0.316683
0.299918
0.271303
0.340728
0.259866
0.263904
0.300477
0.271966
0.242373
0.33127
0.245464
0.302395
0.326864
0.27392
0.266197
0.304329
0.267784
0.245747
0.311696
0.312283
0.274026
0.322608
0.340759
0.35014
0.27967
0.296057
0.212006
0.275428
0.308815
0.306053
0.303559
0.296275
0.473163
0.345827
0.282724
0.246581
0.293353
0.28892
0.267494
0.251881
0.336982
0.344516
0.400346
0.327263
0.306082
0.254858
0.255944
0.223751
0.345687
0.281945
0.342854
0.303852
0.354967
0.270014
0.313264
0.272787
0.263874
0.274365
0.217588
0.317495
0.484829
0.284799
0.267935
0.272316
0.310751
0.310314
0.302617
0.340864
0.309909
0.355582
0.299718
0.287938
0.313869
0.292695
0.28848
0.308243
0.308522
0.313751
0.275198
0.302007
0.325004
0.294243
0.278629
0.384883
0.331506
0.358931
0.221878
0.286061
0.30303
0.285938
0.246354
0.320563
0.316128
0.322204
0.266704
0.244914
0.26447
0.301031
0.303093
0.287319
0.32403
0.229311
0.301519
0.384124
0.317171
0.366796
0.31698
0.278172
0.326623
0.249546
0.380734
0.31085
0.27183
0.304736
0.298722
0.39082
0.25088
0.379832
0.286944
0.241497
0.280382
0.285149
0.311386
0.285117
0.293716
0.328039
0.280734
0.304351
0.312288
0.239301
0.339888
0.311328
0.323511
0.298112
0.252113
0.288484
0.362685
0.300651
0.289126
0.296095
0.316838
0.329346
0.328935
0.292058
0.258666
0.348192
0.275028
0.240274
0.239987
0.290165
0.313282
0.316951
0.336957
0.306109
0.289808
0.304723
0.272121
0.297476
0.353297
0.315968
0.34211
0.26599
0.289862
0.307963
0.367892
0.259732
0.251058
0.338121
0.282686
0.318122
0.31889
0.325032
0.269599
0.339182
0.286748
0.294509
0.318491
0.323453
0.345204
0.334116
0.32662
0.285795
0.242282
0.32908
0.261963
0.29546
0.31838
0.28548
0.31481
0.283476
0.314093
0.201247
0.32067
0.293882
0.288757
0.321088
0.3513
0.291476
0.345103
0.28369
0.309075
0.319379
0.277373
0.249457
0.307943
0.326401
0.256047
0.335424
0.313584
0.230597
0.298362
0.335404
0.247346
0.391982
0.303427
0.267261
0.240364
0.321383
0.287809
0.279148
0.311851
0.291498
0.294428
0.313631
0.314051
0.317088
0.325224
0.324063
0.32001
0.320229
0.257683
0.30366
0.300829
0.288012
0.357938
0.381936
0.31435
0.300097
0.322104
0.282637
0.337135
0.312117
0.302545
0.260084
0.369995
0.284837
0.408796
0.288899
0.312851
0.261268
0.294869
0.374899
0.321401
0.27702
0.329462
0.291626
0.369819
0.332407
0.295681
0.414268
0.443001
0.294237
0.276463
0.337892
0.278567
0.248037
0.291849
0.3317
0.337715
0.393393
0.256469
0.283386
0.326646
0.31926
0.308275
0.329486
0.294954
0.335943
0.272531
0.326769
0.317785
0.260686
0.276724
0.320905
0.285682
0.324931
0.274554
0.337945
0.306592
0.294922
0.326417
0.30833
0.29513
0.421126
0.339831
0.326008
0.281303
0.287224
0.289736
0.389791
0.258161
0.327822
0.335559
0.279515
0.267459
0.319525
0.313222
0.334546
0.395142
0.356536
0.367607
0.444169
0.28319
0.277718
0.289177
0.303884
0.326459
0.348626
0.364156
0.33727
0.315469
0.262294
0.294013
0.293938
0.284015
0.271023
0.312336
0.335809
0.293818
0.277344
0.319762
0.299543
0.303758
0.275039
0.38516
0.298311
0.27776
0.35689
0.327972
0.27062
0.284985
0.305493
0.299031
0.299384
0.252541
0.309144
0.361028
0.411214
0.321193
0.312368
0.312597
0.324276
0.395208
0.312211
0.301027
0.344568
0.316702
0.316306
0.433936
0.327843
0.245415
0.290184
0.273455
0.27609
0.299595
0.344744
0.275678
0.346968
0.320092
0.294215
0.335342
0.290494
0.331153
0.311143
0.305158
0.266857
0.400266
0.262808
0.307881
0.345426
0.281806
0.323194
0.298757
0.325594
0.239942
0.32581
0.309788
0.290252
0.309092
0.278112
0.315891
0.360903
0.295151
0.261589
0.272886
0.281485
0.271977
0.331267
0.34767
0.33987
0.418169
0.324494
0.277112
0.241223
0.259559
0.303495
0.32038
0.287859
0.290928
0.309538
0.342472
0.268212
0.270031
0.244722
0.324108
0.286257
0.355333
0.316654
0.285974
0.293675
0.285714
0.280876
0.285748
0.285376
0.331618
0.268834
0.280365
0.33077
0.307202
0.272525
0.38349
0.329801
0.282987
0.285949
0.292403
0.274623
0.355759
0.371859
0.245869
0.337419
0.280269
0.311701
0.304769
0.28736
0.285505
0.284704
0.324977
0.323071
0.297275
0.359791
0.411208
0.270833
0.305926
0.282137
0.420616
0.371049
0.282564
0.274761
0.29557
0.313089
0.295723
0.30106
0.279158
0.348943
0.321289
0.323639
0.315473
0.417367
0.359637
0.394422
0.315942
0.300235
0.310934
0.34721
0.294843
0.319827
0.344495
0.313111
0.287467
0.311556
0.309246
0.290256
0.290081
0.272901
0.310817
0.290541
0.310494
0.296507
0.299375
0.299461
0.28082
0.350599
0.289756
0.384934
0.279378
0.270526
0.319879
0.290944
0.329912
0.260744
0.346248
0.279606
0.308466
0.340705
0.265071
0.299619
0.328308
0.355529
0.344818
0.32203
0.330094
0.349589
0.30363
0.238183
0.295279
0.270288
0.260956
0.256904
0.278619
0.355769
0.21428
0.396409
0.333648
0.281686
0.260148
0.272256
0.373957
0.290206
0.356515
0.302694
0.275116
0.34414
0.365194
0.292537
0.277965
0.269125
0.323551
0.255143
0.277359
0.262393
0.276203
0.263912
0.293689
0.338768
0.299427
0.290129
0.354141
0.323294
0.262341
0.351245
0.276582
0.321181
0.298475
0.298826
0.28702
0.249742
0.296589
0.283808
0.258823
0.292201
0.327772
0.296139
0.249187
0.272566
0.298672
0.291886
0.330274
0.28771
0.304951
0.356026
0.376422
0.285453
0.270128
0.306293
0.298365
0.225308
0.308645
0.293691
0.29778
0.294381
0.28301
0.418496
0.393203
0.341709
0.309663
0.311188
0.258421
0.305393
0.307488
0.258144
0.40275
0.343101
0.268135
0.355048
0.368114
0.305403
0.322246
0.286015
0.282103
0.293836
0.284428
0.279831
0.316905
0.278614
0.285681
0.355552
0.309759
0.296596
0.305993
0.265515
0.257592
0.21571
0.314744
0.233696
0.380473
0.313748
0.296267
0.328664
0.320797
0.373902
0.258753
0.352035
0.327466
0.347408
0.396842
0.290315
0.214074
0.293971
0.300773
0.282531
0.348007
0.291183
0.310062
0.310025
0.329559
0.291298
0.318189
0.247223
0.358127
0.266092
0.619695
0.31281
0.263161
0.304177
0.278596
0.300295
0.308005
0.348582
0.28072
0.253066
0.316379
0.308415
0.294796
0.313158
0.304804
0.305092
0.365574
0.25614
0.298771
0.324036
0.276166
0.309843
0.287949
0.235411
0.37696
0.308859
0.312735
0.248438
0.339936
0.274696
0.325794
0.304109
0.251213
0.279701
0.258074
0.286819
0.351698
0.279199
0.314266
0.305018
0.392936
0.268165
0.303363
0.319258
0.266194
0.296758
0.310509
0.307356
0.274658
0.291998
0.353317
0.353429
0.293086
0.287798
0.308186
0.293649
0.320582
0.328609
0.31766
0.341316
0.2433
0.287183
0.32228
0.279568
0.266448
0.269304
0.316852
0.311068
0.273221
0.276596
0.261403
0.317713
0.288879
0.406546
0.330471
0.308709
0.324201
0.27498
0.296916
0.326362
0.335975
0.347702
0.368064
0.320512
0.343594
0.369567
0.292927
0.325133
0.392146
0.362264
0.273862
0.326786
0.27398
0.325671
0.270932
0.310705
0.292533
0.346487
0.352716
0.311931
0.298401
0.31403
0.277108
0.327214
0.291035
0.283783
0.330848
0.290888
0.302918
0.325497
0.302135
0.293013
0.274088
0.297917
0.303449
0.306848
0.337649
0.342984
0.33676
0.37263
0.360159
0.287353
0.260271
0.190107
0.253407
0.396818
0.297909
0.399088
0.428287
0.252093
0.409928
0.283387
0.314061
0.357477
0.398104
0.382509
0.363658
0.305844
0.348656
0.999534
0.322986
0.295346
0.298533
0.324583
0.228317
0.286699
0.29895
0.339384
0.269983
0.368954
0.409249
0.364917
0.267328
0.2413
0.253713
0.370194
0.345507
0.32616
0.355716
0.283499
0.299774
0.306319
0.248336
0.32746
0.267566
0.284586
0.306554
0.290848
0.274552
0.334273
0.286478
0.309924
0.315492
0.297517
0.350714
0.394079
0.269734
0.47586
0.287938
0.358309
0.271664
0.275515
0.169398
0.281523
0.356951
0.284522
0.328591
0.307686
0.270705
0.239351
0.334793
0.318059
0.328671
0.295984
0.289299
0.368446
0.281441
0.27566
0.345919
0.302774
0.344252
0.26854
0.289173
0.319926
0.259809
0.280355
0.335947
0.283973
0.246874
0.317312
0.26428
0.299916
0.232909
0.497854
0.33286
0.315371
0.297842
0.246516
0.377908
0.338144
0.311185
0.24413
0.30583
0.307926
0.274363
0.261109
0.296185
0.30604
0.286728
0.313257
0.238896
0.281669
0.306143
0.340532
0.306718
0.299706
0.314142
0.316633
0.256946
0.280717
0.32214
0.371249
0.345078
0.359098
0.280335
0.323946
0.265313
0.352991
0.261876
0.284785
0.425845
0.248687
0.297712
0.324341
0.249841
0.312472
0.278428
0.34611
0.349069
0.287736
0.284317
0.305775
0.348577
0.328313
0.295795
0.319104
0.334792
0.324194
0.289919
0.280309
0.298061
0.361034
0.309103
0.349948
0.300399
0.278895
0.32633
0.308444
0.337895
0.285427
0.297817
0.293825
0.306901
0.3
0.290746
0.289469
0.32612
0.283841
0.352962
0.30288
0.27582
0.293614
0.300759
0.37362
0.300225
0.296838
0.415584
0.314029
0.360756
0.252955
0.276529
0.414518
0.344573
0.270459
0.320914
0.305348
0.250777
0.413348
0.317981
0.346347
0.26514
0.330718
0.309186
0.286086
0.321638
0.271616
0.270823
0.292402
0.263235
0.314417
0.328479
0.306681
0.277135
0.357663
0.26648
0.335837
0.327741
0.301683
0.166805
0.274252
0.318978
0.383211
0.313153
0.328764
0.27985
0.279161
0.291534
0.26305
0.365102
0.402621
0.259073
0.297717
0.300049
0.313228
0.250134
0.308984
0.307129
0.332205
0.341459
0.255293
0.304022
0.347678
0.2165
0.324463
0.296036
0.355794
0.365943
0.329545
0.321584
0.31049
0.376094
0.337526
0.377961
0.336902
0.32507
0.335297
0.271392
0.254318
0.303834
0.357156
0.266043
0.500641
0.294227
0.319961
0.263359
0.312366
0.271387
0.328007
0.356815
0.280802
0.274355
0.321402
0.281171
0.281443
0.363148
0.346825
0.252209
0.353674
0.262758
0.297239
0.331275
0.328064
0.319002
0.304815
0.28972
0.26652
0.264359
0.292106
0.318241
0.296203
0.314302
0.325404
0.345031
0.269443
0.289123
0.362579
0.268624
0.317091
0.316792
0.403991
0.27756
0.378394
0.359192
0.272267
0.284343
0.321343
0.316401
0.285963
0.345634
0.265987
0.279489
0.361741
0.335225
0.224164
0.329337
0.329261
0.351652
0.359602
0.272826
0.331758
0.289048
0.284673
0.362789
0.298627
0.286169
0.304945
0.26158
0.336591
0.303143
0.321384
0.27883
0.323905
0.228849
0.345295
0.391981
0.277871
0.264957
0.32288
0.270337
0.351455
0.413221
0.313285
0.316501
0.263858
0.24413
0.350364
0.290473
0.253928
0.282562
0.335278
0.271301
0.275579
0.398426
0.336615
0.30694
0.327579
0.300428
0.298793
0.342083
0.381206
0.305394
0.300177
0.327407
0.364448
0.335206
0.331938
0.308839
0.38235
0.306863
0.235147
0.293756
0.408247
0.287926
0.289018
0.263793
0.26118
0.292432
0.325553
0.280067
0.295101
0.311039
0.351449
0.297524
0.278336
0.360906
0.306376
0.328944
0.344383
0.315327
0.328634
0.268806
0.294813
0.322069
0.300158
0.302601
0.258607
0.235247
0.33752
0.282689
0.347164
0.318094
0.376047
0.359328
0.345251
0.365095
0.336211
0.295509
0.398382
0.341422
0.251115
0.317134
0.285502
0.318182
0.29879
0.282055
0.296187
0.285736
0.297817
0.293761
0.287313
0.301711
0.383523
0.307131
0.324095
0.27843
0.41759
0.2637
0.188153
0.250043
0.322874
0.390966
0.251881
0.288789
0.277047
0.344624
0.285794
0.298587
0.290979
0.400346
0.287192
0.3845
0.328532
0.244805
0.263883
0.306711
0.344774
0.300882
0.271293
0.317059
0.257723
0.233401
0.569571
0.364442
0.259135
0.276771
0.297263
0.290809
0.301426
0.314077
0.304194
0.286641
0.296943
0.287746
0.3424
0.315276
0.344552
0.331934
0.327545
0.279527
0.308474
0.297406
0.280902
0.288818
0.319092
0.333161
0.311585
0.280391
0.289935
0.291566
0.250569
0.486954
0.374297
0.312017
0.314016
0.341821
0.27674
0.310033
0.297888
0.29332
0.264131
0.28105
0.281824
0.318149
0.339593
0.338952
0.398393
0.301914
0.34973
0.305366
0.300323
0.333333
0.297855
0.386142
0.280704
0.304168
0.277129
0.351812
0.489868
0.256647
0.205351
0.292786
0.288216
0.302079
0.286808
0.369415
0.318916
0.409896
0.284712
0.277713
0.34906
0.280947
0.285532
0.275549
0.356117
0.24984
0.308963
0.312631
0.306733
0.327368
0.296916
0.407151
0.301464
0.282098
0.284941
0.341327
0.269376
0.299775
0.328235
0.344164
0.294376
0.288578
0.25496
0.266892
0.329143
0.323684
0.318247
0.2787
0.458285
0.305481
0.305086
0.289549
0.299293
0.319825
0.288491
0.339354
0.30695
0.292442
0.360632
0.296296
0.453482
0.255664
0.373947
0.35601
0.306292
0.324535
0.328283
0.312076
0.356319
0.275391
0.265969
0.361437
0.321368
0.32577
0.438478
0.35076
0.297037
0.282952
0.305122
0.270201
0.322349
0.350284
0.289974
0.289501
0.410036
0.310142
0.313236
0.272283
0.386325
0.28713
0.309901
0.283503
0.324553
0.357865
0.308827
0.330838
0.34294
0.271288
0.270079
0.303841
0.339372
0.285694
0.344737
0.286555
0.298611
0.325113
0.312172
0.331821
0.315189
0.259262
0.328385
0.285273
0.251727
0.309997
0.289792
0.333104
0.317104
0.219884
0.259349
0.286855
0.292348
0.265142
0.266374
0.262367
0.262205
0.33005
0.303888
0.348944
0.319892
0.235096
0.326519
0.302711
0.24912
0.295482
0.311802
0.316344
0.299898
0.251695
0.304365
0.426134
0.334255
0.307883
0.299669
0.340541
0.290293
0.324318
0.252403
0.311426
0.29523
0.331998
0.485438
0.317337
0.293316
0.289867
0.352045
0.321135
0.293139
0.313916
0.352878
0.270191
0.317413
0.291725
0.239683
0.351093
0.295512
0.29441
0.27977
0.300308
0.260127
0.294549
0.324165
0.23641
0.312545
0.242803
0.255952
0.229701
0.29415
0.333415
0.308535
0.375934
0.2786
0.407536
0.313104
0.260669
0.300047
0.29424
0.349379
0.30399
0.327644
0.284545
0.27985
0.402762
0.297712
0.251131
0.304316
0.336547
0.326347
0.374051
0.304624
0.21934
0.30448
0.269634
0.349611
0.341046
0.310665
0.343535
0.332633
0.367465
0.309459
0.279913
0.23646
0.261883
0.363303
0.25246
0.294744
0.31401
0.28609
0.29399
0.351925
0.253224
0.263119
0.305166
0.323229
0.318857
0.300009
0.31572
0.287562
0.307054
0.323424
0.326062
0.316139
0.295079
0.467052
0.344842
0.31265
0.303062
0.294008
0.307491
0.328015
0.284881
0.367172
0.338937
0.31193
0.337468
0.298278
0.246527
0.377672
0.298067
0.310444
0.301138
0.28769
0.304759
0.307115
0.285358
0.351812
0.277529
0.29685
0.278634
0.288995
0.256253
0.331405
0.237161
0.346125
0.290611
0.319666
0.348123
0.352769
0.366088
0.287915
0.271311
0.300891
0.311053
0.316451
0.319625
0.299501
0.30634
0.336804
0.309691
0.290098
0.323683
0.30971
0.422603
0.300424
0.256274
0.28852
0.276509
0.348262
0.29621
0.261795
0.285324
0.315714
0.295413
0.420045
0.369864
0.342517
0.345648
0.362402
0.349893
0.290404
0.358133
0.268968
0.324803
0.360332
0.3262
0.249979
0.317813
0.318377
0.319036
0.27622
0.24876
0.289412
0.310703
0.28803
0.341994
0.274748
0.262755
0.280672
0.299346
0.260027
0.322928
0.336383
0.311634
0.263732
0.284805
0.276432
0.286938
0.291557
0.292266
0.275382
0.335374
0.359192
0.298018
0.303779
0.312296
0.323102
0.304909
0.276504
0.274028
0.381815
0.336703
0.299751
0.392947
0.313734
0.351069
0.305692
0.292643
0.269343
0.280243
0.453665
0.313074
0.271886
0.288064
0.242396
0.360861
0.325383
0.267152
0.277757
0.335506
0.284449
0.291791
0.275
0.304735
0.336185
0.294946
0.328441
0.301389
0.297529
0.245245
0.3125
0.238611
0.286045
0.298572
0.398929
0.369835
0.337708
0.334048
0.268232
0.27502
0.298012
0.283243
0.314519
0.487665
0.305289
0.333248
0.345728
0.325631
0.301227
0.325893
0.269126
0.308931
0.321617
0.276076
0.288344
0.330244
0.328922
0.275311
0.274247
0.324736
0.310267
0.265038
0.295554
0.273589
0.266848
0.314915
0.273917
0.295597
0.248885
0.327175
0.285614
0.259998
0.326669
0.247551
0.278131
0.281001
0.273788
0.294533
0.273567
0.276581
0.322594
0.366524
0.398603
0.327566
0.304085
0.269602
0.304755
0.283406
0.303921
0.335154
0.288472
0.263002
0.291959
0.256859
0.303409
0.326814
0.242335
0.351541
0.381844
0.336039
0.290948
0.310198
0.301992
0.287935
0.30102
0.277198
0.265577
0.334376
0.308112
0.347134
0.240898
0.267204
0.340282
0.316633
0.241227
0.275988
0.433194
0.292468
0.262913
0.308464
0.266727
0.3216
0.273834
0.360388
0.29454
0.310323
0.325324
0.247201
0.317598
0.283967
0.249112
0.345686
0.344066
0.286015
0.334275
0.309803
0.296869
0.30113
0.33013
0.243324
0.276215
0.358768
0.32747
0.290562
0.314056
0.184534
0.329245
0.318521
0.305613
0.234273
0.312204
0.314961
0.269515
0.296069
0.318357
0.351638
0.273199
0.419332
0.265826
0.323952
0.304389
0.279614
0.331295
0.287452
0.336707
0.325663
0.285142
0.26984
0.372704
0.322465
0.347788
0.340372
0.293396
0.294544
0.237446
0.339874
0.28909
0.339798
0.295506
0.243603
0.353757
0.230235
0.325598
0.288032
0.253312
0.342973
0.291744
0.269243
0.348551
0.287942
0.306884
0.245029
0.277431
0.367905
0.298753
0.294471
0.326067
0.389828
0.400307
0.304031
0.328526
0.260086
0.274531
0.343126
0.289459
0.311276
0.348074
0.282835
0.254622
0.307024
0.298105
0.299686
0.29646
0.321662
0.324779
0.293245
0.340459
0.386288
0.291307
0.355449
0.285609
0.283449
0.320271
0.302656
0.393817
0.327984
0.310798
0.338158
0.235717
0.290299
0.251696
0.308359
0.348959
0.347628
0.270906
0.355839
0.263896
0.299423
0.306971
0.279452
0.295637
0.298419
0.333456
0.363307
0.304447
0.352639
0.383954
0.300213
0.310245
0.345408
0.329431
0.332465
0.268045
0.352524
0.397954
0.272116
0.301384
0.276009
0.286782
0.321526
0.276393
0.324719
0.305763
0.311823
0.364228
0.291984
0.258527
0.334021
0.283067
0.251666
0.272101
0.275719
0.211552
0.283529
0.308507
0.278898
0.291419
0.256512
0.447967
0.339824
0.298964
0.380725
0.351842
0.326247
0.318624
0.306671
0.276718
0.278139
0.302194
0.237923
0.307468
0.321408
0.311669
0.310698
0.280843
0.276985
0.378659
0.406651
0.317083
0.272258
0.352439
0.380845
0.325408
0.353983
0.323975
0.300009
0.363681
0.338115
0.306343
0.355671
0.310022
0.316949
0.304846
0.36945
0.320608
0.402466
0.290449
0.293345
0.272552
0.334612
0.265685
0.339142
0.349996
0.281166
0.239906
0.327588
0.263213
0.407791
0.271261
0.423748
0.350812
0.320981
0.316449
0.291847
0.323436
0.286505
0.253176
0.334661
0.283902
0.273077
0.338664
0.292902
0.25845
0.269768
0.301143
0.279839
0.428238
0.289638
0.284478
0.261436
0.32416
0.327525
0.297398
0.292451
0.23913
0.357222
0.276317
0.313247
0.32117
0.287249
0.305786
0.303979
0.328547
0.347287
0.318608
0.261623
0.267668
0.264863
0.2959
0.286013
0.324305
0.321958
0.311206
0.349333
0.321256
0.311777
0.258668
0.298147
0.294762
0.292092
0.296311
0.311125
0.340552
0.280094
0.29041
0.299655
0.332997
0.33673
0.267883
0.313968
0.343912
0.294661
0.380663
0.293661
0.310611
0.310525
0.248943
0.330155
0.295857
0.308066
0.338606
0.281647
0.272698
0.290391
0.208298
0.251308
0.420779
0.252771
0.285395
0.292746
0.268332
0.323873
0.311854
0.326784
0.284994
0.32475
0.360252
0.315344
0.409709
0.304359
0.332658
0.284871
0.271254
0.389065
0.302588
0.303123
0.365616
0.326617
0.306695
0.254265
0.301144
0.340782
0.386689
0.358127
0.283076
0.350081
0.304635
0.326827
0.340193
0.284512
0.285111
0.310712
0.317128
0.313613
0.260129
0.316601
0.336035
0.247047
0.266412
0.305058
0.304415
0.314123
0.358635
0.377963
0.301779
0.267011
0.329702
0.309953
0.294253
0.331628
0.28082
0.306505
0.313654
0.272527
0.294423
0.325141
0.294673
0.286792
0.404527
0.354994
0.298586
0.3485
0.26683
0.303724
0.290239
0.268437
0.254872
0.273521
0.302854
0.371865
0.305093
0.264111
0.307724
0.377209
0.373756
0.396868
0.360177
0.331917
0.408316
0.26758
0.317474
0.279767
0.348571
0.313093
0.333014
0.311525
0.255561
0.318282
0.314992
0.361396
0.360685
0.364337
0.313042
0.33867
0.333304
0.317263
0.349829
0.301399
0.262093
0.287143
0.325306
0.299583
0.319498
0.287555
0.333599
0.309496
0.324271
0.288721
0.331856
0.248215
0.305178
0.255322
0.298315
0.324755
0.298756
0.326364
0.275753
0.316304
0.275978
0.334535
0.280233
0.323127
0.27777
0.250465
0.261946
0.308343
0.348138
0.309924
0.288085
0.327454
0.304673
0.305275
0.324821
0.294466
0.400903
0.303274
0.311293
0.279226
0.328686
0.275744
0.332491
0.296346
0.360213
0.334858
0.26748
0.324008
0.25
0.313146
0.300601
0.229708
0.291723
0.250665
0.328814
0.21314
0.272361
0.399138
0.269627
0.346598
0.36676
0.291593
0.394522
0.298068
0.272414
0.292373
0.262322
0.298025
0.238501
0.290171
0.280595
0.339112
0.324147
0.291143
0.288012
0.491653
0.261625
0.298657
0.316594
0.311908
0.342467
0.275568
0.280062
0.392216
0.293637
0.285564
0.306389
0.328699
0.274383
0.305976
0.291232
0.305803
0.276414
0.294204
0.313342
0.295199
0.317248
0.241846
0.295806
0.28899
0.268458
0.276813
0.201469
0.280987
0.260829
0.308384
0.263231
0.28872
0.30664
0.286756
0.311566
0.304602
0.310256
0.314353
0.321552
0.314999
0.295042
0.292662
0.344881
0.394154
0.342565
0.262508
0.239522
0.31462
0.32955
0.280727
0.29308
0.317392
0.30071
0.289181
0.294933
0.279855
0.294869
0.295891
0.321507
0.266151
0.266982
0.334334
0.302174
0.402843
0.27188
0.330348
0.261396
0.33394
0.211251
0.297722
0.300177
0.294347
0.333562
0.317766
0.424546
0.21699
0.315064
0.290501
0.27873
0.325834
0.308147
0.290705
0.343563
0.285959
0.31308
0.330796
0.356158
0.260363
0.425947
0.206526
0.327198
0.295071
0.313433
0.311731
0.426832
0.270913
0.317451
0.312128
0.267144
0.290045
0.336902
0.366642
0.323739
0.363567
0.280093
0.236923
0.281103
0.274985
0.244372
0.375477
0.297817
0.355366
0.325829
0.269254
0.325835
0.325311
0.329585
0.373094
0.252553
0.244714
0.281137
0.330374
0.278173
0.388612
0.306642
0.258763
0.300453
0.324661
0.313785
0.393341
0.306207
0.287636
0.276162
0.286274
0.381424
0.371148
0.267464
0.272173
0.349263
0.246987
0.280645
0.354803
0.336771
0.262002
0.347196
0.302311
0.311414
0.325346
0.29134
0.202294
0.309788
0.366655
0.330124
0.35403
0.259281
0.272907
0.275989
0.293551
0.310569
0.296793
0.269223
0.298566
0.266319
0.29056
0.313171
0.325993
0.300534
0.32097
0.321288
0.329042
0.240195
0.262223
0.313563
0.335514
0.331798
0.311005
0.297493
0.41153
0.243904
0.28987
0.312005
0.315825
0.281333
0.531025
0.288819
0.279586
0.319863
0.353193
0.31546
0.226326
0.314281
0.309697
0.310821
0.312184
0.268324
0.278461
0.366187
0.354452
0.361672
0.319711
0.312104
0.352976
0.354791
0.323452
0.298879
0.256337
0.27013
0.380145
0.322775
0.319003
0.596337
0.294736
0.322914
0.286751
0.368972
0.308771
0.327923
0.583316
0.31728
0.286463
0.355873
0.329418
0.306492
0.330246
0.362079
0.335155
0.310776
0.340811
0.276601
0.343618
0.315262
0.273882
0.336922
0.291193
0.307296
0.320191
0.190185
0.287391
0.25813
0.396863
0.380109
0.287076
0.339492
0.274146
0.306793
0.356398
0.281865
0.274739
0.363409
0.306068
0.41744
0.29617
0.326884
0.325061
0.312545
0.319387
0.342556
0.333078
0.316527
0.350222
0.311324
0.329024
0.29612
0.240299
0.290927
0.290546
0.326998
0.293775
0.333595
0.197636
0.238898
0.295645
0.292133
0.417589
0.393239
0.279096
0.248058
0.22003
0.276071
0.303924
0.304658
0.324876
0.325076
0.298942
0.262575
0.280436
0.320806
0.437681
0.293732
0.249875
0.275571
0.306991
0.304609
0.321119
0.324229
0.367786
0.313259
0.225898
0.266556
0.327578
0.350072
0.313454
0.237894
0.335142
0.301809
0.27869
0.297691
0.332784
0.290788
0.309145
0.307812
0.233395
0.384392
0.338712
0.436983
0.32156
0.255471
0.259421
0.281046
0.257323
0.341542
0.299063
0.296789
0.279459
0.284743
0.462444
0.345719
0.27648
0.364244
0.303089
0.278353
0.334883
0.305544
0.306113
0.342083
0.271301
0.444881
0.328414
0.300189
0.34384
0.406436
0.339667
0.315539
0.370312
0.288904
0.3149
0.270033
0.319706
0.319276
0.269896
0.298961
0.29803
0.294722
0.367141
0.288928
0.404243
0.323851
0.356991
0.298835
0.296574
0.306758
0.242916
0.364634
0.358484
0.251912
0.332154
0.302398
0.313446
0.293067
0.318828
0.323031
0.351796
0.291918
0.321279
0.336364
0.34802
0.287653
0.270485
0.283712
0.257589
0.290501
0.328599
0.307456
0.293011
0.314669
0.30771
0.27445
0.278536
0.438721
0.334591
0.318932
0.27841
0.311527
0.404561
0.290912
0.316254
0.305166
0.296623
0.261119
0.298289
0.319689
0.259128
0.315648
0.274811
0.270797
0.278541
0.298666
0.296277
0.286079
0.361381
0.397624
0.317849
0.309026
0.277293
0.280114
0.368056
0.327654
0.307216
0.277307
0.349331
0.240874
0.268674
0.341492
0.250186
0.331254
0.28279
0.315954
0.359118
0.269253
0.392384
0.313158
0.357698
0.350626
0.296069
0.292225
0.313949
0.217112
0.296597
0.31288
0.283885
0.271451
0.356104
0.191218
0.280832
0.319192
0.279406
0.233819
0.288748
0.287937
0.278446
0.319031
0.379066
0.340993
0.31552
0.281755
0.2791
0.315362
0.210321
0.31505
0.286382
0.307972
0.339073
0.295477
0.230895
0.325364
0.296659
0.216663
0.320585
0.303571
0.260303
0.355934
0.353352
0.353313
0.355463
0.35764
0.272491
0.274753
0.278586
0.325268
0.286839
0.295909
0.29887
0.349185
0.331927
0.258887
0.254959
0.32027
0.397711
0.296558
0.309191
0.267048
0.260377
0.350956
0.304401
0.379738
0.289775
0.264524
0.362813
0.30364
0.258908
0.32405
0.32539
0.32656
0.309177
0.253384
0.261095
0.241838
0.263297
0.312373
0.286442
0.263186
0.32277
0.285668
0.317537
0.305779
0.321449
0.31044
0.314064
0.255021
0.311499
0.251411
0.298896
0.366962
0.326297
0.353058
0.372258
0.294478
0.269372
0.287045
0.283881
0.464738
0.292113
0.314604
0.296858
0.313142
0.285281
0.28396
0.310701
0.296915
0.309941
0.306085
0.353314
0.299696
0.334488
0.283953
0.277648
0.27106
0.316518
0.3701
0.329155
0.373001
0.294938
0.304006
0.263492
0.332694
0.355423
0.302866
0.404833
0.36172
0.280824
0.262245
0.357488
0.232081
0.357583
0.340643
0.265334
0.321641
0.324537
0.296872
0.308651
0.308282
0.323937
0.266862
0.340825
0.273052
0.421194
0.428923
0.387486
0.303882
0.323264
0.171024
0.338317
0.289449
0.366954
0.297042
0.238735
0.311546
0.296026
0.308397
0.327501
0.324307
0.286898
0.318877
0.269943
0.338419
0.32155
0.348576
0.346727
0.285523
0.364397
0.308287
0.302719
0.366757
0.327322
0.253112
0.340041
0.313633
0.312995
0.305295
0.242243
0.307772
0.377834
0.32638
0.286537
0.279505
0.431678
0.341043
0.495594
0.25201
0.316361
0.351697
0.27999
0.272504
0.311257
0.293642
0.320274
0.295421
0.302959
0.29157
0.348795
0.342808
0.256779
0.298231
0.34495
0.321565
0.292714
0.328265
0.414456
0.330714
0.27456
0.311189
0.286073
0.325275
0.301525
0.347428
0.294046
0.290668
0.390828
0.334314
0.305549
0.18112
0.326666
0.324916
0.247101
0.367419
0.301104
0.307795
0.306247
0.314728
0.353914
0.419384
0.288569
0.3105
0.276391
0.336798
0.327892
0.334213
0.200299
0.272303
0.32108
0.352677
0.281649
0.28781
0.312141
0.291167
0.279043
0.313154
0.331175
0.285159
0.286723
0.267967
0.322885
0.29169
0.296355
0.296906
0.297102
0.2836
0.261094
0.317333
0.293898
0.309002
0.291911
0.351136
0.287554
0.273784
0.328353
0.367648
0.228423
0.273639
0.253592
0.303555
0.350535
0.304573
0.305612
0.414396
0.337999
0.278855
0.403913
0.347716
0.291801
0.282348
0.336215
0.338193
0.303701
0.325827
0.330176
0.306436
0.339497
0.319212
0.296987
0.284287
0.260971
0.137739
0.377401
0.31508
0.27549
0.288297
0.310285
0.27711
0.384156
0.298549
0.376816
0.44278
0.436303
0.272666
0.294296
0.288386
0.297049
0.31262
0.306129
0.349629
0.294072
0.311639
0.30316
0.305835
0.30748
0.323122
0.298363
0.320465
0.309564
0.369661
0.272508
0.210128
0.331625
0.297808
0.280417
0.271023
0.286646
0.290417
0.274521
0.407542
0.300396
0.278446
0.332197
0.338039
0.307642
0.349154
0.258819
0.369974
0.318781
0.309192
0.205445
0.202671
0.259469
0.268878
0.353093
0.347023
0.348399
0.351543
0.276238
0.319895
0.677183
0.276929
0.312621
0.351478
0.285298
0.301782
0.340023
0.355515
0.349579
0.272021
0.313242
0.29612
0.296113
0.278884
0.268685
0.333301
0.312214
0.350935
0.280476
0.33538
0.396228
0.31698
0.302081
0.268175
0.284788
0.289692
0.357338
0.319251
0.38812
0.2892
0.361656
0.287483
0.35451
0.34176
0.22487
0.337331
0.2346
0.278779
0.326569
0.295848
0.255938
0.324388
0.25702
0.333641
0.262542
0.274845
0.303395
0.25809
0.275081
0.315116
0.281543
0.334438
0.374887
0.28709
0.382825
0.279463
0.291061
0.217403
0.297852
0.376398
0.32066
0.329223
0.296714
0.30315
0.334297
0.309315
0.290456
0.285648
0.251655
0.279299
0.290084
0.309085
0.4125
0.308948
0.369806
0.311856
0.303904
0.312465
0.254153
0.386917
0.26908
0.298729
0.29703
0.330583
0.27166
0.322241
0.381284
0.348744
0.253593
0.23267
0.275634
0.246466
0.30172
0.306147
0.337863
0.326363
0.274577
0.348437
0.393036
0.333818
0.489284
0.423031
0.271197
0.248465
0.215544
0.3342
0.282603
0.329987
0.361098
0.255889
0.222138
0.260081
0.297554
0.25544
0.326419
0.311276
0.294693
0.318517
0.330771
0.289756
0.341105
0.299836
0.259109
0.294122
0.331091
0.263346
0.292716
0.295558
0.282545
0.330977
0.296766
0.246736
0.305728
0.336698
0.297137
0.265529
0.291527
0.372184
0.316827
0.256317
0.289045
0.311762
0.356578
0.302549
0.296532
0.308036
0.330291
0.230003
0.232264
0.341527
0.352951
0.303354
0.356058
0.389095
0.27963
0.308614
0.359679
0.309926
0.253968
0.270206
0.307969
0.312915
0.299504
0.386671
0.277653
0.353839
0.294748
0.400986
0.28504
0.267754
0.338134
0.282992
0.266189
0.265547
0.300822
0.341642
0.254755
0.265196
0.270272
0.299766
0.308752
0.328554
0.269589
0.29111
0.345887
0.400052
0.301525
0.324773
0.362708
0.28024
0.343515
0.267738
0.28955
0.294867
0.297379
0.305749
0.346164
0.261999
0.288046
0.321153
0.310178
0.299693
0.230407
0.336142
0.339035
0.239906
0.231243
0.27925
0.321973
0.253858
0.400338
0.317414
0.265685
0.269592
0.352907
0.275597
0.25361
0.317942
0.297501
0.308675
0.269689
0.274394
0.317768
0.269852
0.266984
0.313996
0.349342
0.265037
0.310191
0.36704
0.34313
0.310429
0.311854
0.316266
0.375582
0.329617
0.268927
0.221941
0.286186
0.328495
0.331636
0.268533
0.296115
0.432224
0.29639
0.323863
0.331602
0.26327
0.288474
0.295486
0.274389
0.276032
0.271137
0.286452
0.305782
0.309214
0.264729
0.346138
0.336952
0.306524
0.292266
0.334209
0.30015
0.311032
0.328152
0.286074
0.410882
0.361279
0.314091
0.354769
0.341063
0.282624
0.270241
0.270494
0.279293
0.31964
0.398566
0.280294
0.254296
0.25733
0.319816
0.301161
0.308562
0.285649
0.314125
0.315311
0.327942
0.524276
0.330405
0.360915
0.293642
0.299694
0.324146
0.354768
0.26646
0.355827
0.328195
0.286636
0.326019
0.279782
0.251507
0.304555
0.361629
0.341438
0.290381
0.245387
0.327274
0.294561
0.309389
0.318046
0.250719
0.279801
0.259715
0.344861
0.298645
0.352232
0.276811
0.323349
0.224138
0.303112
0.289411
0.417826
0.279932
0.298358
0.29742
0.25233
0.26927
0.222331
0.303893
0.334423
0.267239
0.326842
0.305857
0.317554
0.318111
0.264031
0.26333
0.321676
0.335001
0.262893
0.268421
0.334522
0.309759
0.297719
0.260831
0.348868
0.282908
0.342959
0.313793
0.253225
0.25987
0.284177
0.288078
0.338568
0.318884
0.331337
0.363319
0.349068
0.345817
0.311063
0.261886
0.350735
0.301804
0.405375
0.310077
0.334516
0.341942
0.287595
0.267961
0.354117
0.27887
0.33625
0.423144
0.269436
0.292212
0.254773
0.298253
0.309182
0.272275
0.297461
0.315546
0.225772
0.359161
0.306819
0.391127
0.269708
0.29355
0.302263
0.346419
0.329265
0.304989
0.253582
0.302792
0.284967
0.298068
0.337205
0.256773
0.327218
0.254205
0.329285
0.29605
0.34668
0.335729
0.388615
0.257812
0.272033
0.281164
0.317377
0.295917
0.297579
0.269903
0.288196
0.330561
0.319614
0.268303
0.278341
0.243328
0.261386
0.323344
0.272609
0.327768
0.287448
0.25222
0.295697
0.334515
0.271865
0.310149
0.306866
0.313879
0.291925
0.322449
0.324733
0.436866
0.26385
0.264704
0.295438
0.337448
0.256161
0.301114
0.295703
0.285669
0.31767
0.289655
0.264861
0.268352
0.370101
0.287739
0.32491
0.302986
0.304701
0.290068
0.270895
0.345605
0.266322
0.262196
0.457078
0.320063
0.232635
0.246036
0.318085
0.34375
0.330425
0.3047
0.315574
0.2534
0.303997
0.329478
0.347773
0.324793
0.302498
0.291465
0.321994
0.31947
0.277075
0.271686
0.257979
0.318258
0.267816
0.297118
0.298959
0.341396
0.340548
0.305266
0.354948
0.283253
0.320815
0.266233
0.324359
0.320407
0.344462
0.317549
0.38295
0.32352
0.222834
0.38912
0.341174
0.309999
0.346234
0.314097
0.297191
0.381194
0.229957
0.273529
0.342148
0.290763
0.260866
0.291376
0.270402
0.279511
0.275449
0.286596
0.372715
0.310543
0.267895
0.447502
0.33612
0.434458
0.309406
0.27393
0.322958
0.319626
0.32001
0.248672
0.325549
0.279961
0.285175
0.271126
0.354839
0.301218
0.313656
0.369508
0.268246
0.339695
0.284958
0.314143
0.306656
0.277791
0.336982
0.294721
0.3671
0.291207
0.44803
0.376618
0.252094
0.305801
0.275827
0.264136
0.309864
0.287696
0.327167
0.297597
0.315378
0.336096
0.289504
0.239704
0.301911
0.245756
0.300703
0.304199
0.331528
0.328592
0.339113
0.373735
0.331718
0.271597
0.265933
0.29307
0.28433
0.271417
0.28476
0.315344
0.267407
0.264032
0.28749
0.236408
0.391843
0.305527
0.328221
0.351265
0.299242
0.389868
0.302233
0.303937
0.308034
0.355054
0.274981
0.289294
0.297832
0.313039
0.330259
0.310666
0.323827
0.28559
0.414397
0.286014
0.327915
0.344577
0.349915
0.305219
0.287306
0.297375
0.329781
0.320821
0.319968
0.281609
0.400551
0.284931
0.321678
0.252333
0.302254
0.286343
0.349977
0.346846
0.32822
0.272425
0.277792
0.239136
0.315707
0.290773
0.342276
0.356448
0.252485
0.277204
0.320314
0.285641
0.339841
0.310703
0.34467
0.261774
0.309175
0.300745
0.318981
0.317965
0.275953
0.334975
0.2938
0.316413
0.296302
0.291376
0.287432
0.327337
0.377325
0.275195
0.248383
0.300777
0.29427
0.385988
0.284807
0.295282
0.299101
0.32999
0.297726
0.289029
0.215484
0.329358
0.310662
0.303791
0.28833
0.351998
0.362793
0.297759
0.273271
0.255723
0.278224
0.290115
0.42805
0.274161
0.352797
0.32328
0.282322
0.368691
0.292743
0.286868
0.27448
0.300858
0.288759
0.315728
0.394389
0.337243
0.341714
0.392888
0.34384
0.264431
0.302711
0.32123
0.363382
0.335862
0.325324
0.297239
0.301332
0.344816
0.294233
0.29226
0.355768
0.285221
0.351503
0.321791
0.271903
0.385789
0.267301
0.317826
0.27093
0.281567
0.276284
0.310457
0.445497
0.319555
0.272582
0.277249
0.299602
0.304383
0.393328
0.310183
0.280657
0.290032
0.328362
0.274284
0.294544
0.372914
0.351078
0.294034
0.307556
0.312217
0.306096
0.36423
0.321483
0.346178
0.265016
0.331113
0.217276
0.262844
0.372258
0.300814
0.332062
0.345522
0.310713
0.338581
0.36588
0.321724
0.30335
0.317748
0.223579
0.42529
0.257047
0.38399
0.386686
0.243355
0.183588
0.311566
0.32618
0.412733
0.303739
0.29938
0.297169
0.325928
0.323414
0.338276
0.250931
0.310716
0.317728
0.297414
0.271276
0.303524
0.390015
0.34375
0.337383
0.290658
0.314802
0.300884
0.25205
0.307673
0.277542
0.328241
0.330499
0.437558
0.29703
0.372549
0.355949
0.303906
0.356519
0.320229
0.259527
0.430366
0.248712
0.286208
0.258638
0.264115
0.35206
0.340619
0.310955
0.385024
0.279484
0.309851
0.343168
0.462936
0.281496
0.385181
0.257964
0.258012
0.371358
0.283939
0.271207
0.306015
0.345289
0.313478
0.307977
0.308935
0.324681
0.34942
0.339976
0.338135
0.302506
0.348712
0.284624
0.311561
0.26408
0.493132
0.306513
0.296486
0.320197
0.311971
0.286118
0.258027
0.363286
0.317341
0.34096
0.309929
0.274879
0.333333
0.297976
0.309739
0.296915
0.288921
0.371534
0.292552
0.276466
0.352106
0.275748
0.333931
0.3299
0.285625
0.288845
0.354902
0.310599
0.330379
0.243538
0.251485
0.294401
0.405294
0.260181
0.260738
0.334223
0.281431
0.340363
0.278402
0.266283
0.207652
0.322187
0.299717
0.276454
0.365196
0.29507
0.386572
0.330976
0.295153
0.297663
0.30193
0.311367
0.299247
0.252907
0.273089
0.309516
0.315608
0.286421
0.321
0.277587
0.303973
0.233409
0.279768
0.361609
0.253233
0.279951
0.364101
0.298031
0.28583
0.271816
0.32544
0.294205
0.27675
0.264185
0.304218
0.363891
0.354023
0.295898
0.272766
0.464093
0.282524
0.245112
0.287538
0.283202
0.33643
0.348321
0.326863
0.294194
0.266124
0.308524
0.257388
0.306248
0.329613
0.335766
0.246104
0.315735
0.151492
0.29188
0.26278
0.240115
0.26261
0.422607
0.323455
0.239171
0.368588
0.27784
0.28106
0.356857
0.297916
0.268885
0.296008
0.258197
0.305519
0.216676
0.271707
0.318188
0.293732
0.324836
0.283829
0.271701
0.342426
0.316684
0.29912
0.332061
0.410631
0.335604
0.26933
0.230358
0.256627
0.28939
0.269936
0.251929
0.267106
0.279383
0.267066
0.33884
0.317679
0.281205
0.37192
0.305644
0.243262
0.335516
0.288419
0.361697
0.341132
0.393065
0.349646
0.233762
0.328753
0.244
0.398302
0.277434
0.377137
0.345986
0.290826
0.310217
0.30364
0.284833
0.292621
0.33951
0.358997
0.28774
0.261191
0.283774
0.381039
0.295497
0.322698
0.33348
0.278916
0.370237
0.338499
0.318881
0.350888
0.228814
0.286699
0.341272
0.283093
0.284256
0.359342
0.338711
0.319619
0.281764
0.325025
0.346973
0.404535
0.253001
0.279553
0.312505
0.263197
0.218233
0.231885
0.303104
0.296931
0.301284
0.296535
0.281398
0.279765
0.368111
0.395576
0.277468
0.332199
0.331812
0.315852
0.291617
0.276378
0.263937
0.245453
0.308506
0.297398
0.31157
0.293459
0.37509
0.322935
0.293151
0.465937
0.31258
0.313201
0.252487
0.290836
0.351209
0.285375
0.29791
0.294136
0.302731
0.241003
0.272298
0.324762
0.257854
0.295691
0.333782
0.282013
0.262701
0.39537
0.296236
0.286213
0.288509
0.349612
0.333596
0.429265
0.347338
0.277428
0.325786
0.268482
0.297434
0.37353
0.323696
0.393198
0.340363
0.231483
0.338745
0.275255
0.30872
0.316107
0.303122
0.337913
0.328022
0.30708
0.25777
0.651512
0.253632
0.288031
0.345857
0.318348
0.371127
0.288452
0.399231
0.299347
0.352923
0.292787
0.258152
0.424842
0.368288
0.300497
0.316066
0.355955
0.322859
0.359224
0.299461
0.224106
0.284764
0.298251
0.305122
0.311381
0.266784
0.265506
0.275832
0.346482
0.276418
0.324349
0.336862
0.287349
0.309833
0.329505
0.303858
0.300117
0.317058
0.289043
0.377424
0.289544
0.305086
0.395195
0.250555
0.29389
0.283454
0.310882
0.326658
0.296949
0.25044
0.319392
0.294487
0.303293
0.30457
0.300913
0.296279
0.389895
0.299064
0.298796
0.251565
0.259505
0.261573
0.333022
0.318801
0.287403
0.281519
0.343331
0.327838
0.273134
0.287507
0.319246
0.252503
0.243974
0.308206
0.317576
0.294538
0.338829
0.302937
0.261078
0.356336
0.311703
0.294673
0.29249
0.314135
0.305616
0.298759
0.316578
0.266251
0.326199
0.678632
0.368213
0.288804
0.266875
0.382665
0.324967
0.254014
0.337639
0.267531
0.293816
0.347319
0.225497
0.322211
0.290589
0.281294
0.370088
0.342642
0.29993
0.304933
0.350691
0.299279
0.240307
0.356778
0.411351
0.296757
0.24788
0.424745
0.403751
0.262104
0.356009
0.26745
0.228028
0.365336
0.318035
0.357096
0.298726
0.308141
0.259905
0.391914
0.320535
0.334876
0.387247
0.311473
0.296653
0.213157
0.294684
0.361937
0.238012
0.34332
0.324976
0.335113
0.327515
0.297103
0.289465
0.338467
0.308571
0.293374
0.277305
0.292576
0.275803
0.338302
0.305158
0.294355
0.216833
0.28589
0.31637
0.328331
0.301531
0.304205
0.293615
0.289941
0.307341
0.245442
0.260406
0.263254
0.338792
0.299603
0.366529
0.330426
0.264934
0.324877
0.2561
0.353257
0.285944
0.29826
0.307835
0.29983
0.316762
0.339435
0.281481
0.325803
0.271347
0.310127
0.347894
0.25474
0.313703
0.288405
0.30291
0.295475
0.364334
0.29311
0.305786
0.298296
0.289667
0.278275
0.306847
0.281806
0.256526
0.321001
0.2907
0.32955
0.28923
0.315214
0.286838
0.342128
0.280294
0.285635
0.304283
0.311445
0.235167
0.327156
0.307621
0.265216
0.280685
0.310011
0.289693
0.298475
0.348247
0.384383
0.347566
0.307101
0.289964
0.22946
0.356963
0.323028
0.29705
0.325082
0.307785
0.288512
0.293604
0.345086
0.289173
0.279907
0.296701
0.264493
0.284317
0.483593
0.351491
0.430418
0.302351
0.33032
0.271759
0.307391
0.285618
0.292308
0.343046
0.351824
0.308882
0.280388
0.259874
0.315691
0.215882
0.316856
0.301586
0.230414
0.330509
0.263221
0.257873
0.300094
0.276551
0.270778
0.324667
0.340392
0.28558
0.255339
0.344699
0.285535
0.324266
0.298282
0.299051
0.309731
0.29496
0.358691
0.335851
0.338105
0.354563
0.312933
0.299253
0.29455
0.317534
0.237006
0.271113
0.329831
0.349563
0.314742
0.236183
0.269246
0.290218
0.33567
0.264111
0.240351
0.286291
0.299936
0.339037
0.303535
0.351667
0.30586
0.365425
0.293956
0.301643
0.400728
0.226185
0.350493
0.362587
0.324915
0.300982
0.36684
0.216204
0.319872
0.293956
0.353209
0.31258
0.271619
0.304121
0.302217
0.282085
0.301274
0.316041
0.279252
0.310129
0.316485
0.364039
0.368071
0.220878
0.273565
0.289598
0.330616
0.284472
0.27623
0.287386
0.352241
0.266175
0.308784
0.291885
0.264944
0.329339
0.261038
0.283613
0.306172
0.327904
0.373145
0.35261
0.292838
0.283973
0.293172
0.424361
0.315602
0.329754
0.316814
0.388428
0.458634
0.272259
0.295759
0.300057
0.273103
0.315552
0.317919
0.400798
0.294725
0.262419
0.30908
0.305961
0.283023
0.254047
0.247616
0.238793
0.307443
0.321624
0.28597
0.373946
0.313862
0.258937
0.2738
0.318193
0.317565
0.313342
0.317462
0.302212
0.278625
0.321801
0.459845
0.301848
0.296736
0.277927
0.255926
0.260295
0.334261
0.234514
0.263553
0.255158
0.269787
0.315813
0.320444
0.345712
0.285144
0.300304
0.329791
0.301996
0.350491
0.363565
0.432053
0.323701
0.305167
0.350278
0.316901
0.327599
0.298728
0.283583
0.311977
0.313775
0.3521
0.352124
0.306104
0.272207
0.28364
0.318274
0.319133
0.28968
0.294242
0.307089
0.353899
0.274013
0.2508
0.324682
0.32998
0.273825
0.296827
0.355668
0.296371
0.31374
0.352551
0.279851
0.317102
0.31833
0.32678
0.348755
0.384588
0.266819
0.301518
0.327248
0.271987
0.297897
0.261293
0.369979
0.285025
0.256389
0.312882
0.377865
0.361398
0.275553
0.246398
0.277057
0.285627
0.285624
0.439968
0.309885
0.394322
0.311145
0.345914
0.29494
0.320651
0.36043
0.280792
0.400712
0.283647
0.305009
0.287644
0.259254
0.365947
0.207063
0.378615
0.295458
0.342361
0.314861
0.328423
0.231607
0.470365
0.315694
0.339578
0.307957
0.316493
0.321619
0.328681
0.260679
0.284976
0.310294
0.343333
0.297038
0.333156
0.281053
0.269036
0.247482
0.320017
0.289357
0.25044
0.283292
0.308817
0.310046
0.341339
0.244782
0.318878
0.328316
0.330711
0.319658
0.320061
0.269824
0.319075
0.294553
0.328329
0.301274
0.286701
0.325299
0.31721
0.376103
0.29575
0.316157
0.38578
0.320181
0.269815
0.300962
0.289435
0.333095
0.302564
0.348448
0.292563
0.299789
0.345191
0.263477
0.276814
0.337913
0.305197
0.303619
0.300693
0.249518
0.277446
0.279847
0.254506
0.297847
0.276268
0.410509
0.240206
0.362097
0.335111
0.267144
0.28598
0.30712
0.308935
0.308218
0.301193
0.3752
0.288824
0.375
0.340612
0.301337
0.29647
0.332165
0.280403
0.375346
0.302424
0.323558
0.325589
0.30802
0.323383
0.31531
0.350489
0.310972
0.290638
0.287702
0.271281
0.295649
0.273832
0.327852
0.278882
0.252716
0.282326
0.288187
0.300198
0.31965
0.317346
0.269305
0.287422
0.323725
0.287103
0.373166
0.292532
0.278146
0.263614
0.256555
0.338842
0.230347
0.297514
0.2734
0.300588
0.286827
0.251126
0.320046
0.3001
0.317204
0.348641
0.328794
0.292463
0.325735
0.328342
0.313808
0.345921
0.270929
0.306992
0.290889
0.35776
0.314059
0.280078
0.309751
0.37202
0.38368
0.313545
0.238651
0.349193
0.277827
0.27669
0.280431
0.306889
0.279064
0.280261
0.26807
0.35192
0.293948
0.374728
0.264829
0.27215
0.374025
0.404103
0.37034
0.276242
0.329877
0.342233
0.326864
0.311372
0.342163
0.312126
0.244912
0.358468
0.491506
0.309839
0.270116
0.287638
0.289505
0.346007
0.341438
0.330947
0.349826
0.278317
0.279142
0.266778
0.277896
0.25547
0.339077
0.293769
0.314623
0.315554
0.346824
0.2465
0.295157
0.260112
0.307056
0.268533
0.327393
0.248278
0.351405
0.319966
0.360776
0.279126
0.259009
0.308729
0.250991
0.298326
0.321563
0.309064
0.323818
0.272199
0.322848
0.285022
0.290107
0.290143
0.297742
0.293375
0.322642
0.225998
0.295673
0.302459
0.399598
0.289681
0.31316
0.32018
0.318897
0.290067
0.334139
0.310764
0.305153
0.312584
0.226105
0.370487
0.345004
0.310573
0.302315
0.361993
0.334589
0.333512
0.297895
0.332005
0.363719
0.276309
0.297436
0.300604
0.398836
0.307478
0.270014
0.290591
0.32931
0.348169
0.34352
0.282358
0.390101
0.257805
0.30011
0.278216
0.321864
0.307052
0.459223
0.351861
0.317327
0.245568
0.280756
0.317442
0.383734
0.319297
0.359555
0.248084
0.330993
0.30683
0.301183
0.301069
0.26035
0.318714
0.26535
0.308264
0.316034
0.406518
0.2997
0.314584
0.326739
0.258327
0.292826
0.259611
0.300043
0.360482
0.309614
0.326575
0.358825
0.260646
0.311193
0.310312
0.287465
0.362076
0.316461
0.324022
0.425076
0.340873
0.214382
0.271899
0.267344
0.346616
0.300296
0.336533
0.345587
0.282091
0.316116
0.321568
0.29992
0.28122
0.423303
0.28387
0.350333
0.311869
0.416852
0.290851
0.304423
0.300434
0.292374
0.258305
0.329415
0.302095
0.358873
0.330919
0.307044
0.295062
0.358014
0.297896
0.330466
0.289468
0.323527
0.350885
0.264419
0.298948
0.290346
0.308971
0.284231
0.338923
0.250759
0.334907
0.305051
0.364853
0.429011
0.295858
0.289913
0.326184
0.241531
0.340179
0.340343
0.372146
0.325998
0.303726
0.365775
0.333576
0.314545
0.376397
0.266536
0.31329
0.314367
0.337416
0.272612
0.254202
0.25805
0.271446
0.269916
0.294475
0.296959
0.312057
0.318733
0.24938
0.296594
0.251278
0.377636
0.253543
0.262582
0.289871
0.316798
0.278387
0.275089
0.238812
0.312022
0.270038
0.30053
0.289875
0.314279
0.351075
0.317674
0.256306
0.314274
0.30973
0.300095
0.272141
0.277195
0.262303
0.300508
0.298885
0.322966
0.206892
0.280567
0.363341
0.292729
0.314517
0.299289
0.260621
0.27354
0.321038
0.343171
0.447208
0.370019
0.283996
0.424835
0.375925
0.330474
0.314397
0.288404
0.305285
0.278931
0.30553
0.339544
0.35648
0.289892
0.317308
0.339314
0.305315
0.29364
0.297348
0.344428
0.262003
0.308353
0.342621
0.317911
0.318528
0.249945
0.275401
0.284644
0.289733
0.312294
0.290561
0.299084
0.282145
0.325687
0.296143
0.351386
0.290415
0.318823
0.280031
0.272663
0.338533
0.338838
0.305729
0.287849
0.261987
0.35957
0.352774
0.367086
0.345283
0.312489
0.293303
0.282125
0.330624
0.31739
0.268088
0.304365
0.282824
0.305148
0.331083
0.336604
0.269413
0.317043
0.297314
0.307857
0.251092
0.340203
0.307238
0.307566
0.325471
0.340497
0.319582
0.298741
0.312877
0.278364
0.277336
0.294207
0.311822
0.352121
0.266147
0.282601
0.283927
0.345583
0.281772
0.316169
0.351608
0.268836
0.350923
0.286208
0.336599
0.321817
0.31678
0.40449
0.305249
0.294241
0.290085
0.289538
0.328849
0.338284
0.382607
0.318356
0.314438
0.29468
0.295948
0.41676
0.296668
0.23815
0.341375
0.31237
0.311673
0.29204
0.28338
0.233281
0.304834
0.256267
0.322088
0.253645
0.314667
0.457191
0.280974
0.344093
0.299674
0.347836
0.276082
0.292624
0.286045
0.363736
0.359085
0.34113
0.295393
0.274195
0.35682
0.327453
0.276529
0.294372
0.305426
0.278653
0.349466
0.270292
0.271742
0.303197
0.405583
0.252463
0.253851
0.344378
0.322837
0.339795
0.320866
0.339969
0.402131
0.410303
0.340204
0.32215
0.357563
0.29569
0.322148
0.299539
0.329798
0.334187
0.256196
0.345841
0.289352
0.271204
0.250041
0.379959
0.266075
0.25969
0.352891
0.321821
0.320482
0.257053
0.302262
0.316334
0.302172
0.254303
0.302384
0.290618
0.367483
0.240419
0.340147
0.302857
0.280815
0.28081
0.258713
0.314399
0.239672
0.299121
0.31294
0.285725
0.302202
0.29185
0.318618
0.343943
0.239352
0.287484
0.256622
0.329197
0.295052
0.310436
0.279605
0.367458
0.246928
0.315681
0.278672
0.264913
0.353597
0.271284
0.31077
0.291871
0.350673
0.298041
0.233324
0.279692
0.310398
0.361935
0.33201
0.256513
0.284564
0.269408
0.288126
0.333462
0.324399
0.323993
0.242377
0.313332
0.336513
0.336051
0.296886
0.370912
0.313569
0.324575
0.315926
0.343726
0.350827
0.259488
0.345674
0.315254
0.303888
0.306942
0.316007
0.333668
0.29032
0.335479
0.358247
0.320791
0.276621
0.318647
0.284231
0.35612
0.278157
0.328391
0.277181
0.316131
0.256504
0.298224
0.296932
0.28548
0.259257
0.296812
0.339412
0.285433
0.302174
0.309765
0.328153
0.342462
0.253384
0.281148
0.314479
0.328983
0.245387
0.302944
0.343947
0.276783
0.346862
0.328866
0.370052
0.358837
0.288197
0.267031
0.276933
0.242688
0.296798
0.30759
0.29724
0.330951
0.320345
0.251791
0.301802
0.319026
0.282762
0.294782
0.330745
0.275795
0.332777
0.320425
0.287044
0.310288
0.265955
0.375425
0.299742
0.318087
0.310922
0.2651
0.294668
0.296884
0.327367
0.298295
0.268818
0.302791
0.287748
0.404172
0.286035
0.270218
0.252081
0.325655
0.39555
0.480262
0.274096
0.294221
0.231485
0.374759
0.355307
0.291363
0.278379
0.317449
0.295847
0.303673
0.296758
0.539775
0.400826
0.32674
0.25152
0.288257
0.28123
0.357904
0.375277
0.322278
0.281867
0.321907
0.277385
0.316526
0.279426
0.237625
0.252658
0.292296
0.289163
0.293041
0.286677
0.283238
0.281075
0.265046
0.303408
0.29197
0.315769
0.286788
0.370198
0.318028
0.340352
0.363782
0.319459
0.281038
0.356781
0.29755
0.409481
0.294021
0.289527
0.305902
0.323683
0.281862
0.305511
0.302395
0.363378
0.300291
0.287677
0.345707
0.274071
0.234022
0.351114
0.280286
0.261807
0.27819
0.250389
0.362357
0.299007
0.251755
0.303927
0.387611
0.303304
0.301013
0.311374
0.338603
0.331917
0.293139
0.382164
0.275525
0.338277
0.282863
0.303649
0.333651
0.295816
0.263865
0.265959
0.266153
0.310926
0.223566
0.406641
0.267492
0.309345
0.359146
0.32478
0.3037
0.288708
0.311656
0.328326
0.311999
0.318373
0.323492
0.255832
0.348623
0.316798
0.338944
0.296552
0.392617
0.247824
0.266839
0.315514
0.236214
0.231937
0.367502
0.276037
0.301441
0.267589
0.380241
0.257569
0.3066
0.383319
0.284541
0.340766
0.319566
0.317043
0.273988
0.292721
0.316511
0.294487
0.29455
0.282037
0.303523
0.358382
0.344475
0.235535
0.325438
0.273326
0.347496
0.279768
0.275662
0.285075
0.284845
0.280825
0.242096
0.320491
0.336036
0.310871
0.302105
0.271414
0.342909
0.269086
0.332934
0.350654
0.292666
0.342313
0.257936
0.30042
0.284372
0.312877
0.328578
0.293693
0.300974
0.328498
0.282021
0.295447
0.263806
0.315294
0.295381
0.230528
0.29824
0.358304
0.333058
0.312162
0.248659
0.264117
0.281717
0.318904
0.303937
0.264885
0.29488
0.349263
0.315408
0.376873
0.325506
0.319724
0.378366
0.312448
0.975797
0.298816
0.347699
0.34804
0.312684
0.265224
0.30015
0.304224
0.28393
0.296479
0.281297
0.316951
0.300746
0.312735
0.301952
0.304037
0.271339
0.27765
0.293001
0.301948
0.298152
0.349397
0.308965
0.279634
0.298411
0.24633
0.301531
0.38956
0.324218
0.376257
0.279368
0.307931
0.329297
0.252768
0.348495
0.312253
0.268482
0.295473
0.296707
0.368397
0.288192
0.272436
0.301118
0.31182
0.275063
0.303067
0.349898
0.323055
0.286393
0.248028
0.356214
0.31978
0.278999
0.351622
0.384709
0.286012
0.315768
0.346585
0.260694
0.259447
0.249576
0.312829
0.309806
0.303028
0.381989
0.313592
0.266755
0.270144
0.304439
0.324505
0.264795
0.343698
0.23074
0.273337
0.327674
0.239771
0.286474
0.300016
0.354128
0.281572
0.2982
0.221912
0.37686
0.228569
0.306296
0.273268
0.361265
0.37895
0.284387
0.268516
0.341183
0.320713
0.325382
0.328212
0.283054
0.322037
0.336674
0.311799
0.276392
0.298556
0.314834
0.324085
0.272645
0.285266
0.334461
0.241426
0.304396
0.320261
0.279394
0.316747
0.241673
0.314672
0.201191
0.302435
0.335478
0.307748
0.354189
0.375425
0.313583
0.30414
0.33471
0.329604
0.302769
0.34549
0.322004
0.367083
0.373465
0.372347
0.330251
0.415456
0.282602
0.328041
0.265984
0.383541
0.321971
0.277395
0.370652
0.320975
0.312299
0.245263
0.318736
0.311724
0.237143
0.322844
0.299152
0.332226
0.308324
0.247587
0.252033
0.295659
0.294362
0.369711
0.299441
0.315421
0.327368
0.269104
0.292392
0.31731
0.281509
0.261969
0.386259
0.26578
0.349279
0.26654
0.277321
0.398546
0.294054
0.318123
0.277064
0.306137
0.273228
0.290918
0.446561
0.330518
0.244587
0.305646
0.369501
0.299607
0.362671
0.352033
0.277978
0.33218
0.299338
0.287965
0.286483
0.275076
0.311319
0.259885
0.335636
0.33881
0.34596
0.267292
0.291254
0.286387
0.25884
0.314667
0.231195
0.265091
0.328358
0.287814
0.293854
0.45458
0.295686
0.319391
0.310056
0.284474
0.231143
0.248233
0.341384
0.333982
0.249804
0.263394
0.330711
0.239849
0.289127
0.27227
0.326192
0.308206
0.310685
0.293371
0.333695
0.278182
0.356453
0.325953
0.297603
0.40379
0.306953
0.280916
0.299541
0.312333
0.294469
0.316887
0.281397
0.286619
0.214495
0.289461
0.311565
0.325581
0.303621
0.258401
0.265082
0.362011
0.289537
0.287259
0.27272
0.338825
0.284627
0.24969
0.307555
0.303742
0.307252
0.341958
0.349843
0.329652
0.251885
0.451103
0.301632
0.365082
0.371891
0.269805
0.352683
0.353713
0.324748
0.26183
0.322893
0.325975
0.28823
0.262607
0.346446
0.274562
0.310431
0.298507
0.263893
0.298493
0.315802
0.354854
0.297653
0.285175
0.299358
0.322096
0.295198
0.357599
0.245818
0.306271
0.323733
0.286582
0.249668
0.310742
0.255523
0.276748
0.383615
0.29565
0.301166
0.312005
0.342399
0.271011
0.278965
0.257427
0.323974
0.275521
0.30748
0.289974
0.508763
0.318798
0.321927
0.324253
0.347749
0.263445
0.338607
0.403248
0.367142
0.246188
0.275611
0.307435
0.305268
0.375654
0.294182
0.377782
0.307437
0.391409
0.3557
0.322481
0.266022
0.324817
0.284016
0.275154
0.269263
0.27609
0.292471
0.47454
0.299512
0.344312
0.288075
0.319649
0.307502
0.304421
0.355274
0.275942
0.276991
0.297694
0.388072
0.307386
0.375925
0.295102
0.359866
0.346095
0.275065
0.315711
0.268686
0.25396
0.272084
0.376033
0.299056
0.342865
0.349702
0.260475
0.267047
0.274244
0.283766
0.341058
0.318716
0.33717
0.272888
0.265319
0.310902
0.339751
0.267253
0.312737
0.27965
0.306404
0.345113
0.299041
0.29436
0.364232
0.305441
0.238717
0.313119
0.308425
0.30459
0.302885
0.316564
0.335205
0.344938
0.354214
0.303241
0.268562
0.325157
0.347028
0.288364
0.361496
0.283419
0.28632
0.341008
0.304961
0.325633
0.37737
0.34174
0.31265
0.287931
0.225542
0.265547
0.29846
0.294108
0.364833
0.287606
0.290155
0.325252
0.275202
0.246572
0.358261
0.32839
0.314142
0.278703
0.302186
0.272943
0.338754
0.274987
0.310593
0.318282
0.305783
0.291126
0.375043
0.32573
0.329949
0.292053
0.334617
0.277806
0.31444
0.373561
0.30918
0.380944
0.276228
0.275019
0.269248
0.322917
0.316093
0.283401
0.299182
0.275277
0.294597
0.287921
0.225274
0.267923
0.291935
0.251705
0.272085
0.318539
0.294773
0.323096
0.354135
0.275418
0.272889
0.263781
0.327925
0.291657
0.312189
0.395452
0.361479
0.249562
0.281461
0.264603
0.277048
0.325052
0.262541
0.262136
0.279041
0.334219
0.271055
0.280626
0.282234
0.293032
0.264135
0.299801
0.262116
0.300453
0.385549
0.294567
0.368582
0.352333
0.232525
0.40482
0.337806
0.30139
0.302555
0.271441
0.308802
0.224868
0.297107
0.289587
0.278323
0.260574
0.367249
0.368883
0.316094
0.328911
0.296233
0.345322
0.292625
0.34231
0.329976
0.31935
0.322538
0.225011
0.317534
0.321793
0.29109
0.363356
0.251211
0.29719
0.31758
0.332649
0.299874
0.286999
0.263939
0.280093
0.433293
0.264988
0.292168
0.267323
0.286001
0.287594
0.308348
0.255306
0.256603
0.336846
0.319976
0.281752
0.380437
0.302263
0.266364
0.312804
0.297656
0.314995
0.333843
0.314102
0.389053
0.263192
0.295284
0.357974
0.31001
0.236154
0.314494
0.307603
0.260339
0.280258
0.287217
0.240134
0.305572
0.324744
0.304062
0.267085
0.280702
0.264993
0.305082
0.295413
0.304161
0.297958
0.315185
0.324785
0.299333
0.291366
0.278532
0.331644
0.280484
0.320337
0.310253
0.350609
0.252323
0.352673
0.320529
0.339139
0.354753
0.329555
0.330058
0.311705
0.278508
0.320044
0.274209
0.299314
0.246295
0.323076
0.231566
0.30006
0.384609
0.372152
0.400104
0.299847
0.284659
0.304104
0.322595
0.366436
0.376655
0.308966
0.327771
0.417385
0.2538
0.311929
0.30902
0.329257
0.311912
0.295989
0.316642
0.32766
0.219792
0.285726
0.396905
0.355064
0.318506
0.230853
0.322714
0.335613
0.26613
0.289586
0.310244
0.33507
0.407557
0.248722
0.29172
0.288294
0.348263
0.307087
0.297151
0.292255
0.330147
0.3187
0.272088
0.303612
0.297233
0.341052
0.269276
0.316372
0.282428
0.292315
0.252901
0.327669
0.293763
0.327293
0.283101
0.35824
0.310216
0.291906
0.314579
0.295651
0.37107
0.28409
0.289783
0.270734
0.305048
0.267825
0.354706
0.245374
0.283422
0.368902
0.357257
0.300596
0.311559
0.324961
0.30511
0.312313
0.271
0.303076
0.293053
0.25449
0.31556
0.245077
0.277702
0.310184
0.286336
0.311548
0.360839
0.292614
0.356176
0.383128
0.335816
0.29595
0.281122
0.246754
0.296549
0.348178
0.282485
0.261096
0.287826
0.346284
0.361806
0.183123
0.312794
0.218041
0.250673
0.277809
0.30452
0.323463
0.365044
0.308308
0.223693
0.291597
0.275183
0.282002
0.305955
0.301691
0.350082
0.297278
0.316892
0.328063
0.301936
0.332443
0.254358
0.246276
0.365334
0.372825
0.273162
0.263183
0.291128
0.259627
0.260863
0.280281
0.307935
0.247234
0.304546
0.292549
0.277604
0.271857
0.322445
0.312346
0.32336
0.331365
0.27134
0.305079
0.274197
0.31592
0.329205
0.257688
0.34654
0.249303
0.357179
0.347639
0.266079
0.36164
0.309575
0.28752
0.301393
0.284321
0.382926
0.262345
0.3032
0.231383
0.258488
0.239943
0.407651
0.362348
0.404643
0.29128
0.250409
0.255506
0.326839
0.26645
0.303759
0.253821
0.328227
0.299035
0.358345
0.283222
0.270891
0.35815
0.251301
0.259849
0.308874
0.288266
0.266741
0.307182
0.295941
0.315622
0.324742
0.334277
0.289194
0.311882
0.269128
0.301409
0.332072
0.441446
0.283938
0.274162
0.267662
0.301705
0.274312
0.25227
0.334505
0.365919
0.273793
0.305703
0.268411
0.310213
0.30635
0.305447
0.301922
0.245462
0.250303
0.365206
0.317555
0.513364
0.286777
0.263612
0.292665
0.362648
0.272083
0.293838
0.25708
0.310612
0.328027
0.301785
0.286731
0.314094
0.349487
0.297676
0.280872
0.276612
0.285536
0.266765
0.253986
0.302775
0.283287
0.290445
0.298257
0.318128
0.265795
0.328965
0.307017
0.279572
0.260937
0.270268
0.327541
0.28745
0.287803
0.351303
0.313117
0.307379
0.327276
0.335703
0.269153
0.280841
0.337049
0.335516
0.323955
0.315309
0.319634
0.342195
0.329704
0.272637
0.364563
0.267647
0.257326
0.338615
0.287155
0.297808
0.322668
0.376657
0.224749
0.286861
0.343446
0.298055
0.229583
0.319818
0.357371
0.299084
0.281568
0.282828
0.379882
0.27239
0.335701
0.272165
0.327184
0.341412
0.274338
0.300582
0.36205
0.302864
0.315918
0.298469
0.350342
0.298642
0.306926
0.317156
0.262564
0.414519
0.322658
0.276469
0.313917
0.443555
0.315012
0.273697
0.263286
0.313886
0.348182
0.336405
0.288394
0.375611
0.388097
0.270299
0.312059
0.294286
0.316143
0.296731
0.350137
0.318444
0.36061
0.269188
0.301329
0.278749
0.269176
0.327565
0.310709
0.231063
0.345417
0.32355
0.283847
0.256161
0.283155
0.309271
0.343541
0.292065
0.253226
0.289213
0.319551
0.364099
0.309296
0.271698
0.361744
0.353135
0.328014
0.180212
0.253699
0.28675
0.34239
0.369657
0.2863
0.319628
0.367699
0.29206
0.272583
0.319151
0.313622
0.289807
0.284331
0.293113
0.346422
0.373618
0.350582
0.390072
0.263728
0.293922
0.316681
0.353707
0.236832
0.315255
0.318234
0.37046
0.319758
0.279153
0.312586
0.34336
0.213846
0.293609
0.263774
0.314818
0.271501
0.306728
0.398179
0.329185
0.361556
0.280365
0.248808
0.273925
0.262149
0.296475
0.398621
0.278332
0.401418
0.302457
0.234358
0.268546
0.242794
0.280931
0.241181
0.320108
0.335045
0.335624
0.308074
0.312086
0.29685
0.376435
0.338512
0.331541
0.307723
0.345566
0.320698
0.283842
0.310845
0.310535
0.302503
0.280613
0.281823
0.281692
0.354353
0.255695
0.252504
0.228694
0.325743
0.325883
0.259858
0.260004
0.315499
0.375
0.321212
0.319609
0.294646
0.311186
0.298368
0.286535
0.235531
0.307385
0.268972
0.25679
0.277341
0.271902
0.253778
0.246787
0.308227
0.278587
0.285216
0.338909
0.29205
0.335661
0.276606
0.332428
0.317693
0.358036
0.643277
0.339515
0.383883
0.278833
0.273336
0.357025
0.27712
0.280621
0.324303
0.296507
0.322201
0.452803
0.341592
0.276562
0.365434
0.306202
0.296195
0.279221
0.34197
0.320994
0.257625
0.322144
0.303631
0.334494
0.294433
0.327727
0.326133
0.338068
0.348055
0.285447
0.272503
0.369839
0.29139
0.369253
0.32716
0.329933
0.41909
0.301595
0.275847
0.317698
0.308971
0.301339
0.288675
0.292571
0.291962
0.275242
0.31409
0.282283
0.3291
0.226091
0.307828
0.282881
0.359643
0.305928
0.310698
0.310269
0.342204
0.298251
0.415282
0.34004
0.290635
0.319012
0.312984
0.276594
0.30932
0.312165
0.287865
0.299567
0.298246
0.256878
0.341806
0.328929
0.257545
0.388273
0.358108
0.345038
0.277035
0.317573
0.312131
0.298312
0.280872
0.292978
0.276739
0.434406
0.329611
0.275135
0.298613
0.316556
0.222944
0.289272
0.287318
0.304313
0.268289
0.246143
0.295535
0.334292
0.246687
0.320429
0.235582
0.312956
0.308815
0.455256
0.319912
0.293555
0.301847
0.297724
0.276949
0.308308
0.256252
0.352309
0.294634
0.345797
0.349712
0.285967
0.328363
0.289005
0.329428
0.266049
0.286175
0.311742
0.292699
0.297478
0.330471
0.361639
0.304447
0.312574
0.297465
0.376441
0.362236
0.31896
0.312922
0.443035
0.295989
0.32678
0.313683
0.312449
0.373743
0.313382
0.314534
0.265236
0.267436
0.35684
0.307419
0.353991
0.284945
0.344377
0.336821
0.326466
0.257745
0.294595
0.31497
0.294085
0.317069
0.2832
0.334419
0.260467
0.290481
0.316005
0.288947
0.28087
0.288538
0.229887
0.322245
0.248087
0.386719
0.280724
0.264303
0.299564
0.352101
0.274271
0.31053
0.325549
0.317411
0.334707
0.328424
0.297062
0.351662
0.34812
0.353326
0.321291
0.275564
0.338783
0.293429
0.377747
0.329371
0.291326
0.343375
0.320354
0.317738
0.310354
0.279577
0.353023
0.415505
0.260352
0.277363
0.331031
0.281706
0.324659
0.292094
0.30762
0.372151
0.317909
0.353033
0.280591
0.325843
0.301619
0.294776
0.256613
0.319545
0.309318
0.36012
0.31329
0.262961
0.270495
0.271113
0.301687
0.349164
0.291035
0.317975
0.301299
0.306445
0.308197
0.224891
0.327435
0.287509
0.337743
0.329098
0.312208
0.28
0.357777
0.328594
0.352612
0.340329
0.31752
0.2552
0.218912
0.316668
0.235318
0.292356
0.28261
0.290831
0.29348
0.353109
0.279379
0.272238
0.265449
0.361561
0.325944
0.276495
0.32008
0.294268
0.281399
0.333707
0.278458
0.256887
0.218879
0.334173
0.262148
0.354577
0.333527
0.286493
0.265542
0.289086
0.299346
0.279929
0.311287
0.30421
0.344564
0.417253
0.333509
0.310533
0.332685
0.30977
0.280121
0.244405
0.29689
0.307012
0.38033
0.356206
0.479806
0.348845
0.331613
0.32115
0.359476
0.293067
0.291379
0.273618
0.513168
0.308103
0.286697
0.318189
0.321314
0.35569
0.351177
0.359125
0.254715
0.371584
0.290507
0.329553
0.284448
0.264938
0.27145
0.301529
0.222194
0.305858
0.312941
0.343833
0.30379
0.254919
0.251384
0.379565
0.294094
0.287552
0.328467
0.302101
0.291687
0.300964
0.262539
0.332353
0.251126
0.346724
0.297808
0.286953
0.282878
0.300745
0.315339
0.243225
0.323609
0.248737
0.262059
0.30245
0.26528
0.228653
0.288558
0.300007
0.275447
0.317173
0.294965
0.251636
0.347881
0.321877
0.304794
0.312642
0.323418
0.273918
0.354395
0.287025
0.319885
0.359653
0.273754
0.362681
0.303135
0.291075
0.26154
0.299208
0.289617
0.295829
0.293472
0.300035
0.247414
0.304577
0.361814
0.421017
0.264972
0.411444
0.262191
0.324692
0.339577
0.315259
0.300047
0.350452
0.336388
0.241797
0.29174
0.368039
0.347136
0.271995
0.346647
0.37885
0.297183
0.330991
0.347505
0.319751
0.288579
0.333497
0.286726
0.27817
0.275187
0.342244
0.317135
0.278757
0.294935
0.296567
0.333413
0.339417
0.288313
0.282444
0.297446
0.265678
0.283029
0.28127
0.35908
0.276962
0.284022
0.297604
0.287854
0.288844
0.295116
0.353032
0.330512
0.32567
0.306013
0.310411
0.363841
0.281963
0.28048
0.344129
0.329557
0.286006
0.284288
0.364844
0.305098
0.295548
0.359806
0.342695
0.348423
0.263257
0.299214
0.292929
0.294859
0.376456
0.323908
0.315064
0.251631
0.306856
0.319456
0.311
0.246808
0.233474
0.27137
0.309083
0.351711
0.295856
0.256451
0.28008
0.234833
0.362776
0.434944
0.324251
0.329181
0.314192
0.271348
0.335568
0.314325
0.294496
0.24097
0.257323
0.281094
0.289666
0.283317
0.29812
0.308779
0.301655
0.354665
0.41387
0.339773
0.287873
0.28629
0.349143
0.293117
0.303096
0.278746
0.277871
0.276373
0.260167
0.317328
0.274523
0.337861
0.327658
0.253676
0.326606
0.339281
0.346524
0.368606
0.314622
0.266414
0.322181
0.312067
0.322087
0.280984
0.269596
0.363223
0.330428
0.277457
0.323326
0.267827
0.290148
0.328579
0.250698
0.313894
0.309967
0.300551
0.255547
0.264368
0.399963
0.356719
0.319119
0.33525
0.321398
0.338698
0.307829
0.290965
0.29165
0.319043
0.470363
0.291582
0.270305
0.280312
0.263673
0.310148
0.326844
0.368519
0.287891
0.272964
0.28476
0.318341
0.296995
0.33813
0.318602
0.246145
0.245055
0.304524
0.286173
0.297253
0.342221
0.296164
0.251189
0.34022
0.309556
0.294485
0.360927
0.311368
0.232266
0.49607
0.321992
0.259881
0.33775
0.325829
0.306869
0.28349
0.296571
0.303849
0.283984
0.270479
0.263561
0.296235
0.292244
0.287609
0.322864
0.317334
0.26908
0.30075
0.307211
0.291077
0.246156
0.282157
0.344408
0.309824
0.285769
0.294428
0.469297
0.369567
0.332684
0.305754
0.29366
0.352997
0.257777
0.325218
0.337492
0.290096
0.262725
0.300846
0.347649
0.354683
0.396839
0.350175
0.332666
0.40121
0.406784
0.335113
0.254671
0.340698
0.299835
0.375115
0.261653
0.268574
0.313446
0.30044
0.302559
0.341787
0.316707
0.309922
0.32167
0.30656
0.401172
0.256333
0.310432
0.281318
0.291709
0.297208
0.34377
0.267408
0.33379
0.261951
0.331429
0.288132
0.254753
0.357922
0.267659
0.343835
0.322894
0.290887
0.2725
0.254214
0.2761
0.357027
0.284242
0.248184
0.271341
0.356046
0.304526
0.31512
0.320117
0.277573
0.345189
0.266579
0.307745
0.268605
0.31853
0.293012
0.268486
0.405921
0.316598
0.293411
0.311219
0.338978
0.257384
0.278033
0.354104
0.284459
0.279407
0.402021
0.313928
0.372273
0.273986
0.269091
0.360412
0.257184
0.272592
0.322678
0.281996
0.329691
0.369639
0.294896
0.304857
0.358146
0.298964
0.269381
0.280501
0.303902
0.388385
0.288645
0.304592
0.348428
0.323181
0.193044
0.26383
0.310269
0.346965
0.289862
0.290862
0.381201
0.339097
0.262384
0.298247
0.323934
0.307394
0.319712
0.281245
0.270962
0.326814
0.267475
0.28987
0.273227
0.265571
0.308188
0.312165
0.382091
0.308052
0.438863
0.350624
0.393252
0.299811
0.419241
0.278381
0.442036
0.306178
0.252818
0.380159
0.320931
0.277538
0.352895
0.291441
0.304484
0.348199
0.291233
0.327711
0.267866
0.305306
0.267963
0.306885
0.341422
0.304997
0.347974
0.287321
0.278227
0.390756
0.31095
0.353675
0.317591
0.306403
0.272347
0.315572
0.273164
0.268235
0.315015
0.271675
0.272763
0.349302
0.29682
0.276917
0.336983
0.306112
0.306183
0.280028
0.351703
0.34406
0.331355
0.325063
0.304454
0.29737
0.28693
0.323097
0.374567
0.302422
0.300929
0.274234
0.309814
0.323408
0.319922
0.279888
0.357877
0.320101
0.31397
0.277103
0.295304
0.269938
0.306244
0.323275
0.328862
0.490436
0.22274
0.351812
0.37676
0.317516
0.343089
0.305092
0.329994
0.385409
0.327762
0.328034
0.303232
0.274939
0.278175
0.485337
0.319535
0.315011
0.211805
0.337891
0.300335
0.279871
0.294843
0.267866
0.258411
0.326032
0.339697
0.291874
0.285366
0.320832
0.292785
0.338156
0.30521
0.27785
0.289272
0.28213
0.288025
0.320396
0.371094
0.269037
0.371043
0.284574
0.2665
0.284055
0.325312
0.306354
0.283318
0.294561
0.268826
0.341859
0.375073
0.372798
0.397607
0.320291
0.266356
0.258054
0.328609
0.310976
0.230477
0.294068
0.295126
0.294079
0.298456
0.307161
0.274554
0.280901
0.232993
0.320462
0.288827
0.300558
0.267905
0.294122
0.348781
0.30797
0.296429
0.309548
0.28835
0.276245
0.275815
0.298843
0.288948
0.329034
0.325292
0.291987
0.391687
0.288734
0.304241
0.325044
0.306852
0.280694
0.22532
0.282646
0.34406
0.282669
0.297446
0.317522
0.303308
0.373941
0.304772
0.321699
0.306114
0.333776
0.280987
0.309629
0.254329
0.291004
0.340243
0.278551
0.324531
0.330023
0.306136
0.389777
0.271524
0.337025
0.313787
0.312102
0.329884
0.316034
0.30191
0.287801
0.275559
0.283049
0.339295
0.263755
0.289466
0.301338
0.265631
0.355484
0.30092
0.292407
0.248729
0.331831
0.418079
0.275921
0.250121
0.350556
0.268109
0.293434
0.281581
0.305617
0.323589
0.334795
0.281861
0.30201
0.324448
0.293318
0.325581
0.300029
0.300957
0.235949
0.2965
0.323985
0.32063
0.317664
0.315152
0.371333
0.284498
0.352226
0.340509
0.32298
0.273982
0.335856
0.365146
0.263899
0.418782
0.357524
0.330676
0.327969
0.32044
0.337491
0.300732
0.300111
0.315954
0.308655
0.252463
0.291386
0.307942
0.240214
0.332822
0.30743
0.332092
0.369611
0.344878
0.34486
0.299959
0.303386
0.259856
0.237401
0.289798
0.280781
0.430856
0.295714
0.290204
0.263316
0.316689
0.338954
0.25766
0.240834
0.399309
0.284119
0.288526
0.300741
0.349589
0.259942
0.348913
0.277028
0.299527
0.334366
0.298982
0.296248
0.320371
0.289763
0.321303
0.273083
0.286686
0.329681
0.339185
0.334158
0.305817
0.39083
0.310753
0.355221
0.312635
0.286775
0.324748
0.286294
0.353324
0.302305
0.356488
0.294362
0.346
0.280776
0.299878
0.300176
0.295508
0.291128
0.308975
0.307544
0.300835
0.347362
0.287674
0.319987
0.373651
0.25407
0.365918
0.259067
0.326122
0.276815
0.299917
0.269788
0.27824
0.330877
0.291005
0.319997
0.335702
0.302391
0.364027
0.372161
0.284078
0.245966
0.395221
0.343052
0.222157
0.25603
0.336383
0.306213
0.321263
0.312901
0.276411
0.343016
0.284911
0.312103
0.339906
0.277024
0.314583
0.321787
0.237954
0.31439
0.306094
0.32326
0.409484
0.29541
0.280631
0.27682
0.28671
0.301049
0.330624
0.3459
0.254928
0.310935
0.322786
0.227376
0.26719
0.316494
0.349812
0.307036
0.294528
0.299371
0.283786
0.334683
0.325468
0.287544
0.285868
0.281661
0.304739
0.439478
0.307904
0.279362
0.257957
0.338958
0.22392
0.307526
0.320653
0.287371
0.375321
0.324155
0.307235
0.296915
0.278812
0.297776
0.331874
0.234929
0.329134
0.324699
0.31291
0.294657
0.276035
0.289728
0.312802
0.289087
0.309811
0.349031
0.249314
0.302894
0.313094
0.309642
0.313072
0.311914
0.340502
0.319905
0.275433
0.284021
0.279461
0.348691
0.334223
0.293779
0.319924
0.292994
0.292469
0.243505
0.293393
0.34752
0.265668
0.322715
0.349102
0.27379
0.28207
0.323184
0.277359
0.316709
0.328882
0.366975
0.362588
0.269729
0.292134
0.28177
0.285588
0.329832
0.2933
0.288653
0.266056
0.277283
0.343575
0.288387
0.281422
0.303062
0.313385
0.267217
0.313568
0.31522
0.348557
0.31616
0.299332
0.315052
0.366981
0.335781
0.30631
0.2966
0.272126
0.38839
0.317517
0.344137
0.295037
0.340006
0.285714
0.330726
0.37297
0.287184
0.279194
0.320017
0.318259
0.34736
0.305046
0.291731
0.407619
0.285912
0.295911
0.318017
0.308571
0.351973
0.299092
0.292576
0.34736
0.289959
0.280463
0.228935
0.410144
0.279634
0.241366
0.280982
0.368854
0.345945
0.303139
0.252508
0.327988
0.39338
0.341211
0.279061
0.312592
0.286851
0.21686
0.314136
0.32208
0.311689
0.306641
0.260152
0.317601
0.33531
0.325925
0.285955
0.30546
0.288749
0.329319
0.266078
0.350951
0.285783
0.300884
0.285278
0.310145
0.317734
0.318906
0.257696
0.305707
0.337726
0.466607
0.242202
0.322117
0.390025
0.308277
0.304927
0.324312
0.284858
0.307583
0.258686
0.348403
0.280031
0.37334
0.34498
0.261036
0.286135
0.316846
0.303872
0.358848
0.281729
0.257291
0.272699
0.39803
0.290423
0.326765
0.318421
0.286795
0.293198
0.296808
0.328635
0.344283
0.332685
0.299398
0.262634
0.267095
0.27084
0.314502
0.285899
0.26199
0.220443
0.357362
0.332086
0.283536
0.246423
0.332604
0.29671
0.31211
0.250725
0.259388
0.30443
0.322219
0.317769
0.313302
0.264117
0.298884
0.322496
0.27415
0.278332
0.303155
0.365347
0.326463
0.292045
0.312535
0.248074
0.317204
0.286395
0.304275
0.357714
0.405275
0.30744
0.292762
0.298229
0.277852
0.308634
0.315474
0.335305
0.323561
0.278837
0.287941
0.317367
0.291206
0.327866
0.285571
0.363104
0.273752
0.42018
0.302133
0.329327
0.287489
0.287818
0.295885
0.341461
0.315027
0.328145
0.367668
0.321805
0.311481
0.322637
0.333775
0.264753
0.279654
0.36953
0.299941
0.392213
0.282465
0.300254
0.267895
0.322277
0.338036
0.284075
0.289482
0.311228
0.289262
0.269077
0.286693
0.268815
0.368182
0.279959
0.293394
0.312177
0.437481
0.311449
0.28059
0.310248
0.316803
0.332438
0.382745
0.298958
0.289607
0.285976
0.280892
0.327767
0.266369
0.327997
0.279545
0.304038
0.345483
0.332016
0.338499
0.282895
0.347638
0.201974
0.318796
0.244699
0.357223
0.286505
0.361964
0.325791
0.336011
0.322678
0.357216
0.315626
0.309643
0.248924
0.319014
0.266532
0.201586
0.228037
0.304516
0.277495
0.295315
0.338308
0.309886
0.341103
0.317411
0.254307
0.379688
0.335959
0.281756
0.327763
0.274569
0.396544
0.298957
0.304261
0.321442
0.339952
0.315406
0.307853
0.311732
0.288818
0.31913
0.282515
0.294308
0.280652
0.304449
0.309321
0.332453
0.275342
0.33405
0.32151
0.260062
0.304212
0.259018
0.273119
0.270089
0.370487
0.34239
0.245405
0.295349
0.315086
0.331012
0.349966
0.324689
0.32662
0.241828
0.349241
0.323731
0.288529
0.281695
0.33742
0.32331
0.335599
0.237874
0.293925
0.292251
0.299729
0.325827
0.3085
0.347211
0.185105
0.314754
0.301737
0.291728
0.252341
0.272796
0.272506
0.317928
0.398569
0.374343
0.394185
0.303959
0.320808
0.311567
0.292788
0.288129
0.288328
0.322266
0.317058
0.281757
0.225559
0.323795
0.295644
0.268663
0.304812
0.283456
0.298617
0.28777
0.308656
0.291137
0.292197
0.324105
0.326287
0.316539
0.32658
0.389518
0.289914
0.257655
0.374236
0.297654
0.363157
0.282999
0.271027
0.271778
0.292951
0.325804
0.350224
0.365965
0.386507
0.279836
0.279365
0.311073
0.286782
0.29733
0.309048
0.422478
0.349166
0.314014
0.275424
0.298702
0.37878
0.266006
0.368421
0.291859
0.339574
0.319234
0.28546
0.368561
0.313347
0.492709
0.305741
0.302584
0.390373
0.202913
0.260698
0.372447
0.28185
0.338946
0.288369
0.344384
0.376162
0.374017
0.366886
0.332237
0.259656
0.278991
0.310055
0.268091
0.270473
0.328129
0.33816
0.311335
0.279873
0.352101
0.317029
0.313262
0.360094
0.278196
0.300881
0.283437
0.2804
0.347324
0.26449
0.258869
0.263323
0.323766
0.28858
0.31279
0.310624
0.30779
0.269176
0.33777
0.306621
0.302876
0.302646
0.248813
0.340678
0.370158
0.307631
0.282332
0.31736
0.327512
0.341333
0.323896
0.327207
0.305774
0.334484
0.398549
0.313944
0.285394
0.356945
0.308483
0.320497
0.323703
0.325096
0.250138
0.31698
0.381792
0.312319
0.313252
0.344443
0.270911
0.358117
0.317581
0.284959
0.303996
0.30466
0.307224
0.263249
0.263492
0.390095
0.36419
0.274497
0.21906
0.312353
0.273101
0.313421
0.328867
0.345398
0.311133
0.258894
0.310821
0.345623
0.456934
0.287462
0.320197
0.36698
0.317939
0.288853
0.368341
0.363352
0.26512
0.312295
0.312646
0.274254
0.429681
0.320676
0.268877
0.262944
0.300759
0.324802
0.282975
0.369082
0.311155
0.28956
0.341713
0.290763
0.306568
0.298173
0.31213
0.345499
0.304091
0.350614
0.305066
0.273756
0.362096
0.256745
0.321382
0.307712
0.322941
0.339761
0.270507
0.295739
0.440284
0.253231
0.299567
0.233047
0.270457
0.381921
0.304331
0.333964
0.269871
0.333619
0.306762
0.339297
0.338921
0.305912
0.278324
0.350022
0.409305
0.274125
0.265633
0.29373
0.29472
0.29869
0.311162
0.280646
0.298532
0.334199
0.312951
0.273623
0.298197
0.320945
0.320698
0.39398
0.279861
0.274726
0.280253
0.431592
0.334314
0.264177
0.299685
0.261655
0.314862
0.25304
0.301344
0.288363
0.349808
0.305926
0.390412
0.303749
0.332621
0.307407
0.332891
0.314623
0.29571
0.264291
0.339322
0.277458
0.341634
0.400289
0.305711
0.314726
0.260132
0.354806
0.297782
0.261247
0.382257
0.317178
0.296475
0.282378
0.331008
0.292297
0.322271
0.292077
0.290717
0.261506
0.343608
0.277734
0.281801
0.293329
0.271284
0.324384
0.340685
0.299785
0.484375
0.421361
0.310872
0.454659
0.277529
0.49612
0.292581
0.284368
0.241538
0.356123
0.323165
0.323805
0.3182
0.282602
0.274832
0.292857
0.309962
0.370733
0.238208
0.333877
0.3397
0.300644
0.309167
0.23413
0.317904
0.35715
0.292707
0.297096
0.253756
0.319335
0.269032
0.337732
0.285557
0.277561
0.294587
0.357885
0.286552
0.276096
0.289573
0.247556
0.290507
0.339661
0.396701
0.351827
0.376989
0.356762
0.305901
0.310586
0.259867
0.395863
0.30716
0.275629
0.325578
0.292402
0.288926
0.316598
0.319009
0.302354
0.266742
0.338345
0.297164
0.267004
0.310517
0.284192
0.401574
0.326982
0.313631
0.266555
0.322087
0.280777
0.261572
0.227059
0.254173
0.417805
0.326011
0.29923
0.323776
0.453463
0.272672
0.273932
0.316319
0.248427
0.285793
0.346235
0.285836
0.312542
0.358378
0.29239
0.397784
0.350893
0.2843
0.281526
0.29468
0.421769
0.303145
0.295453
0.31361
0.270643
0.28989
0.320119
0.253312
0.305788
0.299169
0.294096
0.264063
0.346311
0.334329
0.287773
0.353171
0.269192
0.316069
0.309441
0.340255
0.26516
0.291663
0.293266
0.416059
0.315312
0.258552
0.28277
0.29816
0.34467
0.330846
0.322752
0.329706
0.287171
0.333189
0.386162
0.359287
0.382805
0.309171
0.286541
0.325096
0.277183
0.370925
0.298447
0.26871
0.284133
0.294605
0.287708
0.311898
0.279037
0.334749
0.332267
0.336502
0.227071
0.267247
0.353951
0.295012
0.286625
0.289597
0.287943
0.262401
0.311249
0.347361
0.364172
0.291572
0.350304
0.35091
0.376508
0.219342
0.297981
0.411815
0.336314
0.386086
0.328746
0.239346
0.312214
0.332931
0.307077
0.267268
0.313854
0.27248
0.339554
0.360373
0.247294
0.279307
0.237665
0.309042
0.278554
0.352291
0.32386
0.261687
0.357657
0.305044
0.372334
0.293069
0.415587
0.334969
0.229603
0.30971
0.33033
0.286453
0.309916
0.334659
0.357081
0.273648
0.357267
0.257649
0.372838
0.327566
0.308019
0.351256
0.277241
0.47526
0.3172
0.31996
0.281225
0.330904
0.290964
0.322121
0.310099
0.275645
0.302371
0.327749
0.294456
0.292318
0.3534
0.262527
0.302401
0.325174
0.27845
0.299602
0.285902
0.327003
0.291935
0.335319
0.32048
0.35259
0.284559
0.306461
0.361141
0.297351
0.286991
0.296341
0.296015
0.274666
0.315863
0.294786
0.348319
0.298229
0.346021
0.280294
0.313365
0.295363
0.316652
0.285567
0.303925
0.416495
0.324073
0.260441
0.307328
0.350553
0.297519
0.280613
0.32188
0.382876
0.272993
0.29032
0.297399
0.282263
0.261579
0.38809
0.594438
0.227524
0.323482
0.321613
0.459042
0.42398
0.292099
0.314748
0.298285
0.290987
0.363725
0.291935
0.322101
0.301119
0.271604
0.311836
0.336118
0.29538
0.277197
0.351187
0.253616
0.314497
0.3911
0.275933
0.324727
0.319484
0.275229
0.32375
0.310333
0.320838
0.277451
0.27914
0.313283
0.296749
0.320156
0.275331
0.247619
0.298375
0.296251
0.341277
0.341711
0.280466
0.330423
0.259946
0.324703
0.374608
0.281975
0.29722
0.298565
0.293458
0.339686
0.288138
0.266441
0.30671
0.313922
0.421634
0.334945
0.280483
0.339295
0.278341
0.343466
0.255123
0.348345
0.348823
0.310035
0.272385
0.391548
0.275404
0.383351
0.305382
0.281144
0.310673
0.275051
0.314663
0.349006
0.345672
0.290271
0.288936
0.252302
0.307268
0.320519
0.232208
0.288174
0.314542
0.311975
0.283282
0.210469
0.285179
0.317247
0.273035
0.286509
0.319987
0.266529
0.420438
0.23804
0.318168
0.290554
0.284448
0.317124
0.324602
0.284973
0.319592
0.322731
0.295804
0.322356
0.295539
0.315754
0.347764
0.323593
0.294576
0.346972
0.321824
0.369236
0.326884
0.306049
0.316914
0.284757
0.285986
0.298789
0.338691
0.308829
0.321939
0.27512
0.257969
0.30076
0.367998
0.343454
0.29954
0.315066
0.275749
0.3119
0.430159
0.383941
0.271797
0.340295
0.362049
0.322409
0.324626
0.30323
0.603492
0.326397
0.37344
0.402904
0.307324
0.406767
0.260962
0.299805
0.361155
0.506531
0.419968
0.271946
0.385292
0.244579
0.228528
0.348956
0.257978
0.323314
0.310532
0.31274
0.289721
0.317148
0.303112
0.302956
0.279028
0.29686
0.31136
0.407213
0.274068
0.298006
0.320948
0.292435
0.319814
0.362802
0.324554
0.292835
0.312383
0.336413
0.258322
0.306059
0.305771
0.284997
0.452722
0.320118
0.309909
0.378638
0.339331
0.337842
0.299351
0.306611
0.275804
0.316158
0.314804
0.286605
0.326354
0.364449
0.308838
0.359041
0.306184
0.300249
0.28444
0.306319
0.312182
0.301905
0.295241
0.33288
0.336686
0.339771
0.269115
0.301496
0.319581
0.234477
0.249553
0.264877
0.334284
0.280286
0.276087
0.285532
0.321039
0.279322
0.287897
0.321997
0.325403
0.324485
0.33596
0.344305
0.332965
0.314321
0.311265
0.221816
0.356719
0.339413
0.307563
0.319735
0.34792
0.293036
0.279997
0.286106
0.26374
0.360758
0.256186
0.363061
0.266581
0.355764
0.36077
0.291808
0.390604
0.324354
0.273564
0.262772
0.300225
0.239588
0.371885
0.269246
0.306336
0.206904
0.319927
0.282421
0.287238
0.234303
0.326068
0.308264
0.309415
0.319349
0.375234
0.333276
0.288365
0.295778
0.285812
0.286795
0.320102
0.338281
0.463198
0.333053
0.337973
0.304516
0.263617
0.256775
0.280231
0.328365
0.245045
0.348356
0.321299
0.37107
0.269635
0.298148
0.326618
0.334781
0.309706
0.375625
0.328874
0.284288
0.353272
0.407807
0.309927
0.431947
0.409465
0.363384
0.304235
0.349823
0.313193
0.297857
0.312315
0.424717
0.298886
0.298793
0.258956
0.290193
0.333393
0.322709
0.308313
0.336739
0.323923
0.312424
0.29299
0.298993
0.316356
0.408808
0.264759
0.283716
0.339278
0.293773
0.218243
0.251665
0.34082
0.285006
0.320282
0.310415
0.296997
0.313007
0.297291
0.296732
0.318949
0.340167
0.278641
0.323728
0.292259
0.303186
0.332885
0.30303
0.328631
0.354764
0.2466
0.276657
0.436927
0.28045
0.23865
0.334047
0.323359
0.317432
0.311186
0.374427
0.316615
0.284131
0.274149
0.333474
0.314121
0.31919
0.292794
0.414588
0.248802
0.314953
0.308645
0.311527
0.327977
0.263041
0.278264
0.312135
0.31502
0.325399
0.300642
0.367106
0.254709
0.351023
0.458848
0.28326
0.290751
0.297506
0.363257
0.344845
0.3311
0.317931
0.29527
0.312245
0.289634
0.30111
0.349061
0.343923
0.288924
0.28556
0.295784
0.328682
0.260919
0.236003
0.323917
0.311055
0.314632
0.336815
0.342318
0.33528
0.285169
0.319759
0.339781
0.286436
0.212277
0.257384
0.326021
0.274805
0.424582
0.319086
0.321464
0.340876
0.292455
0.308209
0.351994
0.413225
0.35151
0.357747
0.332842
0.361011
0.317962
0.305606
0.257712
0.315653
0.296308
0.333581
0.270436
0.303823
0.319357
0.284243
0.317807
0.33136
0.284638
0.423581
0.267458
0.368745
0.267296
0.325786
0.278662
0.263476
0.340411
0.297999
0.275672
0.295737
0.287399
0.304697
0.34793
0.369812
0.349133
0.257139
0.352424
0.302882
0.321289
0.309923
0.259489
0.282594
0.316051
0.37025
0.261043
0.29709
0.24698
0.286785
0.311568
0.274725
0.31192
0.270458
0.33557
0.332929
0.255886
0.247033
0.126891
0.223841
0.324773
0.288993
0.244936
0.261739
0.295258
0.305066
0.282717
0.282694
0.336031
0.33692
0.281652
0.325502
0.333779
0.382569
0.283047
0.268244
0.318652
0.239747
0.281502
0.2779
0.323914
0.303537
0.304332
0.271238
0.327087
0.259441
0.286628
0.288587
0.262959
0.290574
0.320955
0.281422
0.337242
0.312255
0.290678
0.247051
0.286204
0.272408
0.312267
0.296771
0.286794
0.307726
0.424592
0.398659
0.268297
0.295028
0.280852
0.282142
0.27794
0.347541
0.321131
0.267106
0.285531
0.293105
0.258475
0.325671
0.327674
0.272562
0.306203
0.219517
0.320074
0.299892
0.368837
0.28829
0.239787
0.331776
0.311022
0.265189
0.311632
0.274404
0.276413
0.347054
0.344024
0.309477
0.337142
0.344205
0.320311
0.309658
0.318162
0.302157
0.267214
0.303965
0.257817
0.322108
0.315185
0.330209
0.285682
0.277648
0.30807
0.306371
0.252623
0.26945
0.33229
0.267254
0.305212
0.344815
0.265542
0.300962
0.336763
0.295542
0.312243
0.307655
0.349255
0.285665
0.3323
0.282135
0.370097
0.261488
0.275704
0.245724
0.266332
0.355012
0.293603
0.250754
0.323363
0.302997
0.255913
0.342171
0.28313
0.323753
0.451141
0.28955
0.290511
0.232475
0.236149
0.328097
0.259414
0.287351
0.348788
0.385396
0.301767
0.367798
0.29973
0.301719
0.293446
0.343511
0.354819
0.300555
0.348254
0.301448
0.421754
0.295932
0.306499
0.265192
0.277377
0.267889
0.380069
0.309357
0.290289
0.310859
0.325018
0.227941
0.29264
0.269645
0.364175
0.258532
0.304993
0.30164
0.362589
0.316481
0.265782
0.273016
0.363952
0.307659
0.228959
0.28605
0.264821
0.288376
0.276306
0.343188
0.278557
0.268621
0.357772
0.310372
0.285714
0.237215
0.397059
0.288146
0.372023
0.286681
0.297527
0.361657
0.282562
0.256758
0.277533
0.309948
0.315188
0.392004
0.304158
0.293854
0.296821
0.291421
0.300701
0.399885
0.31018
0.347445
0.314095
0.317751
0.30187
0.219488
0.277795
0.299659
0.46932
0.276917
0.32425
0.296754
0.278386
0.297369
0.284739
0.289434
0.282279
0.32968
0.288294
0.311968
0.344192
0.243897
0.414822
0.290715
0.306767
0.310763
0.217893
0.385264
0.318008
0.441342
0.294853
0.269266
0.306678
0.397801
0.299983
0.37048
0.273311
0.354866
0.388323
0.332445
0.277157
0.337531
0.274619
0.259391
0.311765
0.278115
0.311009
0.301461
0.288435
0.357273
0.254031
0.317932
0.336838
0.277542
0.301139
0.342839
0.3067
0.31548
0.313739
0.258708
0.254273
0.329481
0.287396
0.299758
0.320302
0.29557
0.197492
0.334587
0.267451
0.271631
0.342306
0.292789
0.267142
0.275854
0.358671
0.31793
0.248248
0.323199
0.277809
0.304467
0.2896
0.269131
0.340813
0.295894
0.282043
0.319224
0.347133
0.277004
0.308575
0.355385
0.262601
0.298783
0.284366
0.267829
0.490666
0.298485
0.290626
0.278654
0.312408
0.37182
0.321812
0.303523
0.316128
0.271583
0.323355
0.299303
0.353597
0.279606
0.303514
0.294311
0.418972
0.317581
0.289903
0.313864
0.314124
0.276635
0.315755
0.3371
0.300248
0.269382
0.303133
0.34142
0.326892
0.242711
0.314391
0.271834
0.320351
0.315489
0.290826
0.320489
0.233084
0.29727
0.3187
0.372822
0.256459
0.312427
0.306072
0.30728
0.266376
0.318848
0.296498
0.27558
0.317218
0.330455
0.243804
0.281638
0.326859
0.341942
0.284495
0.338838
0.25174
0.257318
0.281368
0.221989
0.284534
0.336489
0.311901
0.321261
0.274152
0.308677
0.30093
0.276977
0.328339
0.299786
0.270353
0.346631
0.296854
0.311344
0.256523
0.365267
0.326071
0.294162
0.275915
0.31392
0.239735
0.313892
0.364262
0.322933
0.229945
0.303264
0.269475
0.249227
0.354633
0.373667
0.363275
0.287256
0.299434
0.309405
0.270749
0.404672
0.305452
0.327573
0.324953
0.334651
0.320225
0.333567
0.349062
0.219761
0.304969
0.311245
0.297394
0.316035
0.388749
0.761401
0.314166
0.289453
0.303935
0.367204
0.353027
0.256568
0.297236
0.299541
0.279356
0.342889
0.256593
0.254825
0.264305
0.295071
0.330789
0.281724
0.322929
0.286289
0.334564
0.327164
0.306155
0.316965
0.315636
0.320304
0.272034
0.290759
0.275846
0.284239
0.288566
0.400738
0.254271
0.316058
0.345597
0.446369
0.259318
0.361426
0.273599
0.314625
0.361041
0.290059
0.331711
0.371375
0.290158
0.379172
0.425844
0.25
0.288712
0.352967
0.350502
0.274349
0.329534
0.242545
0.261321
0.380038
0.395601
0.382689
0.375614
0.278268
0.330688
0.327722
0.314458
0.357456
0.258182
0.314968
0.358982
0.349881
0.29228
0.292083
0.284982
0.31093
0.269283
0.320231
0.36505
0.271698
0.307898
0.359765
0.364963
0.301628
0.253535
0.269041
0.310458
0.336063
0.241665
0.310193
0.270794
0.343132
0.352618
0.311079
0.314465
0.302656
0.331182
0.253696
0.337165
0.365964
0.361051
0.26443
0.304068
0.294188
0.342674
0.300989
0.294369
0.219031
0.278856
0.296837
0.283057
0.357338
0.325442
0.317735
0.342701
0.2465
0.263558
0.294282
0.289474
0.268436
0.309209
0.278685
0.277318
0.287358
0.320509
0.310948
0.320628
0.31745
0.31914
0.286711
0.318047
0.343619
0.312837
0.313039
0.328008
0.264454
0.255806
0.353889
0.304792
0.320935
0.293826
0.337028
0.318788
0.374786
0.305765
0.31552
0.300135
0.282906
0.245653
0.317104
0.322666
0.288004
0.272793
0.277647
0.227223
0.300213
0.304323
0.322878
0.318668
0.29005
0.349884
0.307335
0.355937
0.296999
0.309889
0.25287
0.50507
0.392109
0.300553
0.308229
0.331052
0.32506
0.247001
0.348181
0.287778
0.273387
0.249904
0.287845
0.370437
0.376772
0.346355
0.329506
0.309501
0.36519
0.2812
0.359189
0.259108
0.307935
0.338347
0.300974
0.346546
0.295178
0.349622
0.284411
0.302103
0.369654
0.23893
0.27365
0.337313
0.335555
0.266404
0.259792
0.27577
0.327754
0.28721
0.296644
0.335593
0.288476
0.28164
0.391087
0.396967
0.287133
0.288645
0.340189
0.265352
0.354159
0.267902
0.30951
0.346274
0.342439
0.304727
0.299793
0.3613
0.291843
0.313469
0.274749
0.390971
0.252923
0.411485
0.338899
0.270238
0.448099
0.35981
0.333511
0.280549
0.267802
0.311933
0.297801
0.224346
0.296938
0.296116
0.262043
0.285132
0.282964
0.262436
0.301723
0.321897
0.274489
0.3008
0.348205
0.241473
0.343818
0.316613
0.319402
0.397529
0.292498
0.38401
0.277876
0.295883
0.280109
0.198361
0.282236
0.400305
0.314954
0.318886
0.276926
0.330284
0.399499
0.345838
0.34276
