0.251722
0.256189
0.300335
0.367877
0.31181
0.255451
0.250412
0.247789
0.259827
0.331875
0.20376
0.292321
0.277659
0.25783
0.291111
0.281366
0.378571
0.300155
0.29137
0.319208
0.24045
0.252278
0.314468
0.260119
0.258285
0.304962
0.311903
0.346957
0.231072
0.258449
0.2377
0.282881
0.259265
0.27279
0.276702
0.235285
0.284015
0.260666
0.206152
0.290176
0.289557
0.335947
0.238504
0.20333
0.261477
0.296901
0.319625
0.262236
0.235741
0.285615
0.219032
0.248543
0.326187
0.29072
0.209154
0.31323
0.271078
0.278302
0.2501
0.383551
0.261363
0.317272
0.30917
0.244536
0.294806
0.274197
0.21386
0.219844
0.290778
0.291494
0.2783
0.299704
0.25643
0.249876
0.25518
0.310741
0.275526
0.344658
0.245073
0.265423
0.247331
0.260547
0.288245
0.300719
0.293653
0.237319
0.323871
0.264108
0.268318
0.214858
0.24155
0.262783
0.272491
0.245981
0.269929
0.245094
0.292421
0.26836
0.272779
0.298197
0.272024
0.203892
0.273239
0.240035
0.240929
0.261831
0.23206
0.267828
0.222347
0.304523
0.265758
0.285968
0.336285
0.28437
0.321048
0.220987
0.22965
0.288118
0.283418
0.295205
0.250933
0.286424
0.288797
0.278646
0.265241
0.253897
0.311113
0.25492
0.291702
0.279227
0.275859
0.294754
0.243762
0.275286
0.277743
0.298231
0.29803
0.313232
0.31701
0.308159
0.282825
0.305243
0.27788
0.216113
0.274196
0.268211
0.260014
0.24897
0.328799
0.262012
0.251482
0.302949
0.279662
0.267005
0.210771
0.270148
0.317756
0.303992
0.289087
0.225972
0.227197
0.249569
0.292759
0.159445
0.331562
0.367195
0.2901
0.292073
0.268548
0.297066
0.288134
0.283292
0.315181
0.266125
0.253754
0.29315
0.263446
0.259716
0.268699
0.263691
0.301044
0.263425
0.261417
0.2527
0.226207
0.303693
0.297848
0.287958
0.296312
0.270282
0.285475
0.221267
0.290174
0.280449
0.264516
0.247331
0.229126
0.285323
0.281061
0.331209
0.260824
0.249148
0.274356
0.278302
0.289417
0.291317
0.307099
0.25313
0.359186
0.299103
0.22818
0.233843
0.246508
0.274713
0.282106
0.313493
0.316484
0.267268
0.256498
0.258402
0.267046
0.31504
0.227006
0.231692
0.255127
0.28282
0.455711
0.266118
0.243866
0.279201
0.290822
0.252445
0.321474
0.259883
0.24322
0.284088
0.292555
0.308087
0.302345
0.244435
0.260465
0.268368
0.266589
0.342085
0.242869
0.281791
0.245185
0.23075
0.291222
0.255016
0.313267
0.293988
0.286063
0.268112
0.25409
0.284932
0.279777
0.326623
0.265325
0.282884
0.293193
0.289586
0.279151
0.255933
0.216772
0.181331
0.259072
0.295574
0.286993
0.277307
0.280657
0.260395
0.272102
0.403337
0.250647
0.258522
0.237133
0.326804
0.30261
0.318455
0.30974
0.244786
0.311589
0.256674
0.271893
0.312046
0.338396
0.264215
0.299676
0.175754
0.279495
0.242929
0.257053
0.260715
0.287574
0.273039
0.31113
0.340888
0.200937
0.2661
0.286584
0.298449
0.490777
0.267728
0.243061
0.281489
0.276695
0.265891
0.307101
0.3234
0.281107
0.289019
0.254575
0.253319
0.255729
0.303962
0.305677
0.31943
0.274112
0.244313
0.310558
0.314655
0.227047
0.248281
0.252078
0.236858
0.255044
0.266289
0.267757
0.293852
0.254253
0.254121
0.265081
0.298853
0.30905
0.232965
0.388503
0.293563
0.240815
0.256044
0.283457
0.283707
0.236559
0.311113
0.290543
0.318502
0.278146
0.25323
0.247675
0.315623
0.295989
0.278584
0.309919
0.221587
0.349673
0.284738
0.29936
0.233041
0.26628
0.315244
0.286645
0.285194
0.288591
0.350587
0.221256
0.264096
0.334522
0.277973
0.257246
0.300814
0.262382
0.314806
0.22103
0.284895
0.27669
0.192985
0.27295
0.26651
0.254175
0.249353
0.256603
0.291018
0.274255
0.260544
0.224167
0.262897
0.271948
0.219156
0.266957
0.225608
0.29905
0.278536
0.255193
0.358394
0.281538
0.279212
0.328247
0.226481
0.221997
0.277041
0.291137
0.276054
0.249345
0.252743
0.285603
0.252732
0.289167
0.229682
0.290642
0.243954
0.297987
0.260172
0.307542
0.268035
0.283375
0.282791
0.258445
0.230227
0.258443
0.266316
0.270743
0.249399
0.293436
0.266256
0.300774
0.327467
0.342863
0.236767
0.247039
0.271923
0.280456
0.273633
0.217395
0.283042
0.235603
0.261955
0.366855
0.277946
0.263536
0.256406
0.279838
0.240108
0.240094
0.282432
0.240972
0.263256
0.301942
0.296155
0.25874
0.258475
0.279635
0.27105
0.192696
0.265362
0.277773
0.264269
0.253252
0.325992
0.28399
0.274215
0.228224
0.273661
0.251938
0.254465
0.306818
0.277561
0.282789
0.258874
0.274766
0.342988
0.378709
0.273876
0.272992
0.303227
0.284504
0.309239
0.270996
0.317655
0.194807
0.277357
0.290453
0.285963
0.659861
0.267987
0.343268
0.309401
0.271466
0.255673
0.25754
0.271326
0.264972
0.260276
0.290387
0.288275
0.286437
0.287164
0.288126
0.302328
0.29639
0.247897
0.240032
0.333403
0.293871
0.265087
0.271544
0.359865
0.324073
0.275267
0.287928
0.27904
0.239789
0.234176
0.307595
0.227495
0.27442
0.244844
0.248448
0.275489
0.263531
0.256381
0.344306
0.307692
0.221791
0.266844
0.222184
0.286059
0.269367
0.271857
0.315344
0.258876
0.271861
0.304441
0.267578
0.288714
0.248936
0.257734
0.313797
0.246779
0.25422
0.296887
0.287833
0.35351
0.287704
0.290393
0.308827
0.267962
0.278822
0.208812
0.255496
0.218986
0.309271
0.266567
0.300624
0.254289
0.262686
0.344109
0.235771
0.24681
0.346739
0.381243
0.284632
0.232333
0.308642
0.304844
0.270807
0.254902
0.274124
0.273675
0.333568
0.281028
0.256131
0.320375
0.28076
0.286338
0.249464
0.288766
0.355199
0.32385
0.274675
0.279107
0.263869
0.291848
0.28848
0.270879
0.28093
0.255021
0.289605
0.270285
0.29031
0.295104
0.235154
0.242466
0.25687
0.285297
0.301551
0.299783
0.294902
0.251136
0.326165
0.269817
0.276821
0.325115
0.32627
0.172067
0.295127
0.284827
0.272798
0.259308
0.281718
0.320577
0.243208
0.223657
0.320446
0.263097
0.274768
0.273992
0.243333
0.269561
0.256181
0.316621
0.270743
0.296804
0.263346
0.294516
0.285467
0.30231
0.272066
0.267084
0.306765
0.26989
0.250285
0.268634
0.253254
0.237025
0.300187
0.318829
0.269131
0.301951
0.267431
0.282989
0.295625
0.301244
0.308669
0.255739
0.234027
0.287112
0.228505
0.251371
0.343921
0.215359
0.277895
0.222087
0.292891
0.248034
0.239538
0.349093
0.235473
0.24548
0.31167
0.268102
0.243925
0.296392
0.282975
0.29549
0.262702
0.444578
0.311806
0.266723
0.295321
0.273492
0.260824
0.26977
0.242825
0.260356
0.229099
0.333169
0.268506
0.273187
0.29681
0.26038
0.303292
0.264076
0.273066
0.263648
0.289366
0.287296
0.277554
0.283433
0.238974
0.266816
0.31939
0.259798
0.297357
0.294885
0.283622
0.249179
0.253536
0.242276
0.266715
0.310163
0.291746
0.262057
0.288812
0.246365
0.20498
0.284499
0.228689
0.256452
0.292211
0.212958
0.248011
0.226829
0.214087
0.297594
0.292667
0.249203
0.305476
0.292863
0.285048
0.333541
0.26803
0.31897
0.276805
0.265535
0.267435
0.272777
0.2842
0.234911
0.345012
0.305625
0.216361
0.280344
0.268555
0.275562
0.369653
0.253699
0.185113
0.273515
0.249394
0.224076
0.268188
0.371932
0.269992
0.227417
0.382167
0.215591
0.28114
0.210642
0.340821
0.282422
0.262958
0.282129
0.292701
0.245092
0.278022
0.28772
0.263054
0.253901
0.256211
0.285692
0.301025
0.255454
0.294636
0.276705
0.263473
0.323226
0.292023
0.344362
0.313751
0.224828
0.295634
0.283468
0.274128
0.297391
0.278708
0.271186
0.260936
0.236732
0.258419
0.27363
0.256243
0.337774
0.303039
0.244472
0.33874
0.306647
0.234991
0.289272
0.302551
0.339908
0.280477
0.297751
0.206993
0.332518
0.231528
0.284673
0.240219
0.280337
0.303339
0.329833
0.299931
0.313545
0.278747
0.35509
0.265681
0.25838
0.226088
0.279556
0.278188
0.345062
0.277304
0.295731
0.26593
0.28275
0.259654
0.257752
0.256216
0.283538
0.39887
0.148592
0.251628
0.263005
0.303643
0.295264
0.242645
0.285204
0.266072
0.297426
0.292476
0.24944
0.299169
0.281102
0.264735
0.319186
0.289939
0.249871
0.229556
0.299117
0.26544
0.279915
0.238019
0.279086
0.335006
0.260394
0.32259
0.289229
0.266816
0.280858
0.264678
0.279776
0.31115
0.246972
0.257791
0.264746
0.251818
0.277719
0.329784
0.28363
0.293512
0.25633
0.231675
0.243958
0.249364
0.240757
0.267183
0.28126
0.257529
0.286108
0.29391
0.249311
0.269511
0.298487
0.324312
0.304643
0.270973
0.286777
0.255416
0.272713
0.240929
0.292131
0.318082
0.215748
0.231752
0.290281
0.291107
0.221175
0.267418
0.279245
0.290096
0.286806
0.297209
0.230839
0.271075
0.294888
0.262824
0.283113
0.348076
0.29637
0.276615
0.30186
0.266597
0.290561
0.294464
0.343226
0.261851
0.27748
0.302443
0.286552
0.290774
0.283357
0.300354
0.220617
0.24686
0.220741
0.293615
0.248309
0.277225
0.230354
0.247962
0.254807
0.228675
0.286091
0.253207
0.267013
0.332662
0.233561
0.314547
0.241082
0.330211
0.227345
0.250519
0.191909
0.296536
0.288851
0.265877
0.242797
0.273889
0.281757
0.281921
0.310982
0.266006
0.298551
0.313682
0.273925
0.341019
0.309881
0.285948
0.248231
0.296728
0.343722
0.307091
0.272599
0.360244
0.284775
0.316204
0.234165
0.236398
0.304151
0.285667
0.274195
0.295122
0.304649
0.299285
0.233278
0.227959
0.198583
0.317299
0.300459
0.324423
0.329312
0.277833
0.353505
0.268572
0.350255
0.281283
0.267525
0.232195
0.256483
0.294862
0.250688
0.301046
0.279665
0.303707
0.356574
0.254992
0.303441
0.257688
0.251593
0.270832
0.290442
0.236474
0.295189
0.229815
0.289358
0.279967
0.22375
0.24803
0.258171
0.272706
0.303426
0.324156
0.270334
0.265346
0.305013
0.328439
0.237299
0.256345
0.23262
0.233599
0.332418
0.258318
0.274691
0.293977
0.263434
0.267329
0.292789
0.283784
0.271115
0.26559
0.253246
0.251506
0.326553
0.332717
0.280359
0.270614
0.256735
0.377207
0.295389
0.245423
0.38148
0.24281
0.2682
0.264669
0.325296
0.262348
0.340238
0.310895
0.225863
0.285692
0.247003
0.26399
0.255075
0.261185
0.286873
0.293002
0.274192
0.302221
0.351825
0.272202
0.290516
0.262988
0.259312
0.277215
0.305572
0.312419
0.269941
0.310314
0.272833
0.271812
0.262576
0.375226
0.293411
0.280141
0.227406
0.246371
0.353028
0.295398
0.2323
0.31892
0.403231
0.220186
0.271023
0.321999
0.236896
0.295261
0.236842
0.273094
0.307707
0.300459
0.298505
0.227808
0.278728
0.277272
0.242752
0.285194
0.354264
0.28001
0.331709
0.278103
0.220758
0.276236
0.258039
0.265199
0.2781
0.215833
0.318813
0.276604
0.27674
0.251477
0.265352
0.295128
0.316067
0.268706
0.28659
0.283204
0.281189
0.215355
0.30932
0.247811
0.203423
0.255635
0.299029
0.294556
0.288864
0.271857
0.267826
0.257114
0.333207
0.260969
0.248956
0.302611
0.246815
0.279068
0.225516
0.310706
0.288775
0.272123
0.359757
0.321716
0.222041
0.306764
0.272975
0.296541
0.274937
0.264531
0.250233
0.28727
0.279486
0.279742
0.251584
0.297297
0.33453
0.300143
0.306234
0.297213
0.231175
0.310963
0.295903
0.2829
0.284735
0.292885
0.245101
0.279627
0.254528
0.298845
0.256601
0.28485
0.277497
0.306255
0.331314
0.295163
0.305908
0.312943
0.230191
0.238062
0.258341
0.331028
0.276056
0.266469
0.245657
0.282033
0.253233
0.252481
0.276054
0.308787
0.265776
0.29901
0.272973
0.268936
0.296871
0.286683
0.286427
0.40274
0.265483
0.344771
0.217441
0.215697
0.252801
0.29058
0.243144
0.293189
0.25147
0.268294
0.220905
0.219842
0.256054
0.360037
0.231237
0.390381
0.274503
0.265811
0.29967
0.271724
0.261272
0.269424
0.267938
0.339869
0.3538
0.242747
0.308579
0.260072
0.240572
0.249797
0.263958
0.330987
0.28699
0.257086
0.316871
0.283892
0.277716
0.281148
0.266256
0.232642
0.232152
0.314431
0.250792
0.316054
0.264307
0.235551
0.262075
0.316784
0.234412
0.2737
0.265676
0.282242
0.265008
0.276442
0.266005
0.328622
0.26631
0.270924
0.263639
0.325023
0.299401
0.285173
0.313741
0.252782
0.267082
0.270507
0.243603
0.300267
0.265164
0.257915
0.292777
0.27603
0.297903
0.25495
0.240262
0.246681
0.299174
0.31194
0.21721
0.244317
0.314157
0.297633
0.254892
0.318403
0.27905
0.255228
0.264066
0.264797
0.251017
0.288231
0.278696
0.280853
0.284317
0.248253
0.265656
0.28899
0.268142
0.35778
0.249747
0.300205
0.254499
0.248761
0.324591
0.260272
0.276766
0.256032
0.303364
0.285683
0.272669
0.254897
0.291094
0.291987
0.299227
0.248348
0.285457
0.24929
0.252425
0.334929
0.322312
0.266258
0.246437
0.290951
0.255353
0.248875
0.259077
0.299765
0.25706
0.307086
0.285872
0.256026
0.25518
0.294561
0.319586
0.258256
0.310027
0.388177
0.293938
0.349638
0.298437
0.255477
0.218108
0.235868
0.276509
0.27943
0.277326
0.388335
0.297396
0.305189
0.306042
0.262742
0.267838
0.273867
0.265046
0.261939
0.301566
0.315973
0.287019
0.34311
0.295319
0.256552
0.257282
0.2117
0.222646
0.28225
0.263537
0.275266
0.310004
0.240557
0.265784
0.225915
0.271033
0.198978
0.239202
0.283499
0.314765
0.232331
0.291889
0.283873
0.265378
0.37129
0.324918
0.26921
0.227774
0.265266
0.252022
0.355624
0.330322
0.266667
0.28639
0.295938
0.432001
0.361286
0.285339
0.291704
0.281438
0.324199
0.255555
0.279322
0.302821
0.295442
0.291584
0.31718
0.290596
0.267322
0.263562
0.275458
0.286446
0.273135
0.377074
0.281519
0.314221
0.273605
0.296922
0.306299
0.278723
0.335861
0.274647
0.2819
0.288749
0.249094
0.29046
0.349014
0.264237
0.270316
0.320164
0.255718
0.239854
0.194915
0.333577
0.289445
0.327507
0.279822
0.265396
0.243807
0.245586
0.371064
0.371603
0.318444
0.27396
0.235045
0.247745
0.208895
0.259129
0.320821
0.218671
0.252632
0.23102
0.238869
0.288522
0.262078
0.586959
0.295978
0.356757
0.280665
0.251498
0.270751
0.292923
0.195485
0.309337
0.311709
0.29796
0.337525
0.234265
0.263449
0.311002
0.350847
0.268441
0.280411
0.28751
0.251693
0.301763
0.27327
0.273542
0.268338
0.241625
0.25761
0.260501
0.269541
0.287987
0.292147
0.282332
0.303
0.306941
0.273353
0.27741
0.273127
0.284389
0.430265
0.291436
0.273428
0.29846
0.294476
0.290811
0.273046
0.265736
0.29141
0.222807
0.2802
0.32472
0.2752
0.297154
0.254556
0.293058
0.216293
0.279465
0.259947
0.282716
0.35783
0.256462
0.291947
0.264823
0.246259
0.254274
0.315212
0.253338
0.272396
0.296639
0.232134
0.242188
0.295407
0.303888
0.294863
0.252803
0.272416
0.227768
0.256081
0.294816
0.273845
0.58135
0.304567
0.314365
0.292681
0.235699
0.279832
0.298196
0.304715
0.262847
0.249566
0.236484
0.243108
0.264377
0.291553
0.352519
0.228019
0.301554
0.24856
0.174662
0.361912
0.33563
0.243899
0.291935
0.276135
0.27322
0.226276
0.280884
0.336085
0.341722
0.253703
0.265281
0.255673
0.283547
0.286094
0.325292
0.313615
0.303789
0.261888
0.281085
0.246796
0.257929
0.282517
0.252986
0.249325
0.284121
0.291939
0.277917
0.265298
0.274975
0.309171
0.275571
0.26603
0.290031
0.326677
0.283545
0.29528
0.240481
0.245937
0.262475
0.265056
0.251074
0.364761
0.239421
0.266811
0.274388
0.309723
0.221448
0.250772
0.300745
0.321157
0.345914
0.275344
0.282616
0.233232
0.231221
0.256406
0.23055
0.228694
0.273042
0.279356
0.295775
0.309088
0.276801
0.275107
0.315963
0.281821
0.259086
0.275549
0.282276
0.436303
0.280511
0.292
0.260937
0.255437
0.270208
0.219135
0.274643
0.273876
0.214899
0.286112
0.247848
0.299926
0.29
0.3202
0.233603
0.267025
0.364332
0.221687
0.29371
0.305187
0.24271
0.229496
0.274692
0.264096
0.254681
0.205909
0.311504
0.319506
0.267725
0.278691
0.288097
0.304402
0.290905
0.261983
0.286313
0.269809
0.308354
0.223169
0.265313
0.256832
0.269779
0.251938
0.279716
0.308751
0.300549
0.274872
0.250827
0.278997
0.243116
0.296139
0.284616
0.227047
0.266223
0.310279
0.241837
0.343057
0.258548
0.291008
0.223582
0.283439
0.275055
0.356354
0.332883
0.237781
0.294145
0.272153
0.22535
0.3011
0.250838
0.25453
0.311981
0.330529
0.302983
0.251375
0.210095
0.240315
0.284421
0.291682
0.215632
0.340892
0.244802
0.20863
0.350382
0.270029
0.227764
0.298807
0.284499
0.271845
0.319989
0.283662
0.28226
0.248
0.284054
0.267243
0.348595
0.294695
0.265519
0.229208
0.29555
0.237042
0.258371
0.30957
0.286621
0.253355
0.30548
0.277309
0.271154
0.255104
0.276753
0.321961
0.282607
0.298135
0.31809
0.266438
0.245469
0.294271
0.295584
0.274028
0.274329
0.292438
0.273059
0.31417
0.26517
0.228113
0.311324
0.260238
0.26093
0.255145
0.231644
0.242748
0.272779
0.313959
0.286724
0.283681
0.275139
0.333199
0.262153
0.284896
0.312231
0.269912
0.300843
0.252932
0.281493
0.213725
0.302903
0.262597
0.277839
0.279836
0.252321
0.242723
0.264857
0.282805
0.303992
0.226103
0.26748
0.326616
0.263361
0.272954
0.298598
0.277973
0.259957
0.264242
0.255932
0.183011
0.296721
0.321023
0.308849
0.213336
0.297575
0.199871
0.284335
0.345209
0.31047
0.275828
0.324988
0.291176
0.267374
0.377229
0.274264
0.272713
0.281805
0.259048
0.281418
0.258687
0.237221
0.27604
0.252666
0.303317
0.252519
0.293417
0.238169
0.298903
0.225165
0.242021
0.361667
0.23303
0.298479
0.263186
0.306662
0.273844
0.253714
0.287375
0.28964
0.295561
0.294446
0.326384
0.32893
0.294829
0.250266
0.216012
0.292018
0.271617
0.289772
0.233885
0.287167
0.257614
0.272524
0.286088
0.293504
0.293032
0.288867
0.248694
0.275354
0.2269
0.199779
0.248074
0.274059
0.270738
0.268669
0.279074
0.294914
0.227038
0.289078
0.267213
0.328203
0.259544
0.295776
0.307588
0.306379
0.279656
0.334054
0.31861
0.260353
0.246636
0.28078
0.300383
0.315383
0.225882
0.30571
0.270612
0.292644
0.284218
0.325597
0.253589
0.270201
0.287432
0.260338
0.295624
0.317549
0.282006
0.360614
0.368584
0.304551
0.260657
0.317182
0.290175
0.293741
0.312983
0.264243
0.273956
0.31006
0.246116
0.246444
0.311807
0.264951
0.232364
0.279969
0.291281
0.26407
0.245871
0.300065
0.251005
0.260896
0.345267
0.233791
0.251723
0.267644
0.382551
0.277857
0.211895
0.302336
0.30241
0.267385
0.320104
0.296429
0.25689
0.25912
0.256218
0.254151
0.236225
0.303405
0.289868
0.276597
0.263373
0.284619
0.257187
0.331709
0.257138
0.286857
0.283788
0.264812
0.251787
0.311969
0.277429
0.281118
0.318385
0.284919
0.312892
0.241636
0.355104
0.264982
0.334593
0.25569
0.279593
0.285971
0.234244
0.250869
0.267394
0.270324
0.251759
0.327275
0.269728
0.249514
0.423775
0.306712
0.223001
0.29021
0.31179
0.321149
0.291425
0.275862
0.289384
0.298935
0.282703
0.303208
0.254493
0.243749
0.236466
0.257795
0.301281
0.263207
0.28113
0.233072
0.26566
0.275273
0.280471
0.268247
0.286781
0.260021
0.244242
0.245639
0.264498
0.237366
0.227879
0.31492
0.278893
0.460933
0.265309
0.271824
0.265653
0.263566
0.289221
0.29313
0.341534
0.251807
0.301806
0.281862
0.309272
0.353549
0.314192
0.287891
0.248021
0.254444
0.262444
0.35602
0.394014
0.301588
0.28354
0.244231
0.285059
0.298786
0.271892
0.294955
0.218569
0.252273
0.233242
0.30615
0.317821
0.254891
0.245694
0.278243
0.280789
0.246364
0.220429
0.276126
0.292182
0.257969
0.244132
0.31363
0.27011
0.271364
0.322383
0.284561
0.241025
0.279522
0.251707
0.281291
0.252689
0.289959
0.317824
0.255079
0.268113
0.272165
0.296062
0.354412
0.263191
0.330872
0.312519
0.265335
0.230162
0.301271
0.286668
0.246963
0.31391
0.319409
0.262193
0.285372
0.285641
0.205591
0.290972
0.251828
0.316299
0.294418
0.255745
0.258548
0.283389
0.161647
0.309058
0.25133
0.289445
0.289048
0.317218
0.300592
0.282331
0.300955
0.21216
0.287508
0.279565
0.19436
0.356287
0.275702
0.301007
0.250483
0.244034
0.311925
0.298056
0.288526
0.314484
0.244132
0.285893
0.276436
0.289365
0.344426
0.303796
0.247931
0.29442
0.296824
0.300894
0.294451
0.252732
0.295269
0.229982
0.228882
0.27221
0.264321
0.263974
0.241851
0.335309
0.283932
0.262628
0.243449
0.255273
0.31904
0.255528
0.271407
0.281491
0.307899
0.263851
0.273855
0.292252
0.303296
0.263243
0.243616
0.256881
0.321596
0.280992
0.307573
0.270152
0.322041
0.250664
0.237414
0.295503
0.254534
0.267709
0.237338
0.284245
0.323667
0.287749
0.223032
0.275578
0.288282
0.310533
0.293868
0.290201
0.22554
0.281566
0.24706
0.288601
0.258485
0.319087
0.296932
0.276821
0.346383
0.31904
0.275847
0.273548
0.272662
0.264598
0.251887
0.289982
0.204468
0.291849
0.282685
0.262466
0.259271
0.298496
0.270987
0.205659
0.269141
0.257569
0.250881
0.193956
0.373875
0.323902
0.339659
0.303328
0.295661
0.276678
0.269371
0.225419
0.328074
0.279317
0.276032
0.297565
0.329388
0.251898
0.333618
0.316985
0.293596
0.244566
0.263795
0.235373
0.29797
0.264827
0.350178
0.362193
0.288691
0.270614
0.28754
0.2513
0.286038
0.277647
0.271182
0.279219
0.287083
0.223417
0.248023
0.227967
0.253323
0.261871
0.304021
0.23593
0.23401
0.285749
0.287555
0.286754
0.285567
0.295607
0.238034
0.309406
0.271289
0.29045
0.286584
0.293652
0.267744
0.27678
0.269384
0.287922
0.276715
0.271427
0.240352
0.279874
0.268082
0.256461
0.279785
0.271697
0.2998
0.299132
0.343162
0.295736
0.304635
0.165364
0.218376
0.279539
0.220647
0.323017
0.390131
0.288766
0.260894
0.325182
0.278156
0.268381
0.286891
0.292621
0.235388
0.423139
0.284163
0.293371
0.278646
0.290984
0.31448
0.244539
0.269122
0.274577
0.285552
0.239766
0.295197
0.299929
0.273695
0.300063
0.322283
0.254336
0.220992
0.284731
0.268176
0.286456
0.278587
0.352589
0.28665
0.254082
0.256171
0.232744
0.273576
0.311976
0.278172
0.322251
0.275632
0.272799
0.274325
0.245722
0.28507
0.292204
0.281
0.291622
0.296422
0.268095
0.260469
0.272075
0.254735
0.323871
0.230575
0.258856
0.278645
0.251032
0.283388
0.253564
0.260515
0.230445
0.276024
0.296171
0.255142
0.294773
0.273348
0.263522
0.266646
0.266284
0.338663
0.298092
0.292521
0.274912
0.298507
0.294054
0.237747
0.290096
0.2697
0.255267
0.22862
0.279119
0.271965
0.307909
0.386603
0.293487
0.274966
0.287398
0.316539
0.238079
0.365555
0.296835
0.322988
0.208942
0.269525
0.244874
0.380475
0.231398
0.1848
0.236394
0.276219
0.300531
0.280635
0.26527
0.288225
0.297509
0.322208
0.317702
0.261902
0.264472
0.276309
0.254105
0.229928
0.283294
0.251455
0.281004
0.271124
0.281635
0.264008
0.292777
0.263782
0.173232
0.282725
0.242683
0.297397
0.282185
0.287543
0.284722
0.224182
0.329071
0.275469
0.281955
0.263625
0.311902
0.257525
0.251645
0.342958
0.289
0.253063
0.240558
0.267974
0.28844
0.234994
0.224187
0.245995
0.304062
0.272884
0.262773
0.306672
0.284135
0.319595
0.245452
0.299723
0.298518
0.287281
0.268516
0.284025
0.290536
0.208889
0.338935
0.346311
0.335651
0.268884
0.25477
0.322164
0.293378
0.331331
0.271185
0.343515
0.30199
0.305336
0.257785
0.286732
0.268297
0.25496
0.226904
0.281166
0.268308
0.341216
0.246218
0.276632
0.285387
0.269235
0.246541
0.308416
0.271387
0.299212
0.237857
0.261029
0.275568
0.283389
0.29198
0.248976
0.273536
0.262638
0.296891
0.271337
0.230572
0.26022
0.26541
0.284288
0.274759
0.26517
0.338566
0.296103
0.270472
0.303303
0.362312
0.320621
0.241354
0.314725
0.269967
0.314684
0.264257
0.230526
0.347943
0.258324
0.262497
0.23192
0.292767
0.283589
0.225562
0.270759
0.252188
0.281292
0.272437
0.319856
0.228322
0.297472
0.281379
0.265669
0.172124
0.281105
0.2539
0.277144
0.277672
0.292904
0.267337
0.2603
0.295491
0.254432
0.235299
0.291235
0.289133
0.265404
0.274628
0.247395
0.278715
0.246516
0.234157
0.279734
0.335911
0.2655
0.345554
0.293588
0.325474
0.233056
0.284805
0.254713
0.146624
0.225142
0.3079
0.283687
0.221454
0.300343
0.280678
0.27654
0.254903
0.289241
0.266983
0.33067
0.274483
0.263786
0.267793
0.310922
0.274284
0.272861
0.27145
0.266913
0.241152
0.265604
0.247008
0.303552
0.275401
0.258796
0.251646
0.326441
0.284742
0.221972
0.267632
0.242443
0.261097
0.253258
0.317756
0.224578
0.284622
0.195577
0.266096
0.321505
0.265539
0.244856
0.249041
0.331605
0.223284
0.270289
0.239754
0.276071
0.284275
0.257069
0.286194
0.273063
0.277443
0.18651
0.260957
0.293664
0.304262
0.295068
0.281292
0.261709
0.278288
0.21102
0.294004
0.310767
0.296025
0.277518
0.26289
0.288417
0.32108
0.283784
0.217035
0.272824
0.241547
0.298699
0.283751
0.254638
0.24612
0.299676
0.378162
0.295383
0.257955
0.330694
0.2832
0.274911
0.297933
0.283937
0.202406
0.32078
0.345932
0.293347
0.264708
0.308633
0.324382
0.265679
0.291411
0.291929
0.241557
0.256252
0.237589
0.290699
0.287298
0.284561
0.256883
0.299578
0.315553
0.204195
0.193326
0.256723
0.279389
0.310204
0.279708
0.284833
0.256241
0.252466
0.290867
0.289116
0.303224
0.272936
0.294356
0.234354
0.271826
0.267142
0.282224
0.291102
0.275533
0.286281
0.247767
0.241557
0.213129
0.22457
0.276452
0.297306
0.264642
0.330274
0.248914
0.288913
0.267745
0.280048
0.265928
0.237894
0.22659
0.27949
0.298945
0.183043
0.218165
0.247349
0.237866
0.259475
0.246571
0.245446
0.335957
0.279202
0.239355
0.264813
0.273359
0.313959
0.302822
0.271709
0.304416
0.272436
0.277332
0.276916
0.298618
0.232225
0.285366
0.332516
0.275263
0.289354
0.300288
0.289808
0.281079
0.358013
0.270857
0.236838
0.283516
0.29166
0.309736
0.281535
0.260311
0.265626
0.318737
0.362805
0.266835
0.309182
0.285946
0.257098
0.241732
0.269277
0.263027
0.286007
0.270122
0.286554
0.248144
0.289793
0.269022
0.275808
0.285649
0.451289
0.221381
0.25073
0.246425
0.246277
0.284239
0.288374
0.267643
0.226378
0.321043
0.207286
0.317781
0.258751
0.276599
0.271562
0.291405
0.279393
0.251195
0.261342
0.258077
0.275607
0.261876
0.257913
0.250785
0.229488
0.185979
0.314678
0.252376
0.323744
0.33305
0.209682
0.265694
0.292019
0.274
0.318426
0.313048
0.247073
0.299094
0.306523
0.285567
0.272301
0.265837
0.247317
0.296712
0.227768
0.311668
0.352479
0.230543
0.324397
0.332461
0.254673
0.270129
0.330546
0.279991
0.386593
0.226319
0.26908
0.3293
0.271064
0.288756
0.280103
0.268368
0.248421
0.213924
0.261785
0.284445
0.287082
0.265315
0.315582
0.321308
0.282404
0.27515
0.318537
0.289087
0.239827
0.274424
0.251641
0.239599
0.247853
0.258238
0.269191
0.290431
0.306604
0.355478
0.272109
0.317576
0.284298
0.29767
0.27075
0.24007
0.231969
0.233021
0.239588
0.223079
0.248335
0.28681
0.275204
0.305085
0.290351
0.195714
0.259083
0.319386
0.322042
0.225649
0.320039
0.28905
0.225236
0.273402
0.250369
0.331998
0.232621
0.266789
0.24108
0.277195
0.303694
0.272555
0.28839
0.274188
0.256833
0.275673
0.301423
0.277312
0.296671
0.271553
0.27426
0.275807
0.259496
0.256768
0.283363
0.285152
0.291531
0.324156
0.284691
0.282041
0.309777
0.374431
0.263921
0.263903
0.285998
0.267497
0.289124
0.261624
0.29155
0.300955
0.260206
0.244655
0.304024
0.266354
0.289981
0.310465
0.268541
0.284061
0.249881
0.287945
0.256846
0.298728
0.276938
0.260475
0.285556
0.28791
0.220244
0.267071
0.271602
0.294089
0.287038
0.240141
0.284168
0.299018
0.27656
0.290172
0.259084
0.305458
0.266935
0.277089
0.25695
0.302745
0.286581
0.328768
0.250173
0.276897
0.263986
0.295058
0.253916
0.297504
0.214239
0.230651
0.320488
0.303473
0.289491
0.256802
0.250544
0.206286
0.327297
0.246888
0.259858
0.251366
0.240556
0.247544
0.297525
0.347563
0.263158
0.276535
0.322255
0.231997
0.322051
0.256667
0.296418
0.272734
0.311105
0.250805
0.261981
0.335447
0.284775
0.27055
0.253296
0.407232
0.272229
0.289019
0.268755
0.270303
0.329148
0.27386
0.307808
0.258966
0.208384
0.33743
0.235173
0.28159
0.206712
0.282529
0.286776
0.255023
0.225672
0.233629
0.285996
0.276982
0.293585
0.27242
0.24003
0.298719
0.262135
0.329648
0.257417
0.323542
0.326561
0.28437
0.26097
0.262969
0.264147
0.279989
0.263419
0.263573
0.257664
0.304014
0.36789
0.296338
0.233735
0.25848
0.277501
0.256929
0.272238
0.250446
0.289887
0.27337
0.274273
0.259621
0.25722
0.230469
0.277959
0.276007
0.30763
0.267643
0.323901
0.308795
0.262073
0.295182
0.245919
0.258214
0.298257
0.256566
0.344761
0.328612
0.2464
0.343086
0.279423
0.279685
0.260809
0.254822
0.230833
0.308389
0.295852
0.160105
0.293988
0.272841
0.264784
0.273851
0.236902
0.287834
0.285257
0.251428
0.271562
0.179403
0.287404
0.286266
0.238026
0.300862
0.226812
0.260048
0.277464
0.276143
0.274548
0.270137
0.252626
0.285051
0.246589
0.271282
0.25633
0.256577
0.320903
0.28283
0.274126
0.263222
0.280452
0.309103
0.29532
0.259528
0.215106
0.295497
0.297311
0.268427
0.244337
0.294197
0.268523
0.336383
0.282819
0.268719
0.24028
0.297884
0.281858
0.264113
0.249663
0.280677
0.304913
0.266375
0.273177
0.335033
0.254359
0.273655
0.293871
0.2551
0.294391
0.284884
0.278661
0.356896
0.275862
0.260654
0.250096
0.26704
0.270815
0.298804
0.303135
0.22972
0.262028
0.23463
0.286748
0.37002
0.307959
0.307562
0.298935
0.249059
0.266678
0.273211
0.23912
0.261176
0.317884
0.287065
0.252607
0.282334
0.29349
0.289143
0.246121
0.234089
0.313482
0.295506
0.285344
0.283481
0.294127
0.270155
0.253113
0.263671
0.326348
0.327059
0.216312
0.288869
0.289966
0.212974
0.299129
0.302543
0.291308
0.259655
0.257795
0.28765
0.288688
0.272549
0.262065
0.211454
0.24481
0.236896
0.26187
0.251404
0.243404
0.27355
0.498053
0.271588
0.309658
0.328084
0.273377
0.319065
0.24477
0.242725
0.256566
0.273573
0.231123
0.256783
0.255858
0.233294
0.256131
0.279792
0.276691
0.234435
0.301377
0.282161
0.237743
0.29494
0.26092
0.26042
0.237254
0.267921
0.292634
0.234177
0.291004
0.322819
0.311946
0.295954
0.260051
0.2297
0.296262
0.315177
0.267827
0.271521
0.305716
0.305907
0.268475
0.245042
0.236063
0.252246
0.336176
0.28346
0.285691
0.294147
0.293511
0.268434
0.265086
0.274794
0.283572
0.28336
0.243871
0.275104
0.261566
0.244581
0.281285
0.252212
0.318627
0.280448
0.298614
0.285784
0.241115
0.242445
0.298438
0.261206
0.239463
0.263796
0.264628
0.265396
0.284869
0.262175
0.282188
0.29746
0.259674
0.386143
0.325381
0.294798
0.309325
0.261948
0.302062
0.363499
0.308848
0.285552
0.284688
0.265861
0.262511
0.355032
0.333495
0.269496
0.217756
0.287923
0.185844
0.31806
0.320137
0.319191
0.280677
0.364952
0.247473
0.286313
0.350129
0.28882
0.274491
0.209669
0.266672
0.301992
0.207577
0.271707
0.255135
0.222354
0.303331
0.232487
0.296467
0.325894
0.278776
0.278222
0.262634
0.238354
0.304172
0.302598
0.284837
0.306055
0.222633
0.218768
0.280197
0.21793
0.26535
0.278781
0.255784
0.323706
0.299176
0.279744
0.354267
0.250289
0.288662
0.299124
0.232484
0.224098
0.256164
0.279457
0.27156
0.273215
0.297571
0.306944
0.294192
0.29408
0.338506
0.260411
0.301836
0.261765
0.313476
0.241563
0.29646
0.278552
0.255976
0.255608
0.268696
0.288178
0.262465
0.403757
0.231985
0.273303
0.361895
0.281974
0.296653
0.328166
0.275653
0.30618
0.238364
0.245136
0.286826
0.265216
0.267111
0.276585
0.282253
0.259618
0.314187
0.256153
0.308819
0.240993
0.302476
0.317615
0.239332
0.28468
0.286472
0.237671
0.292156
0.247893
0.406192
0.276285
0.257651
0.273437
0.290927
0.244511
0.291787
0.385786
0.228482
0.271219
0.291864
0.228041
0.272593
0.265172
0.263851
0.294434
0.263612
0.281859
0.286359
0.343036
0.286134
0.353561
0.241396
0.229046
0.280761
0.267715
0.33818
0.276797
0.286521
0.302715
0.27288
0.274699
0.307162
0.270293
0.27979
0.295406
0.286053
0.295489
0.303308
0.26261
0.315936
0.266606
0.307376
0.275916
0.284504
0.247906
0.30677
0.27645
0.233421
0.22986
0.277002
0.218484
0.288602
0.298619
0.256624
0.27423
0.283662
0.308153
0.331424
0.299101
0.292923
0.23431
0.239321
0.253179
0.263953
0.240856
0.321478
0.285784
0.229524
0.272436
0.257719
0.265585
0.228053
0.30133
0.392141
0.30935
0.276423
0.221757
0.25344
0.350816
0.222946
0.282133
0.285571
0.293941
0.236636
0.258228
0.281272
0.246967
0.268881
0.292815
0.258853
0.25694
0.329985
0.308814
0.270198
0.251522
0.267069
0.272612
0.257809
0.241184
0.273783
0.210039
0.274623
0.281481
0.317095
0.271621
0.273564
0.274831
0.295053
0.267747
0.289349
0.297059
0.275665
0.286674
0.300427
0.298013
0.279449
0.306679
0.308727
0.263397
0.310899
0.282063
0.253263
0.198546
0.286007
0.29953
0.306263
0.28004
0.303871
0.284843
0.283899
0.27942
0.27164
0.301693
0.378483
0.271411
0.260766
0.253009
0.270148
0.25692
0.238162
0.260922
0.327969
0.256487
0.298708
0.280328
0.221057
0.314579
0.317202
0.218484
0.258916
0.317856
0.286019
0.227273
0.272721
0.279039
0.273984
0.261757
0.261151
0.334499
0.259636
0.234352
0.252609
0.2566
0.300334
0.29623
0.284457
0.313874
0.315248
0.278656
0.279493
0.268037
0.282166
0.251157
0.284972
0.280221
0.242034
0.349793
0.258697
0.279768
0.192527
0.271374
0.2937
0.230285
0.30284
0.28494
0.342366
0.315416
0.28209
0.234881
0.311303
0.263387
0.22865
0.257158
0.333203
0.273128
0.315103
0.276684
0.258012
0.213812
0.278148
0.208803
0.236685
0.203373
0.289314
0.236007
0.236046
0.284102
0.256003
0.244327
0.298196
0.280475
0.284317
0.27291
0.232737
0.247871
0.246647
0.235189
0.285476
0.263655
0.303945
0.229932
0.291163
0.241134
0.350214
0.209499
0.258693
0.247011
0.264559
0.260463
0.287929
0.258505
0.297415
0.276384
0.311297
0.270725
0.305965
0.27477
0.284581
0.272781
0.282993
0.229122
0.35265
0.274124
0.281751
0.255067
0.247979
0.250636
0.2363
0.284609
0.287307
0.231762
0.322363
0.258112
0.275997
0.265847
0.3055
0.306647
0.272902
0.320778
0.222514
0.289299
0.252498
0.27122
0.324051
0.27602
0.229449
0.324822
0.240785
0.314092
0.282024
0.278073
0.275477
0.265149
0.267864
0.256914
0.347132
0.285863
0.247368
0.235762
0.281419
0.245258
0.332308
0.341264
0.269247
0.24844
0.229562
0.281158
0.285469
0.231882
0.271091
0.274929
0.231704
0.341757
0.237845
0.259138
0.263658
0.211923
0.259694
0.287987
0.282155
0.300369
0.260904
0.226385
0.281027
0.193235
0.298935
0.270672
0.264857
0.297982
0.271398
0.273833
0.204606
0.239774
0.258025
0.329492
0.24533
0.306906
0.27242
0.288937
0.256537
0.310286
0.257336
0.289017
0.363366
0.211829
0.298643
0.317029
0.272833
0.270225
0.26969
0.249772
0.260821
0.264836
0.322617
0.30605
0.233293
0.238927
0.339138
0.27729
0.190364
0.261365
0.32875
0.270429
0.279841
0.2855
0.295079
0.288853
0.262056
0.312947
0.284314
0.173946
0.271654
0.259854
0.250759
0.285194
0.271757
0.277606
0.249227
0.31359
0.273953
0.234394
0.251862
0.279077
0.291663
0.232806
0.188167
0.269306
0.471114
0.311168
0.28605
0.28155
0.32608
0.273931
0.277278
0.222504
0.313226
0.28427
0.214761
0.25864
0.270584
0.278271
0.250678
0.282964
0.299752
0.309129
0.194139
0.317536
0.228839
0.23865
0.25141
0.263206
0.278252
0.268443
0.278962
0.219445
0.287649
0.297177
0.297103
0.260738
0.247835
0.273248
0.351845
0.241785
0.282633
0.342367
0.261142
0.305922
0.386057
0.25705
0.290469
0.274576
0.238148
0.257299
0.312921
0.28566
0.284194
0.283239
0.276362
0.271818
0.19394
0.281131
0.257809
0.274928
0.248868
0.268001
0.308447
0.279379
0.286673
0.280274
0.278542
0.268055
0.28009
0.289106
0.243445
0.31911
0.279957
0.263669
0.286952
0.230447
0.350014
0.260256
0.324879
0.258044
0.265466
0.299455
0.251305
0.262411
0.284786
0.245241
0.268428
0.253273
0.281065
0.283298
0.248811
0.292807
0.313376
0.293445
0.220067
0.168557
0.265912
0.166417
0.288445
0.250415
0.283256
0.286864
0.313813
0.263139
0.180234
0.300728
0.269943
0.268754
0.278482
0.292093
0.267622
0.300558
0.272867
0.226731
0.267936
0.2695
0.22942
0.256494
0.30066
0.307661
0.267074
0.301817
0.277103
0.244913
0.263325
0.278055
0.269261
0.290349
0.326037
0.268077
0.218596
0.283524
0.294862
0.271511
0.258635
0.280997
0.277525
0.186697
0.251984
0.286916
0.303181
0.238088
0.301101
0.278756
0.225393
0.315174
0.292599
0.256697
0.226814
0.24634
0.258263
0.280699
0.286581
0.388856
0.275262
0.1669
0.259184
0.275472
0.199738
0.285647
0.245527
0.29148
0.333952
0.288646
0.284593
0.289398
0.258587
0.23918
0.226179
0.261673
0.27944
0.257493
0.263569
0.256877
0.276182
0.140968
0.284096
0.239618
0.284478
0.261582
0.253679
0.25302
0.251571
0.262122
0.252919
0.323387
0.280861
0.302988
0.221081
0.29166
0.354614
0.339525
0.279112
0.265476
0.25908
0.293109
0.322295
0.26801
0.266422
0.295079
0.253697
0.325704
0.278434
0.335265
0.287923
0.248129
0.287473
0.334173
0.260397
0.242044
0.24812
0.290574
0.3044
0.278069
0.360618
0.306087
0.27348
0.352334
0.21279
0.259534
0.358761
0.379205
0.247288
0.302131
0.275765
0.28004
0.268678
0.231438
0.304135
0.305519
0.243639
0.182487
0.318757
0.268393
0.281739
0.247151
0.283802
0.373342
0.262609
0.31265
0.227462
0.287097
0.413039
0.284676
