0.281271
0.304993
0.288926
0.301743
0.207716
0.247067
0.244914
0.283657
0.277449
0.279768
0.271843
0.341757
0.251287
0.247657
0.225337
0.205952
0.272384
0.226101
0.289647
0.282789
0.280477
0.252624
0.311797
0.275828
0.232251
0.216266
0.267518
0.264037
0.253779
0.247188
0.233808
0.255901
0.270791
0.289385
0.273805
0.277643
0.322153
0.240757
0.252056
0.27645
0.28928
0.27468
0.293911
0.300653
0.278607
0.271601
0.252088
0.283767
0.263923
0.270132
0.274008
0.276897
0.271219
0.274753
0.270246
0.28052
0.322315
0.271308
0.280977
0.301703
0.344152
0.268816
0.322096
0.280576
0.284477
0.30346
0.291783
0.333735
0.271965
0.229933
0.259379
0.269599
0.224291
0.265912
0.268783
0.289071
0.267427
0.292158
0.312056
0.238722
0.250786
0.272262
0.244303
0.17356
0.299559
0.284401
0.282707
0.279775
0.29364
0.301828
0.248236
0.288605
0.291496
0.277708
0.228105
0.239374
0.202742
0.302909
0.329871
0.269202
0.283168
0.263695
0.248905
0.237332
0.287806
0.270912
0.255088
0.247485
0.27047
0.246988
0.297528
0.266097
0.260974
0.240928
0.281915
0.251233
0.268283
0.279277
0.293387
0.251091
0.258917
0.25299
0.326353
0.252612
0.275315
0.286859
0.300444
0.285809
0.263593
0.236336
0.306926
0.297407
0.276385
0.283163
0.292337
0.284683
0.26545
0.271205
0.308312
0.291873
0.212269
0.254049
0.298158
0.301905
0.340407
0.204447
0.285759
0.229711
0.290837
0.223521
0.243732
0.325971
0.267525
0.234019
0.232181
0.257984
0.274317
0.262161
0.259336
0.277093
0.251948
0.306516
0.308969
0.248749
0.220957
0.30858
0.286963
0.242869
0.28535
0.350616
0.322013
0.271504
0.300267
0.281589
0.285057
0.264626
0.276883
0.297527
0.274144
0.292643
0.291969
0.308716
0.259975
0.272626
0.254681
0.270548
0.270939
0.294849
0.225968
0.295389
0.286329
0.265266
0.255823
0.259655
0.255163
0.268705
0.304283
0.233455
0.141319
0.274415
0.2087
0.299753
0.23856
0.252166
0.311161
0.272757
0.28532
0.298182
0.278527
0.246155
0.323551
0.276769
0.278081
0.237077
0.298549
0.255584
0.280446
0.28553
0.26428
0.283022
0.309556
0.282639
0.187426
0.270157
0.272468
0.305499
0.264476
0.266407
0.247719
0.26746
0.236679
0.300846
0.282845
0.284607
0.25594
0.259541
0.276683
0.300057
0.301358
0.252426
0.277782
0.277867
0.255261
0.271902
0.316236
0.293996
0.314444
0.257082
0.27823
0.276991
0.270406
0.297308
0.250041
0.27897
0.213485
0.23427
0.284731
0.268575
0.289893
0.270372
0.325757
0.340045
0.301673
0.277298
0.260496
0.268854
0.342625
0.263626
0.271951
0.371618
0.310498
0.25599
0.294271
0.259822
0.386628
0.300891
0.225371
0.296857
0.263547
0.300724
0.252185
0.284188
0.263646
0.248976
0.277518
0.312454
0.235123
0.238397
0.56179
0.303246
0.276331
0.298623
0.278481
0.257709
0.254171
0.254528
0.294176
0.238778
0.297578
0.263175
0.238762
0.283699
0.295818
0.245352
0.230176
0.317948
0.255708
0.278658
0.287043
0.266795
0.2628
0.337618
0.280226
0.267273
0.346768
0.212357
0.24872
0.233677
0.262752
0.319464
0.300106
0.274802
0.230614
0.281338
0.308777
0.26677
0.198826
0.247353
0.270392
0.358464
0.274294
0.277345
0.272382
0.281671
0.291726
0.291851
0.304574
0.224787
0.215105
0.225383
0.251525
0.304635
0.246453
0.277235
0.260836
0.242351
0.240883
0.260977
0.3689
0.243294
0.287428
0.262813
0.295724
0.286534
0.249195
0.269658
0.256208
0.280631
0.259199
0.291943
0.319716
0.248727
0.320098
0.221393
0.30929
0.295824
0.261146
0.280356
0.293686
0.294425
0.279821
0.274569
0.247407
0.24794
0.26751
0.258396
0.275336
0.243449
0.242941
0.26896
0.28269
0.241027
0.296013
0.24468
0.265729
0.252548
0.283739
0.316388
0.326124
0.283622
0.30127
0.287902
0.308145
0.217299
0.266337
0.31833
0.26639
0.294082
0.248558
0.252966
0.229628
0.258811
0.26946
0.299881
0.279426
0.252352
0.282249
0.285019
0.317821
0.277008
0.245416
0.275537
0.231102
0.253017
0.330942
0.302275
0.345934
0.343012
0.282437
0.195649
0.30545
0.264196
0.255154
0.250214
0.264645
0.202244
0.338876
0.254102
0.261967
0.271103
0.259297
0.260783
0.293092
0.276604
0.302477
0.235469
0.252874
0.244572
0.246583
0.288279
0.252878
0.243235
0.310868
0.302707
0.274516
0.242453
0.293384
0.305673
0.281308
0.268456
0.275466
0.289889
0.231378
0.261614
0.282898
0.289092
0.284106
0.286837
0.300216
0.278731
0.271584
0.301762
0.297159
0.258704
0.267218
0.274586
0.262045
0.230299
0.273488
0.266748
0.254395
0.262192
0.264805
0.259948
0.307553
0.275496
0.078736
0.280263
0.29409
0.240097
0.35285
0.289758
0.232574
0.250257
0.294085
0.319988
0.278534
0.280449
0.294372
0.24718
0.21203
0.291899
0.32039
0.335507
0.257172
0.305741
0.287043
0.29524
0.263154
0.273463
0.285664
0.263336
0.274966
0.235395
0.239746
0.250077
0.286476
0.29059
0.293614
0.238618
0.253628
0.260987
0.247763
0.240692
0.305334
0.301609
0.290895
0.276673
0.313517
0.270996
0.281353
0.270751
0.27372
0.264721
0.27579
0.220526
0.269169
0.296863
0.303823
0.317852
0.262932
0.297557
0.307759
0.260465
0.299215
0.239497
0.26702
0.202449
0.242134
0.2608
0.30461
0.253989
0.315348
0.308143
0.324655
0.276797
0.254136
0.278576
0.260208
0.257393
0.250099
0.242729
0.260572
0.304177
0.305616
0.294849
0.296296
0.35132
0.234464
0.239038
0.235109
0.308888
0.247314
0.263235
0.27568
0.307004
0.307952
0.254264
0.286318
0.258312
0.283189
0.430617
0.246594
0.228522
0.261401
0.27764
0.281778
0.310724
0.265116
0.291656
0.241774
0.297396
0.293093
0.268563
0.248138
0.31918
0.31246
0.274011
0.206656
0.309155
0.256143
0.26707
0.27218
0.254744
0.272877
0.256867
0.257935
0.296252
0.225609
0.300966
0.289711
0.246434
0.286746
0.273323
0.297232
0.273724
0.235241
0.299711
0.258793
0.229795
0.305329
0.260884
0.227062
0.273952
0.331143
0.298007
0.297025
0.376618
0.227238
0.219221
0.324155
0.360162
0.220414
0.247289
0.261523
0.319228
0.27182
0.274311
0.211711
0.295562
0.200924
0.276046
0.275634
0.264901
0.261338
0.257301
0.244008
0.292493
0.261086
0.327006
0.278751
0.149733
0.31335
0.319259
0.295098
0.361049
0.182175
0.2517
0.271738
0.253338
0.247043
0.316346
0.315546
0.278979
0.287727
0.299199
0.269712
0.233351
0.259958
0.320362
0.283439
0.303887
0.199059
0.26409
0.273817
0.220379
0.275401
0.282298
0.350522
0.253684
0.299261
0.291877
0.2864
0.148946
0.292021
0.248291
0.330315
0.263362
0.203229
0.225568
0.259122
0.300932
0.276494
0.252095
0.251033
0.290001
0.252985
0.281296
0.236687
0.266188
0.293551
0.264534
0.259853
0.270396
0.31649
0.260991
0.288589
0.275723
0.251423
0.273816
0.23535
0.267163
0.297601
0.272525
0.264469
0.271682
0.253587
0.285293
0.257869
0.260795
0.309522
0.299424
0.276916
0.346439
0.249983
0.250399
0.275802
0.282765
0.29392
0.372248
0.285913
0.265158
0.266717
0.216342
0.27943
0.286097
0.252035
0.335633
0.255387
0.270723
0.273158
0.248658
0.314145
0.261923
0.295497
0.307674
0.332388
0.363379
0.248367
0.334315
0.261446
0.251253
0.325045
0.319399
0.250768
0.311333
0.322229
0.235832
0.245576
0.283983
0.247719
0.267158
0.25888
0.27262
0.239777
0.292406
0.28342
0.288589
0.289766
0.310821
0.308255
0.252322
0.354186
0.254638
0.406654
0.298605
0.267574
0.290642
0.262371
0.356782
0.226079
0.303359
0.262607
0.192541
0.269825
0.295844
0.281347
0.271564
0.443055
0.283232
0.292554
0.258284
0.249348
0.256336
0.132296
0.335826
0.268521
0.291258
0.261623
0.274091
0.303231
0.221713
0.320996
0.269313
0.24954
0.24799
0.254572
0.286856
0.272741
0.284789
0.274288
0.258023
0.273306
0.300131
0.282012
0.305701
0.223128
0.283578
0.253691
0.277752
0.250483
0.25899
0.25505
0.267907
0.286335
0.248821
0.247569
0.267505
0.241811
0.267469
0.284793
0.245746
0.343293
0.284083
0.250759
0.315134
0.199816
0.253418
0.418713
0.353091
0.23689
0.247099
0.245918
0.193215
0.330411
0.286397
0.2446
0.258116
0.236325
0.24928
0.320183
0.291667
0.27497
0.250582
0.271504
0.232247
0.275249
0.234568
0.29936
0.27788
0.267308
0.28278
0.280288
0.273911
0.235429
0.231667
0.288928
0.308405
0.283321
0.345107
0.269011
0.225083
0.25597
0.311349
0.339244
0.263194
0.295678
0.258123
0.297578
0.197673
0.266377
0.292932
0.268202
0.270801
0.294946
0.31132
0.299714
0.223997
0.234486
0.33339
0.341305
0.333674
0.274197
0.342463
0.265346
0.303524
0.263355
0.215925
0.265458
0.308982
0.245869
0.287796
0.289758
0.260163
0.248188
0.287864
0.295033
0.313152
0.25617
0.271027
0.282947
0.284179
0.280994
0.274544
0.283515
0.266099
0.293913
0.252823
0.252416
0.283124
0.259671
0.283198
0.298537
0.269034
0.262602
0.261443
0.350639
0.250678
0.298314
0.281317
0.290077
0.190782
0.273304
0.283769
0.319547
0.183447
0.200685
0.2156
0.298522
0.254768
0.289883
0.334001
0.274103
0.280211
0.223084
0.184141
0.240892
0.239283
0.29078
0.294108
0.257715
0.282849
0.269088
0.278999
0.258982
0.290312
0.221542
0.293442
0.255459
0.314951
0.31051
0.255625
0.218464
0.286074
0.268801
0.275252
0.316268
0.268243
0.27139
0.303075
0.284988
0.255226
0.311337
0.306772
0.252616
0.299079
0.286547
0.265348
0.266744
0.293955
0.326242
0.35369
0.30321
0.2401
0.273726
0.270329
0.284467
0.307153
0.302595
0.260876
0.304314
0.260997
0.271764
0.253344
0.245259
0.262601
0.250213
0.226204
0.298763
0.293435
0.206379
0.253021
0.258959
0.292467
0.306492
0.268064
0.226989
0.264454
0.311973
0.319814
0.299368
0.219303
0.242231
0.251403
0.301454
0.271244
0.307264
0.294113
0.213297
0.247094
0.29225
0.244747
0.281831
0.342033
0.301946
0.232713
0.234579
0.289158
0.25303
0.215778
0.252537
0.269883
0.286246
0.282333
0.262587
0.263221
0.318848
0.253577
0.271794
0.327695
0.268979
0.246064
0.279006
0.300108
0.26765
0.260596
0.277974
0.280925
0.238602
0.305757
0.272988
0.268594
0.262976
0.281522
0.257536
0.303554
0.210375
0.233265
0.29632
0.26427
0.235744
0.288221
0.270362
0.286416
0.245357
0.255521
0.326779
0.282156
0.26836
0.339545
0.22773
0.285049
0.285173
0.251679
0.232852
0.249518
0.230514
0.239092
0.276383
0.251133
0.293064
0.233325
0.273884
0.292366
0.332705
0.268152
0.29356
0.237011
0.298046
0.249708
0.316665
0.244207
0.266745
0.207641
0.357722
0.316317
0.284896
0.310035
0.254445
0.257559
0.214251
0.2885
0.260616
0.238871
0.243235
0.222878
0.264304
0.252958
0.223607
0.254387
0.310842
0.26485
0.2816
0.260789
0.255835
0.306474
0.240986
0.278225
0.220164
0.24852
0.250925
0.249027
0.236482
0.242605
0.281899
0.332906
0.218767
0.22896
0.290785
0.210481
0.323612
0.256206
0.279216
0.273174
0.339307
0.251607
0.301798
0.234381
0.274626
0.248037
0.271216
0.28887
0.278557
0.280997
0.273061
0.268787
0.245305
0.242856
0.258527
0.265655
0.272447
0.268751
0.25051
0.366844
0.212632
0.299483
0.228821
0.2756
0.278221
0.283374
0.280927
0.316957
0.247106
0.323663
0.320121
0.213833
0.302019
0.273655
0.322129
0.252629
0.243519
0.256257
0.242645
0.261334
0.258806
0.248739
0.236664
0.247367
0.340807
0.235556
0.28565
0.281982
0.241939
0.236432
0.258701
0.290557
0.27261
0.271723
0.334029
0.232477
0.288414
0.254327
0.252608
0.29334
0.251467
0.277987
0.278977
0.256874
0.262775
0.269626
0.331095
0.255123
0.260905
0.289007
0.297172
0.287129
0.279211
0.304575
0.302637
0.269631
0.297133
0.278985
0.273817
0.244845
0.262041
0.308371
0.288587
0.260804
0.306001
0.266747
0.187828
0.243658
0.279949
0.292624
0.242805
0.288238
0.284788
0.248636
0.301476
0.29078
0.258275
0.284741
0.272125
0.292191
0.237641
0.245745
0.223314
0.19993
0.355624
0.270387
0.269704
0.3401
0.258264
0.287015
0.175308
0.246751
0.273981
0.286433
0.274878
0.262294
0.306932
0.320969
0.245422
0.244257
0.27053
0.241495
0.247956
0.224555
0.318886
0.292031
0.270633
0.251128
0.241085
0.296551
0.308225
0.285749
0.338591
0.286034
0.24162
0.310608
0.250324
0.293317
0.293442
0.248802
0.265347
0.246924
0.290486
0.249106
0.263892
0.336511
0.291433
0.307329
0.285503
0.233433
0.298528
0.302716
0.266239
0.250105
0.275775
0.234139
0.27804
0.293199
0.249214
0.281909
0.233732
0.247119
0.272438
0.29004
0.269514
0.305593
0.251286
0.290719
0.249454
0.239367
0.282256
0.269866
0.302519
0.252396
0.283893
0.309795
0.275008
0.28349
0.260139
0.274068
0.224641
0.289127
0.276467
0.27489
0.196662
0.270778
0.191479
0.279857
0.275677
0.294753
0.268447
0.25302
0.265278
0.253088
0.273056
0.26464
0.237359
0.244451
0.299125
0.23043
0.293376
0.310044
0.278628
0.253636
0.263278
0.27387
0.307087
0.240246
0.239213
0.268606
0.376821
0.279063
0.23585
0.244309
0.276745
0.281487
0.260501
0.242003
0.280567
0.257734
0.276077
0.317284
0.280204
0.184439
0.331784
0.250269
0.29266
0.237914
0.245868
0.289452
0.273454
0.233826
0.250755
0.174854
0.311381
0.306513
0.266072
0.241038
0.217927
0.297951
0.275955
0.268032
0.263607
0.266228
0.283699
0.258355
0.265095
0.309729
0.258573
0.272551
0.268058
0.250344
0.280881
0.292562
0.228328
0.248519
0.290874
0.360114
0.24942
0.293688
0.267806
0.404489
0.376361
0.288283
0.299119
0.282293
0.24947
0.25285
0.279551
0.284386
0.282096
0.285909
0.306413
0.289845
0.263321
0.351495
0.291123
0.296099
0.303066
0.314106
0.274736
0.281808
0.318252
0.256026
0.350126
0.312533
0.298388
0.252882
0.220155
0.219487
0.30518
0.269403
0.228674
0.362285
0.315484
0.275252
0.296895
0.268146
0.264471
0.262305
0.262127
0.247058
0.277597
0.235882
0.291942
0.293844
0.295529
0.249498
0.309687
0.293547
0.256615
0.24174
0.285931
0.248805
0.246604
0.234064
0.24553
0.281879
0.301006
0.271535
0.272942
0.301044
0.284404
0.283883
0.254207
0.189726
0.263236
0.23041
0.331073
0.279672
0.242145
0.247899
0.244448
0.292753
0.307734
0.306484
0.255315
0.301881
0.291314
0.356967
0.290364
0.300202
0.26868
0.247329
0.26085
0.256592
0.257109
0.27799
0.258823
0.299624
0.244909
0.262423
0.263953
0.269541
0.224741
0.249565
0.280726
0.326143
0.269574
0.255448
0.230356
0.287074
0.284154
0.290788
0.30081
0.217813
0.282904
0.254342
0.249504
0.252805
0.26036
0.289998
0.213159
0.260905
0.23722
0.266492
0.354371
0.332298
0.259344
0.280184
0.245151
0.303488
0.26241
0.317109
0.23587
0.305472
0.259943
0.275922
0.26041
0.277714
0.31462
0.289039
0.286337
0.309055
0.278265
0.26999
0.256948
0.225862
0.266527
0.217668
0.231732
0.260954
0.259064
0.238391
0.253739
0.271227
0.255438
0.261198
0.255412
0.263697
0.265011
0.282278
0.503051
0.340879
0.337023
0.231757
0.301051
0.286279
0.281759
0.217595
0.256573
0.262898
0.28355
0.261243
0.307056
0.326499
0.290782
0.264706
0.277132
0.299894
0.264868
0.211292
0.272275
0.333081
0.295027
0.352421
0.285652
0.281526
0.260853
0.349585
0.260747
0.348009
0.243805
0.265517
0.329692
0.277857
0.29388
0.282834
0.268763
0.294797
0.288997
0.290239
0.245595
0.28307
0.274033
0.294448
0.229994
0.243142
0.271182
0.251865
0.150622
0.311324
0.299201
0.287681
0.22823
0.243802
0.279252
0.203124
0.271262
0.21952
0.213182
0.237992
0.307447
0.328287
0.228123
0.271203
0.342313
0.229599
0.241987
0.404771
0.282122
0.292691
0.243522
0.240898
0.239164
0.282338
0.251756
0.239519
0.265733
0.281229
0.276408
0.262562
0.213775
0.264097
0.273452
0.243
0.238524
0.287445
0.33673
0.286114
0.270894
0.226885
0.194011
0.300161
0.330429
0.289871
0.262353
0.230896
0.278712
0.276389
0.291225
0.247904
0.223272
0.288199
0.301901
0.222011
0.222884
0.265357
0.277959
0.250492
0.241342
0.310012
0.286344
0.255063
0.282867
0.304968
0.243173
0.269523
0.289453
0.286224
0.29051
0.317869
0.278063
0.276516
0.295747
0.280318
0.257436
0.271338
