0.24042	0.50425
0.40758	0.61595
0.49775	0.72384
0.43463	0.71674
0.41545	0.74014
0.63168	0.64562
0.47313	0.63881
0.4331	0.73321
0.38356	0.70708
0.38934	0.66755
0.36966	0.73851
0.57843	0.73613
0.49428	0.71009
0.38138	0.72279
0.48956	0.70702
0.37264	0.78026
0.67152	0.66556
0.39586	0.71674
0.48567	0.69744
0.31078	0.58218
0.52156	0.72716
0.26536	0.57796
0.52231	0.65361
0.35837	0.65449
0.43387	0.79078
0.46854	0.71665
0.44229	0.69128
0.47601	0.68048
0.39862	0.71799
0.35698	0.54651
0.39119	0.72196
0.43068	0.78353
0.45088	0.70042
0.46515	0.70089
0.44023	0.6906
0.43164	0.63688
0.47959	0.74503
0.72832	0.79795
0.33597	0.66575
0.40304	0.69529
0.32523	0.49263
0.50473	0.69962
0.46112	0.6884
0.41422	0.74879
0.34672	0.62362
0.34031	0.7119
0.44652	0.70505
0.42062	0.72292
0.48187	0.6915
0.45167	0.56696
0.34443	0.75741
0.43378	0.7073
0.40881	0.71264
0.31644	0.75601
0.48934	0.60088
0.45812	0.80022
0.18468	0.6503
0.76986	0.75979
0.44438	0.66454
0.51079	0.62227
0.46377	0.64346
0.80633	0.61711
0.58081	0.6357
0.45427	0.72832
0.47627	0.80929
0.18333	0.44359
0.40125	0.69312
0.42831	0.64017
0.41803	0.6042
0.44797	0.72451
0.37024	0.68094
0.49351	0.64754
0.50939	0.67118
0.54704	0.72596
0.38686	0.64122
0.4599	0.67263
0.33012	0.67901
0.39023	0.69707
0.46992	0.47233
0.38306	0.67037
0.41546	0.57363
0.44343	0.73744
0.10516	0.6622
0.29667	0.63447
0.38952	0.73478
0.42815	0.71926
0.45145	0.68274
0.43403	0.70516
0.45614	0.67259
0.56956	0.63575
0.23255	0.64178
0.58154	0.71063
0.14759	0.56979
0.36249	0.67443
0.49287	0.69108
0.45393	0.79568
0.23604	0.67653
0.47187	0.73161
0.53507	0.6324
0.36479	0.72768
0.34662	0.73204
0.30674	0.75422
0.48577	0.76597
0.44384	0.67972
0.38406	0.58337
0.45155	0.69987
0.33207	0.7332
0.39761	0.75836
0.25765	0.59978
0.40736	0.72931
0.74908	0.73245
0.51492	0.66539
0.47346	0.73096
0.41518	0.72071
0.44144	0.66077
0.40382	0.72243
0.44083	0.68992
0.50724	0.71147
0.4862	0.68878
0.5757	0.6537
0.53132	0.66245
0.36183	0.68901
0.33835	0.73716
0.50988	0.69255
0.27274	0.69591
0.3877	0.66054
0.26604	0.71614
0.54382	0.79005
0.49772	0.68925
0.37852	0.71535
0.3062	0.73648
0.48358	0.75047
0.45154	0.66962
0.29009	0.5238
0.39406	0.60196
0.40807	0.67626
0.3935	0.76078
0.3063	0.54181
0.55003	0.67465
0.4993	0.7062
0.38381	0.77254
0.49378	0.76561
0.36746	0.76325
0.49754	0.69804
0.45587	0.745
0.16784	0.72047
0.40633	0.67733
0.59767	0.74255
0.35358	0.81339
0.5224	0.72389
0.50992	0.69239
0.4277	0.77857
0.45959	0.70442
0.28482	0.48056
0.74188	0.65083
0.53957	0.78943
0.42775	0.6708
0.27362	0.59783
0.54504	0.71491
0.47318	0.6921
0.36368	0.68993
0.3991	0.71395
0.49623	0.7526
0.49651	0.7154
0.39157	0.70729
0.51134	0.79026
0.36447	0.78995
0.38766	0.65963
0.46128	0.66021
0.37176	0.65735
0.53138	0.71772
0.42224	0.71425
0.2307	0.62088
0.45238	0.74287
0.44695	0.66137
0.465	0.70134
0.411	0.76298
0.47656	0.68849
0.29682	0.68496
0.47886	0.65327
0.50381	0.70196
0.40862	0.74399
0.25023	0.68123
0.40484	0.84176
0.37249	0.69433
0.31543	0.68244
0.45974	0.79446
0.42546	0.7015
0.33415	0.7081
0.42592	0.70392
0.37979	0.7804
0.56647	0.69278
0.60148	0.83799
0.40341	0.67381
0.3603	0.74782
0.53353	0.78852
0.37078	0.66364
0.41699	0.79546
0.45231	0.85603
0.42054	0.61704
0.33583	0.74249
0.53887	0.7464
0.43338	0.72222
0.35972	0.68817
0.46546	0.67178
0.5091	0.75184
0.37749	0.71169
0.29192	0.68659
0.59629	0.68343
0.46919	0.72058
0.49924	0.77263
0.39478	0.72486
0.42783	0.70023
0.57354	0.78877
0.35348	0.66413
0.40443	0.6651
0.36342	0.56343
0.4423	0.60182
0.39497	0.70072
0.47959	0.77496
0.35029	0.61282
0.27592	0.68578
0.44781	0.71492
0.39649	0.71062
0.42604	0.76916
0.7516	0.65018
0.45071	0.69193
0.51079	0.67319
0.50237	0.69561
0.38965	0.77645
0.37865	0.71973
0.6506	0.76139
0.38348	0.59071
0.55442	0.56078
0.43986	0.69563
0.53924	0.54415
0.496	0.77731
0.37303	0.67217
0.53712	0.69068
0.4804	0.71492
0.43413	0.66359
0.53935	0.62481
0.36646	0.73751
0.48673	0.66741
0.40897	0.70958
0.49648	0.70575
0.44422	0.67515
0.40691	0.74274
0.47051	0.67356
0.45729	0.69919
0.55948	0.63671
0.38951	0.56358
0.38358	0.69382
0.50147	0.72214
0.43042	0.753
0.44697	0.68885
0.49995	0.74126
0.53947	0.62475
0.48854	0.6852
0.46607	0.7112
0.49673	0.66412
0.60133	0.74776
0.40231	0.69723
0.3251	0.70808
0.36426	0.80756
0.31997	0.62367
0.48237	0.68993
0.41242	0.69009
0.43791	0.75807
0.43754	0.72353
0.41311	0.73073
0.40713	0.47507
0.4053	0.7213
0.2433	0.53793
0.48394	0.70866
0.4923	0.71451
0.40795	0.67977
0.41797	0.77904
0.2931	0.63154
0.46248	0.75054
0.39225	0.6914
0.3937	0.67282
0.54212	0.80314
0.74048	0.65594
0.29572	0.73179
0.40636	0.67644
0.48641	0.65514
0.33568	0.85906
0.5929	0.69956
0.28482	0.73536
0.4168	0.72365
0.44901	0.67621
0.2661	0.68226
0.32677	0.70525
0.42702	0.75642
0.68891	0.78575
0.42259	0.80235
0.40838	0.69088
0.36922	0.62768
0.49991	0.67947
0.70306	0.68208
0.52379	0.70313
0.09884	0.59426
0.41747	0.7692
0.40246	0.71539
0.47053	0.77084
0.42543	0.61799
0.29932	0.51464
0.3894	0.57578
0.37924	0.72665
0.33375	0.59977
0.4269	0.69665
0.44098	0.67086
0.40793	0.71219
0.4595	0.75811
0.4554	0.76285
0.48409	0.75098
0.39906	0.66435
0.31454	0.36226
0.39389	0.45425
0.42087	0.70324
0.47223	0.71295
0.50743	0.68235
0.45364	0.71028
0.50218	0.81854
0.51866	0.73436
0.33295	0.77964
0.40212	0.73016
0.37194	0.82076
0.44643	0.726
0.6381	0.61399
0.51622	0.69119
0.3987	0.46333
0.43747	0.67369
0.54068	0.65628
0.41476	0.73777
0.40404	0.72777
0.34365	0.73457
0.29202	0.64738
0.45033	0.69892
0.43009	0.71547
0.43242	0.68746
0.53834	0.67703
0.36665	0.70181
0.53369	0.6925
0.46649	0.73298
0.3985	0.76679
0.35578	0.65809
0.5081	0.66087
0.48001	0.73623
0.40981	0.6315
0.49931	0.71164
0.3736	0.70593
0.54506	0.68318
0.24133	0.60507
0.41911	0.71371
0.64008	0.45935
0.3761	0.79701
0.2646	0.59245
0.41032	0.73835
0.41915	0.67534
0.2746	0.69666
0.48782	0.70046
0.51659	0.7049
0.26175	0.72947
0.36969	0.73447
0.21209	0.66788
0.35312	0.76372
0.45831	0.66303
0.42196	0.80317
0.4614	0.61783
0.3439	0.70319
0.65846	0.74738
0.4139	0.69337
0.41614	0.74503
0.48164	0.69081
0.3946	0.71891
0.41142	0.65215
0.3783	0.67694
0.27166	0.64888
0.30771	0.46818
0.38368	0.68918
0.42116	0.80289
0.52356	0.71251
0.37574	0.71791
0.34309	0.6217
0.38087	0.644
0.46454	0.65135
0.41076	0.62231
0.46186	0.77386
0.34356	0.71669
0.44451	0.72022
0.40213	0.58193
0.20464	0.60564
0.44038	0.69627
0.35689	0.66277
0.47852	0.67259
0.31108	0.67784
0.35867	0.62472
0.49566	0.68189
0.36987	0.68878
0.31286	0.6843
0.38405	0.75255
0.61124	0.73026
0.20021	0.5304
0.5061	0.65727
0.24444	0.75435
0.43394	0.75822
0.31329	0.50609
0.53041	0.64669
0.30823	0.67871
0.52811	0.68616
0.48487	0.70195
0.35774	0.67543
0.32321	0.7444
0.42081	0.65559
0.5978	0.57064
0.55891	0.64741
0.32098	0.67186
0.42474	0.70834
0.33389	0.66815
0.39096	0.62448
0.68713	0.64122
0.35948	0.60738
0.44747	0.79144
0.43994	0.67512
0.39353	0.63664
0.43636	0.69222
0.46822	0.77487
0.38434	0.67147
0.34809	0.69913
0.51907	0.71016
0.36845	0.7891
0.50179	0.64471
0.51423	0.60695
0.39767	0.34326
0.31972	0.57235
0.55012	0.69885
0.33221	0.69036
0.45035	0.72458
0.37626	0.72095
0.57786	0.62901
0.76201	0.67542
0.34143	0.55625
0.21822	0.68393
0.52571	0.69614
0.39145	0.70399
0.51358	0.67028
0.45029	0.71461
0.3736	0.78688
0.37893	0.60355
0.53535	0.68134
0.4786	0.74619
0.48437	0.69582
0.44784	0.68594
0.49368	0.59191
0.38356	0.67458
0.37109	0.69711
0.40952	0.65226
0.48121	0.53763
0.49744	0.6835
0.32958	0.67435
0.38311	0.71244
0.3565	0.68164
0.40435	0.79386
0.599	0.73453
0.37129	0.68921
0.38322	0.59671
0.37004	0.69899
0.41952	0.79069
0.41425	0.73841
0.37865	0.71474
0.37354	0.74693
0.45773	0.79148
0.45493	0.67702
0.56271	0.67693
0.45974	0.67783
0.28628	0.71229
0.33799	0.66244
0.46735	0.50147
0.48737	0.738
0.32846	0.73952
0.4579	0.7892
0.46665	0.69292
0.46073	0.69635
0.27238	0.6341
0.41312	0.74355
0.31647	0.79103
0.35055	0.74293
0.3033	0.79793
0.48906	0.70706
0.36735	0.71333
0.30173	0.65403
0.24301	0.57635
0.35904	0.66139
0.51655	0.74541
0.33702	0.59602
0.32023	0.48161
0.32734	0.6192
0.48808	0.66571
0.3381	0.74069
0.42719	0.69338
0.50503	0.61768
0.42375	0.73907
0.40071	0.66746
0.34582	0.76843
0.32869	0.69338
0.43359	0.72373
0.40331	0.60257
0.3575	0.67966
0.66881	0.66586
0.33981	0.62707
0.47956	0.7209
0.6611	0.72985
0.40675	0.69958
0.45691	0.73281
0.4596	0.7112
0.51568	0.6651
0.3552	0.65825
0.50518	0.63799
0.61658	0.71282
0.52438	0.66622
0.35749	0.68067
0.31587	0.78106
0.37636	0.67071
0.42723	0.67832
0.30209	0.7949
0.35017	0.662
0.31252	0.50118
0.50159	0.65928
0.32212	0.8092
0.30264	0.5788
0.29052	0.66379
0.31919	0.56914
0.50587	0.69191
0.39955	0.68411
0.43466	0.74216
0.42276	0.70814
0.48088	0.6958
0.35772	0.68475
0.39322	0.74905
0.41751	0.69549
0.32688	0.71487
0.2624	0.62383
0.35321	0.45812
0.61794	0.5925
0.55834	0.77654
0.36241	0.68935
0.47118	0.73867
0.34569	0.65379
0.30942	0.57701
0.20187	0.59353
0.22321	0.66589
0.37902	0.67657
0.71467	0.81583
0.32604	0.61358
0.39538	0.65677
0.48906	0.637
0.4454	0.69009
0.38956	0.67844
0.40732	0.68866
0.33856	0.51918
0.36947	0.68129
0.51046	0.70811
0.49517	0.78699
0.38572	0.59648
0.1571	0.31481
0.20961	0.64621
0.36812	0.81124
0.52073	0.73847
0.41424	0.67854
0.41908	0.6918
0.46972	0.68478
0.42712	0.71565
0.42363	0.5999
0.39949	0.71604
0.36533	0.66486
0.36439	0.74397
0.79312	0.53762
0.47902	0.70413
0.37301	0.67203
0.41859	0.71119
0.46368	0.68666
0.38799	0.67549
0.33197	0.57843
0.33665	0.63592
0.40344	0.7447
0.43442	0.5398
0.25642	0.54153
0.56006	0.61016
0.51136	0.66425
0.58024	0.72328
0.50565	0.59889
0.38949	0.68992
0.36961	0.64452
0.34609	0.6873
0.40907	0.5641
0.31057	0.81688
0.19553	0.63155
0.37997	0.6625
0.34745	0.58625
0.38219	0.80511
0.4539	0.67382
0.51224	0.65701
0.43582	0.69752
0.48498	0.77308
0.36984	0.69786
0.50595	0.76458
0.31941	0.61695
0.69852	0.66725
0.26335	0.6459
0.42121	0.71634
0.3856	0.48071
0.51404	0.67198
0.39197	0.68803
0.56853	0.7549
0.30916	0.65966
0.38645	0.7124
0.49244	0.70295
0.38856	0.68953
0.48826	0.66723
0.46699	0.75705
0.45194	0.71689
0.34737	0.66939
0.34205	0.65972
0.43414	0.73229
0.36061	0.49742
0.48951	0.66819
0.37389	0.66776
0.56293	0.63962
0.29352	0.62739
0.41156	0.81739
0.43628	0.61168
0.51104	0.72905
0.4353	0.66718
0.36331	0.69778
0.50304	0.71938
0.46854	0.70719
0.44185	0.6741
0.3811	0.64672
0.39808	0.72197
0.33845	0.71946
0.54678	0.65603
0.54083	0.74821
0.2958	0.68294
0.48979	0.69704
0.43846	0.79719
0.30996	0.5771
0.47795	0.70589
0.38298	0.74931
0.55627	0.74517
0.27485	0.70252
0.22252	0.72019
0.48366	0.71581
0.31422	0.69959
0.43092	0.75163
0.39268	0.64075
0.38723	0.70638
0.318	0.59869
0.26879	0.5806
0.37531	0.77781
0.37015	0.69704
0.54166	0.51335
0.41126	0.3885
0.401	0.70173
0.40944	0.69282
0.59639	0.63856
0.35183	0.72171
0.52735	0.67351
0.34692	0.73197
0.2915	0.47793
0.42007	0.74725
0.43459	0.79739
0.3493	0.65537
0.29307	0.61605
0.33801	0.67703
0.58749	0.66729
0.35384	0.73494
0.34586	0.65929
0.71113	0.67211
0.47806	0.62918
0.402	0.76839
0.38997	0.5467
0.3898	0.77482
0.3818	0.66671
0.54342	0.75985
0.3741	0.65076
0.44471	0.67691
0.5393	0.74406
0.48692	0.71244
0.4978	0.67919
0.479	0.88446
0.12199	0.66938
0.29941	0.59717
0.42985	0.73457
0.4446	0.59328
0.26544	0.67281
0.73171	0.57383
0.44033	0.7967
0.5741	0.75916
0.53214	0.68773
0.66989	0.77445
0.41525	0.6819
0.34003	0.66646
0.39224	0.66868
0.46162	0.72274
0.28669	0.65522
0.53738	0.73697
0.38859	0.44294
0.42386	0.6573
0.49823	0.60519
0.37948	0.69421
0.32103	0.50769
0.43295	0.70417
0.43973	0.74216
0.22874	0.47719
0.40803	0.76851
0.32088	0.70643
0.41154	0.81385
0.52917	0.7647
0.41427	0.49597
0.34049	0.72214
0.1419	0.52728
0.47939	0.74705
0.29677	0.71187
0.2241	0.71497
0.35191	0.74216
0.42961	0.64676
0.46059	0.68866
0.46379	0.67449
0.36557	0.59034
0.4653	0.69165
0.425	0.59873
0.48231	0.68073
0.41998	0.71415
0.43267	0.65757
0.41455	0.59066
0.44612	0.76283
0.3961	0.66684
0.56266	0.70144
0.4196	0.70093
0.35129	0.68428
0.82384	0.58309
0.43081	0.68554
0.46444	0.70477
0.49479	0.80071
0.40225	0.78783
0.28564	0.66258
0.49302	0.71216
0.38227	0.69366
0.55512	0.73629
0.51085	0.65021
0.33632	0.65995
0.37222	0.72821
0.49247	0.78674
0.35673	0.68342
0.34758	0.70374
0.43777	0.72251
0.27587	0.55052
0.45315	0.75729
0.53641	0.68037
0.3539	0.603
0.50131	0.70787
0.46427	0.76384
0.3388	0.69935
0.48958	0.66899
0.43084	0.6839
0.45281	0.79947
0.37734	0.65366
0.41714	0.70161
0.4172	0.77674
0.35498	0.77876
0.41025	0.68613
0.55672	0.59678
0.34227	0.63681
0.34852	0.70867
0.34765	0.67606
0.40781	0.71679
0.45438	0.68009
0.51533	0.7331
0.49069	0.68927
0.23689	0.47268
0.4007	0.82145
0.38381	0.68151
0.45174	0.68968
0.51144	0.68025
0.42761	0.69639
0.44293	0.66661
0.41396	0.74006
0.55453	0.79931
0.42065	0.73353
0.43895	0.65834
0.34661	0.67573
0.14414	0.6389
0.57301	0.64835
0.32704	0.78825
0.48313	0.52338
0.37951	0.67521
0.42375	0.65077
0.3442	0.69199
0.40946	0.64536
0.51216	0.70303
0.29676	0.66666
0.4499	0.70321
0.36355	0.67421
0.42676	0.74497
0.26793	0.68668
0.31126	0.65367
0.46983	0.69329
0.4834	0.75157
0.44073	0.7049
0.34474	0.68934
0.29267	0.66355
0.44772	0.73253
0.39107	0.66249
0.41229	0.73365
0.52721	0.72241
0.53999	0.66843
0.47056	0.71848
0.3104	0.71803
0.4514	0.75082
0.51991	0.77203
0.42134	0.72739
0.38259	0.75437
0.53261	0.67089
0.45723	0.69998
0.37714	0.73938
0.28755	0.65811
0.43506	0.70036
0.39118	0.6526
0.46004	0.72961
0.30286	0.62134
0.36656	0.73109
0.57324	0.5567
0.32324	0.64299
0.41696	0.69687
0.46916	0.69986
0.324	0.55006
0.3783	0.73029
0.41597	0.73235
0.30952	0.70376
0.36819	0.74229
0.4444	0.79025
0.45046	0.73145
0.29528	0.69606
0.3961	0.64582
0.44732	0.67101
0.36955	0.65142
0.31469	0.64165
0.37031	0.7244
0.5301	0.66098
0.35792	0.71565
0.27859	0.66436
0.38578	0.74422
0.59532	0.70469
0.4242	0.58195
0.47661	0.67037
0.34256	0.73823
0.55789	0.70733
0.60826	0.6071
0.36164	0.43073
0.47315	0.70642
0.4039	0.67939
0.37466	0.58988
0.53852	0.69977
0.48438	0.56413
0.47234	0.68307
0.31135	0.67617
0.378	0.61708
0.34007	0.68916
0.36455	0.65432
0.42041	0.68351
0.43129	0.68641
0.3674	0.72219
0.55158	0.71465
0.44763	0.79658
0.45063	0.77819
0.37629	0.64332
0.42153	0.67033
0.33696	0.58174
0.61348	0.67748
0.54453	0.64963
0.49278	0.57843
0.36798	0.68272
0.42955	0.7291
0.45666	0.74181
0.44082	0.83603
0.38648	0.73271
0.44872	0.60551
0.39524	0.67155
0.40765	0.76103
0.38016	0.66049
0.35012	0.65821
0.51658	0.6908
0.71497	0.69763
0.49646	0.67339
0.3696	0.68667
0.3851	0.72677
0.44421	0.75757
0.47761	0.6384
0.4126	0.71523
0.66445	0.69857
0.57137	0.69098
0.5725	0.70236
0.44244	0.70808
0.42409	0.70661
0.52491	0.74026
0.59933	0.7196
0.32267	0.76068
0.57049	0.76509
0.43521	0.82186
0.58932	0.6896
0.43734	0.70807
0.41808	0.65815
0.47994	0.67048
0.31714	0.66836
0.54698	0.73304
0.29773	0.33871
0.41085	0.65639
0.33485	0.7025
0.38305	0.66275
0.46476	0.70464
0.31702	0.75017
0.45631	0.65337
0.5331	0.70185
0.41237	0.67813
0.32777	0.49308
0.35922	0.64298
0.46565	0.71538
0.31243	0.63649
0.2681	0.65544
0.44585	0.72317
0.34386	0.58259
0.36862	0.60081
0.28663	0.70408
0.33012	0.69687
0.29315	0.60691
0.35125	0.73691
0.37891	0.79277
0.30927	0.72644
0.39127	0.68689
0.46246	0.6913
0.57114	0.69438
0.49149	0.7123
0.38818	0.70663
0.43662	0.64068
0.27165	0.69
0.39214	0.67631
0.39599	0.81982
0.47552	0.63558
0.47015	0.69328
0.38788	0.69324
0.37295	0.67948
0.21863	0.69313
0.39233	0.58347
0.34733	0.60363
0.42891	0.81476
0.42612	0.72197
0.46745	0.68718
0.53278	0.66241
0.4622	0.78007
0.29987	0.68107
0.43645	0.66714
0.3125	0.7702
0.35166	0.765
0.40689	0.6707
0.58391	0.75377
0.41859	0.80194
0.44286	0.72564
0.50309	0.63208
0.31786	0.64516
0.40117	0.75546
0.33758	0.82129
0.40164	0.70265
0.3225	0.64922
0.37332	0.54376
0.43945	0.682
0.40014	0.65762
0.49376	0.59829
0.41336	0.70261
0.37608	0.71703
0.43243	0.74766
0.43108	0.73691
0.43532	0.74587
0.2447	0.6275
0.53842	0.73405
0.46731	0.71002
0.35076	0.78322
0.34369	0.73676
0.40748	0.68219
0.35677	0.73215
0.41837	0.68817
0.43155	0.63578
0.26198	0.73758
0.45589	0.69177
0.4009	0.64407
0.36789	0.65873
0.42002	0.66541
0.36197	0.78422
0.41644	0.79607
0.36686	0.71197
0.3814	0.69898
0.41129	0.77119
0.60754	0.71302
0.4773	0.68027
0.36591	0.5844
0.45328	0.67583
0.45679	0.70908
0.4181	0.75841
0.45463	0.72606
0.44073	0.66163
0.30778	0.62253
0.55431	0.63973
0.40961	0.71991
0.49933	0.72036
0.49718	0.69752
0.36527	0.7196
0.43513	0.69177
0.46575	0.70648
0.40099	0.69752
0.42265	0.66044
0.45126	0.60941
0.40143	0.70187
0.40116	0.70306
0.4442	0.59972
0.34808	0.69549
0.42597	0.70018
0.39613	0.68888
0.44282	0.5687
0.24815	0.43698
0.34142	0.66616
0.43803	0.6878
0.47437	0.71275
0.57428	0.84619
0.36227	0.78673
0.42393	0.58312
0.40414	0.66374
0.48418	0.63583
0.3506	0.58581
0.42359	0.70037
0.41895	0.72002
0.43729	0.64987
0.39501	0.72535
0.45448	0.60612
0.30149	0.70671
0.23856	0.69657
0.63599	0.81549
0.39507	0.69378
0.3717	0.60639
0.43265	0.69476
0.42782	0.73127
0.38378	0.65273
0.49684	0.65888
0.42804	0.74146
0.40101	0.68506
0.50614	0.66968
0.25779	0.63722
0.25416	0.69198
0.21154	0.65518
0.52247	0.69219
0.38228	0.55846
0.27866	0.58139
0.4086	0.73144
0.52314	0.67707
0.34797	0.6191
0.45598	0.74683
0.58956	0.75197
0.37533	0.67613
0.40591	0.63353
0.48913	0.63461
0.51743	0.68624
0.44685	0.74286
0.46526	0.64516
0.46543	0.67714
0.50828	0.62677
0.45051	0.60215
0.44896	0.84089
0.29406	0.72511
0.47935	0.69627
0.38837	0.73182
0.51715	0.71664
0.47084	0.72512
0.42641	0.70414
0.35502	0.74755
0.36487	0.65543
0.43809	0.61355
0.43081	0.83888
0.51948	0.73118
0.30279	0.52682
0.45993	0.75858
0.43785	0.74337
0.4739	0.71
0.29544	0.7711
0.43197	0.68844
0.47508	0.65426
0.44066	0.7201
0.67476	0.67227
0.33716	0.77251
0.31532	0.59007
0.34792	0.70472
0.46141	0.62079
0.47939	0.70227
0.54073	0.69129
0.44326	0.66424
0.37852	0.67847
0.28471	0.6797
0.55516	0.65011
0.61103	0.78164
0.50205	0.55354
0.46985	0.66297
0.57363	0.65486
0.70253	0.7304
0.38829	0.65749
0.40536	0.58643
0.44275	0.6869
0.47011	0.75283
0.57995	0.72296
0.53399	0.72571
0.52222	0.66818
0.34409	0.64938
0.39826	0.64697
0.44254	0.66984
0.40957	0.65912
0.45341	0.68388
0.38772	0.67382
0.43628	0.66174
0.31868	0.70868
0.46357	0.71266
0.50096	0.63331
0.56376	0.64355
0.41346	0.65989
0.37975	0.65042
0.35306	0.56195
0.37424	0.61809
0.5269	0.72272
0.2926	0.62148
0.53075	0.66794
0.45138	0.79687
0.04762	0.46436
0.48846	0.56369
0.3689	0.70265
0.27509	0.71304
0.4049	0.6597
0.46824	0.62455
0.3576	0.7218
0.32322	0.74828
0.3042	0.65781
0.52731	0.74305
0.44455	0.72565
0.47493	0.67636
0.36521	0.81015
0.36341	0.65053
0.4322	0.67325
0.56545	0.69417
0.69163	0.73039
0.33068	0.71497
0.33512	0.62979
0.43966	0.71836
0.38819	0.65982
0.35433	0.65661
0.45014	0.7071
0.41891	0.70731
0.39752	0.68048
0.36927	0.70642
0.44344	0.76658
0.21869	0.66935
0.40537	0.79425
0.44151	0.73549
0.48044	0.69953
0.39846	0.79627
0.28209	0.59992
0.50352	0.67885
0.39492	0.69216
0.6468	0.61225
0.40932	0.67745
0.46379	0.63021
0.44548	0.7639
0.37093	0.69648
0.39522	0.75905
0.30683	0.704
0.31512	0.71827
0.36236	0.75157
0.33107	0.63869
0.56887	0.67556
0.32354	0.70183
0.41743	0.68646
0.48821	0.70439
0.47385	0.71869
0.43463	0.73171
0.47287	0.62516
0.73255	0.86702
0.43666	0.72406
0.24133	0.54943
0.24925	0.66887
0.36981	0.73939
0.51409	0.74569
0.2741	0.58293
0.41774	0.70417
0.33374	0.47883
0.15976	0.67455
0.24035	0.72169
0.35885	0.66387
0.41856	0.64467
0.53222	0.70893
0.36657	0.7237
0.28824	0.67231
0.39324	0.62686
0.43009	0.7053
0.32567	0.65493
0.39697	0.69703
0.43378	0.76607
0.23856	0.64913
0.44921	0.73181
0.38054	0.68379
0.81721	0.77219
0.66004	0.676
0.6423	0.72909
0.44009	0.68963
0.55925	0.764
0.48385	0.67967
0.44207	0.63414
0.4385	0.75228
0.38883	0.72569
0.33958	0.76934
0.38263	0.72327
0.43047	0.86189
0.24994	0.64679
0.40152	0.70037
0.38073	0.70686
0.35363	0.59831
0.41612	0.7245
0.38406	0.63784
0.43872	0.71323
0.32315	0.53969
0.51684	0.49353
0.19202	0.67356
0.395	0.62848
0.4928	0.71724
0.38832	0.73782
0.51575	0.64982
0.48384	0.68851
0.61055	0.50771
0.38685	0.60956
0.39613	0.70994
0.37647	0.65858
0.40926	0.84147
0.52453	0.6359
0.45859	0.65623
0.615	0.60764
0.12115	0.61157
0.40119	0.68981
0.52456	0.65519
0.41478	0.75895
0.52871	0.61197
0.19043	0.79256
0.37924	0.65702
0.41506	0.72801
0.30322	0.59529
0.64904	0.69922
0.39745	0.67571
0.46752	0.69386
0.39595	0.65532
0.1571	0.31481
0.35755	0.7427
0.36971	0.59491
0.32585	0.6991
0.40307	0.77311
0.52085	0.73308
0.44636	0.70692
0.44947	0.78643
0.42544	0.68049
0.36509	0.66257
0.2725	0.72722
0.47123	0.67936
0.62237	0.67215
0.24424	0.61188
0.45564	0.72328
0.52308	0.60238
0.28236	0.62553
0.37745	0.6371
0.60322	0.71439
0.42601	0.74513
0.36093	0.68509
0.3943	0.72459
0.35497	0.67878
0.33638	0.78379
0.27083	0.47714
0.24052	0.73247
0.31557	0.67813
0.42615	0.72809
0.32696	0.72187
0.30436	0.71766
0.43468	0.64703
0.44235	0.69575
0.47867	0.83461
0.55185	0.77302
0.43043	0.71413
0.45842	0.72588
0.41017	0.69095
0.32945	0.66647
0.29916	0.72403
0.28172	0.66935
0.79252	0.77695
0.48956	0.5155
0.35101	0.73642
0.79664	0.63185
0.23591	0.63076
0.53722	0.67562
0.31574	0.55031
0.42439	0.68259
0.43877	0.67076
0.40699	0.72773
0.50318	0.70894
0.34694	0.59455
0.43039	0.67391
0.56315	0.61564
0.30212	0.55025
0.45309	0.72824
0.41122	0.73062
0.42564	0.60841
0.39085	0.70927
0.22566	0.73633
0.35072	0.58981
0.4523	0.84473
0.4852	0.6864
0.44127	0.71685
0.35281	0.71383
0.33022	0.61871
0.38182	0.47657
0.40655	0.70192
0.61332	0.81637
0.51559	0.71211
0.48092	0.68948
0.49454	0.75152
0.37956	0.71778
0.44634	0.7246
0.44616	0.77207
0.41446	0.58679
0.57138	0.7164
0.48366	0.69611
0.30114	0.72462
0.34043	0.81403
0.31959	0.73479
0.41598	0.70747
0.53587	0.65795
0.41631	0.60089
0.40551	0.75269
0.38521	0.76372
0.51791	0.6556
0.83122	0.72107
0.43267	0.69836
0.39391	0.6982
0.53999	0.67226
0.40638	0.60886
0.42686	0.75201
0.30617	0.66111
0.53586	0.76416
0.39576	0.7049
0.44647	0.75604
0.45462	0.6312
0.38311	0.68362
0.59641	0.70249
0.28389	0.79809
0.47333	0.63539
0.41148	0.69905
0.45788	0.67579
0.37996	0.79122
0.34677	0.67763
0.45918	0.67786
0.41744	0.49118
0.3757	0.61479
0.46534	0.66193
0.4362	0.69023
0.65435	0.52522
0.37304	0.753
0.56299	0.75893
0.46472	0.68234
0.30188	0.68249
0.44237	0.69968
0.27397	0.62868
0.4666	0.75403
0.42843	0.79385
0.38551	0.65708
0.47864	0.71902
0.40209	0.59068
0.35677	0.67605
0.45623	0.74886
0.39586	0.62338
0.40209	0.67403
0.38743	0.63356
0.25667	0.66821
0.49815	0.7552
0.45617	0.71475
0.42263	0.63516
0.33795	0.58003
0.40921	0.74692
0.41187	0.67324
0.36138	0.70552
0.57215	0.65822
0.30897	0.71797
0.40571	0.70707
0.53451	0.64403
0.4848	0.61088
0.46906	0.76359
0.40524	0.62678
0.37717	0.66851
0.39578	0.73137
0.43933	0.69477
0.49451	0.72671
0.39051	0.76261
0.36379	0.61595
0.45199	0.63637
0.44314	0.73213
0.61574	0.69881
0.37051	0.69151
0.25182	0.56391
0.5124	0.69747
0.3331	0.58648
0.42374	0.6547
0.49954	0.67841
0.35157	0.65956
0.50909	0.70239
0.30642	0.65008
0.49274	0.70032
0.40229	0.58084
0.2922	0.61514
0.41071	0.78059
0.3896	0.68443
0.47676	0.73643
0.42138	0.75172
0.41125	0.71395
0.58434	0.6276
0.40922	0.64587
0.44341	0.64043
0.37165	0.70958
0.37068	0.68655
0.41873	0.57306
0.36943	0.70468
0.36744	0.68005
0.4473	0.726
0.42401	0.62226
0.49099	0.69781
0.48399	0.58425
0.34966	0.71835
0.25781	0.64257
0.54126	0.55736
0.39808	0.7011
0.35746	0.64544
0.50845	0.75042
0.38196	0.71065
0.38385	0.70528
0.44375	0.65607
0.49211	0.71715
0.37853	0.77182
0.50485	0.64191
0.26548	0.70277
0.38125	0.68402
0.25643	0.5607
0.41109	0.76812
0.37543	0.68415
0.42958	0.64864
0.38859	0.44294
0.55307	0.57114
0.38337	0.76448
0.40496	0.84557
0.37808	0.75827
0.44726	0.72013
0.40684	0.78005
0.47968	0.64881
0.43068	0.7001
0.31784	0.58127
0.40725	0.73686
0.34406	0.6746
0.47258	0.70755
0.45841	0.68084
0.35985	0.7389
0.42862	0.76108
0.18426	0.56056
0.30946	0.69687
0.50717	0.70138
0.50055	0.68271
0.37717	0.68931
0.17113	0.69585
0.36409	0.6067
0.46885	0.76623
0.36795	0.72236
0.34571	0.7233
0.27392	0.56768
0.41408	0.68597
0.44782	0.57024
0.40806	0.67492
0.36326	0.56181
0.50995	0.66148
0.41718	0.84994
0.47212	0.63712
0.35288	0.62823
0.31736	0.76399
0.44015	0.73048
0.46726	0.74411
0.38929	0.58215
0.30614	0.72197
0.75441	0.75665
0.40771	0.76585
0.43321	0.6537
0.46473	0.69738
0.38378	0.66155
0.34403	0.58695
0.46329	0.74172
0.50228	0.71761
0.38285	0.65778
0.47143	0.70424
0.20051	0.73099
0.47655	0.68379
0.41299	0.65457
0.44135	0.65839
0.42708	0.69971
0.40163	0.70437
0.50942	0.75553
0.5793	0.70211
0.3855	0.74147
0.37669	0.7991
0.35744	0.73271
0.49869	0.53975
0.37801	0.71639
0.3333	0.74552
0.37413	0.72896
0.52324	0.67258
0.39405	0.77091
0.4943	0.76829
0.43359	0.73131
0.30837	0.70515
0.44521	0.67054
0.37077	0.62759
0.41256	0.68535
0.47637	0.66754
0.45835	0.69018
0.41515	0.56204
0.5354	0.66337
0.43943	0.73699
0.33258	0.69876
0.50893	0.70174
0.38518	0.73886
0.4148	0.6497
0.46876	0.73664
0.35481	0.70765
0.39582	0.66078
0.4257	0.67046
0.62365	0.50147
0.40918	0.70069
0.38164	0.6864
0.51506	0.68014
0.39899	0.6318
0.49747	0.71117
0.45552	0.78878
0.38134	0.71448
0.32811	0.71236
0.38929	0.63234
0.45902	0.67587
0.40748	0.78994
0.43932	0.57861
0.42297	0.69923
0.4696	0.69642
0.45159	0.65134
0.42634	0.73289
0.41303	0.71229
0.3747	0.71286
0.23621	0.6348
0.25068	0.6435
0.44359	0.68957
0.45668	0.67362
0.3856	0.71628
0.33515	0.70191
0.37137	0.66984
0.40359	0.80542
0.4864	0.73766
0.34871	0.67643
0.28934	0.67967
0.39861	0.66692
0.40986	0.62032
0.65216	0.75045
0.374	0.61165
0.56149	0.71386
0.38633	0.67227
0.43983	0.489
0.53752	0.76121
0.42723	0.66533
0.30563	0.77207
0.314	0.61274
0.13658	0.61358
0.62669	0.57839
0.44303	0.715
0.3312	0.74703
0.42447	0.77741
0.26399	0.59361
0.29062	0.66794
0.47054	0.75135
0.36872	0.66246
0.52971	0.6914
0.50632	0.68758
0.34987	0.59194
0.39159	0.65162
0.24152	0.67928
0.4713	0.63739
0.5192	0.77909
0.46022	0.79041
0.27938	0.56287
0.5668	0.71261
0.57545	0.6792
0.45853	0.77767
0.30189	0.69165
0.29836	0.68609
0.64148	0.60938
0.42306	0.72891
0.45587	0.79435
0.45458	0.74108
0.33783	0.82823
0.40587	0.80688
0.49496	0.71553
0.40944	0.72507
0.36101	0.74159
0.41172	0.6145
0.42275	0.75901
0.434	0.59695
0.38567	0.67556
0.35255	0.6505
0.40051	0.64302
0.34073	0.80897
0.20445	0.69553
0.3743	0.67139
0.43839	0.70166
0.31983	0.70082
0.53232	0.67501
0.33989	0.63702
0.68805	0.75382
0.41779	0.70385
0.56801	0.70924
0.43695	0.68285
0.3192	0.44155
0.36741	0.58142
0.41748	0.63488
0.3987	0.46333
0.58355	0.72606
0.47521	0.76881
0.41242	0.71393
0.59632	0.73568
0.44424	0.73516
0.45171	0.59465
0.30961	0.75969
0.50408	0.68863
0.52078	0.66529
0.2497	0.68428
0.36184	0.69027
0.35267	0.5784
0.47914	0.6986
0.37989	0.73249
0.34814	0.672
0.33971	0.7834
0.48702	0.70253
0.42312	0.52517
0.40194	0.64336
0.54319	0.68707
0.4714	0.74598
0.3455	0.73102
0.56405	0.67166
0.44071	0.65133
0.49734	0.67122
0.31252	0.5187
0.4123	0.71672
0.26653	0.5937
0.22336	0.67789
0.53221	0.672
0.45194	0.60357
0.40137	0.66946
0.43548	0.58517
0.47889	0.68372
0.41562	0.71601
0.53502	0.62951
0.40698	0.70607
0.64422	0.6498
0.48744	0.68507
0.37446	0.59544
0.51754	0.62269
0.49357	0.70543
0.44511	0.69131
0.29562	0.66304
0.30667	0.6508
0.46951	0.71582
0.33846	0.66537
0.43999	0.54862
0.34532	0.67051
0.32903	0.67257
0.42243	0.59725
0.43641	0.70343
0.49001	0.74848
0.48146	0.70721
0.36489	0.79838
0.45772	0.72115
0.41681	0.62441
0.27288	0.65728
0.37084	0.68158
0.47683	0.63402
0.38252	0.73416
0.27645	0.50109
0.44557	0.75188
0.59992	0.66866
0.40288	0.69838
0.45259	0.54109
0.47525	0.71335
0.35595	0.72693
0.55052	0.69519
0.27501	0.60646
0.46338	0.695
0.4209	0.81011
0.52251	0.7161
0.41863	0.69411
0.63453	0.7331
0.41874	0.64672
0.69212	0.63619
0.44696	0.6877
0.44001	0.65966
0.431	0.70931
0.35842	0.67978
0.35931	0.61105
0.45855	0.69961
0.6422	0.72587
0.43353	0.6433
0.44088	0.69778
0.51326	0.79946
0.44717	0.72562
0.56223	0.67937
0.30237	0.69037
0.18611	0.59726
0.49971	0.77853
0.42125	0.69385
0.39724	0.76633
0.36213	0.68662
0.41575	0.63315
0.52771	0.66633
0.45754	0.64658
0.13528	0.68505
0.2419	0.72125
0.36604	0.72021
0.3294	0.695
0.60619	0.72253
0.45327	0.71915
0.37631	0.56878
0.60782	0.73488
0.29638	0.6969
0.42693	0.74609
0.3437	0.69067
0.44773	0.70625
0.47068	0.66786
0.21305	0.62627
0.77761	0.71155
0.45791	0.75715
0.53542	0.74908
0.5049	0.63154
0.34966	0.76957
0.43725	0.71163
0.37837	0.68852
0.43816	0.72474
0.46039	0.68055
0.38197	0.72663
0.60095	0.69744
0.40023	0.67774
0.47062	0.68914
0.45552	0.67079
0.44792	0.66778
0.45421	0.68312
0.43586	0.63243
0.47709	0.74279
0.65865	0.66813
0.35891	0.69939
0.35787	0.761
0.52032	0.68805
0.10984	0.73361
0.3995	0.72385
0.45264	0.63756
0.36142	0.67211
0.40342	0.58258
0.28732	0.6805
0.50467	0.71171
0.44207	0.72734
0.53748	0.64186
0.40699	0.74587
0.39771	0.83343
0.4456	0.70609
0.40322	0.70341
0.453	0.76384
0.38131	0.74514
0.131	0.53318
0.50661	0.63564
0.45853	0.67157
0.42508	0.70744
0.45757	0.71372
0.50592	0.37122
0.36676	0.72509
0.41238	0.64478
0.37903	0.71039
0.51099	0.72212
0.44567	0.7326
0.2909	0.68466
0.435	0.78933
0.47485	0.62486
0.46017	0.67428
0.36763	0.51804
0.47494	0.6705
0.40641	0.77142
0.39263	0.68342
0.46151	0.71078
0.13004	0.65823
0.42892	0.73953
0.43539	0.71467
0.37115	0.78572
0.45798	0.71322
0.45381	0.717
0.33519	0.51431
0.43764	0.71008
0.40615	0.71796
0.338	0.64002
0.46327	0.73485
0.42897	0.72209
0.46008	0.74152
0.53425	0.70354
0.51068	0.68642
0.35548	0.75346
0.36517	0.69695
0.45802	0.73143
0.22178	0.72884
0.51209	0.67686
0.37288	0.6984
0.48642	0.69843
0.62986	0.51839
0.46086	0.68648
0.37958	0.70175
0.37529	0.69601
0.54382	0.63431
0.38274	0.45383
0.36733	0.6414
0.37103	0.62816
0.44681	0.74666
0.38322	0.59925
0.4238	0.6837
0.52089	0.7179
0.32117	0.71419
0.38274	0.77434
0.35362	0.70102
0.39286	0.73488
0.71048	0.66778
0.41391	0.69312
0.46087	0.73561
0.53871	0.55937
0.42026	0.74037
0.48851	0.70119
0.4518	0.79312
0.34715	0.61916
0.35247	0.70087
0.41095	0.57537
0.5211	0.69566
0.4677	0.65557
0.46814	0.75052
0.61787	0.78118
0.45519	0.80923
0.36561	0.73131
0.31009	0.69081
0.44001	0.70628
0.50814	0.64616
0.36989	0.63064
0.26749	0.64109
0.53659	0.71479
0.41557	0.71431
0.32175	0.59777
0.43987	0.64877
0.34509	0.77839
0.37917	0.68007
0.45163	0.72113
0.4522	0.63796
0.48492	0.79228
0.30165	0.65965
0.38538	0.62703
0.4067	0.78397
0.38102	0.66494
0.45753	0.66129
0.43699	0.75949
0.39941	0.73576
0.39799	0.72046
0.37191	0.69001
0.19203	0.6974
0.43095	0.73981
0.48137	0.69804
0.26882	0.70737
0.61479	0.64794
0.42576	0.61723
0.49286	0.77147
0.22788	0.61614
0.40883	0.7265
0.42575	0.74649
0.49272	0.69048
0.44239	0.77701
0.27038	0.63086
0.58231	0.68586
0.444	0.69529
0.43645	0.75973
0.28812	0.58533
0.45816	0.70943
0.41711	0.65976
0.43014	0.74819
0.49328	0.6882
0.5394	0.70741
0.34481	0.74012
0.40246	0.85581
0.39261	0.70593
0.42723	0.74358
0.29994	0.58723
0.38065	0.59915
0.48902	0.7988
0.42538	0.6865
0.51286	0.69372
0.52906	0.72159
0.39827	0.71851
0.50599	0.79173
0.55948	0.73045
0.42998	0.69104
0.52386	0.69803
0.48171	0.6341
0.32604	0.71669
0.30952	0.57658
0.39746	0.77431
0.39636	0.69007
0.5454	0.71305
0.47445	0.72164
0.37295	0.69284
0.43153	0.66563
0.32448	0.5956
0.37845	0.67924
0.50803	0.65627
0.29051	0.67387
0.43878	0.37577
0.2689	0.58122
0.49645	0.72904
0.45458	0.72562
0.61002	0.69388
0.54529	0.42565
0.48437	0.78136
0.26001	0.64709
0.44769	0.72469
0.41872	0.63005
0.40467	0.66703
0.34463	0.69923
0.42469	0.69874
0.45296	0.69427
0.38504	0.74972
0.38471	0.61957
0.43773	0.67051
0.7166	0.58188
0.51658	0.6362
0.3705	0.64166
0.46211	0.69531
0.41815	0.68391
0.29466	0.68519
0.41318	0.60272
0.45125	0.72111
0.43102	0.74216
0.46535	0.73086
0.4895	0.71857
0.44833	0.71194
0.48885	0.71336
0.51292	0.6643
0.3613	0.68945
0.37512	0.73776
0.44034	0.7046
0.44848	0.62134
0.45879	0.5859
0.43362	0.64427
0.37653	0.59258
0.11565	0.62924
0.38934	0.63044
0.44886	0.55879
0.44998	0.60194
0.54714	0.82306
0.286	0.78801
0.33829	0.63421
0.68614	0.70889
0.43666	0.66679
0.43017	0.72784
0.50556	0.67127
0.38332	0.66783
0.45262	0.71984
0.45805	0.6623
0.43281	0.80204
0.38912	0.64637
0.36242	0.68445
0.47005	0.79664
0.46629	0.66263
0.32253	0.66204
0.47529	0.67479
0.45179	0.7271
0.64774	0.76117
0.57944	0.74821
0.22644	0.59124
0.46351	0.72259
0.45292	0.75646
0.45503	0.71099
0.28992	0.6887
0.38195	0.64227
0.34939	0.6875
0.41922	0.70014
0.30108	0.63323
0.35474	0.70677
0.29999	0.6057
0.46439	0.66331
0.52802	0.66533
0.67802	0.74791
0.3396	0.63752
0.57067	0.70447
0.52392	0.69875
0.39908	0.70672
0.38497	0.72213
0.35051	0.6881
0.67034	0.43391
0.47991	0.77407
0.27506	0.53053
0.37569	0.8117
0.35186	0.67972
0.22036	0.65527
0.44887	0.71711
0.29194	0.70579
0.39806	0.67407
0.41094	0.60843
0.35268	0.80759
0.45575	0.6805
0.35256	0.6709
0.4877	0.79369
0.30889	0.62889
0.49975	0.69192
0.36349	0.7635
0.42046	0.71357
0.57524	0.72861
0.56285	0.707
0.45227	0.71213
0.44629	0.64837
0.53999	0.67159
0.39768	0.68568
0.28012	0.67435
0.55863	0.7083
0.3746	0.6418
0.4298	0.73466
0.39473	0.6139
0.44019	0.71747
0.36965	0.71095
0.4531	0.72306
0.32911	0.6932
0.45449	0.78519
0.46979	0.6652
0.39681	0.69485
0.41905	0.65796
0.46066	0.7151
0.45569	0.65281
0.40278	0.74108
0.34763	0.6937
0.48002	0.64429
0.46096	0.69804
0.42571	0.69222
0.45466	0.65981
0.46131	0.61823
0.25486	0.61346
0.36956	0.68708
0.51677	0.62265
0.39929	0.71864
0.37043	0.71566
0.45536	0.73087
0.31867	0.75459
0.39365	0.79214
0.56956	0.68281
0.3323	0.57119
0.39059	0.81407
0.37184	0.71904
0.2371	0.50632
0.45703	0.63316
0.31507	0.40747
0.61184	0.74562
0.36759	0.70191
0.42447	0.69098
0.3301	0.7148
0.39829	0.59377
0.44014	0.75672
0.58625	0.69304
0.46384	0.70586
0.44228	0.60977
0.57525	0.72525
0.40404	0.70543
0.51731	0.7227
0.37093	0.54411
0.38023	0.71798
0.38328	0.68415
0.46359	0.77897
0.35612	0.69562
0.2983	0.63957
0.3696	0.72616
0.45965	0.76056
0.40005	0.69593
0.47935	0.72851
0.40032	0.67063
0.53465	0.61215
0.3424	0.66798
0.68667	0.75225
0.38335	0.70597
0.49213	0.71284
0.29626	0.63681
0.55715	0.60779
0.43797	0.67372
0.36057	0.75038
0.34401	0.71316
0.32417	0.69805
0.40864	0.75238
0.38517	0.68985
0.34886	0.63724
0.3301	0.67842
0.31951	0.66045
0.43066	0.60982
0.46509	0.72953
0.44643	0.67026
0.37464	0.76555
0.54115	0.70571
0.6538	0.73199
0.37961	0.65931
0.5638	0.70435
0.38958	0.55571
0.29433	0.48386
0.23686	0.39481
0.48402	0.72295
0.39074	0.70432
0.39609	0.7935
0.40918	0.68573
0.41698	0.63914
0.41408	0.70147
0.73002	0.56901
0.40858	0.70762
0.30956	0.74301
0.41613	0.64034
0.47791	0.68045
0.36561	0.76067
0.47642	0.63691
0.46435	0.67527
0.39645	0.54309
0.42059	0.60329
0.30795	0.70073
0.26454	0.55738
0.35926	0.64952
0.29206	0.70532
0.64914	0.6075
0.43738	0.72854
0.42794	0.67732
0.37302	0.65652
0.50935	0.69682
0.57449	0.667
0.44566	0.71881
0.4711	0.6967
0.7111	0.75772
0.53021	0.62099
0.37638	0.70788
0.49133	0.78878
0.44111	0.6625
0.53242	0.70614
0.43994	0.7633
0.42119	0.67905
0.2762	0.69
0.49671	0.71824
0.35434	0.6592
0.41673	0.59507
0.28173	0.49768
0.4956	0.73978
0.53346	0.78236
0.40271	0.59475
0.57422	0.69034
0.42946	0.7249
0.46148	0.64076
0.42765	0.76086
0.39982	0.69499
0.49914	0.69093
0.50971	0.72715
0.47358	0.52894
0.36072	0.71683
0.53521	0.78987
0.31598	0.67455
0.41917	0.80961
0.62221	0.61677
0.47513	0.75132
0.43909	0.7309
0.44604	0.67536
0.39583	0.60511
0.62986	0.51725
0.40054	0.71874
0.48783	0.54658
0.4061	0.59337
0.3608	0.75535
0.37861	0.73034
0.43669	0.66799
0.49371	0.68349
0.51198	0.74096
0.41402	0.77442
0.19931	0.66476
0.41167	0.75387
0.38178	0.7112
0.57353	0.71277
0.35766	0.67606
0.46082	0.70341
0.45441	0.59776
0.31252	0.49195
0.57489	0.73456
0.42084	0.78175
0.36114	0.56417
0.31017	0.61031
0.42838	0.72671
0.4423	0.60371
0.4372	0.72452
0.38268	0.64268
0.26929	0.91953
0.35824	0.57479
0.46469	0.73071
0.52851	0.75669
0.29968	0.63693
0.41661	0.66303
0.59718	0.79822
0.42151	0.68574
0.51138	0.60518
0.43543	0.65163
0.44622	0.65809
0.32178	0.53719
0.17529	0.57107
0.43456	0.71941
0.31047	0.73489
0.67141	0.74134
0.46419	0.46584
0.32767	0.59116
0.34981	0.65105
0.57553	0.73187
0.423	0.77188
0.39595	0.71458
0.3754	0.6348
0.33654	0.72914
0.44278	0.78753
0.42945	0.67291
0.40797	0.64468
0.36111	0.67544
0.40097	0.7087
0.52612	0.67082
0.37405	0.59567
0.4507	0.73054
0.55184	0.72872
0.60939	0.71442
0.47718	0.80851
0.38348	0.77032
0.3774	0.7873
0.51588	0.63822
0.41332	0.78356
0.4261	0.70294
0.31798	0.76754
0.82089	0.62531
0.29282	0.67472
0.34025	0.64212
0.36068	0.68253
0.3731	0.63755
0.35941	0.70742
0.37897	0.70704
0.35751	0.64379
0.43978	0.67062
0.44722	0.72393
0.36658	0.67992
0.51547	0.63453
0.39304	0.72099
0.3608	0.39173
0.35922	0.74683
0.27482	0.62794
0.39287	0.72718
0.41569	0.70615
0.43827	0.74091
0.41032	0.68307
0.37957	0.61718
0.38883	0.66104
0.34762	0.63017
0.21705	0.64472
0.40672	0.76106
0.41383	0.70448
0.23768	0.51276
0.37106	0.6578
0.3166	0.70509
0.41193	0.81655
0.17147	0.51118
0.4195	0.77902
0.43015	0.68144
0.42422	0.7101
0.4331	0.69573
0.3539	0.69085
0.39361	0.66807
0.36339	0.7461
0.38012	0.64805
0.48098	0.56822
0.21336	0.68613
0.54456	0.71675
0.41372	0.70595
0.52023	0.72807
0.38093	0.60471
0.36094	0.68651
0.20938	0.65139
0.37997	0.737
0.45698	0.71582
0.43156	0.84631
0.38976	0.6563
0.45164	0.62394
0.46509	0.72804
0.4906	0.68902
0.59534	0.67031
0.25589	0.59617
0.41776	0.6688
0.25967	0.62277
0.52919	0.66798
0.50658	0.66068
0.31281	0.69669
0.44462	0.61879
0.37864	0.69879
0.68137	0.71203
0.44423	0.74162
0.53381	0.6345
0.35145	0.75584
0.42127	0.70104
0.45191	0.75286
0.39807	0.67097
0.41361	0.43738
0.47798	0.73349
0.43554	0.74069
0.64946	0.77658
0.42078	0.67279
0.44255	0.72782
0.42207	0.77887
0.35719	0.69844
0.37823	0.54964
0.44059	0.66653
0.39897	0.66824
0.03737	0.58629
0.39377	0.73217
0.6078	0.58941
0.39154	0.78284
0.53312	0.62976
0.19106	0.71087
0.50861	0.69152
0.34321	0.63744
0.68853	0.75112
0.42471	0.77726
0.37901	0.72495
0.51344	0.66395
0.25533	0.64768
0.37747	0.7785
0.44081	0.72724
0.38182	0.6208
0.36669	0.86625
0.3952	0.68754
0.42911	0.72771
0.42315	0.67422
0.35025	0.76388
0.47402	0.69364
0.45453	0.73472
0.2884	0.56317
0.40096	0.67508
0.4397	0.64556
0.66974	0.71173
0.72572	0.70897
0.46	0.69959
0.40706	0.70094
0.40977	0.8131
0.35359	0.71021
0.3087	0.7168
0.47021	0.6883
0.44127	0.52116
0.37797	0.65518
0.4835	0.73326
0.46272	0.77993
0.30722	0.60164
0.34213	0.58236
0.55931	0.6958
0.42729	0.59372
0.42307	0.72344
0.46763	0.63346
0.3667	0.64199
0.52155	0.72138
0.32994	0.6921
0.52915	0.6907
0.34422	0.70155
0.4265	0.72508
0.33895	0.77059
0.41488	0.71196
0.40866	0.69287
0.51294	0.65877
0.24309	0.64163
0.51997	0.78061
0.7954	0.81515
0.46554	0.68974
0.42598	0.81254
0.47288	0.75039
0.36165	0.6728
0.58286	0.72002
0.47843	0.76329
0.53845	0.69944
0.29953	0.72019
0.36773	0.71448
0.42355	0.75743
0.35028	0.60774
0.37836	0.65297
0.45645	0.64234
0.40815	0.55512
0.50429	0.75333
0.42759	0.61697
0.24109	0.65876
0.39552	0.68362
0.36044	0.62678
0.62583	0.69406
0.43906	0.73905
0.36359	0.62465
0.53389	0.7657
0.32295	0.7034
0.42477	0.78065
0.46473	0.70504
0.40721	0.69239
0.24643	0.49445
0.39547	0.73754
0.86229	0.77846
0.39048	0.70371
0.40373	0.68288
0.6064	0.39385
0.45883	0.67164
0.34079	0.63634
0.34659	0.65689
0.39002	0.68573
0.52413	0.79052
0.55271	0.62527
0.34452	0.76302
0.41876	0.67484
0.46455	0.63348
0.44618	0.83521
0.47238	0.73897
0.30545	0.62487
0.41607	0.70853
0.35545	0.62022
0.2704	0.57322
0.32138	0.62608
0.42959	0.6379
0.40348	0.65185
0.46687	0.73412
0.5078	0.64179
0.41395	0.75217
0.53509	0.77826
0.55027	0.70711
0.3639	0.77518
0.31428	0.70823
0.34281	0.81763
0.20006	0.53954
0.42404	0.60797
0.43066	0.69031
0.3568	0.6472
0.40762	0.72602
0.56644	0.65539
0.60334	0.66515
0.43956	0.72057
0.52541	0.70143
0.42394	0.69316
0.49152	0.7716
0.32943	0.64574
0.4437	0.74546
0.38664	0.71491
0.37864	0.72133
0.47081	0.68385
0.45333	0.64627
0.45113	0.78912
0.39883	0.68095
0.45628	0.65841
0.37902	0.7755
0.34151	0.63671
0.69246	0.69949
0.44166	0.71553
0.4129	0.69808
0.50918	0.64534
0.39981	0.68539
0.4514	0.77403
0.41749	0.68012
0.30536	0.65771
0.23633	0.48544
0.31454	0.36226
0.43983	0.72546
0.4806	0.67823
0.5568	0.66233
0.40122	0.5637
0.43715	0.72716
0.33402	0.61221
0.42048	0.64086
0.63039	0.74285
0.37988	0.65196
0.2995	0.71984
0.33944	0.65572
0.46854	0.69148
0.34188	0.68096
0.32468	0.62474
0.37852	0.71231
0.51444	0.77077
0.46121	0.70517
0.38928	0.63886
0.41806	0.64946
0.42123	0.8177
0.37663	0.66378
0.37129	0.72315
0.29174	0.65732
0.42229	0.71179
0.50175	0.63293
0.22385	0.59168
0.42299	0.66406
0.36847	0.66667
0.43185	0.68409
0.36685	0.73123
0.49	0.64113
0.49314	0.73522
0.45263	0.72388
0.45999	0.70409
0.44538	0.72582
0.43976	0.67512
0.33449	0.58368
0.33098	0.66287
0.31526	0.64563
0.39959	0.6565
0.44851	0.53557
0.36954	0.65077
0.31105	0.67444
0.73912	0.66445
0.49415	0.71711
0.38933	0.71295
0.42699	0.69757
0.83533	0.63447
0.34921	0.69397
0.4442	0.65465
0.50703	0.74375
0.27345	0.7888
0.52785	0.84942
0.4132	0.63487
0.32964	0.61258
0.30861	0.64617
0.45383	0.63741
0.58561	0.69798
0.26896	0.69774
0.39976	0.82229
0.44061	0.73532
0.40529	0.68052
0.30734	0.64874
0.38265	0.72325
0.36637	0.76925
0.4381	0.6021
0.52015	0.72391
0.49128	0.71562
0.5454	0.69667
0.37275	0.61313
0.49331	0.64368
0.2159	0.55242
0.7	0.68834
0.69248	0.55179
0.46911	0.80556
0.38176	0.76958
0.39315	0.76131
0.42273	0.72758
0.41078	0.73064
0.30065	0.72521
0.43173	0.70072
0.38366	0.82741
0.2419	0.74664
0.38526	0.69518
0.43332	0.65313
0.68946	0.82054
0.33196	0.54721
0.46536	0.70756
0.42724	0.70075
0.3906	0.63118
0.36552	0.75781
0.4124	0.7858
0.34709	0.64364
0.43942	0.66658
0.40627	0.76383
0.38476	0.7956
0.62082	0.74491
0.47886	0.75569
0.40856	0.69757
0.3628	0.67495
0.51372	0.67445
0.3628	0.67648
0.40027	0.70555
0.24592	0.63232
0.42058	0.72122
0.40857	0.68633
0.54352	0.74896
0.41553	0.70014
0.22619	0.56904
0.2708	0.50063
0.60133	0.693
0.41152	0.70796
0.47448	0.6477
0.32522	0.69365
0.28187	0.32833
0.51209	0.77852
0.39045	0.65782
0.36693	0.60626
0.35421	0.53758
0.42588	0.73325
0.42495	0.74177
0.40567	0.64264
0.42752	0.70137
0.41218	0.71069
0.5644	0.65833
0.39308	0.71468
0.34525	0.72585
0.2825	0.56261
0.4497	0.63243
0.32882	0.73952
0.64215	0.73542
0.35338	0.77291
0.40376	0.69308
0.37637	0.72976
0.51997	0.56852
0.33838	0.70649
0.39508	0.81843
0.34736	0.7981
0.40984	0.65705
0.45544	0.67052
0.33505	0.68558
0.40484	0.6062
0.46677	0.75121
0.44625	0.68343
0.21466	0.57627
0.43715	0.77869
0.36369	0.63866
0.43407	0.56076
0.40158	0.67961
0.36241	0.69548
0.48605	0.69408
0.40485	0.68394
0.33121	0.59716
0.41287	0.71361
0.31558	0.64304
0.33846	0.71453
0.52454	0.72224
0.65973	0.65802
0.4744	0.66383
0.311	0.58819
0.39789	0.64088
0.26532	0.66744
0.40106	0.5905
0.47059	0.78054
0.57473	0.6474
0.41725	0.70153
0.66155	0.65243
0.44791	0.65393
0.50878	0.7698
0.39579	0.66725
0.56787	0.70844
0.46074	0.6391
0.3409	0.56399
0.45425	0.6842
0.46628	0.70251
0.45551	0.59836
0.41098	0.78398
0.2781	0.59692
0.50359	0.71298
0.26013	0.59828
0.40956	0.77285
0.48863	0.66904
0.36374	0.78443
0.43762	0.69585
0.20906	0.60329
0.39757	0.64298
0.37194	0.79594
0.46072	0.73768
0.43995	0.80138
0.499	0.68695
0.34866	0.72015
0.37715	0.60605
0.37081	0.69425
0.37848	0.62586
0.33303	0.66197
0.41713	0.77228
0.42206	0.65803
0.39463	0.74749
0.37592	0.7119
0.62628	0.73038
0.44387	0.64553
0.45293	0.77241
0.39231	0.7914
0.46563	0.66052
0.4215	0.6905
0.45206	0.68959
0.52271	0.6728
0.22925	0.63504
0.34867	0.76441
0.51005	0.70315
0.4639	0.7586
0.43167	0.70419
0.41901	0.68981
0.48305	0.70016
0.51894	0.68509
0.35256	0.73437
0.30273	0.82379
0.37616	0.72853
0.3863	0.67391
0.4031	0.47521
0.36462	0.67113
0.37816	0.72941
0.46497	0.70749
0.38348	0.75647
0.42946	0.71015
0.65054	0.68305
0.34842	0.69156
0.53999	0.67298
0.40267	0.72474
0.45849	0.66699
0.40699	0.78304
0.38897	0.68249
0.53738	0.64049
0.37422	0.6918
0.41537	0.69499
0.35922	0.56892
0.41385	0.71982
0.59342	0.70872
0.32769	0.7365
0.525	0.60022
0.40857	0.64826
0.40832	0.73705
0.35154	0.40927
0.52994	0.70646
0.14087	0.61993
0.31454	0.60224
0.35381	0.68426
0.40095	0.778
0.27238	0.64632
0.45907	0.60663
0.42879	0.69627
0.40331	0.73395
0.46755	0.55984
0.41913	0.65946
0.53963	0.45425
0.36336	0.69704
0.41071	0.64513
0.40834	0.61437
0.49587	0.65669
0.40109	0.60419
0.51713	0.72499
0.53642	0.64778
0.57154	0.68752
0.48912	0.63383
0.41628	0.6938
0.72163	0.74682
0.22739	0.6682
0.57207	0.70752
0.42819	0.59474
0.40601	0.72266
0.37232	0.75798
0.36769	0.698
0.50808	0.70841
0.3536	0.66364
0.43574	0.69555
0.35753	0.67015
0.43123	0.73331
0.4189	0.73455
0.3943	0.71678
0.20234	0.61298
0.44791	0.68632
0.48932	0.56326
0.39315	0.6781
0.71368	0.67048
0.58429	0.75293
0.37386	0.65669
0.45775	0.71321
0.31026	0.72222
0.32348	0.77123
0.4111	0.71601
0.44351	0.68814
0.37946	0.68397
0.46843	0.72941
0.33956	0.6183
0.36149	0.68559
0.56294	0.73905
0.4045	0.70136
0.49262	0.69917
0.36593	0.73663
0.37817	0.57022
0.4419	0.66159
0.43172	0.71546
0.41599	0.70204
0.40972	0.65743
0.42124	0.7064
0.53869	0.64532
0.47607	0.76882
0.41712	0.6836
0.47162	0.74696
0.66534	0.70004
0.35101	0.64304
0.43363	0.62175
0.41945	0.71738
0.3647	0.65201
0.32552	0.7538
0.33316	0.52828
0.54593	0.76236
0.4372	0.68177
0.42563	0.78358
0.23141	0.63353
0.42593	0.684
0.5087	0.65347
0.48769	0.75163
0.46968	0.76382
0.3278	0.7415
0.38329	0.6515
0.76438	0.71072
0.46102	0.80854
0.44972	0.64881
0.45469	0.72187
0.52007	0.67685
0.41296	0.67002
0.35562	0.66446
0.53373	0.671
0.52236	0.63523
0.48231	0.7085
0.53999	0.67675
0.29218	0.7502
0.31509	0.73132
0.39475	0.73587
0.54329	0.81967
0.33274	0.76355
0.46724	0.71863
0.44973	0.69663
0.44424	0.58573
0.40571	0.65118
0.46911	0.65155
0.37319	0.76188
0.45239	0.67563
0.26409	0.5772
0.35768	0.71817
0.37977	0.70987
0.57519	0.61828
0.36274	0.69915
0.35518	0.68891
0.47713	0.68191
0.46575	0.67961
0.43329	0.61153
0.33346	0.68371
0.25326	0.63449
0.41847	0.68874
0.50499	0.75839
0.47142	0.72031
0.41521	0.68943
0.4267	0.67337
0.58443	0.66665
0.49732	0.7141
0.43215	0.70667
0.55781	0.66994
0.50455	0.67722
0.46404	0.70601
0.35089	0.8012
0.61246	0.60337
0.45307	0.63832
0.48513	0.67587
0.33618	0.6718
0.28158	0.51118
0.50554	0.60936
0.49247	0.73577
0.39354	0.60134
0.43337	0.64052
0.43079	0.68792
0.34238	0.69676
0.42286	0.7183
0.24522	0.6721
0.34532	0.67918
0.42804	0.69379
0.41759	0.65955
0.60024	0.62187
0.48716	0.74923
0.40908	0.72776
0.37037	0.6734
0.42183	0.79996
0.4564	0.67156
0.38467	0.60837
0.36115	0.76742
0.49771	0.68168
0.26866	0.67449
0.39425	0.69328
0.50855	0.6718
0.54563	0.73519
0.23599	0.57594
0.38	0.71686
0.48842	0.71177
0.33592	0.74032
0.38015	0.73151
0.44861	0.77689
0.48889	0.62862
0.58548	0.70364
0.46036	0.72338
0.35804	0.71584
0.40104	0.69973
0.27541	0.5783
0.16262	0.54113
0.30711	0.54801
0.4845	0.68168
0.43943	0.74959
0.37065	0.69456
0.54295	0.70435
0.43108	0.68127
0.4814	0.73872
0.35897	0.64471
0.33746	0.57037
0.53518	0.72451
0.34512	0.62882
0.39926	0.64592
0.38092	0.72224
0.34412	0.59471
0.40599	0.69398
0.2532	0.64612
0.36001	0.72296
0.35098	0.71573
0.29494	0.76825
0.43833	0.72121
0.51695	0.70728
0.41359	0.65458
0.4454	0.75338
0.47798	0.65947
0.45575	0.72505
0.41494	0.67879
0.43707	0.70034
0.39479	0.67739
0.34153	0.70996
0.3748	0.55662
0.43978	0.68115
0.57046	0.6023
0.4599	0.61815
0.3909	0.74044
0.44843	0.691
0.43588	0.81958
0.37398	0.64253
0.31981	0.61357
0.43103	0.69311
0.47085	0.75268
0.49319	0.7499
0.44176	0.65536
0.4471	0.66823
0.46184	0.71316
0.43963	0.72317
0.44414	0.73427
0.38896	0.62825
0.34753	0.849
0.28346	0.69237
0.50857	0.61444
0.42032	0.7599
0.39872	0.75135
0.43672	0.67833
0.40899	0.71294
0.49645	0.73491
0.50012	0.70747
0.40835	0.66155
0.33123	0.74209
0.41887	0.72455
0.36475	0.6883
0.52162	0.70606
0.38026	0.62618
0.49976	0.6629
0.39671	0.70118
0.42912	0.67924
0.31967	0.60523
0.42733	0.69595
0.50883	0.67377
0.4969	0.70255
0.49996	0.61276
0.55272	0.72031
0.2823	0.80065
0.40124	0.60394
0.70525	0.57956
0.41499	0.64998
0.46858	0.65148
0.52207	0.69635
0.56852	0.75162
0.45638	0.85411
0.38923	0.70727
0.376	0.63121
0.24855	0.53384
0.41922	0.7046
0.36024	0.7043
0.44701	0.74106
0.5425	0.70857
0.29873	0.76085
0.34799	0.68302
0.24918	0.74153
0.32176	0.66688
0.41197	0.68747
0.51837	0.61568
0.42197	0.73251
0.31723	0.6959
0.39129	0.72481
0.47303	0.64805
0.27344	0.73284
0.27348	0.672
0.53537	0.71593
0.25196	0.64325
0.45684	0.79146
0.30939	0.72319
0.44433	0.67653
0.55603	0.74343
0.43555	0.63374
0.49636	0.69295
0.50493	0.66857
0.31911	0.49452
0.1595	0.52507
0.329	0.69565
0.43122	0.61474
0.4407	0.70283
0.40034	0.67017
0.54728	0.6424
0.42606	0.7142
0.42048	0.63491
0.47748	0.71866
0.41533	0.68437
0.40218	0.72234
0.5557	0.55833
0.36199	0.64904
0.57876	0.70547
0.41602	0.71113
0.48231	0.76795
0.36844	0.79493
0.52351	0.62672
0.44009	0.71893
0.27328	0.53348
0.52147	0.67706
0.44769	0.72304
0.54385	0.61571
0.37215	0.66964
0.34629	0.59033
0.51835	0.72344
0.40007	0.65844
0.476	0.70542
0.40833	0.72828
0.26722	0.57174
0.46021	0.83094
0.42972	0.76278
0.57245	0.68075
0.39546	0.73034
0.36677	0.72084
0.38048	0.7286
0.48311	0.77745
0.41021	0.74709
0.41135	0.64653
0.42481	0.68847
0.5009	0.69128
0.41781	0.79138
0.42528	0.84951
0.43284	0.74147
0.37839	0.69195
0.33789	0.71138
0.53042	0.69168
0.40072	0.65556
0.11754	0.62062
0.26757	0.5721
0.32606	0.62529
0.28158	0.51644
0.42573	0.79093
0.46566	0.72245
0.06173	0.40702
0.39086	0.6833
0.38262	0.698
0.29513	0.68909
0.48175	0.73522
0.43534	0.76161
0.54321	0.73303
0.40975	0.72783
0.45183	0.65749
0.34926	0.73029
0.64119	0.75215
0.44067	0.72544
0.42483	0.68929
0.3595	0.62256
0.49949	0.7117
0.63664	0.70741
0.47932	0.68068
0.40587	0.76576
0.81722	0.57031
0.43532	0.68664
0.3938	0.6412
0.46862	0.68947
0.29771	0.58985
0.51035	0.70211
0.54506	0.71055
0.33521	0.76782
0.42835	0.66264
0.42198	0.77259
0.48094	0.6848
0.41531	0.6522
0.39334	0.6852
0.41313	0.77115
0.47276	0.82286
0.51834	0.69181
0.48341	0.68218
0.41267	0.69825
0.55353	0.68551
0.28445	0.63168
0.50593	0.63376
0.48531	0.80549
0.5967	0.48367
0.33615	0.68177
0.00887	0.3434
0.4744	0.62138
0.4098	0.65756
0.39043	0.76364
0.61123	0.65653
0.29515	0.66935
0.48839	0.75654
0.38602	0.76458
0.58047	0.69251
0.4095	0.66345
0.40777	0.77139
0.30012	0.70299
0.40978	0.7181
0.36192	0.70321
0.36027	0.63528
0.28371	0.5673
0.3686	0.71819
0.42795	0.664
0.4569	0.77842
0.43647	0.74978
0.34726	0.69995
0.50631	0.73272
0.42324	0.68701
0.20646	0.59456
0.30299	0.73581
0.53721	0.70162
0.13416	0.66367
0.39908	0.74189
0.46177	0.68038
0.28928	0.64278
0.53822	0.68885
0.41427	0.50134
0.47668	0.67472
0.46688	0.70956
0.5453	0.68499
0.53149	0.68083
0.44444	0.73667
0.38207	0.83502
0.35049	0.71058
0.43139	0.70791
0.41649	0.67922
0.41434	0.65529
0.449	0.72613
0.4714	0.66856
0.38256	0.64676
0.50784	0.66359
0.39781	0.75169
0.52103	0.54706
0.34669	0.58405
0.42362	0.69441
0.51684	0.72136
0.29414	0.72504
0.41645	0.68233
0.42759	0.65055
0.47247	0.71191
0.39506	0.72182
0.27066	0.65803
0.40012	0.67606
0.44988	0.70875
0.4153	0.71233
0.40675	0.64802
0.46956	0.73899
0.4047	0.67988
0.41154	0.65781
0.42929	0.69226
0.4257	0.65052
0.3592	0.63358
0.42952	0.73486
0.38775	0.55323
0.47693	0.69766
0.74235	0.87144
0.44917	0.71354
0.36767	0.77533
0.53636	0.70041
0.35177	0.62164
0.46751	0.72192
0.30732	0.68412
0.49199	0.72952
0.42896	0.68473
0.34663	0.59807
0.24504	0.66528
0.43175	0.65629
0.20271	0.52429
0.32963	0.5791
0.36385	0.6489
0.338	0.68686
0.57181	0.78366
0.31887	0.69856
0.39849	0.79998
0.36316	0.70793
0.26363	0.59191
0.26025	0.64302
0.41194	0.74795
0.41377	0.67691
0.40864	0.70989
0.36336	0.61424
0.44312	0.77194
0.44755	0.65051
0.4186	0.69949
0.40227	0.76471
0.5376	0.62339
0.50275	0.79076
0.36191	0.62616
0.43772	0.63714
0.38914	0.75423
0.44596	0.66095
0.41282	0.68971
0.42216	0.76097
0.32697	0.73367
0.48563	0.75983
0.42388	0.74625
0.3418	0.58949
0.71335	0.60505
0.39249	0.56723
0.655	0.71451
0.48862	0.71672
0.43019	0.74735
0.6984	0.61356
0.37799	0.57001
0.41797	0.7453
0.41808	0.6931
0.37946	0.63304
0.42786	0.66067
0.43199	0.72154
0.45521	0.59831
0.40574	0.85419
0.4137	0.67323
0.3785	0.7758
0.37082	0.67436
0.38465	0.59796
0.33575	0.71777
0.41118	0.74558
0.48207	0.68861
0.33845	0.78792
0.30742	0.58715
0.40774	0.75095
0.32059	0.66965
0.53129	0.67725
0.32964	0.74981
0.47916	0.74247
0.44827	0.70535
0.34977	0.68454
0.34921	0.53476
0.4307	0.74549
0.17704	0.57119
0.39533	0.73057
0.2926	0.7047
0.52423	0.69473
0.39554	0.5969
0.55796	0.78857
0.1598	0.67875
0.54661	0.77577
0.41967	0.64276
0.42404	0.70925
0.4018	0.62468
0.38274	0.43029
0.48811	0.71963
0.29873	0.73005
0.32715	0.59524
0.25774	0.57752
0.40997	0.65139
0.44828	0.63602
0.54073	0.71426
0.40649	0.69256
0.22332	0.57148
0.40576	0.69268
0.41626	0.70405
0.41238	0.78266
0.42199	0.6661
0.43273	0.72064
0.46694	0.70043
0.39984	0.55876
0.42301	0.65287
0.48869	0.63007
0.30624	0.68763
0.43641	0.77973
0.39074	0.67102
0.32894	0.659
0.55502	0.6483
0.35947	0.713
0.23987	0.68925
0.37501	0.6786
0.47995	0.75109
0.39591	0.63923
0.51967	0.55832
0.33813	0.63062
0.27884	0.6511
0.45091	0.66265
0.37541	0.69016
0.36394	0.6527
0.53132	0.71574
0.59116	0.72504
0.32142	0.70865
0.41207	0.48417
0.39489	0.70217
0.50766	0.83934
0.36337	0.5953
0.39311	0.67326
0.44064	0.67829
0.4506	0.68941
0.3367	0.71118
0.34251	0.77789
0.48949	0.63738
0.51068	0.71888
0.47425	0.67435
0.32836	0.7618
0.17784	0.6456
0.43087	0.66604
0.22705	0.40222
0.54635	0.77024
0.54806	0.67434
0.49201	0.64209
0.45595	0.61086
0.4048	0.53832
0.42799	0.72306
0.43967	0.7206
0.40066	0.7132
0.50261	0.69504
0.76144	0.74247
0.23665	0.48341
0.51317	0.73073
0.39643	0.70418
0.29773	0.33871
0.51505	0.56967
0.23585	0.71539
0.35057	0.68376
0.09046	0.53625
0.37281	0.64926
0.44855	0.68822
0.38629	0.60955
0.42165	0.80297
0.45797	0.66326
0.55354	0.70694
0.37493	0.67182
0.43188	0.81281
0.40079	0.70788
0.44195	0.8196
0.54976	0.67279
0.53371	0.72655
0.4456	0.56714
0.50401	0.71913
0.43115	0.66792
0.35752	0.74672
0.47831	0.70605
0.44458	0.68893
0.51278	0.69469
0.28043	0.68747
0.48637	0.66266
0.50125	0.63414
0.50711	0.69831
0.49338	0.70428
0.51062	0.72453
0.33966	0.69715
0.62824	0.75241
0.30166	0.648
0.43253	0.69894
0.27635	0.62376
0.43369	0.7131
0.33607	0.71131
0.42084	0.74378
0.5774	0.40295
0.53134	0.66942
0.61428	0.72374
0.46004	0.68079
0.47647	0.73698
0.59493	0.75044
0.4453	0.75264
0.53828	0.62232
0.32922	0.65824
0.62418	0.76586
0.36897	0.43294
0.30479	0.80486
0.33814	0.67134
0.43172	0.67417
0.46445	0.68739
0.34556	0.73204
0.49929	0.65128
0.36919	0.6773
0.40019	0.65556
0.49965	0.69915
0.34811	0.73423
0.45972	0.7348
0.48304	0.65955
0.1576	0.53739
0.38405	0.68786
0.53213	0.82189
0.26619	0.71162
0.53523	0.76777
0.45903	0.66672
0.46412	0.80337
0.35484	0.67491
0.49463	0.59307
0.44756	0.7203
0.2762	0.45383
0.42584	0.72992
0.56581	0.79563
0.51039	0.77927
0.35781	0.80864
0.38669	0.6928
0.4019	0.67899
0.38432	0.78255
0.36633	0.67767
0.36667	0.71048
0.35125	0.70572
0.49354	0.70871
0.32991	0.66985
0.25754	0.5601
0.36041	0.73204
0.46816	0.74904
0.48947	0.72057
0.37712	0.68006
0.27632	0.64104
0.40494	0.70088
0.68393	0.72497
0.32267	0.79576
0.32304	0.62225
0.42733	0.71923
0.39674	0.61138
0.46166	0.74475
0.35041	0.69985
0.31454	0.36226
0.54461	0.70969
0.37467	0.67604
0.47003	0.71321
0.38722	0.71525
0.34145	0.67167
0.33084	0.71788
0.62003	0.68597
0.38256	0.73741
0.47642	0.71451
0.442	0.71874
0.51297	0.65785
0.43346	0.76612
0.36263	0.67808
0.3624	0.67804
0.26158	0.7023
0.55322	0.69515
0.31454	0.36226
0.33459	0.71054
0.32331	0.68825
0.32732	0.64328
0.2915	0.543
0.74076	0.82652
0.43745	0.70872
0.18333	0.44359
0.5539	0.62059
0.44405	0.78832
0.56364	0.72544
0.37973	0.69939
0.48944	0.71164
0.45158	0.68968
0.35053	0.70503
0.41233	0.54333
0.88988	0.76867
0.30157	0.69284
0.28774	0.64125
0.41961	0.71359
0.38757	0.80443
0.46536	0.70672
0.3979	0.67168
0.45714	0.8191
0.27816	0.6912
0.49056	0.6107
0.35525	0.78725
0.32281	0.56731
0.48779	0.75407
0.39259	0.62079
0.46533	0.81046
0.43424	0.63098
0.56131	0.63976
0.4207	0.75758
0.38296	0.66228
0.09788	0.59078
0.37866	0.76898
0.49685	0.7081
0.33315	0.67666
0.35501	0.55167
0.50569	0.74126
0.4085	0.69055
0.71138	0.73215
0.45615	0.72449
0.42929	0.77584
0.42387	0.6065
0.44636	0.71619
0.33064	0.7329
0.35274	0.69696
0.53596	0.7189
0.44936	0.64176
0.34966	0.74033
0.41054	0.80587
0.48672	0.73697
0.46811	0.81425
0.44186	0.43937
0.63577	0.59262
0.42422	0.76158
0.37078	0.76162
0.40858	0.67665
0.50051	0.64606
0.41956	0.62639
0.51005	0.62128
0.33505	0.70686
0.51657	0.69588
0.40439	0.64368
0.47856	0.65963
0.36844	0.71751
0.43309	0.75892
0.32163	0.70238
0.4709	0.78067
0.46657	0.66879
0.42667	0.67928
0.19591	0.51323
0.52301	0.72554
0.32508	0.63357
0.35511	0.81064
0.32612	0.70498
0.26458	0.63894
0.43039	0.71255
0.46586	0.69091
0.30358	0.69878
0.39681	0.68882
0.33801	0.73885
0.43525	0.72301
0.44152	0.69438
0.32272	0.52922
0.44806	0.68881
0.36621	0.77116
0.21437	0.65998
0.56713	0.4966
0.53655	0.65206
0.39756	0.68553
0.42026	0.70846
0.31533	0.75348
0.36642	0.69075
0.45686	0.68126
0.37473	0.68518
0.44113	0.75554
0.55455	0.62373
0.44874	0.67336
0.40942	0.77495
0.51292	0.74454
0.44757	0.65468
0.37796	0.74553
0.44971	0.72094
0.50256	0.6492
0.51618	0.76248
0.52258	0.67215
0.56073	0.7695
0.36565	0.63553
0.48208	0.65583
0.27561	0.69079
0.46505	0.62875
0.47474	0.72092
0.41507	0.70173
0.6306	0.6684
0.48115	0.72634
0.39094	0.71396
0.47605	0.69235
0.28561	0.46655
0.37209	0.71554
0.4028	0.7407
0.43589	0.6934
0.37342	0.6633
0.4744	0.68794
0.40822	0.74162
0.60967	0.75409
0.40385	0.63325
0.46022	0.84301
0.39449	0.66561
0.32822	0.63834
0.44741	0.70123
0.54781	0.7561
0.39015	0.66157
0.42547	0.75474
0.44639	0.73235
0.58139	0.83725
0.42486	0.65697
0.39336	0.66643
0.42009	0.61549
0.33871	0.7845
0.52919	0.74416
0.49599	0.70456
0.57958	0.67887
0.33161	0.67651
0.50237	0.69076
0.49858	0.73792
0.4077	0.69222
0.38213	0.63891
0.46962	0.7139
0.40972	0.71716
0.48796	0.64684
0.34236	0.76784
0.36152	0.71055
0.40392	0.74759
0.52334	0.72809
0.34228	0.60748
0.43807	0.73733
0.36847	0.68439
0.54558	0.84074
0.37525	0.68529
0.37052	0.51186
0.45337	0.74317
0.49473	0.75449
0.50399	0.70953
0.39634	0.72013
0.27806	0.58366
0.32839	0.79495
0.35665	0.77014
0.49954	0.70847
0.58536	0.74775
0.52012	0.66902
0.31813	0.74389
0.45629	0.75142
0.36503	0.68292
0.31193	0.68526
0.44467	0.71434
0.73576	0.75438
0.47386	0.7098
0.64497	0.69541
0.49379	0.72553
0.44089	0.71297
0.35764	0.76334
0.51446	0.7221
0.46106	0.65348
0.42901	0.71285
0.47858	0.52001
0.74811	0.57425
0.51728	0.72513
0.43686	0.67748
0.39484	0.71664
0.24078	0.67558
0.3412	0.71891
0.31154	0.69229
0.49188	0.50814
0.42096	0.68333
0.5492	0.67887
0.58218	0.66421
0.5696	0.66287
0.39533	0.77888
0.51437	0.70451
0.50292	0.68991
0.39226	0.68778
0.3974	0.76011
0.54713	0.75664
0.35899	0.79442
0.53051	0.728
0.51373	0.69154
0.52885	0.76502
0.30716	0.72008
0.31821	0.70657
0.46892	0.65678
0.5321	0.71755
0.22001	0.63202
0.5996	0.70746
0.46993	0.68018
0.29493	0.57578
0.58573	0.66901
0.31193	0.67373
0.32299	0.7579
0.42504	0.69118
0.45751	0.8097
0.43252	0.61857
0.30397	0.72118
0.44524	0.71114
0.42644	0.68398
0.36256	0.72799
0.4235	0.71511
0.4722	0.62693
0.77631	0.61614
0.53851	0.66694
0.38108	0.72918
0.58374	0.64204
0.38758	0.70883
0.57411	0.67008
0.48661	0.7123
0.35745	0.82787
0.47276	0.69783
0.39587	0.67576
0.53927	0.70661
0.41943	0.70198
0.33563	0.79344
0.39234	0.72501
0.41292	0.72807
0.39689	0.61013
0.42621	0.8156
0.60309	0.67226
0.22623	0.63353
0.39609	0.67769
0.44879	0.71129
0.42595	0.64202
0.54322	0.68313
0.33332	0.58012
0.42673	0.70648
0.29748	0.71439
0.43952	0.60371
0.36527	0.64838
0.3396	0.62991
0.44673	0.72383
0.47201	0.69001
0.50927	0.5639
0.48079	0.77038
0.40101	0.74928
0.60032	0.76523
0.53594	0.71379
0.32592	0.61781
0.40598	0.71682
0.34661	0.69997
0.68406	0.7235
0.38195	0.69881
0.4271	0.76592
0.37759	0.57802
0.28379	0.68544
0.50358	0.71464
0.38168	0.61006
0.35552	0.73171
0.50932	0.68146
0.35215	0.70378
0.45791	0.77805
0.48615	0.69088
0.34926	0.65249
0.40775	0.73993
0.55196	0.76883
0.44473	0.65105
0.34971	0.63767
0.3511	0.79725
0.36726	0.7131
0.29015	0.4761
0.32408	0.68389
0.46347	0.66775
0.46727	0.69014
0.50102	0.72195
0.43212	0.75846
0.45355	0.80435
0.40605	0.70168
0.2766	0.48145
0.56219	0.68493
0.40429	0.63009
0.48981	0.71188
0.52092	0.72414
0.45888	0.66899
0.39196	0.66907
0.36391	0.78452
0.25959	0.57207
0.44745	0.78229
0.46491	0.74569
0.47074	0.71507
0.46165	0.68968
0.89739	0.74381
0.49552	0.71736
0.34812	0.82227
0.39293	0.7627
0.26438	0.72511
0.26071	0.69949
0.48946	0.69505
0.40948	0.7462
0.53173	0.60263
0.43912	0.59762
0.43205	0.67442
0.50448	0.73199
0.3333	0.70008
0.57199	0.70216
0.36604	0.63033
0.3493	0.58279
0.33761	0.66299
0.38975	0.71807
0.29906	0.67739
0.41744	0.51033
0.53119	0.70684
0.40503	0.70864
0.29586	0.31122
0.44882	0.68811
0.27511	0.66267
0.38565	0.6911
0.31147	0.67652
0.63318	0.71513
0.42027	0.6308
0.35441	0.76879
0.42039	0.81265
0.44607	0.6889
0.48862	0.57108
0.4361	0.63311
0.57174	0.71373
0.44893	0.68908
0.35448	0.6714
0.46736	0.68066
0.46066	0.72232
0.32649	0.69462
0.37388	0.53493
0.50549	0.72073
0.36451	0.67452
0.40931	0.71476
0.50974	0.69608
0.44554	0.72032
0.38859	0.44294
0.45159	0.70039
0.56201	0.58864
0.60502	0.74842
0.54596	0.71673
0.43472	0.65268
0.31779	0.65277
0.35536	0.70724
0.53092	0.6512
0.38124	0.65892
0.42872	0.62925
0.41367	0.6784
0.65167	0.65542
0.39256	0.70696
0.43901	0.66754
0.57117	0.72565
0.50637	0.70819
0.40366	0.72469
0.44337	0.66867
0.63767	0.64601
0.29246	0.7112
0.35392	0.78818
0.34179	0.7887
0.39322	0.60944
0.49468	0.73043
0.50604	0.69935
0.43937	0.6159
0.29838	0.63495
0.31025	0.647
0.41191	0.64862
0.49755	0.69066
0.35036	0.80751
0.51269	0.74449
0.43143	0.74692
0.41868	0.68804
0.44437	0.57797
0.37878	0.61448
0.34794	0.72493
0.39116	0.68728
0.2162	0.48624
0.4386	0.72756
0.45128	0.69973
0.572	0.71079
0.32479	0.69334
0.4679	0.61676
0.46807	0.73323
0.68762	0.79489
0.42003	0.76125
0.45149	0.65127
0.4043	0.70373
0.35118	0.68692
0.36695	0.74508
0.48147	0.72626
0.45705	0.61545
0.31584	0.76807
0.54063	0.69065
0.49412	0.63394
0.42958	0.68978
0.33806	0.70554
0.40945	0.64802
0.46307	0.72368
0.43081	0.62652
0.56058	0.68561
0.31802	0.67676
0.32382	0.73396
0.52339	0.69483
0.43345	0.75899
0.41992	0.65799
0.25112	0.55344
0.44972	0.68747
0.36931	0.74514
0.35225	0.6663
0.49068	0.56253
0.22925	0.63298
0.46832	0.74084
0.35433	0.74367
0.40343	0.6322
0.41311	0.69677
0.32461	0.71617
0.44595	0.72808
0.2915	0.46618
0.31297	0.81189
0.42235	0.71234
0.35593	0.71684
0.46716	0.74077
0.4971	0.66057
0.40198	0.70923
0.43157	0.77767
0.43041	0.71331
0.41486	0.62557
0.53228	0.65858
0.40955	0.68995
0.47168	0.72392
0.41631	0.7721
0.46209	0.68933
0.29793	0.7152
0.47006	0.72001
0.46547	0.78725
0.30578	0.59303
0.44376	0.77378
0.4029	0.75546
0.37482	0.70295
0.62343	0.65347
0.27371	0.49389
0.38488	0.61094
0.36757	0.75346
0.42119	0.74564
0.36316	0.75091
0.37628	0.87019
0.53313	0.62603
0.30769	0.47106
0.38092	0.60376
0.44206	0.70594
0.42336	0.72474
0.45701	0.80496
0.20753	0.55918
0.42043	0.67551
0.25041	0.53138
0.35882	0.67203
0.35657	0.67008
0.39683	0.7839
0.42533	0.65873
0.33343	0.68919
0.72113	0.72186
0.51236	0.72997
0.42227	0.77079
0.51843	0.69249
0.3962	0.72915
0.47834	0.70524
0.67915	0.74861
0.53348	0.67613
0.44432	0.57778
0.34519	0.60518
0.51791	0.71757
0.44737	0.66706
0.43287	0.79359
0.50879	0.7065
0.43145	0.71059
0.69181	0.61879
0.3728	0.73311
0.5664	0.69276
0.49383	0.73712
0.39489	0.70017
0.45155	0.72453
0.51082	0.713
0.49472	0.604
0.57883	0.62936
0.45635	0.77705
0.37718	0.62697
0.49335	0.72006
0.62989	0.56977
0.43412	0.6592
0.33157	0.79521
0.44145	0.76723
0.47937	0.72499
0.47503	0.71359
0.3803	0.74266
0.40713	0.7339
0.45955	0.6752
0.25824	0.58868
0.4042	0.74952
0.51078	0.71374
0.10781	0.53095
0.40353	0.7271
0.46544	0.72368
0.39462	0.71876
0.52662	0.73252
0.37613	0.74989
0.40216	0.68193
0.36941	0.70317
0.45943	0.77041
0.22387	0.66137
0.45788	0.74027
0.33478	0.65863
0.2654	0.62048
0.21201	0.56998
0.3852	0.75154
0.38412	0.79325
0.4014	0.79456
0.28494	0.79481
0.4513	0.64722
0.2584	0.67411
0.31694	0.58421
0.45058	0.71838
0.47207	0.78881
0.40641	0.69861
0.31163	0.71294
0.44338	0.69838
0.50711	0.64039
0.51857	0.77316
0.43797	0.5802
0.40757	0.67829
0.43374	0.7955
0.67469	0.67002
0.48336	0.76106
0.28532	0.74223
0.39491	0.73824
0.41113	0.71254
0.42519	0.73942
0.36777	0.62833
0.36455	0.72985
0.54413	0.56104
0.41998	0.65846
0.53659	0.58322
0.40045	0.76146
0.37921	0.67384
0.50845	0.7896
0.32665	0.70139
0.43349	0.70112
0.13615	0.59735
0.37806	0.7795
0.38162	0.76293
0.30467	0.67829
0.31622	0.61907
0.49215	0.67029
0.42909	0.76105
0.50646	0.7595
0.34724	0.7765
0.51074	0.70363
0.42173	0.68754
0.27803	0.59715
0.34936	0.70272
0.436	0.74822
0.33505	0.69844
0.29554	0.6406
0.50287	0.69728
0.39837	0.68596
0.38459	0.69545
0.44747	0.69969
0.41091	0.686
0.36512	0.70418
0.3234	0.60655
0.41503	0.70362
0.39619	0.65981
0.39986	0.64722
0.38849	0.78167
0.40509	0.75435
0.47783	0.44399
0.44915	0.73643
0.46711	0.65452
0.52964	0.7174
0.44424	0.6698
0.39868	0.73954
0.35111	0.72872
0.45048	0.75908
0.46531	0.66749
0.33125	0.60074
0.32022	0.55768
0.3156	0.58928
0.44779	0.70982
0.44505	0.71556
0.32821	0.67315
0.49587	0.72918
0.83643	0.64056
0.29654	0.67744
0.55202	0.71316
0.3269	0.65419
0.34717	0.69673
0.43928	0.71165
0.33622	0.59953
0.3608	0.42267
0.36117	0.73184
0.41952	0.67209
0.4805	0.70004
0.37112	0.69121
0.45805	0.59503
0.2818	0.44294
0.60451	0.6505
0.38625	0.62188
0.41674	0.6566
0.5262	0.75833
0.35192	0.66727
0.52202	0.67846
0.37432	0.71828
0.45626	0.72428
0.3909	0.73501
0.30072	0.62554
0.48485	0.72649
0.45451	0.68361
0.52161	0.72137
0.38711	0.65138
0.27361	0.64447
0.30836	0.74216
0.31367	0.72631
0.44649	0.69266
0.35013	0.52469
0.46589	0.68233
0.46818	0.63324
0.47661	0.66173
0.4815	0.73545
0.35224	0.63098
0.37587	0.7134
0.18837	0.75582
0.31454	0.36226
0.54301	0.75453
0.41654	0.71366
0.36142	0.60726
0.35081	0.82537
0.35706	0.69288
0.29846	0.83247
0.40297	0.71462
0.31627	0.63798
0.4329	0.70382
0.39867	0.71798
0.50105	0.71789
0.4198	0.81112
0.62823	0.64249
0.42679	0.73246
0.59698	0.63167
0.38752	0.62377
0.3586	0.67686
0.33731	0.84598
0.43664	0.66711
0.41927	0.73725
0.54317	0.69848
0.33411	0.71401
0.34936	0.61517
0.65947	0.80124
0.34255	0.67226
0.50883	0.71841
0.33317	0.6991
0.6302	0.67691
0.55346	0.65789
0.5177	0.72028
0.43366	0.69551
0.55992	0.7102
0.33391	0.50791
0.34593	0.74313
0.41386	0.72394
0.22624	0.63588
0.42484	0.71074
0.22704	0.63341
0.40608	0.72394
0.51995	0.70844
0.51218	0.67966
0.45618	0.67677
0.40271	0.71303
0.29805	0.64126
0.52061	0.76277
0.46608	0.66334
0.48769	0.63203
0.45478	0.64794
0.44581	0.7928
0.54057	0.73209
0.42456	0.77309
0.5208	0.62096
0.48858	0.80569
0.38578	0.69588
0.40349	0.68399
0.38528	0.7156
0.29732	0.62928
0.31806	0.70354
0.31941	0.57457
0.37407	0.65279
0.39216	0.63122
0.42043	0.64865
0.45885	0.69857
0.38828	0.5125
0.37664	0.74136
0.54457	0.57764
0.367	0.82454
0.44189	0.6685
0.45792	0.68176
0.3207	0.55645
0.16837	0.72266
0.43957	0.79459
0.29645	0.77208
0.51045	0.71907
0.71899	0.57955
0.15398	0.69067
0.70429	0.60236
0.40628	0.63386
0.41757	0.79384
0.45278	0.70401
0.50131	0.70435
0.49219	0.67268
0.46252	0.80641
0.35835	0.72635
0.42491	0.67149
0.45644	0.64518
0.41802	0.62803
0.48858	0.66096
0.45938	0.71281
0.24636	0.60254
0.44359	0.74014
0.40948	0.69609
0.50767	0.68742
0.4523	0.70678
0.50762	0.64849
0.44743	0.69301
0.32443	0.70526
0.40606	0.72834
0.40022	0.6448
0.46154	0.62058
0.40471	0.70667
0.51369	0.64085
0.35499	0.69463
0.5533	0.75076
0.4698	0.77241
0.4033	0.54098
0.57861	0.69107
0.42438	0.67735
0.52058	0.76814
0.4602	0.74217
0.35735	0.67149
0.45068	0.75313
0.45304	0.63316
0.42619	0.66532
0.35353	0.64067
0.35105	0.6728
0.417	0.64636
0.37228	0.73863
0.5278	0.6479
0.32533	0.66837
0.42656	0.7798
0.48588	0.75647
0.40579	0.6913
0.53927	0.69115
0.37436	0.55913
0.42502	0.86035
0.37227	0.60396
0.54509	0.6777
0.89438	0.61446
0.37713	0.73143
0.43034	0.71767
0.57161	0.6318
0.38809	0.64001
0.50609	0.74546
0.42181	0.72062
0.39642	0.66151
0.44273	0.75595
0.58429	0.69703
0.51505	0.69432
0.29268	0.67472
0.4108	0.68038
0.37592	0.62924
0.50427	0.57527
0.43052	0.72302
0.27572	0.72663
0.36321	0.72799
0.37288	0.5651
0.4307	0.67904
0.40048	0.7926
0.49609	0.6974
0.55126	0.69379
0.43842	0.63354
0.48223	0.74219
0.46533	0.71217
0.42503	0.68481
0.42777	0.75192
0.81629	0.83037
0.45614	0.63906
0.48303	0.81983
0.3872	0.68372
0.4173	0.66505
0.3403	0.72485
0.47158	0.66543
0.36211	0.66376
0.45459	0.65727
0.42515	0.71113
0.38859	0.46168
0.55436	0.68614
0.32403	0.66168
0.44914	0.64705
0.38483	0.67945
0.38414	0.58338
0.48747	0.62695
0.26713	0.7058
0.39469	0.72322
0.37077	0.77246
0.30392	0.73238
0.34918	0.74019
0.45909	0.6825
0.45282	0.70162
0.60983	0.69016
0.51899	0.55381
0.35172	0.72672
0.51537	0.63001
0.44835	0.68825
0.18167	0.63101
0.41691	0.72581
0.42203	0.72604
0.54458	0.69531
0.41822	0.71713
0.32877	0.38082
0.53528	0.71752
0.41507	0.69797
0.40328	0.72052
0.3829	0.61983
0.48976	0.71127
0.32443	0.71071
0.19206	0.69974
0.52254	0.70496
0.61769	0.70024
0.38801	0.6674
0.22843	0.57196
0.21478	0.72045
0.28982	0.64584
0.42458	0.65513
0.43849	0.69791
0.42321	0.74758
0.47302	0.66651
0.51178	0.53258
0.44451	0.7104
0.42885	0.69326
0.47234	0.83916
0.29183	0.60079
0.45189	0.67603
0.4469	0.57966
0.41426	0.70607
0.3042	0.66472
0.3874	0.64652
0.34629	0.71129
0.40213	0.68891
0.43969	0.67832
0.84214	0.75749
0.38786	0.64977
0.33668	0.76512
0.5463	0.64627
0.23879	0.65731
0.41207	0.63156
0.34835	0.76036
0.49383	0.76702
0.42754	0.70631
0.35369	0.61649
0.48534	0.67797
0.34831	0.57064
0.50523	0.74114
0.50269	0.76296
0.41938	0.73136
0.33742	0.66124
0.50832	0.60267
0.55399	0.67158
0.49821	0.62203
0.46515	0.69786
0.46933	0.70294
0.3876	0.69243
0.53434	0.72128
0.36434	0.75343
0.51974	0.71764
0.43276	0.78702
0.67409	0.79272
0.43542	0.53461
0.36165	0.77852
0.2453	0.62241
0.57535	0.73957
0.43808	0.69681
0.36133	0.56893
0.25252	0.66163
0.44218	0.67842
0.30722	0.74655
0.47764	0.70328
0.54203	0.66347
0.45856	0.67322
0.51852	0.69306
0.22843	0.60129
0.41538	0.79029
0.45722	0.72802
0.42036	0.64571
0.49577	0.77889
0.39549	0.60028
0.49651	0.70723
0.57541	0.66691
0.39769	0.68075
0.22708	0.69014
0.35198	0.64755
