0.41602	0.64803
0.63853	0.78386
0.47093	0.73805
0.52332	0.76813
0.63707	0.75495
0.5684	0.72525
0.50178	0.75064
0.5342	0.66942
0.56431	0.70948
0.53614	0.79111
0.41558	0.59126
0.68157	0.73294
0.62624	0.73739
0.46034	0.67435
0.5239	0.69104
0.62127	0.6534
0.28151	0.72578
0.42614	0.6827
0.49081	0.72462
0.59679	0.69885
0.69233	0.89833
0.35544	0.71306
0.62773	0.74284
0.74229	0.87803
0.5107	0.86307
0.76011	0.82325
0.7846	0.85023
0.43696	0.69782
0.33794	0.5586
0.49318	0.75928
0.46328	0.83262
0.84759	0.87989
0.42038	0.8459
0.65485	0.75768
0.63017	0.79095
0.53425	0.70018
0.15559	0.486
0.44673	0.78288
0.52819	0.80599
0.45636	0.82631
0.65355	0.7159
0.66195	0.78682
0.48753	0.75285
0.48685	0.68699
0.75106	0.81145
0.38422	0.74088
0.84445	0.84712
0.64349	0.66224
0.61649	0.7608
0.48723	0.7528
0.6943	0.80349
0.52311	0.60177
0.24744	0.63134
0.78137	0.92968
0.47589	0.72652
0.3594	0.72694
0.45032	0.65104
0.73484	0.79584
0.55561	0.81021
0.60509	0.75026
0.75743	0.82177
0.41051	0.75572
0.74415	0.81503
0.7258	0.80393
0.46428	0.66853
0.61994	0.73413
0.25127	0.64307
0.50434	0.62101
0.6706	0.82269
0.56725	0.66159
0.75149	0.83212
0.55961	0.68088
0.64823	0.7583
0.47245	0.76603
0.42194	0.64521
0.69398	0.80365
0.74039	0.84274
0.49378	0.82881
0.36465	0.77172
0.54554	0.66662
0.35598	0.6956
0.64277	0.75208
0.40246	0.80796
0.43849	0.71657
0.46074	0.68475
0.42349	0.66931
0.45982	0.60918
0.82018	0.88813
0.75353	0.69883
0.46192	0.64716
0.46564	0.81495
0.43147	0.74746
0.77892	0.82022
0.7078	0.84156
0.48178	0.66364
0.32548	0.65485
0.50902	0.74119
0.70724	0.78275
0.27075	0.71755
0.31961	0.70353
0.53277	0.83178
0.473	0.69616
0.42803	0.77231
0.87528	0.67537
0.43957	0.64514
0.77911	0.86657
0.4359	0.70421
0.80075	0.79558
0.61761	0.80683
0.48078	0.6349
0.68429	0.6936
0.37606	0.71367
0.38047	0.699
0.64656	0.84485
0.53482	0.73425
0.29726	0.68505
0.76401	0.85197
0.54433	0.7624
0.41294	0.71807
0.85375	0.82126
0.46344	0.79299
0.54996	0.81096
0.43364	0.77835
0.41788	0.67514
0.80341	0.69293
0.71407	0.7934
0.7371	0.81286
0.92825	0.8882
0.41444	0.80965
0.4994	0.73852
0.4721	0.77115
0.60409	0.82009
0.69521	0.82501
0.46268	0.75185
0.42815	0.72314
0.82858	0.76211
0.69406	0.79374
0.76848	0.77167
0.51103	0.76917
0.78026	0.89
0.55199	0.73634
0.6547	0.71129
0.68648	0.7033
0.3404	0.68898
0.5358	0.77391
0.6277	0.80665
0.55631	0.70171
0.49138	0.72836
0.3784	0.61523
0.44104	0.6942
0.68025	0.79367
0.59671	0.72904
0.59714	0.58368
0.55863	0.82188
0.48596	0.76888
0.53111	0.70007
0.52372	0.74108
0.90785	0.75036
0.5581	0.7505
0.44589	0.66797
0.58832	0.81287
0.79983	0.85535
0.51613	0.67644
0.80743	0.83045
0.33283	0.56425
0.56491	0.78607
0.56566	0.77514
0.58647	0.74301
0.67763	0.76833
0.63112	0.81137
0.63198	0.69889
0.59561	0.80912
0.68807	0.8324
0.79889	0.89865
0.58026	0.81524
0.66186	0.84542
0.3937	0.66263
0.208	0.67831
0.38884	0.72147
0.84878	0.87549
0.7079	0.74748
0.54352	0.63575
0.37134	0.78509
0.62439	0.62984
0.44735	0.81589
0.8248	0.92735
0.61113	0.81706
0.42693	0.78176
0.58	0.80038
0.39411	0.66242
0.3781	0.74088
0.43152	0.71313
0.55911	0.77106
0.26792	0.74028
0.51682	0.76429
0.44664	0.66488
0.81336	0.86218
0.70664	0.83139
0.59447	0.82998
0.58852	0.70505
0.48044	0.7843
0.71862	0.82405
0.55404	0.76122
0.67959	0.88127
0.6125	0.89565
0.82524	0.67913
0.46887	0.77867
0.72566	0.81819
0.54775	0.82492
0.73109	0.87973
0.79423	0.74616
0.61402	0.73079
0.43511	0.7292
0.44542	0.7772
0.7542	0.81724
0.6576	0.81056
0.50085	0.81804
0.71865	0.82515
0.44128	0.72915
0.55696	0.72886
0.60139	0.83655
0.73664	0.80073
0.76012	0.8126
0.64072	0.8227
0.68682	0.83801
0.81394	0.77298
0.69096	0.7818
0.64613	0.71075
0.41113	0.75608
0.65783	0.76705
0.68079	0.87387
0.51682	0.68903
0.35721	0.65213
0.44278	0.80625
0.57347	0.78561
0.47589	0.72185
0.74939	0.81056
0.77263	0.80793
0.45593	0.57611
0.61232	0.69396
0.6472	0.71939
0.50766	0.73835
0.34271	0.65897
0.79681	0.9041
0.45233	0.76555
0.71935	0.85224
0.78727	0.8944
0.79226	0.87367
0.5996	0.76026
0.70413	0.81171
0.58973	0.68845
0.48963	0.80467
0.7645	0.83312
0.4706	0.72307
0.91521	0.88072
0.70269	0.76333
0.60505	0.70368
0.48795	0.74695
0.53558	0.80371
0.50033	0.73979
0.54704	0.72207
0.76809	0.86233
0.25203	0.70628
0.43218	0.73654
0.64909	0.83045
0.4447	0.72926
0.41665	0.6271
0.3987	0.46013
0.52453	0.6785
0.67996	0.49885
0.55414	0.64938
0.40361	0.68557
0.4529	0.5918
0.38068	0.82716
0.40872	0.67647
0.43204	0.72994
0.39014	0.79683
0.32909	0.80765
0.60505	0.75833
0.78353	0.80153
0.54369	0.81862
0.78706	0.85388
0.61152	0.73146
0.3682	0.65799
0.48118	0.72378
0.64577	0.75952
0.35717	0.77721
0.89623	0.82673
0.39883	0.74876
0.62341	0.73544
0.74654	0.88168
0.23282	0.60075
0.49792	0.73042
0.29939	0.67909
0.60375	0.81878
0.3185	0.62784
0.47268	0.79173
0.59159	0.69273
0.44073	0.68906
0.78262	0.84107
0.49841	0.84021
0.55463	0.80789
0.53715	0.69209
0.39668	0.72441
0.25637	0.60695
0.59606	0.72851
0.7433	0.90356
0.56722	0.76716
0.58964	0.74532
0.5792	0.76501
0.59603	0.76384
0.86358	0.89023
0.5022	0.68634
0.53823	0.80642
0.50357	0.72148
0.45668	0.74218
0.6303	0.80589
0.48699	0.76727
0.45917	0.72872
0.50362	0.63822
0.44282	0.55641
0.69518	0.73922
0.51811	0.64206
0.36603	0.6402
0.60394	0.73227
0.67111	0.83078
0.48865	0.75616
0.41305	0.66303
0.5566	0.72275
0.47713	0.65013
0.4204	0.73029
0.69926	0.85253
0.59674	0.66731
0.87174	0.87979
0.58039	0.51299
0.49929	0.7368
0.54138	0.7897
0.59766	0.62974
0.398	0.64483
0.63264	0.8302
0.38684	0.69001
0.53528	0.76775
0.59443	0.71857
0.44239	0.64685
0.22259	0.64456
0.68664	0.56179
0.54589	0.70748
0.42656	0.58096
0.59944	0.82714
0.52623	0.74239
0.66016	0.7466
0.73581	0.79481
0.46343	0.7692
0.49737	0.75292
0.57502	0.87722
0.61918	0.77644
0.45673	0.70113
0.56051	0.7961
0.51957	0.7592
0.35534	0.70463
0.69417	0.80035
0.57734	0.77103
0.4488	0.7834
0.51667	0.79729
0.61997	0.85093
0.60381	0.81854
0.8223	0.89838
0.54272	0.74936
0.42869	0.72578
0.23322	0.68198
0.40213	0.89509
0.83379	0.84655
0.56056	0.80719
0.73566	0.79364
0.69134	0.83501
0.63788	0.85165
0.66851	0.75891
0.58685	0.7624
0.73178	0.65482
0.47739	0.87218
0.71245	0.80891
0.50068	0.71968
0.70921	0.84402
0.78394	0.85509
0.48357	0.74857
0.40521	0.70295
0.65031	0.73757
0.76035	0.79699
0.50444	0.8285
0.57186	0.75474
0.47017	0.83107
0.53048	0.58106
0.77966	0.88395
0.51444	0.78
0.417	0.7205
0.67091	0.77892
0.53316	0.71757
0.69063	0.77928
0.6634	0.70752
0.56465	0.68373
0.61899	0.81808
0.83577	0.85132
0.59201	0.68346
0.36963	0.67404
0.46289	0.67726
0.65434	0.73176
0.63596	0.83745
0.69678	0.6676
0.37997	0.78618
0.65986	0.67744
0.63655	0.82054
0.51233	0.67474
0.31574	0.70973
0.57429	0.74718
0.74361	0.81293
0.59064	0.80485
0.33995	0.67248
0.32962	0.65641
0.65463	0.84019
0.75513	0.58337
0.61199	0.80616
0.59824	0.7552
0.48888	0.71754
0.44467	0.6599
0.5181	0.74752
0.54714	0.75672
0.40447	0.72598
0.62012	0.72145
0.64144	0.797
0.76482	0.82545
0.49947	0.70455
0.77395	0.83273
0.60833	0.7929
0.50967	0.73532
0.76038	0.79224
0.41867	0.70751
0.58648	0.72533
0.51284	0.67512
0.89905	0.90049
0.68504	0.76948
0.50673	0.81046
0.63725	0.73889
0.90273	0.77216
0.81941	0.86504
0.53584	0.69122
0.69238	0.75702
0.54213	0.73342
0.7704	0.83842
0.49674	0.86292
0.77867	0.78415
0.50917	0.64438
0.62285	0.85649
0.33733	0.89096
0.40096	0.70626
0.52589	0.7404
0.67418	0.77211
0.567	0.69734
0.55839	0.75506
0.50045	0.81452
0.36743	0.72159
0.38017	0.71691
0.73983	0.82079
0.48015	0.77287
0.3719	0.66045
0.48995	0.80087
0.68279	0.88246
0.67322	0.81958
0.64688	0.79885
0.48298	0.74919
0.77748	0.81525
0.61297	0.70468
0.47507	0.74472
0.32875	0.59806
0.40242	0.66643
0.78845	0.91421
0.3452	0.73873
0.6303	0.80379
0.54928	0.72397
0.78756	0.86323
0.6783	0.81796
0.4874	0.7339
0.39334	0.69498
0.39734	0.66002
0.66185	0.80128
0.39671	0.7624
0.80465	0.8686
0.57692	0.84816
0.63165	0.82923
0.38095	0.80738
0.70224	0.75309
0.65841	0.82727
0.48338	0.76137
0.5534	0.71715
0.70355	0.80928
0.53904	0.72792
0.50116	0.72205
0.45133	0.6145
0.59723	0.81132
0.64478	0.70322
0.84356	0.84576
0.43328	0.68611
0.50809	0.68869
0.51013	0.72696
0.43947	0.77852
0.42826	0.79318
0.47985	0.74578
0.53237	0.88694
0.555	0.67175
0.49333	0.78823
0.44064	0.79374
0.49314	0.78612
0.64844	0.68965
0.63895	0.82694
0.65184	0.78127
0.69546	0.85386
0.45455	0.73607
0.46969	0.74174
0.54064	0.6996
0.42706	0.77553
0.75712	0.8481
0.56323	0.80746
0.45296	0.61623
0.43933	0.74883
0.46457	0.78843
0.52237	0.80285
0.77969	0.82344
0.41215	0.68856
0.6784	0.53578
0.46818	0.77253
0.42928	0.68507
0.51916	0.75959
0.62038	0.62491
0.38188	0.68395
0.47312	0.7377
0.44757	0.75305
0.27166	0.679
0.32532	0.82163
0.27002	0.4437
0.44125	0.75037
0.43705	0.75268
0.58086	0.75598
0.85025	0.86633
0.34727	0.84116
0.42859	0.71402
0.93554	0.84287
0.36548	0.82723
0.51276	0.8118
0.33792	0.86204
0.7189	0.75483
0.4071	0.63706
0.4802	0.72992
0.55867	0.82338
0.50996	0.82486
0.72108	0.77993
0.60868	0.79926
0.50984	0.72786
0.47266	0.72798
0.38125	0.72873
0.74319	0.75783
0.72579	0.83802
0.47589	0.66443
0.89035	0.91495
0.49863	0.62
0.79004	0.81057
0.34693	0.77337
0.28353	0.74681
0.57854	0.76521
0.57554	0.73656
0.64997	0.76483
0.56083	0.7347
0.38249	0.65225
0.39823	0.72199
0.45808	0.6832
0.38686	0.72334
0.59483	0.77846
0.79226	0.85917
0.57264	0.76532
0.49782	0.70799
0.53447	0.81714
0.38306	0.61871
0.54866	0.71848
0.6025	0.75224
0.86326	0.85512
0.76588	0.85942
0.53609	0.62532
0.73754	0.85685
0.44598	0.77563
0.59001	0.72847
0.62301	0.75655
0.46245	0.81328
0.53613	0.62608
0.52748	0.70967
0.68304	0.77185
0.6666	0.67188
0.64603	0.70072
0.51321	0.72572
0.41416	0.77597
0.62574	0.72624
0.31891	0.68232
0.60322	0.82617
0.67737	0.75198
0.40935	0.66304
0.55644	0.76699
0.75323	0.81987
0.7806	0.78597
0.60256	0.76529
0.44598	0.74741
0.56049	0.74351
0.51567	0.75818
0.5899	0.78954
0.46328	0.73136
0.93985	0.85249
0.57647	0.80181
0.64878	0.73486
0.6282	0.74901
0.51867	0.64477
0.55834	0.80269
0.24715	0.61742
0.42813	0.69408
0.43023	0.66766
0.66936	0.87096
0.75205	0.84744
0.43251	0.69798
0.39471	0.67157
0.35866	0.75377
0.43069	0.84735
0.67511	0.7489
0.45312	0.72118
0.23403	0.65565
0.60505	0.73035
0.40082	0.69734
0.51635	0.85263
0.49368	0.74336
0.8444	0.65462
0.40848	0.78203
0.6419	0.83575
0.17482	0.52088
0.61716	0.74948
0.51087	0.70605
0.64596	0.75585
0.45766	0.69434
0.7263	0.83068
0.58934	0.71553
0.46049	0.69404
0.56472	0.73413
0.76704	0.82458
0.3859	0.65915
0.77943	0.74355
0.77423	0.79497
0.78395	0.83739
0.5543	0.84236
0.65117	0.85239
0.69109	0.79941
0.56463	0.70336
0.64617	0.81038
0.53229	0.77146
0.37537	0.86044
0.47759	0.80958
0.7844	0.84335
0.61249	0.65157
0.72396	0.7587
0.68934	0.87674
0.60055	0.69901
0.74966	0.90104
0.51299	0.89195
0.59423	0.80041
0.3651	0.70042
0.50063	0.79619
0.62983	0.66569
0.5717	0.72398
0.50906	0.74698
0.79365	0.78946
0.6788	0.77765
0.3761	0.62271
0.82073	0.87517
0.67212	0.6916
0.40934	0.67994
0.39073	0.78644
0.4426	0.70078
0.55972	0.78753
0.91745	0.9054
0.58905	0.7591
0.55262	0.71917
0.60523	0.76569
0.68324	0.74569
0.62206	0.78084
0.44719	0.77358
0.43426	0.67359
0.48655	0.76405
0.61924	0.78716
0.43065	0.6541
0.55083	0.7236
0.50438	0.64675
0.82422	0.81588
0.60331	0.83905
0.58226	0.68959
0.4218	0.72789
0.73413	0.79275
0.33085	0.68736
0.57007	0.81324
0.80166	0.88998
0.49103	0.72951
0.61414	0.70501
0.82572	0.83676
0.82602	0.88591
0.50658	0.84161
0.50889	0.80424
0.63702	0.71652
0.38379	0.74565
0.32252	0.72603
0.48437	0.75675
0.42312	0.51002
0.47357	0.68823
0.39713	0.67392
0.48964	0.75949
0.64295	0.80511
0.61592	0.69054
0.60577	0.84777
0.38244	0.68776
0.5374	0.81084
0.46345	0.74608
0.6568	0.70745
0.85756	0.89643
0.68503	0.76701
0.64749	0.84449
0.41924	0.666
0.657	0.84108
0.50557	0.85199
0.96288	0.84716
0.7239	0.75727
0.71607	0.7092
0.45605	0.67954
0.4196	0.7164
0.61123	0.799
0.36507	0.78823
0.31639	0.74552
0.36015	0.80353
0.74366	0.87977
0.54808	0.59762
0.71379	0.77474
0.3972	0.7037
0.47239	0.83242
0.44603	0.71986
0.44284	0.71887
0.70254	0.82688
0.80952	0.85404
0.41982	0.6164
0.65501	0.68456
0.7451	0.85448
0.4734	0.73653
0.51269	0.81964
0.68293	0.72827
0.67619	0.56652
0.78407	0.45437
0.62	0.76131
0.78846	0.8077
0.73067	0.78574
0.48375	0.69999
0.59071	0.61736
0.5119	0.67338
0.64039	0.7477
0.38081	0.70727
0.5288	0.77752
0.82951	0.78205
0.69674	0.74614
0.4565	0.72215
0.72133	0.72579
0.70489	0.86387
0.68822	0.81628
0.3635	0.7009
0.52026	0.64513
0.72637	0.8198
0.4503	0.75681
0.56683	0.54315
0.58145	0.77625
0.42475	0.8063
0.45152	0.58859
0.40831	0.64292
0.63345	0.81464
0.493	0.70725
0.58556	0.72783
0.62801	0.74793
0.61987	0.77803
0.3813	0.75339
0.39309	0.7164
0.75797	0.82775
0.87919	0.78212
0.51858	0.75495
0.44475	0.68551
0.60709	0.75187
0.53045	0.71228
0.43517	0.82742
0.46261	0.65722
0.44351	0.6824
0.4491	0.73286
0.61453	0.77648
0.71201	0.72693
0.44843	0.64728
0.66697	0.84916
0.76366	0.70045
0.37909	0.68219
0.73783	0.81817
0.63696	0.81191
0.4857	0.78406
0.41839	0.67379
0.46624	0.77569
0.47701	0.72293
0.45092	0.65865
0.76209	0.84414
0.40391	0.68769
0.30826	0.57759
0.84097	0.79013
0.48815	0.71545
0.70959	0.84303
0.82771	0.73107
0.4742	0.71591
0.82263	0.91569
0.65523	0.78961
0.46717	0.72476
0.62264	0.68877
0.58813	0.57433
0.68772	0.8667
0.44127	0.65152
0.37697	0.70666
0.60822	0.8367
0.6665	0.74762
0.57016	0.69813
0.57757	0.62827
0.79503	0.85881
0.74224	0.84701
0.47382	0.81384
0.54898	0.714
0.62711	0.78316
0.83092	0.87065
0.38709	0.72543
0.15769	0.63928
0.63788	0.7304
0.5283	0.79313
0.59803	0.84905
0.67621	0.82221
0.43431	0.71228
0.78104	0.8939
0.76796	0.84924
0.35058	0.63222
0.57828	0.74587
0.47153	0.67502
0.56235	0.75556
0.77857	0.88541
0.5313	0.70226
0.46474	0.81373
0.43053	0.67667
0.69382	0.83099
0.69393	0.83378
0.71938	0.87259
0.56037	0.75612
0.62796	0.7604
0.25867	0.66042
0.47899	0.74447
0.36586	0.71295
0.52498	0.72372
0.64587	0.8117
0.75686	0.81028
0.64756	0.74447
0.47534	0.82001
0.50179	0.69624
0.72277	0.81665
0.78245	0.79529
0.53367	0.75659
0.30011	0.66106
0.33279	0.78623
0.44538	0.60045
0.53637	0.67208
0.41277	0.71695
0.76187	0.769
0.40717	0.69584
0.75071	0.81206
0.56479	0.74408
0.44598	0.73541
0.71301	0.70707
0.82713	0.89314
0.63845	0.69509
0.48563	0.68883
0.5244	0.74059
0.36791	0.60499
0.55686	0.76443
0.404	0.62592
0.74842	0.8523
0.39384	0.70023
0.64575	0.72734
0.30955	0.66521
0.5838	0.70987
0.34527	0.59212
0.62402	0.72558
0.62864	0.76733
0.44425	0.70119
0.47062	0.77215
0.28172	0.58717
0.51242	0.62615
0.59401	0.75659
0.78278	0.83212
0.72591	0.78521
0.58557	0.80119
0.58428	0.74247
0.78025	0.81461
0.72678	0.81207
0.40989	0.6982
0.45558	0.71448
0.7434	0.82555
0.73564	0.82469
0.53399	0.78879
0.54167	0.77979
0.46147	0.73539
0.73501	0.78279
0.62935	0.8243
0.68874	0.74917
0.64764	0.71163
0.6143	0.76781
0.5855	0.84988
0.5147	0.71889
0.19452	0.6589
0.58147	0.68711
0.48627	0.76116
0.67541	0.81834
0.83354	0.89603
0.50031	0.64924
0.48109	0.81453
0.44697	0.73799
0.41271	0.6674
0.62441	0.76982
0.34713	0.65155
0.61418	0.85713
0.53873	0.82563
0.70343	0.76606
0.43609	0.69068
0.64632	0.7176
0.45189	0.64713
0.34075	0.81143
0.35653	0.67208
0.61067	0.78052
0.46768	0.63613
0.67787	0.86988
0.5477	0.74516
0.6319	0.74872
0.54692	0.76938
0.36502	0.74514
0.48687	0.80988
0.52198	0.78381
0.79218	0.68315
0.29692	0.67711
0.77716	0.84269
0.48614	0.73473
0.75601	0.84411
0.58786	0.76214
0.45132	0.73653
0.62354	0.7173
0.20589	0.72632
0.47023	0.69682
0.77268	0.732
0.44354	0.66086
0.32373	0.68913
0.66306	0.63425
0.83264	0.79858
0.63074	0.77782
0.6261	0.81112
0.42318	0.82778
0.28535	0.55965
0.75439	0.76044
0.31236	0.66898
0.40385	0.83971
0.50749	0.69523
0.68077	0.81384
0.56318	0.58411
0.63976	0.73802
0.53172	0.73671
0.3906	0.69055
0.60013	0.77473
0.67577	0.83248
0.82022	0.88831
0.51588	0.73908
0.73646	0.84706
0.37591	0.81117
0.74123	0.8345
0.89893	0.6512
0.51431	0.77807
0.53441	0.70374
0.70574	0.76974
0.39139	0.7763
0.70871	0.86213
0.79708	0.78049
0.74272	0.82987
0.59696	0.85012
0.50993	0.75379
0.33509	0.69057
0.43663	0.7388
0.55314	0.67669
0.34599	0.63863
0.5793	0.65093
0.65896	0.77847
0.50521	0.71823
0.40106	0.77264
0.70307	0.75064
0.47135	0.72848
0.55888	0.79754
0.57551	0.7725
0.77579	0.81418
0.46911	0.79509
0.64382	0.73871
0.25089	0.60829
0.6022	0.73624
0.39486	0.81548
0.48691	0.76064
0.57303	0.73548
0.53481	0.84201
0.63147	0.75137
0.43701	0.70002
0.60513	0.73441
0.65425	0.83877
0.40615	0.74414
0.64059	0.75426
0.49601	0.7539
0.54891	0.69646
0.76887	0.7963
0.80186	0.85972
0.61953	0.70272
0.61614	0.71492
0.74226	0.83517
0.41192	0.69435
0.45453	0.83018
0.65774	0.72864
0.5048	0.73484
0.55415	0.79794
0.67246	0.87104
0.53761	0.71814
0.79471	0.83503
0.54442	0.73536
0.47493	0.78461
0.69783	0.90037
0.54138	0.74994
0.51147	0.69261
0.58736	0.79129
0.44662	0.76052
0.6162	0.82553
0.35937	0.70355
0.82253	0.83196
0.39783	0.70179
0.5181	0.73608
0.22872	0.60026
0.45298	0.75624
0.68049	0.87991
0.53612	0.79368
0.66068	0.82946
0.59821	0.75744
0.51801	0.70912
0.81274	0.90019
0.73658	0.84535
0.84944	0.75259
0.40588	0.79447
0.76372	0.84668
0.35386	0.70995
0.40794	0.85926
0.58346	0.68361
0.58327	0.69268
0.5793	0.63824
0.54112	0.69254
0.54267	0.7646
0.50892	0.7248
0.58621	0.70597
0.8255	0.88315
0.89759	0.88145
0.75405	0.82818
0.44106	0.68674
0.77937	0.82311
0.50436	0.79709
0.32684	0.67335
0.75201	0.80054
0.7528	0.73952
0.5529	0.76469
0.43496	0.72812
0.5442	0.59346
0.37572	0.73397
0.48983	0.82073
0.7908	0.81051
0.3618	0.66893
0.49793	0.78182
0.64181	0.84093
0.72237	0.89716
0.64743	0.84562
0.57037	0.80195
0.33854	0.67993
0.4122	0.67811
0.50615	0.73671
0.57944	0.75579
0.67067	0.73087
0.52491	0.74113
0.56874	0.77352
0.47723	0.77856
0.53637	0.60086
0.51328	0.68891
0.50552	0.73411
0.53191	0.72472
0.53801	0.65513
0.47446	0.7479
0.42597	0.70479
0.68448	0.81334
0.50237	0.6785
0.56908	0.86692
0.82328	0.86434
0.25118	0.70955
0.42113	0.65765
0.59346	0.65341
0.54867	0.75379
0.42174	0.78488
0.5603	0.8269
0.38926	0.72538
0.7203	0.82396
0.64958	0.70418
0.57697	0.82593
0.33586	0.71803
0.36861	0.70515
0.63717	0.83329
0.4986	0.7398
0.58655	0.81299
0.82125	0.86848
0.54813	0.6833
0.7493	0.75217
0.53802	0.72527
0.60882	0.72654
0.48247	0.71113
0.43789	0.6911
0.75163	0.84149
0.85204	0.88928
0.68238	0.83712
0.38736	0.74143
0.78112	0.81841
0.81865	0.90566
0.54295	0.79558
0.7148	0.88037
0.75255	0.80978
0.48506	0.72549
0.43671	0.7614
0.51992	0.81932
0.49097	0.71463
0.62687	0.74811
0.64369	0.74409
0.49399	0.78465
0.73827	0.80936
0.55228	0.76059
0.63177	0.71496
0.42932	0.769
0.86184	0.92744
0.75291	0.85735
0.25155	0.72128
0.27048	0.71361
0.44983	0.83499
0.59687	0.72673
0.65353	0.75764
0.47283	0.748
0.81987	0.82581
0.41197	0.71231
0.36207	0.76468
0.62744	0.80452
0.42027	0.68957
0.34263	0.79933
0.63909	0.7836
0.4256	0.73423
0.37144	0.78454
0.65718	0.82319
0.36267	0.69657
0.43667	0.71484
0.42682	0.77738
0.48966	0.74975
0.54074	0.75227
0.46152	0.62304
0.47733	0.6777
0.74672	0.8536
0.48303	0.77298
0.5566	0.70003
0.40871	0.69308
0.66122	0.73252
0.6299	0.83705
0.86965	0.91163
0.49162	0.72767
0.50724	0.73001
0.76195	0.75118
0.75457	0.88836
0.68363	0.82902
0.62494	0.59553
0.65895	0.82588
0.40417	0.78294
0.3022	0.73672
0.57188	0.77036
0.64779	0.8162
0.48818	0.72007
0.60517	0.7141
0.76138	0.82073
0.63594	0.72609
0.39827	0.7904
0.46552	0.80688
0.48123	0.653
0.50696	0.72549
0.81364	0.83505
0.45149	0.75208
0.71265	0.74158
0.77549	0.73214
0.45178	0.67631
0.24141	0.65185
0.67861	0.85038
0.41046	0.88133
0.41302	0.61362
0.36496	0.70197
0.22049	0.64765
0.80775	0.83494
0.58598	0.68081
0.37021	0.72233
0.41231	0.82645
0.38552	0.75024
0.56534	0.8154
0.31808	0.62919
0.52174	0.70114
0.67088	0.82136
0.61182	0.78226
0.54622	0.8009
0.55645	0.72635
0.62453	0.7165
0.55211	0.6424
0.48698	0.75048
0.42506	0.67131
0.72291	0.82868
0.62106	0.72398
0.45753	0.68063
0.37776	0.78324
0.45499	0.69263
0.50876	0.71582
0.78603	0.83491
0.5579	0.73355
0.42187	0.71441
0.56125	0.69935
0.37234	0.78481
0.4742	0.86851
0.77371	0.84743
0.65428	0.82726
0.39399	0.69404
0.729	0.84617
0.52431	0.71488
0.60026	0.72859
0.25911	0.60351
0.53725	0.70329
0.43116	0.69207
0.57435	0.6629
0.35638	0.73388
0.42609	0.65496
0.58592	0.82721
0.55409	0.79197
0.47049	0.60417
0.48986	0.67957
0.46836	0.76888
0.87462	0.88555
0.6555	0.74404
0.62005	0.8693
0.41862	0.78763
0.66985	0.77738
0.50559	0.72094
0.57303	0.60241
0.62013	0.84819
0.55331	0.80563
0.68755	0.78658
0.68484	0.80117
0.60258	0.77366
0.50236	0.73818
0.57246	0.7513
0.5504	0.71966
0.74476	0.79555
0.46966	0.83079
0.55173	0.7735
0.47661	0.70527
0.61106	0.83094
0.73476	0.83959
0.36747	0.66646
0.34195	0.60861
0.46783	0.72542
0.64343	0.75358
0.52054	0.68962
0.51411	0.77522
0.32901	0.75113
0.44697	0.80463
0.47475	0.71254
0.39937	0.73606
0.69124	0.80772
0.57271	0.73491
0.68812	0.80739
0.52898	0.73985
0.62978	0.80104
0.67892	0.87624
0.5685	0.71812
0.55676	0.72654
0.74648	0.84577
0.53109	0.63983
0.78819	0.87645
0.40074	0.72404
0.60342	0.7842
0.60508	0.81549
0.56088	0.7124
0.81378	0.84847
0.40987	0.7869
0.34488	0.66034
0.34098	0.68378
0.546	0.68856
0.4677	0.71852
0.49964	0.76527
0.53824	0.71307
0.79559	0.84418
0.86806	0.73144
0.41434	0.82282
0.59874	0.64573
0.85493	0.82935
0.48819	0.67092
0.4009	0.69261
0.68291	0.71871
0.73611	0.74443
0.5714	0.87827
0.46248	0.71253
0.49862	0.78015
0.52288	0.8264
0.509	0.73523
0.51844	0.8161
0.77607	0.74322
0.57512	0.85071
0.62679	0.84249
0.35901	0.60145
0.71086	0.80529
0.5265	0.76935
0.35741	0.64756
0.40574	0.75348
0.73985	0.85082
0.74038	0.79557
0.47784	0.73452
0.60762	0.82087
0.84187	0.90224
0.50342	0.67476
0.82167	0.91422
0.53374	0.74841
0.30233	0.66707
0.35659	0.78221
0.77631	0.90591
0.58959	0.74845
0.50106	0.73795
0.54207	0.68051
0.63187	0.8031
0.50317	0.74902
0.34857	0.69084
0.78278	0.85741
0.43613	0.76998
0.63211	0.64778
0.3547	0.67806
0.59581	0.85437
0.49458	0.6631
0.4795	0.63645
0.43419	0.69281
0.52039	0.70694
0.60122	0.64393
0.50626	0.62052
0.40895	0.67161
0.52623	0.79082
0.59132	0.71692
0.49183	0.84577
0.72727	0.76495
0.55933	0.72466
0.46661	0.75395
0.62579	0.70561
0.31664	0.69831
0.49803	0.84963
0.52529	0.8147
0.63895	0.74912
0.36328	0.82097
0.40686	0.8533
0.41248	0.74162
0.76728	0.85995
0.66293	0.87541
0.48221	0.79412
0.85334	0.85982
0.87588	0.78186
0.62293	0.71535
0.33579	0.69183
0.55205	0.80503
0.52153	0.64227
0.43527	0.74263
0.49256	0.79064
0.54734	0.74811
0.5345	0.76823
0.50889	0.75051
0.84592	0.88756
0.32289	0.67366
0.56306	0.81722
0.61864	0.76622
0.78633	0.85811
0.41163	0.7048
0.48862	0.77521
0.74853	0.86486
0.673	0.79236
0.73392	0.82743
0.45276	0.70993
0.62169	0.71175
0.2407	0.65909
0.50313	0.67942
0.4757	0.73923
0.81558	0.83708
0.5439	0.70185
0.65978	0.87287
0.57288	0.70753
0.27927	0.4296
0.65179	0.77912
0.54125	0.57933
0.48492	0.7663
0.32979	0.77102
0.45948	0.75483
0.42949	0.70197
0.42535	0.80467
0.58548	0.83696
0.49148	0.75512
0.65337	0.73017
0.32679	0.6692
0.48557	0.77709
0.70206	0.74168
0.62751	0.7296
0.70977	0.85989
0.11935	0.56067
0.56742	0.71838
0.49464	0.70725
0.39774	0.72697
0.57578	0.68852
0.69609	0.69618
0.75864	0.8023
0.58098	0.67533
0.52312	0.79371
0.53205	0.75116
0.50822	0.67457
0.49424	0.7419
0.69715	0.88852
0.56756	0.72792
0.80799	0.8716
0.57483	0.86388
0.72466	0.78523
0.48721	0.73607
0.51792	0.69661
0.3443	0.57971
0.4813	0.72764
0.46938	0.84563
0.63603	0.8085
0.56283	0.80577
0.43245	0.7277
0.49082	0.73232
0.41875	0.63771
0.28278	0.62309
0.72857	0.79629
0.70096	0.78895
0.66797	0.86932
0.42339	0.74712
0.74867	0.74803
0.8016	0.84855
0.72426	0.81702
0.53243	0.77197
0.63938	0.76147
0.53328	0.70568
0.7857	0.71399
0.76839	0.8612
0.49176	0.74766
0.6247	0.69712
0.47558	0.76227
0.58124	0.72903
0.46219	0.63318
0.51219	0.7229
0.61563	0.73627
0.35412	0.61661
0.6266	0.72576
0.71954	0.86654
0.50088	0.73371
0.38504	0.79482
0.40241	0.71953
0.63832	0.79045
0.46026	0.68526
0.43816	0.68106
0.60644	0.81567
0.631	0.79728
0.45753	0.71951
0.53165	0.79094
0.36086	0.73337
0.63158	0.67376
0.50724	0.82756
0.6339	0.79723
0.72056	0.78533
0.5698	0.78041
0.73552	0.83373
0.47063	0.56413
0.2569	0.56583
0.51739	0.68885
0.75643	0.81813
0.47521	0.69207
0.42999	0.74495
0.38102	0.68662
0.61453	0.78597
0.92262	0.82439
0.67749	0.72284
0.66918	0.70141
0.80047	0.80254
0.45867	0.6613
0.44131	0.57322
0.50092	0.81198
0.30304	0.6168
0.49921	0.75764
0.58614	0.70047
0.48537	0.72876
0.43365	0.72107
0.65876	0.83684
0.56966	0.80261
0.52066	0.75201
0.79594	0.81451
0.40196	0.63642
0.48084	0.72342
0.76311	0.82414
0.57371	0.86629
0.59777	0.69273
0.64464	0.79873
0.50182	0.75069
0.74171	0.8026
0.6846	0.75224
0.46341	0.6623
0.92121	0.83591
0.36445	0.63634
0.49251	0.68831
0.72356	0.8082
0.46424	0.74091
0.61978	0.79279
0.48111	0.73632
0.71122	0.7522
0.65328	0.81532
0.28302	0.80288
0.7225	0.83259
0.45278	0.47805
0.601	0.63983
0.35652	0.77851
0.84044	0.89171
0.70342	0.80387
0.54889	0.64285
0.48766	0.70765
0.52419	0.64036
0.43272	0.72235
0.58749	0.69976
0.62577	0.74055
0.3224	0.73977
0.41232	0.71332
0.58092	0.73021
0.45445	0.69101
0.63742	0.82262
0.6538	0.85094
0.66294	0.46924
0.55079	0.87282
0.49493	0.8247
0.64849	0.77818
0.47091	0.79172
0.79352	0.88186
0.64115	0.72031
0.75768	0.81344
0.66735	0.82122
0.62238	0.77621
0.56421	0.68054
0.5311	0.69315
0.37409	0.74932
0.41727	0.64115
0.55216	0.82597
0.36874	0.67705
0.52814	0.82292
0.52947	0.76433
0.67089	0.87306
0.60691	0.82655
0.78577	0.86245
0.56802	0.75458
0.46401	0.68111
0.83946	0.86225
0.55502	0.69095
0.8075	0.87093
0.88744	0.89234
0.41528	0.84468
0.68526	0.81086
0.51272	0.65412
0.59481	0.71119
0.19989	0.69445
0.42855	0.71114
0.38339	0.82186
0.41359	0.74479
0.34949	0.76773
0.67894	0.78087
0.4885	0.79696
0.48545	0.65511
0.70654	0.7031
0.45427	0.76306
0.39371	0.74084
0.78228	0.79665
0.39109	0.71984
0.54433	0.69902
0.72755	0.80714
0.49847	0.61928
0.76905	0.88361
0.42454	0.8012
0.35641	0.64592
0.66926	0.87089
0.66464	0.85495
0.37942	0.66807
0.61539	0.84952
0.64456	0.77141
0.51859	0.75887
0.43719	0.8267
0.76028	0.76491
0.66594	0.73583
0.43127	0.72764
0.57196	0.71993
0.17663	0.67337
0.65155	0.72925
0.53751	0.723
0.6301	0.74005
0.48334	0.74003
0.5109	0.75664
0.53934	0.78462
0.36913	0.72735
0.60825	0.74255
0.70208	0.46251
0.63815	0.83523
0.52161	0.68881
0.67393	0.91861
0.7536	0.81818
0.40153	0.68486
0.48559	0.73412
0.68811	0.75126
0.63048	0.77697
0.7641	0.86092
0.52801	0.73164
0.88352	0.76543
0.36652	0.70961
0.52307	0.75819
0.54997	0.67009
0.54991	0.75997
0.58184	0.7041
0.61044	0.83194
0.55738	0.704
0.91119	0.85911
0.49902	0.71564
0.43667	0.71091
0.58678	0.77449
0.62731	0.76309
0.44126	0.72692
0.49609	0.70193
0.43339	0.67502
0.73582	0.84767
0.49481	0.71105
0.81827	0.81064
0.66506	0.88935
0.51927	0.79093
0.49201	0.8111
0.61704	0.8542
0.34022	0.60752
0.48805	0.7568
0.48921	0.72672
0.39632	0.67334
0.36624	0.66742
0.5786	0.75915
0.52697	0.75152
0.70901	0.81926
0.69291	0.7818
0.81142	0.84377
0.61885	0.7681
0.70371	0.77804
0.55348	0.76569
0.46682	0.65859
0.3996	0.75502
0.76364	0.82094
0.54132	0.74005
0.68088	0.77575
0.59871	0.71206
0.61896	0.7287
0.50126	0.71905
0.45719	0.56047
0.66886	0.7413
0.5125	0.69969
0.51128	0.82102
0.66877	0.78417
0.61666	0.83043
0.69437	0.77366
0.48026	0.68639
0.46837	0.64243
0.60975	0.81505
0.57984	0.74417
0.74393	0.76322
0.4625	0.77295
0.61239	0.84355
0.75094	0.80976
0.66606	0.74108
0.40875	0.73247
0.68385	0.79235
0.55099	0.74539
0.40605	0.64204
0.49781	0.73035
0.42038	0.5026
0.64541	0.80427
0.70332	0.88756
0.46957	0.78808
0.37746	0.78018
0.48356	0.74525
0.33869	0.61352
0.62914	0.75606
0.85935	0.88319
0.43202	0.63825
0.64302	0.7243
0.72213	0.80957
0.76148	0.91364
0.73095	0.78711
0.33794	0.68801
0.26832	0.70232
0.53538	0.5815
0.78911	0.86323
0.8484	0.84825
0.50033	0.84916
0.47133	0.70118
0.61638	0.72471
0.39756	0.75644
0.74528	0.79457
0.584	0.82151
0.78747	0.7258
0.42133	0.72586
0.42563	0.72966
0.66972	0.76675
0.77273	0.685
0.21844	0.62713
0.76947	0.6511
0.57803	0.8359
0.82536	0.88719
0.65119	0.63844
0.62285	0.74899
0.45018	0.74895
0.36186	0.65568
0.46935	0.79145
0.44566	0.69603
0.43572	0.77202
0.51889	0.75313
0.65371	0.78388
0.7767	0.91238
0.66563	0.76174
0.48724	0.6337
0.52505	0.78032
0.68446	0.79435
0.76371	0.82368
0.61689	0.7371
0.27426	0.72925
0.52313	0.7854
0.55714	0.8269
0.40598	0.66235
0.6246	0.72982
0.66056	0.80217
0.58756	0.72205
0.74468	0.8052
0.49237	0.72953
0.12971	0.56459
0.5313	0.76527
0.48252	0.71321
0.43591	0.75635
0.5466	0.68915
0.74177	0.79841
0.63535	0.80508
0.41581	0.76795
0.53547	0.71307
0.67189	0.82861
0.54335	0.73837
0.35078	0.72816
0.7799	0.86659
0.56767	0.71805
0.56972	0.7966
0.41635	0.68042
0.68419	0.79435
0.41077	0.73823
0.77814	0.88085
0.55553	0.73613
0.77654	0.90299
0.38563	0.85923
0.92806	0.80491
0.61439	0.70869
0.54042	0.72712
0.40843	0.64902
0.55157	0.76478
0.43149	0.68471
0.58671	0.76231
0.87985	0.92597
0.63664	0.69778
0.46537	0.69957
0.55725	0.66544
0.67908	0.8564
0.5693	0.83073
0.76529	0.81086
0.5397	0.80616
0.72475	0.73658
0.63098	0.73371
0.46128	0.89036
0.64257	0.78124
0.63573	0.81436
0.47699	0.7097
0.60966	0.788
0.55966	0.59878
0.42153	0.56715
0.52757	0.72946
0.56726	0.78113
0.31888	0.70669
0.62832	0.7784
0.39814	0.71306
0.7302	0.80352
0.84663	0.90691
0.80405	0.85513
0.42951	0.76175
0.65419	0.67492
0.65819	0.77558
0.63508	0.71095
0.38403	0.8428
0.36884	0.69539
0.53465	0.85816
0.54451	0.73089
0.58897	0.72136
0.8213	0.91038
0.61306	0.70905
0.61946	0.83682
0.57288	0.6796
0.37206	0.80635
0.7528	0.8302
0.37132	0.63539
0.56834	0.82648
0.84164	0.78892
0.37579	0.81717
0.52555	0.76302
0.67798	0.85292
0.71666	0.79231
0.6691	0.87045
0.47858	0.53056
0.4845	0.66879
0.52962	0.7547
0.62371	0.877
0.7539	0.81611
0.42511	0.6614
0.61622	0.72407
0.43323	0.66496
0.4995	0.84074
0.65489	0.80761
0.40197	0.69598
0.47701	0.74498
0.63185	0.68414
0.91764	0.85481
0.91468	0.84437
0.55116	0.65032
0.40038	0.72785
0.38936	0.74205
0.46601	0.74727
0.41843	0.65595
0.86206	0.87041
0.65117	0.85166
0.48982	0.64356
0.64425	0.69189
0.52048	0.73307
0.48976	0.66567
0.56483	0.88306
0.49158	0.73319
0.3952	0.6796
0.45301	0.72935
0.41013	0.6741
0.69256	0.82257
0.53382	0.72148
0.79268	0.86868
0.43504	0.74067
0.75126	0.83487
0.48838	0.7794
0.44269	0.67106
0.57397	0.70733
0.37395	0.61014
0.25916	0.46772
0.53104	0.72563
0.50217	0.65286
0.68785	0.79978
0.69796	0.85149
0.43979	0.62106
0.56965	0.72772
0.74423	0.79335
0.54102	0.68901
0.47766	0.76677
0.55298	0.73923
0.57765	0.82917
0.69049	0.84269
0.44786	0.74452
0.82488	0.78679
0.65372	0.77387
0.48379	0.85106
0.36551	0.70116
0.4314	0.63558
0.44428	0.73877
0.58364	0.8459
0.74122	0.81694
0.50005	0.75789
0.91405	0.862
0.7729	0.60398
0.49977	0.66468
0.52129	0.73165
0.79228	0.91216
0.66777	0.73405
0.72351	0.86933
0.46425	0.74445
0.37806	0.59419
0.72812	0.83904
0.47643	0.7381
0.40078	0.69732
0.72045	0.72718
0.57221	0.77445
0.41091	0.72744
0.55635	0.63383
0.32705	0.6314
0.51409	0.72755
0.30239	0.54891
0.52945	0.72123
0.62719	0.78688
0.7475	0.80944
0.48785	0.7566
0.57223	0.7227
0.66253	0.74673
0.34305	0.67388
0.35343	0.83128
0.50626	0.78948
0.43024	0.6684
0.60213	0.76798
0.62031	0.68513
0.63329	0.75979
0.48447	0.76074
0.66002	0.83066
0.30256	0.66345
0.64664	0.76626
0.63837	0.75348
0.32513	0.66169
0.47423	0.74904
0.46121	0.83196
0.52194	0.61413
0.46813	0.80705
0.40821	0.82779
0.31821	0.76411
0.88643	0.7438
0.62641	0.70914
0.51485	0.70057
0.50394	0.70935
0.73207	0.74687
0.63514	0.82077
0.61655	0.7247
0.47251	0.72466
0.49959	0.72803
0.65315	0.79089
0.51851	0.84332
0.28754	0.68076
0.50804	0.63351
0.48998	0.79413
0.51756	0.67642
0.51745	0.65719
0.78171	0.83641
0.55531	0.72635
0.50227	0.62063
0.41926	0.57208
0.65502	0.74251
0.52958	0.69102
0.63634	0.85448
0.75916	0.85758
0.59241	0.68293
0.26042	0.61032
0.58006	0.77685
0.85131	0.89783
0.53637	0.77616
0.6839	0.75995
0.56989	0.73666
0.40982	0.70408
0.32931	0.68352
0.48625	0.75887
0.75891	0.79129
0.63328	0.81736
0.4134	0.72373
0.31737	0.65875
0.2756	0.76452
0.44626	0.78465
0.47865	0.67868
0.48523	0.6902
0.46535	0.74879
0.49575	0.78819
0.5589	0.73426
0.68047	0.74254
0.53391	0.76124
0.39607	0.61006
0.45379	0.72941
0.34768	0.7689
0.35726	0.71153
0.48587	0.66847
0.64011	0.80915
0.53102	0.72584
0.73417	0.82219
0.50911	0.71601
0.43112	0.84934
0.74549	0.8508
0.82908	0.84217
0.67415	0.87651
0.36852	0.66163
0.87608	0.67939
0.57752	0.79955
0.74753	0.755
0.81163	0.80823
0.43366	0.70512
0.55995	0.70645
0.48326	0.77825
0.61912	0.82119
0.46017	0.82301
0.55133	0.82955
0.51165	0.73386
0.76127	0.69893
0.48584	0.75818
0.54126	0.69647
0.47972	0.67719
0.8196	0.84432
0.57912	0.69901
0.48657	0.74633
0.48058	0.70497
0.56081	0.85357
0.5051	0.81128
0.48801	0.76151
0.58732	0.63403
0.62002	0.79622
0.48571	0.78741
0.59401	0.78245
0.7539	0.88827
0.66557	0.8159
0.4799	0.708
0.27972	0.72922
0.4271	0.729
0.6118	0.85691
0.58513	0.75829
0.68735	0.77021
0.85002	0.58106
0.60332	0.69386
0.8196	0.90308
0.61374	0.87
0.63843	0.78609
0.66126	0.76791
0.45056	0.71794
0.47663	0.80345
0.45052	0.69937
0.1201	0.78822
0.55248	0.74702
0.52008	0.66255
0.69325	0.81648
0.85368	0.86245
0.58051	0.65926
0.58066	0.83923
0.54227	0.74277
0.64346	0.76926
0.52567	0.76947
0.74653	0.78793
0.34824	0.75469
0.37253	0.76463
0.41929	0.77004
0.44847	0.73842
0.60048	0.85672
0.42795	0.72986
0.54388	0.79146
0.48969	0.80817
0.66102	0.85966
0.65993	0.7561
0.57872	0.75359
0.61539	0.70925
0.52137	0.84758
0.31735	0.69201
0.51478	0.81429
0.51392	0.83308
0.71496	0.74063
0.69334	0.80372
0.47126	0.821
0.54173	0.71883
0.49955	0.70294
0.52408	0.72156
0.58669	0.75802
0.57587	0.76303
0.58305	0.67193
0.17168	0.57588
0.60224	0.77623
0.55373	0.72071
0.35086	0.70709
0.64913	0.73115
0.70849	0.78456
0.5932	0.784
0.72616	0.83006
0.34497	0.67162
0.63469	0.81373
0.53053	0.63197
0.34846	0.77854
0.50044	0.78067
0.53574	0.7221
0.4203	0.67198
0.54508	0.78327
0.68934	0.874
0.7153	0.80141
0.35123	0.72363
0.37126	0.85941
0.71696	0.76191
0.55396	0.72903
0.72804	0.76739
0.60654	0.73799
0.45921	0.74961
0.80151	0.81786
0.47244	0.75104
0.36057	0.69909
0.63533	0.76594
0.44841	0.71192
0.54438	0.7628
0.3913	0.71408
0.48889	0.75252
0.78571	0.85151
0.51285	0.67665
0.39162	0.68027
0.41067	0.64556
0.4734	0.78891
0.439	0.76882
0.38101	0.6803
0.34374	0.6608
0.3682	0.72034
0.47523	0.72992
0.83754	0.86461
0.37698	0.64177
0.54286	0.74091
0.7426	0.68553
0.6227	0.69282
0.58436	0.78998
0.58104	0.75624
0.32046	0.68527
0.45457	0.70608
0.7234	0.79907
0.68738	0.80076
0.48086	0.78559
0.44309	0.75779
0.37639	0.6855
0.69906	0.74517
0.50678	0.81228
0.69049	0.70762
0.4508	0.65681
0.75616	0.79666
0.71137	0.74973
0.56914	0.6182
0.6493	0.82096
0.75969	0.85024
0.56641	0.76431
0.49413	0.76109
0.6967	0.7478
0.75301	0.76232
0.48567	0.71939
0.63328	0.68071
0.67916	0.87866
0.8286	0.78772
0.83653	0.92684
0.70826	0.8852
0.67469	0.77706
0.65503	0.65794
0.74194	0.79093
0.51266	0.80301
0.6483	0.72599
0.55867	0.79074
0.52249	0.80522
0.38662	0.68512
0.6935	0.59672
0.86998	0.8443
0.7874	0.81381
0.55542	0.71085
0.58597	0.80067
0.35414	0.66868
0.45209	0.70366
0.3933	0.57573
0.49088	0.66549
0.48448	0.71684
0.54347	0.68644
0.47696	0.80431
0.47177	0.74908
0.56377	0.77958
0.51484	0.71689
0.38156	0.80227
0.48209	0.67462
0.51164	0.42826
0.40241	0.6107
0.51879	0.84911
0.71742	0.89525
0.73851	0.7836
0.81257	0.84767
0.40672	0.72611
0.81225	0.91858
0.43298	0.7994
0.69594	0.86268
0.51741	0.65572
0.58654	0.74209
0.8162	0.69357
0.52216	0.77911
0.80222	0.74993
0.62211	0.74632
0.62373	0.73886
0.63059	0.74746
0.6575	0.81394
0.5245	0.70656
0.5373	0.71004
0.43364	0.68696
0.48785	0.72825
0.49299	0.73136
0.65484	0.8182
0.60454	0.63726
0.58811	0.69998
0.38489	0.75472
0.88194	0.62101
0.69557	0.87075
0.49295	0.75643
0.56604	0.75698
0.36001	0.70546
0.31957	0.65178
0.75289	0.7846
0.39289	0.7371
0.58114	0.79968
0.30624	0.73255
0.4737	0.87523
0.75479	0.81068
0.3517	0.60127
0.62866	0.72533
0.36826	0.61864
0.54963	0.78811
0.46584	0.69571
0.57783	0.77283
0.75984	0.82492
0.51724	0.75579
0.44186	0.44022
0.50931	0.8478
0.62465	0.76024
0.55757	0.73169
0.40998	0.8126
0.53585	0.85943
0.72463	0.77816
0.63248	0.82007
0.76749	0.76289
0.65928	0.80437
0.44741	0.69924
0.81265	0.86537
0.50649	0.58195
0.63715	0.73099
0.66137	0.86182
0.81196	0.77933
0.54302	0.73519
0.38699	0.64092
0.78466	0.83006
0.51197	0.5847
0.38483	0.70355
0.63621	0.78617
0.4506	0.71211
0.51045	0.70482
0.3638	0.69266
0.45682	0.7677
0.78201	0.90817
0.71467	0.78729
0.68204	0.7901
0.52087	0.82345
0.44612	0.84156
0.81748	0.93015
0.69288	0.74699
0.3394	0.5708
0.5033	0.86146
0.88784	0.8826
0.44781	0.78796
0.50354	0.83486
0.58446	0.77036
0.74969	0.68153
0.85532	0.87489
0.5976	0.8851
0.45723	0.72828
0.53365	0.85398
0.36592	0.63415
0.7522	0.84931
0.7889	0.88109
0.88719	0.91925
0.5703	0.74185
0.74677	0.77769
0.45762	0.51348
0.63499	0.73556
0.46514	0.70614
0.42475	0.70879
0.45289	0.80275
0.6049	0.75592
0.3506	0.70171
0.76819	0.8133
0.57121	0.74615
0.53084	0.70214
0.61511	0.88211
0.461	0.83187
0.37159	0.69108
0.54267	0.66568
0.60722	0.86159
0.40429	0.72682
0.38482	0.62209
0.36337	0.68272
0.76685	0.83001
0.7868	0.77067
0.29983	0.62852
0.66679	0.72808
0.64333	0.82464
0.54848	0.65435
0.46109	0.77997
0.39108	0.71309
0.57092	0.80763
0.28903	0.67756
0.46258	0.83913
0.3193	0.50725
0.4433	0.81729
0.46135	0.75784
0.47963	0.62424
0.52682	0.64724
0.39013	0.69995
0.64979	0.79042
0.40673	0.81719
0.56218	0.71513
0.58583	0.84348
0.49529	0.7511
0.54227	0.84167
0.64658	0.78282
0.56059	0.75228
0.41789	0.72792
0.4608	0.68513
0.53409	0.78151
0.52822	0.76218
0.75901	0.85531
0.31083	0.72391
0.70669	0.77066
0.66405	0.82384
0.44701	0.72122
0.41681	0.57438
0.47511	0.86188
0.60553	0.74297
0.43612	0.75316
0.50359	0.7644
0.47205	0.70862
0.52819	0.74488
0.56597	0.85409
0.52239	0.80275
0.44021	0.58203
0.65946	0.76572
0.69183	0.79425
0.37327	0.65037
0.33901	0.69037
0.51085	0.69653
0.70682	0.80474
0.79837	0.82773
0.43737	0.62653
0.56015	0.81607
0.67696	0.7032
0.39662	0.75778
0.69986	0.84677
0.54024	0.69637
0.8123	0.88498
0.41424	0.69328
0.57342	0.72326
0.55846	0.78565
0.75511	0.85615
0.30278	0.7187
0.41577	0.8084
0.42078	0.66944
0.68292	0.79873
0.71859	0.86488
0.65221	0.80903
0.47273	0.68529
0.55812	0.65839
0.4457	0.70746
0.41733	0.82647
0.61691	0.82005
0.53113	0.75435
0.6599	0.82016
0.48051	0.77824
0.6507	0.85297
0.78076	0.79882
0.71029	0.89937
0.64373	0.87746
0.40558	0.69124
0.75506	0.77277
0.60354	0.64148
0.34025	0.7549
0.46141	0.82592
0.73795	0.89579
0.56075	0.77383
0.53992	0.704
0.7435	0.84126
0.4786	0.70679
0.45325	0.73148
0.51599	0.73199
0.37705	0.7997
0.40722	0.68653
0.77047	0.85805
0.70464	0.84981
0.3707	0.54879
0.86544	0.70659
0.46075	0.64544
0.43812	0.85102
0.84466	0.87163
0.3559	0.59692
0.61172	0.69169
0.69541	0.78177
0.40259	0.82806
0.5554	0.74407
0.564	0.82427
0.43278	0.67437
0.66531	0.72578
0.40519	0.68122
0.75742	0.81543
0.3959	0.71448
0.36339	0.79292
0.63139	0.73717
0.42984	0.74811
0.63618	0.79068
0.4952	0.50901
0.20615	0.69379
0.46876	0.76458
0.48216	0.65178
0.86837	0.81574
0.54395	0.72451
0.56969	0.7149
0.26458	0.68358
0.53967	0.74503
0.58286	0.70633
0.40731	0.74762
0.64698	0.71832
0.53452	0.83855
0.57266	0.71558
0.78518	0.82477
0.48379	0.69582
0.64164	0.7967
0.78848	0.90257
0.60142	0.73079
0.52141	0.72681
0.64608	0.82189
0.47206	0.66795
0.57882	0.78304
0.68776	0.81709
0.64738	0.79649
0.69022	0.70932
0.83266	0.90099
0.56003	0.75653
0.7293	0.86732
0.52318	0.76126
0.70743	0.84135
0.46482	0.84664
0.72473	0.82658
0.51037	0.81659
0.47784	0.62925
0.54006	0.70561
0.81646	0.85715
0.42732	0.73314
0.38346	0.77855
0.48401	0.69035
0.3951	0.7235
0.2909	0.6287
0.436	0.71261
0.64741	0.73054
0.52202	0.64895
0.42469	0.62628
0.43202	0.77998
0.4407	0.82399
0.3949	0.74323
0.82715	0.77783
0.45163	0.67967
0.66274	0.7566
0.448	0.83528
0.51144	0.87366
0.39023	0.74881
0.43605	0.65743
0.52343	0.64213
0.5066	0.83057
0.77546	0.81179
0.50634	0.72911
0.75517	0.81474
0.53098	0.76807
0.42198	0.74027
0.40358	0.67005
0.52257	0.61749
0.45541	0.70885
0.27651	0.73253
0.71855	0.7313
0.86467	0.84234
0.52131	0.6815
0.58812	0.84115
0.619	0.77283
0.68999	0.79858
0.37003	0.85498
0.79516	0.67933
0.82511	0.85698
0.91147	0.75934
0.48895	0.67045
0.39755	0.69083
0.45635	0.7352
0.33453	0.58671
0.59713	0.52775
0.56866	0.51785
0.44365	0.77276
0.36818	0.70664
0.56339	0.7263
0.55598	0.81103
0.49269	0.86694
0.50562	0.76477
0.39729	0.73655
0.73129	0.71753
0.48761	0.74638
0.38529	0.68999
0.77606	0.81492
0.79267	0.83569
0.58144	0.86886
0.43393	0.78084
0.5491	0.77839
0.55424	0.66961
0.61677	0.88005
0.81919	0.75553
0.50628	0.79594
0.49328	0.67232
0.2897	0.70138
0.4319	0.65317
0.78748	0.83137
0.50618	0.74646
0.32605	0.49101
0.3658	0.72125
0.60313	0.75425
0.40534	0.66417
0.44585	0.70951
0.39927	0.79685
0.82557	0.88177
0.51095	0.64871
0.65899	0.84473
0.72843	0.82586
0.52552	0.71073
0.59002	0.78578
0.59495	0.79591
0.39896	0.71091
0.59289	0.75526
0.43549	0.64071
0.62403	0.7972
0.48435	0.73329
0.52818	0.7494
0.75148	0.83749
0.65288	0.47358
0.64095	0.83389
0.54811	0.66808
0.62125	0.82999
0.64853	0.75106
0.36468	0.77129
0.81097	0.83555
0.70236	0.69878
0.4255	0.63879
0.47091	0.69358
0.5393	0.76153
0.71297	0.82327
0.51814	0.77882
0.76658	0.79031
0.35293	0.71766
0.739	0.72629
0.63163	0.87478
0.48377	0.6279
0.44473	0.69229
0.79195	0.83518
0.52742	0.74594
0.52204	0.74001
0.71647	0.81737
0.76532	0.77313
0.66389	0.81683
0.52042	0.70537
0.61841	0.81035
0.50611	0.78616
0.718	0.86177
0.68525	0.87794
0.54081	0.78153
0.41975	0.70542
0.36105	0.73493
0.56641	0.77987
0.54867	0.72951
0.80768	0.82648
0.73507	0.781
0.61621	0.77839
0.73582	0.81037
0.42515	0.7037
0.77087	0.81667
0.48859	0.70478
0.57156	0.71444
0.51699	0.76918
0.58203	0.72672
0.39026	0.61727
0.61356	0.83622
0.50043	0.71635
0.53074	0.66553
0.52611	0.66362
0.59879	0.81697
0.53105	0.78399
0.64315	0.63979
0.45565	0.70708
0.69468	0.72092
0.7354	0.79774
0.84645	0.72147
0.45044	0.5803
0.44962	0.8453
0.49157	0.84372
0.54063	0.77005
0.49252	0.73182
0.74379	0.82311
0.55256	0.6497
0.50809	0.84119
0.57365	0.65997
0.49617	0.72571
0.42528	0.75275
0.4416	0.75696
0.3725	0.82828
0.50999	0.76832
0.80014	0.9214
0.55086	0.74309
0.52628	0.65732
0.3661	0.85197
0.66153	0.78125
0.43505	0.76844
0.46342	0.69579
0.57288	0.65886
0.36902	0.69058
0.4312	0.78952
0.76134	0.7651
0.78696	0.76969
0.57734	0.72343
0.51712	0.80729
0.43027	0.68786
0.5687	0.63519
0.52009	0.87947
0.44993	0.72846
0.46707	0.69151
0.51291	0.75837
0.38448	0.48208
0.49088	0.76617
0.53457	0.60775
0.75764	0.77361
0.54883	0.74033
0.28607	0.62873
0.72908	0.75886
0.59477	0.76871
0.80763	0.83993
0.368	0.68718
0.50421	0.78472
0.56113	0.84344
0.45226	0.65808
0.44873	0.71475
0.43553	0.83709
0.62738	0.80225
0.61568	0.75135
0.44441	0.62358
0.64244	0.70493
0.55297	0.7802
0.57432	0.74543
0.56471	0.76803
0.58467	0.63943
0.65208	0.81287
0.22009	0.62341
0.708	0.83506
0.91528	0.89363
0.40424	0.85544
0.52526	0.76838
0.37335	0.68319
0.4393	0.8377
0.65917	0.85109
0.65225	0.84072
0.78491	0.84316
0.54004	0.70351
0.80511	0.88403
0.37914	0.8805
0.23236	0.75485
0.6561	0.85929
0.52367	0.64823
0.52423	0.85207
0.47557	0.78128
0.38023	0.6129
0.20126	0.62865
0.4126	0.72629
0.74062	0.82498
0.64684	0.79339
0.79634	0.82638
0.71566	0.81866
0.80093	0.78188
0.53348	0.76245
0.27961	0.60169
0.3431	0.85367
0.81057	0.75686
0.50596	0.71671
0.28139	0.57102
0.50785	0.7281
0.50293	0.6378
0.56581	0.71824
0.52511	0.79309
0.46061	0.67889
0.75627	0.8161
0.6852	0.78095
0.50685	0.69958
0.44823	0.64773
0.46044	0.70061
0.64327	0.74699
0.51023	0.76091
0.79867	0.83078
0.60513	0.83467
0.70973	0.87888
0.56904	0.75965
0.47665	0.58618
0.60781	0.79435
0.8168	0.85637
0.42496	0.68672
0.33569	0.7263
0.55728	0.78126
0.67623	0.87386
0.37184	0.76198
0.67384	0.78739
0.62944	0.65531
0.42283	0.72684
0.68139	0.75138
0.69223	0.77242
0.50604	0.80353
0.36159	0.73615
0.78544	0.86142
0.66075	0.80825
0.31771	0.60694
0.6723	0.7875
0.74603	0.71987
0.7595	0.80836
0.49448	0.69058
0.57698	0.73619
0.65882	0.83999
0.68591	0.76192
0.87032	0.88129
0.60401	0.82875
0.59804	0.83291
0.69082	0.88701
0.40277	0.73493
0.44802	0.7012
0.23855	0.67458
0.62909	0.82199
0.34488	0.72038
0.78688	0.87168
0.36841	0.68199
0.81429	0.8982
0.43466	0.7044
0.3685	0.77339
0.60504	0.79649
0.61474	0.73427
0.75246	0.8615
0.62329	0.72599
0.58214	0.76473
0.61088	0.8464
0.57152	0.78664
0.83968	0.88837
0.38751	0.75828
0.81602	0.84532
0.35052	0.55932
0.31217	0.81579
0.75463	0.71616
0.52164	0.7354
0.4391	0.78032
0.56341	0.7251
0.47175	0.78549
0.78049	0.85187
0.56706	0.76752
0.62296	0.69525
0.66949	0.87617
0.52299	0.69147
0.55551	0.72717
0.43152	0.74652
0.52347	0.61555
0.53488	0.7325
0.48424	0.72022
0.48592	0.71564
0.49709	0.69004
0.7135	0.8859
0.45841	0.77722
0.62093	0.82764
0.42228	0.74036
0.63946	0.68232
0.63022	0.77372
0.81964	0.87549
0.82161	0.77893
0.34692	0.65884
0.27993	0.57008
0.46407	0.52488
0.81855	0.89787
0.47123	0.84442
0.54377	0.73656
0.63272	0.7489
0.64825	0.80448
0.41042	0.72596
0.78712	0.85116
0.48312	0.87397
0.63699	0.83757
0.19368	0.72678
0.35672	0.7416
0.55181	0.74032
0.46355	0.73182
0.46682	0.75315
0.42984	0.70155
0.79201	0.88956
0.7611	0.74716
0.83926	0.92523
0.67503	0.8756
0.79272	0.88956
0.61732	0.73302
0.75157	0.80896
0.43451	0.6968
0.55454	0.70938
0.52178	0.72298
0.56177	0.63836
0.69029	0.79125
0.55113	0.76818
0.42199	0.72496
0.36052	0.74826
0.80699	0.90249
0.68042	0.77233
0.36928	0.7294
0.46513	0.68012
0.65881	0.77321
0.62726	0.74215
0.48551	0.75943
0.51139	0.70723
0.83605	0.88355
0.7398	0.85911
0.34638	0.69787
0.88712	0.69623
0.43191	0.68876
0.52993	0.81702
0.55723	0.73582
0.5544	0.73798
0.792	0.87411
0.43021	0.65805
0.56444	0.81535
0.3568	0.65985
0.62135	0.79648
0.70423	0.77933
0.48013	0.64124
0.40621	0.83739
0.42899	0.72914
0.57426	0.75663
0.5826	0.72228
0.57384	0.8174
0.77693	0.79882
0.64554	0.87044
0.80979	0.62547
0.88059	0.81026
0.47149	0.7908
0.38539	0.71154
0.55257	0.72954
0.39348	0.58929
0.80375	0.87027
0.45225	0.67989
0.53858	0.76784
0.45938	0.58915
0.60915	0.72513
0.44464	0.71455
0.63711	0.68293
0.69045	0.77117
0.56377	0.75561
0.76957	0.91822
0.86176	0.75981
0.60661	0.80127
0.5274	0.72428
0.72953	0.8137
0.61424	0.75006
0.52643	0.80689
0.36384	0.69222
0.80403	0.81137
0.39907	0.76862
0.76405	0.82367
0.52139	0.84101
0.32039	0.5262
0.42338	0.83744
0.39954	0.59608
0.78064	0.75721
0.43128	0.78371
0.67472	0.7853
0.87452	0.80657
0.40554	0.65546
0.40952	0.69551
0.71398	0.57261
0.49074	0.72973
0.58274	0.60066
0.56713	0.73058
0.7136	0.79737
0.57953	0.79797
0.55307	0.64888
0.47175	0.71088
0.5642	0.67695
0.38292	0.69624
0.42459	0.69508
0.60013	0.74756
0.60989	0.69123
0.35571	0.6964
0.44349	0.60518
0.38689	0.78487
0.40305	0.78096
0.68439	0.84252
0.50113	0.67642
0.55224	0.7373
0.50583	0.81224
0.32641	0.46605
0.44103	0.66476
0.85562	0.82264
0.67758	0.87111
0.49495	0.85331
0.36792	0.73136
0.45654	0.7174
0.65605	0.79455
0.74332	0.80671
0.61707	0.68539
0.42365	0.72281
0.45145	0.63144
0.68683	0.71801
0.61926	0.87577
0.76079	0.81468
0.49414	0.66612
0.51192	0.82061
0.50132	0.66741
0.65925	0.80934
0.56746	0.74043
0.53601	0.80004
0.43792	0.73191
0.70629	0.86308
0.41324	0.67936
0.42505	0.72625
0.29364	0.64203
0.5142	0.70773
0.28772	0.78843
0.60977	0.8874
0.42679	0.73638
0.32949	0.67288
0.51043	0.64079
0.45083	0.76354
0.43325	0.69275
0.41795	0.687
0.62701	0.74206
0.76345	0.8397
0.45701	0.74986
0.41509	0.6666
0.54568	0.70982
0.58958	0.73496
0.57103	0.67319
0.51096	0.72581
0.65604	0.75487
0.60032	0.87181
0.54488	0.63688
0.47371	0.85353
0.4638	0.66886
0.75846	0.81342
0.54674	0.74556
0.82057	0.72506
0.66179	0.71598
0.4313	0.7405
0.38881	0.75041
0.76147	0.73806
0.31804	0.62184
0.73895	0.81077
0.78396	0.86498
0.47992	0.66525
0.73698	0.80039
0.53546	0.72693
0.41367	0.67733
0.50228	0.75098
0.84435	0.8499
0.37204	0.76894
0.53128	0.73645
0.623	0.66048
0.4604	0.75499
0.53463	0.71084
0.50552	0.71918
0.49171	0.78605
0.42352	0.74616
0.46879	0.84019
0.77897	0.83092
0.62345	0.78569
0.57393	0.82141
0.53716	0.75497
0.57717	0.64589
0.59077	0.7893
0.62345	0.82956
0.48488	0.64096
0.7264	0.82363
0.46621	0.76999
0.77299	0.81677
0.44231	0.606
0.57977	0.75432
0.49536	0.73008
0.68679	0.74379
0.39763	0.67053
0.7357	0.84748
0.36595	0.67926
0.43276	0.77379
0.53222	0.7355
0.50396	0.69992
0.77224	0.89869
0.74911	0.79729
0.64392	0.73521
0.76888	0.85521
0.70273	0.65357
0.50409	0.71512
0.51169	0.79632
0.40449	0.74638
0.6021	0.65592
0.42385	0.68917
0.43365	0.59392
0.55718	0.75316
0.38806	0.69139
0.53721	0.73052
0.5373	0.69015
0.58701	0.75757
0.54246	0.73697
0.36481	0.72684
0.81134	0.79885
0.66307	0.75197
0.62941	0.71369
0.58309	0.69691
0.6218	0.77589
0.43768	0.7222
0.69008	0.85251
0.68436	0.79881
0.75999	0.88264
0.47583	0.75258
0.54711	0.64969
0.48348	0.71433
0.6202	0.64381
0.60923	0.80051
0.50185	0.69101
0.44144	0.69294
0.42311	0.74423
0.63273	0.72819
0.42123	0.70277
0.4475	0.75655
0.8264	0.83498
0.59129	0.82158
0.79492	0.78127
0.40672	0.69669
0.71651	0.7588
0.38503	0.74224
0.68211	0.7917
0.58772	0.81546
0.51835	0.82263
0.66345	0.74878
0.36281	0.72243
0.7748	0.85223
0.4357	0.82236
0.47992	0.77198
0.35948	0.66567
0.41015	0.67679
0.39714	0.78852
0.46919	0.79112
0.60926	0.75914
0.73994	0.84261
0.54603	0.56049
0.7538	0.86124
0.51042	0.82556
0.3872	0.66048
0.63355	0.84126
0.68324	0.7787
0.38111	0.75036
0.52963	0.78805
0.44786	0.72811
0.59082	0.83771
0.56287	0.74497
0.64923	0.68834
0.62324	0.76047
0.59182	0.71527
0.74944	0.81172
0.57051	0.768
0.14749	0.71274
0.68841	0.74294
0.91254	0.93831
0.52125	0.81308
0.9217	0.87079
0.56289	0.76133
0.48704	0.66368
0.75439	0.87953
0.4483	0.6952
0.45098	0.7543
0.3624	0.60577
0.73993	0.79861
0.57006	0.80746
0.75986	0.86262
0.74929	0.80985
0.68084	0.75619
0.36203	0.66491
0.42798	0.64983
0.48717	0.68853
0.46769	0.63683
0.76233	0.78912
0.88822	0.68913
0.51349	0.57592
0.58638	0.70087
0.67885	0.81681
0.44169	0.77915
0.56216	0.78716
0.80237	0.87621
0.74147	0.80984
0.28151	0.70381
0.55991	0.69359
0.63461	0.75764
0.59406	0.76915
0.57769	0.82399
0.90924	0.84538
0.52646	0.80148
0.58082	0.84897
0.35099	0.7077
0.65805	0.81028
0.56875	0.76684
0.67503	0.76827
0.51522	0.75504
0.5351	0.81666
0.60504	0.56429
0.51567	0.76086
0.64747	0.78578
0.6618	0.72491
0.59485	0.81212
0.59694	0.84679
0.57311	0.70042
0.54617	0.77271
0.59571	0.80382
0.54524	0.7425
0.3861	0.71889
0.39062	0.77776
0.35414	0.69482
0.4325	0.66727
0.5025	0.69885
0.47651	0.67782
0.59472	0.76644
0.605	0.74165
0.62978	0.71738
0.45358	0.86726
0.48275	0.73756
0.63734	0.74216
0.37443	0.72955
0.45044	0.80713
0.65522	0.75781
0.52561	0.63829
0.41952	0.68849
0.82651	0.90575
0.50173	0.6956
0.71583	0.74723
0.6897	0.77197
0.3274	0.74533
0.61219	0.6364
0.60385	0.76288
0.48347	0.63576
0.82027	0.794
0.48732	0.75338
0.51057	0.71078
0.54463	0.71926
0.66806	0.87323
0.58873	0.82168
0.56958	0.74159
0.54118	0.72604
0.51327	0.70676
0.51653	0.7368
0.77352	0.81813
0.45152	0.74406
0.49484	0.74235
0.68353	0.80407
0.52934	0.71665
0.59345	0.73803
0.46861	0.73084
0.51786	0.82311
0.31242	0.61836
0.47289	0.78187
0.41508	0.68313
0.70019	0.78703
0.42673	0.74915
0.50388	0.72198
0.86598	0.76342
0.83761	0.87999
0.73375	0.81636
0.42268	0.71498
0.67684	0.71438
0.52853	0.63481
0.73834	0.78424
0.75973	0.62303
0.62201	0.76902
0.58413	0.76507
0.65484	0.75123
0.50802	0.74416
0.59647	0.6517
0.5276	0.64918
0.39282	0.71341
0.77243	0.87073
0.73826	0.76773
0.54492	0.63726
0.45586	0.83909
0.72966	0.80002
0.35775	0.77834
0.63117	0.78366
0.36249	0.78334
0.45133	0.779
0.62523	0.73847
0.62322	0.82361
0.89302	0.86188
0.63088	0.7419
0.82218	0.92476
0.66561	0.75723
0.62405	0.78957
0.62423	0.72738
0.67674	0.84508
0.82236	0.86521
0.26914	0.75018
0.58179	0.80543
0.39166	0.74262
0.51255	0.70901
0.38099	0.72818
0.39758	0.69658
0.86491	0.71954
0.4553	0.68028
0.68178	0.87302
0.61919	0.7402
0.39811	0.70539
0.33568	0.54894
0.3563	0.71517
0.46397	0.7897
0.27089	0.65994
0.67513	0.74225
0.44588	0.79772
0.63755	0.71768
0.56991	0.6934
0.70208	0.60478
0.43387	0.74032
0.62989	0.84242
0.72997	0.78156
0.56614	0.73281
0.45083	0.84353
0.6153	0.74408
0.58933	0.63893
0.57585	0.83611
0.54507	0.76239
0.48721	0.78783
0.35872	0.70461
0.89763	0.85801
0.53738	0.71089
0.55853	0.695
0.83277	0.86127
0.27131	0.71195
0.68945	0.77604
0.63466	0.74243
0.54654	0.78055
0.71523	0.69613
0.7059	0.63054
0.6156	0.79137
0.56848	0.834
0.4632	0.688
0.65693	0.8817
0.44575	0.6502
0.7625	0.82467
0.62371	0.79069
0.44282	0.55892
0.43192	0.70025
0.48608	0.75512
0.39153	0.7227
0.29519	0.51537
0.49535	0.69055
0.45888	0.69284
0.77662	0.81753
0.65882	0.79093
0.4815	0.68685
0.46426	0.77511
0.55668	0.85064
0.85128	0.87174
0.80176	0.87595
0.55019	0.74635
0.49399	0.77856
0.68579	0.76283
0.70274	0.78277
0.55429	0.80559
0.39403	0.69785
0.82518	0.90786
0.28316	0.66969
0.55099	0.48576
0.42163	0.71294
0.34463	0.678
0.45449	0.7771
0.65748	0.81546
0.29081	0.47208
0.56115	0.75993
0.65008	0.7803
0.5929	0.7934
0.49161	0.73208
0.74116	0.84613
0.45497	0.71298
0.51853	0.7199
0.7731	0.84842
0.56953	0.82404
0.51622	0.82401
0.68561	0.84138
0.882	0.9091
0.63674	0.77906
0.39035	0.74695
0.81479	0.87866
0.50535	0.72773
0.49424	0.66625
0.45799	0.77368
0.63509	0.74668
0.72363	0.82048
0.84304	0.84841
0.45582	0.75821
0.54732	0.72277
0.48715	0.7558
0.50471	0.69841
0.45961	0.83546
0.47512	0.71489
0.41878	0.76964
0.6296	0.73177
0.49499	0.73477
0.54658	0.80944
0.88321	0.87133
0.3874	0.82795
0.35155	0.80718
0.36745	0.62837
0.75112	0.80451
0.62256	0.77772
0.5114	0.75542
0.86384	0.87345
0.60593	0.79797
0.48699	0.79268
0.69817	0.76623
0.30759	0.65473
0.43168	0.72248
0.3012	0.75774
0.78867	0.86131
0.53421	0.76901
0.61013	0.70984
0.587	0.83363
0.55418	0.82292
0.58287	0.76364
0.34265	0.55473
0.51988	0.6677
0.45419	0.73069
0.37185	0.65853
0.76129	0.80889
0.73797	0.78626
0.61771	0.67877
0.57845	0.76473
0.5012	0.69282
0.48274	0.82584
0.69391	0.78488
0.77547	0.82632
0.45791	0.60775
0.64509	0.64509
0.3965	0.66489
0.63416	0.78061
0.44253	0.75319
0.57911	0.69059
0.49757	0.78538
0.63334	0.79109
0.87013	0.88419
0.49621	0.48071
0.46899	0.56493
0.50514	0.67123
0.56915	0.62942
0.67045	0.7929
0.36309	0.59393
0.57839	0.84305
0.42294	0.8134
0.55964	0.663
0.66804	0.74232
0.66005	0.79222
0.72035	0.86281
0.6024	0.77108
0.7085	0.7726
0.2896	0.59932
0.54635	0.75838
0.66622	0.87284
0.59295	0.85133
0.62673	0.81471
0.3276	0.68035
0.60806	0.71746
0.68738	0.83663
0.3859	0.75576
0.47267	0.7246
0.493	0.68595
0.45164	0.74756
0.33271	0.85972
0.49535	0.87056
0.56122	0.77031
0.73295	0.72386
0.40258	0.64969
0.55554	0.84199
0.37174	0.70677
0.54598	0.80963
0.54462	0.72046
0.77384	0.92094
0.38223	0.73942
0.43554	0.6178
0.38441	0.7068
0.70222	0.75701
0.40348	0.7334
0.4223	0.67072
0.59699	0.74353
0.40362	0.72512
0.59611	0.69864
0.60556	0.7234
0.45576	0.74913
0.4879	0.7076
0.7737	0.88204
0.43546	0.65919
0.71914	0.8164
0.42118	0.85545
0.508	0.70771
0.58468	0.82394
0.57565	0.83934
0.55954	0.72572
0.61176	0.83574
0.50754	0.85074
0.60662	0.73571
0.46425	0.67554
0.69618	0.78589
0.53346	0.74214
0.64327	0.81949
0.47419	0.75955
0.33801	0.69594
0.50978	0.8275
0.63076	0.64743
0.42629	0.66602
0.58498	0.7704
0.41973	0.57755
0.3836	0.71323
0.39143	0.65456
0.58958	0.75055
0.62216	0.76875
0.43023	0.65712
0.52008	0.68401
0.48664	0.70507
0.35993	0.78013
0.47573	0.81972
0.64672	0.71104
0.70543	0.81147
0.48526	0.66366
0.86711	0.83093
0.36154	0.66201
0.78395	0.84514
0.72717	0.8268
0.50565	0.70421
0.67545	0.69967
0.28113	0.66991
0.54475	0.76846
0.51919	0.67294
0.76132	0.79297
0.49244	0.74965
0.58676	0.84991
0.51445	0.76679
0.64119	0.81811
0.57359	0.71488
0.53434	0.79446
0.51971	0.82331
0.46354	0.66474
0.30412	0.49468
0.52452	0.68599
0.28519	0.75424
0.59567	0.71247
0.44775	0.69268
0.52947	0.81624
0.44713	0.82366
0.35716	0.71767
0.6716	0.76148
0.22805	0.63914
0.82896	0.80411
0.59475	0.72068
0.44418	0.6865
0.31351	0.59694
0.4569	0.67396
0.39823	0.51098
0.39878	0.75122
0.58417	0.7464
0.31663	0.62563
0.61154	0.84407
0.54721	0.82864
0.50757	0.69436
0.50285	0.74753
0.50307	0.76341
0.37806	0.69221
0.7665	0.85692
0.66795	0.85586
0.50802	0.79152
0.48877	0.8534
0.57911	0.81231
0.79874	0.86968
0.38897	0.6704
0.56041	0.87123
0.77367	0.85319
0.66799	0.81737
0.33804	0.77991
0.46118	0.68015
0.84138	0.9206
0.22699	0.682
0.53541	0.65549
0.81948	0.76389
0.36057	0.57382
0.66474	0.86916
0.48987	0.70859
0.43943	0.66449
0.49563	0.73856
0.80301	0.88629
0.90587	0.86813
0.61766	0.8272
0.4303	0.76693
0.65588	0.78327
0.69239	0.89479
0.41081	0.74119
0.50827	0.63875
0.47995	0.76103
0.64311	0.73983
0.49012	0.77668
0.47925	0.61653
0.41612	0.78654
0.61969	0.77426
0.52939	0.79689
0.82297	0.89119
0.76193	0.83583
0.4701	0.76288
0.73492	0.77876
0.46102	0.65726
0.5229	0.68855
0.38727	0.73985
0.72928	0.84853
0.76404	0.78473
0.57758	0.82374
0.63062	0.71794
0.53312	0.76008
0.44522	0.79396
0.58992	0.74015
0.60091	0.74075
0.29677	0.70263
0.58098	0.67643
0.42787	0.64586
0.59058	0.72161
0.42834	0.81189
0.63358	0.77528
0.62894	0.80741
0.52656	0.74491
0.55293	0.7976
0.87975	0.75125
0.55088	0.6374
0.64009	0.83199
0.52458	0.74871
0.45191	0.69425
0.41214	0.73529
0.67129	0.83802
0.47914	0.73009
0.64697	0.84688
0.54517	0.68719
0.5414	0.77566
0.43113	0.64221
0.34412	0.71635
0.6084	0.71162
0.30234	0.73204
0.82195	0.83663
0.55254	0.66421
0.45976	0.73729
0.74045	0.76376
0.4099	0.6865
0.6126	0.715
0.65273	0.78598
0.74568	0.82532
0.4118	0.79068
0.84053	0.73637
0.54401	0.83058
0.6257	0.67359
0.46204	0.72456
0.60182	0.73155
0.45162	0.76241
0.45861	0.67296
0.64195	0.75349
0.66816	0.76164
0.58232	0.69985
0.46578	0.73059
0.55126	0.74795
0.40903	0.66636
0.60556	0.66233
0.4548	0.77986
0.69146	0.86579
0.89688	0.76518
0.58799	0.7509
0.31536	0.51251
0.48748	0.71855
0.52786	0.79878
0.45659	0.65562
0.56236	0.76961
0.47968	0.72877
0.44926	0.78273
0.53266	0.86534
0.548	0.75743
0.50824	0.67804
0.72756	0.79019
0.47595	0.76401
0.44908	0.75022
0.43952	0.77861
0.56211	0.79544
0.57732	0.67263
0.57024	0.69104
0.33333	0.59981
0.45918	0.7958
0.48634	0.69628
0.4272	0.88849
0.76858	0.84809
0.54204	0.72258
0.64382	0.77927
0.43569	0.87258
0.73537	0.78286
0.54037	0.83062
0.74071	0.79747
0.54644	0.7463
0.59382	0.75735
0.48253	0.66141
0.29825	0.65992
0.75704	0.79929
0.33973	0.5758
0.75688	0.83812
0.40302	0.5926
0.45105	0.67423
0.88768	0.78705
0.47139	0.83605
0.77762	0.80906
0.44885	0.77906
0.59059	0.71164
0.59961	0.84466
0.43579	0.72782
0.82398	0.89758
0.76029	0.86683
0.68143	0.87992
0.55713	0.7738
0.60285	0.75748
0.51821	0.76879
0.51962	0.80239
0.35223	0.8276
0.79805	0.83726
0.70458	0.72836
0.74087	0.8229
0.91341	0.88577
0.61106	0.75887
0.66477	0.78176
0.72604	0.70656
0.34268	0.61284
0.72444	0.85802
0.66908	0.83912
0.42309	0.75685
0.42391	0.68678
0.15667	0.4609
0.51208	0.7333
0.65579	0.84559
0.52712	0.77111
0.71919	0.87463
0.50072	0.79174
0.40317	0.77753
0.27058	0.71132
0.53598	0.80778
0.78914	0.89822
0.73998	0.83211
0.61645	0.75384
0.25376	0.65426
0.40373	0.6115
0.59111	0.87331
0.32291	0.73301
0.55819	0.70697
0.53944	0.74764
0.79199	0.8162
0.81134	0.91462
0.44411	0.85626
0.48069	0.82723
0.49019	0.65583
0.6216	0.76952
0.5236	0.73739
0.55625	0.64341
0.88525	0.76133
0.40284	0.67474
0.62464	0.84189
0.54263	0.83033
0.46129	0.85364
0.67607	0.78137
0.5108	0.64087
0.58197	0.62824
0.4965	0.74192
0.67513	0.87915
0.32561	0.71472
0.77582	0.87103
0.48644	0.78819
0.84612	0.90481
0.40105	0.73161
0.75549	0.81016
0.81445	0.84173
0.52153	0.69505
0.55769	0.72004
0.70151	0.82286
0.48203	0.68355
0.48937	0.72575
0.50436	0.74786
0.75689	0.81378
0.55276	0.71643
0.37985	0.82985
0.74538	0.90686
0.70817	0.79767
0.46865	0.6977
0.44116	0.72702
0.4565	0.6848
0.70801	0.74949
0.82447	0.85476
0.56613	0.83546
0.59101	0.75476
0.4573	0.71081
0.58223	0.78262
0.55735	0.78566
0.3645	0.7221
0.51041	0.72419
0.49974	0.72231
0.54751	0.76398
0.62141	0.75015
0.53745	0.65034
0.47715	0.63695
0.69926	0.78119
0.54893	0.82343
0.72941	0.7877
0.79793	0.87415
0.56383	0.79765
0.23486	0.60917
0.71542	0.77496
0.70681	0.79411
0.88111	0.85154
0.82182	0.8192
0.76012	0.81267
0.48432	0.86013
0.46005	0.72422
0.43931	0.63212
0.72282	0.85506
0.62829	0.79001
0.73659	0.79227
0.5476	0.86104
0.4288	0.81339
0.43383	0.58743
0.35026	0.69747
0.64806	0.71808
0.39894	0.76976
0.74362	0.81181
0.43014	0.75695
0.38852	0.77067
0.576	0.83542
0.41169	0.75896
0.52498	0.71628
0.77114	0.82674
0.70175	0.75316
0.46709	0.78343
0.72283	0.73785
0.75636	0.81035
0.53974	0.73213
0.46521	0.83377
0.60254	0.85582
0.49854	0.79596
0.55774	0.72417
0.4728	0.72345
0.58246	0.71278
0.69536	0.7765
0.90107	0.85718
0.4409	0.71954
0.50407	0.73694
0.52103	0.73983
0.6155	0.72521
0.28532	0.4678
0.48042	0.70573
0.81056	0.82811
0.57449	0.55541
0.45724	0.70258
0.50407	0.8282
0.55619	0.76496
0.67836	0.85015
0.45232	0.72669
0.82098	0.83814
0.57557	0.7505
0.23228	0.64647
0.68801	0.80891
0.51477	0.83902
0.52758	0.80272
0.42371	0.63328
0.61302	0.69667
0.46744	0.74095
0.56193	0.84303
0.70255	0.85878
0.41862	0.84718
0.54687	0.74949
0.46353	0.69261
0.45521	0.70831
0.76141	0.84589
0.74186	0.75074
0.76064	0.82693
0.85452	0.83726
0.51169	0.6849
0.44788	0.7526
0.46417	0.78929
0.48385	0.75298
0.48102	0.74816
0.37451	0.71107
0.64017	0.82929
0.45759	0.76039
0.46184	0.74206
0.51141	0.71746
0.74581	0.65514
0.7326	0.78895
0.78896	0.86894
0.63628	0.79945
0.43045	0.73176
0.54794	0.74578
0.56604	0.77507
0.36759	0.71309
0.57714	0.75929
0.68839	0.78424
0.71105	0.72136
0.45455	0.69975
0.34247	0.69687
0.63555	0.82195
0.62538	0.74342
0.44645	0.69858
0.4058	0.69265
0.57556	0.75043
0.865	0.87639
0.56703	0.77989
0.7317	0.80843
0.57804	0.75885
0.29012	0.69714
0.68904	0.6778
0.6128	0.70915
0.81211	0.8731
0.5424	0.72431
0.45207	0.75291
0.70846	0.8729
0.28812	0.59681
0.57074	0.67823
0.48387	0.74182
0.38362	0.79556
0.59338	0.72039
0.71694	0.85194
0.55696	0.74268
0.41105	0.79797
0.63688	0.84556
0.3982	0.59668
0.81214	0.88668
0.42491	0.7087
0.76488	0.82593
0.61023	0.56434
0.64533	0.77266
0.58435	0.75507
0.45311	0.60087
0.44499	0.74382
0.54107	0.76598
0.46802	0.82795
0.39148	0.70026
0.71425	0.76405
0.62569	0.75583
0.53473	0.76901
0.68069	0.74056
0.4792	0.71929
0.69007	0.80496
0.42768	0.64718
0.5321	0.72244
0.59982	0.82171
0.60086	0.65229
0.61651	0.81743
0.42904	0.57554
0.72252	0.82108
0.7311	0.7231
0.59046	0.69563
0.68541	0.87697
0.41538	0.61151
0.93529	0.85378
0.4824	0.66147
0.74797	0.86606
0.70766	0.81945
0.55333	0.6727
0.46308	0.75047
0.66244	0.57823
0.46636	0.77182
0.53951	0.80697
0.33511	0.70874
0.5816	0.78829
0.33913	0.67239
0.6492	0.83304
0.63467	0.80778
0.79138	0.82214
0.44764	0.65844
0.59317	0.73674
0.3597	0.78994
0.49466	0.75202
0.71337	0.87619
0.54181	0.70246
0.38729	0.73771
0.46215	0.66966
0.56143	0.65243
0.60781	0.71269
0.35915	0.76161
0.67459	0.77329
0.61284	0.71581
0.47719	0.59772
0.50707	0.65423
0.7394	0.82781
0.55713	0.649
0.5172	0.71607
0.44298	0.71699
0.42439	0.86934
0.71949	0.85246
0.40645	0.70471
0.74437	0.86579
0.81202	0.85133
0.71424	0.81275
0.68208	0.73315
0.58345	0.75369
0.6623	0.80737
0.42174	0.68869
0.58113	0.86391
0.62684	0.74723
0.70425	0.71663
0.62262	0.81586
0.38454	0.71356
0.54801	0.71852
0.70382	0.7601
0.58154	0.84027
0.385	0.84135
0.54163	0.78161
0.74996	0.81416
0.71358	0.79548
0.60515	0.75572
0.7988	0.88283
0.70506	0.67916
0.5698	0.75116
0.8501	0.91327
0.40026	0.7241
0.62567	0.69004
0.50581	0.75967
0.37322	0.66347
0.48421	0.80014
0.55722	0.85584
0.54756	0.7351
0.68927	0.6923
0.46188	0.67342
0.77188	0.82566
0.39605	0.58548
0.86902	0.72409
0.79114	0.80633
0.56248	0.72098
0.35436	0.77679
0.38564	0.67145
0.6802	0.83298
0.46447	0.71666
0.40288	0.64722
0.91116	0.84103
0.73505	0.86648
0.46131	0.71865
0.27228	0.68143
0.56252	0.85802
0.60342	0.74811
0.55123	0.75064
0.64196	0.78681
0.67875	0.82295
0.63022	0.84945
0.52206	0.70886
0.57337	0.64806
0.66484	0.82813
0.85403	0.75949
0.41744	0.51033
0.44066	0.66061
0.44423	0.65815
0.55912	0.84301
0.37287	0.68439
0.43398	0.63042
0.53756	0.84221
0.77495	0.80349
0.47479	0.81576
0.78531	0.88444
0.54657	0.72646
0.30432	0.65176
0.54074	0.72928
0.59137	0.72702
0.61867	0.67088
0.54533	0.67478
0.50988	0.64109
0.54625	0.75813
0.52948	0.63905
0.78699	0.80717
0.41651	0.58966
0.47253	0.78129
0.68297	0.87663
0.63674	0.7281
0.5601	0.72133
0.44261	0.66561
0.74405	0.82979
0.5528	0.73863
0.75752	0.79316
0.5494	0.6821
0.79985	0.87675
0.56046	0.74419
0.54979	0.70862
0.52478	0.67758
0.60782	0.71004
0.63825	0.7475
0.33799	0.64974
0.42072	0.51997
0.71211	0.80012
0.57199	0.83468
0.43348	0.72105
0.44145	0.78939
0.82964	0.87427
0.77145	0.88037
0.38318	0.51018
0.47745	0.86653
0.49352	0.66201
0.80813	0.8029
0.72544	0.69062
0.53403	0.7349
0.46446	0.771
0.44029	0.77989
0.53447	0.71985
0.73666	0.89651
0.763	0.81788
0.29397	0.77618
0.59132	0.87761
0.78652	0.86549
0.51785	0.79479
0.61893	0.73193
0.78601	0.86602
0.69379	0.68945
0.49092	0.52517
0.56054	0.76948
0.46124	0.76852
0.67396	0.78996
0.80111	0.78313
0.68074	0.80996
0.64102	0.71485
0.26292	0.73254
0.41536	0.68654
0.86709	0.71709
0.50237	0.61271
0.73579	0.851
0.70136	0.74145
0.59405	0.65643
0.42659	0.70989
0.65577	0.78161
0.53308	0.85076
0.69994	0.57894
0.30848	0.80114
0.80853	0.89811
0.36247	0.67489
0.83894	0.73643
0.52451	0.71607
0.38583	0.76786
0.41358	0.72912
0.43358	0.76546
0.39641	0.70337
0.49994	0.76607
0.72587	0.808
0.69777	0.81615
0.51738	0.81122
0.50208	0.72028
0.88403	0.76862
0.87413	0.85573
0.61874	0.82211
0.63477	0.78567
0.57494	0.69052
0.60838	0.69358
0.44703	0.63065
0.40456	0.5691
0.4055	0.67396
0.77837	0.78705
0.62533	0.77803
0.63563	0.8031
0.40967	0.76183
0.58639	0.72482
0.75285	0.8087
0.71608	0.78109
0.54485	0.70579
0.79376	0.80658
0.47709	0.70084
0.45815	0.62717
0.68789	0.82984
0.55961	0.83462
0.58219	0.72935
0.45666	0.78249
0.40058	0.66859
0.59419	0.8436
0.51717	0.80431
0.39651	0.78079
0.49986	0.79355
0.57888	0.88715
0.5068	0.7154
0.33945	0.72565
0.5948	0.73126
0.86819	0.79859
0.58172	0.80852
0.58883	0.7807
0.64118	0.79376
0.41178	0.67414
0.70024	0.81269
0.67123	0.83892
0.41457	0.68828
0.47641	0.68174
0.3904	0.68118
0.4945	0.67037
0.7887	0.82592
0.39268	0.71644
0.73839	0.81871
0.68549	0.80457
0.78755	0.83453
0.61872	0.76903
0.62696	0.64346
0.42432	0.82998
0.92281	0.87188
0.51716	0.68336
0.398	0.69807
0.60387	0.68133
0.68572	0.88555
0.46293	0.81153
0.29781	0.63652
0.42055	0.57233
0.60804	0.67539
0.37545	0.7903
0.48855	0.85303
0.29007	0.67541
0.41993	0.68017
0.83338	0.86506
0.38616	0.71284
0.44398	0.69063
0.52698	0.73329
0.51585	0.73327
0.22761	0.62289
0.5759	0.73308
0.63096	0.81502
0.77557	0.86354
0.58957	0.7721
0.60074	0.70859
0.56445	0.76983
0.41059	0.77691
0.88136	0.85185
0.40109	0.69915
0.37526	0.63035
0.67784	0.81404
0.45452	0.69524
0.37291	0.67816
0.62341	0.82937
0.40571	0.83677
0.48299	0.6843
0.5897	0.76874
0.52605	0.75547
0.61367	0.74909
0.75772	0.80789
0.54702	0.73705
0.59485	0.80722
0.35507	0.86375
0.57006	0.83653
0.57381	0.78873
0.46373	0.73255
0.68055	0.8766
0.59603	0.69731
0.67731	0.86702
0.51969	0.74184
0.46208	0.74991
0.32763	0.72954
0.76288	0.81831
0.77442	0.8168
0.5764	0.80083
0.42814	0.64643
0.76813	0.73328
0.40882	0.80817
0.5842	0.81517
0.80493	0.85741
0.97333	0.89669
0.52151	0.75208
0.65196	0.71044
0.73551	0.74089
0.42242	0.60797
0.73504	0.81534
0.48577	0.69415
0.7803	0.84299
0.36371	0.82861
0.4951	0.85294
0.46885	0.76603
0.56726	0.75354
0.50365	0.73399
0.61469	0.8236
0.47706	0.70842
0.78976	0.8359
0.79121	0.77072
0.24048	0.66272
0.80612	0.85016
0.41136	0.81565
0.69418	0.80814
0.53626	0.7737
0.8193	0.84136
0.60751	0.83141
0.39654	0.78865
0.41591	0.75639
0.34824	0.75292
0.6902	0.7366
0.6287	0.79795
0.49236	0.75514
0.3842	0.72817
0.74731	0.81697
0.70164	0.88979
0.81242	0.91756
0.31873	0.66654
0.43881	0.66705
0.68183	0.76566
0.50105	0.75136
0.6331	0.86542
0.68045	0.80869
0.47601	0.75646
0.42731	0.73064
0.45883	0.74421
0.31676	0.69838
0.33989	0.69543
0.74753	0.81764
0.52069	0.71452
0.67175	0.77222
0.33985	0.60325
0.53265	0.70773
0.51808	0.72019
0.4348	0.54361
0.55941	0.75362
0.3042	0.70558
0.49714	0.75726
0.49748	0.68983
0.48355	0.71235
0.78289	0.83745
0.67749	0.8319
0.50041	0.75095
0.39584	0.64451
0.44502	0.86114
0.70008	0.89499
0.34194	0.67922
0.43106	0.65491
0.48945	0.75905
0.77489	0.67014
0.50328	0.73547
0.52714	0.70402
0.43934	0.8449
0.31999	0.76115
0.34497	0.63816
0.56258	0.72988
0.54179	0.84422
0.54682	0.84692
0.46153	0.72449
0.76217	0.84187
0.53523	0.61694
0.35971	0.64581
0.44915	0.69269
0.50318	0.81302
0.53529	0.65869
0.35314	0.69357
0.81206	0.84999
0.73686	0.76576
0.45637	0.66548
0.55967	0.65249
0.399	0.68699
0.53293	0.80515
0.82584	0.90095
0.62482	0.73412
0.43678	0.69661
0.50315	0.80143
0.55256	0.74745
0.71223	0.7709
0.69788	0.7672
0.59348	0.83866
0.46561	0.67056
0.5527	0.80336
0.53979	0.76252
0.52619	0.72839
0.45049	0.67062
0.83025	0.8402
0.44282	0.56976
0.78207	0.81726
0.50308	0.67814
0.69079	0.78587
0.83246	0.85812
0.69341	0.75382
0.54832	0.72955
0.45589	0.84891
0.5761	0.77629
0.72753	0.89533
0.76648	0.80806
0.64302	0.80118
0.45544	0.79159
0.54634	0.66605
0.65403	0.77223
0.48443	0.69988
0.39326	0.66697
0.37129	0.7205
0.5581	0.72215
0.72887	0.848
0.35486	0.82355
0.76888	0.81825
0.23517	0.65169
0.61093	0.75745
0.47324	0.73612
0.61988	0.74126
0.57004	0.80988
0.48268	0.81636
0.39202	0.71875
0.59252	0.75694
0.56246	0.77072
0.77314	0.85684
0.53129	0.82842
0.53305	0.77111
0.49865	0.73002
0.38108	0.69054
0.59802	0.6896
0.46687	0.70803
0.672	0.73725
0.48435	0.71816
0.79248	0.82824
0.57683	0.7526
0.45151	0.58401
0.57333	0.77198
0.72969	0.87965
0.47448	0.80263
0.39669	0.70635
0.59954	0.6249
0.31251	0.79682
0.65085	0.80523
0.78528	0.90012
0.40863	0.80684
0.76299	0.79781
0.54902	0.74291
0.39003	0.7605
0.31808	0.77725
0.52037	0.68832
0.40064	0.73256
0.52159	0.53022
0.69477	0.80014
0.57141	0.72702
0.75118	0.70566
0.5473	0.77786
0.72204	0.77392
0.54268	0.71349
0.67688	0.78965
0.89305	0.74316
0.33275	0.76418
0.56838	0.87261
0.45863	0.73275
0.46147	0.89243
0.70602	0.78915
0.67021	0.66389
0.51232	0.78588
0.53354	0.81074
0.6437	0.74319
0.51738	0.73078
0.69382	0.82324
0.48603	0.68835
0.37776	0.62733
0.4098	0.71548
0.60693	0.68084
0.41007	0.78962
0.95579	0.89313
0.39996	0.72404
0.57725	0.65092
0.42767	0.73825
0.44153	0.75681
0.62058	0.84834
0.21139	0.6689
0.86321	0.84762
0.66902	0.76449
0.37695	0.73277
0.68223	0.81132
0.88448	0.88912
0.24818	0.66808
0.81756	0.79434
0.56968	0.7505
0.81782	0.91059
0.68439	0.81004
0.45667	0.88854
0.3941	0.74642
0.74402	0.79091
0.56931	0.76652
0.5601	0.70919
0.53998	0.69544
0.80928	0.59564
0.51048	0.53962
0.50823	0.81766
0.37023	0.78002
0.52876	0.72914
0.60357	0.87325
0.50975	0.84008
0.62255	0.83454
0.63842	0.70363
0.62991	0.72115
0.54627	0.80581
0.67146	0.82
0.32313	0.72782
0.72355	0.77976
0.56991	0.8738
0.54336	0.72817
0.4408	0.75734
0.49243	0.80382
0.56923	0.71233
0.74421	0.81751
0.65401	0.77738
0.60097	0.69337
0.56906	0.74572
0.77024	0.79968
0.69612	0.76824
0.50234	0.7344
0.65313	0.84718
0.63513	0.82398
0.43762	0.74569
0.78388	0.87442
0.80829	0.80754
0.50919	0.80196
0.67375	0.75065
0.85507	0.90039
0.59732	0.78186
0.72911	0.8273
0.66272	0.86288
0.30861	0.66666
0.35991	0.72906
0.65168	0.76661
0.49374	0.66028
0.79798	0.78597
0.75313	0.83476
0.42803	0.7135
0.66396	0.81578
0.68692	0.74868
0.50809	0.71812
0.56228	0.76873
0.79309	0.78645
0.64351	0.7427
0.65291	0.81596
0.42504	0.72474
0.53074	0.78372
0.49814	0.82262
0.46457	0.68821
0.79123	0.86123
0.52504	0.7836
0.8203	0.72924
0.46592	0.76616
0.65426	0.84241
0.40426	0.79078
0.67601	0.71764
0.74316	0.78633
0.4624	0.74398
0.61172	0.7417
0.64516	0.7028
0.74147	0.8264
0.65422	0.73937
0.7629	0.81411
0.53931	0.8309
0.48491	0.71803
0.61507	0.77523
0.44823	0.69899
0.51284	0.74037
0.33959	0.63391
0.39917	0.7615
0.44901	0.64617
0.56885	0.67704
0.46208	0.78515
0.33616	0.68438
0.68111	0.83289
0.45962	0.77991
0.63228	0.73464
0.6851	0.87225
0.42834	0.65993
0.64444	0.74123
0.36848	0.76514
0.42269	0.69696
0.59054	0.78824
0.56953	0.65595
0.72084	0.76529
0.57715	0.72673
0.57486	0.83021
0.66373	0.7484
0.67739	0.79645
0.61195	0.85948
0.82184	0.89429
0.50216	0.77656
0.51134	0.73587
0.81897	0.81341
0.66356	0.87217
0.49666	0.71801
0.46196	0.62672
0.52358	0.84695
0.41969	0.57662
0.56896	0.83136
0.76213	0.83214
0.57797	0.73757
0.43863	0.61165
0.69254	0.7476
0.56274	0.75429
0.49006	0.75208
0.4102	0.70669
0.52623	0.70358
0.26792	0.70768
0.5517	0.70625
0.63492	0.73352
0.66071	0.76876
0.41093	0.7663
0.64138	0.70705
0.37085	0.66889
0.54942	0.72031
0.48043	0.7445
0.60253	0.82725
0.56598	0.72744
0.53231	0.81173
0.31819	0.75116
0.679	0.74206
0.54842	0.79284
0.37434	0.73488
0.57596	0.69815
0.33774	0.73325
0.55275	0.56645
0.51733	0.71888
0.36856	0.82641
0.38523	0.66557
0.55929	0.74104
0.41585	0.75129
0.57495	0.82868
0.64887	0.79573
0.37435	0.64751
0.55565	0.76454
0.67055	0.81442
0.77456	0.89492
0.43798	0.72501
0.34175	0.74926
0.67304	0.78188
0.51256	0.78029
0.43439	0.70445
0.63827	0.76015
0.69651	0.8463
0.47342	0.8118
0.55424	0.75711
0.41099	0.82524
0.47946	0.86793
0.58134	0.75021
0.47021	0.7797
0.58199	0.76006
0.39193	0.73392
0.52842	0.62016
0.5307	0.76643
0.42393	0.6702
0.69601	0.69184
0.31384	0.56355
0.41523	0.73361
0.45504	0.66248
0.54343	0.74434
0.44366	0.85532
0.46012	0.79147
0.49905	0.73803
0.56609	0.6935
0.61801	0.74789
0.47362	0.80123
0.31989	0.75946
0.39249	0.75993
0.53356	0.67782
0.72367	0.79102
0.42269	0.59916
0.57534	0.83542
0.6641	0.86194
0.47151	0.66698
0.58763	0.87486
0.62213	0.73284
0.80093	0.83533
0.7208	0.72316
0.28304	0.69713
0.59057	0.77199
0.62727	0.88303
0.55481	0.8111
0.41177	0.59967
0.52823	0.74809
0.82921	0.68848
0.48534	0.6668
0.43771	0.73926
0.66339	0.79637
0.68307	0.87319
0.58086	0.74551
0.50258	0.64168
0.41847	0.5681
0.73312	0.81921
0.51347	0.55939
0.5896	0.80129
0.70282	0.83072
0.42438	0.80816
0.52652	0.79132
0.57816	0.77613
0.72768	0.8355
0.79683	0.82854
0.75957	0.876
0.64868	0.8101
0.36563	0.68683
0.56184	0.83301
0.76292	0.77844
0.67154	0.83373
0.5666	0.63993
0.28453	0.63477
0.25922	0.61058
0.5175	0.69665
0.32645	0.73831
0.42616	0.70076
0.47872	0.77233
0.42936	0.65189
0.40045	0.68559
0.8176	0.8475
0.60871	0.81021
0.40349	0.73928
0.56239	0.79911
0.60914	0.65166
0.76538	0.79972
0.61781	0.74534
0.57342	0.7089
0.3388	0.796
0.49757	0.81147
0.80647	0.93343
0.54893	0.74231
0.43791	0.66365
0.3844	0.71715
0.36257	0.76906
0.44155	0.75985
0.31789	0.60253
0.40325	0.8973
0.31499	0.61237
0.37367	0.73839
0.76927	0.80401
0.48559	0.68418
0.56602	0.82001
0.64166	0.76555
0.54247	0.69877
0.81268	0.87282
0.47443	0.68885
0.65863	0.81067
0.53398	0.74258
0.34667	0.60081
0.75267	0.76126
0.76506	0.76466
0.52103	0.77843
0.7392	0.83481
0.47587	0.58921
0.68272	0.81917
0.17977	0.51506
0.53279	0.85168
0.49888	0.61315
0.37567	0.63643
0.50985	0.75545
0.42661	0.77705
0.64106	0.46195
0.32394	0.63774
0.25464	0.73932
0.56484	0.79754
0.51868	0.68132
0.72286	0.84004
0.35067	0.69464
0.54112	0.69532
0.58736	0.89579
0.831	0.84926
0.54061	0.74997
0.64141	0.79498
0.45889	0.60395
0.49304	0.70635
0.44516	0.74601
0.4655	0.75141
0.69188	0.79256
0.46594	0.7228
0.53072	0.59828
0.59983	0.75125
0.5686	0.71457
0.78798	0.86992
0.52715	0.79062
0.56621	0.76765
0.77731	0.78438
0.49763	0.81196
0.52138	0.78079
0.39864	0.68936
0.38082	0.72485
0.50933	0.77692
0.81161	0.85107
0.58124	0.7511
0.563	0.74443
0.57087	0.70908
0.56486	0.71774
0.48623	0.77957
0.22491	0.77388
0.52765	0.68326
0.60511	0.72127
0.8342	0.90952
0.34237	0.7283
0.41141	0.82062
0.72095	0.78728
0.27073	0.64735
0.86207	0.78315
0.39239	0.67526
0.56916	0.74359
0.47471	0.6016
0.67383	0.7065
0.53773	0.68661
0.61474	0.72266
0.38694	0.71314
0.50211	0.73051
0.44871	0.64983
0.67085	0.87161
0.53864	0.7378
0.69891	0.83285
0.61484	0.81234
0.51023	0.61753
0.79854	0.82458
0.64241	0.79427
0.35099	0.74747
0.31092	0.7265
0.70764	0.83667
0.35351	0.68306
0.7154	0.83603
0.29002	0.75563
0.49327	0.73523
0.49834	0.66195
0.76046	0.84503
0.40724	0.75912
0.35755	0.66897
0.46453	0.7079
0.63811	0.84054
0.32365	0.60702
0.7977	0.8332
0.73538	0.83852
0.63182	0.72676
0.42788	0.77537
0.53972	0.8669
0.6034	0.77938
0.6221	0.82304
0.46501	0.67237
0.47231	0.71767
0.63511	0.78321
0.39377	0.65507
0.42399	0.78667
0.64827	0.83895
0.74932	0.83156
0.57897	0.79744
0.6398	0.73768
0.64612	0.80523
0.53998	0.71042
0.81594	0.81945
0.39067	0.68166
0.53576	0.70939
0.41399	0.56365
0.64512	0.82488
0.61239	0.73915
0.55821	0.78526
0.61527	0.69659
0.50024	0.72664
0.76924	0.85678
0.46178	0.67515
0.61652	0.78971
0.55001	0.67085
0.55415	0.78418
0.44666	0.82964
0.43671	0.71176
0.70693	0.76802
0.65914	0.81252
0.50564	0.76601
0.40292	0.78881
0.75839	0.85527
0.56433	0.71351
0.79293	0.84986
0.36338	0.64885
0.53908	0.67912
0.71269	0.73587
0.68346	0.72924
0.53888	0.73665
0.43462	0.73077
0.56296	0.56019
0.59531	0.83606
0.43922	0.73469
0.43937	0.83953
0.32438	0.70221
0.63256	0.72437
0.64114	0.7914
0.74514	0.85731
0.68342	0.82651
0.76692	0.88282
0.59238	0.70757
0.53426	0.73598
0.54409	0.72391
0.43383	0.67345
0.56907	0.70019
0.68911	0.78024
0.47791	0.81594
0.51753	0.67021
0.42434	0.6679
0.09553	0.5445
0.88364	0.82442
0.59274	0.85051
0.6751	0.80243
0.84731	0.81129
0.69018	0.8412
0.48813	0.71744
0.51928	0.76211
0.76615	0.80517
0.81045	0.92686
0.7111	0.80326
0.44644	0.79066
0.37186	0.66367
0.68722	0.78673
0.6293	0.80673
0.33632	0.73106
0.56744	0.7697
0.87452	0.79103
0.43225	0.80231
0.66606	0.80107
0.36091	0.70874
0.74843	0.73821
0.69194	0.71503
0.54136	0.66002
0.61848	0.78675
0.83292	0.88666
0.46809	0.75403
0.70535	0.7765
0.63069	0.74377
0.34479	0.53207
0.4725	0.72484
0.58797	0.68227
0.47388	0.77586
0.79549	0.85521
0.33771	0.67506
0.70767	0.8173
0.66014	0.71692
0.45088	0.77106
0.54249	0.77815
0.43308	0.77175
0.64305	0.87592
0.53162	0.72767
0.46491	0.66467
0.80294	0.83001
0.63943	0.7852
0.45615	0.72074
0.6136	0.67588
0.61021	0.71975
0.52074	0.84863
0.24369	0.65545
0.73411	0.82235
0.39255	0.65575
0.88616	0.88403
0.60465	0.82724
0.61415	0.87389
0.81241	0.85177
0.5402	0.62198
0.2981	0.70211
0.84101	0.8
0.73626	0.77092
0.55802	0.79974
0.41893	0.76443
0.43165	0.78025
0.43661	0.81268
0.49183	0.73879
0.38597	0.72561
0.42353	0.6724
0.73546	0.70958
0.48627	0.84965
0.49552	0.60765
0.91522	0.8602
0.52508	0.79165
0.31853	0.77185
0.86706	0.75568
0.46353	0.74017
0.80044	0.84314
0.38009	0.72216
0.7931	0.83294
0.57127	0.74266
0.51849	0.73633
0.71692	0.78214
0.4481	0.70785
0.34551	0.73569
0.45762	0.80507
0.59367	0.79863
0.54287	0.83503
0.67347	0.8718
0.64619	0.7177
0.62074	0.78528
0.48595	0.63687
0.61674	0.7228
0.67462	0.75707
0.35647	0.68178
0.80503	0.62292
0.35284	0.67219
0.67514	0.82881
0.66365	0.74931
0.59983	0.68422
0.55853	0.71361
0.39733	0.62768
0.53997	0.8021
0.7187	0.88095
0.75875	0.78268
0.53738	0.5418
0.42864	0.72916
0.54054	0.74936
0.64229	0.76521
0.38287	0.68585
0.46576	0.73093
0.53122	0.75134
0.6455	0.83858
0.50745	0.7448
0.41468	0.6017
0.45342	0.61023
0.63405	0.79574
0.31074	0.56452
0.46045	0.66384
0.37866	0.69363
0.48733	0.72629
0.71515	0.82204
0.32473	0.74901
0.52702	0.65677
0.6081	0.77574
0.37191	0.77509
0.52363	0.62777
0.67666	0.81276
0.46167	0.75925
0.67952	0.86434
0.42702	0.69435
0.54437	0.73278
0.47345	0.8394
0.41587	0.75009
0.39565	0.69822
0.52387	0.77779
0.55119	0.7544
0.71384	0.81583
0.78054	0.80921
0.77382	0.89748
0.47408	0.75931
0.29303	0.55714
0.45783	0.71342
0.50653	0.71312
0.38274	0.43074
0.40839	0.70139
0.50212	0.81172
0.58975	0.74555
0.41762	0.81085
0.34158	0.58737
0.45616	0.60836
0.46926	0.71259
0.39251	0.74007
0.44652	0.73586
0.52512	0.78252
0.83025	0.72899
0.56841	0.75425
0.43709	0.77127
0.76017	0.81199
0.79804	0.8232
0.55099	0.74125
0.66151	0.78893
0.83855	0.84003
0.46017	0.62035
0.60984	0.78359
0.90123	0.86097
0.51543	0.7836
0.51289	0.77789
0.47997	0.68422
0.70324	0.71812
0.2943	0.66807
0.50389	0.78583
0.47325	0.74108
0.50624	0.76218
0.56424	0.74355
0.64278	0.64885
0.68219	0.80067
0.71432	0.73013
0.61439	0.70884
0.34538	0.69813
0.80788	0.85698
0.49073	0.7216
0.50885	0.67171
0.55689	0.73719
0.40927	0.68644
0.4318	0.72517
0.66845	0.83372
0.71513	0.78751
0.63977	0.69265
0.59625	0.785
0.64143	0.76945
0.54578	0.69261
0.52867	0.73197
0.51225	0.70783
0.63579	0.87486
0.76746	0.80667
0.58705	0.74923
0.66685	0.8012
0.41441	0.79349
0.45733	0.80055
0.55993	0.73416
0.65172	0.72687
0.65847	0.67942
0.44166	0.64879
0.61017	0.80924
0.69943	0.86487
0.51623	0.76921
0.51357	0.7197
0.74478	0.81088
0.71135	0.85695
0.75914	0.81711
0.49759	0.64862
0.54751	0.70553
0.73549	0.81973
0.46205	0.76125
0.57741	0.82169
0.41598	0.74655
0.38139	0.81994
0.43485	0.77044
0.75711	0.86326
0.60945	0.85685
0.71657	0.8251
0.6261	0.7525
0.65304	0.73187
0.50855	0.80939
0.69963	0.89317
0.70936	0.8213
0.64583	0.73813
0.62864	0.65623
0.84704	0.84937
0.65415	0.72771
0.4616	0.71282
0.87145	0.89637
0.66209	0.83469
0.47181	0.7462
0.45149	0.65099
0.79279	0.86038
0.57208	0.82646
0.43004	0.67573
0.6371	0.89839
0.55663	0.66591
0.38686	0.74156
0.7493	0.81195
0.56883	0.6531
0.49464	0.6248
0.48557	0.79732
0.41976	0.67215
0.61061	0.81561
0.41356	0.75995
0.39775	0.74664
0.66232	0.87183
0.51601	0.75454
0.69258	0.85851
0.50554	0.70759
0.39888	0.56607
0.84599	0.88525
0.53126	0.8138
0.34545	0.48777
0.55023	0.77393
0.53087	0.72565
0.3779	0.76092
0.52696	0.69427
0.46132	0.7806
0.55462	0.66599
0.69781	0.78285
0.20757	0.70261
0.67088	0.87415
0.4993	0.82382
0.43238	0.71983
0.64217	0.78247
0.53099	0.75779
0.34626	0.69626
0.31957	0.641
0.4597	0.67964
0.58552	0.71917
0.63297	0.83097
0.75294	0.79497
0.42825	0.8034
0.78468	0.8675
0.408	0.63782
0.52565	0.82677
0.75958	0.79232
0.45143	0.72203
0.4312	0.7434
0.79178	0.84304
0.41744	0.49924
0.58615	0.76673
0.53929	0.85707
0.19597	0.68971
0.54865	0.60034
0.39483	0.70523
0.6378	0.7905
0.39915	0.82386
0.51008	0.75846
0.76331	0.80794
0.35583	0.75463
0.45026	0.67923
0.40914	0.66532
0.49809	0.66051
0.6928	0.82856
0.48675	0.71958
0.94375	0.82079
0.55688	0.81125
0.79046	0.86047
0.62477	0.67538
0.66466	0.82626
0.70395	0.82066
0.35832	0.65386
0.62242	0.71334
0.59022	0.70287
0.62253	0.69967
0.59768	0.82291
0.52119	0.82052
0.79865	0.84448
0.31518	0.79939
0.63581	0.72203
0.61105	0.75679
0.57061	0.71198
0.64742	0.81355
0.73729	0.82659
0.4853	0.76333
0.85569	0.62039
0.76654	0.76581
0.79651	0.81897
0.48136	0.73279
0.69661	0.84474
0.84073	0.54558
0.50673	0.75497
0.44438	0.73252
0.61507	0.80712
0.26966	0.3242
0.46482	0.71167
0.57668	0.73959
0.54391	0.71826
0.77841	0.71708
0.48415	0.79068
0.37814	0.8048
0.45521	0.72076
0.73108	0.82736
0.35695	0.64679
0.64307	0.62982
0.53538	0.80108
0.58244	0.81138
0.60568	0.72522
0.64568	0.81507
0.61413	0.80545
0.68961	0.78155
0.56765	0.73943
0.50198	0.76489
0.70841	0.68589
0.8104	0.83371
0.6859	0.83976
0.5603	0.72216
0.50769	0.67026
0.58357	0.68266
0.4853	0.70812
0.52124	0.75062
0.47668	0.7315
0.45998	0.69437
0.41004	0.6612
0.62788	0.86989
0.60332	0.67013
0.59733	0.8257
0.47279	0.76971
0.61463	0.76934
0.50399	0.67372
0.80861	0.88909
0.62943	0.77645
0.47764	0.74109
0.55878	0.77287
0.53789	0.82508
0.47861	0.75633
0.77019	0.73134
0.40198	0.78969
0.2901	0.61237
0.63637	0.85309
0.65514	0.88114
0.32899	0.73296
0.8456	0.9176
0.53926	0.71663
0.66404	0.79946
0.26105	0.67643
0.55441	0.53413
0.81454	0.8335
0.43183	0.78269
0.75537	0.7852
0.37355	0.79521
0.67601	0.87013
0.56475	0.70838
0.4903	0.65849
0.52146	0.79972
0.835	0.7958
0.76784	0.83823
0.72534	0.88573
0.67018	0.69957
0.29263	0.66641
0.50725	0.8038
0.79402	0.84364
0.69741	0.74173
0.41296	0.85585
0.45944	0.61285
0.72703	0.73664
0.43879	0.85612
0.34024	0.70273
0.75173	0.85453
0.56721	0.8524
0.44696	0.69659
0.67293	0.76013
0.81544	0.85901
0.5262	0.77306
0.79416	0.83199
0.41223	0.76907
0.75744	0.81541
0.61027	0.82259
0.56841	0.77747
0.82434	0.91453
0.46258	0.69064
0.51882	0.79012
0.22182	0.74644
0.61541	0.8173
0.46393	0.7105
0.70508	0.82044
0.31731	0.69751
0.67115	0.7871
0.4065	0.69153
0.6758	0.85392
0.58772	0.77512
0.62077	0.7956
0.24404	0.73775
0.5392	0.68802
0.49938	0.77323
0.62846	0.71793
0.52523	0.82566
0.78613	0.87545
0.36658	0.68973
0.7045	0.81518
0.72508	0.74704
0.79638	0.88833
0.48279	0.65991
0.63364	0.81253
0.50938	0.75336
0.24073	0.68158
0.59879	0.73765
0.4107	0.66576
0.60251	0.62751
0.57895	0.7895
0.50474	0.78179
0.59436	0.85138
0.46459	0.64787
0.6585	0.78781
0.85747	0.60041
0.38182	0.77
0.49532	0.85193
0.44297	0.72994
0.79642	0.7668
0.67716	0.81729
0.38711	0.71248
0.58668	0.79416
0.4837	0.74571
0.39847	0.77013
0.89036	0.75754
0.43508	0.801
0.73392	0.848
0.57253	0.73606
0.51908	0.75434
0.48189	0.6608
0.63183	0.75957
0.75755	0.7164
0.38153	0.63362
0.58292	0.82907
0.68731	0.81548
0.44709	0.76476
0.55576	0.81796
0.42425	0.81312
0.63344	0.72573
0.36196	0.66671
0.7653	0.84162
0.71523	0.74583
0.50392	0.73219
0.53432	0.75992
0.61247	0.71803
0.45808	0.73324
0.57705	0.74362
0.39824	0.7466
0.58245	0.75397
0.53664	0.83741
0.45484	0.74356
0.49814	0.59934
0.59861	0.73299
0.59576	0.7966
0.80121	0.83573
0.69366	0.79653
0.49905	0.82509
0.63101	0.66101
0.36971	0.70819
0.65378	0.77655
0.38859	0.44294
0.5245	0.73678
0.73373	0.86762
0.80033	0.89906
0.5633	0.66209
0.43355	0.66576
0.66393	0.83252
0.4255	0.70287
0.30893	0.62695
0.62909	0.81032
0.19681	0.56501
0.42529	0.69226
0.64219	0.67758
0.39811	0.76543
0.49875	0.70472
0.4476	0.63099
0.62173	0.77086
0.47548	0.59838
0.43869	0.76407
0.55613	0.73928
0.82712	0.88793
0.26951	0.60717
0.77591	0.82901
0.64906	0.82857
0.56527	0.82986
0.47612	0.67568
0.36285	0.80754
0.74684	0.81204
0.45033	0.69121
0.75836	0.81028
0.42765	0.70187
0.53672	0.764
0.58737	0.74227
0.78386	0.85347
0.44621	0.63044
0.50083	0.73034
0.79209	0.85086
0.55577	0.86846
0.69782	0.84812
0.6176	0.63304
0.60986	0.81143
0.79077	0.87486
0.72333	0.86151
0.63084	0.77435
0.57837	0.67734
0.61004	0.76142
0.78956	0.83098
0.73018	0.82827
0.82352	0.89133
0.43871	0.67759
0.67287	0.75518
0.8145	0.83571
0.62975	0.83685
0.30687	0.73611
0.26812	0.79545
0.49628	0.82751
0.56774	0.82479
0.33626	0.71919
0.74919	0.82569
0.83934	0.89302
0.64394	0.73565
0.6329	0.86846
0.66554	0.84262
0.70823	0.79274
0.51487	0.70083
0.4986	0.61865
0.63369	0.75704
0.75549	0.84521
0.7965	0.87902
0.42137	0.67667
0.3638	0.78602
0.44546	0.81681
0.65746	0.73904
0.52746	0.75104
0.37807	0.73371
0.365	0.7424
0.45738	0.64508
0.42322	0.8016
0.46116	0.64578
0.62578	0.81588
0.59402	0.65892
0.49712	0.64509
0.24723	0.66254
0.67415	0.7203
0.50559	0.78677
0.65544	0.81831
0.65337	0.73566
0.41605	0.81217
0.63053	0.83957
0.50082	0.75256
0.63421	0.81163
0.63648	0.73769
0.77393	0.84508
0.45682	0.7403
0.60394	0.77267
0.19355	0.5623
0.38655	0.65295
0.54532	0.725
0.38287	0.64272
0.53707	0.82506
0.7273	0.85246
0.52971	0.7241
0.32028	0.58639
0.41179	0.76635
0.35133	0.71427
0.59307	0.79122
0.58003	0.80711
0.4843	0.68363
0.61409	0.81434
0.45074	0.70426
0.3897	0.68713
0.61381	0.66236
0.54453	0.67044
0.47649	0.67992
0.7198	0.84975
0.58257	0.70826
0.44186	0.7179
0.44609	0.75933
0.567	0.7323
0.41307	0.7198
0.46217	0.64
0.30524	0.56657
0.3223	0.60546
0.31963	0.69735
0.44058	0.7441
0.41376	0.8031
0.57519	0.70793
0.80879	0.81011
0.49298	0.73528
0.44389	0.67959
0.64748	0.77073
0.37435	0.72069
0.5642	0.72922
0.521	0.79137
0.66589	0.83508
0.74583	0.86184
0.38274	0.75435
0.54127	0.66688
0.64099	0.71288
0.69116	0.77875
0.62381	0.76609
0.46291	0.70833
0.43396	0.75465
0.49805	0.77465
0.53036	0.86345
0.46429	0.7208
0.75801	0.81326
0.44695	0.71202
0.44891	0.84376
0.40543	0.69094
0.49568	0.7305
0.54815	0.78892
0.55416	0.80077
0.55966	0.7551
0.2799	0.68075
0.2688	0.68944
0.36224	0.60228
0.43441	0.78202
0.64717	0.8246
0.69195	0.80831
0.54347	0.77656
0.53556	0.82821
0.65463	0.71062
0.49259	0.68528
0.40187	0.71987
0.49403	0.87173
0.52479	0.69028
0.66276	0.78361
0.62342	0.72571
0.66362	0.78246
0.47958	0.69843
0.41142	0.65262
0.52561	0.66988
0.45745	0.73343
0.43243	0.83571
0.47391	0.79277
0.44629	0.5999
0.4455	0.64008
0.73613	0.80959
0.27132	0.65993
0.69475	0.88482
0.31909	0.6334
0.68276	0.70829
0.47138	0.76086
0.55161	0.80129
0.57489	0.72267
0.67517	0.78247
0.87052	0.7542
0.77685	0.86162
0.39615	0.64275
0.46562	0.74915
0.59972	0.61057
0.49429	0.6777
0.59889	0.80793
0.51006	0.71171
0.54913	0.73344
0.54531	0.80279
0.46232	0.74297
0.42071	0.78125
0.59291	0.71985
0.40406	0.75631
0.60127	0.45918
0.4141	0.71599
0.35386	0.81658
0.41491	0.69796
0.72166	0.71961
0.54288	0.82464
0.54729	0.64271
0.44616	0.69759
0.63642	0.71076
0.6154	0.74189
0.80259	0.84351
0.62372	0.6833
0.63066	0.74939
0.46699	0.75226
0.5662	0.75216
0.6236	0.70516
0.48207	0.68895
0.61344	0.79562
0.4724	0.76113
0.70628	0.83583
0.47755	0.73959
0.4348	0.8466
0.43752	0.70456
0.81172	0.82225
0.64277	0.7521
0.39692	0.71749
0.86464	0.75985
0.39892	0.86237
0.25627	0.60088
0.37238	0.80388
0.41875	0.58187
0.47076	0.6945
0.64861	0.73252
0.45573	0.84938
0.47682	0.7934
0.82228	0.84816
0.61022	0.69787
0.47649	0.78615
0.61288	0.72883
0.43357	0.83141
0.72963	0.88399
0.37031	0.7331
0.66555	0.80075
0.60148	0.76444
0.44016	0.78429
0.69668	0.82873
0.50122	0.65034
0.41795	0.65911
0.58174	0.78711
0.77916	0.86187
0.53049	0.82084
0.69061	0.67048
0.47796	0.697
0.80653	0.84312
0.31825	0.78402
0.58436	0.81078
0.42011	0.77537
0.39524	0.64607
0.62858	0.80606
0.39417	0.82017
0.51205	0.84253
0.57625	0.71178
0.69415	0.8723
0.4953	0.77441
0.60227	0.73198
0.62967	0.78894
0.44913	0.81997
0.60268	0.62623
0.46389	0.80618
0.63663	0.74716
0.48424	0.78451
0.80265	0.82896
0.38223	0.65214
0.73429	0.8288
0.54505	0.7583
0.75433	0.80907
0.54902	0.73246
0.49687	0.73401
0.4885	0.74704
0.74794	0.81342
0.48696	0.70287
0.40597	0.69147
0.39907	0.76779
0.42016	0.6943
0.43043	0.73645
0.39215	0.88023
0.6165	0.63798
0.44853	0.70141
0.51018	0.68713
0.55538	0.75089
0.48088	0.74569
0.55046	0.75642
0.71177	0.80284
0.55055	0.71645
0.45192	0.72622
0.72921	0.66326
0.46173	0.74989
0.61082	0.72522
0.45965	0.63231
0.4797	0.66254
0.59875	0.8043
0.53781	0.7325
0.38259	0.68567
0.48409	0.6468
0.77657	0.57121
0.5252	0.6536
0.43436	0.72329
0.50589	0.8128
0.67273	0.87453
0.5016	0.73544
0.45595	0.80314
0.74869	0.78913
0.43767	0.64096
0.66079	0.80553
0.71546	0.84348
0.49758	0.62099
0.66396	0.84548
0.51112	0.6877
0.38287	0.73751
0.79631	0.86361
0.4564	0.84719
0.2883	0.70563
0.88842	0.86407
0.6365	0.73847
0.48705	0.72901
0.74264	0.83974
0.60643	0.82013
0.60832	0.71887
0.48472	0.86034
0.71585	0.79911
0.50247	0.84194
0.41227	0.68263
0.67067	0.79007
0.42587	0.80132
0.51879	0.76069
0.40272	0.66136
0.66822	0.76237
0.59085	0.74176
0.77984	0.87379
0.62029	0.68872
0.64176	0.84774
0.57293	0.7537
0.75033	0.79621
0.4134	0.72463
0.65504	0.75734
0.6109	0.67502
0.62487	0.82166
0.83255	0.90245
0.26746	0.67413
0.4359	0.83059
0.69185	0.80663
0.78678	0.8416
0.39136	0.71078
0.42561	0.6642
0.21584	0.67534
0.67628	0.8717
0.6116	0.69433
0.80172	0.82567
0.69895	0.7697
0.45326	0.74846
0.46655	0.69041
0.54727	0.60974
0.64988	0.80072
0.44299	0.66134
0.68067	0.87116
0.80406	0.84525
0.50456	0.7181
0.61683	0.74821
0.77181	0.75915
0.4453	0.64761
0.46466	0.73162
0.52177	0.72553
0.52844	0.65473
0.55555	0.77967
0.35901	0.71867
0.43398	0.67633
0.63865	0.75408
0.75993	0.86613
0.57931	0.7662
0.63143	0.71169
0.26574	0.59783
0.57023	0.74767
0.55074	0.8461
0.83266	0.8842
0.69775	0.79726
0.63186	0.83623
0.4299	0.80896
0.34297	0.66272
0.41716	0.72438
0.41859	0.7864
0.66467	0.64338
0.59731	0.72217
0.53877	0.73189
0.53476	0.79139
0.45677	0.66802
0.63119	0.72532
0.44616	0.83706
0.52684	0.75838
0.62164	0.71727
0.4929	0.83436
0.29121	0.79156
0.3939	0.70704
0.48271	0.68577
0.10623	0.51389
0.62926	0.79242
0.48065	0.81166
0.43734	0.72903
0.84038	0.8414
0.5223	0.81396
0.82388	0.84665
0.57357	0.72936
0.72657	0.70758
0.49699	0.68879
0.80605	0.62957
0.43845	0.82825
0.83761	0.86418
0.55566	0.75835
0.77518	0.86193
0.63569	0.73073
0.57877	0.74471
0.42959	0.88968
0.58933	0.83456
0.37828	0.77312
0.70271	0.77731
0.88473	0.72862
0.60559	0.68908
0.4118	0.70416
0.59719	0.73839
0.72319	0.79682
0.47034	0.78147
0.71035	0.71344
0.55421	0.85669
0.64465	0.78253
0.76951	0.75585
0.70719	0.81266
0.83011	0.88644
0.51975	0.79897
0.50008	0.81331
0.65523	0.75823
0.80748	0.80242
0.73592	0.80212
0.68997	0.82637
0.43212	0.63508
0.41735	0.69219
0.67714	0.85694
0.60135	0.74954
0.47507	0.65972
0.73587	0.77663
0.80763	0.72406
0.84067	0.68929
0.37304	0.83543
0.52304	0.78338
0.74093	0.81645
0.56	0.8029
0.46766	0.74451
0.36154	0.70683
0.69999	0.82484
0.52088	0.49805
0.72184	0.82672
0.60112	0.77003
0.6242	0.73338
0.64484	0.77644
0.72068	0.8446
0.29633	0.63548
0.56802	0.7323
0.69319	0.77963
0.49623	0.80458
0.34828	0.68575
0.42165	0.77939
0.67714	0.83373
0.45245	0.79462
0.58235	0.73579
0.52459	0.72809
0.63108	0.74513
0.55247	0.82668
0.55084	0.62568
0.52484	0.70753
0.49558	0.76521
0.7915	0.90505
0.68008	0.87169
0.56205	0.76939
0.70207	0.77148
0.38364	0.69674
0.48499	0.65905
0.58978	0.81007
0.08287	0.6319
0.43639	0.87876
0.3297	0.7433
0.57291	0.64546
0.36661	0.70561
0.51347	0.67472
0.56894	0.78022
0.48853	0.66663
0.57067	0.83789
0.52075	0.65025
0.426	0.68038
0.67024	0.79073
0.74441	0.86847
0.49556	0.65011
0.50508	0.86287
0.48497	0.73886
0.6298	0.80062
0.38951	0.68107
0.384	0.78337
0.70805	0.89451
0.54251	0.7565
0.58148	0.72694
0.66132	0.81362
0.42647	0.72045
0.60108	0.82046
0.47949	0.78159
0.4347	0.80022
0.68494	0.73569
0.61017	0.81906
0.617	0.7337
0.87563	0.8705
0.49633	0.69732
0.49342	0.78893
0.55151	0.72995
0.51538	0.68223
0.32532	0.54719
0.68697	0.87703
0.40504	0.70253
0.40925	0.74138
0.75467	0.84789
0.52496	0.67129
0.72052	0.82329
0.87882	0.87086
0.81389	0.87657
0.50374	0.69893
0.78192	0.87051
0.53304	0.71387
0.25323	0.70928
0.82702	0.76006
0.52104	0.70775
0.61048	0.80427
0.47137	0.82799
0.45673	0.6934
0.4883	0.69271
0.67549	0.7732
0.52413	0.78402
0.62182	0.76874
0.59787	0.67907
0.64959	0.7644
0.77851	0.88223
0.61341	0.77821
0.67457	0.81116
0.40663	0.7934
0.47109	0.8217
0.63124	0.76357
0.28199	0.74457
0.82521	0.87456
0.53997	0.61961
0.76229	0.74202
0.4661	0.66254
0.77172	0.81217
0.37816	0.66647
0.60091	0.69473
0.44486	0.76287
0.65123	0.73444
0.73842	0.77037
0.53343	0.8369
0.59875	0.80088
0.44423	0.7884
0.64794	0.86137
0.6512	0.70309
0.47211	0.76092
0.42791	0.70908
0.36659	0.68307
0.73955	0.80892
0.63496	0.86556
0.40067	0.75741
0.70139	0.84477
0.62045	0.71683
0.6917	0.82228
0.50032	0.78002
0.66897	0.87262
0.70616	0.79061
0.57738	0.69139
0.40112	0.67549
0.6476	0.7471
0.35451	0.73956
0.77116	0.78626
0.91672	0.90997
0.47064	0.74934
0.46344	0.77792
0.66703	0.76408
0.48012	0.56791
0.74919	0.73538
0.48662	0.70876
0.56566	0.75496
0.46693	0.72789
0.60939	0.83465
0.42268	0.80354
0.40869	0.6566
0.48703	0.724
0.70117	0.76149
0.75715	0.79596
0.45136	0.72037
0.56985	0.68356
0.3477	0.72584
0.51793	0.8234
0.66267	0.81403
0.54751	0.68986
0.47031	0.73537
0.35625	0.78522
0.87664	0.68436
0.50475	0.79775
0.47794	0.74858
0.5043	0.73032
0.4713	0.76506
0.69412	0.74804
0.62225	0.86574
0.53744	0.73908
0.47421	0.72302
0.56858	0.74903
0.38833	0.71819
0.43868	0.72702
0.7811	0.84197
0.48107	0.7063
0.42097	0.75891
0.23503	0.59754
0.76629	0.78603
0.4801	0.6566
0.46339	0.71785
0.35137	0.80642
0.64385	0.75193
0.31001	0.63406
0.40956	0.75018
0.67496	0.80256
0.47459	0.71846
0.65654	0.72301
0.68966	0.57222
0.57724	0.67203
0.42831	0.72499
0.59376	0.7508
0.43634	0.81916
0.70163	0.82369
0.62125	0.80722
0.74983	0.78003
0.53388	0.74506
0.4339	0.71151
0.63085	0.82576
0.46489	0.71333
0.39251	0.66305
0.52449	0.77051
0.34887	0.65901
0.47286	0.7056
0.45937	0.60903
0.46991	0.67076
0.48286	0.6698
0.59219	0.45932
0.61922	0.71336
0.78886	0.91043
0.3571	0.60665
0.27239	0.56787
0.62069	0.75367
0.71873	0.73436
0.59307	0.68203
0.85983	0.79684
0.56655	0.74925
0.74156	0.83004
0.59917	0.77598
0.30729	0.73237
0.5813	0.7486
0.83444	0.59638
0.61306	0.84411
0.31623	0.66481
0.55039	0.83007
0.57542	0.89251
0.60442	0.7051
0.42492	0.68488
0.44152	0.70438
0.51489	0.76385
0.5809	0.6837
0.51201	0.74084
0.79088	0.88306
0.85268	0.91498
0.61818	0.78008
0.54914	0.87197
0.4856	0.64265
0.62392	0.72947
0.5252	0.75292
0.22293	0.61238
0.80324	0.89396
0.39742	0.74794
0.30329	0.56776
0.70829	0.87576
0.4999	0.73201
0.84395	0.90929
0.86076	0.8995
0.56115	0.61913
0.42177	0.73558
0.57282	0.64464
0.61782	0.63933
0.81605	0.87748
0.50669	0.62176
0.47431	0.75672
0.43724	0.74825
0.57508	0.72228
0.33759	0.7648
0.85659	0.90086
0.834	0.88216
0.51336	0.80822
0.74263	0.80683
0.67742	0.84135
0.70122	0.85447
0.39219	0.71238
0.84678	0.85396
0.42625	0.70913
0.58564	0.73322
0.37338	0.64215
0.53257	0.83221
0.57073	0.73329
0.41745	0.58344
0.78213	0.86475
0.43639	0.71076
0.52661	0.71776
0.56157	0.68652
0.47657	0.70567
0.71486	0.74689
0.48956	0.68331
0.44105	0.76975
0.7195	0.8389
0.44585	0.73473
0.48214	0.75946
0.63111	0.76012
0.62345	0.85536
0.57979	0.80533
0.43588	0.68303
0.67389	0.86683
0.27002	0.4437
0.46801	0.74679
0.41938	0.76383
0.384	0.69273
0.77656	0.89886
0.85561	0.83959
0.52142	0.71765
0.40925	0.65706
0.64542	0.77925
0.70803	0.74258
0.66229	0.72046
0.66341	0.72959
0.68473	0.78209
0.42487	0.71662
0.78836	0.86572
0.76603	0.77258
0.53316	0.68988
0.5396	0.74677
0.50695	0.75619
0.66699	0.83977
0.69548	0.8559
0.40147	0.73836
0.37932	0.71694
0.55078	0.71165
0.49556	0.7828
0.83137	0.90138
0.5237	0.69235
0.36935	0.69484
0.58893	0.75774
0.54846	0.72799
0.46021	0.81062
0.61651	0.86649
