0.22066	0.56844
0.28986	0.65925
0.3489	0.66329
0.31258	0.64681
0.61945	0.68741
0.19744	0.7011
0.33749	0.68712
0.38099	0.61759
0.54665	0.63689
0.27774	0.58127
0.35859	0.65303
0.39401	0.62434
0.40722	0.84523
0.37492	0.68332
0.43645	0.68796
0.44178	0.64155
0.52437	0.76536
0.24244	0.64162
0.50636	0.73066
0.43472	0.66433
0.36359	0.75401
0.35061	0.70091
0.33266	0.63731
0.42399	0.63428
0.46834	0.78569
0.49746	0.70814
0.39365	0.74783
0.37198	0.7449
0.37377	0.73796
0.25415	0.76293
0.36454	0.66877
0.43184	0.64187
0.54834	0.75817
0.44112	0.64216
0.33691	0.71249
0.36748	0.68224
0.32709	0.62571
0.37211	0.57301
0.46383	0.6854
0.37995	0.57084
0.38467	0.83161
0.25238	0.70095
0.44168	0.71427
0.42809	0.63086
0.44393	0.73796
0.43838	0.71513
0.44818	0.68548
0.43474	0.68588
0.70253	0.71669
0.35811	0.73634
0.33339	0.70019
0.53478	0.69857
0.38375	0.72317
0.35377	0.63548
0.44738	0.63725
0.4179	0.69816
0.55948	0.72776
0.37955	0.81173
0.2895	0.6142
0.40394	0.68482
0.60586	0.75503
0.41236	0.68384
0.5423	0.58657
0.48235	0.71859
0.4428	0.70058
0.37189	0.66117
0.57978	0.65972
0.35805	0.73967
0.39896	0.70763
0.47341	0.60282
0.40657	0.66714
0.36724	0.64611
0.42165	0.72368
0.3935	0.6478
0.34307	0.75332
0.43566	0.68761
0.34379	0.68172
0.51666	0.79516
0.37993	0.82052
0.52459	0.73037
0.42587	0.71303
0.34408	0.65734
0.38675	0.6337
0.4474	0.68178
0.41857	0.61305
0.47054	0.68591
0.32248	0.76329
0.45448	0.59529
0.49749	0.83567
0.56266	0.70516
0.28444	0.64017
0.21233	0.53872
0.46829	0.70947
0.39533	0.74665
0.42592	0.60647
0.37731	0.58449
0.31614	0.6461
0.48467	0.67678
0.33506	0.69022
0.3118	0.62282
0.5029	0.72928
0.37224	0.69425
0.44866	0.69045
0.43541	0.65777
0.35797	0.61619
0.38259	0.63194
0.4416	0.64697
0.41627	0.73941
0.39024	0.63756
0.30369	0.56779
0.54345	0.71186
0.36434	0.65583
0.28639	0.65152
0.47813	0.63279
0.4267	0.63936
0.31728	0.81601
0.32728	0.69516
0.23596	0.70965
0.48354	0.76153
0.46529	0.71931
0.48245	0.69232
0.37	0.63557
0.37795	0.81968
0.36739	0.5309
0.34088	0.75371
0.34759	0.65083
0.4493	0.69015
0.57514	0.66091
0.50711	0.75001
0.30279	0.745
0.30909	0.70378
0.28194	0.71918
0.40055	0.59086
0.43759	0.64586
0.44047	0.71547
0.3914	0.5927
0.5034	0.68965
0.40413	0.72075
0.39815	0.74034
0.31488	0.72918
0.37494	0.61556
0.4823	0.75705
0.32649	0.6682
0.5547	0.66876
0.44928	0.73075
0.31506	0.77975
0.40517	0.65176
0.37118	0.75563
0.48893	0.73878
0.8134	0.63144
0.37967	0.70238
0.38252	0.66115
0.40096	0.63005
0.51323	0.51497
0.32522	0.75422
0.52656	0.70293
0.49403	0.70529
0.46201	0.70511
0.41223	0.87371
0.34909	0.66708
0.39414	0.61455
0.39193	0.69437
0.45886	0.78586
0.45504	0.69029
0.32028	0.73127
0.45574	0.64337
0.33139	0.61883
0.4105	0.5762
0.37206	0.70387
0.4169	0.67841
0.21251	0.58096
0.43236	0.64044
0.49089	0.71417
0.22282	0.54468
0.31531	0.69695
0.33731	0.65714
0.52316	0.6015
0.39127	0.66048
0.4617	0.66429
0.3969	0.73563
0.314	0.58073
0.47457	0.68394
0.64953	0.68366
0.24236	0.60151
0.44448	0.72053
0.48578	0.63445
0.31055	0.67179
0.38647	0.60665
0.36687	0.75231
0.29889	0.7999
0.35415	0.60208
0.38229	0.7122
0.29886	0.60144
0.4679	0.85401
0.27602	0.63875
0.39925	0.70511
0.46336	0.67957
0.3617	0.72787
0.35841	0.70774
0.4997	0.62077
0.44233	0.63829
0.2002	0.70703
0.50454	0.65736
0.42045	0.58243
0.477	0.70168
0.43829	0.77722
0.51921	0.61443
0.40401	0.64419
0.3748	0.69224
0.4139	0.699
0.38313	0.66131
0.23372	0.77653
0.36015	0.71856
0.43182	0.68826
0.3914	0.57833
0.61425	0.68956
0.4528	0.63128
0.39046	0.65701
0.79831	0.75692
0.27718	0.7187
0.38751	0.69521
0.38876	0.56453
0.32823	0.73784
0.42468	0.69368
0.39988	0.54736
0.37346	0.64917
0.3813	0.7303
0.32652	0.68006
0.33922	0.67213
0.42669	0.83927
0.38211	0.70789
0.41952	0.74888
0.45117	0.67935
0.41974	0.73206
0.39696	0.77211
0.43383	0.74124
0.37223	0.60843
0.45936	0.64142
0.37627	0.65466
0.48439	0.63174
0.26497	0.73001
0.35561	0.75358
0.58765	0.73695
0.62119	0.71218
0.34619	0.77912
0.40473	0.70916
0.31862	0.67362
0.35395	0.79225
0.36971	0.60849
0.23574	0.49876
0.37471	0.69523
0.53181	0.63999
0.72037	0.76152
0.35193	0.75784
0.43891	0.63801
0.50449	0.68016
0.24161	0.578
0.51013	0.62729
0.37864	0.71659
0.47366	0.57866
0.40527	0.71017
0.47562	0.72504
0.41038	0.69555
0.4735	0.75444
0.29563	0.67325
0.39746	0.57966
0.4391	0.69231
0.46623	0.64948
0.4734	0.54259
0.41509	0.70634
0.35502	0.67001
0.38015	0.68258
0.36402	0.74203
0.3722	0.80134
0.43695	0.69748
0.4544	0.70329
0.47514	0.71695
0.36501	0.71827
0.51499	0.73679
0.43511	0.69658
0.48435	0.73387
0.44173	0.77137
0.38299	0.6891
0.53945	0.59791
0.33712	0.78877
0.35482	0.67046
0.2829	0.61754
0.40483	0.62736
0.39512	0.63316
0.26073	0.62883
0.53553	0.69922
0.41763	0.67826
0.3376	0.52473
0.5274	0.66415
0.38628	0.70123
0.43795	0.57616
0.37306	0.58606
0.41312	0.74539
0.50656	0.64356
0.44598	0.75077
0.43788	0.61097
0.38881	0.65552
0.43421	0.68259
0.18349	0.55244
0.23396	0.61509
0.39298	0.66809
0.44273	0.71285
0.41299	0.64156
0.43907	0.66704
0.65932	0.67231
0.45897	0.74392
0.49007	0.68003
0.47129	0.64289
0.27068	0.69199
0.45351	0.66106
0.32278	0.59035
0.29524	0.67517
0.20371	0.67018
0.4531	0.60159
0.38031	0.64252
0.21972	0.61895
0.42493	0.64442
0.30976	0.54337
0.37454	0.69178
0.46083	0.67689
0.33715	0.69587
0.58835	0.80562
0.48077	0.71753
0.38006	0.69408
0.4981	0.67845
0.40388	0.66864
0.29322	0.57365
0.40073	0.73147
0.40124	0.65796
0.39997	0.66331
0.3918	0.62187
0.43354	0.72908
0.33949	0.61221
0.38142	0.72329
0.43856	0.62082
0.36798	0.64069
0.36906	0.74353
0.39189	0.74997
0.36917	0.57484
0.45212	0.67416
0.4231	0.61825
0.36251	0.66362
0.41384	0.73531
0.6626	0.74652
0.38069	0.73052
0.26295	0.62237
0.32306	0.64337
0.38638	0.70467
0.43612	0.75972
0.32752	0.6782
0.47665	0.67895
0.41988	0.73782
0.42676	0.75734
0.4138	0.74928
0.37497	0.68454
0.49673	0.61667
0.24269	0.76776
0.38385	0.70773
0.46037	0.77348
0.26904	0.74771
0.40589	0.71733
0.35745	0.70388
0.23324	0.64983
0.49986	0.72925
0.42619	0.60363
0.43478	0.65627
0.54932	0.75821
0.42297	0.7419
0.27109	0.6342
0.44399	0.60264
0.34252	0.72207
0.40838	0.66323
0.39415	0.66356
0.42966	0.68093
0.27657	0.6198
0.46874	0.68489
0.38463	0.7561
0.36118	0.59234
0.36156	0.70363
0.44802	0.76385
0.43441	0.77867
0.29013	0.64634
0.43883	0.6739
0.33459	0.58641
0.50343	0.67596
0.44233	0.68129
0.32027	0.66807
0.30286	0.54191
0.41952	0.64178
0.29686	0.68241
0.3676	0.69603
0.34921	0.64332
0.47727	0.72083
0.68513	0.69262
0.28553	0.61673
0.3152	0.71228
0.50876	0.61809
0.38857	0.66056
0.3139	0.64571
0.31786	0.63188
0.35997	0.73058
0.29251	0.67571
0.36965	0.7028
0.50519	0.61712
0.5567	0.71423
0.4395	0.69963
0.40592	0.74434
0.38672	0.66377
0.38127	0.73257
0.44497	0.73003
0.43563	0.65667
0.25061	0.56072
0.39245	0.68115
0.46271	0.70416
0.21557	0.67668
0.37227	0.68624
0.56781	0.66784
0.41914	0.62829
0.40383	0.68563
0.4161	0.71346
0.47553	0.7466
0.4058	0.75535
0.30266	0.66756
0.36971	0.8026
0.2896	0.71258
0.41179	0.66824
0.43306	0.70247
0.35615	0.71383
0.30266	0.68567
0.38101	0.65699
0.40096	0.70054
0.43618	0.6482
0.39799	0.68107
0.37026	0.66595
0.41295	0.65318
0.40475	0.71044
0.24563	0.66549
0.41996	0.65536
0.30445	0.80017
0.21181	0.55957
0.1052	0.55331
0.34303	0.68749
0.45794	0.70642
0.4582	0.65256
0.62729	0.72842
0.46701	0.7335
0.37027	0.68253
0.49629	0.70991
0.40147	0.75483
0.35855	0.69538
0.49917	0.73309
0.48875	0.64979
0.49668	0.66423
0.44539	0.61411
0.478	0.64765
0.43772	0.81978
0.34242	0.63131
0.47512	0.64852
0.43645	0.70974
0.42617	0.72006
0.28092	0.64677
0.42174	0.7067
0.40577	0.69154
0.33634	0.6976
0.40398	0.73082
0.38799	0.67482
0.4025	0.69959
0.44836	0.79618
0.45136	0.63303
0.56663	0.73788
0.44159	0.73252
0.39967	0.68279
0.43314	0.71516
0.40144	0.65944
0.3823	0.76478
0.39727	0.6281
0.4349	0.63268
0.36192	0.67527
0.38996	0.53673
0.39266	0.62734
0.25982	0.65866
0.58012	0.63113
0.28603	0.64001
0.43915	0.60306
0.53339	0.64985
0.39194	0.75968
0.3836	0.66246
0.50066	0.68179
0.3667	0.78035
0.40969	0.67382
0.37857	0.67277
0.42951	0.54131
0.56037	0.69046
0.37748	0.69679
0.3637	0.68584
0.34839	0.8598
0.3773	0.71764
0.37569	0.67768
0.51164	0.70388
0.36422	0.64274
0.40234	0.6622
0.36147	0.67106
0.46698	0.65364
0.36957	0.67401
0.41257	0.77004
0.34468	0.7646
0.35868	0.71146
0.33148	0.67973
0.35405	0.71593
0.34426	0.66307
0.37976	0.58511
0.36079	0.64454
0.49629	0.67999
0.42411	0.66591
0.33275	0.69535
0.44298	0.77372
0.5096	0.66962
0.39616	0.59964
0.38805	0.72444
0.3231	0.68367
0.43321	0.74765
0.41106	0.76443
0.51309	0.71495
0.4687	0.7595
0.45256	0.70432
0.36681	0.76604
0.42505	0.72804
0.39379	0.7086
0.45699	0.68645
0.47875	0.71695
0.34927	0.74796
0.43452	0.77807
0.36644	0.69901
0.34388	0.77263
0.44909	0.71952
0.16302	0.63003
0.36191	0.68751
0.37121	0.59924
0.35626	0.69322
0.28085	0.63447
0.48562	0.72508
0.55687	0.70651
0.51021	0.67482
0.28673	0.73371
0.39909	0.67727
0.5808	0.60848
0.50565	0.72687
0.38049	0.71167
0.29518	0.64995
0.45644	0.71514
0.43099	0.68229
0.54075	0.65349
0.57477	0.66616
0.42802	0.71588
0.4051	0.6283
0.35076	0.72438
0.37728	0.64084
0.44584	0.74243
0.36071	0.67713
0.31555	0.53086
0.39955	0.634
0.41377	0.77836
0.23425	0.54504
0.32388	0.68072
0.58089	0.7065
0.36662	0.58412
0.43594	0.71404
0.34461	0.57417
0.3954	0.62263
0.46883	0.70513
0.62781	0.64626
0.4494	0.71637
0.30574	0.64889
0.32797	0.59469
0.46558	0.69388
0.46246	0.63363
0.53672	0.66897
0.49229	0.6595
0.45661	0.68334
0.4862	0.65457
0.37564	0.78312
0.47291	0.7164
0.31629	0.63334
0.52712	0.69089
0.17513	0.67577
0.28424	0.67704
0.82776	0.70294
0.48537	0.82537
0.08843	0.55338
0.37753	0.74934
0.31644	0.68993
0.44924	0.71671
0.53814	0.69638
0.37653	0.78936
0.41866	0.78216
0.41108	0.72691
0.26506	0.65218
0.34396	0.72467
0.36334	0.65462
0.35341	0.60168
0.39952	0.82203
0.30916	0.67218
0.31984	0.73317
0.42481	0.70826
0.35517	0.6801
0.34336	0.71067
0.48477	0.56451
0.39155	0.66844
0.50517	0.73454
0.54284	0.73527
0.29368	0.63727
0.47561	0.51287
0.34744	0.64054
0.38701	0.67977
0.38029	0.6306
0.39428	0.6741
0.36194	0.65347
0.38554	0.74478
0.10559	0.50045
0.38981	0.71802
0.29018	0.67327
0.37824	0.69403
0.41827	0.72208
0.44401	0.68266
0.35129	0.71239
0.38178	0.76556
0.27451	0.68029
0.43238	0.65907
0.34901	0.64161
0.3882	0.71515
0.48966	0.7823
0.32449	0.66276
0.43975	0.73864
0.3835	0.62425
0.34197	0.75272
0.44518	0.73553
0.4479	0.65454
0.33944	0.62147
0.4816	0.71501
0.41623	0.6073
0.37233	0.6823
0.41957	0.5716
0.58145	0.60994
0.42747	0.74978
0.3518	0.64525
0.41591	0.66176
0.49407	0.68587
0.43351	0.67656
0.16687	0.56798
0.44353	0.72011
0.3193	0.6843
0.41713	0.65646
0.37081	0.72689
0.50089	0.77087
0.36377	0.66482
0.28312	0.70224
0.38364	0.77076
0.36592	0.73001
0.46955	0.68591
0.47556	0.73206
0.49516	0.69076
0.3545	0.61444
0.59684	0.76904
0.43422	0.62621
0.42753	0.76357
0.34903	0.64151
0.37081	0.64941
0.2816	0.52935
0.42163	0.59097
0.41792	0.66627
0.32358	0.73782
0.39554	0.79194
0.35458	0.63992
0.57413	0.6955
0.33655	0.73157
0.41208	0.72147
0.42513	0.62942
0.35657	0.66488
0.35273	0.62426
0.47688	0.67627
0.36116	0.59839
0.52884	0.67258
0.38391	0.64981
0.47389	0.70941
0.41026	0.63125
0.4872	0.70134
0.46393	0.68511
0.36101	0.63295
0.404	0.65866
0.3274	0.69233
0.34232	0.72996
0.31546	0.63973
0.43642	0.70423
0.48347	0.81421
0.36061	0.57121
0.31858	0.64441
0.3582	0.68625
0.27327	0.70427
0.35466	0.6017
0.49599	0.82162
0.3959	0.66897
0.38721	0.77623
0.43047	0.6441
0.41902	0.67924
0.26591	0.63037
0.46322	0.75242
0.38592	0.56572
0.21624	0.69179
0.40623	0.56695
0.3827	0.68825
0.42753	0.59897
0.40945	0.6799
0.46079	0.66994
0.222	0.63177
0.31466	0.72847
0.42941	0.70595
0.3859	0.60423
0.35986	0.6558
0.53103	0.63051
0.43215	0.65534
0.37088	0.68908
0.24431	0.5074
0.3177	0.57545
0.38903	0.62309
0.36436	0.6411
0.48938	0.69237
0.46273	0.56976
0.31974	0.69265
0.44417	0.67707
0.43082	0.5105
0.19494	0.56221
0.63727	0.70493
0.51435	0.66321
0.26408	0.61919
0.38058	0.74246
0.43886	0.5515
0.41431	0.83826
0.43907	0.72075
0.38441	0.64789
0.26637	0.69813
0.33055	0.64327
0.60475	0.68992
0.44961	0.67314
0.44524	0.72439
0.4724	0.66934
0.35637	0.78681
0.36684	0.67851
0.5648	0.6935
0.34339	0.66557
0.48362	0.74401
0.45519	0.73938
0.47922	0.70342
0.57988	0.82484
0.22959	0.60513
0.37609	0.68391
0.52937	0.69197
0.4593	0.66476
0.31466	0.65052
0.38642	0.67698
0.27951	0.58038
0.48125	0.66154
0.38533	0.71046
0.37925	0.781
0.42137	0.6931
0.51085	0.63002
0.40824	0.70186
0.48414	0.76698
0.42336	0.7066
0.38708	0.72637
0.5523	0.81211
0.41623	0.7338
0.44621	0.6106
0.4438	0.59583
0.39094	0.76006
0.365	0.67915
0.41479	0.75045
0.45202	0.71056
0.18806	0.69168
0.35388	0.68569
0.34537	0.59191
0.38634	0.73407
0.3687	0.69813
0.46854	0.69366
0.39996	0.7264
0.34148	0.72635
0.49201	0.81754
0.41115	0.69961
0.56321	0.72307
0.46505	0.7942
0.42997	0.59705
0.43099	0.72906
0.45495	0.71686
0.3166	0.62436
0.3776	0.71392
0.41377	0.66976
0.42339	0.61402
0.45508	0.72386
0.54427	0.6761
0.26482	0.71627
0.44422	0.68503
0.46238	0.78904
0.33829	0.81038
0.43728	0.6843
0.363	0.68529
0.51166	0.68077
0.46794	0.75325
0.43599	0.6296
0.47137	0.73441
0.50013	0.74618
0.35847	0.71332
0.3659	0.73095
0.37913	0.71904
0.33724	0.69153
0.54274	0.70698
0.36541	0.7493
0.34729	0.62167
0.40093	0.74348
0.3577	0.56162
0.4715	0.6128
0.45412	0.63523
0.48663	0.79401
0.36595	0.66576
0.67146	0.64163
0.36217	0.68486
0.35573	0.64611
0.36527	0.67773
0.38545	0.74626
0.52206	0.70625
0.51057	0.69173
0.32959	0.72089
0.32212	0.59029
0.54614	0.64822
0.46385	0.68376
0.47579	0.6554
0.45238	0.69317
0.41371	0.63512
0.42911	0.64812
0.33033	0.7306
0.46898	0.72852
0.44645	0.75036
0.48947	0.65868
0.33909	0.59494
0.42982	0.63575
0.39306	0.6863
0.41759	0.65336
0.37953	0.70245
0.46408	0.71519
0.34743	0.68738
0.37424	0.72073
0.42216	0.69594
0.4087	0.74295
0.41233	0.72039
0.33625	0.87366
0.40012	0.69892
0.46011	0.71611
0.39402	0.64928
0.4032	0.69001
0.36482	0.6523
0.38763	0.62571
0.39901	0.64604
0.32007	0.69313
0.43948	0.70783
0.46006	0.65323
0.3908	0.70284
0.43712	0.71756
0.43239	0.64693
0.26005	0.55769
0.52781	0.66197
0.3649	0.56057
0.41326	0.65229
0.52535	0.61204
0.48466	0.62126
0.46526	0.65355
0.45998	0.73825
0.3672	0.62701
0.40866	0.50409
0.37155	0.68462
0.40343	0.66165
0.42817	0.6348
0.33586	0.69189
0.3375	0.54239
0.4613	0.66985
0.29755	0.66983
0.27361	0.61277
0.47732	0.80436
0.57736	0.6224
0.39228	0.60546
0.11388	0.68729
0.25535	0.60125
0.43164	0.538
0.30492	0.70338
0.42506	0.69922
0.48772	0.70114
0.57359	0.70821
0.40454	0.58778
0.42853	0.68993
0.39261	0.7301
0.29204	0.52822
0.47003	0.6531
0.49459	0.68809
0.49688	0.68919
0.4366	0.79501
0.33906	0.7303
0.40535	0.68406
0.4266	0.67645
0.4178	0.69293
0.37709	0.70037
0.40146	0.60904
0.40333	0.60586
0.38391	0.76364
0.52391	0.63458
0.48338	0.78978
0.70237	0.66103
0.70279	0.78727
0.40945	0.67868
0.48253	0.72195
0.44374	0.69784
0.32733	0.69906
0.44075	0.63663
0.41621	0.59526
0.35392	0.574
0.40037	0.54029
0.38698	0.65728
0.34614	0.65127
0.47795	0.80879
0.49874	0.70173
0.38104	0.69922
0.40758	0.74714
0.43207	0.68881
0.48041	0.75136
0.759	0.69583
0.45304	0.65975
0.43178	0.71472
0.33999	0.67379
0.44832	0.60238
0.52988	0.65372
0.482	0.7664
0.40567	0.7023
0.43348	0.72495
0.43106	0.61304
0.34753	0.65526
0.42988	0.68961
0.30061	0.60164
0.34585	0.63023
0.46474	0.69053
0.48674	0.72132
0.48491	0.61531
0.41037	0.62468
0.31901	0.61677
0.39658	0.65637
0.40779	0.69207
0.36412	0.66431
0.3814	0.64622
0.37308	0.66274
0.41978	0.57377
0.40707	0.66834
0.53452	0.71685
0.46195	0.6943
0.27968	0.70921
0.43409	0.78663
0.46402	0.62287
0.47039	0.63525
0.62605	0.69884
0.3748	0.61944
0.45092	0.71389
0.46806	0.67682
0.32593	0.68024
0.2311	0.76542
0.42281	0.72536
0.18285	0.57309
0.42525	0.61982
0.32353	0.73036
0.35921	0.7666
0.33874	0.65656
0.52136	0.63227
0.4931	0.59702
0.36263	0.56135
0.43314	0.77889
0.44866	0.6629
0.40736	0.69902
0.44371	0.82195
0.37303	0.62027
0.44049	0.74617
0.37753	0.6318
0.41067	0.68593
0.41226	0.73173
0.56633	0.67341
0.40159	0.66073
0.3664	0.62204
0.43703	0.68005
0.35769	0.71903
0.44422	0.6623
0.41662	0.71483
0.35878	0.70273
0.27126	0.68886
0.44775	0.61698
0.23696	0.71746
0.32427	0.68867
0.36938	0.66647
0.42115	0.67378
0.34304	0.68487
0.45725	0.66629
0.33357	0.5449
0.37386	0.76372
0.40795	0.69612
0.475	0.64378
0.44837	0.60462
0.36414	0.71157
0.33565	0.72534
0.47055	0.59686
0.38467	0.719
0.39313	0.6244
0.32195	0.75175
0.39353	0.70139
0.24717	0.64303
0.42198	0.75953
0.37587	0.7102
0.36672	0.69222
0.57013	0.6359
0.5702	0.74003
0.39595	0.64337
0.41815	0.63485
0.37745	0.69754
0.37208	0.72119
0.29981	0.58265
0.38701	0.63869
0.41724	0.70601
0.41594	0.80039
0.42946	0.69239
0.15206	0.50374
0.37227	0.60242
0.09312	0.56568
0.40233	0.67529
0.48877	0.60114
0.44548	0.62339
0.27875	0.6325
0.38532	0.65002
0.41666	0.70961
0.29236	0.73088
0.22641	0.71751
0.43797	0.68169
0.42923	0.61467
0.43627	0.61647
0.4477	0.5881
0.51701	0.57775
0.31527	0.69461
0.2957	0.65745
0.59522	0.62255
0.49327	0.72227
0.51022	0.71421
0.30103	0.79091
0.36985	0.60644
0.32048	0.74963
0.49799	0.77284
0.44763	0.71661
0.3847	0.7434
0.3593	0.61444
0.4603	0.67618
0.39774	0.64787
0.65291	0.71293
0.39231	0.57303
0.35079	0.70309
0.4642	0.69697
0.32866	0.66409
0.37874	0.72953
0.4874	0.67324
0.41107	0.71855
0.43916	0.68113
0.39973	0.62475
0.46344	0.6166
0.38336	0.6521
0.41598	0.70067
0.38105	0.70903
0.41816	0.69747
0.46457	0.64411
0.37732	0.66192
0.39275	0.74577
0.40153	0.78714
0.40997	0.67425
0.3428	0.80445
0.30859	0.67711
0.21305	0.60056
0.35301	0.81688
0.38314	0.63736
0.40126	0.69876
0.38061	0.69156
0.38334	0.58054
0.45454	0.77397
0.28779	0.74127
0.40168	0.71671
0.42911	0.70125
0.28342	0.54377
0.38521	0.77186
0.45573	0.69914
0.30197	0.69291
0.35921	0.73813
0.52948	0.72603
0.48734	0.71971
0.63409	0.74937
0.36115	0.67177
0.1749	0.61738
0.37072	0.62788
0.49377	0.75043
0.43977	0.63
0.3788	0.67566
0.33886	0.65031
0.44395	0.77355
0.39159	0.7514
0.4758	0.68093
0.5133	0.64383
0.49448	0.68445
0.34891	0.65954
0.25895	0.69363
0.30581	0.67624
0.42217	0.66845
0.33219	0.6279
0.71571	0.65226
0.38684	0.6969
0.37759	0.64867
0.38709	0.67544
0.41683	0.61266
0.25335	0.65929
0.41628	0.62879
0.26425	0.71228
0.42132	0.6804
0.48268	0.68771
0.24989	0.71395
0.44006	0.60661
0.51304	0.71208
0.23613	0.615
0.53969	0.61874
0.30694	0.67606
0.44148	0.71422
0.38403	0.6803
0.30806	0.76524
0.30712	0.63635
0.32454	0.54952
0.27721	0.77546
0.43338	0.70633
0.53227	0.69144
0.3103	0.60164
0.50724	0.65757
0.27447	0.60494
0.35738	0.77812
0.52956	0.72321
0.37174	0.67829
0.3943	0.78672
0.4646	0.69887
0.3531	0.62702
0.33009	0.67617
0.35635	0.76673
0.35477	0.74925
0.43136	0.73249
0.38168	0.57146
0.48742	0.68039
0.25709	0.70518
0.43984	0.65235
0.42694	0.63338
0.45556	0.60955
0.44798	0.69611
0.2319	0.56798
0.4775	0.6744
0.44406	0.79325
0.47946	0.7082
0.3403	0.61273
0.12248	0.60118
0.46241	0.64473
0.31827	0.62587
0.27981	0.62776
0.25746	0.63616
0.35298	0.69937
0.3504	0.62692
0.14605	0.48967
0.23931	0.68998
0.3793	0.72447
0.42622	0.64202
0.36509	0.72805
0.38358	0.71182
0.28491	0.66171
0.33112	0.56427
0.48187	0.64933
0.33675	0.67863
0.36368	0.6804
0.15437	0.52536
0.43332	0.72004
0.32803	0.66688
0.45745	0.82287
0.35674	0.61164
0.38248	0.62258
0.5028	0.73081
0.46045	0.68838
0.36516	0.70319
0.44599	0.67898
0.32377	0.58195
0.44125	0.6927
0.34135	0.72469
0.5736	0.67936
0.46865	0.72525
0.33365	0.69773
0.5064	0.71674
0.41288	0.81269
0.51599	0.72822
0.58872	0.70794
0.39494	0.61459
0.61154	0.70794
0.44083	0.69727
0.42934	0.74398
0.33283	0.69048
0.46684	0.68508
0.3967	0.70722
0.28957	0.79718
0.26503	0.69098
0.55945	0.70277
0.30723	0.77309
0.35724	0.66975
0.26993	0.68867
0.45245	0.67012
0.27912	0.69868
0.43964	0.67653
0.55201	0.61397
0.33873	0.84634
0.37848	0.67751
0.17791	0.52646
0.47109	0.74982
0.44949	0.71683
0.36043	0.62171
0.40986	0.71259
0.48169	0.70771
0.36997	0.78912
0.51518	0.74012
0.8014	0.68519
0.34213	0.68851
0.28093	0.56233
0.43127	0.71812
0.45796	0.67104
0.49977	0.70382
0.28453	0.66047
0.47021	0.69826
0.39705	0.77384
0.48297	0.69185
0.39099	0.65729
0.21219	0.66951
0.40843	0.5754
0.4412	0.69052
0.53158	0.67403
0.43174	0.65737
0.40554	0.81479
0.40991	0.67867
0.46081	0.8344
0.44747	0.78867
0.47285	0.616
0.37173	0.77396
0.47572	0.68971
0.399	0.65481
0.41879	0.64826
0.45396	0.72767
0.57645	0.71163
0.53011	0.65319
0.30322	0.60427
0.34615	0.47367
0.67371	0.77834
0.47768	0.7226
0.62462	0.78194
0.33659	0.67698
0.4307	0.70362
0.08505	0.58027
0.3994	0.80765
0.40563	0.66097
0.41426	0.70347
0.456	0.63672
0.44047	0.64532
0.40295	0.65563
0.42798	0.69339
0.41242	0.68262
0.27531	0.7586
0.3777	0.70874
0.41425	0.55245
0.38943	0.68748
0.30397	0.6919
0.22606	0.67412
0.38492	0.69219
0.45658	0.5711
0.32602	0.5485
0.5189	0.71534
0.3628	0.64165
0.35774	0.72687
0.35108	0.75685
0.40686	0.65059
0.41938	0.80337
0.28686	0.6723
0.36481	0.67829
0.30681	0.58765
0.45101	0.8128
0.57364	0.65543
0.44081	0.64525
0.63887	0.73195
0.38553	0.61271
0.38137	0.64447
0.33704	0.70029
0.4353	0.71411
0.3416	0.68138
0.32835	0.78155
0.47343	0.65931
0.34596	0.68231
0.37636	0.73091
0.43742	0.70191
0.41488	0.65332
0.37125	0.68775
0.37857	0.56181
0.40596	0.68809
0.3696	0.75816
0.27888	0.68475
0.41675	0.64185
0.39572	0.68084
0.31371	0.65903
0.49172	0.68595
0.32463	0.71633
0.49789	0.68898
0.47072	0.6837
0.63692	0.68177
0.51417	0.67009
0.48874	0.67162
0.45775	0.69988
0.49864	0.6524
0.46009	0.69921
0.42149	0.77691
0.42489	0.5891
0.43732	0.70595
0.49038	0.68442
0.40658	0.56459
0.48598	0.72096
0.45748	0.61869
0.47224	0.59005
0.3974	0.64144
0.32516	0.63107
0.42824	0.68237
0.38982	0.67253
0.45048	0.69637
0.41932	0.80986
0.38479	0.67317
0.51093	0.65751
0.50687	0.71413
0.24219	0.71885
0.20024	0.69782
0.34572	0.69971
0.37761	0.6543
0.41291	0.75047
0.28655	0.4655
0.27585	0.60147
0.44258	0.50978
0.49212	0.64417
0.25778	0.67693
0.39004	0.67443
0.52209	0.69118
0.42814	0.69989
0.3833	0.70836
0.18789	0.76132
0.36057	0.68378
0.45536	0.62593
0.56846	0.52774
0.25807	0.71551
0.48784	0.67077
0.40212	0.71688
0.41627	0.73788
0.31362	0.57058
0.34399	0.70212
0.46421	0.70842
0.40947	0.70968
0.46434	0.63071
0.37441	0.69423
0.44061	0.71262
0.40876	0.75012
0.31239	0.8087
0.35295	0.76157
0.30095	0.69311
0.39968	0.69342
0.44721	0.8117
0.40402	0.6488
0.1629	0.72881
0.36766	0.56326
0.38943	0.70265
0.38791	0.72063
0.3512	0.69054
0.30342	0.65279
0.38806	0.66858
0.38148	0.70822
0.3917	0.70712
0.1045	0.56964
0.32141	0.6042
0.44791	0.63267
0.27516	0.69861
0.4491	0.67367
0.31814	0.6682
0.3774	0.73895
0.39077	0.65053
0.30181	0.6779
0.34352	0.5852
0.31243	0.71152
0.356	0.64028
0.33197	0.65044
0.5114	0.71792
0.31496	0.54526
0.33755	0.65654
0.36804	0.71675
0.35488	0.53127
0.41256	0.72604
0.40608	0.7271
0.36428	0.69249
0.4374	0.67032
0.51582	0.7345
0.32736	0.70205
0.40745	0.69857
0.4216	0.71575
0.28844	0.6937
0.40605	0.63582
0.26116	0.58143
0.41201	0.70454
0.38451	0.66108
0.28534	0.5104
0.3564	0.71485
0.38324	0.68295
0.34217	0.7091
0.58782	0.71423
0.43094	0.66047
0.48707	0.75277
0.34297	0.65647
0.45537	0.7224
0.31289	0.66389
0.38818	0.629
0.41466	0.61122
0.21332	0.71092
0.40334	0.73902
0.46248	0.59296
0.34214	0.77331
0.48783	0.63005
0.2142	0.67025
0.39416	0.72102
0.46195	0.70591
0.40069	0.6702
0.06427	0.59126
0.36411	0.79942
0.47743	0.66501
0.40942	0.6714
0.35788	0.71802
0.52031	0.72495
0.43017	0.69547
0.57943	0.6767
0.3553	0.72378
0.36534	0.61491
0.32895	0.68208
0.38028	0.69666
0.36626	0.77254
0.3704	0.66485
0.53167	0.69366
0.38659	0.75931
0.27992	0.5791
0.43121	0.60406
0.42764	0.71324
0.42503	0.63259
0.39379	0.67679
0.36634	0.80659
0.34055	0.69964
0.43394	0.64015
0.53446	0.71341
0.34521	0.77304
0.26187	0.65887
0.58288	0.69577
0.51375	0.74488
0.43151	0.69953
0.4065	0.66139
0.43025	0.71392
0.53142	0.57354
0.52881	0.71155
0.47015	0.70192
0.38521	0.72081
0.24651	0.54774
0.32471	0.67426
0.40221	0.73449
0.36511	0.6489
0.33849	0.64505
0.44641	0.7696
0.46301	0.66242
0.40719	0.64345
0.38073	0.66371
0.41986	0.76057
0.49456	0.64285
0.35838	0.687
0.25973	0.621
0.2768	0.73641
0.38581	0.71558
0.4003	0.65069
0.1882	0.6677
0.30568	0.67742
0.48943	0.6436
0.40496	0.72677
0.64471	0.74087
0.39027	0.74855
0.36635	0.79984
0.47774	0.70223
0.35782	0.62863
0.40939	0.71894
0.45767	0.62072
0.40126	0.70948
0.34453	0.63082
0.4107	0.68118
0.45046	0.65191
0.37513	0.7093
0.45529	0.69493
0.42222	0.73518
0.52795	0.71488
0.32787	0.61823
0.29535	0.62001
0.30028	0.64431
0.40241	0.70182
0.38577	0.73655
0.27719	0.62254
0.22268	0.7553
0.39991	0.65646
0.46695	0.64292
0.3777	0.82632
0.30909	0.57761
0.50449	0.71377
0.39863	0.6354
0.36737	0.69208
0.39986	0.67122
0.46459	0.63684
0.31609	0.57786
0.37979	0.52873
0.42098	0.64733
0.51404	0.6843
0.56969	0.75892
0.31782	0.60212
0.38974	0.76827
0.17421	0.68748
0.34704	0.7188
0.49099	0.72026
0.48136	0.70341
0.43249	0.70694
0.42798	0.62751
0.51739	0.65685
0.33705	0.74542
0.24726	0.75485
0.42434	0.65613
0.45591	0.6946
0.33504	0.71609
0.42376	0.78066
0.35291	0.7542
0.38306	0.74007
0.49874	0.71695
0.40511	0.66134
0.47336	0.6456
0.31332	0.64957
0.32216	0.67617
0.5113	0.67358
0.30981	0.63026
0.39411	0.63183
0.4974	0.69997
0.37179	0.72829
0.40558	0.55853
0.3849	0.75864
0.44527	0.71015
0.49857	0.71129
0.33376	0.76764
0.31573	0.67831
0.55617	0.72915
0.45573	0.66165
0.1129	0.55015
0.42698	0.66171
0.50084	0.68221
0.45705	0.61703
0.58616	0.82937
0.48709	0.70767
0.49637	0.70712
0.43378	0.68395
0.30102	0.70596
0.2952	0.75481
0.10489	0.46563
0.69809	0.81684
0.3411	0.59575
0.44579	0.72612
0.35881	0.7452
0.73398	0.75745
0.4001	0.64062
0.49542	0.62686
0.36076	0.6584
0.36353	0.56626
0.42601	0.75084
0.39982	0.71284
0.46248	0.7483
0.34897	0.74857
0.48293	0.70477
0.59587	0.68601
0.41273	0.66498
0.40398	0.76221
0.38467	0.80393
0.56496	0.80902
0.44794	0.62086
0.37321	0.67433
0.37644	0.66761
0.32915	0.6342
0.41122	0.66823
0.35191	0.82751
0.45505	0.67919
0.3551	0.71749
0.54446	0.72714
0.43581	0.6332
0.51474	0.81855
0.37364	0.75496
0.40487	0.72929
0.41923	0.62806
0.43455	0.65005
0.27535	0.5869
0.49595	0.73065
0.43955	0.78662
0.46488	0.65808
0.31131	0.6978
0.29949	0.85313
0.56032	0.73814
0.33024	0.74269
0.45457	0.71061
0.28545	0.55951
0.58933	0.68988
0.20911	0.75625
0.5052	0.62629
0.36312	0.77237
0.47492	0.72372
0.23323	0.56208
0.48996	0.68463
0.4614	0.67941
0.37841	0.58751
0.44487	0.7224
0.44431	0.7221
0.31675	0.64861
0.27811	0.78105
0.4056	0.7265
0.36901	0.70237
0.46315	0.71359
0.46796	0.65817
0.24041	0.71207
0.42407	0.79579
0.46413	0.78071
0.47067	0.57731
0.30726	0.60034
0.47802	0.69655
0.29626	0.72103
0.40643	0.63219
0.50952	0.71648
0.41553	0.62387
0.31954	0.79033
0.49513	0.69569
0.40306	0.64029
0.40752	0.6122
0.42072	0.68913
0.30993	0.60353
0.37488	0.59735
0.51637	0.65897
0.41773	0.67016
0.57653	0.64042
0.38612	0.77584
0.25124	0.67756
0.37275	0.66447
0.43925	0.64601
0.33666	0.62703
0.37727	0.58844
0.5321	0.71259
0.53608	0.86478
0.71659	0.52384
0.38507	0.65643
0.49476	0.73544
0.40903	0.71128
0.53089	0.69453
0.18387	0.61551
0.28256	0.67488
0.38573	0.73237
0.33373	0.65764
0.47229	0.68706
0.42228	0.71981
0.40513	0.6345
0.48917	0.70617
0.47024	0.6447
0.41843	0.60055
0.30472	0.50043
0.34321	0.69132
0.46653	0.70996
0.30351	0.61589
0.47699	0.71148
0.43925	0.52826
0.36696	0.59227
0.37787	0.72784
0.42603	0.65642
0.43177	0.68492
0.52812	0.7399
0.46401	0.65483
0.46789	0.69773
0.37718	0.61574
0.35534	0.69016
0.59961	0.7275
0.30728	0.67201
0.29618	0.64807
0.40428	0.6296
0.3855	0.67436
0.44533	0.67358
0.45298	0.71722
0.19367	0.58681
0.49876	0.54276
0.45549	0.6191
0.3468	0.66534
0.40962	0.63216
0.45784	0.71043
0.46787	0.67322
0.39224	0.58031
0.34134	0.51607
0.39997	0.69817
0.33881	0.73951
0.40142	0.68067
0.45823	0.71528
0.34777	0.73748
0.58096	0.85365
0.41683	0.63427
0.35962	0.70185
0.34692	0.64355
0.16809	0.62848
0.37198	0.68078
0.35791	0.62066
0.4592	0.72079
0.24873	0.57106
0.47639	0.67996
0.47361	0.65202
0.349	0.73022
0.49546	0.615
0.4706	0.72003
0.46421	0.74313
0.39318	0.6989
0.3538	0.64543
0.41754	0.66853
0.23486	0.5918
0.346	0.632
0.36494	0.59211
0.25322	0.6983
0.32546	0.56989
0.34519	0.5796
0.40912	0.77602
0.37902	0.68652
0.5032	0.58662
0.39735	0.71691
0.24619	0.52884
0.50577	0.66924
0.28593	0.63906
0.36562	0.7309
0.40133	0.63965
0.51897	0.67097
0.78984	0.67174
0.25183	0.73622
0.4485	0.70277
0.44332	0.74829
0.45918	0.70292
0.15838	0.6594
0.38292	0.62076
0.22913	0.54125
0.23375	0.71086
0.3294	0.66029
0.50717	0.70145
0.40527	0.70315
0.39349	0.68919
0.49271	0.63931
0.55325	0.75728
0.35382	0.74923
0.44957	0.66152
